0.00
362.05
364.91
302.56
350.05
363.23
264.39
186.53
166.40
166.40
144.70
144.70
144.70
19.34
19.34
19.34
19.34
19.34
19.34
19.34
19.34
25.92
25.92
25.92
25.92
25.92
25.92
25.92
25.92
25.92
25.92
25.92
25.92
25.92
25.92
25.92
14.10
14.10
14.10
14.10
14.10
14.10
14.10
14.10
13.41
13.41
13.41
13.41
13.41
13.41
13.41
13.41
13.41
13.41
13.41
13.41
13.41
13.41
13.41
13.41
13.41
13.41
13.41
13.41
13.41
13.41
13.41
13.41
13.41
13.41
13.41
13.41
13.41
13.41
13.41
13.41
13.41
13.41
13.41
13.41
13.41
13.41
13.41
13.41
13.41
13.41
13.41
13.41
13.41
13.41
13.41
13.41
13.41
13.41
13.41
13.41
13.41
13.41
13.41
13.41
13.41
13.41
13.41
13.41
13.41
13.41
13.41
13.41
13.41
13.41
13.41
13.41
13.41
13.41
13.41
13.41
13.41
13.41
13.41
13.41
13.41
13.41
13.41
13.41
13.41
13.41
13.41
13.41
13.41
13.41
13.41
13.41
9.52
9.52
9.52
9.52
9.52
9.52
9.52
9.52
9.52
9.52
9.52
9.52
9.52
9.52
9.52
9.52
9.52
9.52
9.52
9.52
9.52
9.52
9.52
9.52
9.52
9.52
9.52
9.52
9.52
9.52
9.52
9.52
9.52
9.52
9.52
9.52
9.52
