0.00
342.29
437.94
441.88
397.07
225.77
196.18
110.70
122.41
93.93
93.93
93.93
75.97
75.97
75.97
19.75
19.75
9.83
9.83
9.83
9.83
25.32
75.97
25.32
25.32
25.32
28.55
28.55
28.55
28.55
28.55
28.55
28.55
28.55
28.55
28.55
28.55
28.55
28.55
28.55
28.55
28.55
28.55
28.55
28.55
28.55
28.55
28.55
28.55
28.55
28.55
28.55
28.55
28.55
28.55
28.55
28.55
28.55
28.55
28.55
28.55
28.55
28.55
28.55
28.55
28.55
28.55
28.55
28.55
28.55
28.55
28.55
28.55
28.55
28.55
28.55
28.55
28.55
28.55
28.55
28.55
28.55
28.55
28.55
28.55
28.55
28.55
28.55
28.55
28.55
28.55
28.55
28.55
28.55
28.55
28.55
28.55
28.55
28.55
28.55
28.55
28.55
28.55
28.55
28.55
28.55
28.55
28.55
28.55
28.55
28.55
28.55
28.55
28.55
28.55
28.55
28.55
28.55
28.55
10.34
10.34
10.34
10.34
10.34
10.34
10.34
10.34
10.34
10.34
10.34
10.34
10.34
10.34
10.34
10.34
10.34
10.34
10.34
10.34
10.34
10.34
10.34
10.34
10.34
10.34
9.08
9.08
9.08
9.08
9.08
9.08
9.08
9.08
9.08
9.08
9.08
9.08
9.08
9.08
9.08
9.08
9.08
9.08
9.08
9.08
9.08
9.08
