0.00
314.99
311.27
194.85
115.42
74.36
42.07
42.07
38.61
38.61
38.61
13.14
13.14
10.39
10.39
10.39
10.39
10.39
10.39
10.39
10.39
10.39
10.39
10.39
10.39
10.39
10.39
10.39
10.39
10.39
10.39
10.39
10.39
10.39
10.39
10.39
10.39
10.39
10.39
10.39
8.30
8.30
8.30
8.30
8.30
8.30
8.30
8.30
8.30
8.30
8.30
8.30
8.30
8.30
8.30
8.30
8.30
8.30
8.30
8.30
8.30
8.30
8.30
8.30
8.30
8.30
8.30
8.30
8.30
8.30
8.30
8.30
8.30
8.30
8.30
8.30
8.30
8.30
8.30
8.30
8.30
8.30
8.30
8.30
8.30
8.30
8.30
8.30
8.30
8.30
8.30
8.30
8.30
8.30
8.30
8.30
8.30
8.30
8.30
8.30
8.30
8.30
8.30
8.30
8.30
8.30
8.30
8.30
8.30
8.30
8.30
8.30
8.30
8.30
8.30
8.30
8.30
8.30
8.30
8.30
8.30
8.30
8.30
8.30
8.30
8.30
8.30
8.30
8.30
8.30
8.30
8.30
8.30
8.30
8.30
8.30
8.30
8.30
8.30
8.30
8.30
8.30
8.30
8.30
8.30
8.30
8.30
8.30
8.30
8.30
8.30
8.30
8.30
8.30
8.30
8.30
8.30
8.30
8.30
8.30
8.30
8.30
8.30
8.30
8.30
8.30
8.30
8.30
