345.58
345.58
323.89
139.79
128.93
19.49
19.49
25.04
25.04
25.04
25.04
28.83
28.83
28.83
28.83
28.83
28.83
27.80
27.80
27.80
27.80
28.10
28.10
28.10
28.10
28.10
28.10
28.10
28.10
28.10
28.10
28.10
28.10
28.10
28.10
28.10
28.10
28.10
28.10
28.10
28.10
28.10
28.10
28.10
28.10
28.10
28.10
28.10
28.10
28.10
28.10
28.10
28.10
28.10
28.10
28.10
28.10
28.10
28.10
28.10
28.10
28.10
28.10
28.10
28.10
28.10
28.10
28.10
28.10
28.10
28.10
28.10
28.10
28.10
28.10
28.10
28.10
28.10
28.10
28.10
28.10
28.10
28.10
28.10
28.10
28.10
28.10
28.10
28.10
28.10
28.10
28.10
28.10
28.10
28.10
28.10
28.10
28.10
28.10
28.10
28.10
28.10
28.10
28.10
28.10
28.10
28.10
28.10
28.10
28.10
28.10
28.10
28.10
28.10
28.10
28.10
28.10
28.10
28.10
28.10
28.10
28.10
28.10
28.10
28.10
28.10
28.10
28.10
28.10
28.10
28.10
28.10
28.10
28.10
28.10
28.10
28.10
28.10
28.10
28.10
28.10
28.10
28.10
28.10
28.10
28.10
28.10
28.10
28.10
28.10
28.10
28.10
28.10
28.10
28.10
28.10
28.11
28.11
28.11
28.11
28.11
28.11
28.11
28.11
28.11
28.11
28.11
28.11
28.11
