310.13
287.28
314.27
314.27
314.27
243.58
243.84
224.62
126.87
65.18
15.96
15.96
50.96
50.96
50.96
50.96
50.96
50.96
50.96
50.96
50.96
50.96
50.96
50.96
50.96
50.96
50.96
50.96
50.96
50.96
50.96
50.96
50.96
50.96
50.96
50.96
50.96
50.96
50.96
50.96
50.96
50.96
50.96
50.96
50.96
50.96
50.96
20.85
20.85
20.85
20.85
20.85
20.85
20.85
20.85
20.85
20.85
20.85
28.80
28.80
28.11
28.11
28.11
20.85
28.11
28.11
28.11
28.11
28.11
28.11
28.11
28.11
28.11
28.11
28.11
28.11
28.11
28.11
28.11
28.11
28.11
28.11
28.11
28.11
28.11
28.11
28.11
28.11
28.11
28.11
28.11
28.11
28.11
28.11
28.11
28.11
28.11
28.11
28.11
28.11
28.11
28.11
28.11
28.11
28.11
28.11
28.11
28.11
28.11
28.11
28.11
28.11
28.11
28.11
28.11
28.11
28.11
28.11
28.11
28.11
28.11
28.11
28.11
28.11
28.11
28.11
28.11
28.11
28.11
28.11
28.11
28.11
28.11
28.11
28.11
28.11
28.11
28.11
28.11
28.11
28.11
28.11
28.11
28.11
28.11
28.11
28.11
28.11
28.11
28.11
28.11
28.11
28.11
28.11
28.11
28.11
28.11
28.08
28.08
28.08
28.08
28.08
28.08
28.08
28.11
28.08
28.08
28.08
28.08
