294.65
313.42
150.89
138.54
107.05
118.64
60.57
64.52
64.52
58.55
58.55
58.55
58.55
25.02
19.97
19.97
19.97
28.09
28.09
28.09
28.09
28.09
28.09
28.09
28.09
28.09
28.09
28.09
28.09
28.09
28.09
28.09
28.09
28.09
28.09
28.09
28.09
28.09
28.09
28.09
28.09
28.09
28.09
28.09
28.09
28.09
28.09
28.09
28.09
28.09
28.09
28.09
28.09
28.09
28.09
28.09
28.09
28.09
9.06
9.06
9.06
9.06
9.06
9.06
9.06
9.06
9.06
9.06
9.06
9.06
9.06
9.06
9.06
9.06
9.06
9.06
9.06
9.06
9.06
9.06
9.06
9.06
9.06
9.06
9.06
9.06
9.06
10.22
10.22
10.22
10.22
10.22
10.22
10.22
10.22
10.22
10.22
10.22
10.22
10.22
10.22
10.22
10.22
10.22
10.22
10.22
10.22
10.22
10.22
10.22
10.22
10.22
10.22
10.22
10.22
10.22
10.22
10.22
10.22
10.22
10.22
10.22
10.22
10.22
10.22
10.22
10.22
10.22
10.22
10.22
10.22
10.22
10.22
10.22
10.22
10.22
10.22
10.22
10.22
10.22
10.22
10.22
10.22
10.22
10.22
10.22
10.22
10.22
10.22
10.22
10.22
10.22
10.22
10.22
10.22
10.22
10.22
10.22
10.22
10.22
10.22
10.22
10.22
10.22
10.22
10.22
10.22
10.22
