243.33
118.32
29.50
14.70
20.21
19.36
19.36
10.50
10.50
7.95
7.95
7.95
7.95
7.95
7.95
7.95
7.95
7.95
7.95
7.95
7.95
7.95
7.95
7.95
7.95
7.95
7.95
7.95
7.95
7.95
7.95
7.95
7.95
7.95
7.95
7.95
7.95
7.95
7.95
7.95
7.95
7.95
7.95
7.95
7.95
7.95
7.95
7.95
7.95
7.95
7.95
7.95
7.95
7.95
7.95
7.95
7.95
7.95
7.95
7.95
7.95
7.95
7.95
7.95
7.95
7.95
7.95
7.95
7.95
7.95
7.95
7.95
7.95
7.95
7.95
7.95
7.95
7.95
7.95
7.95
7.95
7.95
7.95
7.95
9.59
9.59
9.59
9.59
9.59
9.59
9.59
9.59
9.59
9.59
9.59
9.59
9.59
9.59
9.59
9.59
9.59
9.59
9.59
9.59
9.59
9.59
9.59
9.59
9.59
9.59
9.59
9.59
9.59
9.59
9.59
9.59
9.59
9.59
9.59
9.59
9.59
9.59
9.59
9.59
9.59
9.59
9.59
9.59
9.59
9.59
9.59
9.59
9.59
9.59
9.59
9.59
9.59
9.59
9.59
9.59
9.59
9.59
9.59
9.59
9.59
9.59
9.59
9.59
9.59
9.59
9.59
9.59
9.59
9.59
9.59
9.59
9.59
9.59
9.59
9.59
9.59
9.59
9.59
9.59
9.59
9.59
9.59
9.59
9.59
