-141760.27
-146070.94
-129333.71
-144590.20
-140233.47
-128425.12
-124725.41
-127443.66
-116070.23
-111268.98
-125267.43
-115206.77
-128064.20
-132830.61
-139464.49
-116898.02
-134889.38
-131659.03
-132941.78
-134462.12
-122472.49
-132823.03
-133007.62
-118109.38
-131284.47
-129278.12
-111494.83
-112407.28
-126304.27
-116379.06
-125324.53
-125582.33
-125383.02
-123033.95
-128660.90
-129851.57
-133392.91
-125125.94
-111844.38
-123736.35
-136269.99
-130688.75
-131299.83
-133086.47
-145009.25
-133138.10
-135084.66
-135199.38
-139281.34
-116463.29
-123776.44
-122476.82
-134595.34
-126975.41
-135635.93
-130535.38
-133199.32
-118444.02
-127393.89
-127245.49
-128466.12
-149825.09
-127185.30
-130204.05
-127451.58
-128357.99
-125942.94
-125372.98
-112173.23
-124867.23
-126676.90
-122556.58
-122129.88
-122707.13
-116737.92
-113045.30
-123538.46
-113585.51
-132091.10
-136420.27
-110668.56
-126950.20
-125820.27
-122505.98
-123622.38
-128640.07
-126741.45
-128607.81
-128160.69
-127105.48
-133203.55
-143119.53
-117787.96
-129132.15
-128367.02
-140319.60
-147491.17
-141135.00
-125196.80
-134468.34
-121785.02
-130226.39
-134637.22
-109803.11
-130017.09
-140241.50
-126791.27
-114384.29
-137371.07
-127476.82
-118954.95
-130091.90
-113226.98
-127152.16
-113553.45
-109810.13
-124714.82
-111682.06
-134669.20
-127321.09
-147467.00
-132896.48
-132347.83
-135610.81
