-91145.73
-84020.05
-84413.38
-84319.00
-81995.23
-86207.72
-77377.55
-79796.49
-75816.45
-76526.07
-74287.68
-75199.70
-76049.87
-80500.64
-84757.66
-83940.23
-75873.90
-83632.39
-84174.48
-83046.77
-77628.36
-83284.68
-81030.06
-82500.55
-75502.26
-80654.48
-77613.27
-72740.53
-79829.17
-77368.50
-79524.61
-74551.92
-74457.31
-76103.51
-79213.09
-79394.56
-86535.48
-77400.20
-77748.06
-80618.65
-71606.78
-80367.30
-87674.56
-71574.02
-80825.33
-80566.50
-74981.60
-72493.99
-70818.75
-80794.02
-85186.20
-73219.73
-83675.83
-80238.80
-89275.55
-71044.71
-71473.94
-77056.94
-75146.23
-80964.26
-71083.96
-75546.92
-77304.15
-70636.62
-84122.61
-75632.98
-90555.71
-87270.46
-68472.81
-83730.19
-80157.99
-74983.70
-79627.32
-83188.45
-78216.98
-77732.33
-78870.83
-68465.20
-77328.36
-75842.47
-84447.88
-91793.60
-80493.95
-82023.55
-80982.53
-80087.22
-87461.13
-75286.55
-78757.35
-77941.59
-80038.87
-68465.20
-77291.17
-70138.01
-67408.33
-69109.16
-79025.90
-74654.26
-75293.15
-67533.63
-75816.34
-75583.33
-83683.97
-67294.77
-74478.07
-71574.46
-76072.70
-74101.96
-71476.70
-70245.20
-88057.22
-78658.00
-68872.94
-85362.98
-76321.53
-67848.12
-77072.68
-76096.27
-76357.88
-77251.77
-77291.80
-67745.46
-75300.62
