-180005.04
-179804.37
-187528.29
-184531.82
-171384.49
-182913.89
-165047.80
-158911.97
-171152.05
-163846.60
-173853.24
-150671.40
-150010.97
-147416.50
-152787.63
-143748.09
-165736.71
-148983.29
-161903.69
-142748.55
-160075.61
-160119.00
-154033.89
-160711.84
-161198.02
-141664.90
-157781.78
-140956.03
-142768.98
-148135.08
-156423.41
-156794.25
-157320.12
-141443.33
-156704.16
-156902.69
-156175.62
-161140.40
-152668.65
-152099.10
-160201.56
-157645.82
-160060.84
-157047.58
-161422.86
-179141.55
-141494.73
-146233.84
-161520.77
-153308.62
-155432.66
-161811.14
-137597.82
-175097.87
-161432.25
-160722.12
-174842.76
-137065.08
-166247.97
-136264.78
-191134.38
-150454.59
-133681.70
-164341.90
-138921.99
-146859.22
-145917.59
-146809.09
-151787.69
-134019.53
-144066.38
-144057.84
-169958.60
-185883.11
-157797.41
-161070.72
-139303.92
-153916.97
-136437.80
-147855.12
-134571.82
-147292.41
-154070.04
-147574.89
-146684.91
-145236.91
-178839.82
-152561.48
-142392.07
-180983.17
-159682.80
-167751.33
-167660.73
-174155.31
-158738.44
-157363.36
-162221.03
-145896.80
-178545.83
-146753.80
-142392.07
-165825.03
-164542.11
-155363.99
-144565.88
-135712.68
-148929.72
-135699.55
-146266.77
-135712.68
-182750.41
-135712.68
-188122.75
-172742.64
-146172.63
-165590.66
-188903.25
-161396.39
-166653.95
-157837.66
-155598.50
-134171.12
-148719.39
-162414.87
