-136740.30
-133533.94
-132770.99
-135379.73
-137007.29
-132506.65
-109280.35
-113535.72
-108573.17
-109527.85
-108179.57
-106148.36
-113152.52
-114862.27
-119796.95
-120485.76
-105581.85
-119274.38
-119566.80
-119756.07
-116748.91
-123577.50
-122910.12
-105274.29
-120685.95
-118496.88
-118011.34
-118057.92
-117681.98
-118109.84
-118514.79
-118472.41
-106279.09
-108986.85
-116484.98
-116614.67
-116290.45
-115481.46
-101690.92
-111676.63
-109991.36
-117311.50
-125639.60
-117650.08
-123039.08
-110106.66
-102173.08
-111005.51
-122864.17
-101764.84
-117726.77
-126472.07
-118689.68
-118268.40
-117417.48
-117779.62
-130220.48
-136766.00
-122438.59
-117170.13
-108148.31
-102577.48
-109516.84
-112494.73
-122843.63
-116406.97
-115094.90
-102291.53
-116467.43
-114099.45
-111627.62
-113183.05
-118255.22
-122842.53
-116337.10
-118002.88
-118737.61
-118138.09
-120508.54
-117129.85
-118365.83
-110745.48
-115493.89
-103711.49
-111775.58
-127033.66
-114047.54
-118199.45
-117174.81
-117279.02
-107732.36
-126946.53
-112688.69
-125566.38
-118487.62
-138680.06
-109040.34
-121510.30
-100604.52
-111906.92
-100063.53
-131676.55
-134961.23
-103505.21
-105814.90
-119020.83
-115024.67
-109158.60
-115087.16
-117931.44
-100708.42
-106660.01
-99606.43
-111023.87
-127459.60
-114439.77
-106917.09
-108733.89
-116873.26
-111775.58
-116239.05
-126923.74
-109740.90
