-127200.22
-124364.33
-120243.00
-108292.16
-100813.04
-98805.23
-104153.22
-108072.62
-100763.96
-104540.37
-104391.43
-108071.02
-108109.74
-98374.28
-110390.34
-100566.49
-107528.12
-98741.86
-115683.60
-111490.77
-99776.92
-115242.46
-96697.95
-95232.34
-95279.17
-105031.13
-104911.18
-105449.28
-108976.45
-96708.69
-107996.89
-95287.29
-100193.01
-105371.69
-106880.30
-105511.60
-104814.71
-108836.60
-104764.81
-92685.67
-96294.79
-102984.01
-101528.03
-103706.23
-92496.68
-115033.01
-95358.93
-100560.73
-105324.61
-96402.68
-92536.19
-111827.51
-92554.09
-92496.68
-106980.38
-103621.54
-101947.78
-116747.62
-107859.67
-109316.04
-111871.50
-106767.85
-98316.30
-94453.25
-103639.02
-92210.80
-114481.42
-101731.95
-103101.12
-107002.55
-105475.11
-91389.73
-97751.37
-101127.82
-103273.89
-100162.93
-121842.86
-106335.03
-107033.61
-110416.84
-107591.52
-106431.84
-117297.86
-106882.61
-109733.95
-108542.31
-108091.16
-96320.46
-106037.45
-90942.63
-115180.52
-90284.59
-100551.83
-102097.37
-98154.81
-99994.28
-108414.78
-109469.56
-106273.20
-99430.21
-107749.38
-105612.53
-98410.18
-94716.45
-93903.14
-112662.62
-108368.91
-105115.59
-96368.54
-92887.69
-91280.46
-100630.81
-101835.53
-106653.10
-110425.80
-105800.25
-108391.33
-108288.83
-108396.80
-110808.05
-115050.52
-109665.45
-108539.50
