-112982.44
-113265.83
-109699.83
-112932.40
-106047.47
-102168.53
-95854.31
-97311.88
-97550.00
-99126.60
-89642.66
-101057.76
-93948.48
-99961.50
-98702.47
-89080.75
-90921.40
-89287.88
-95922.94
-88283.86
-97851.81
-87215.55
-96565.13
-87173.68
-95404.85
-90781.36
-98031.42
-98057.73
-97956.37
-98275.08
-98068.50
-97841.30
-98349.58
-94683.24
-86277.77
-101306.49
-97840.84
-95248.28
-92104.84
-98387.76
-83368.18
-96548.07
-83368.18
-93122.09
-98730.53
-92740.84
-96482.50
-95401.13
-83251.89
-92292.52
-95203.38
-86589.05
-91245.25
-94750.43
-90226.68
-93296.03
-92277.83
-100333.20
-96205.33
-82898.47
-88357.65
-101540.35
-104263.20
-99303.41
-103913.87
-83327.66
-94647.96
-83777.70
-90730.55
-92786.98
-83886.05
-89984.20
-97737.63
-93700.63
-83949.11
-93645.75
-96025.63
-90937.12
-90299.88
-91596.11
-93491.11
-83409.88
-98835.31
-83370.93
-86412.68
-90943.07
-98549.45
-92664.05
-83324.93
-96560.69
-96235.79
-86257.38
-93160.68
-86726.60
-88889.64
-91561.97
-81805.35
-94192.88
-93698.59
-93623.41
-104338.43
-81974.07
-92825.84
-94189.58
-97836.00
-99758.67
-82304.55
-94596.68
-93802.34
-94019.77
-105757.12
-93917.16
-97529.42
-97100.55
-87126.20
-82665.89
-102519.51
-93565.61
-99629.39
-90328.24
-89449.02
-94057.43
-96361.02
