-2061621.58 nan -2061621.58
-2087077.18 nan -2087077.18
-2107567.76 nan -2107567.76
-2089161.67 nan -2089161.67
-2115795.16 nan -2115795.16
-2058226.25 nan -2058226.25
-2094649.83 nan -2094649.83
-2012582.57 nan -2012582.57
-2038798.92 nan -2038798.92
-2039128.69 nan -2039128.69
-2081450.32 nan -2081450.32
-2086897.76 nan -2086897.76
-2103533.73 nan -2103533.73
-2081760.87 nan -2081760.87
-1999159.25 nan -1999159.25
-2023288.23 nan -2023288.23
-2003994.69 nan -2003994.69
-2090053.88 nan -2090053.88
-2087266.70 nan -2087266.70
-2006370.74 nan -2006370.74
-2078382.40 nan -2078382.40
-2032630.53 nan -2032630.53
-2069776.47 nan -2069776.47
-2118225.24 nan -2118225.24
-2015210.85 nan -2015210.85
-2037577.29 nan -2037577.29
-2052546.54 nan -2052546.54
-2017981.59 nan -2017981.59
-2092665.99 nan -2092665.99
-2022737.67 nan -2022737.67
-2124918.59 nan -2124918.59
-2080697.13 nan -2080697.13
-2068396.61 nan -2068396.61
-1954896.01 nan -1954896.01
-2084236.60 nan -2084236.60
-2072800.82 nan -2072800.82
-2058954.87 nan -2058954.87
-2062882.37 nan -2062882.37
-2009165.17 nan -2009165.17
-2121771.15 nan -2121771.15
-2028512.70 nan -2028512.70
-2085614.91 nan -2085614.91
-2068426.24 nan -2068426.24
-2097839.93 nan -2097839.93
-2083296.97 nan -2083296.97
-2083259.40 nan -2083259.40
-2030192.89 nan -2030192.89
-2062169.06 nan -2062169.06
-2030102.42 nan -2030102.42
-2046989.74 nan -2046989.74
-2062081.07 nan -2062081.07
-2006642.46 nan -2006642.46
-2081554.44 nan -2081554.44
-2032254.68 nan -2032254.68
-2043722.97 nan -2043722.97
-2062699.64 nan -2062699.64
-1935086.64 nan -1935086.64
-2067348.44 nan -2067348.44
-2106415.47 nan -2106415.47
-1935086.64 nan -1935086.64
-2045793.80 nan -2045793.80
-2074568.48 nan -2074568.48
-2075147.35 nan -2075147.35
-1935086.64 nan -1935086.64
-2164979.71 nan -2164979.71
-2115867.88 nan -2115867.88
-2119097.80 nan -2119097.80
-2057761.59 nan -2057761.59
-2077229.95 nan -2077229.95
-2065304.51 nan -2065304.51
-1935086.64 nan -1935086.64
-2157602.09 nan -2157602.09
-2098141.78 nan -2098141.78
-2094633.11 nan -2094633.11
-2093413.31 nan -2093413.31
-1991193.20 nan -1991193.20
-2108149.12 nan -2108149.12
-1971927.24 nan -1971927.24
-2019583.69 nan -2019583.69
-2055355.02 nan -2055355.02
-2041534.88 nan -2041534.88
-2082763.74 nan -2082763.74
-2041285.50 nan -2041285.50
-2081935.28 nan -2081935.28
-2066110.06 nan -2066110.06
-1935086.64 nan -1935086.64
-2139161.16 nan -2139161.16
-2059437.68 nan -2059437.68
-2065463.86 nan -2065463.86
-2047290.35 nan -2047290.35
-2043783.39 nan -2043783.39
-2048660.43 nan -2048660.43
-2138872.78 nan -2138872.78
-2039411.78 nan -2039411.78
-2013870.92 nan -2013870.92
-2033106.88 nan -2033106.88
-1990350.97 nan -1990350.97
-2058738.13 nan -2058738.13
-2039375.93 nan -2039375.93
-2034233.83 nan -2034233.83
-2116343.21 nan -2116343.21
-2054132.50 nan -2054132.50
-2078669.41 nan -2078669.41
-2020540.62 nan -2020540.62
-2030086.82 nan -2030086.82
-2101696.01 nan -2101696.01
-2098854.88 nan -2098854.88
-1952610.75 nan -1952610.75
-2088051.14 nan -2088051.14
-1893115.11 nan -1893115.11
-2144597.17 nan -2144597.17
-2071271.68 nan -2071271.68
-2086179.66 nan -2086179.66
-2123569.67 nan -2123569.67
-2036295.53 nan -2036295.53
-2060176.78 nan -2060176.78
-2043004.29 nan -2043004.29
-1893115.11 nan -1893115.11
-2017766.26 nan -2017766.26
-2120656.64 nan -2120656.64
-2011249.65 nan -2011249.65
-1988533.23 nan -1988533.23
-2036598.67 nan -2036598.67
-2024988.43 nan -2024988.43
-2060658.13 nan -2060658.13
-2034257.80 nan -2034257.80
-2026063.81 nan -2026063.81
-2112005.30 nan -2112005.30
-2037743.85 nan -2037743.85
-2051979.85 nan -2051979.85
-2110322.41 nan -2110322.41
-2122625.97 nan -2122625.97
-2027434.74 nan -2027434.74
-2064954.72 nan -2064954.72
-2043662.80 nan -2043662.80
-2077174.00 nan -2077174.00
-2075613.94 nan -2075613.94
-2078049.89 nan -2078049.89
-2080775.62 nan -2080775.62
-2091776.04 nan -2091776.04
-2028780.05 nan -2028780.05
-1987244.26 nan -1987244.26
-2129776.60 nan -2129776.60
-2068473.04 nan -2068473.04
-2066103.85 nan -2066103.85
-2110323.87 nan -2110323.87
-2093573.33 nan -2093573.33
-2094498.71 nan -2094498.71
-2045182.94 nan -2045182.94
-2085572.00 nan -2085572.00
-2029578.65 nan -2029578.65
-2017953.35 nan -2017953.35
-2000501.90 nan -2000501.90
-1995326.16 nan -1995326.16
-2104751.97 nan -2104751.97
-2164805.89 nan -2164805.89
-2086963.26 nan -2086963.26
-2138748.50 nan -2138748.50
-2061559.10 nan -2061559.10
-2030521.24 nan -2030521.24
-2096240.95 nan -2096240.95
-2101051.39 nan -2101051.39
-2084586.38 nan -2084586.38
-2021498.70 nan -2021498.70
-2130185.66 nan -2130185.66
-2098328.84 nan -2098328.84
-2036668.62 nan -2036668.62
-2066851.46 nan -2066851.46
-2072542.53 nan -2072542.53
-2064286.66 nan -2064286.66
-2048617.46 nan -2048617.46
-2002619.87 nan -2002619.87
-2122120.16 nan -2122120.16
-2089846.60 nan -2089846.60
-2084525.20 nan -2084525.20
-1998361.54 nan -1998361.54
-2043335.03 nan -2043335.03
-2107911.22 nan -2107911.22
-2123889.25 nan -2123889.25
-2036264.55 nan -2036264.55
-2078033.93 nan -2078033.93
-2142414.57 nan -2142414.57
