-1176907.65 nan -1176907.65
-1105909.68 nan -1105909.68
-1060648.70 nan -1060648.70
-1121363.03 nan -1121363.03
-1121741.48 nan -1121741.48
-1202945.37 nan -1202945.37
-1126792.38 nan -1126792.38
-1131030.70 nan -1131030.70
-1147211.75 nan -1147211.75
-1119660.84 nan -1119660.84
-1147507.40 nan -1147507.40
-1181338.94 nan -1181338.94
-1159833.06 nan -1159833.06
-1140696.05 nan -1140696.05
-1160274.35 nan -1160274.35
-1111326.62 nan -1111326.62
-1148008.93 nan -1148008.93
-1140203.81 nan -1140203.81
-1137422.27 nan -1137422.27
-1119275.23 nan -1119275.23
-1132345.18 nan -1132345.18
-1173174.00 nan -1173174.00
-1115777.16 nan -1115777.16
-1153127.22 nan -1153127.22
-1155025.20 nan -1155025.20
-1145241.48 nan -1145241.48
-1153669.97 nan -1153669.97
-1116625.81 nan -1116625.81
-1151918.21 nan -1151918.21
-1123410.74 nan -1123410.74
-1171387.65 nan -1171387.65
-1127623.92 nan -1127623.92
-1108982.18 nan -1108982.18
-1121428.66 nan -1121428.66
-1143304.30 nan -1143304.30
-1183918.35 nan -1183918.35
-1137143.10 nan -1137143.10
-1114958.87 nan -1114958.87
-1102925.81 nan -1102925.81
-1116864.48 nan -1116864.48
-1196394.45 nan -1196394.45
-1176736.51 nan -1176736.51
-1152998.64 nan -1152998.64
-1128487.91 nan -1128487.91
-1165492.32 nan -1165492.32
-1131386.03 nan -1131386.03
-1117311.79 nan -1117311.79
-1138205.78 nan -1138205.78
-1176104.21 nan -1176104.21
-1136915.44 nan -1136915.44
-1168158.40 nan -1168158.40
-1114838.55 nan -1114838.55
-1154895.38 nan -1154895.38
-1117735.43 nan -1117735.43
-1191555.80 nan -1191555.80
-1161805.49 nan -1161805.49
-1104660.45 nan -1104660.45
-1137902.02 nan -1137902.02
-1104798.57 nan -1104798.57
-1151255.80 nan -1151255.80
-1167367.93 nan -1167367.93
-1168203.52 nan -1168203.52
-1177351.51 nan -1177351.51
-1135822.74 nan -1135822.74
-1142328.41 nan -1142328.41
-1126210.63 nan -1126210.63
-1116204.92 nan -1116204.92
-1137138.31 nan -1137138.31
-1154029.71 nan -1154029.71
-1128504.07 nan -1128504.07
-1176765.68 nan -1176765.68
-1148348.91 nan -1148348.91
-1148533.10 nan -1148533.10
-1172686.77 nan -1172686.77
-1154945.07 nan -1154945.07
-1134790.73 nan -1134790.73
-1156481.91 nan -1156481.91
-1146705.47 nan -1146705.47
-1168812.20 nan -1168812.20
-1163643.60 nan -1163643.60
-1113478.78 nan -1113478.78
-1100984.86 nan -1100984.86
-1151948.83 nan -1151948.83
-1114598.98 nan -1114598.98
-1103574.88 nan -1103574.88
-1184615.36 nan -1184615.36
-1134369.43 nan -1134369.43
-1125704.15 nan -1125704.15
-1136125.92 nan -1136125.92
-1143824.99 nan -1143824.99
-1152472.59 nan -1152472.59
-1155660.87 nan -1155660.87
-1131791.09 nan -1131791.09
-1155781.19 nan -1155781.19
-1152721.07 nan -1152721.07
-1172393.13 nan -1172393.13
-1166516.94 nan -1166516.94
-1133486.89 nan -1133486.89
-1140373.28 nan -1140373.28
-1105326.88 nan -1105326.88
-1137975.87 nan -1137975.87
-1183050.93 nan -1183050.93
-1186443.77 nan -1186443.77
-1148108.80 nan -1148108.80
-1182221.77 nan -1182221.77
-1143960.33 nan -1143960.33
-1083466.41 nan -1083466.41
-1151101.24 nan -1151101.24
-1129782.90 nan -1129782.90
-1060648.70 nan -1060648.70
-1174976.14 nan -1174976.14
-1120169.75 nan -1120169.75
-1162520.99 nan -1162520.99
-1167699.85 nan -1167699.85
-1107044.62 nan -1107044.62
-1153656.45 nan -1153656.45
-1076094.85 nan -1076094.85
-1100049.51 nan -1100049.51
-1183064.44 nan -1183064.44
-1165589.58 nan -1165589.58
-1148022.13 nan -1148022.13
-1080723.33 nan -1080723.33
-1154832.99 nan -1154832.99
-1143935.79 nan -1143935.79
-1175812.92 nan -1175812.92
-1146550.74 nan -1146550.74
-1128294.13 nan -1128294.13
-1161904.46 nan -1161904.46
-1163841.89 nan -1163841.89
-1168567.66 nan -1168567.66
-1127836.50 nan -1127836.50
-1109298.65 nan -1109298.65
-1144854.97 nan -1144854.97
-1155413.14 nan -1155413.14
-1141662.44 nan -1141662.44
-1139633.12 nan -1139633.12
-1143942.72 nan -1143942.72
-1131007.81 nan -1131007.81
-1118429.91 nan -1118429.91
-1159180.26 nan -1159180.26
-1170092.84 nan -1170092.84
-1120094.54 nan -1120094.54
-1162605.00 nan -1162605.00
-1175191.48 nan -1175191.48
-1131081.33 nan -1131081.33
-1132236.53 nan -1132236.53
-1129628.79 nan -1129628.79
-1164357.69 nan -1164357.69
-1151869.11 nan -1151869.11
-1118748.53 nan -1118748.53
-1149065.87 nan -1149065.87
-1101757.03 nan -1101757.03
-1104446.01 nan -1104446.01
-1163114.55 nan -1163114.55
-1150790.86 nan -1150790.86
-1116762.03 nan -1116762.03
-1135484.98 nan -1135484.98
-1120966.83 nan -1120966.83
-1120104.42 nan -1120104.42
-1050106.61 nan -1050106.61
-1154326.16 nan -1154326.16
-1158378.05 nan -1158378.05
-1137815.19 nan -1137815.19
-1089236.92 nan -1089236.92
-1158225.04 nan -1158225.04
-1157784.43 nan -1157784.43
-1101099.83 nan -1101099.83
-1141809.06 nan -1141809.06
-1139428.35 nan -1139428.35
-1171141.09 nan -1171141.09
-1187365.15 nan -1187365.15
-1161913.71 nan -1161913.71
-1177206.62 nan -1177206.62
-1150658.33 nan -1150658.33
-1137074.58 nan -1137074.58
-1104930.86 nan -1104930.86
-1120138.34 nan -1120138.34
-1165971.11 nan -1165971.11
-1089391.54 nan -1089391.54
-1138464.96 nan -1138464.96
-1144876.13 nan -1144876.13
-1136261.58 nan -1136261.58
