-1709250.27 nan -1709250.27
-1616357.93 nan -1616357.93
-1724615.36 nan -1724615.36
-1680958.49 nan -1680958.49
-1645080.61 nan -1645080.61
-1699250.23 nan -1699250.23
-1742347.62 nan -1742347.62
-1703088.02 nan -1703088.02
-1655482.87 nan -1655482.87
-1741347.88 nan -1741347.88
-1644121.80 nan -1644121.80
-1736091.85 nan -1736091.85
-1699049.52 nan -1699049.52
-1691017.65 nan -1691017.65
-1657561.66 nan -1657561.66
-1743856.21 nan -1743856.21
-1690812.32 nan -1690812.32
-1678613.93 nan -1678613.93
-1734041.99 nan -1734041.99
-1639459.18 nan -1639459.18
-1741130.91 nan -1741130.91
-1736646.99 nan -1736646.99
-1705057.66 nan -1705057.66
-1689462.60 nan -1689462.60
-1660736.32 nan -1660736.32
-1707028.76 nan -1707028.76
-1747984.62 nan -1747984.62
-1676586.42 nan -1676586.42
-1681992.17 nan -1681992.17
-1740137.10 nan -1740137.10
-1707800.34 nan -1707800.34
-1730112.55 nan -1730112.55
-1774545.26 nan -1774545.26
-1764420.44 nan -1764420.44
-1651998.82 nan -1651998.82
-1726732.59 nan -1726732.59
-1730707.82 nan -1730707.82
-1663922.08 nan -1663922.08
-1702071.16 nan -1702071.16
-1725985.94 nan -1725985.94
-1772135.36 nan -1772135.36
-1663588.59 nan -1663588.59
-1668221.95 nan -1668221.95
-1696927.35 nan -1696927.35
-1607398.45 nan -1607398.45
-1728133.12 nan -1728133.12
-1663806.67 nan -1663806.67
-1693490.52 nan -1693490.52
-1713514.02 nan -1713514.02
-1713860.29 nan -1713860.29
-1756081.06 nan -1756081.06
-1642232.30 nan -1642232.30
-1681075.83 nan -1681075.83
-1670115.54 nan -1670115.54
-1710056.22 nan -1710056.22
-1753573.26 nan -1753573.26
-1689060.34 nan -1689060.34
-1723407.33 nan -1723407.33
-1657541.32 nan -1657541.32
-1686216.95 nan -1686216.95
-1757386.28 nan -1757386.28
-1699436.46 nan -1699436.46
-1684505.35 nan -1684505.35
-1745799.32 nan -1745799.32
-1651658.07 nan -1651658.07
-1635860.48 nan -1635860.48
-1672607.47 nan -1672607.47
-1731319.22 nan -1731319.22
-1699481.32 nan -1699481.32
-1709285.88 nan -1709285.88
-1704037.47 nan -1704037.47
-1705889.47 nan -1705889.47
-1748901.88 nan -1748901.88
-1748942.86 nan -1748942.86
-1738730.05 nan -1738730.05
-1695422.62 nan -1695422.62
-1743903.18 nan -1743903.18
-1759959.72 nan -1759959.72
-1704701.68 nan -1704701.68
-1690986.36 nan -1690986.36
-1694935.31 nan -1694935.31
-1700805.46 nan -1700805.46
-1676319.24 nan -1676319.24
-1690668.09 nan -1690668.09
-1690047.01 nan -1690047.01
-1764854.05 nan -1764854.05
-1669933.80 nan -1669933.80
-1739215.94 nan -1739215.94
-1716266.73 nan -1716266.73
-1667733.06 nan -1667733.06
-1724440.76 nan -1724440.76
-1674770.16 nan -1674770.16
-1667678.07 nan -1667678.07
-1745522.62 nan -1745522.62
-1721464.71 nan -1721464.71
-1644536.87 nan -1644536.87
-1682559.01 nan -1682559.01
-1721548.30 nan -1721548.30
-1721234.08 nan -1721234.08
-1713206.97 nan -1713206.97
-1674954.36 nan -1674954.36
-1735163.43 nan -1735163.43
-1699987.42 nan -1699987.42
-1726926.30 nan -1726926.30
-1798231.60 nan -1798231.60
-1702565.98 nan -1702565.98
-1689699.23 nan -1689699.23
-1710623.51 nan -1710623.51
-1699472.13 nan -1699472.13
-1642916.93 nan -1642916.93
-1655215.29 nan -1655215.29
-1709611.74 nan -1709611.74
-1707603.60 nan -1707603.60
-1718288.34 nan -1718288.34
-1631885.47 nan -1631885.47
-1683214.37 nan -1683214.37
-1676313.88 nan -1676313.88
-1720521.92 nan -1720521.92
-1726119.33 nan -1726119.33
-1680497.53 nan -1680497.53
-1695878.63 nan -1695878.63
-1766141.62 nan -1766141.62
-1688295.92 nan -1688295.92
-1720598.85 nan -1720598.85
-1683408.29 nan -1683408.29
-1664249.33 nan -1664249.33
-1662344.28 nan -1662344.28
-1637811.37 nan -1637811.37
-1678032.18 nan -1678032.18
-1713546.41 nan -1713546.41
-1676983.57 nan -1676983.57
-1625768.97 nan -1625768.97
-1687885.23 nan -1687885.23
-1711602.28 nan -1711602.28
-1706919.44 nan -1706919.44
-1754061.62 nan -1754061.62
-1684921.75 nan -1684921.75
-1731746.86 nan -1731746.86
-1768609.65 nan -1768609.65
-1663021.29 nan -1663021.29
-1650332.97 nan -1650332.97
-1666339.48 nan -1666339.48
-1727016.70 nan -1727016.70
-1657203.22 nan -1657203.22
-1673558.08 nan -1673558.08
-1714287.62 nan -1714287.62
-1702626.50 nan -1702626.50
-1699159.36 nan -1699159.36
-1684331.26 nan -1684331.26
-1691304.77 nan -1691304.77
-1696428.93 nan -1696428.93
-1669166.23 nan -1669166.23
-1677997.09 nan -1677997.09
-1679024.47 nan -1679024.47
-1683685.40 nan -1683685.40
-1661234.58 nan -1661234.58
-1732275.87 nan -1732275.87
-1696226.48 nan -1696226.48
-1715911.67 nan -1715911.67
-1676504.57 nan -1676504.57
-1756496.80 nan -1756496.80
-1745074.72 nan -1745074.72
-1664826.39 nan -1664826.39
-1669525.12 nan -1669525.12
-1678649.02 nan -1678649.02
-1690954.85 nan -1690954.85
-1740741.95 nan -1740741.95
-1705100.61 nan -1705100.61
-1617941.89 nan -1617941.89
-1680205.40 nan -1680205.40
-1721859.57 nan -1721859.57
-1700581.66 nan -1700581.66
-1637603.31 nan -1637603.31
-1707673.85 nan -1707673.85
-1724979.90 nan -1724979.90
-1693489.59 nan -1693489.59
-1646960.43 nan -1646960.43
-1717988.11 nan -1717988.11
-1746128.88 nan -1746128.88
-1690697.35 nan -1690697.35
-1692655.89 nan -1692655.89
-1667057.68 nan -1667057.68
