-1498008.46 nan -1498008.46
-1554246.85 nan -1554246.85
-1556570.09 nan -1556570.09
-1514476.97 nan -1514476.97
-1473322.91 nan -1473322.91
-1537329.52 nan -1537329.52
-1508934.43 nan -1508934.43
-1525187.34 nan -1525187.34
-1529188.45 nan -1529188.45
-1545736.74 nan -1545736.74
-1500087.64 nan -1500087.64
-1547125.87 nan -1547125.87
-1563054.97 nan -1563054.97
-1558200.40 nan -1558200.40
-1575760.20 nan -1575760.20
-1564262.64 nan -1564262.64
-1549647.30 nan -1549647.30
-1588446.77 nan -1588446.77
-1551108.28 nan -1551108.28
-1582856.68 nan -1582856.68
-1588145.69 nan -1588145.69
-1574800.00 nan -1574800.00
-1553899.32 nan -1553899.32
-1502529.10 nan -1502529.10
-1485313.04 nan -1485313.04
-1432513.35 nan -1432513.35
-1520039.01 nan -1520039.01
-1568984.54 nan -1568984.54
-1605705.22 nan -1605705.22
-1513741.98 nan -1513741.98
-1539864.68 nan -1539864.68
-1497373.13 nan -1497373.13
-1574568.63 nan -1574568.63
-1523708.01 nan -1523708.01
-1559580.20 nan -1559580.20
-1573060.44 nan -1573060.44
-1574916.55 nan -1574916.55
-1570870.22 nan -1570870.22
-1526011.73 nan -1526011.73
-1532288.09 nan -1532288.09
-1521323.29 nan -1521323.29
-1557093.49 nan -1557093.49
-1521449.83 nan -1521449.83
-1502741.50 nan -1502741.50
-1566824.48 nan -1566824.48
-1579376.84 nan -1579376.84
-1543251.50 nan -1543251.50
-1579447.92 nan -1579447.92
-1569402.89 nan -1569402.89
-1507863.35 nan -1507863.35
-1520719.25 nan -1520719.25
-1530005.94 nan -1530005.94
-1601192.12 nan -1601192.12
-1526852.48 nan -1526852.48
-1484451.98 nan -1484451.98
-1569407.65 nan -1569407.65
-1513382.32 nan -1513382.32
-1507610.18 nan -1507610.18
-1535675.98 nan -1535675.98
-1525217.10 nan -1525217.10
-1580196.94 nan -1580196.94
-1525900.72 nan -1525900.72
-1535658.77 nan -1535658.77
-1497779.89 nan -1497779.89
-1516440.43 nan -1516440.43
-1557754.23 nan -1557754.23
-1564780.57 nan -1564780.57
-1562997.59 nan -1562997.59
-1552804.66 nan -1552804.66
-1571983.94 nan -1571983.94
-1553716.39 nan -1553716.39
-1530893.01 nan -1530893.01
-1487786.52 nan -1487786.52
-1524703.45 nan -1524703.45
-1523632.90 nan -1523632.90
-1521574.59 nan -1521574.59
-1487713.65 nan -1487713.65
-1510761.72 nan -1510761.72
-1553904.34 nan -1553904.34
-1561462.38 nan -1561462.38
-1469951.13 nan -1469951.13
-1508442.98 nan -1508442.98
-1489166.93 nan -1489166.93
-1597961.32 nan -1597961.32
-1535020.70 nan -1535020.70
-1590843.48 nan -1590843.48
-1481308.72 nan -1481308.72
-1489344.55 nan -1489344.55
-1591181.34 nan -1591181.34
-1557311.16 nan -1557311.16
-1551771.30 nan -1551771.30
-1570837.11 nan -1570837.11
-1528148.30 nan -1528148.30
-1584858.50 nan -1584858.50
-1548850.43 nan -1548850.43
-1531573.08 nan -1531573.08
-1545814.69 nan -1545814.69
-1488593.40 nan -1488593.40
-1562878.90 nan -1562878.90
-1582831.89 nan -1582831.89
-1523549.02 nan -1523549.02
-1611727.51 nan -1611727.51
-1493107.70 nan -1493107.70
-1498183.81 nan -1498183.81
-1531753.95 nan -1531753.95
-1542942.43 nan -1542942.43
-1544987.91 nan -1544987.91
-1428755.70 nan -1428755.70
-1572670.08 nan -1572670.08
-1511476.88 nan -1511476.88
-1538317.27 nan -1538317.27
-1513713.24 nan -1513713.24
-1507629.20 nan -1507629.20
-1515645.29 nan -1515645.29
-1510803.01 nan -1510803.01
-1543708.15 nan -1543708.15
-1554854.95 nan -1554854.95
-1519145.28 nan -1519145.28
-1540375.53 nan -1540375.53
-1606125.91 nan -1606125.91
-1556001.25 nan -1556001.25
-1542287.91 nan -1542287.91
-1528025.92 nan -1528025.92
-1477486.92 nan -1477486.92
-1526325.75 nan -1526325.75
-1534114.61 nan -1534114.61
-1560142.43 nan -1560142.43
-1525832.19 nan -1525832.19
-1501883.63 nan -1501883.63
-1573133.63 nan -1573133.63
-1544646.84 nan -1544646.84
-1524310.06 nan -1524310.06
-1535007.57 nan -1535007.57
-1459336.76 nan -1459336.76
-1538035.06 nan -1538035.06
-1542654.86 nan -1542654.86
-1521493.06 nan -1521493.06
-1536499.44 nan -1536499.44
-1612243.70 nan -1612243.70
-1496130.61 nan -1496130.61
-1519652.53 nan -1519652.53
-1506908.12 nan -1506908.12
-1428755.70 nan -1428755.70
-1518198.05 nan -1518198.05
-1511355.80 nan -1511355.80
-1548628.81 nan -1548628.81
-1525575.80 nan -1525575.80
-1439244.38 nan -1439244.38
-1509636.53 nan -1509636.53
-1526202.56 nan -1526202.56
-1511781.40 nan -1511781.40
-1534967.83 nan -1534967.83
-1513139.75 nan -1513139.75
-1553300.58 nan -1553300.58
-1523560.41 nan -1523560.41
-1505784.27 nan -1505784.27
-1496221.63 nan -1496221.63
-1576697.99 nan -1576697.99
-1529963.13 nan -1529963.13
-1558103.15 nan -1558103.15
-1510842.30 nan -1510842.30
-1543299.17 nan -1543299.17
-1554896.24 nan -1554896.24
-1498891.32 nan -1498891.32
-1529429.88 nan -1529429.88
-1479106.89 nan -1479106.89
-1529714.70 nan -1529714.70
-1526955.71 nan -1526955.71
-1534383.83 nan -1534383.83
-1471797.42 nan -1471797.42
-1474285.13 nan -1474285.13
-1565009.19 nan -1565009.19
-1498423.68 nan -1498423.68
-1575661.48 nan -1575661.48
-1417929.22 nan -1417929.22
-1476441.96 nan -1476441.96
-1545971.79 nan -1545971.79
-1536016.64 nan -1536016.64
-1542763.88 nan -1542763.88
-1551059.95 nan -1551059.95
-1541968.33 nan -1541968.33
-1510459.65 nan -1510459.65
