-1250202.14 nan -1250202.14
-1276317.62 nan -1276317.62
-1288376.71 nan -1288376.71
-1267279.55 nan -1267279.55
-1207018.54 nan -1207018.54
-1252644.27 nan -1252644.27
-1243955.14 nan -1243955.14
-1261063.41 nan -1261063.41
-1304069.46 nan -1304069.46
-1268280.49 nan -1268280.49
-1173492.04 nan -1173492.04
-1267234.45 nan -1267234.45
-1245753.24 nan -1245753.24
-1219987.67 nan -1219987.67
-1276237.25 nan -1276237.25
-1274044.44 nan -1274044.44
-1273683.18 nan -1273683.18
-1244050.87 nan -1244050.87
-1226323.54 nan -1226323.54
-1211130.19 nan -1211130.19
-1286432.32 nan -1286432.32
-1225257.88 nan -1225257.88
-1256630.27 nan -1256630.27
-1266256.64 nan -1266256.64
-1251000.56 nan -1251000.56
-1327115.30 nan -1327115.30
-1208404.95 nan -1208404.95
-1271832.34 nan -1271832.34
-1233994.80 nan -1233994.80
-1323942.42 nan -1323942.42
-1282505.60 nan -1282505.60
-1305783.81 nan -1305783.81
-1254045.73 nan -1254045.73
-1245513.16 nan -1245513.16
-1244502.92 nan -1244502.92
-1244992.70 nan -1244992.70
-1272583.90 nan -1272583.90
-1254179.88 nan -1254179.88
-1224474.89 nan -1224474.89
-1300247.49 nan -1300247.49
-1244446.85 nan -1244446.85
-1241033.81 nan -1241033.81
-1261640.07 nan -1261640.07
-1268945.34 nan -1268945.34
-1264662.19 nan -1264662.19
-1242169.24 nan -1242169.24
-1305684.07 nan -1305684.07
-1272611.03 nan -1272611.03
-1262041.95 nan -1262041.95
-1255274.22 nan -1255274.22
-1291185.21 nan -1291185.21
-1273240.09 nan -1273240.09
-1218018.40 nan -1218018.40
-1255492.16 nan -1255492.16
-1232069.39 nan -1232069.39
-1275810.76 nan -1275810.76
-1257183.60 nan -1257183.60
-1233210.36 nan -1233210.36
-1248939.10 nan -1248939.10
-1286182.09 nan -1286182.09
-1253999.69 nan -1253999.69
-1244090.43 nan -1244090.43
-1240867.58 nan -1240867.58
-1313010.53 nan -1313010.53
-1259510.47 nan -1259510.47
-1225263.09 nan -1225263.09
-1274178.10 nan -1274178.10
-1206103.63 nan -1206103.63
-1173492.04 nan -1173492.04
-1173492.04 nan -1173492.04
-1244308.92 nan -1244308.92
-1245872.75 nan -1245872.75
-1280935.10 nan -1280935.10
-1226414.47 nan -1226414.47
-1271637.07 nan -1271637.07
-1309242.75 nan -1309242.75
-1261345.33 nan -1261345.33
-1221206.15 nan -1221206.15
-1261800.82 nan -1261800.82
-1297926.12 nan -1297926.12
-1232489.86 nan -1232489.86
-1290743.83 nan -1290743.83
-1245149.13 nan -1245149.13
-1262906.77 nan -1262906.77
-1279670.32 nan -1279670.32
-1237756.85 nan -1237756.85
-1260283.05 nan -1260283.05
-1247888.00 nan -1247888.00
-1264711.10 nan -1264711.10
-1245329.49 nan -1245329.49
-1243666.43 nan -1243666.43
-1271401.73 nan -1271401.73
-1236254.63 nan -1236254.63
-1244503.90 nan -1244503.90
-1259492.33 nan -1259492.33
-1242203.73 nan -1242203.73
-1313495.99 nan -1313495.99
-1241802.78 nan -1241802.78
-1263631.37 nan -1263631.37
-1274979.94 nan -1274979.94
-1278206.36 nan -1278206.36
-1217186.30 nan -1217186.30
-1259233.60 nan -1259233.60
-1235095.25 nan -1235095.25
-1173492.04 nan -1173492.04
-1255037.35 nan -1255037.35
-1211973.28 nan -1211973.28
-1244218.77 nan -1244218.77
-1276497.66 nan -1276497.66
-1243597.56 nan -1243597.56
-1277887.37 nan -1277887.37
-1260969.45 nan -1260969.45
-1253945.39 nan -1253945.39
-1249539.70 nan -1249539.70
-1244671.64 nan -1244671.64
-1243093.21 nan -1243093.21
-1233132.32 nan -1233132.32
-1228624.12 nan -1228624.12
-1173492.04 nan -1173492.04
-1272602.55 nan -1272602.55
-1284381.06 nan -1284381.06
-1262892.66 nan -1262892.66
-1231411.16 nan -1231411.16
-1294544.70 nan -1294544.70
-1224531.73 nan -1224531.73
-1262115.69 nan -1262115.69
-1261895.50 nan -1261895.50
-1282837.38 nan -1282837.38
-1259772.26 nan -1259772.26
-1236749.05 nan -1236749.05
-1278063.59 nan -1278063.59
-1229746.18 nan -1229746.18
-1228906.25 nan -1228906.25
-1237637.09 nan -1237637.09
-1265893.52 nan -1265893.52
-1298297.52 nan -1298297.52
-1210834.13 nan -1210834.13
-1266851.47 nan -1266851.47
-1197464.32 nan -1197464.32
-1247692.13 nan -1247692.13
-1318579.77 nan -1318579.77
-1282196.74 nan -1282196.74
-1284145.47 nan -1284145.47
-1249356.08 nan -1249356.08
-1271339.49 nan -1271339.49
-1211326.43 nan -1211326.43
-1230415.99 nan -1230415.99
-1232643.31 nan -1232643.31
-1282000.77 nan -1282000.77
-1269230.04 nan -1269230.04
-1296406.93 nan -1296406.93
-1255227.96 nan -1255227.96
-1235395.36 nan -1235395.36
-1271265.83 nan -1271265.83
-1298364.40 nan -1298364.40
-1256498.12 nan -1256498.12
-1253816.13 nan -1253816.13
-1173492.04 nan -1173492.04
-1284305.22 nan -1284305.22
-1282203.23 nan -1282203.23
-1300215.97 nan -1300215.97
-1268390.52 nan -1268390.52
-1277719.55 nan -1277719.55
-1259363.70 nan -1259363.70
-1291778.73 nan -1291778.73
-1245944.83 nan -1245944.83
-1266835.40 nan -1266835.40
-1295961.63 nan -1295961.63
-1245207.26 nan -1245207.26
-1242879.98 nan -1242879.98
-1264144.48 nan -1264144.48
-1255168.16 nan -1255168.16
-1238510.53 nan -1238510.53
-1246290.21 nan -1246290.21
-1243555.62 nan -1243555.62
-1294892.31 nan -1294892.31
-1235524.35 nan -1235524.35
-1266943.76 nan -1266943.76
-1224476.71 nan -1224476.71
-1299382.18 nan -1299382.18
-1221697.03 nan -1221697.03
-1263058.59 nan -1263058.59
