-60006.27000 -68923.68000 -104230.11000 -118239.49000 -86954.52000 -80352.04000 -99638.41000 -67037.84000
-58249.05000 -70684.04000 -107558.09000 -120212.13000 -86666.15000 -78945.42000 -97035.30000 -66099.26000
-60309.29000 -73896.48000 -104769.62000 -115510.60000 -86948.28000 -76471.93000 -97911.06000 -65921.71000
-56687.68000 -71767.68000 -104768.82000 -119828.10000 -86153.68000 -75965.37000 -99798.98000 -63058.94000
-59598.55000 -68488.50000 -105520.81000 -118655.96000 -80831.89000 -79257.17000 -98577.65000 -66287.81000
-59112.78000 -71411.74000 -107736.89000 -120265.85000 -89471.24000 -80037.71000 -95427.18000 -62787.40000
-58174.57000 -74227.44000 -103660.50000 -116666.63000 -88698.10000 -81446.56000 -96686.48000 -65356.08000
-60168.26000 -71746.04000 -109679.75000 -119458.84000 -87610.31000 -74046.34000 -93573.49000 -65040.14000
-58045.83000 -69435.47000 -104022.43000 -114748.69000 -88252.34000 -80715.55000 -96699.88000 -63754.06000
-61351.59000 -71865.82000 -108185.65000 -118399.52000 -83434.72000 -75433.62000 -91232.85000 -61841.05000
-55698.98000 -68856.29000 -100805.56000 -122855.95000 -86758.37000 -74048.15000 -90864.56000 -62961.60000
-57965.12000 -71718.32000 -104026.47000 -119195.17000 -90184.71000 -76296.39000 -92962.72000 -66254.85000
-56172.34000 -71552.44000 -98612.67000 -117482.78000 -86895.29000 -80922.07000 -93784.44000 -62072.97000
-54692.42000 -70034.76000 -103847.37000 -118644.19000 -87652.12000 -78157.33000 -94600.06000 -61955.03000
-61541.47000 -67622.80000 -110778.80000 -115861.63000 -86973.05000 -78613.72000 -101106.12000 -67503.00000
-56390.25000 -70674.04000 -104988.83000 -117574.18000 -88900.53000 -82210.38000 -99731.04000 -64360.63000
-58973.54000 -68653.05000 -105821.20000 -111212.83000 -89517.11000 -77390.44000 -101794.26000 -64631.85000
-58946.91000 -72495.74000 -106458.42000 -121619.07000 -88817.78000 -80468.20000 -98733.15000 -66325.02000
-60957.24000 -70972.75000 -105150.79000 -117873.28000 -88243.52000 -79702.12000 -94217.74000 -64362.84000
-58957.45000 -71085.80000 -106036.11000 -117177.13000 -88260.42000 -79144.04000 -96600.93000 -64787.68000
-59750.14000 -71345.42000 -103836.74000 -117954.49000 -83556.68000 -76454.16000 -97077.02000 -65045.64000
-57235.06000 -71204.31000 -105546.22000 -117634.31000 -88922.64000 -78751.50000 -95099.46000 -65916.10000
-58757.68000 -71347.47000 -105691.34000 -117631.47000 -92520.06000 -79809.36000 -96497.70000 -64988.58000
-58755.35000 -71323.27000 -109239.83000 -120200.29000 -87723.92000 -80408.65000 -96485.25000 -65104.09000
-61625.01000 -71317.20000 -106453.94000 -116494.42000 -88539.88000 -79364.17000 -96217.44000 -63174.23000
-60281.91000 -70219.87000 -108767.97000 -120793.06000 -88295.89000 -77533.13000 -98184.51000 -64315.13000
-59193.31000 -70002.10000 -106648.75000 -117615.35000 -87473.40000 -73328.82000 -96238.11000 -63515.90000
-59513.86000 -70630.05000 -106517.04000 -117525.25000 -87136.25000 -77586.22000 -98248.54000 -63893.35000
-58427.62000 -70355.88000 -106783.92000 -117807.73000 -86166.64000 -78362.00000 -96771.83000 -64070.97000
-61052.52000 -72567.52000 -106764.02000 -116137.03000 -85491.53000 -74199.06000 -97816.88000 -65844.73000
-60241.26000 -71928.50000 -106475.41000 -117115.22000 -81321.90000 -76659.91000 -101049.40000 -64287.72000
-59200.69000 -71317.30000 -106718.86000 -120458.63000 -85415.41000 -77372.94000 -97265.27000 -64441.08000
-58919.27000 -71439.98000 -106607.08000 -121742.27000 -85199.67000 -78713.08000 -95659.94000 -64631.42000
-58979.28000 -71236.47000 -110962.90000 -118089.91000 -84993.63000 -77794.07000 -93417.14000 -64697.59000
-58907.68000 -67053.14000 -108901.28000 -118788.16000 -85392.48000 -81084.53000 -98640.17000 -63779.89000
-61933.51000 -73303.35000 -109000.84000 -113010.22000 -86502.83000 -78642.87000 -99043.55000 -63067.84000
-59379.45000 -70783.47000 -107505.79000 -116782.98000 -86337.74000 -78747.11000 -96329.06000 -64013.52000
-57904.55000 -68351.35000 -107510.16000 -115911.45000 -89861.91000 -78858.36000 -97192.09000 -63742.29000
-51250.51000 -70755.45000 -111413.53000 -115596.70000 -90689.52000 -78687.70000 -96502.17000 -62709.21000
-56816.83000 -73554.06000 -107132.92000 -120596.04000 -87455.34000 -78623.56000 -97722.74000 -66744.60000
-57958.41000 -70758.17000 -108916.95000 -116493.27000 -87903.30000 -82926.35000 -97781.93000 -66388.65000
-56036.80000 -67053.14000 -110355.78000 -119810.33000 -90746.04000 -79394.72000 -95684.14000 -63332.40000
-59409.69000 -74389.03000 -105312.58000 -117792.08000 -88174.64000 -79826.13000 -94609.98000 -61682.41000
-58339.07000 -68521.14000 -98378.32000 -119472.63000 -88572.72000 -73286.35000 -99155.23000 -68819.95000
-58043.96000 -69985.23000 -104874.75000 -109102.92000 -90096.96000 -77878.78000 -93615.13000 -65844.21000
-58648.52000 -70510.83000 -103551.62000 -117298.17000 -84908.42000 -80937.68000 -95006.37000 -64611.53000
-60607.46000 -70273.16000 -111390.03000 -115588.20000 -83771.22000 -77429.72000 -96025.73000 -61682.41000
-59927.43000 -70377.66000 -105727.48000 -115309.47000 -86321.29000 -78065.88000 -107108.08000 -63985.52000
-58964.04000 -70749.22000 -105486.28000 -120859.50000 -86739.95000 -78408.81000 -93012.28000 -63447.19000
-57825.21000 -69895.07000 -104896.45000 -113225.75000 -83527.47000 -81203.94000 -100771.87000 -61334.35000
-54390.31000 -72336.98000 -106882.29000 -122955.63000 -84762.40000 -73286.35000 -96257.54000 -62110.12000
-58595.09000 -68111.42000 -104506.09000 -121738.58000 -83567.31000 -75290.15000 -98419.67000 -61723.72000
-59628.22000 -74102.73000 -109931.24000 -115006.31000 -83437.58000 -75726.58000 -94968.02000 -63093.27000
-59851.33000 -70070.57000 -101533.60000 -113311.60000 -82890.27000 -75169.67000 -94116.02000 -61468.83000
-57129.89000 -71146.49000 -104175.42000 -119820.23000 -83654.13000 -73611.47000 -85893.89000 -65460.73000
-54974.73000 -69691.61000 -102630.32000 -115186.26000 -86443.54000 -79643.19000 -91761.58000 -61739.54000
-63075.94000 -68562.38000 -106813.36000 -119749.09000 -87319.01000 -74777.23000 -93089.19000 -67125.08000
-56638.09000 -72184.42000 -104000.75000 -113366.68000 -88445.71000 -73286.35000 -90599.86000 -61641.30000
-54952.54000 -69231.42000 -102504.80000 -119622.79000 -84343.25000 -73286.35000 -98294.35000 -62246.95000
-57380.91000 -68689.91000 -101847.27000 -112051.80000 -90200.34000 -74113.01000 -105177.47000 -66664.37000
-57565.56000 -72373.36000 -102308.98000 -119882.52000 -91496.03000 -79482.00000 -95774.77000 -61861.56000
-61217.83000 -70473.59000 -106278.51000 -114638.99000 -85540.06000 -81750.78000 -90867.07000 -63132.31000
-57679.29000 -70337.38000 -109806.03000 -121967.14000 -86410.55000 -80948.86000 -98477.64000 -65330.46000
-58903.96000 -75250.81000 -108674.14000 -106304.59000 -85177.17000 -77350.69000 -102761.41000 -65742.98000
-57761.13000 -70018.72000 -104316.70000 -116250.71000 -85178.09000 -81924.51000 -95586.50000 -62695.84000
-57570.18000 -72425.46000 -104980.75000 -116469.68000 -88533.06000 -77070.71000 -95072.42000 -63905.07000
-59793.49000 -70644.06000 -115996.65000 -117527.33000 -90109.96000 -74694.57000 -96500.78000 -66130.94000
-59105.14000 -70500.53000 -106171.23000 -119513.22000 -89405.78000 -81920.50000 -98053.85000 -65332.01000
-58666.97000 -68475.79000 -108625.56000 -119225.07000 -86175.26000 -81000.68000 -94987.02000 -63929.02000
-59354.28000 -74108.47000 -106898.23000 -115247.49000 -86005.81000 -73286.35000 -95288.74000 -68620.47000
-54542.19000 -72571.14000 -106100.69000 -107557.83000 -82482.69000 -76841.35000 -99879.98000 -63482.54000
-60229.32000 -69904.03000 -108340.55000 -121247.43000 -87536.40000 -73286.35000 -97112.00000 -63251.95000
-57842.06000 -73862.68000 -100068.81000 -118693.55000 -84559.37000 -80826.31000 -92790.66000 -67804.15000
-60183.75000 -73707.06000 -104472.61000 -115966.63000 -85400.44000 -80745.04000 -94987.72000 -64007.04000
-58484.74000 -71158.17000 -104026.95000 -117090.89000 -91219.10000 -80091.65000 -99625.01000 -66666.65000
-60097.74000 -72882.09000 -102129.93000 -118693.87000 -81776.36000 -78740.64000 -94005.34000 -64452.25000
-62271.61000 -71172.64000 -103290.50000 -115700.21000 -79728.61000 -82817.87000 -106521.87000 -64975.38000
-58049.99000 -73760.66000 -99557.09000 -116147.59000 -90490.66000 -78174.15000 -97148.05000 -63639.14000
-58952.54000 -70979.70000 -102702.23000 -116199.88000 -84484.91000 -78261.93000 -93640.58000 -64255.10000
-61119.23000 -71186.97000 -102136.98000 -122795.20000 -90986.58000 -73286.35000 -95762.80000 -65330.46000
-58481.30000 -68653.07000 -106685.21000 -119207.22000 -86220.56000 -79276.19000 -94751.09000 -63350.22000
-58935.67000 -70812.70000 -107368.28000 -117240.01000 -89141.20000 -73286.35000 -102334.60000 -63086.56000
-58956.86000 -70227.45000 -103325.29000 -120622.00000 -91874.91000 -75237.84000 -97258.42000 -63425.27000
-58173.86000 -68569.35000 -105711.74000 -119378.07000 -90290.56000 -73286.35000 -98847.46000 -65169.24000
-60935.47000 -69894.66000 -106952.01000 -122024.45000 -87234.86000 -73286.35000 -94691.25000 -65406.75000
-60502.57000 -73896.94000 -103753.98000 -121092.55000 -90142.28000 -74068.81000 -97779.38000 -64436.58000
-57141.37000 -69403.05000 -108924.65000 -116415.87000 -90243.41000 -73440.66000 -95130.48000 -67024.84000
-58517.42000 -67929.17000 -104967.73000 -117261.92000 -86601.31000 -82926.39000 -96896.62000 -63525.37000
-62523.11000 -69161.88000 -104286.78000 -116385.61000 -89759.39000 -75367.22000 -93600.20000 -62731.06000
-57727.37000 -68938.54000 -108241.73000 -120080.45000 -90177.60000 -75620.01000 -100028.91000 -63268.91000
-61242.60000 -68690.16000 -104945.95000 -114756.49000 -87498.39000 -76381.71000 -95086.05000 -62523.84000
-57943.20000 -68590.95000 -107415.24000 -113527.58000 -79728.61000 -81630.12000 -91132.36000 -62590.45000
-58795.63000 -69964.85000 -110675.52000 -114445.77000 -84100.05000 -77084.55000 -93623.55000 -66514.91000
-58410.42000 -72517.28000 -106851.60000 -120913.59000 -86303.66000 -82747.84000 -97701.44000 -62338.62000
-59792.25000 -72173.18000 -112836.82000 -114581.09000 -86419.17000 -77025.75000 -96483.94000 -64168.59000
-54898.44000 -65538.19000 -119505.08000 -115228.59000 -88700.58000 -77076.60000 -94148.80000 -62949.16000
-59385.69000 -68862.16000 -107182.62000 -123152.69000 -94147.88000 -78329.88000 -94247.18000 -62527.56000
-56961.19000 -67080.18000 -109116.32000 -117085.29000 -89874.45000 -81242.07000 -99226.89000 -63202.02000
-58123.20000 -72063.58000 -110779.32000 -114738.17000 -83722.74000 -77533.92000 -97014.34000 -65434.57000
-56159.22000 -74371.24000 -107800.87000 -114274.91000 -85659.92000 -81371.48000 -97329.77000 -65937.34000
-56559.55000 -72893.28000 -110407.26000 -113200.89000 -84798.79000 -84687.66000 -101144.22000 -63823.57000
-59429.00000 -69489.17000 -110306.14000 -110397.86000 -85732.92000 -80662.27000 -93266.84000 -62278.05000
-56177.59000 -69375.25000 -104841.94000 -113163.34000 -90668.48000 -80725.65000 -92982.67000 -62113.45000
-56702.05000 -69055.87000 -103105.71000 -123263.74000 -91428.50000 -79931.24000 -94473.51000 -66471.88000
-58289.12000 -70080.84000 -104038.17000 -113071.31000 -85446.48000 -76276.11000 -95219.76000 -66603.56000
-59598.59000 -69427.88000 -103441.11000 -115169.84000 -89927.55000 -73286.35000 -92438.95000 -64039.27000
-58200.14000 -73250.09000 -102214.87000 -115759.60000 -86584.54000 -80973.95000 -97130.92000 -62316.87000
-59032.67000 -70941.56000 -102019.17000 -109952.58000 -87048.54000 -82661.57000 -93698.28000 -65330.46000
-57384.12000 -65538.19000 -102022.36000 -108615.24000 -85309.65000 -76694.52000 -100758.98000 -67060.57000
-58151.43000 -74340.80000 -103515.05000 -115688.72000 -89072.05000 -81698.51000 -97944.36000 -65197.96000
-58169.67000 -74073.03000 -103557.87000 -121945.49000 -86402.94000 -78574.95000 -95921.57000 -63966.89000
-57838.31000 -73183.87000 -104406.76000 -115791.53000 -86957.67000 -78134.17000 -96848.40000 -58101.04000
-61081.94000 -74919.98000 -104002.13000 -122936.72000 -88635.99000 -82220.46000 -96697.55000 -66894.06000
-58727.92000 -74935.13000 -104181.95000 -117990.95000 -79728.61000 -73286.35000 -97721.73000 -63604.25000
-55182.69000 -69696.56000 -104216.67000 -119269.85000 -85524.05000 -77564.61000 -104481.72000 -63552.93000
-60146.64000 -71388.64000 -102859.45000 -120199.83000 -84883.98000 -79480.34000 -96939.47000 -68207.81000
-57916.89000 -70803.67000 -106627.63000 -121589.44000 -84175.77000 -76982.33000 -103809.36000 -61582.99000
-57737.14000 -70326.12000 -104753.55000 -117256.88000 -79728.61000 -77247.39000 -98979.28000 -69114.66000
-58205.01000 -72322.25000 -108866.59000 -111495.36000 -91234.77000 -73286.35000 -94792.35000 -64992.62000
-58016.42000 -70692.27000 -107077.45000 -116249.52000 -85201.30000 -76314.23000 -101886.03000 -64238.10000
-58135.94000 -71609.88000 -113836.41000 -119244.86000 -85361.25000 -80320.39000 -91944.84000 -65239.40000
