-61672.55910 -64554.66020
-61426.79040 -64165.49610
-62391.21880 -63523.60940
-63608.27390 -63981.96090
-61483.18910 -62740.79690
-63722.42430 -63156.78120
-63692.91730 -63588.96090
-63783.23820 -63716.16800
-61421.13810 -62422.56250
-63943.65200 -63059.66410
-62637.46300 -62865.71480
-61932.95230 -62249.65620
-62456.98560 -62576.11720
-61901.69980 -62497.12890
-62897.66810 -61605.20310
-61420.88450 -62671.75780
-63476.88570 -62790.07420
-62480.39530 -62150.96880
-61618.88630 -62841.78910
-61535.13890 -61873.03520
-66165.53010 -61146.50390
-66081.77730 -61391.49220
-66103.34180 -61408.53910
-66374.57230 -60213.27340
-66040.77930 -60939.89840
-66208.98730 -60821.73440
-66208.95140 -60952.57810
-66626.31500 -60090.19530
-66089.81850 -61391.19920
-66407.35270 -60580.39840
-70336.78370 -59848.78910
-70340.09160 -59349.60160
-70006.16350 -60831.48440
-70641.71980 -59732.86720
-70708.14280 -58254.99610
-70485.04210 -58518.45310
-71118.11030 -57202.82420
-71363.13610 -55330.80470
-71399.59500 -52780.68750
-71659.91190 -53290.60940
-71224.32520 -53567.94920
-71583.31030 -53052.32810
-71561.38830 -53553.29690
-71568.85680 -54361.92190
-71879.97360 -49077.28120
-71828.70390 -49284.41020
-71808.92240 -49857.39840
-71754.13910 -48850.86720
-74111.99340 -48705.22660
-74091.85820 -48606.16800
-74218.95590 -48479.84380
-74089.37650 -48499.32030
-74339.02400 -48423.74220
-74363.33580 -48422.79300
-74532.16930 -48422.88670
-74439.29400 -48482.07810
-74322.70200 -48515.93750
-72342.71550 -48421.50000
-74777.34690 -48422.82810
-72123.26150 -48418.76560
-72383.17030 -48419.77730
-72223.54100 -48419.19920
-72140.53800 -48419.01560
-72175.37610 -48419.24610
-74488.67610 -48422.10940
-61846.25710 -64980.28910
-61909.34670 -63483.33200
-61829.25970 -63420.42190
-62504.83520 -63141.62110
-63858.48200 -64511.75000
-62268.02870 -63230.46880
-62457.95300 -64066.51170
-40914.18760 -41452.54300
-41675.33850 -40591.09380
-41257.96220 -40757.26560
-41335.64410 -40268.99610
-44415.14450 -39905.68750
-41946.43050 -39578.90230
-42035.26730 -39615.97660
-44576.39900 -39578.60940
-47857.75280 -46357.40620
-48518.19260 -46987.02340
-48395.67790 -46881.71090
-47752.13380 -46270.43360
-48156.86660 -46806.75780
-48084.53990 -46496.96480
-47749.24220 -46476.57420
-48208.60990 -46757.41800
-50233.66090 -47020.46480
-48095.07410 -46718.54690
-48384.93250 -46744.29690
-47639.63480 -46324.46090
-49829.66170 -46776.52340
-47848.80190 -46542.29300
-50190.49900 -47050.10160
-49684.18510 -46607.92970
-48534.99080 -46973.41410
-47415.74420 -46164.96880
-48681.17650 -46988.49610
-48208.58050 -46795.38670
-50159.62590 -47004.97660
-49742.84600 -46628.68750
-49819.90430 -46822.86720
-48302.27380 -46747.73050
-47929.44180 -46603.17970
-49531.14060 -46803.45310
-45360.78930 -45764.04300
-49676.54710 -46627.27340
-48167.74270 -46591.31250
-48867.40760 -47232.47660
-47741.12020 -46501.03120
-49743.49280 -46619.63280
-47700.03220 -46373.78120
-47989.15310 -46445.71480
-48269.80180 -46779.06250
-48564.14230 -46821.09380
-48733.42630 -47009.87110
-47573.98470 -46371.21090
-48204.85950 -46660.04300
-47872.79410 -46711.55860
-49909.27120 -46900.07030
-49488.88490 -46496.02340
-47803.95330 -46208.78910
-48072.12160 -46591.49610
-48351.80280 -46809.74610
-48092.51070 -46645.53910
-48422.68010 -46903.92970
-49747.46610 -46675.67970
-47543.18820 -46135.41800
-48006.81370 -46443.88670
-47546.58490 -47079.55470
-49633.61900 -46723.40230
-49722.13590 -46723.19920
-49727.02120 -46625.22660
-48056.86810 -46552.81250
-49542.47220 -46456.12500
-47951.43200 -46394.64840
-49542.47960 -46759.85550
-49943.15960 -46869.41410
-49773.99430 -46751.46480
-50032.57140 -46913.01170
-47989.68700 -46649.80470
-47957.71010 -46604.85550
-47867.40270 -46507.48440
-48360.99890 -49928.62110
-48447.70010 -50109.06250
-48457.60600 -50180.09380
-48128.53960 -49930.82420
-48656.79160 -50161.18750
-47723.91440 -49548.93750
-47993.23380 -49723.55860
-47758.82500 -49349.50000
-47633.13530 -49357.74610
-48286.61300 -49955.05470
-47953.39130 -49637.32810
-47672.76670 -49380.08590
-47139.89610 -48932.57030
-47796.00040 -49614.55470
-30970.45270 -31394.54300
-30814.97160 -31433.38480
-31318.29660 -31775.01370
-30773.17100 -31368.72070
-31271.93030 -31589.97270
-31965.13320 -32058.44530
-30947.45480 -31688.96480
-30685.64520 -31394.86130
-30969.11340 -31548.42190
-30970.77310 -32050.23440
-30786.44260 -31868.62500
-30809.23570 -31770.11910
-30694.91820 -31578.22850
-30908.71960 -31814.03520
-30915.61720 -31892.25390
-32093.05760 -32098.76370
-30709.62620 -31545.75590
-30947.98280 -31761.48830
-30970.12540 -31987.77150
-30733.44520 -31284.76560
-31308.68810 -31379.31640
-30856.80940 -31627.78520
-31941.74830 -32310.39060
-31258.52970 -31432.07810
-30776.05520 -31421.01170
-33221.69350 -31172.32810
-30738.64800 -31316.32810
-30926.31730 -31197.69340
-30969.84330 -31311.62700
-31758.30800 -31642.23050
-30882.44000 -31416.50000
-30684.48150 -31505.14840
-31329.32090 -30835.96480
-30744.42710 -31505.40620
-30784.98310 -31800.89060
-30790.41320 -31771.67190
-30968.02390 -31372.57420
-30741.85600 -31326.69140
-32177.84340 -32199.21680
-30738.90290 -31858.83980
-31006.22140 -31483.97850
-30682.86450 -31797.58590
-30731.25670 -31532.99020
-30916.07150 -31548.59960
-30926.21780 -31465.50780
-30931.03610 -31622.08590
-30975.52670 -31585.44140
-31005.80150 -31289.59180
-30836.36970 -31800.56840
-32204.34770 -32050.91210
-31301.22140 -31580.53910
-33097.16310 -31333.50590
-33187.17250 -31194.76170
-30709.62850 -31983.22660
-31228.88320 -31670.26950
-33099.88300 -31291.11910
-31007.83800 -31502.47270
-30972.83850 -32225.78710
-30801.88590 -32261.63870
-31310.65750 -31701.50200
-30827.98020 -31696.87110
-31483.89740 -32739.14840
-31476.46670 -31527.72460
-33234.39710 -33503.71090
-30967.64440 -31416.77340
-30968.89590 -31580.41410
-31357.15080 -31733.95310
-31285.05240 -31576.89260
-30847.86420 -32896.21880
-26422.99790 -25663.97460
-25224.13850 -26278.06250
-24793.37160 -25567.72660
-24559.70840 -25395.50000
-26673.23650 -24991.06840
-24574.48480 -25624.24800
-24571.20930 -25659.88480
-24565.60420 -25632.94530
-24811.79410 -25945.10940
-24731.25470 -25782.76370
-24590.20020 -25591.88480
-24738.83670 -25930.78710
-25049.55540 -25762.23630
-25477.11900 -26039.76370
-24593.77280 -25928.43160
-24612.80540 -26070.54690
-25447.25780 -26055.48050
-24758.69050 -25784.19920
-24595.27470 -25817.66410
-25539.37280 -25942.45900
-24785.92870 -25823.23240
-24777.42720 -25715.98830
-24560.00730 -26087.72460
-24805.17020 -25681.74800
-24594.79310 -25646.36910
-24734.54420 -26171.39450
-25445.94150 -25842.72460
-24774.21130 -25841.27930
-24570.71970 -25649.79100
-24757.37640 -26131.55860
-25029.73710 -25475.32810
-24636.30890 -25990.13480
-24982.74940 -25826.12300
-24547.60820 -26038.05270
-24683.79070 -26007.38480
-24609.53440 -25674.86330
-25639.24270 -26099.89650
-24756.80430 -25628.95900
-24591.38640 -25775.38480
-25434.08260 -25841.56450
-25442.47770 -25878.81250
-24651.15130 -26032.72270
-24697.19270 -25569.45900
-25066.38280 -25461.52540
-25468.28750 -26032.99020
-24754.73260 -25831.20510
-25427.62650 -25272.10740
-24654.36770 -25814.66210
-24615.07240 -25716.26370
-24618.31230 -25705.34960
-25438.17700 -25592.76950
-20510.72740 -20915.73050
-22058.30730 -20736.04690
-20519.93210 -20912.79300
-22338.16550 -20457.40620
-22290.12750 -20645.70120
-22568.05720 -19792.71480
-22772.90700 -19672.67580
-22895.70300 -19412.09180
-23017.61060 -18276.54690
-24068.47380 -18466.42580
-21676.08770 -18289.84770
-24130.17760 -18187.56250
-24095.44790 -17359.07420
-24253.72400 -16768.91990
-24225.13690 -16284.15430
-24959.88370 -16209.22170
-24929.76090 -16261.49120
-25138.10050 -16139.58890
-25158.17420 -16139.42190
-24392.30140 -16149.75780
-24399.39030 -16267.13870
-25180.31960 -16140.09960
-24243.48450 -16158.13280
-24351.63850 -16169.78710
-24579.62900 -16139.50000
-24456.89580 -16139.60940
-25227.96920 -16140.50000
-13916.21120 -16149.23240
-14656.58210 -16138.20120
-11669.58950 -16138.20120
-16244.08400 -16144.40920
-10693.18000 -16138.20120
-18645.32630 -16141.07620
-12694.95610 -16138.78810
-16780.81280 -16138.20120
-14417.41610 -16138.29690
-14024.64740 -16138.20120
-20948.78970 -16138.34770
-16137.56480 -16138.20120
-19511.77160 -16138.20120
-13876.13380 -16138.20120
-16082.43830 -16139.94820
-13021.36830 -16138.20120
-21077.59540 -16138.20120
-16024.20720 -16138.20120
-20422.37950 -16589.25390
-21095.74320 -16138.20120
-19537.90150 -16138.20120
-13676.45050 -16138.20120
-13899.87860 -16622.06450
-14185.20440 -18027.92580
-16099.67140 -16527.68360
-20542.27640 -17360.52340
-16258.34280 -17340.51950
-11498.75020 -17209.66410
-15941.07390 -16891.90430
-20888.71530 -17642.03120
-15587.52970 -16657.24410
-14985.32640 -17058.22070
-17860.45470 -18234.28910
-17641.38540 -18202.80080
-17876.19760 -18303.38480
-17679.01160 -18534.08980
-17865.10980 -18134.03120
-17632.04280 -18622.53320
-17620.79610 -18337.36520
-17991.30620 -18470.80270
-20602.62780 -20085.41600
-21334.31660 -20007.84770
-21257.02270 -20007.00390
-21419.53590 -20073.60550
-20607.24160 -20084.21680
-20427.73790 -19878.68160
-21415.90000 -20102.70310
-21641.14090 -20304.53120
-21226.38130 -19980.18360
-21326.82270 -20088.39840
-21333.63730 -20004.88870
-20450.36630 -19944.15430
-21101.61880 -19893.70700
-21368.78100 -20149.71680
-20562.39580 -19933.09770
-21370.91450 -20082.55080
-21309.83130 -19990.52730
-21389.09480 -20064.93550
-21115.17160 -19943.87300
-21410.76260 -20131.68360
-20495.96920 -19969.71680
-20390.16430 -19901.02150
-20609.61780 -20049.34960
-21276.36390 -19979.88280
-20689.11090 -20091.07030
-20514.82740 -19917.66800
-20516.94320 -19998.90040
-21334.35400 -20086.18550
-20440.40550 -19937.28910
-21534.94940 -20178.97850
-21198.13120 -19960.35550
-21466.79650 -20159.47270
-21395.64680 -20087.12500
-20141.22740 -19715.94730
-21265.58700 -20038.10160
-21377.18380 -20068.69340
-20601.56840 -20008.77930
-21226.50230 -20010.50390
-21248.52330 -21329.48240
-21354.37330 -21450.70310
-21181.64890 -21248.67770
-20628.02160 -21430.07230
-20637.49590 -21319.33790
-21626.27460 -21619.27150
-21417.65840 -21439.83590
-21078.91990 -21135.86520
-15400.62560 -16151.95610
-15969.58450 -16228.00390
-15656.02400 -15757.71680
-15373.32830 -16266.39650
-15661.03670 -15864.04880
-16023.56560 -16223.66600
-15566.85060 -15844.19430
-15617.00260 -15799.88670
-15359.96520 -15991.41700
-15648.17850 -15920.04200
-16098.87360 -16275.23050
-15383.07890 -15938.61820
-15491.96220 -16002.30760
-15372.04910 -15979.70610
-15944.51890 -16135.45510
-15357.19050 -16100.07230
-15478.28130 -15991.51950
-15443.08750 -16258.15820
-15706.41530 -16089.69240
-15381.21830 -16112.94630
-15884.54000 -16087.12890
-15901.87050 -16092.01460
-15370.71650 -15974.96480
-16043.69210 -16211.70510
-15971.94410 -16056.16310
-16201.37310 -16472.16600
-15484.13460 -16083.84770
-15905.82190 -16075.41990
-15901.43000 -16051.61520
-15887.80750 -16155.27540
-15473.62750 -16151.33500
-15426.45210 -16234.81640
-16058.05130 -16226.08200
-15357.89210 -16083.55370
-15506.38900 -15993.97950
-15861.23090 -15972.75980
-15959.06070 -16082.63960
-15380.99350 -16006.06150
-15485.77760 -15954.86620
-15463.18700 -16075.89360
-15412.21670 -16272.14940
-15891.95600 -16264.74020
-15489.34190 -16126.93950
-15967.20010 -16098.96780
-15626.88500 -15868.54790
-16010.05840 -16194.36910
-15999.50540 -16179.61820
-15474.66950 -16114.88480
-15876.46100 -16144.79490
-15410.06460 -16156.44530
-15393.53740 -16225.34180
-15359.69490 -16070.18260
-15665.20030 -15987.05080
-15657.69930 -15922.71880
-15619.88470 -15973.62110
-16494.13550 -16032.93950
-15651.98960 -16249.63480
-15405.00720 -16176.27730
-15608.99370 -15648.00780
-16630.54370 -15787.93160
-15401.14780 -16003.87890
-15893.16970 -16226.12400
-15621.79970 -15924.87110
-16547.16790 -15777.97270
-15500.50140 -15942.26070
-15450.04380 -16075.76760
-15501.77540 -15859.31640
-15342.52300 -16126.83500
-15761.30020 -16166.52830
-15355.19670 -15904.45510
-15353.33340 -16036.53030
-15404.86650 -16092.86520
-15503.12560 -15982.40820
-15459.60640 -16178.94040
-16550.42570 -15828.03120
-15485.56290 -15875.69630
-15408.10600 -15998.08400
-15490.47760 -16180.31350
-15626.99530 -15929.34860
-16551.79930 -15941.19630
-16540.06700 -16118.82230
-15484.33810 -16152.71090
-15684.94570 -15893.19730
-15357.97860 -16042.69630
-15426.26450 -16009.87790
-15696.21200 -15933.38670
-15903.80320 -16120.92090
-15872.16790 -15907.35550
-15370.80030 -16037.45900
-15415.96970 -16073.53320
-13694.56530 -14001.81540
-13881.77720 -13839.80760
-14699.46530 -13849.32130
-13779.64470 -13695.84470
-14705.15470 -13852.34670
-13738.50460 -13837.31450
-13780.56490 -13849.45510
-13732.65340 -13706.60450
-13648.90370 -13896.37110
-13748.73910 -13728.87700
-13725.09130 -13929.28910
-13705.05580 -14014.17380
-13667.58200 -13760.83400
-13726.94730 -13863.61130
-13649.08460 -13908.50490
-13658.15100 -13777.99610
-13779.61150 -13714.30760
-13667.59490 -13853.31250
-13695.40620 -13811.80180
-13772.65970 -13743.10250
-13884.34220 -13600.72360
-13684.12840 -13624.27440
-13662.78080 -13531.99900
-14713.80670 -13363.01270
-14791.71080 -13271.95800
-14699.31100 -13374.41410
-14825.18650 -13401.03810
-14698.51790 -13411.85840
-14704.38020 -13532.94430
-14878.64020 -13237.79390
-14893.17070 -13040.04980
-15016.26150 -12881.04490
-14879.92470 -12846.59380
-14891.11920 -12581.38570
-14859.78170 -12941.32520
-14922.46790 -11596.87210
-14877.84530 -11722.30960
-13972.32370 -12101.69430
-14935.70940 -11809.70120
-14907.81770 -11416.72170
-14812.98030 -12601.56540
-14913.00080 -11780.73730
-13957.84550 -11675.81640
-15710.29430 -11318.54390
-15009.47550 -11513.81350
-14885.99210 -12080.02250
-15666.77730 -11622.02050
-15776.91920 -11084.36720
-15716.17340 -11135.00680
-13769.95130 -14131.06150
-13754.74600 -14366.34380
-13680.56830 -14314.70800
-13776.93110 -14417.24710
-14278.50380 -14556.39940
-13662.80940 -14420.40620
-13684.67960 -14489.65330
-13712.26920 -14393.39260
-13647.92740 -14275.44340
-13919.44440 -14176.58300
-13977.41990 -14417.48630
-14128.49050 -14186.23730
-13936.89380 -14068.15230
-13775.29880 -14154.67770
-13692.10760 -14211.00000
-13667.76730 -14297.65620
-13684.05900 -14265.67580
-13891.80740 -14129.37110
-13684.79530 -14302.02730
-14689.03490 -14311.53420
-13823.20920 -14359.46970
-10376.92510 -10112.76660
-9813.74770 -9682.92090
-12561.65330 -9682.92090
-6785.84630 -9682.92090
-8839.51200 -9682.92090
-12486.61620 -9682.92090
-12676.40740 -9682.92090
-7182.42280 -9682.92090
-8623.89520 -9682.92090
-12523.61670 -9685.06540
-12495.09830 -9682.92090
-8968.70600 -9682.92090
-12567.58320 -9682.92090
-8720.07210 -9683.98340
-9755.99830 -9682.92090
-11817.31260 -9682.92090
-8569.98570 -9712.72070
-8630.74410 -9682.92090
-10433.84290 -9682.92090
-11745.35920 -9682.92090
-9695.37580 -9717.45210
-10246.13430 -10215.08010
-7888.37900 -9682.92090
-12530.54570 -9682.92090
-8747.49440 -9682.92090
-10205.16830 -9685.52050
-9466.67730 -9682.92090
-8650.27510 -9703.37400
-7511.59980 -9682.92090
-8079.55440 -9682.92090
-7061.09080 -9682.92090
-8980.57710 -9730.66600
-11074.62740 -9912.54200
-8570.96020 -9700.07320
-8755.62590 -9786.38960
-12567.19650 -9686.74710
-8968.13240 -9884.93160
-12658.92160 -9682.92090
-12747.15620 -9682.92090
-8757.10970 -9682.92090
-7616.83400 -9682.92090
-7920.33150 -9696.80860
-12834.39130 -9682.92090
-11702.60340 -9682.92090
-12648.71870 -9682.92090
-6513.66690 -9921.06540
-8553.44750 -9682.92090
-7885.45400 -9682.92090
-9123.89340 -9682.92090
-12841.14880 -10241.28910
-8385.11390 -9684.60840
-8518.13650 -9916.33690
-11708.82740 -9682.92090
-8755.24600 -10175.35550
-12396.00360 -9682.92090
-12657.03610 -9682.92090
-7984.92840 -9682.92090
-12406.92520 -10366.73140
-8476.04630 -9706.08690
-11186.50630 -9682.92090
-11195.42470 -9682.92090
-9581.06300 -9682.92090
-8422.49390 -9707.96880
-8719.18920 -9682.92090
-12623.47960 -9748.18460
-12496.62600 -12794.81640
-12542.75170 -12741.54790
-13236.31000 -12825.00100
-12369.32950 -12931.72750
-12457.10530 -13006.17090
-12299.11770 -12773.51760
-12337.78570 -12873.11040
-12387.42090 -12717.59280
-12288.90620 -12793.49710
-12374.55050 -12893.23730
-11447.47870 -11774.84670
-11178.44530 -11542.08200
-11249.62430 -11647.90140
-11188.74480 -11553.42970
-11245.32760 -11704.01560
-11264.73380 -11586.76560
-11260.04820 -11577.62600
-11638.76450 -11683.25490
-11421.81360 -11344.83300
-11321.66460 -11293.76270
-12032.88240 -11281.07810
-11180.77430 -11466.38180
-11227.75160 -11611.80080
-11257.10840 -11548.21970
-11204.74640 -11457.00780
-11410.96350 -11508.88090
-11220.91820 -11435.14650
-11192.22230 -11477.44920
-12016.05540 -11277.72170
-11997.05900 -11359.42380
-12028.57550 -11285.41890
-11261.48610 -8803.98340
-11508.19560 -8802.65530
-7165.17740 -8802.65530
-8577.28410 -8802.65530
-11579.29750 -8802.65530
-8865.83790 -9064.32710
-11445.53200 -8802.65530
-10728.10790 -8802.65530
-5042.14460 -8802.65530
-8742.62970 -8854.17190
-8925.88370 -9402.90820
-11468.02790 -8802.65530
-11449.74610 -8802.65530
-6362.35770 -8802.65530
-8247.16380 -8802.65530
-7617.43960 -8802.65530
-11423.52970 -8802.65530
-11428.48350 -8802.65530
-7754.74300 -8802.65530
-11443.54650 -8802.65530
-11424.02180 -8802.65530
-8238.82650 -8802.65530
-11421.42810 -8802.65530
-11350.35670 -8802.65530
-11385.28170 -8802.65530
-10658.49990 -8802.65530
-7162.58430 -8802.65530
-5858.90660 -8802.65530
-7777.46860 -8803.26860
-10723.25150 -8802.65530
-7250.76200 -8802.65530
-9141.26090 -8802.65530
-8632.97150 -8802.65530
-7572.14710 -8802.65530
-7959.96450 -8802.65530
-11448.04730 -8802.65530
-11439.74850 -8802.65530
-8220.41380 -10011.84860
-6373.59930 -9704.01760
-8287.56400 -10804.64840
-9348.96160 -9927.52050
-7585.38320 -9390.79690
-6440.97640 -10283.69340
-5870.50630 -10320.29590
-10664.23000 -10087.50780
-8764.15710 -9848.93950
-8772.87160 -9680.51760
-8054.55720 -10450.90330
-7365.78900 -9972.88480
-8814.86100 -9888.95700
-10171.07130 -10102.68650
-8293.76350 -9994.24510
-10634.35390 -10772.63280
-7698.64850 -9605.79490
-8243.96710 -9912.68460
-11356.88600 -10670.48930
-7681.66740 -10047.22360
-7647.20020 -10192.04980
