-63476.04
-63256.09
-63585.40
-65508.03
-62116.34
-64944.39
-66795.53
-63852.91
-66104.22
-65178.00
-67401.23
-61428.38
-65543.05
-64059.08
-67674.16
-65187.70
-65521.95
-64896.22
-61787.03
-62427.76
-68668.37
-65052.61
-66895.67
-64797.63
-67643.76
-62264.69
-64824.89
-65106.14
-59098.65
-62628.34
-60763.40
-62037.34
-62406.80
-63934.87
-64694.37
-64038.61
-64201.15
-64969.90
-63365.04
-66279.59
-63380.27
-64713.95
-65891.91
-64524.20
-65997.73
-65063.45
-65665.46
-65754.49
-66980.27
-62474.54
-68208.63
-62687.88
-64396.51
-64533.90
-65158.98
-66713.90
-65715.41
-65795.00
-68893.17
-66481.63
-62657.13
-61628.45
-69291.98
-64658.23
-64289.78
-61606.72
-65176.29
-63862.87
-62474.68
-65438.03
-62959.35
-64289.82
-65575.41
-57103.14
-67848.73
-70618.98
-65545.67
-62068.01
-63675.80
-63789.54
-64368.36
-71765.96
-64999.44
-64330.40
-64087.61
-65224.94
-66465.76
-62716.86
-67344.40
-66436.65
-65662.04
-66003.28
-64539.78
-66605.15
-63085.08
-66322.28
-67284.06
-65389.37
-64251.41
-66484.07
-64040.19
-66310.31
-60343.39
-65722.32
-66017.78
-67922.93
-62960.14
-63613.48
-65510.66
-64983.49
-66171.53
-64864.63
-64149.67
-63845.96
-66567.41
-65005.82
-67023.72
-66011.00
-64787.39
-62890.82
-64337.93
-64561.55
-68559.65
-65709.10
-66147.57
-65283.46
-64707.16
-64540.26
-64806.00
-68982.90
-66853.88
-64716.67
-64546.37
-64066.91
-64517.74
-63573.87
-64021.32
-63637.04
-61938.88
-67577.41
-63884.24
-63089.08
-67836.06
-68151.44
-67519.24
-66958.75
-65613.51
-65150.65
-65552.55
-63760.41
-64644.17
-68239.32
-64650.15
-63883.22
-64860.11
-66221.98
-64185.15
-63719.10
-65482.36
-65729.76
-63233.88
-64765.70
-63596.58
-64356.49
-63471.77
-64196.26
-67151.55
-64791.82
-66436.04
-65577.25
-67560.52
-65042.64
-66014.18
-63167.88
-64789.47
-64626.46
-63569.51
-65824.76
-67892.88
-65773.61
-64478.97
-69204.73
-64861.66
-61304.79
-61748.42
-63844.76
-63894.75
-63005.93
-66239.48
-64998.39
-65923.88
-66013.30
-66014.09
-63969.91
-63571.44
-62645.58
-65110.64
-67635.56
-63854.77
-67365.62
-68137.54
-65897.42
-64825.02
-64938.74
-61910.53
-65041.20
-64495.79
-66189.96
-63623.98
-62138.45
-60359.73
-61582.34
-62286.62
-65502.70
-65076.57
-65573.93
-66437.74
-63083.17
-62078.01
-65341.74
-66576.65
-66165.62
-64057.47
-66390.32
-64377.51
-60933.24
-64802.01
-67059.87
-67189.82
-62347.56
-65809.11
-62610.66
-64368.34
-65532.56
-63917.19
-64632.41
-64145.74
-67091.42
-65196.90
-64263.15
-64426.33
-65157.19
-61628.84
-67305.91
-65929.91
-66567.28
-65480.66
-65540.60
-62003.12
-66598.82
-66168.17
-62836.87
-64270.66
-65428.84
-63864.25
-64092.87
-62642.78
-64073.27
-61735.39
-65268.21
-59382.70
-63217.98
-63572.54
-64631.97
-65035.51
-61658.74
-67268.45
-66365.64
-62960.62
-63990.15
-62243.77
-65552.79
-66837.92
-64415.02
-65214.36
-68369.11
-65240.05
-65539.16
-65868.83
-65929.62
-60419.62
-65572.58
-61352.43
-65107.31
-67802.61
-65051.26
-64964.63
-65775.10
-63452.18
-65639.19
-64304.42
-64756.61
-64533.84
-62142.16
-66452.75
-62583.29
-64548.54
-64053.42
-66264.15
-62629.05
-64268.49
-63739.49
-69781.93
-64674.41
-69185.04
-64698.22
-64285.56
-64177.60
-64036.46
-64982.40
-63068.42
-67026.14
-64256.25
-64665.44
-63063.24
-64260.15
-67487.23
-66282.27
-64837.95
-65049.86
-63353.12
-65299.02
-65175.73
-66994.76
-67028.86
-66695.46
-62010.64
-67499.87
-67577.35
-65685.51
-65568.39
-66961.05
-65647.17
-66909.49
-65614.09
-61949.76
-66176.99
-65346.66
-64638.47
-64759.73
-65354.69
-65454.52
-66202.05
-67857.77
-65473.84
-64804.96
-68001.05
-65944.29
-66867.92
-65244.29
-64566.05
-63644.93
-63733.85
-67603.35
-63746.12
-64879.42
-64926.74
-66199.72
-64415.20
-64554.08
-66310.17
-63471.14
-63417.69
-62204.64
-65172.64
-64050.25
-65990.78
-63721.82
-65681.62
-69250.40
-62519.74
-61950.18
-65727.01
-65006.64
-65731.41
-64322.19
-63575.89
-66592.40
-63874.01
-65238.42
-62691.24
-66809.66
-65248.91
-63570.07
-66298.99
-63851.04
-66219.29
-65169.01
-63079.16
-64360.36
-65889.49
-65328.02
-65688.17
-64140.05
-63527.16
-60948.14
-67187.62
-64565.50
-63352.45
-63412.78
-65394.22
-66400.58
-66556.98
-64206.58
-63247.83
-65271.23
-64718.70
-65261.16
-63593.81
-67994.59
-62756.26
-65792.49
-65123.39
-65185.00
-65418.24
-64564.44
-64783.79
-64304.14
-66167.77
-62977.15
-67156.12
-63670.90
-63772.05
-65225.62
-70422.40
-64821.72
-69421.67
-62910.43
-63948.69
-64681.65
-65469.35
-65529.98
-63987.86
-64368.83
-65375.67
-63428.43
-64974.92
-64019.48
-64224.54
-64001.48
-65538.17
-64006.56
-67676.84
-62608.44
-59320.40
-66895.32
-63997.07
-66675.11
-66547.83
-65783.13
-63061.58
-64235.79
-67413.31
-66184.71
-62880.44
-69896.56
-64919.61
-66912.26
-66909.48
-62482.44
-64826.16
-63051.68
-66926.00
-65353.83
-64414.25
-64755.37
-64780.47
-65124.99
-66247.46
-60261.30
-63601.33
-65881.61
-65734.98
-64659.46
-65223.07
-63258.11
-65991.09
-64792.87
-65654.08
-65073.03
-67517.03
-64250.35
-68535.69
-67112.97
-62315.33
-63144.74
-63390.17
-67271.42
-64073.19
-66777.70
-60612.39
-64457.91
-63645.97
-64569.59
-64862.29
-65284.51
-63221.96
-64918.64
-64728.08
-64100.50
-64995.46
-63833.26
-65955.76
-63868.73
-68695.67
-64155.28
-64610.36
-65723.64
-64131.28
-59661.56
-66947.11
-67755.75
-66441.12
-65283.76
-62220.80
-67638.65
-64965.99
-66833.36
-65386.32
-67143.87
-62712.27
-67486.37
-64721.86
-65313.48
-62864.31
-64848.93
-65874.69
-63951.73
-64462.26
-61811.06
-63822.11
-64407.39
-66305.59
-66367.52
-64767.81
-65461.15
-63988.93
-63015.70
-64523.60
