-75145.63
-75018.60
-79822.51
-73060.92
-80797.00
-75405.02
-79254.89
-78631.80
-81812.34
-81069.50
-74493.66
-75706.67
-72341.08
-77201.95
-77617.64
-76620.55
-75724.57
-80329.87
-79462.18
-81149.02
-83509.28
-78568.23
-81612.64
-78167.29
-78195.28
-79810.09
-77213.57
-75177.92
-76997.78
-77668.09
-78290.55
-77368.40
-73046.79
-77643.03
-77289.46
-77257.37
-77871.64
-82868.11
-77188.80
-75585.13
-80594.77
-79592.34
-79636.57
-79725.45
-79444.77
-79169.82
-82747.92
-77708.50
-79081.87
-80739.03
-76509.32
-79578.62
-82493.15
-82437.83
-77282.07
-80919.10
-79022.62
-79387.86
-78187.76
-76502.33
-80357.94
-75460.31
-81594.75
-78623.16
-80787.88
-78963.90
-78963.89
-80808.15
-75396.91
-79751.34
-76342.47
-75285.60
-77865.15
-78161.71
-78177.23
-77818.66
-77250.63
-77108.30
-79130.72
-79171.37
-77660.57
-78798.38
-80316.86
-78912.77
-75996.57
-78609.11
-79231.35
-79380.36
-78199.02
-81302.83
-78777.71
-80261.42
-79660.69
-78404.38
-81504.00
-77427.13
-78579.95
-77413.19
-82375.18
-78608.95
-79807.23
-79883.20
-80684.43
-80784.84
-79168.58
-78407.29
-79351.16
-77690.52
-76938.24
-77822.50
-77767.87
-77021.11
-79623.79
-82253.66
-79097.77
-78293.19
-82283.90
-79339.34
-82481.64
-79677.37
-76632.08
-78141.52
-78553.16
-79310.69
-77042.92
-81750.22
-78608.73
-78904.66
-80650.26
-79716.65
-79177.92
-78474.52
-78770.75
-79725.18
-78245.00
-80049.76
-78333.56
-79229.40
-79446.10
-78753.98
-79851.50
-78532.84
-79038.58
-80687.28
-81014.56
-80960.26
-75004.28
-76816.86
-76623.36
-76555.69
-81350.63
-76759.88
-77752.86
-77834.42
-79014.12
-78153.94
-78054.19
-79441.86
-77471.26
-80263.05
-79174.41
-80014.90
-79344.46
-79409.32
-78958.88
-78337.35
-79216.08
-78580.19
-76445.30
-82586.84
-81289.93
-81534.97
-80150.70
-79695.38
-79696.20
-78858.28
-79023.21
-79138.18
-79498.21
-77548.42
-73757.37
-87806.01
-78230.26
-80063.84
-75764.91
-73306.64
-79454.59
-78541.25
-77970.05
-82413.82
-76822.04
-77231.80
-80430.31
-76039.83
-76535.94
-80820.85
-79477.89
-79858.52
-76061.64
-79404.85
-83006.88
-77578.51
-80271.57
-78738.05
-77043.02
-81908.86
-81552.01
-82038.72
-80561.49
-82752.90
-75014.32
-75867.42
-78242.45
-75180.85
-75822.95
-72605.96
-78506.34
-81300.42
-80319.78
-74393.76
-78547.39
-78865.77
-77571.82
-77264.53
-78648.53
-78061.59
-76026.55
-80192.72
-78192.36
-81594.69
-79859.14
-81033.68
-79065.01
-81917.18
-78341.28
-77059.47
-78942.68
-78870.68
-80406.95
-80316.75
-78053.83
-77161.55
-77880.11
-77075.48
-80635.34
-74157.49
-81281.58
-78059.52
-79137.47
-79920.72
-77791.17
-78326.32
-79546.96
-80586.32
-79061.14
-79927.59
-78266.28
-76650.37
-79533.12
-77691.88
-80560.07
-82602.55
-78854.73
-81629.24
-79295.81
-78694.88
-77994.44
-76809.94
-77795.93
-81658.49
-78531.95
-78754.45
-76419.34
-76569.28
-78024.20
-82813.19
-80854.22
-76615.57
-75309.38
-78490.48
-79110.07
-81375.03
-77758.84
-82168.81
-73142.67
-77626.23
-76774.64
-77600.96
-75708.54
-78856.37
-77443.49
-81355.26
-82284.26
-81677.30
-73297.85
-80607.50
-76024.32
-77147.55
-78800.62
-76567.90
-77851.81
-78485.84
-78051.97
-80199.99
-77790.13
-79583.61
-80499.67
-72199.65
-77612.74
-80742.67
-82550.01
-77244.54
-79296.12
-80935.75
-77557.44
-78479.55
-80654.36
-72199.65
-81335.92
-77776.69
-78341.97
-82341.17
-77712.59
-79032.92
-73441.72
-81024.12
-82286.93
-81089.16
-72048.61
-80575.11
-81018.23
-77060.71
-79250.98
-78395.67
-76818.69
-76776.88
-76777.50
-80604.89
-79218.19
-76535.54
-77834.09
-79216.43
-79285.87
-78203.16
-78566.04
-83215.75
-78791.16
-78954.91
-78852.03
-75590.32
-78301.78
-77244.41
-79202.40
-79606.01
-83002.16
-72973.55
-75133.61
-78158.89
-75924.14
-80785.59
-82923.69
-82515.50
-78633.54
-79225.18
-77729.80
-78947.38
-75268.58
-77232.00
-76377.56
-83031.80
-78645.79
-79504.03
-78000.95
-80077.24
-79990.81
-76542.55
-81079.62
-79516.86
-77645.27
-76849.45
-76516.57
-79008.44
-81227.41
-79357.61
-78205.53
-80113.79
-79053.41
-78522.24
-78772.51
-76831.47
-76937.07
-80165.99
-78441.46
-76747.10
-78054.47
-78689.43
-79822.89
-79205.44
-76393.30
-81801.04
-80886.74
-80010.93
-79454.32
-76246.28
-79191.92
-80755.29
-81247.64
-80931.28
-80440.86
-80953.30
-80741.36
-79522.92
-80750.45
-77766.31
-80327.62
-79290.42
-81051.99
-79265.97
-76034.34
-80219.04
-79530.24
-75671.39
-77741.51
-79804.19
-79452.89
-79671.86
-78051.13
-76850.53
-81824.74
-79939.31
-82738.47
-85011.22
-81355.51
-79214.96
-80130.33
-80242.00
-74438.45
-77589.10
-85320.47
-80117.98
-78281.57
-76144.40
-77254.10
-76487.50
-78204.51
-78858.52
-78499.07
-78404.28
-80675.07
-81948.84
-78486.09
-77681.19
-78942.19
-78877.29
-78814.73
-78266.31
-77684.66
-78747.02
-77557.69
-78265.38
-79349.48
-82374.59
-82121.40
-78196.20
-81736.43
-79149.74
-73892.79
-81351.56
-84530.41
-79117.03
-76856.33
-75019.45
-80397.64
-77109.12
-80610.21
-75854.52
-77807.33
-81412.52
-71293.07
-75755.22
-76995.95
-78488.77
-72795.09
-79808.32
-80591.53
-77651.34
-81787.29
-77434.97
-78580.74
-82304.34
-75064.55
-82060.50
-78897.40
-78226.96
-82532.09
-84222.55
-79961.93
-75227.39
-80243.06
-79324.01
-78858.91
-80113.13
-80966.55
-77231.84
-79134.52
-75476.90
-77629.21
-81191.48
-80730.64
-77672.03
-72076.05
-78928.35
-77455.37
-80530.63
-73869.98
-83882.50
-79095.89
-78012.31
-78226.45
-78751.27
-78079.20
-78470.75
-78510.02
-80533.32
-77022.05
-76202.42
-74956.66
-77705.02
-77953.96
-81617.31
-81357.48
-78456.06
-81251.55
-80883.63
-74401.24
-79226.69
-78967.37
-75189.11
-81716.22
-78825.44
-81233.20
