-57281.46
-55799.67
-59881.42
-60282.54
-58329.78
-60078.44
-60886.71
-57028.78
-60738.96
-57605.56
-55768.50
-58106.45
-59470.41
-57739.65
-60119.01
-60793.68
-59525.12
-60938.09
-56383.56
-59962.07
-59588.84
-58981.00
-56157.36
-59993.65
-61476.62
-59128.76
-60167.25
-58948.28
-58392.10
-60961.17
-57885.55
-55230.16
-56060.79
-56757.19
-60645.39
-60472.11
-60436.03
-57823.46
-58743.19
-58769.53
-57944.03
-58333.07
-61141.62
-60272.45
-57349.05
-60746.39
-59279.80
-56550.32
-60497.56
-58829.15
-58844.71
-61479.40
-60903.40
-58266.08
-58520.73
-58175.83
-60372.33
-59320.73
-58356.14
-55230.16
-55182.60
-57343.18
-56829.70
-59839.25
-60753.86
-58266.11
-60306.07
-56575.04
-58572.32
-57281.31
-57337.58
-60391.12
-62073.95
-56835.40
-55308.13
-57237.02
-58000.24
-58207.92
-61506.48
-64445.77
-57851.05
-61690.50
-57904.36
-57703.68
-57490.36
-60515.71
-58517.26
-58797.37
-58431.92
-57490.99
-58703.68
-58683.73
-59676.09
-59696.25
-58686.36
-59331.37
-59639.38
-60382.02
-58611.44
-58322.43
-60008.74
-58086.92
-57750.21
-58650.74
-59115.54
-60893.10
-57338.16
-57811.96
-58353.36
-57766.11
-58108.89
-60464.08
-57393.88
-59870.84
-58753.42
-59436.09
-58133.03
-57613.40
-58846.96
-58759.01
-58353.16
-57818.10
-57689.50
-60808.43
-57138.15
-57755.75
-57975.40
-56772.89
-60025.98
-62149.63
-59348.41
-59276.46
-54765.03
-57962.63
-58362.81
-57625.03
-61994.22
-58461.31
-57583.11
-61799.48
-63538.73
-58266.37
-54309.96
-58939.53
-58874.11
-61460.39
-58900.86
-56569.65
-58074.99
-58719.94
-58789.78
-58068.48
-59445.70
-58568.33
-58269.74
-58542.35
-62353.07
-59260.84
-61350.03
-60587.17
-60616.11
-59301.84
-59186.41
-58278.89
-58007.87
-57683.82
-60548.33
-58301.88
-59837.71
-54799.26
-58761.67
-58142.35
-57791.12
-56898.88
-60671.18
-58602.84
-61058.70
-59596.84
-57015.39
-59331.05
-61353.00
-60292.53
-64491.26
-57813.07
-57444.87
-58435.36
-66101.62
-59308.57
-54080.17
-59149.53
-62589.07
-57363.13
-56019.16
-61360.71
-60717.56
-61373.39
-60649.55
-61302.11
-59837.96
-57932.47
-59094.97
-57849.14
-59563.36
-61424.03
-59709.80
-59172.18
-57316.01
-57489.54
-63261.92
-58201.13
-58250.80
-56998.55
-59742.60
-58812.26
-58623.71
-59929.56
-60662.69
-58195.10
-59390.22
-60203.17
-58173.45
-58720.83
-59309.21
-58066.44
-57322.46
-59382.35
-57449.24
-59610.38
-59995.18
-58345.04
-59178.42
-57431.03
-58226.13
-60376.88
-58239.94
-57643.92
-58492.82
-60891.03
-59053.84
-58848.38
-60342.93
-58817.04
-60296.31
-60337.60
-59303.12
-60375.35
-59268.79
-58048.40
-59302.88
-58457.41
-58428.63
-56141.92
-60472.67
-58517.80
-58901.12
-58636.34
-58056.82
-57939.47
-58349.24
-58450.98
-58862.44
-58431.48
-57183.11
-62253.04
-60432.75
-58844.33
-59025.67
-61104.48
-55595.49
-60192.85
-59188.05
-60140.03
-55909.19
-58194.19
-61454.98
-60734.31
-59189.48
-56201.19
-59523.80
-59719.83
-57687.02
-64566.56
-59554.88
-56722.40
-55916.94
-58836.60
-56891.92
-57710.42
-58058.80
-58910.69
-59763.77
-61428.96
-57645.86
-60377.95
-58754.30
-60299.05
-61885.31
-57876.21
-58679.48
-58046.68
-58819.68
-60151.96
-58724.33
-61428.39
-59489.82
-55600.33
-58384.70
-58736.44
-58270.74
-58738.69
-58323.38
-58855.21
-58693.24
-60368.23
-59491.98
-58595.25
-57534.16
-58804.97
-59717.04
-58629.16
-61823.95
-59607.52
-58075.19
-59522.81
-58829.32
-59786.94
-59949.72
-59910.76
-58788.57
-58591.41
-58516.40
-59450.05
-61798.97
-59719.52
-61675.02
-57988.96
-59157.00
-57992.95
-60705.60
-59081.17
-57711.51
-61657.93
-59097.82
-60991.21
-60856.83
-58195.17
-58963.33
-60036.52
-59441.89
-58883.05
-53343.67
-60142.56
-58178.59
-64550.74
-58724.93
-59141.82
-59926.88
-59613.51
-57566.87
-60582.20
-59919.41
-56593.15
-58855.43
-56950.72
-60034.45
-59609.78
-58767.32
-60097.98
-58898.76
-58238.82
-56493.12
-57394.25
-57455.00
-51513.74
-56113.64
-59630.59
-58028.42
-59949.63
-55676.77
-56631.09
-56459.99
-57855.26
-57089.98
-57244.53
-57632.27
-55834.40
-54422.79
-59212.16
-58399.48
-55699.65
-59031.55
-56700.99
-56905.07
-57082.05
-58918.86
-59799.96
-53971.10
-58044.01
-57791.93
-59051.45
-59807.42
-61529.37
-55931.57
-57095.61
-58945.87
-54782.54
-57579.12
-54739.86
-58119.59
-59446.63
-61060.67
-59794.51
-58491.32
-61028.16
-59532.09
-59695.63
-59011.11
-57518.92
-55995.58
-58557.00
-57781.09
-58109.59
-60703.20
-56716.13
-59881.35
-59015.60
-60338.58
-58308.70
-60875.22
-61117.58
-58949.10
-60332.23
-55885.75
-59740.18
-60571.65
-56802.87
-58832.92
-58568.96
-62478.83
-59738.41
-61603.76
-60254.05
-60440.93
-56609.81
-59645.32
-57790.83
-59967.79
-61524.67
-61788.87
-55489.91
-58449.99
-56328.73
-57347.19
-59140.02
-55780.02
-57851.50
-61815.53
-58698.89
-59606.80
-56887.80
-60363.08
-58480.70
-56947.50
-56345.75
-57413.80
-60873.52
-56083.98
-58041.99
-57086.00
-58761.05
-56514.92
-56378.09
-56560.46
-58222.32
-61362.70
-57895.03
-58227.34
-58632.25
-60184.07
-60949.15
-58314.04
-59299.82
-58805.03
-58747.04
-60582.28
-58624.96
-58481.03
-61526.48
-61010.60
-57193.48
-57829.11
-57865.43
-59071.62
-58518.54
-57265.32
-59921.05
-58637.35
-60023.56
-62024.46
-59385.98
-56974.43
-58906.71
-60235.04
-59183.73
-58346.35
-60112.67
-57537.89
-60703.77
-60030.75
-58114.51
-58160.67
-56012.71
-58237.88
-57336.34
-59281.43
-55069.74
-57541.46
-58791.64
-60286.39
-59359.36
-55566.23
-58258.59
-57975.17
-57551.80
-55986.24
-57080.14
-57091.03
-55728.52
-59103.42
-58310.41
-59576.43
-59147.87
-57102.82
-61015.24
-59899.79
-58788.48
-59348.48
-58674.35
-57567.39
-57776.11
-57969.02
-57206.81
-59914.15
-56004.06
-58283.23
-55924.41
-59778.78
-56567.86
-60621.82
-57421.29
-60762.31
-57178.24
-60251.94
-55943.62
-58117.83
