-102376.52
-95638.61
-106492.86
-105425.31
-108737.72
-106141.57
-98977.20
-107432.75
-109026.00
-106772.35
-103848.03
-103918.70
-104628.76
-101697.59
-108250.49
-107419.38
-108768.67
-107393.98
-100326.67
-98708.15
-102969.32
-105789.30
-102344.29
-106002.58
-105567.06
-107963.39
-104737.79
-107706.39
-103551.83
-104672.04
-111199.51
-103326.46
-105660.14
-99613.69
-107329.13
-102051.62
-100985.09
-108067.71
-104854.76
-105526.27
-104428.90
-100495.67
-104039.98
-104712.78
-105696.52
-104811.70
-110685.99
-101364.77
-104959.38
-105740.12
-106217.05
-103439.27
-102407.50
-109584.56
-106663.12
-99606.36
-102316.00
-105086.34
-103179.90
-104554.59
-105577.04
-110679.90
-106992.13
-108755.33
-108061.44
-111654.69
-117703.72
-110847.25
-110986.47
-107513.52
-105431.32
-106102.01
-107253.89
-112223.78
-106777.31
-106375.96
-105848.20
-106044.03
-105643.20
-106728.41
-112494.56
-108020.85
-105651.59
-104716.65
-103261.56
-103186.92
-106685.48
-107491.12
-103399.38
-105017.16
-111558.43
-101823.75
-109626.32
-104927.20
-104788.73
-114045.99
-102111.89
-107890.71
-107429.59
-104781.41
-103638.91
-103595.70
-101750.24
-103278.23
-106820.43
-106312.64
-105395.81
-105302.81
-105134.23
-108356.16
-102798.23
-107672.82
-99730.22
-104353.38
-101877.55
-109261.05
-110576.50
-107379.78
-101495.32
-105533.75
-105613.67
-106024.69
-104678.38
-104909.10
-101506.02
-101561.02
-105174.52
-108996.66
-106035.69
-110798.01
-106364.73
-106120.99
-109046.16
-106666.05
-97962.54
-102951.63
-107618.65
-109281.73
-114034.12
-109649.06
-108122.69
-104217.37
-102817.57
-101806.35
-103862.06
-105947.73
-109225.23
-101750.25
-104432.55
-102988.57
-109759.57
-105126.45
-107255.63
-105756.53
-105261.09
-106319.74
-108133.73
-104366.89
-109651.01
-105257.76
-99703.26
-105862.04
-108458.08
-106821.28
-101786.74
-106488.13
-103690.39
-107892.68
-103450.97
-105087.74
-100989.78
-104720.83
-105560.24
-105695.37
-106738.73
-104081.58
-104546.73
-100758.33
-108526.96
-108607.15
-106995.34
-101971.84
-101921.58
-108004.80
-106270.88
-102941.91
-110588.90
-104003.10
-104143.81
-106565.57
-106512.33
-107518.64
-101699.66
-101505.99
-103112.81
-105682.27
-103342.92
-111669.13
-112114.22
-106167.66
-108524.53
-109126.73
-102133.14
-106631.01
-102386.71
-109014.24
-107666.15
-110204.70
-104467.76
-101727.30
-104892.37
-104528.52
-104839.41
-105080.79
-103208.91
-105901.69
-104769.33
-104040.29
-106426.68
-107818.89
-106277.19
-110340.55
-101288.86
-105359.03
-104403.44
-104227.28
-106932.94
-106114.36
-106333.05
-110080.35
-114453.67
-109957.85
-102630.13
-107553.26
-109492.91
-105392.48
-105465.58
-102246.88
-107465.53
-110191.14
-104714.05
-105489.49
-112263.53
-106733.79
-109716.02
-102945.21
-107824.33
-111048.00
-110990.02
-107450.66
-106733.09
-107192.32
-106411.60
-107896.21
-113667.96
-111748.44
-103475.39
-106536.34
-112453.57
-106094.41
-106251.90
-107772.50
-110136.52
-105048.92
-107406.43
-105869.07
-108632.88
-106948.33
-106295.66
-99569.92
-103770.62
-109249.10
-105004.30
-106378.51
-105881.59
-108201.34
-105817.10
-106207.44
-106665.82
-107618.85
-106278.13
-111236.59
-108997.08
-109647.94
-103276.77
-108471.29
-105960.89
-107700.03
-103350.66
-107578.55
-108136.50
-109297.16
-112495.42
-108862.13
-106589.17
-106794.47
-108492.25
-106261.70
-107483.16
-106792.56
-109803.38
-105218.33
-104579.67
-111314.17
-106893.54
-106542.12
-107204.53
-104186.69
-103633.59
-107473.28
-101474.96
-104069.61
-108321.19
-99412.36
-104925.41
-104092.41
-107117.67
-105740.23
-106676.98
-103550.25
-100910.36
-106853.17
-108693.09
-105456.05
-102623.47
-103624.21
-109373.21
-105790.30
-102783.43
-106726.75
-107022.60
-106125.29
-103648.72
-108556.23
-108987.00
-107987.85
-109079.19
-110262.43
-107706.08
-97296.10
-103667.51
-104361.46
-106157.08
-112261.27
-111014.11
-107778.80
-104461.66
-109238.11
-106286.73
-105802.31
-103646.86
-105651.96
-106798.84
-110387.29
-100045.26
-111195.10
-101933.32
-104062.34
-107569.38
-108822.73
-109783.49
-105166.79
-103728.20
-104003.54
-103710.50
-106272.13
-102108.67
-110193.96
-101900.01
-107007.50
-103795.89
-103479.19
-102655.57
-103834.81
-107700.87
-105655.12
-106577.64
-107218.72
-106253.30
-106594.33
-109715.54
-107274.98
-109485.70
-108519.49
-107759.49
-101085.29
-104652.93
-105684.58
-106604.16
-108263.76
-106313.61
-107615.31
-107530.34
-107852.51
-111539.41
-98057.42
-102129.44
-105271.15
-109544.26
-109283.26
-110842.69
-108677.11
-105114.02
-104285.40
-110421.22
-105540.41
-109306.82
-103755.46
-102372.08
-107028.98
-102697.10
-110648.99
-107841.02
-111267.17
-107613.05
-108701.00
-103794.16
-108475.22
-103994.08
-107535.24
-104776.46
-103479.15
-103755.35
-105545.02
-104274.89
-111394.15
-108726.82
-105717.87
-107978.09
-106378.00
-107677.01
-101584.56
-105305.90
-111217.56
-108885.52
-106965.89
-102047.27
-110334.51
-103816.68
-106922.32
-106231.21
-106594.67
-105937.12
-107458.42
-107024.66
-108846.77
-107152.62
-106729.51
-107710.79
-108281.12
-108945.79
-113956.64
-108104.21
-102597.29
-109027.38
-105113.16
-108379.19
-108944.29
-98554.22
-105771.30
-106422.20
-110401.81
-102575.36
-102477.52
-110484.90
-100820.42
-105788.03
-106842.28
-107398.48
-103272.57
-104358.05
-106690.56
-103471.38
-107123.03
-105331.67
-108967.77
-103751.69
-105834.83
-105225.27
-105369.33
-106174.52
-108816.02
-104199.73
-108841.18
-102699.73
-105212.48
-102195.48
-102882.13
-104282.52
-106327.16
-106552.01
-113306.19
-107004.07
-107730.23
-106277.81
-105950.07
-105225.81
-104943.89
-104967.04
-105617.87
-104444.50
-107500.67
-105573.36
-104956.00
-106621.25
-108905.06
-102785.67
-106181.83
-108537.64
-106597.25
-106896.10
-108537.09
-110354.75
-104086.78
-106363.18
-112977.24
-108139.97
-110096.47
-107276.60
-107703.91
-111709.13
-112872.65
-108963.71
-109195.89
-109021.39
-109711.44
-102142.23
-104292.27
-101112.66
-105918.70
-105915.08
-106503.45
-105576.98
-106016.12
