-90666.08
-89100.47
-83265.46
-85689.10
-85653.90
-83621.03
-88324.74
-89082.80
-90984.14
-89306.81
-84327.91
-90055.86
-83260.47
-84118.16
-87926.50
-85821.09
-83202.72
-86090.37
-85664.34
-88621.18
-80082.35
-86792.88
-86238.51
-87109.98
-88718.35
-89769.00
-89250.67
-87424.18
-88283.91
-90062.41
-91121.38
-85535.71
-79772.80
-86533.08
-87396.01
-85738.95
-86536.00
-85197.15
-90588.03
-89013.58
-86922.74
-87955.21
-87005.77
-85818.14
-87404.30
-91277.80
-88580.06
-92601.94
-86304.21
-88367.92
-89231.10
-87204.85
-82009.34
-87866.79
-77190.46
-87197.53
-84578.31
-94206.82
-85694.93
-87318.11
-85307.67
-87789.35
-85985.30
-90704.82
-86776.23
-86851.53
-85969.17
-86061.46
-92520.43
-89247.60
-89115.32
-91259.42
-87521.57
-88089.55
-87652.95
-91394.06
-88164.82
-84573.20
-90453.45
-81715.87
-93870.15
-86407.02
-85402.58
-84848.51
-87493.73
-88100.10
-84827.42
-87538.25
-86271.42
-87392.95
-87360.75
-89638.62
-91752.70
-89112.78
-90326.73
-85971.78
-85434.95
-85214.91
-85610.06
-77190.46
-90775.14
-86229.99
-89988.15
-87572.73
-93544.84
-88964.78
-86684.61
-86062.62
-85000.98
-89824.34
-91285.58
-88821.97
-94066.70
-83239.53
-87133.23
-85820.70
-77190.46
-84687.98
-92399.50
-86845.83
-89930.21
-86833.70
-77190.46
-83667.89
-88913.20
-87793.66
-82359.13
-88846.83
-86713.92
-87895.97
-77190.46
-84053.02
-81716.50
-91168.39
-84799.39
-90324.81
-89021.38
-86587.90
-86992.47
-85985.70
-87619.87
-97215.38
-83486.82
-87594.76
-85550.42
-90595.14
-86720.11
-88706.02
-84089.55
-88373.78
-86979.41
-87003.37
-82845.97
-85989.80
-90091.31
-87222.58
-86590.16
-77190.46
-83022.57
-84030.49
-88826.26
-87315.04
-88871.77
-87606.32
-86830.39
-88915.35
-94249.04
-91888.13
-83518.01
-77190.46
-86593.06
-89132.21
-85092.91
-92388.22
-86870.16
-86016.68
-88063.74
-89827.04
-87448.07
-86828.19
-81733.65
-88941.57
-82998.49
-86862.80
-91287.95
-87771.47
-83133.69
-86215.51
-90273.75
-87530.55
-84978.91
-89991.73
-83850.66
-83930.77
-83377.19
-89390.55
-87029.12
-86029.88
-85582.09
-92300.79
-88810.16
-92842.15
-77190.46
-88619.02
-85508.61
-91972.50
-85689.88
-84982.33
-83715.76
-83909.82
-87654.07
-87757.67
-89807.82
-87237.57
-87962.78
-83601.69
-89460.03
-87040.81
-87942.42
-83190.90
-85444.62
-87407.65
-88927.74
-91245.12
-89264.54
-92070.75
-83802.64
-85875.52
-85208.75
-87452.84
-86508.08
-86751.69
-83739.42
-91687.52
-85137.02
-85547.78
-85877.10
-86797.05
-86697.54
-87189.02
-77190.46
-90111.68
-84621.35
-85864.62
-88376.93
-82485.14
-85382.11
-83159.24
-84045.59
-86643.84
-91237.64
-87207.83
-88225.28
-83204.47
-90546.16
-90792.50
-88121.38
-83005.44
-88721.67
-85621.55
-90304.80
-94768.44
-83495.55
-88865.41
-83150.33
-84803.60
-85476.05
-85447.83
-85758.20
-93093.56
-87424.08
-86860.97
-82811.62
-85714.82
-88408.49
-85095.82
-85490.42
-87012.66
-86980.23
-86191.31
-90758.91
-86288.53
-85949.77
-84344.30
-85423.28
-83579.46
-86131.90
-86720.25
-85430.61
-89451.49
-87012.21
-85471.37
-92386.03
-86971.09
-89508.18
-88013.12
-85324.84
-88549.49
-88927.77
-92590.63
-88079.81
-90593.12
-86824.71
-87976.35
-86454.28
-88150.48
-87304.12
-86629.05
-90381.04
-91076.16
-87036.90
-90491.30
-90315.60
-87986.72
-90463.00
-87916.67
-87965.67
-89829.01
-89187.23
-88038.88
-86486.59
-87977.57
-83529.40
-84034.28
-90212.30
-87055.23
-86418.65
-85746.41
-87472.39
-86890.11
-77190.46
-84986.71
-84717.60
-90051.44
-84450.13
-86272.89
-86258.43
-88764.27
-83341.27
-86826.05
-90805.85
-87859.14
-84081.26
-87834.00
-88818.42
-89254.96
-83419.30
-85692.56
-90735.64
-88123.62
-88688.44
-89713.82
-86331.63
-91771.78
-83821.90
-90952.22
-86786.84
-85838.52
-91781.52
-91987.45
-83909.65
-92566.19
-85565.99
-80378.53
-77190.46
-88551.78
-84280.88
-85200.95
-81880.45
-86993.64
-86514.63
-86540.06
-87048.90
-84723.63
-87313.90
-87196.77
-77190.46
-85955.82
-88102.15
-89078.99
-89321.60
-88868.33
-88887.32
-88011.67
-84323.75
-86432.72
-89817.83
-89669.61
-87315.96
-87085.58
-89031.77
-88495.38
-89494.93
-86761.68
-90014.20
-88139.41
-83442.23
-88320.86
-83861.96
-80060.99
-86734.65
-89398.96
-90064.11
-89985.39
-86600.24
-86068.53
-90368.24
-86000.33
-89251.86
-91651.12
-92032.14
-88516.36
-87607.67
-88760.22
-87944.85
-89283.32
-86150.77
-87449.40
-90161.35
-82133.07
-89682.21
-86757.45
-89172.69
-92535.68
-85966.01
-87788.63
-87310.38
-89161.64
-88293.03
-81319.26
-86591.09
-89281.44
-91508.61
-87379.70
-87355.27
-86919.08
-87057.16
-88065.61
-86512.28
-91462.15
-86586.64
-86490.29
-81012.38
-86619.60
-85609.16
-88772.57
-83838.40
-86639.58
-89029.17
-86897.02
-90935.30
-87669.36
-87949.72
-89850.96
-88053.50
-89386.64
-90301.43
-86362.65
-86244.61
-89403.77
-92509.66
-82270.79
-90442.05
-88302.40
-91289.60
-92031.65
-92135.81
-88789.79
-84682.99
-87328.68
-83929.97
-77190.46
-86786.67
-86038.27
-88188.45
-94894.38
-88055.02
-88379.11
-88924.52
-87792.73
-85014.46
-87307.88
-86541.11
-94006.84
-87360.26
-89021.31
-86673.04
-86882.53
-88238.37
-88620.98
-88881.78
-88404.17
-87521.77
-83070.73
-85822.58
-89309.05
-88466.96
-88733.21
-90079.91
-88189.18
-89071.01
-87399.53
-87954.73
-91838.98
-85715.54
-90988.29
-86094.49
-86407.76
-88574.23
-89511.85
-87371.49
-84405.12
-84752.88
-86335.94
-85601.95
-89487.95
-90610.05
-82127.59
-87242.19
-91171.91
-88741.07
-88814.84
-84318.82
-90408.41
-88076.25
-85779.74
-87726.45
-87755.75
-87094.48
-85699.04
-85964.62
-92148.91
-91356.10
-85270.16
-91133.88
-85264.18
-88905.94
-83135.48
-87406.27
-82902.22
-93260.97
-89123.32
