-97939.63
-89865.05
-97796.39
-98687.00
-98866.64
-96016.67
-98871.97
-91181.84
-101411.12
-93371.06
-96017.10
-94376.84
-99017.22
-92047.99
-97898.01
-99375.15
-92123.39
-98672.59
-97524.11
-94526.54
-100859.86
-97888.32
-98898.49
-94677.65
-97479.29
-94474.89
-99800.02
-95470.26
-96002.91
-103062.82
-96659.70
-96949.19
-100196.23
-97478.76
-99402.86
-92479.83
-93670.63
-95603.75
-94171.69
-98322.47
-98957.39
-90740.62
-90704.25
-97265.99
-98285.35
-95274.17
-96061.07
-95888.72
-97607.47
-95878.22
-90349.30
-97534.65
-94731.41
-96306.61
-91626.74
-99143.41
-96471.73
-97759.26
-98220.78
-99593.95
-99366.37
-99551.74
-99895.30
-96449.30
-92122.76
-96908.60
-99465.91
-97212.12
-99179.15
-96542.42
-99181.05
-96378.30
-94982.79
-99117.74
-101057.95
-96336.22
-101712.93
-98167.21
-100344.90
-97596.80
-99216.11
-96934.14
-98404.54
-96275.22
-95615.43
-96343.29
-95852.91
-95302.19
-94047.89
-91813.89
-95507.25
-93610.79
-97835.06
-94648.33
-96011.32
-104465.07
-97945.29
-94988.04
-98058.77
-89865.05
-92535.64
-92464.85
-101300.96
-92426.54
-97646.36
-91967.57
-93657.63
-99249.89
-98917.24
-97057.90
-100012.08
-98950.46
-99903.45
-101708.94
-98727.62
-96877.39
-96072.89
-95771.39
-100566.31
-92865.17
-93652.56
-95025.31
-92952.78
-93468.44
-94381.90
-99564.13
-99894.59
-97478.05
-96638.67
-95431.40
-100276.61
-99146.02
-96520.81
-95801.94
-98107.96
-95578.75
-96953.37
-83713.04
-99866.32
-99283.51
-98739.29
-97763.03
-99682.40
-94795.64
-98148.86
-97032.44
-98860.39
-95618.83
-97209.04
-98302.81
-91575.89
-98037.67
-95551.89
-91063.26
-103309.44
-96132.26
-95049.81
-92621.80
-99126.67
-95539.25
-97966.11
-91497.26
-98840.12
-94988.32
-90622.39
-101505.38
-97863.45
-94194.06
-94377.55
-98369.84
-98586.88
-101943.66
-94668.26
-101773.62
-93724.29
-92952.16
-100824.26
-90784.61
-95111.04
-98659.68
-106933.79
-98126.62
-96516.14
-97421.20
-98902.05
-98843.52
-96419.16
-96911.89
-96439.02
-93385.62
-101897.76
-98959.23
-91925.79
-96213.84
-94115.20
-92695.68
-98153.04
-95365.44
-95816.93
-93505.67
-93149.52
-99896.78
-93769.20
-98501.84
-94832.39
-99949.10
-102392.56
-98039.67
-97712.78
-94042.63
-95282.18
-97585.40
-93803.30
-100998.59
-91682.25
-93377.84
-91707.73
-94685.20
-92113.94
-93918.72
-101031.05
-95771.14
-94622.27
-95750.53
-98563.22
-93812.71
-93768.77
-98120.89
-96599.92
-93339.66
-96073.25
-96155.06
-96468.97
-96007.27
-95216.09
-94408.97
-95542.28
-95088.09
-93827.71
-91908.36
-95938.52
-97006.29
-104277.91
-95820.32
-96060.03
-92132.39
-98713.11
-97297.61
-96785.59
-96133.04
-96262.70
-99221.08
-93216.31
-89762.10
-97974.43
-97936.95
-94553.67
-97432.67
-99278.19
-96468.49
-99804.56
-100643.74
-95245.21
-91305.94
-96021.98
-92431.78
-94720.59
-87586.57
-99597.10
-93420.51
-95013.91
-94708.48
-96727.33
-96121.80
-91760.30
-85783.23
-90764.93
-96738.28
-97147.98
-99901.05
-97446.47
-96328.42
-97968.65
-96953.01
-95555.12
-92962.42
-101511.31
-95980.61
-97342.62
-96122.17
-98565.39
-96380.20
-94513.33
-89872.29
-93917.98
-95904.35
-93918.12
-96655.18
-95922.88
-94655.84
-92676.89
-99588.90
-100580.99
-90996.98
-96168.96
-97495.63
-97011.53
-93862.43
-95715.62
-95779.84
-94548.19
-100444.98
-94413.40
-94065.91
-95788.97
-93360.89
-102038.04
-95652.53
-98174.40
-96515.04
-94438.14
-97205.72
-95994.97
-99198.72
-97950.22
-98334.63
-96844.28
-95422.78
-94573.04
-98951.37
-96968.16
-92326.34
-95423.55
-94974.54
-97545.06
-98134.68
-99391.17
-98219.72
-97537.36
-96860.12
-96401.70
-92003.49
-95349.13
-97486.75
-88679.13
-94636.49
-94813.61
-95050.33
-96469.78
-91080.86
-96465.89
-99011.56
-96203.98
-97622.61
-95906.17
-95637.59
-96683.06
-88782.33
-99373.58
-95213.39
-96178.88
-97073.45
-99014.27
-95878.14
-95789.72
-101689.96
-94943.80
-100140.02
-94588.77
-95297.13
-95851.20
-98990.17
-96977.36
-93784.35
-97448.25
-97243.16
-94350.78
-93965.61
-93243.88
-98848.99
-95122.89
-93371.30
-94372.95
-92606.49
-99437.67
-98613.12
-97602.73
-100277.32
-97865.98
-86791.99
-95413.38
-91437.56
-91063.00
-90933.38
-93791.71
-99019.35
-99186.71
-93417.63
-93540.36
-94184.67
-87593.53
-98851.30
-96478.37
-99886.65
-97285.55
-100465.89
-99345.20
-97744.56
-99307.14
-97020.64
-91464.10
-88980.59
-98233.09
-99437.42
-97239.11
-91520.00
-93283.96
-95826.43
-97007.12
-97380.19
-97196.43
-97355.30
-95484.69
-98034.19
-97667.48
-95109.05
-98524.85
-95511.66
-97143.40
-96343.12
-91796.24
-97216.84
-93829.10
-97431.97
-97890.62
-98085.77
-98019.28
-97762.89
-97918.27
-95465.46
-90776.89
-97273.05
-98758.12
-95714.03
-98502.57
-97888.14
-96914.54
-99839.35
-96897.80
-100333.53
-98799.51
-94411.43
-96143.41
-96189.02
-98113.81
-96319.21
-99875.64
-93313.07
-100758.82
-95126.97
-97828.61
-96048.83
-95476.15
-94113.12
-93662.52
-93125.94
-100024.22
-95595.50
-97731.25
-98496.54
-94719.16
-98358.31
-98934.36
-94438.09
-95839.98
-104219.40
-95597.82
-99609.19
-102520.69
-98686.68
-90727.18
-92294.72
-91312.61
-93449.39
-97323.94
-93358.61
-94416.93
-95124.19
-97449.85
-95849.14
-94980.54
-93342.74
-95864.13
-99053.31
-99963.61
-97983.04
-98009.49
-94806.36
-99529.90
-97602.49
-93580.47
-94607.78
-91976.97
-99208.41
-94835.91
-94085.02
-94006.94
-94700.47
-99631.62
-95890.63
-96884.06
-95485.40
-94066.95
-96706.00
-90786.38
-94833.89
-98622.88
-102671.96
-101059.99
-97880.16
-96640.77
-100051.66
-97841.51
-93608.65
-94763.95
-95860.92
-95535.24
-95834.13
-96371.21
-96345.13
-99675.91
-97410.70
-98482.44
-90647.97
-97549.08
-94267.18
-98298.78
-97067.22
-98300.35
-91984.31
-99448.51
-92383.51
-98945.72
-96873.23
-92319.55
-93532.71
-90282.88
-94251.81
-94072.48
-101965.75
-93163.61
-96495.12
-99610.25
-96494.46
-97516.86
-90248.81
