-64774.38
-73325.32
-69862.55
-71198.63
-71989.26
-69893.29
-72397.93
-69686.73
-72583.29
-71472.09
-73081.40
-68719.83
-73884.28
-72188.40
-69400.68
-73017.40
-70249.30
-69434.47
-65636.09
-74905.66
-72548.57
-72013.29
-73803.65
-73529.81
-69077.14
-72257.37
-69680.65
-73151.00
-71443.46
-71473.70
-65808.25
-73164.58
-73117.24
-70047.94
-68643.32
-70927.19
-67318.61
-69552.51
-71053.31
-72240.87
-73417.75
-72627.22
-74510.05
-74460.10
-70493.23
-74806.77
-69065.82
-71417.11
-71621.42
-70864.54
-73536.23
-70986.20
-70095.59
-75099.80
-71314.32
-71345.53
-70738.50
-71474.36
-70816.50
-70462.28
-71167.78
-74486.01
-71618.51
-68472.39
-71934.27
-74954.94
-71310.64
-70943.47
-70176.62
-70777.29
-73220.61
-71357.69
-71625.14
-74243.92
-73668.80
-68574.00
-73203.62
-68009.58
-74593.31
-70378.42
-70990.48
-73955.28
-68535.71
-71194.25
-69735.56
-68514.06
-71532.28
-73742.62
-73518.02
-71189.38
-72936.56
-71574.66
-74080.94
-71314.71
-71408.84
-69483.36
-69508.74
-70429.47
-67487.85
-67266.51
-70861.02
-70558.38
-69580.20
-70073.84
-70148.02
-72313.83
-67382.63
-74810.18
-70118.43
-71891.27
-70789.89
-70742.02
-70596.32
-69842.58
-69456.73
-67809.19
-76321.52
-70676.91
-67537.60
-73714.25
-70511.80
-73474.33
-72417.24
-73138.65
-72807.31
-67791.66
-71307.16
-72031.98
-73211.63
-72599.62
-71577.39
-71896.81
-71953.93
-72258.08
-76122.60
-71565.07
-71942.95
-67913.70
-71335.02
-67451.93
-71617.94
-69270.91
-71612.64
-71260.78
-72391.46
-74129.40
-71628.56
-72057.33
-72148.44
-71525.21
-71583.30
-70485.24
-72371.99
-70805.19
-71060.80
-70368.59
-70783.31
-70040.09
-73274.58
-72948.09
-70622.75
-72370.57
-71496.04
-74086.48
-70542.42
-72434.78
-69092.70
-71236.78
-69976.56
-68971.92
-70314.09
-71915.94
-67601.63
-70666.05
-70529.10
-74109.03
-74460.98
-73130.47
-74870.64
-67694.07
-75824.62
-68538.84
-74191.82
-72990.29
-67770.09
-72511.18
-70593.37
-74711.66
-73695.24
-72816.77
-72869.27
-72485.67
-71301.17
-71228.17
-73827.81
-73166.89
-73277.34
-70427.70
-70552.42
-73236.45
-73336.85
-69115.03
-69110.71
-69414.33
-74344.41
-71863.19
-74119.19
-71957.03
-74153.87
-68358.44
-70529.29
-68696.69
-72203.35
-72657.28
-69463.26
-68152.00
-70068.09
-73497.93
-71097.25
-73583.12
-71980.48
-72035.30
-72158.11
-72912.88
-71230.42
-68589.06
-74097.43
-71114.73
-70572.95
-69306.79
-68662.55
-74964.51
-71254.09
-71587.88
-71101.31
-71001.23
-67186.75
-70091.75
-72815.70
-70338.29
-71001.87
-72203.99
-73436.36
-75451.90
-71165.19
-71525.80
-70690.66
-72947.54
-72651.56
-71081.17
-74488.90
-68513.94
-71299.56
-72009.69
-75948.90
-71727.63
-73033.59
-72701.04
-70017.22
-70253.28
-70247.69
-70168.97
-69579.86
-70533.12
-72718.61
-70586.23
-71072.42
-71678.91
-69769.26
-73001.40
-67385.14
-70256.24
-70340.00
-74035.65
-72412.68
-71654.58
-72617.81
-71899.96
-71514.41
-71527.25
-70544.61
-70729.55
-71085.50
-70786.19
-70600.09
-70759.08
-72863.41
-73224.10
-72452.31
-66342.47
-67711.04
-68850.64
-69726.23
-67572.44
-70998.73
-68776.10
-72799.99
-70572.08
-72565.38
-71430.12
-72287.71
-72257.70
-71553.44
-71256.12
-72118.06
-69295.58
-71809.58
-70884.66
-72473.55
-73195.09
-72876.19
-70456.99
-73087.94
-72941.69
-68787.77
-73060.74
-71232.83
-71640.30
-70518.79
-70600.80
-74036.83
-74031.79
-72005.39
-67973.62
-71608.83
-75187.60
-71780.58
-72987.91
-72461.03
-72484.34
-74894.43
-70259.10
-73458.87
-72171.70
-68512.19
-71545.95
-69935.14
-66441.42
-70998.19
-69289.52
-68567.29
-73759.26
-69825.89
-72291.49
-70721.40
-71338.55
-65994.27
-71125.18
-68928.69
-72706.32
-69852.83
-71050.74
-72887.49
-74691.15
-71340.96
-72287.59
-69572.88
-67874.09
-74012.80
-69233.97
-69573.68
-69846.05
-76716.79
-69436.61
-69108.54
-67432.66
-68811.34
-70285.95
-73546.47
-71047.28
-68313.26
-70866.68
-69432.63
-71153.02
-70258.83
-72374.25
-73145.97
-76151.54
-70825.74
-70897.55
-70498.68
-72506.37
-72202.86
-71669.95
-68811.38
-71441.42
-69252.54
-73967.79
-72666.70
-69318.24
-74006.12
-70165.17
-66214.38
-73775.13
-70331.80
-68017.99
-70878.08
-74270.31
-71154.31
-73943.30
-70200.84
-72646.18
-72785.56
-72080.36
-68169.93
-69136.56
-68953.19
-71008.80
-70288.12
-70645.32
-73044.06
-74842.70
-73948.02
-73771.39
-73710.82
-74894.00
-69401.09
-73395.46
-70486.26
-71847.94
-68784.96
-73810.64
-68834.68
-71026.69
-73071.11
-66483.20
-72645.34
-69709.08
-72143.38
-74730.20
-72597.03
-72504.70
-71593.22
-75605.34
-74003.73
-73261.65
-67956.09
-72122.73
-75163.17
-73224.05
-69332.32
-72564.47
-69452.78
-70750.33
-71572.11
-69468.13
-70660.44
-70205.55
-73696.17
-71309.01
-69288.82
-74947.69
-72710.49
-72874.09
-69877.08
-71482.41
-70867.92
-73477.86
-69761.94
-70420.83
-67594.16
-69889.43
-67162.42
-73764.63
-72968.29
-70708.55
-71490.44
-73399.70
-71105.23
-65964.03
-70313.70
-69334.27
-71468.50
-73431.42
-69168.84
-68927.04
-70702.27
-75093.00
-72572.43
-73145.27
-77198.13
-73245.24
-73669.85
-73051.55
-68327.97
-72037.85
-72911.72
-69130.25
-71062.18
-71472.52
-71605.70
-70266.59
-71230.88
-72436.53
-70802.48
-72465.05
-71830.27
-72271.91
-73051.72
-71657.97
-70185.89
-70502.22
-67989.28
-72386.13
-73449.77
-72120.90
-70738.22
-71054.04
-72186.85
-72379.67
-73127.34
-72522.84
-71958.12
-71748.42
-69514.23
-68841.17
-70087.83
-74825.51
-67194.92
-71511.39
-69260.72
-72624.12
-70846.43
-73603.43
-69922.94
-70008.90
-71583.44
-72032.47
-68935.11
-72344.66
-71040.39
-73703.98
-74232.22
-73635.60
-68795.55
-69870.09
-69810.01
-73204.70
-72120.03
-69973.55
-70403.07
-67752.41
-73232.59
-70465.97
-71620.00
-66820.53
-68862.93
-69211.92
-70759.24
-69162.21
-70726.22
-69027.81
-73284.41
-71882.06
-73411.41
-72165.20
