0.00000000 0.00000000 0.00000000 0.00000000 0.00000000 0.00000000
0.00000000 0.00000000 0.00000000 0.00000000 0.00000000 0.00000000
1.68370744 0.00000525 0.38842728 0.74890960 0.65997537 0.41101915
1.68370744 0.00000525 0.38842728 0.74890960 0.65997537 0.41101915
1.68370744 0.00000525 0.38842728 0.74890960 0.65997537 0.41101915
1.68370744 0.00000525 0.38842728 0.74890960 0.65997537 0.41101915
1.68370744 0.00000525 0.38842728 0.74890960 0.65997537 0.41101915
1.68370744 0.00000525 0.38842728 0.74890960 0.65997537 0.41101915
1.68370744 0.00000525 0.38842728 0.74890960 0.65997537 0.41101915
1.68370744 0.00000525 0.38842728 0.74890960 0.65997537 0.41101915
1.68370744 0.00000525 0.38842728 0.74890960 0.65997537 0.41101915
1.68370744 0.00000525 0.38842728 0.74890960 0.65997537 0.41101915
1.38884496 0.00000518 0.33054355 0.83209856 0.74569114 0.50190812
1.38884496 0.00000518 0.33054355 0.83209856 0.74569114 0.50190812
1.38884496 0.00000518 0.33054355 0.83209856 0.74569114 0.50190812
1.38884496 0.00000518 0.33054355 0.83209856 0.74569114 0.50190812
1.27260508 0.00000528 0.27658571 0.80953248 0.68834952 0.51697141
1.27260508 0.00000528 0.27658571 0.80953248 0.68834952 0.51697141
1.27260508 0.00000528 0.27658571 0.80953248 0.68834952 0.51697141
1.27260508 0.00000528 0.27658571 0.80953248 0.68834952 0.51697141
1.51799091 0.00000540 0.28777088 0.75621134 0.71488612 0.50965517
1.51799091 0.00000540 0.28777088 0.75621134 0.71488612 0.50965517
1.51799091 0.00000540 0.28777088 0.75621134 0.71488612 0.50965517
1.51799091 0.00000540 0.28777088 0.75621134 0.71488612 0.50965517
1.51799091 0.00000540 0.28777088 0.75621134 0.71488612 0.50965517
1.51799091 0.00000540 0.28777088 0.75621134 0.71488612 0.50965517
1.51799091 0.00000540 0.28777088 0.75621134 0.71488612 0.50965517
1.51799091 0.00000540 0.28777088 0.75621134 0.71488612 0.50965517
1.51799091 0.00000540 0.28777088 0.75621134 0.71488612 0.50965517
1.51799091 0.00000540 0.28777088 0.75621134 0.71488612 0.50965517
1.51799091 0.00000540 0.28777088 0.75621134 0.71488612 0.50965517
1.51799091 0.00000540 0.28777088 0.75621134 0.71488612 0.50965517
1.41042845 0.00000532 0.29989526 0.64107710 0.68289343 0.54440022
1.41042845 0.00000532 0.29989526 0.64107710 0.68289343 0.54440022
1.41042845 0.00000532 0.29989526 0.64107710 0.68289343 0.54440022
1.41042845 0.00000532 0.29989526 0.64107710 0.68289343 0.54440022
1.41042845 0.00000532 0.29989526 0.64107710 0.68289343 0.54440022
1.41042845 0.00000532 0.29989526 0.64107710 0.68289343 0.54440022
1.41042845 0.00000532 0.29989526 0.64107710 0.68289343 0.54440022
1.41042845 0.00000532 0.29989526 0.64107710 0.68289343 0.54440022
1.41042845 0.00000532 0.29989526 0.64107710 0.68289343 0.54440022
1.41042845 0.00000532 0.29989526 0.64107710 0.68289343 0.54440022
1.41042845 0.00000532 0.29989526 0.64107710 0.68289343 0.54440022
1.41042845 0.00000532 0.29989526 0.64107710 0.68289343 0.54440022
1.41042845 0.00000532 0.29989526 0.64107710 0.68289343 0.54440022
1.41042845 0.00000532 0.29989526 0.64107710 0.68289343 0.54440022
1.41042845 0.00000532 0.29989526 0.64107710 0.68289343 0.54440022
1.41042845 0.00000532 0.29989526 0.64107710 0.68289343 0.54440022
1.41042845 0.00000532 0.29989526 0.64107710 0.68289343 0.54440022
1.41042845 0.00000532 0.29989526 0.64107710 0.68289343 0.54440022
1.41042845 0.00000532 0.29989526 0.64107710 0.68289343 0.54440022
1.41042845 0.00000532 0.29989526 0.64107710 0.68289343 0.54440022
1.41042845 0.00000532 0.29989526 0.64107710 0.68289343 0.54440022
2.09022154 0.00000532 0.72241420 1.11191396 0.69693126 0.45960492
2.09022154 0.00000532 0.72241420 1.11191396 0.69693126 0.45960492
2.09022154 0.00000532 0.72241420 1.11191396 0.69693126 0.45960492
2.09022154 0.00000532 0.72241420 1.11191396 0.69693126 0.45960492
2.09022154 0.00000532 0.72241420 1.11191396 0.69693126 0.45960492
2.09022154 0.00000532 0.72241420 1.11191396 0.69693126 0.45960492
2.09022154 0.00000532 0.72241420 1.11191396 0.69693126 0.45960492
2.09022154 0.00000532 0.72241420 1.11191396 0.69693126 0.45960492
2.09022154 0.00000532 0.72241420 1.11191396 0.69693126 0.45960492
2.09022154 0.00000532 0.72241420 1.11191396 0.69693126 0.45960492
2.09022154 0.00000532 0.72241420 1.11191396 0.69693126 0.45960492
2.09022154 0.00000532 0.72241420 1.11191396 0.69693126 0.45960492
2.09022154 0.00000532 0.72241420 1.11191396 0.69693126 0.45960492
2.09022154 0.00000532 0.72241420 1.11191396 0.69693126 0.45960492
2.09022154 0.00000532 0.72241420 1.11191396 0.69693126 0.45960492
2.09022154 0.00000532 0.72241420 1.11191396 0.69693126 0.45960492
2.09022154 0.00000532 0.72241420 1.11191396 0.69693126 0.45960492
2.09022154 0.00000532 0.72241420 1.11191396 0.69693126 0.45960492
2.09022154 0.00000532 0.72241420 1.11191396 0.69693126 0.45960492
2.09022154 0.00000532 0.72241420 1.11191396 0.69693126 0.45960492
2.09022154 0.00000532 0.72241420 1.11191396 0.69693126 0.45960492
2.09022154 0.00000532 0.72241420 1.11191396 0.69693126 0.45960492
2.09022154 0.00000532 0.72241420 1.11191396 0.69693126 0.45960492
2.09022154 0.00000532 0.72241420 1.11191396 0.69693126 0.45960492
2.09022154 0.00000532 0.72241420 1.11191396 0.69693126 0.45960492
2.09022154 0.00000532 0.72241420 1.11191396 0.69693126 0.45960492
2.09022154 0.00000532 0.72241420 1.11191396 0.69693126 0.45960492
2.09022154 0.00000532 0.72241420 1.11191396 0.69693126 0.45960492
2.09022154 0.00000532 0.72241420 1.11191396 0.69693126 0.45960492
2.09022154 0.00000532 0.72241420 1.11191396 0.69693126 0.45960492
2.09022154 0.00000532 0.72241420 1.11191396 0.69693126 0.45960492
2.09022154 0.00000532 0.72241420 1.11191396 0.69693126 0.45960492
2.09022154 0.00000532 0.72241420 1.11191396 0.69693126 0.45960492
2.09022154 0.00000532 0.72241420 1.11191396 0.69693126 0.45960492
2.09022154 0.00000532 0.72241420 1.11191396 0.69693126 0.45960492
2.09022154 0.00000532 0.72241420 1.11191396 0.69693126 0.45960492
2.09022154 0.00000532 0.72241420 1.11191396 0.69693126 0.45960492
2.09022154 0.00000532 0.72241420 1.11191396 0.69693126 0.45960492
2.09022154 0.00000532 0.72241420 1.11191396 0.69693126 0.45960492
2.09022154 0.00000532 0.72241420 1.11191396 0.69693126 0.45960492
2.09022154 0.00000532 0.72241420 1.11191396 0.69693126 0.45960492
2.09022154 0.00000532 0.72241420 1.11191396 0.69693126 0.45960492
2.09022154 0.00000532 0.72241420 1.11191396 0.69693126 0.45960492
2.09022154 0.00000532 0.72241420 1.11191396 0.69693126 0.45960492
2.09022154 0.00000532 0.72241420 1.11191396 0.69693126 0.45960492
2.09022154 0.00000532 0.72241420 1.41294282 0.69693126 0.41824860
2.09022154 0.00000532 0.72241420 1.41294282 0.69693126 0.41824860
2.09022154 0.00000532 0.72241420 1.41294282 0.69693126 0.41824860
2.09022154 0.00000532 0.72241420 1.41294282 0.69693126 0.41824860
2.09022154 0.00000532 0.72241420 1.41294282 0.69693126 0.41824860
2.09022154 0.00000532 0.72241420 1.41294282 0.69693126 0.41824860
2.09022154 0.00000532 0.72241420 1.41294282 0.69693126 0.41824860
2.09022154 0.00000532 0.72241420 1.41294282 0.69693126 0.41824860
2.09022154 0.00000532 0.72241420 1.41294282 0.69693126 0.41824860
2.09022154 0.00000532 0.72241420 1.41294282 0.69693126 0.41824860
2.09022154 0.00000532 0.72241420 1.41294282 0.69693126 0.41824860
2.09022154 0.00000532 0.72241420 1.41294282 0.69693126 0.41824860
2.09022154 0.00000532 0.72241420 1.41294282 0.69693126 0.41824860
2.09022154 0.00000532 0.72241420 1.41294282 0.69693126 0.41824860
2.09022154 0.00000532 0.72241420 1.41294282 0.69693126 0.41824860
2.09022154 0.00000532 0.72241420 1.41294282 0.69693126 0.41824860
2.09022154 0.00000532 0.72241420 1.66471758 0.50787587 0.89806395
2.09022154 0.00000532 0.72241420 1.66471758 0.50787587 0.89806395
2.09022154 0.00000532 0.72241420 1.66471758 0.50787587 0.89806395
2.09022154 0.00000532 0.72241420 1.66471758 0.50787587 0.89806395
2.09022154 0.00000532 0.72241420 1.66471758 0.50787587 0.89806395
2.09022154 0.00000532 0.72241420 1.66471758 0.50787587 0.89806395
2.09022154 0.00000532 0.72241420 1.66471758 0.29187840 0.93676003
2.09022154 0.00000532 0.72241420 1.66471758 0.29187840 0.93676003
2.09022154 0.00000532 0.72241420 1.66471758 0.29187840 0.93676003
2.09022154 0.00000532 0.72241420 1.66471758 0.29187840 0.93676003
2.09022154 0.00000532 0.72241420 1.66471758 0.29187840 0.93676003
2.09022154 0.00000532 0.72241420 1.66471758 0.29187840 0.93676003
2.09022154 0.00000532 0.72241420 1.66471758 0.29187840 0.93676003
2.09022154 0.00000532 0.72241420 1.66471758 0.29187840 0.93676003
2.09022154 0.00000532 0.63269484 1.66471758 0.46256742 0.81411062
2.09022154 0.00000532 0.63269484 1.66471758 0.46256742 0.81411062
2.09022154 0.00000532 0.63269484 1.66471758 0.46256742 0.81411062
2.09022154 0.00000532 0.63269484 1.66471758 0.46256742 0.81411062
2.09022154 0.00000532 0.63269484 1.66471758 0.46256742 0.81411062
2.09022154 0.00000532 0.63269484 1.66471758 0.46256742 0.81411062
2.09022154 0.00000532 0.63269484 1.66471758 0.46256742 0.81411062
2.09022154 0.00000532 0.63269484 1.66471758 0.46256742 0.81411062
2.09022154 0.00000532 0.63269484 1.66471758 0.46256742 0.81411062
2.09022154 0.00000532 0.63269484 1.66471758 0.46256742 0.81411062
2.09022154 0.00000532 0.63269484 1.66471758 0.46256742 0.81411062
2.09022154 0.00000532 0.63269484 1.66471758 0.46256742 0.81411062
2.09022154 0.00000532 0.63269484 1.66471758 0.46256742 0.81411062
2.09022154 0.00000532 0.63269484 1.66471758 0.46256742 0.81411062
2.09022154 0.00000532 0.63269484 1.66471758 0.46256742 0.81411062
2.09022154 0.00000532 0.63269484 1.66471758 0.46256742 0.81411062
2.09022154 0.00000532 0.63269484 1.66471758 0.46256742 0.81411062
2.09022154 0.00000532 0.63269484 1.66471758 0.46256742 0.81411062
2.09022154 0.00000532 0.63269484 1.66471758 0.46256742 0.81411062
2.09022154 0.00000532 0.63269484 1.66471758 0.46256742 0.81411062
2.09022154 0.00000532 0.63269484 1.66471758 0.46256742 0.81411062
2.09022154 0.00000532 0.63269484 1.66471758 0.46256742 0.81411062
2.09022154 0.00000532 0.63269484 1.66471758 0.46256742 0.81411062
2.09022154 0.00000532 0.63269484 1.66471758 0.46256742 0.81411062
2.09022154 0.00000532 0.63269484 1.66471758 0.46256742 0.81411062
2.09022154 0.00000532 0.63269484 1.66471758 0.46256742 0.81411062
2.09022154 0.00000532 0.63269484 1.66471758 0.46256742 0.81411062
2.09022154 0.00000532 0.50118568 1.66471758 0.72726836 0.81411062
2.09022154 0.00000532 0.50118568 1.66471758 0.72726836 0.81411062
2.09022154 0.00000532 0.50118568 1.66471758 0.72726836 0.81411062
2.09022154 0.00000532 0.50118568 1.66471758 0.72726836 0.81411062
2.09022154 0.00000532 0.50118568 1.66471758 0.72726836 0.81411062
2.09022154 0.00000532 0.50118568 1.66471758 0.72726836 0.81411062
2.09022154 0.00000532 0.50118568 1.66471758 0.72726836 0.81411062
2.09022154 0.00000532 0.50118568 1.66471758 0.72726836 0.81411062
2.09022154 0.00000532 0.50118568 1.66471758 0.72726836 0.81411062
2.09022154 0.00000532 0.50118568 1.66471758 0.72726836 0.81411062
2.09022154 0.00000532 0.50118568 1.66471758 0.72726836 0.81411062
2.09022154 0.00000532 0.50118568 1.66471758 0.72726836 0.81411062
2.09022154 0.00000532 0.55191229 1.66471758 0.36390813 0.81411062
2.09022154 0.00000532 0.55191229 1.66471758 0.36390813 0.81411062
2.09022154 0.00000532 0.55191229 1.66471758 0.36390813 0.81411062
2.09022154 0.00000532 0.55191229 1.66471758 0.36390813 0.81411062
2.09022154 0.00000532 0.55191229 1.66471758 0.36390813 0.81411062
2.09022154 0.00000532 0.55191229 1.66471758 0.36390813 0.81411062
2.09022154 0.00000532 0.55191229 1.66471758 0.36390813 0.81411062
2.09022154 0.00000532 0.55191229 1.66471758 0.36390813 0.81411062
2.09022154 0.00000532 0.55191229 1.66471758 0.36390813 0.81411062
2.09022154 0.00000532 0.55191229 1.66471758 0.36390813 0.81411062
2.09022154 0.00000532 0.55191229 1.66471758 0.36390813 0.81411062
2.09022154 0.00000532 0.55191229 1.66471758 0.36390813 0.81411062
2.09022154 0.00000532 0.55191229 1.66471758 0.36390813 0.81411062
2.09022154 0.00000532 0.55191229 1.66471758 0.36390813 0.81411062
2.09022154 0.00000532 0.55191229 1.66471758 0.36390813 0.81411062
2.09022154 0.00000532 0.55191229 1.66471758 0.36390813 0.81411062
2.09022154 0.00000532 0.55191229 1.66471758 0.36390813 0.81411062
2.09022154 0.00000532 0.55191229 1.66471758 0.36390813 0.81411062
2.09022154 0.00000532 0.55191229 1.66471758 0.36390813 0.81411062
2.09022154 0.00000532 0.55191229 1.66471758 0.36390813 0.81411062
2.09022154 0.00000532 0.55191229 1.66471758 0.36390813 0.81411062
2.09022154 0.00000532 0.55191229 1.66471758 0.36390813 0.81411062
2.09022154 0.00000532 0.55191229 1.66471758 0.36390813 0.81411062
2.09022154 0.00000532 0.55191229 1.66471758 0.36390813 0.81411062
2.09022154 0.00000532 0.55191229 1.66471758 0.36390813 0.81411062
2.09022154 0.00000532 0.55191229 1.66471758 0.36390813 0.81411062
2.09022154 0.00000532 0.55191229 1.66471758 0.36390813 0.81411062
2.09022154 0.00000532 0.55191229 1.66471758 0.36390813 0.81411062
2.09022154 0.00000532 0.55191229 1.66471758 0.36390813 0.81411062
2.09022154 0.00000532 0.55191229 1.66471758 0.36390813 0.81411062
2.09022154 0.00000532 0.55191229 1.66471758 0.36390813 0.81411062
2.09022154 0.00000532 0.55191229 1.66471758 0.36390813 0.81411062
2.09022154 0.00000532 0.77188216 1.66471758 0.19064811 0.81411062
2.09022154 0.00000532 0.77188216 1.66471758 0.19064811 0.81411062
2.09022154 0.00000532 0.77188216 1.66471758 0.19064811 0.81411062
2.09022154 0.00000532 0.77188216 1.66471758 0.19064811 0.81411062
2.09022154 0.00000532 0.77188216 1.66471758 0.19064811 0.81411062
2.09022154 0.00000532 0.77188216 1.66471758 0.19064811 0.81411062
2.09022154 0.00000532 0.77188216 1.66471758 0.19064811 0.81411062
2.09022154 0.00000532 0.77188216 1.66471758 0.19064811 0.81411062
2.09022154 0.00000532 0.77188216 1.66471758 0.19064811 0.81411062
2.09022154 0.00000532 0.77188216 1.66471758 0.19064811 0.81411062
2.09022154 0.00000532 0.77188216 1.66471758 0.19064811 0.81411062
2.09022154 0.00000532 0.77188216 1.66471758 0.19064811 0.81411062
2.09022154 0.00000532 0.77188216 1.66471758 0.19064811 0.81411062
2.09022154 0.00000532 0.77188216 1.66471758 0.19064811 0.81411062
2.09022154 0.00000532 0.77188216 1.66471758 0.19064811 0.81411062
2.09022154 0.00000532 0.77188216 1.66471758 0.19064811 0.81411062
2.09022154 0.00000532 0.77188216 1.66471758 0.19064811 0.81411062
2.09022154 0.00000532 0.77188216 1.66471758 0.19064811 0.81411062
2.09022154 0.00000532 0.77188216 1.66471758 0.19064811 0.81411062
2.09022154 0.00000532 0.77188216 1.66471758 0.19064811 0.81411062
2.09022154 0.00000532 0.77188216 1.66471758 0.19064811 0.81411062
2.09022154 0.00000532 0.77188216 1.66471758 0.19064811 0.81411062
2.09022154 0.00000532 0.77188216 1.66471758 0.19064811 0.81411062
2.09022154 0.00000532 0.77188216 1.66471758 0.19064811 0.81411062
2.09022154 0.00000532 0.77188216 1.66471758 0.19064811 0.81411062
2.09022154 0.00000532 0.77188216 1.66471758 0.19064811 0.81411062
2.09022154 0.00000532 0.77188216 1.66471758 0.19064811 0.81411062
2.09022154 0.00000532 0.77188216 1.66471758 0.19064811 0.81411062
2.09022154 0.00000532 0.77188216 1.66471758 0.19064811 0.81411062
2.09022154 0.00000532 0.77188216 1.66471758 0.19064811 0.81411062
2.09022154 0.00000532 0.77188216 1.66471758 0.19064811 0.81411062
2.09022154 0.00000532 0.77188216 1.66471758 0.19064811 0.81411062
2.09022154 0.00000532 0.77188216 1.66471758 0.19064811 0.81411062
2.09022154 0.00000532 0.77188216 1.66471758 0.19064811 0.81411062
2.09022154 0.00000532 0.77188216 1.66471758 0.19064811 0.81411062
2.09022154 0.00000532 0.77188216 1.66471758 0.19064811 0.81411062
2.09022154 0.00000532 0.77188216 1.66471758 0.19064811 0.81411062
2.09022154 0.00000532 0.77188216 1.66471758 0.19064811 0.81411062
2.09022154 0.00000532 0.77188216 1.66471758 0.19064811 0.86452286
2.09022154 0.00000532 0.77188216 1.66471758 0.19064811 0.86452286
2.09022154 0.00000532 0.77188216 1.66471758 0.19064811 0.86452286
2.09022154 0.00000532 0.77188216 1.66471758 0.19064811 0.86452286
2.09022154 0.00000532 0.77188216 1.66471758 0.19064811 0.86452286
2.09022154 0.00000532 0.77188216 1.66471758 0.19064811 0.86452286
2.09022154 0.00000532 0.77188216 1.66471758 0.19064811 0.86452286
2.09022154 0.00000532 0.77188216 1.66471758 0.19064811 0.86452286
2.09022154 0.00000532 0.77188216 1.66471758 0.19064811 0.86452286
2.09022154 0.00000532 0.77188216 1.66471758 0.19064811 0.86452286
2.09022154 0.00000532 0.77188216 1.66471758 0.19064811 0.86452286
2.09022154 0.00000532 0.77188216 1.66471758 0.19064811 0.86452286
2.09022154 0.00000532 0.77188216 1.66471758 0.19064811 0.86452286
2.09022154 0.00000532 0.77188216 1.66471758 0.19064811 0.86452286
2.09022154 0.00000532 0.77188216 1.66471758 0.19064811 0.86452286
2.09022154 0.00000532 0.77188216 1.66471758 0.19064811 0.86452286
2.09022154 0.00000532 0.77188216 1.66471758 0.19064811 0.86452286
2.09022154 0.00000532 0.77188216 1.66471758 0.19064811 0.86452286
2.09022154 0.00000532 0.77188216 1.66471758 0.19064811 0.86452286
2.09022154 0.00000532 0.77188216 1.66471758 0.19064811 0.86452286
2.09022154 0.00000532 0.77188216 1.66471758 0.19064811 0.86452286
2.09022154 0.00000532 0.77188216 1.66471758 0.19064811 0.86452286
2.09022154 0.00000532 0.77188216 1.66471758 0.19064811 0.86452286
2.09022154 0.00000532 0.77188216 1.66471758 0.19064811 0.86452286
2.09022154 0.00000532 0.77188216 1.66471758 0.19064811 0.86452286
2.09022154 0.00000532 0.77188216 1.66471758 0.19064811 0.86452286
2.09022154 0.00000532 0.77188216 1.66471758 0.19064811 0.86452286
2.09022154 0.00000532 0.77188216 1.66471758 0.19064811 0.86452286
2.09022154 0.00000532 0.77188216 1.66471758 0.19064811 0.86452286
2.09022154 0.00000532 0.77188216 1.66471758 0.19064811 0.86452286
2.09022154 0.00000532 0.77188216 1.66471758 0.19064811 0.86452286
2.09022154 0.00000532 0.77188216 1.66471758 0.19064811 0.86452286
2.09022154 0.00000532 0.77188216 1.66471758 0.19064811 0.86452286
2.09022154 0.00000532 0.77188216 1.66471758 0.19064811 0.86452286
2.09022154 0.00000532 0.77188216 1.66471758 0.19064811 0.86452286
2.09022154 0.00000532 0.77188216 1.66471758 0.19064811 0.86452286
2.09022154 0.00000532 0.77188216 1.66471758 0.19064811 0.86452286
2.09022154 0.00000532 0.77188216 1.66471758 0.19064811 0.86452286
2.09022154 0.00000532 0.77188216 1.66471758 0.19064811 0.86452286
2.09022154 0.00000532 0.77188216 1.66471758 0.19064811 0.86452286
2.09022154 0.00000532 0.77188216 1.66471758 0.19064811 0.86452286
2.09022154 0.00000532 0.77188216 1.66471758 0.19064811 0.86452286
2.09022154 0.00000532 0.77188216 1.66471758 0.19064811 0.86452286
2.09022154 0.00000532 0.77188216 1.66471758 0.19064811 0.86452286
2.09022154 0.00000532 0.77188216 1.66471758 0.19064811 0.86452286
2.09022154 0.00000532 0.77188216 1.66471758 0.19064811 0.86452286
2.09022154 0.00000532 0.77188216 1.66471758 0.19064811 0.86452286
2.09022154 0.00000532 0.77188216 1.66471758 0.19064811 0.86452286
2.09022154 0.00000532 0.77188216 1.66471758 0.19064811 0.86452286
2.09022154 0.00000532 0.77188216 1.66471758 0.19064811 0.86452286
2.09022154 0.00000532 0.77188216 1.66471758 0.19064811 0.86452286
2.09022154 0.00000532 0.77188216 1.66471758 0.19064811 0.86452286
2.09022154 0.00000532 0.77188216 1.66471758 0.19064811 0.86452286
2.09022154 0.00000532 0.77188216 1.66471758 0.19064811 0.86452286
2.09022154 0.00000532 0.77188216 1.66471758 0.19064811 0.86452286
2.09022154 0.00000532 0.77188216 1.66471758 0.19064811 0.86452286
2.09022154 0.00000532 0.77188216 1.66471758 0.19064811 0.86452286
2.09022154 0.00000532 0.77188216 1.66471758 0.19064811 0.86452286
2.09022154 0.00000532 0.77188216 1.66471758 0.19064811 0.86452286
2.09022154 0.00000532 0.77188216 1.66471758 0.19064811 0.86452286
2.09022154 0.00000532 0.77188216 1.66471758 0.19064811 0.86452286
2.09022154 0.00000532 0.77188216 1.66471758 0.19064811 0.86452286
2.09022154 0.00000532 0.77188216 1.66471758 0.19064811 0.86452286
2.09022154 0.00000532 0.77188216 1.66471758 0.19064811 0.86452286
2.09022154 0.00000532 0.77188216 1.66471758 0.19064811 0.86452286
2.09022154 0.00000532 0.77188216 1.66471758 0.19064811 0.86452286
2.09022154 0.00000532 0.77188216 1.66471758 0.19064811 0.86452286
2.09022154 0.00000532 0.77188216 1.66471758 0.19064811 0.86452286
2.09022154 0.00000532 0.77188216 1.66471758 0.19064811 0.86452286
2.09022154 0.00000532 0.77188216 1.66471758 0.19064811 0.86452286
2.09022154 0.00000532 0.77188216 1.66471758 0.19064811 0.86452286
2.09022154 0.00000532 0.77188216 1.66471758 0.19064811 0.86452286
2.09022154 0.00000532 0.77188216 1.66471758 0.19064811 0.86452286
2.09022154 0.00000532 0.77188216 1.66471758 0.19064811 0.86452286
2.09022154 0.00000532 0.77188216 1.66471758 0.19064811 0.86452286
2.09022154 0.00000532 0.77188216 1.66471758 0.19064811 0.86452286
2.09022154 0.00000532 0.77188216 1.66471758 0.19064811 0.86452286
2.09022154 0.00000532 0.77188216 1.66471758 0.19064811 0.86452286
2.09022154 0.00000532 0.77188216 1.66471758 0.19064811 0.86452286
2.09022154 0.00000532 0.77188216 1.66471758 0.19064811 0.86452286
2.09022154 0.00000532 0.77188216 1.66471758 0.19064811 0.86452286
2.09022154 0.00000532 0.77188216 1.66471758 0.19064811 0.86452286
2.09022154 0.00000532 0.77188216 1.66471758 0.19064811 0.86452286
2.09022154 0.00000532 0.77188216 1.66471758 0.19064811 0.86452286
2.09022154 0.00000532 0.77188216 1.66471758 0.19064811 0.86452286
2.09022154 0.00000532 0.77188216 1.66471758 0.19064811 0.86452286
2.09022154 0.00000532 0.77188216 1.66471758 0.19064811 0.86452286
2.09022154 0.00000532 0.77188216 1.66471758 0.19064811 0.86452286
2.09022154 0.00000532 0.77188216 1.66471758 0.19064811 0.86452286
2.09022154 0.00000532 0.77188216 1.66471758 0.19064811 0.86452286
2.09022154 0.00000532 0.77188216 1.30390062 0.19064811 0.59431514
2.09022154 0.00000532 0.77188216 1.30390062 0.19064811 0.59431514
2.09022154 0.00000532 0.77188216 1.30390062 0.19064811 0.59431514
2.09022154 0.00000532 0.77188216 1.30390062 0.19064811 0.59431514
2.09022154 0.00000532 0.77188216 1.30390062 0.19064811 0.59431514
2.09022154 0.00000532 0.77188216 1.30390062 0.19064811 0.59431514
2.09022154 0.00000532 0.77188216 1.30390062 0.19064811 0.59431514
2.09022154 0.00000532 0.77188216 1.30390062 0.19064811 0.59431514
2.09022154 0.00000532 0.77188216 1.30390062 0.19064811 0.59431514
2.09022154 0.00000532 0.77188216 1.30390062 0.19064811 0.59431514
2.09022154 0.00000532 0.77188216 1.30390062 0.19064811 0.59431514
2.09022154 0.00000532 0.77188216 1.30390062 0.19064811 0.59431514
2.09022154 0.00000532 0.77188216 1.30390062 0.19064811 0.59431514
2.09022154 0.00000532 0.77188216 1.30390062 0.19064811 0.59431514
2.09022154 0.00000532 0.77188216 1.30390062 0.19064811 0.59431514
2.09022154 0.00000532 0.77188216 1.30390062 0.19064811 0.59431514
2.09022154 0.00000532 0.77188216 1.30390062 0.19064811 0.59431514
2.09022154 0.00000532 0.77188216 1.30390062 0.19064811 0.59431514
2.09022154 0.00000532 0.77188216 1.30390062 0.19064811 0.59431514
2.09022154 0.00000532 0.77188216 1.30390062 0.19064811 0.59431514
2.09022154 0.00000532 0.77188216 1.30390062 0.19064811 0.59431514
2.09022154 0.00000532 0.77188216 1.30390062 0.19064811 0.59431514
2.09022154 0.00000532 0.77188216 1.30390062 0.19064811 0.59431514
2.09022154 0.00000532 0.77188216 1.30390062 0.19064811 0.59431514
2.09022154 0.00000532 0.77188216 1.30390062 0.19064811 0.59431514
2.09022154 0.00000532 0.77188216 1.30390062 0.19064811 0.59431514
2.09022154 0.00000532 0.77188216 1.30390062 0.19064811 0.59431514
2.09022154 0.00000532 0.77188216 1.30390062 0.19064811 0.59431514
2.09022154 0.00000532 0.77188216 1.30390062 0.19064811 0.59431514
2.09022154 0.00000532 0.77188216 1.30390062 0.19064811 0.59431514
2.09022154 0.00000532 0.77188216 1.30390062 0.19064811 0.59431514
2.09022154 0.00000532 0.77188216 1.30390062 0.19064811 0.59431514
2.09022154 0.00000532 0.77188216 1.30390062 0.19064811 0.59431514
2.09022154 0.00000532 0.77188216 1.30390062 0.19064811 0.59431514
2.09022154 0.00000532 0.77188216 1.30390062 0.19064811 0.59431514
2.09022154 0.00000532 0.77188216 1.64395116 0.55616133 0.38189002
2.09022154 0.00000532 0.77188216 1.64395116 0.55616133 0.38189002
2.09022154 0.00000532 0.77188216 1.64395116 0.55616133 0.38189002
2.09022154 0.00000532 0.77188216 1.64395116 0.55616133 0.38189002
2.09022154 0.00000532 0.77188216 1.64395116 0.55616133 0.38189002
2.09022154 0.00000532 0.77188216 1.64395116 0.55616133 0.38189002
2.09022154 0.00000532 0.77188216 1.64395116 0.55616133 0.38189002
2.09022154 0.00000532 0.77188216 1.64395116 0.55616133 0.38189002
2.09022154 0.00000532 0.77188216 1.64395116 0.55616133 0.38189002
2.09022154 0.00000532 0.77188216 1.64395116 0.55616133 0.38189002
2.09022154 0.00000532 0.77188216 1.64395116 0.55616133 0.38189002
2.09022154 0.00000532 0.77188216 1.64395116 0.55616133 0.38189002
2.09022154 0.00000532 0.77188216 1.64395116 0.35868787 0.55621156
2.09022154 0.00000532 0.77188216 1.64395116 0.35868787 0.55621156
2.09022154 0.00000532 0.77188216 1.64395116 0.35868787 0.55621156
2.09022154 0.00000532 0.77188216 1.64395116 0.35868787 0.55621156
2.09022154 0.00000532 0.77188216 1.64395116 0.35868787 0.55621156
2.09022154 0.00000532 0.77188216 1.64395116 0.35868787 0.55621156
2.09022154 0.00000532 0.77188216 1.64395116 0.35868787 0.55621156
2.09022154 0.00000532 0.77188216 1.64395116 0.35868787 0.55621156
2.09022154 0.00000532 0.77188216 1.64395116 0.35868787 0.55621156
2.09022154 0.00000532 0.77188216 1.64395116 0.35868787 0.55621156
2.09022154 0.00000532 0.77188216 1.64395116 0.35868787 0.55621156
2.09022154 0.00000532 0.77188216 1.64395116 0.35868787 0.55621156
2.09022154 0.00000532 0.77188216 1.64395116 0.35868787 0.55621156
2.09022154 0.00000532 0.77188216 1.64395116 0.35868787 0.55621156
2.09022154 0.00000532 0.77188216 1.64395116 0.35868787 0.55621156
2.09022154 0.00000532 0.77188216 1.64395116 0.35868787 0.55621156
2.09022154 0.00000532 0.77188216 1.64395116 0.35868787 0.55621156
2.09022154 0.00000532 0.77188216 1.64395116 0.35868787 0.55621156
2.09022154 0.00000532 0.77188216 1.64395116 0.35868787 0.55621156
2.09022154 0.00000532 0.77188216 1.64395116 0.35868787 0.55621156
2.09022154 0.00000532 0.77188216 1.64395116 0.35868787 0.55621156
2.09022154 0.00000532 0.77188216 1.64395116 0.35868787 0.55621156
2.09022154 0.00000532 0.77188216 1.64395116 0.35868787 0.55621156
2.09022154 0.00000532 0.77188216 1.64395116 0.35868787 0.55621156
2.09022154 0.00000532 0.77188216 1.64395116 0.35868787 0.55621156
2.09022154 0.00000532 0.77188216 1.64395116 0.35868787 0.55621156
2.09022154 0.00000532 0.77188216 1.64395116 0.35868787 0.55621156
2.09022154 0.00000532 0.77188216 1.64395116 0.35868787 0.55621156
2.09022154 0.00000532 0.77188216 1.64395116 0.35868787 0.55621156
2.09022154 0.00000532 0.77188216 1.64395116 0.35868787 0.55621156
2.09022154 0.00000532 0.77188216 1.64395116 0.35868787 0.55621156
2.09022154 0.00000532 0.77188216 1.64395116 0.35868787 0.55621156
2.09022154 0.00000532 0.77188216 1.64395116 0.35868787 0.55621156
2.09022154 0.00000532 0.77188216 1.64395116 0.35868787 0.55621156
2.09022154 0.00000532 0.77188216 1.64395116 0.35868787 0.55621156
2.09022154 0.00000532 0.77188216 1.64395116 0.35868787 0.55621156
2.09022154 0.00000532 0.77188216 1.64395116 0.35868787 0.55621156
2.09022154 0.00000532 0.77188216 1.64395116 0.35868787 0.55621156
2.09022154 0.00000532 0.77188216 1.64395116 0.35868787 0.55621156
2.09022154 0.00000532 0.77188216 1.64395116 0.35868787 0.55621156
2.09022154 0.00000532 0.77188216 1.64395116 0.35868787 0.55621156
2.09022154 0.00000532 0.77188216 1.64395116 0.35868787 0.55621156
2.09022154 0.00000532 0.77188216 1.64395116 0.35868787 0.55621156
2.09022154 0.00000532 0.77188216 1.64395116 0.35868787 0.55621156
2.09022154 0.00000532 0.77188216 1.64395116 0.35868787 0.55621156
2.09022154 0.00000532 0.77188216 1.64395116 0.35868787 0.55621156
2.09022154 0.00000532 0.77188216 1.64395116 0.35868787 0.55621156
2.09022154 0.00000532 0.77188216 1.64395116 0.35868787 0.55621156
2.09022154 0.00000532 0.77188216 1.64395116 0.35868787 0.55621156
2.09022154 0.00000532 0.77188216 1.64395116 0.35868787 0.55621156
2.09022154 0.00000532 0.77188216 1.64395116 0.35868787 0.55621156
2.09022154 0.00000532 0.77188216 1.64395116 0.35868787 0.55621156
2.09022154 0.00000532 0.77188216 1.64395116 0.35868787 0.55621156
2.09022154 0.00000532 0.77188216 1.64395116 0.35868787 0.55621156
2.09022154 0.00000532 0.77188216 1.64395116 0.35868787 0.55621156
2.09022154 0.00000532 0.77188216 1.64395116 0.35868787 0.55621156
2.09022154 0.00000532 0.77188216 1.64395116 0.35868787 0.55621156
2.09022154 0.00000532 0.77188216 1.64395116 0.35868787 0.55621156
2.09022154 0.00000532 0.77188216 1.64395116 0.35868787 0.55621156
2.09022154 0.00000532 0.77188216 1.64395116 0.35868787 0.55621156
2.09022154 0.00000532 0.77188216 1.64395116 0.35868787 0.55621156
2.09022154 0.00000532 0.77188216 1.64395116 0.35868787 0.55621156
2.09022154 0.00000532 0.77188216 1.64395116 0.35868787 0.55621156
2.09022154 0.00000532 0.77188216 1.64395116 0.35868787 0.55621156
2.09022154 0.00000532 0.77188216 1.64395116 0.35868787 0.55621156
2.09022154 0.00000532 0.77188216 1.64395116 0.35868787 0.55621156
2.09022154 0.00000532 0.77188216 1.64395116 0.35868787 0.55621156
2.09022154 0.00000532 0.77188216 1.64395116 0.35868787 0.55621156
2.09022154 0.00000532 0.77188216 1.64395116 0.35868787 0.55621156
2.09022154 0.00000532 0.77188216 1.64395116 0.35868787 0.55621156
2.09022154 0.00000532 0.77188216 1.64395116 0.35868787 0.55621156
2.09022154 0.00000532 0.77188216 1.64395116 0.35868787 0.55621156
2.09022154 0.00000532 0.77188216 1.64395116 0.35868787 0.55621156
2.09022154 0.00000532 0.77188216 1.64395116 0.35868787 0.55621156
2.09022154 0.00000532 0.77188216 1.64395116 0.35868787 0.55621156
2.09022154 0.00000532 0.77188216 1.64395116 0.35868787 0.55621156
2.09022154 0.00000532 0.77188216 1.64395116 0.35868787 0.55621156
2.09022154 0.00000532 0.77188216 1.64395116 0.35868787 0.55621156
2.09022154 0.00000532 0.77188216 1.64395116 0.35868787 0.55621156
2.09022154 0.00000532 0.77188216 1.64395116 0.35868787 0.55621156
2.09022154 0.00000532 0.77188216 1.64395116 0.35868787 0.55621156
2.09022154 0.00000532 0.77188216 1.64395116 0.35868787 0.55621156
2.09022154 0.00000532 0.77188216 1.64395116 0.35868787 0.55621156
2.09022154 0.00000532 0.77188216 1.64395116 0.35868787 0.55621156
2.09022154 0.00000532 0.77188216 1.64395116 0.35868787 0.55621156
2.09022154 0.00000532 0.77188216 1.64395116 0.35868787 0.55621156
2.09022154 0.00000532 0.77188216 1.64395116 0.35868787 0.55621156
2.09022154 0.00000532 0.77188216 1.64395116 0.35868787 0.55621156
2.09022154 0.00000532 0.77188216 1.64395116 0.35868787 0.55621156
2.09022154 0.00000532 0.77188216 1.64395116 0.35868787 0.55621156
2.09022154 0.00000532 0.77188216 1.64395116 0.35868787 0.55621156
2.09022154 0.00000532 0.77188216 1.64395116 0.35868787 0.55621156
2.09022154 0.00000532 0.77188216 1.64395116 0.35868787 0.55621156
2.09022154 0.00000532 0.42772556 1.94640240 0.37627355 0.71105919
2.09022154 0.00000532 0.42772556 1.94640240 0.37627355 0.71105919
2.09022154 0.00000532 0.42772556 1.94640240 0.37627355 0.71105919
2.09022154 0.00000532 0.42772556 1.94640240 0.37627355 0.71105919
2.09022154 0.00000532 0.42772556 1.94640240 0.37627355 0.71105919
2.09022154 0.00000532 0.42772556 1.94640240 0.37627355 0.71105919
2.09022154 0.00000532 0.42772556 1.94640240 0.37627355 0.71105919
2.09022154 0.00000532 0.42772556 1.94640240 0.37627355 0.71105919
2.09022154 0.00000532 0.42772556 1.94640240 0.37627355 0.71105919
2.09022154 0.00000532 0.42772556 1.94640240 0.37627355 0.71105919
2.09022154 0.00000532 0.42772556 1.94640240 0.37627355 0.71105919
2.09022154 0.00000532 0.42772556 1.94640240 0.37627355 0.71105919
2.09022154 0.00000532 0.42772556 1.94640240 0.37627355 0.71105919
2.09022154 0.00000532 0.42772556 1.94640240 0.37627355 0.71105919
2.09022154 0.00000532 0.42772556 1.94640240 0.37627355 0.71105919
2.09022154 0.00000532 0.42772556 1.94640240 0.37627355 0.71105919
2.09022154 0.00000532 0.42772556 1.94640240 0.37627355 0.71105919
2.09022154 0.00000532 0.42772556 1.94640240 0.37627355 0.71105919
2.09022154 0.00000532 0.42772556 1.94640240 0.37627355 0.71105919
2.09022154 0.00000532 0.42772556 1.94640240 0.37627355 0.71105919
2.09022154 0.00000532 0.42772556 1.94640240 0.37627355 0.71105919
2.09022154 0.00000532 0.42772556 1.94640240 0.37627355 0.71105919
2.09022154 0.00000532 0.42772556 1.94640240 0.37627355 0.71105919
2.09022154 0.00000532 0.42772556 1.94640240 0.37627355 0.71105919
2.09022154 0.00000532 0.42772556 1.94640240 0.37627355 0.71105919
2.09022154 0.00000532 0.42772556 1.94640240 0.37627355 0.71105919
2.09022154 0.00000532 0.42772556 1.94640240 0.37627355 0.71105919
2.09022154 0.00000532 0.42772556 1.94640240 0.37627355 0.71105919
2.09022154 0.00000532 0.42772556 1.94640240 0.37627355 0.71105919
2.09022154 0.00000532 0.42772556 1.94640240 0.37627355 0.71105919
2.09022154 0.00000532 0.42772556 1.94640240 0.37627355 0.71105919
2.09022154 0.00000532 0.42772556 1.94640240 0.37627355 0.71105919
2.09022154 0.00000532 0.42772556 1.94640240 0.37627355 0.71105919
2.09022154 0.00000532 0.42772556 1.94640240 0.37627355 0.71105919
2.09022154 0.00000532 0.42772556 1.94640240 0.37627355 0.71105919
2.09022154 0.00000532 0.42772556 1.94640240 0.37627355 0.71105919
2.09022154 0.00000532 0.42772556 1.94640240 0.37627355 0.71105919
2.09022154 0.00000532 0.42772556 1.94640240 0.37627355 0.71105919
2.09022154 0.00000532 0.42772556 1.94640240 0.37627355 0.71105919
2.09022154 0.00000532 0.42772556 1.94640240 0.37627355 0.71105919
2.09022154 0.00000532 0.42772556 1.94640240 0.37627355 0.71105919
2.09022154 0.00000532 0.42772556 1.94640240 0.37627355 0.71105919
2.09022154 0.00000532 0.42772556 1.94640240 0.37627355 0.71105919
2.09022154 0.00000532 0.42772556 1.94640240 0.37627355 0.71105919
2.09022154 0.00000532 0.42772556 1.94640240 0.37627355 0.71105919
2.09022154 0.00000532 0.42772556 1.94640240 0.37627355 0.71105919
2.09022154 0.00000532 0.42772556 1.94640240 0.37627355 0.71105919
2.09022154 0.00000532 0.42772556 1.94640240 0.37627355 0.71105919
2.09022154 0.00000532 0.42772556 1.94640240 0.37627355 0.71105919
2.09022154 0.00000532 0.42772556 1.94640240 0.37627355 0.71105919
2.09022154 0.00000532 0.42772556 1.94640240 0.37627355 0.71105919
2.09022154 0.00000532 0.42772556 1.94640240 0.37627355 0.71105919
2.09022154 0.00000532 0.42772556 1.94640240 0.37627355 0.71105919
2.09022154 0.00000532 0.42772556 1.94640240 0.37627355 0.71105919
2.09022154 0.00000532 0.42772556 1.94640240 0.37627355 0.71105919
2.09022154 0.00000532 0.42772556 1.94640240 0.37627355 0.71105919
2.09022154 0.00000532 0.42772556 1.94640240 0.37627355 0.71105919
2.09022154 0.00000532 0.42772556 1.94640240 0.37627355 0.71105919
2.09022154 0.00000532 0.42772556 1.94640240 0.37627355 0.71105919
2.09022154 0.00000532 0.42772556 1.94640240 0.37627355 0.71105919
2.09022154 0.00000532 0.42772556 1.94640240 0.37627355 0.71105919
2.09022154 0.00000532 0.42772556 1.94640240 0.37627355 0.71105919
2.09022154 0.00000532 0.42772556 1.94640240 0.37627355 0.71105919
2.09022154 0.00000532 0.42772556 1.94640240 0.37627355 0.71105919
2.09022154 0.00000532 0.42772556 1.94640240 0.37627355 0.71105919
2.09022154 0.00000532 0.42772556 1.94640240 0.37627355 0.71105919
2.09022154 0.00000532 0.42772556 1.94640240 0.37627355 0.71105919
2.09022154 0.00000532 0.42772556 1.94640240 0.37627355 0.71105919
2.09022154 0.00000532 0.42772556 1.94640240 0.37627355 0.71105919
2.09022154 0.00000532 0.42772556 1.94640240 0.37627355 0.71105919
