-1687923.96
-1665346.71
-1700480.39
-1737887.11
-1679854.38
-1694562.25
-1676228.00
-1684062.12
-1686057.38
-1685589.62
-1720254.25
-1751780.80
-1720393.50
-1618094.58
-1685289.50
-1703741.00
-1713854.25
-1628693.53
-1708979.75
-1717499.25
-1752709.33
-1722984.24
-1720080.54
-1651386.99
-1710010.00
-1775409.36
-1739489.30
-1694412.50
-1669046.25
-1664294.25
-1678319.75
-1682731.50
-1703983.75
-1675466.84
-1745408.07
-1720143.12
-1693754.75
-1698376.95
-1707782.88
-1709211.38
-1694361.16
-1707029.75
-1677936.88
