-1108400.85
-1156621.27
-1172739.50
-1089665.28
-1157641.31
-1128505.38
-1118243.03
-1166105.28
-1151627.81
-1141646.75
-1147972.99
-1113242.02
-1149820.19
-1150703.26
-1146168.09
-1150302.38
-1162927.46
-1147942.00
-1120008.41
-1144844.50
-1148024.12
-1188376.33
-1165356.88
-1163606.93
-1137427.67
-1142484.19
-1123002.65
-1136438.75
-1109365.65
-1159665.25
-1101848.86
-1132036.50
-1154397.62
-1119061.09
-1113569.04
-1156200.18
-1142550.38
-1142884.50
-1123036.64
-1146623.00
-1144510.88
-1159144.25
-1165016.50
-1114180.34
