-1474630.71
-1485379.65
-1570105.94
-1521209.52
-1521516.11
-1515699.50
-1518388.12
-1524513.63
-1515119.00
-1515751.25
-1541584.75
-1542259.62
-1534076.69
-1597500.12
-1549608.25
-1549309.21
-1544956.90
-1562165.99
-1552333.62
-1561729.23
-1548597.75
-1589127.12
-1544222.92
-1550572.50
-1540594.50
-1480089.67
-1607872.21
-1561800.78
-1551841.25
-1535332.60
-1512077.79
-1524110.89
-1537590.38
-1574090.09
-1499095.48
-1550073.85
-1537028.60
-1546536.12
-1551698.50
-1544248.75
-1542310.50
-1593614.65
-1529702.08
