-1250264.98
-1283547.44
-1236417.11
-1229463.74
-1221999.14
-1242736.25
-1259718.09
-1233456.84
-1282740.02
-1267673.45
-1273439.50
-1282105.62
-1281716.00
-1281942.88
-1269958.00
-1273077.25
-1225582.19
-1258690.38
-1288744.52
-1264696.50
-1270120.75
-1277640.74
-1264616.69
-1256511.60
-1285526.38
-1258614.31
-1261482.75
-1250613.25
-1251817.91
-1264261.93
-1252253.30
-1261896.78
-1222885.65
-1254188.12
-1253573.75
-1256992.62
-1256758.75
-1278387.11
-1273897.79
-1264608.50
-1266628.12
-1265727.75
-1272316.74
