-2132218.48
-2124983.54
-2126889.51
-2047948.07
-2055999.81
-2110451.26
-2072704.88
-2038113.18
-2052191.00
-2055798.75
-2107764.58
-2041277.68
-1989674.21
-2040350.41
-2087357.99
-2080317.54
-1996290.73
-2085007.92
-2093228.12
-1989674.21
-2090553.75
-2063700.28
-2006779.93
-2061444.75
-2092247.21
-2072010.16
-2065651.33
-2069524.50
-2080913.38
-2078992.25
-2058128.73
-2063810.50
-2070834.75
-2118148.65
-2070256.74
-2078707.75
-1989674.21
-2074474.57
-2100798.61
-2109147.75
-2104886.00
-2077802.38
-2069950.75
-2065821.01
