-1036421.09
-1017610.40
-1047558.43
-1049121.69
-1081678.56
-1035831.06
-1030953.00
-1013832.49
-1021015.44
-1073925.90
-1064950.25
-1060368.00
-1069958.83
-1020659.18
-1035497.12
-1037891.38
-1043737.75
-1015759.50
-1040065.62
-1045131.50
-1013266.18
-1011628.67
-1037274.25
-1031981.88
-1081223.31
-1043759.50
-1019747.09
-985649.27
-1031169.38
-1072690.82
-1039788.91
-1040854.75
-1046693.25
-1053622.41
-1047537.31
-1026744.50
-1045851.42
-1040242.47
-1044440.12
-1043118.62
-1036986.06
-967176.44
-1010906.26
