-1854195.87
-1884662.74
-1873672.50
-1826554.40
-1895515.97
-1866524.00
-1865436.50
-1909195.55
-1872751.41
-1863249.75
-1860208.67
-1919227.18
-1886040.50
-1882135.50
-1917298.96
-1876901.25
-1893347.50
-1888894.50
-1892300.50
-1891302.52
-1891881.50
-1918202.82
-1899603.50
-1898984.88
-1894496.62
-1944508.36
-1936692.21
-1879805.75
-1893917.25
-1918093.33
-1939109.75
-1882189.98
-1875411.50
-1868735.17
-1883381.25
-1881181.75
-1801427.00
-1876617.17
-1840435.82
-1853969.25
-1868010.25
-1880174.29
