-1400072.55
-1411735.72
-1384166.98
-1400881.57
-1403975.96
-1382545.50
-1381528.50
-1414961.13
-1379917.00
-1374074.75
-1372653.25
-1417814.54
-1403957.25
-1404019.25
-1404588.00
-1432816.98
-1411291.88
-1398933.00
-1401441.25
-1405689.25
-1408758.25
-1427486.73
-1413166.25
-1373778.56
-1370119.13
-1401491.00
-1366357.74
-1377863.25
-1396665.00
-1385926.50
-1421952.70
-1374707.63
-1391637.75
-1418434.80
-1413409.07
-1374519.32
-1386294.00
-1401375.75
-1368882.03
-1395995.66
-1397626.50
-1398701.75
-1398487.75
-1373411.50
