-132137.10
-139697.14
-148682.45
-121104.36
-127551.53
-141692.30
-121525.73
-149696.47
-133395.06
-123026.57
-137214.57
-130136.64
-131075.22
-133911.19
-131334.12
-135577.28
-133232.03
-131843.98
-130114.67
-130031.94
-126499.30
-127775.69
-122394.70
-131908.47
-156940.25
-134531.12
-132990.81
-123816.86
-126581.19
-126134.91
-133197.63
-133685.36
-134109.98
-137370.41
-136449.52
-136265.55
-137545.45
-131854.78
-135598.19
-131542.78
-146933.29
-131090.72
-130467.03
-133247.44
-121359.21
-134719.03
-136349.69
-142959.85
-132569.81
-132194.23
-130414.59
-133693.14
-127872.37
-130464.90
-130444.07
-125436.58
-125634.50
-130879.20
-133688.06
-139933.71
-136850.06
-131505.48
-131507.39
-126253.20
-148891.63
-130522.93
-140439.53
-122105.46
-132439.88
-153556.79
-130931.24
-130701.48
-131190.77
-130787.75
-130782.97
-129329.68
-154298.14
-138010.11
-134095.22
-134004.00
-133790.52
-137386.45
-138323.45
-143581.18
-142404.05
-153511.08
-137194.56
-138812.03
-133539.30
-129906.20
-128460.73
-151556.64
-134035.48
-139164.38
-129415.44
-128985.72
-127081.10
-122489.61
-134109.31
-126772.62
-161413.95
-139873.28
-132061.74
-132992.67
-137066.69
-134957.00
-123844.70
-129568.04
-152676.02
-131553.33
-132672.55
-133573.98
-127170.14
-128442.08
-141419.25
-133269.08
-143921.45
-133789.20
-136230.16
-137632.45
-152907.61
-155322.66
-155129.85
-145364.66
-123202.89
-141715.28
-138634.59
-143358.03
-125511.34
-132717.30
-126206.41
-124062.68
-150555.80
-130983.08
-121980.54
-128101.78
-125613.44
-124144.59
-120851.40
-123485.93
-140378.34
-142714.84
-144604.72
-141204.50
-144527.81
-131422.82
-137984.53
-156014.93
-136124.75
-126852.83
-129673.77
-129000.09
-130584.23
-145357.40
-132759.00
-129946.41
-132898.32
-127126.80
-131314.56
-132961.83
-136427.34
-128148.48
-139958.48
-124232.50
-138725.47
-151383.74
-133176.94
-123098.29
-156996.23
-127168.03
-138093.47
-150449.03
-148918.51
-129892.09
-137338.36
-134857.47
-129371.95
-141927.14
-130082.22
-148504.59
-139709.78
-132128.61
-131045.05
-130911.56
-148623.40
