-90148.29
-84137.89
-83893.94
-82105.77
-81682.91
-82535.33
-81756.35
-91370.68
-92852.02
-81422.72
-92600.80
-90832.30
-85921.51
-87957.66
-96733.98
-89131.38
-88610.12
-94517.53
-81768.66
-98701.24
-88172.12
-89228.53
-99519.74
-97408.84
-89532.70
-93131.27
-91524.27
-90049.28
-83504.12
-83097.84
-85092.52
-87514.46
-93227.03
-83228.02
-86007.23
-87902.75
-87146.64
-95986.94
-93598.24
-90479.98
-95728.53
-81951.14
-92549.08
-84207.98
-91947.22
-86253.54
-84174.79
-92403.05
-85465.16
-86975.30
-87798.66
-87760.89
-101831.24
-92715.34
-93510.78
-84448.58
-83227.05
-97774.81
-95475.88
-99606.20
-94298.73
-92632.74
-84638.34
-83248.09
-84673.88
-84444.12
-89650.05
-94381.94
-86803.27
-86795.48
-85630.70
-84026.55
-87166.47
-87877.53
-91562.50
-89540.78
-93814.09
-90294.27
-88738.75
-95892.79
-93955.90
-93520.17
-84834.16
-88673.75
-88018.34
-83213.12
-87173.61
-86059.52
-84793.84
-83929.59
-88826.97
-89842.92
-84298.42
-98247.01
-89984.24
-95447.31
-87046.91
-84802.66
-85369.20
-84971.35
-83602.08
-86817.09
-84922.92
-105835.00
-100790.11
-88352.20
-90159.19
-92519.33
-97665.81
-82038.93
-86732.66
-90047.77
-86613.35
-87500.12
-95172.55
-84619.00
-91476.11
-102212.25
-89025.69
-88951.02
-88120.41
-90329.50
-84409.42
-85779.05
-99708.16
-97258.08
-93646.05
-92291.30
-83995.56
-102290.74
-88071.24
-96580.68
-83819.69
-85680.91
-84319.38
-101440.92
-85294.86
-95747.55
-92201.17
-89452.64
-90703.84
-92667.12
-88913.89
-101437.66
-94434.54
-95295.97
-89728.47
-92423.22
-107841.96
-92364.48
-92534.81
-88893.61
-87885.09
-86205.10
-111279.15
-91011.83
-105959.88
-96094.21
-87886.25
-90708.50
-104473.00
-88363.05
-85305.69
-85180.48
-85447.14
-86262.92
-89627.21
-87052.80
-91596.18
-90057.21
-89768.51
-85028.03
-87900.18
-96359.25
-94111.54
-82858.83
-94074.02
-106147.46
-91558.71
-85052.91
-83075.03
-84519.91
