-83128.46
-81693.87
-76293.19
-70903.53
-69230.11
-76641.79
-69653.90
-77343.15
-67560.83
-67960.12
-69457.70
-79696.65
-73636.20
-74357.53
-73429.67
-72676.20
-76978.69
-73409.75
-76593.66
-68964.94
-72614.41
-70850.91
-70908.80
-75881.55
-78980.88
-77613.08
-71784.55
-77575.34
-80846.33
-77525.67
-71750.55
-70566.58
-73788.00
-71156.95
-73464.48
-71346.32
-71977.29
-68763.70
-69353.14
-84220.24
-78860.94
-78079.34
-74358.49
-79376.72
-79268.26
-74563.41
-73381.84
-73202.85
-71209.16
-70051.14
-82616.02
-72938.81
-70503.70
-71481.27
-70703.80
-72627.97
-71005.52
-80944.24
-73099.44
-72953.77
-79376.74
-68094.96
-69830.09
-83477.18
-85602.61
-67800.06
-68826.04
-73444.65
-72633.53
-67039.58
-72603.27
-73154.58
-74720.58
-76428.80
-74587.61
-69797.64
-74892.58
-78154.27
-72521.55
-68364.62
-73606.25
-77215.08
-76950.83
-79667.46
-69211.76
-72046.15
-70760.05
-67216.10
-69893.98
-70551.92
-72506.44
-71075.77
-69644.91
-67594.77
-69195.52
-72667.59
-74353.95
-71006.13
-70737.85
-77201.51
-71721.77
-71848.05
-76488.24
-68060.33
-69567.89
-76072.86
-83668.12
-73284.77
-73646.02
-87397.00
-79904.48
-74590.81
-73235.51
-80623.57
-74819.16
-72211.06
-73836.84
-73832.77
-81217.76
-72316.28
-68171.55
-73587.86
-84846.73
-80917.51
-76175.38
-76444.43
-80355.00
-75612.50
-76728.71
-70415.33
-71657.05
-74010.76
-71675.21
-71536.72
-77514.55
-70607.94
-70572.28
-70180.56
-74656.56
-73614.23
-75104.47
-70507.01
-80263.28
-78063.44
-67443.53
-72687.70
-66884.64
-74096.50
-72152.30
-70390.05
-84028.55
-68524.64
-76533.08
-71797.97
-74021.78
-74428.73
-82187.09
-73493.44
-70779.23
-68111.00
-68768.19
-73601.09
-70468.82
-68539.61
-73945.53
-68640.73
-68624.82
-68724.59
-67003.26
-68619.85
-68920.76
-70981.50
-72234.30
-72316.62
-77968.55
-72246.11
-74628.98
-72381.36
-78834.71
-71371.88
-70324.08
-67930.50
-68141.92
-72904.65
-82972.60
