-114824.57
-116251.75
-120461.07
-116220.84
-127098.18
-119189.51
-120812.14
-125007.50
-113943.04
-119672.55
-120514.55
-119176.13
-116222.76
-123690.27
-127714.40
-121762.73
-117682.26
-119294.23
-118569.89
-119108.33
-118577.09
-117700.69
-118942.17
-121039.89
-113772.50
-117991.34
-126142.42
-121748.91
-122144.45
-119868.86
-120864.16
-119644.37
-120011.48
-116872.36
-117693.19
-119774.55
-120147.36
-120125.66
-120969.23
-121957.62
-124967.35
-129468.05
-123311.10
-122726.23
-124602.72
-126354.74
-133696.23
-115438.43
-140727.51
-124980.05
-120580.60
-121976.45
-119117.70
-116279.81
-147470.71
-133146.98
-137749.70
-121486.45
-113826.93
-117388.88
-119140.89
-121737.72
-118922.21
-117962.86
-146600.00
-132543.84
-131863.91
-125220.89
-125311.05
-126290.82
-119504.53
-139834.43
-129809.98
-135428.18
-128367.11
-123144.20
-122264.19
-127242.22
-124607.70
-126273.54
-133267.33
-125867.89
-142302.66
-125746.97
-125454.31
-143073.67
-114061.74
-130620.22
-117248.36
-123417.78
-118487.23
-111533.02
-112695.05
-117274.75
-133042.36
-121651.72
-124198.75
-112805.97
-126890.53
-121309.27
-118955.60
-120589.75
-123512.83
-125741.59
-128202.51
-116431.68
-122826.00
-121973.30
-124588.87
-126251.20
-124718.55
-129338.89
-145528.52
-131041.34
-123094.11
-135945.50
-134475.65
-125128.08
-128736.66
-135731.22
-122088.30
-122036.05
-144632.70
-110847.05
-125640.82
-140484.21
-123529.69
-125096.22
-119351.81
-115240.36
-121063.55
-121181.27
-117643.42
-119596.07
-117181.46
-121292.17
-113778.61
-114665.59
-147728.83
-128000.34
-135524.08
-127818.33
-128554.72
-125486.05
-123195.55
-125125.41
-124217.33
-126234.04
-115796.17
-121087.65
-118939.73
-123051.56
-124513.83
-116048.25
-137952.06
-120007.91
-120858.95
-121124.69
-117153.50
-118200.24
-110395.52
-113660.35
-113747.33
-120598.67
-111281.73
-115499.88
-115540.36
-130587.60
-126241.89
-120888.28
-135315.71
-136464.70
-119179.99
-136855.56
-117327.11
-129393.82
-128854.79
-115372.51
-119348.34
-112294.28
-123408.48
-118290.81
-137861.97
-118088.91
