-104178.78
-101674.93
-96418.71
-94842.82
-95775.18
-99808.08
-95243.34
-90259.71
-96005.98
-94837.70
-96653.72
-92262.96
-96052.30
-98244.92
-102318.11
-114453.51
-105504.34
-106920.98
-109399.03
-102525.15
-106265.85
-101759.10
-108211.55
-95617.00
-102275.08
-103591.27
-105951.34
-104485.67
-105679.93
-103466.74
-99950.64
-89832.72
-112780.21
-116808.98
-97188.67
-96155.08
-95417.80
-100784.24
-100783.80
-94385.40
-92836.34
-113108.40
-101558.01
-114889.82
-103626.50
-101852.06
-90695.40
-99624.40
-99270.66
-103312.44
-105692.79
-106350.84
-100743.73
-98240.45
-101680.95
-97742.64
-101728.38
-97342.49
-109327.28
-103946.82
-99995.80
-98494.27
-98078.95
-97962.34
-98318.80
-120444.23
-111349.73
-99801.27
-98549.56
-102297.16
-101567.91
-101226.08
-103934.94
-102651.88
-122284.49
-107485.90
-106106.41
-104067.82
-105242.59
-102846.70
-99820.97
-102175.31
-105994.49
-112609.86
-100070.56
-97797.50
-122784.13
-111019.29
-106925.43
-103240.53
-103645.45
-103646.54
-98481.83
-98705.84
-102891.47
-97706.59
-100319.31
-107157.81
-101258.99
-100608.48
-99691.05
-99490.42
-90221.97
-101413.30
-99486.45
-118114.18
-98859.95
-99207.87
-98573.14
-97808.91
-100902.81
-98792.89
-101446.80
-109025.15
-104869.59
-100589.41
-101478.23
-102097.03
-108642.94
-108506.25
-99342.73
-106526.83
-122191.49
-103348.45
-114046.67
-108149.99
-97157.84
-110309.97
-98455.93
-95077.09
-94857.35
-96914.79
-97936.12
-114860.69
-97799.64
-95693.30
-94345.41
-93554.70
-110465.31
-93422.71
-95284.02
-103255.14
-98377.78
-101413.09
-100416.03
-95891.74
-104148.80
-97020.58
-97747.92
-95387.83
-98689.88
-97450.75
-93442.80
-94887.45
-114684.23
-99027.75
-98818.81
-91136.59
-100645.48
-100210.49
-97477.54
-90288.63
-97133.48
-93557.18
-100917.76
-92030.99
-102899.61
-98098.98
-96927.69
-98925.85
-95349.22
-93913.74
-95894.95
-98096.15
-106804.49
-96074.41
-97587.22
-101196.58
-99115.05
-99670.69
-92671.75
-91597.09
-110613.51
-94792.38
