-107078.24
-110214.89
-103932.41
-102770.62
-101082.57
-100286.61
-102532.92
-102420.87
-116315.04
-101098.01
-119177.61
-110649.80
-102226.04
-107305.03
-107465.04
-107827.81
-103311.53
-111692.14
-110281.55
-118861.34
-111426.44
-115005.28
-113867.72
-107732.30
-100832.96
-103198.62
-107352.66
-103222.83
-107685.56
-102228.66
-113272.94
-105379.17
-116182.42
-104306.55
-99344.14
-105454.45
-105219.80
-105444.78
-108290.00
-111047.93
-103024.43
-112160.66
-112077.62
-110292.75
-111760.90
-110058.77
-109728.52
-107049.58
-113242.78
-112020.70
-108928.66
-112446.34
-109952.27
-108953.14
-114947.19
-125659.88
-110103.30
-110498.33
-111964.13
-114185.86
-107312.14
-104582.79
-127102.18
-105381.77
-117750.71
-117884.03
-111500.70
-108929.47
-114340.98
-105221.11
-117983.71
-122864.96
-110818.92
-101294.73
-109341.41
-112067.69
-113752.32
-108747.26
-115314.91
-118419.94
-111138.34
-111647.66
-107515.10
-107804.59
-112216.11
-111676.56
-109746.81
-109587.97
-100369.19
-103633.12
-102231.92
-108600.83
-99380.76
-103559.05
-101533.45
-99302.59
-106174.85
-104996.91
-104600.76
-105881.16
-109973.08
-108474.31
-104900.62
-110707.14
-107606.42
-110634.23
-109157.30
-133239.05
-112133.56
-108930.70
-109586.64
-106474.73
-109912.42
-106518.69
-108227.61
-116092.44
-106968.98
-108918.34
-119239.28
-112627.15
-136861.80
-118254.72
-118664.83
-101377.46
-109045.11
-107924.98
-109935.09
-111607.59
-104267.23
-119169.64
-109334.54
-103677.02
-110950.72
-112414.77
-106305.98
-104445.56
-103510.28
-110900.27
-113545.70
-100113.23
-106012.73
-108181.28
-121848.26
-112287.35
-113709.77
-108262.69
-105881.14
-107250.61
-126089.66
-106226.83
-124802.08
-114760.56
-100143.43
-106568.90
-106513.22
-105975.66
-107567.70
-104611.95
-105556.20
-120170.39
-105890.56
-107699.32
-104548.09
-118162.96
-108819.21
-105109.83
-113517.10
-114674.33
-102523.20
-107759.45
-106877.88
-116169.42
-110484.83
-102486.18
-110362.21
-109242.40
-104140.90
-102867.30
-105184.02
-104786.85
-103972.48
-99361.02
