-76610.08
-76738.56
-77809.31
-84695.44
-73656.76
-78502.46
-83562.06
-81721.89
-76284.28
-83374.54
-75898.67
-80984.70
-79483.08
-75731.25
-78237.87
-75643.79
-77064.19
-83096.95
-74948.08
-79051.84
-92177.71
-86756.65
-74780.72
-78084.88
-73858.54
-80399.31
-88055.06
-80779.87
-83773.48
-79984.74
-82401.22
-75220.34
-83866.23
-85234.55
-84170.70
-75894.58
-79285.97
-86238.97
-82465.64
-84184.77
-85558.89
-91354.37
-84044.25
-85368.54
-84216.50
-81483.88
-85513.96
-86659.63
-81920.27
-84441.89
-80926.36
-94596.38
-84857.50
-83457.70
-81155.70
-81143.99
-79940.44
-80440.84
-80664.50
-81489.38
-80568.10
-84194.72
-81834.88
-84218.81
-85280.12
-82159.72
-92200.27
-85780.27
-84687.53
-83783.36
-81511.43
-81980.80
-83236.20
-85791.88
-91973.75
-87634.34
-83140.71
-84179.88
-84375.50
-95973.93
-84672.75
-84268.37
-84578.79
-75843.90
-73668.29
-76818.70
-81419.12
-97120.65
-92790.51
-82709.14
-80110.80
-76063.13
-78710.52
-89257.55
-82570.31
-78452.81
-80036.39
-77657.25
-77481.83
-88300.53
-81564.25
-83928.31
-82563.76
-85289.68
-86461.52
-80166.53
-84031.72
-81383.53
-81362.59
-80896.22
-91746.61
-83914.03
-80726.77
-88041.79
-89589.25
-90906.53
-80727.20
-81761.33
-86733.42
-76734.79
-82201.54
-82842.02
-82700.28
-80020.36
-79640.05
-77272.73
-84319.34
-92005.44
-85909.77
-80567.45
-82181.44
-93902.33
-81382.97
-89065.28
-78350.16
-82224.40
-80586.00
-77711.91
-78492.79
-84627.32
-88576.42
-84271.71
-84015.49
-86527.65
-86059.44
-84770.17
-87958.13
-79746.21
-78738.04
-77311.48
-82667.16
-83846.00
-79331.43
-80366.02
-82795.47
-82470.03
-81399.42
-84243.53
-81047.69
-79027.39
-80882.58
-81152.08
-76916.87
-87219.57
-89604.20
-80377.47
-82291.88
-81726.42
-91515.30
-80365.97
-79429.49
-75470.91
-85464.79
-86442.11
-83142.58
-77322.30
-85708.63
-85582.57
-82896.50
-76483.77
-76709.09
-79917.16
-73847.42
-85068.93
