1.85202952 0.00000537 0.64307297 0.52124180 0.39348628 0.24633316
1.85202952 0.00000537 0.64307297 0.52124180 0.39348628 0.24633316
1.85202952 0.00000537 0.64307297 0.52124180 0.39348628 0.24633316
1.85202952 0.00000537 0.64307297 0.52124180 0.39348628 0.24633316
1.85202952 0.00000537 0.64307297 0.52124180 0.39348628 0.24633316
1.85202952 0.00000537 0.64307297 0.52124180 0.39348628 0.24633316
1.58699074 0.00000529 0.58839253 0.51393533 0.38396437 0.23650274
1.58699074 0.00000529 0.58839253 0.51393533 0.38396437 0.23650274
1.58699074 0.00000529 0.58839253 0.51393533 0.38396437 0.23650274
1.58699074 0.00000529 0.58839253 0.51393533 0.38396437 0.23650274
1.86341272 0.00000526 0.61452416 0.34359137 0.47898997 0.25828797
1.86341272 0.00000526 0.61452416 0.34359137 0.47898997 0.25828797
2.04321654 0.00000530 0.62305860 0.28459506 0.50626698 0.20253319
2.04321654 0.00000530 0.62305860 0.28459506 0.50626698 0.20253319
2.04321654 0.00000530 0.62305860 0.28459506 0.50626698 0.20253319
2.04321654 0.00000530 0.62305860 0.28459506 0.50626698 0.20253319
2.04321654 0.00000530 0.62305860 0.28459506 0.50626698 0.20253319
2.04321654 0.00000530 0.62305860 0.28459506 0.50626698 0.20253319
2.04321654 0.00000530 0.62305860 0.28459506 0.50626698 0.20253319
2.04321654 0.00000530 0.62305860 0.28459506 0.50626698 0.20253319
2.04321654 0.00000530 0.62305860 0.28459506 0.50626698 0.20253319
2.04321654 0.00000530 0.62305860 0.28459506 0.50626698 0.20253319
2.04321654 0.00000530 0.62305860 0.28459506 0.50626698 0.20253319
2.04321654 0.00000530 0.62305860 0.28459506 0.50626698 0.20253319
2.04321654 0.00000530 0.62305860 0.28459506 0.50626698 0.20253319
2.04321654 0.00000530 0.62305860 0.28459506 0.50626698 0.20253319
2.04321654 0.00000530 0.62305860 0.28459506 0.50626698 0.20253319
2.04321654 0.00000530 0.62305860 0.28459506 0.50626698 0.20253319
2.04321654 0.00000530 0.62305860 0.28459506 0.50626698 0.20253319
2.04321654 0.00000530 0.62305860 0.28459506 0.50626698 0.20253319
2.04321654 0.00000530 0.62305860 0.28459506 0.50626698 0.20253319
2.04321654 0.00000530 0.62305860 0.28459506 0.50626698 0.20253319
2.04321654 0.00000530 0.62305860 0.28459506 0.50626698 0.20253319
2.04321654 0.00000530 0.62305860 0.28459506 0.50626698 0.20253319
2.04321654 0.00000530 0.62305860 0.28459506 0.50626698 0.20253319
2.04321654 0.00000530 0.62305860 0.28459506 0.50626698 0.20253319
2.04321654 0.00000530 0.62305860 0.28459506 0.50626698 0.20253319
2.04321654 0.00000530 0.62305860 0.28459506 0.50626698 0.20253319
2.04321654 0.00000530 0.62305860 0.28459506 0.50626698 0.20253319
2.04321654 0.00000530 0.62305860 0.28459506 0.50626698 0.20253319
2.04321654 0.00000530 0.62305860 0.28459506 0.50626698 0.20253319
2.04321654 0.00000530 0.62305860 0.28459506 0.50626698 0.20253319
2.04321654 0.00000530 0.62305860 0.28459506 0.50626698 0.20253319
1.63423604 0.00000530 0.41542851 0.39172487 0.55558980 0.42455529
1.63423604 0.00000530 0.41542851 0.39172487 0.55558980 0.42455529
1.63423604 0.00000530 0.41542851 0.39172487 0.55558980 0.42455529
1.63423604 0.00000530 0.41542851 0.39172487 0.55558980 0.42455529
1.63423604 0.00000530 0.41542851 0.39172487 0.55558980 0.42455529
1.63423604 0.00000530 0.41542851 0.39172487 0.55558980 0.42455529
1.63423604 0.00000530 0.41542851 0.39172487 0.55558980 0.42455529
1.63423604 0.00000530 0.41542851 0.39172487 0.55558980 0.42455529
1.63423604 0.00000530 0.41542851 0.39172487 0.55558980 0.42455529
1.63423604 0.00000530 0.41542851 0.39172487 0.55558980 0.42455529
1.63423604 0.00000530 0.41542851 0.39172487 0.55558980 0.42455529
1.63423604 0.00000530 0.41542851 0.39172487 0.55558980 0.42455529
1.63423604 0.00000530 0.41542851 0.39172487 0.55558980 0.42455529
1.63423604 0.00000530 0.41542851 0.39172487 0.55558980 0.42455529
1.63423604 0.00000530 0.41542851 0.39172487 0.55558980 0.42455529
1.63423604 0.00000530 0.41542851 0.39172487 0.55558980 0.42455529
1.63423604 0.00000530 0.41542851 0.39172487 0.55558980 0.42455529
1.63423604 0.00000530 0.41542851 0.39172487 0.55558980 0.42455529
1.63423604 0.00000530 0.41542851 0.39172487 0.55558980 0.42455529
1.63423604 0.00000530 0.41542851 0.39172487 0.55558980 0.42455529
1.63423604 0.00000530 0.41542851 0.39172487 0.55558980 0.42455529
1.63423604 0.00000530 0.41542851 0.39172487 0.55558980 0.42455529
1.63423604 0.00000530 0.41542851 0.39172487 0.55558980 0.42455529
1.63423604 0.00000530 0.41542851 0.39172487 0.55558980 0.42455529
1.63423604 0.00000530 0.41542851 0.39172487 0.55558980 0.42455529
1.63423604 0.00000530 0.41542851 0.39172487 0.55558980 0.42455529
1.63423604 0.00000530 0.41542851 0.39172487 0.55558980 0.42455529
1.63423604 0.00000530 0.41542851 0.39172487 0.55558980 0.42455529
1.63423604 0.00000530 0.41542851 0.39172487 0.55558980 0.42455529
1.63423604 0.00000530 0.41542851 0.39172487 0.55558980 0.42455529
1.63423604 0.00000530 0.41542851 0.39172487 0.55558980 0.42455529
1.63423604 0.00000530 0.41542851 0.39172487 0.55558980 0.42455529
1.63423604 0.00000530 0.41542851 0.39172487 0.55558980 0.42455529
1.63423604 0.00000530 0.41542851 0.39172487 0.55558980 0.42455529
1.63423604 0.00000530 0.41542851 0.39172487 0.55558980 0.42455529
1.63423604 0.00000530 0.41542851 0.39172487 0.55558980 0.42455529
1.63423604 0.00000530 0.41542851 0.39172487 0.55558980 0.42455529
1.63423604 0.00000530 0.41542851 0.39172487 0.55558980 0.42455529
1.63423604 0.00000530 0.41542851 0.39172487 0.55558980 0.42455529
1.63423604 0.00000530 0.41542851 0.39172487 0.55558980 0.42455529
1.63423604 0.00000530 0.41542851 0.39172487 0.55558980 0.42455529
1.63423604 0.00000530 0.41542851 0.39172487 0.55558980 0.42455529
1.63423604 0.00000530 0.41542851 0.39172487 0.55558980 0.42455529
1.63423604 0.00000530 0.41542851 0.39172487 0.55558980 0.42455529
1.63423604 0.00000530 0.41542851 0.39172487 0.55558980 0.42455529
1.63423604 0.00000530 0.41542851 0.39172487 0.55558980 0.42455529
1.63423604 0.00000530 0.41542851 0.39172487 0.55558980 0.42455529
1.63423604 0.00000530 0.41542851 0.39172487 0.55558980 0.42455529
1.63423604 0.00000530 0.41542851 0.39172487 0.55558980 0.42455529
1.63423604 0.00000530 0.41542851 0.39172487 0.55558980 0.42455529
1.63423604 0.00000530 0.41542851 0.39172487 0.55558980 0.42455529
1.63423604 0.00000530 0.41542851 0.39172487 0.55558980 0.42455529
1.63423604 0.00000530 0.41542851 0.39172487 0.55558980 0.42455529
1.63423604 0.00000530 0.41542851 0.39172487 0.55558980 0.42455529
1.63423604 0.00000530 0.41542851 0.39172487 0.55558980 0.42455529
1.63423604 0.00000530 0.41542851 0.39172487 0.55558980 0.42455529
1.63423604 0.00000530 0.41542851 0.39172487 0.55558980 0.42455529
1.63423604 0.00000530 0.41542851 0.39172487 0.55558980 0.42455529
1.63423604 0.00000530 0.41542851 0.39172487 0.55558980 0.42455529
1.63423604 0.00000530 0.41542851 0.39172487 0.55558980 0.42455529
1.63423604 0.00000530 0.41542851 0.39172487 0.55558980 0.42455529
1.63423604 0.00000530 0.41542851 0.39172487 0.55558980 0.42455529
1.63423604 0.00000530 0.41542851 0.39172487 0.55558980 0.42455529
1.63423604 0.00000530 0.41542851 0.39172487 0.55558980 0.42455529
1.63423604 0.00000530 0.41542851 0.39172487 0.55558980 0.42455529
1.63423604 0.00000530 0.41542851 0.39172487 0.55558980 0.42455529
1.63423604 0.00000530 0.41542851 0.39172487 0.55558980 0.42455529
1.63423604 0.00000530 0.41542851 0.39172487 0.55558980 0.42455529
1.63423604 0.00000530 0.41542851 0.39172487 0.55558980 0.42455529
1.63423604 0.00000530 0.41542851 0.39172487 0.55558980 0.42455529
1.63423604 0.00000530 0.41542851 0.39172487 0.55558980 0.42455529
1.63423604 0.00000530 0.41542851 0.39172487 0.55558980 0.42455529
1.63423604 0.00000530 0.41542851 0.39172487 0.55558980 0.42455529
1.63423604 0.00000530 0.41542851 0.39172487 0.55558980 0.42455529
1.63423604 0.00000530 0.41542851 0.39172487 0.55558980 0.42455529
1.63423604 0.00000530 0.41542851 0.39172487 0.55558980 0.42455529
1.63423604 0.00000530 0.41542851 0.39172487 0.55558980 0.42455529
1.63423604 0.00000530 0.41542851 0.39172487 0.55558980 0.42455529
1.63423604 0.00000530 0.41542851 0.39172487 0.55558980 0.42455529
1.63423604 0.00000530 0.41542851 0.39172487 0.55558980 0.42455529
