0.00000000 0.00000000 0.00000000 0.00000000 0.00000000 0.00000000
1.67071623 0.00000532 0.71125467 0.53674008 0.32700276 0.23313567
1.65115116 0.00000526 0.68436822 0.59063986 0.27800408 0.25923440
1.63743286 0.00000512 0.73980596 0.62128787 0.23904498 0.15626312
1.63743286 0.00000512 0.73980596 0.62128787 0.23904498 0.15626312
1.63743286 0.00000512 0.73980596 0.62128787 0.23904498 0.15626312
1.63743286 0.00000512 0.73980596 0.62128787 0.23904498 0.15626312
1.67083958 0.00000535 0.75455454 0.69101873 0.34854308 0.19689309
1.67083958 0.00000535 0.75455454 0.69101873 0.34854308 0.19689309
1.67083958 0.00000535 0.75455454 0.69101873 0.34854308 0.19689309
1.67083958 0.00000535 0.75455454 0.69101873 0.34854308 0.19689309
1.67083958 0.00000535 0.75455454 0.69101873 0.34854308 0.19689309
1.67083958 0.00000535 0.75455454 0.69101873 0.34854308 0.19689309
1.67083958 0.00000535 0.75455454 0.69101873 0.34854308 0.19689309
1.67083958 0.00000535 0.75455454 0.69101873 0.34854308 0.19689309
1.67083958 0.00000535 0.75455454 0.69101873 0.34854308 0.19689309
1.67083958 0.00000535 0.75455454 0.69101873 0.34854308 0.19689309
1.67083958 0.00000535 0.75455454 0.69101873 0.34854308 0.19689309
1.67083958 0.00000535 0.75455454 0.69101873 0.34854308 0.19689309
1.67083958 0.00000535 0.75455454 0.69101873 0.34854308 0.19689309
1.67083958 0.00000535 0.75455454 0.69101873 0.34854308 0.19689309
1.67083958 0.00000535 0.75455454 0.69101873 0.34854308 0.19689309
1.67083958 0.00000535 0.75455454 0.69101873 0.34854308 0.19689309
1.67083958 0.00000535 0.75455454 0.69101873 0.34854308 0.19689309
1.67083958 0.00000535 0.75455454 0.69101873 0.34854308 0.19689309
1.67083958 0.00000535 0.75455454 0.69101873 0.34854308 0.19689309
1.72507278 0.00000537 0.78996085 0.67773742 0.29972079 0.20010449
1.72507278 0.00000537 0.78996085 0.67773742 0.29972079 0.20010449
1.72507278 0.00000537 0.78996085 0.67773742 0.29972079 0.20010449
1.72507278 0.00000537 0.78996085 0.67773742 0.29972079 0.20010449
1.72507278 0.00000537 0.78996085 0.67773742 0.29972079 0.20010449
1.72507278 0.00000537 0.78996085 0.67773742 0.29972079 0.20010449
1.72507278 0.00000537 0.78996085 0.67773742 0.29972079 0.20010449
1.72507278 0.00000537 0.78996085 0.67773742 0.29972079 0.20010449
1.72507278 0.00000537 0.78996085 0.67773742 0.29972079 0.20010449
1.72507278 0.00000537 0.78996085 0.67773742 0.29972079 0.20010449
1.72507278 0.00000537 0.78996085 0.67773742 0.29972079 0.20010449
1.72507278 0.00000537 0.78996085 0.67773742 0.29972079 0.20010449
1.72507278 0.00000537 0.78996085 0.67773742 0.29972079 0.20010449
1.72507278 0.00000537 0.78996085 0.67773742 0.29972079 0.20010449
1.72507278 0.00000537 0.78996085 0.67773742 0.29972079 0.20010449
1.72507278 0.00000537 0.78996085 0.67773742 0.29972079 0.20010449
1.72507278 0.00000537 0.78996085 0.67773742 0.29972079 0.20010449
2.54189331 0.00000537 0.78996085 0.87063519 0.17814013 0.02676527
2.54189331 0.00000537 0.78996085 0.87063519 0.17814013 0.02676527
2.54189331 0.00000537 0.78996085 0.87063519 0.17814013 0.02676527
2.54189331 0.00000537 0.78996085 0.87063519 0.17814013 0.02676527
2.54189331 0.00000537 0.78996085 0.87063519 0.17814013 0.02676527
2.54189331 0.00000537 0.78996085 0.87063519 0.17814013 0.02676527
2.54189331 0.00000537 0.78996085 0.87063519 0.17814013 0.02676527
2.54189331 0.00000537 0.78996085 1.12259032 0.07664580 0.13617024
2.54189331 0.00000537 0.78996085 1.12259032 0.07664580 0.13617024
2.54189331 0.00000537 0.78996085 1.12259032 0.07664580 0.13617024
2.54189331 0.00000537 0.78996085 1.12259032 0.07664580 0.13617024
2.54189331 0.00000537 0.78996085 1.12259032 0.07664580 0.13617024
2.54189331 0.00000537 0.78996085 1.12259032 0.07664580 0.13617024
2.54189331 0.00000537 0.78996085 1.12259032 0.07664580 0.13617024
2.54189331 0.00000537 0.78996085 1.47748488 0.37188800 0.18476728
2.54189331 0.00000537 0.52419472 1.28469163 0.40720585 0.26499385
2.54189331 0.00000537 0.52419472 1.28469163 0.40720585 0.26499385
2.54189331 0.00000537 0.52419472 1.28469163 0.40720585 0.26499385
2.54189331 0.00000537 0.52419472 1.28469163 0.40720585 0.26499385
2.54189331 0.00000537 0.52419472 1.28469163 0.40720585 0.26499385
2.54189331 0.00000537 0.52419472 1.28469163 0.40720585 0.26499385
2.54189331 0.00000537 0.52419472 1.28469163 0.40720585 0.26499385
2.54189331 0.00000537 0.52419472 1.28469163 0.40720585 0.26499385
2.54189331 0.00000537 0.52419472 1.28469163 0.40720585 0.26499385
2.54189331 0.00000537 0.52419472 1.28469163 0.40720585 0.26499385
2.54189331 0.00000537 0.52419472 1.28469163 0.40720585 0.26499385
2.54189331 0.00000537 0.71475289 0.97184104 0.05320306 0.48241405
2.54189331 0.00000537 0.71475289 0.97184104 0.05320306 0.48241405
2.54189331 0.00000537 0.71475289 0.90341031 0.05320306 0.50661638
2.54189331 0.00000537 0.71475289 0.90341031 0.05320306 0.50661638
2.54189331 0.00000537 0.71475289 0.90341031 0.05320306 0.50661638
2.54189331 0.00000537 0.71475289 0.90341031 0.05320306 0.50661638
2.54189331 0.00000537 0.71475289 0.90341031 0.05320306 0.50661638
2.54189331 0.00000537 0.71475289 0.90341031 0.05320306 0.50661638
2.54189331 0.00000537 0.71475289 0.90341031 0.05320306 0.50661638
2.54189331 0.00000537 0.71475289 0.90341031 0.05320306 0.50661638
2.54189331 0.00000537 0.76543595 0.60482306 0.29507756 0.89091820
2.54189331 0.00000537 0.76543595 0.60482306 0.29507756 0.89091820
2.54189331 0.00000537 0.73485448 0.73465476 0.49220699 0.57423963
2.54189331 0.00000537 0.73485448 0.73465476 0.49220699 0.57423963
2.54189331 0.00000537 0.73485448 0.69884387 0.97262165 0.95876927
2.54189331 0.00000537 0.73485448 1.07201261 0.70086440 0.95876927
2.54189331 0.00000537 0.73485448 1.07201261 0.70086440 0.95876927
2.54189331 0.00000537 0.73485448 1.07201261 0.70086440 0.95876927
2.54189331 0.00000537 0.73485448 1.07201261 0.70086440 0.95876927
2.54189331 0.00000537 0.73485448 1.07201261 0.70086440 0.95876927
2.54189331 0.00000537 0.73485448 1.07201261 0.70086440 0.95876927
2.54189331 0.00000537 0.73485448 1.07201261 0.70086440 0.95876927
2.54189331 0.00000537 0.73485448 1.07201261 0.70086440 0.95876927
2.54189331 0.00000537 0.73485448 1.07201261 0.70086440 0.95876927
2.54189331 0.00000537 0.73485448 1.07201261 0.70086440 0.95876927
2.54189331 0.00000537 0.73485448 1.07201261 0.70086440 0.95876927
2.54189331 0.00000537 0.73485448 1.07201261 0.70086440 0.95876927
2.54189331 0.00000537 0.73485448 1.07201261 0.70086440 0.95876927
2.54189331 0.00000537 0.73485448 1.07201261 0.70086440 0.95876927
2.54189331 0.00000537 0.73485448 1.07201261 0.70086440 0.95876927
2.54189331 0.00000537 0.73485448 1.07201261 0.70086440 0.95876927
2.54189331 0.00000537 0.73485448 1.07201261 0.70086440 0.95876927
2.54189331 0.00000537 0.73485448 1.07201261 0.70086440 0.95876927
2.54189331 0.00000537 0.73485448 1.07201261 0.70086440 0.95876927
2.54189331 0.00000537 0.73485448 1.07201261 0.70086440 0.95876927
2.54189331 0.00000537 0.73485448 1.07201261 0.70086440 0.95876927
2.54189331 0.00000537 0.73485448 1.36749452 0.76885310 0.85526800
2.54189331 0.00000537 0.73485448 1.36749452 0.76885310 0.85526800
2.54189331 0.00000537 0.73485448 1.36749452 0.76885310 0.85526800
2.54189331 0.00000537 0.73485448 1.36749452 0.76885310 0.85526800
2.54189331 0.00000537 0.73485448 1.36749452 0.76885310 0.85526800
2.54189331 0.00000537 0.73485448 1.36749452 0.76885310 0.85526800
2.54189331 0.00000537 0.73485448 1.36749452 0.76885310 0.85526800
2.54189331 0.00000537 0.73485448 1.36749452 0.76885310 0.85526800
2.54189331 0.00000537 0.38602661 1.43453571 0.76885310 0.85526800
2.54189331 0.00000537 0.38602661 1.43453571 0.76885310 0.85526800
2.54189331 0.00000537 0.38602661 1.43453571 0.76885310 0.85526800
2.54189331 0.00000537 0.38602661 1.43453571 0.76885310 0.85526800
2.54189331 0.00000537 0.38602661 1.43453571 0.76885310 0.85526800
2.54189331 0.00000537 0.25473683 1.70315667 0.90179879 0.30279987
2.54189331 0.00000537 0.25473683 1.70315667 0.90179879 0.30279987
2.54189331 0.00000537 0.25473683 1.70315667 0.90179879 0.30279987
2.54189331 0.00000537 0.25473683 1.70315667 0.90179879 0.30279987
2.54189331 0.00000537 0.25473683 1.70315667 0.90179879 0.30279987
