0.00000000 0.00000000 0.00000000 0.00000000 0.00000000 0.00000000
0.00000000 0.00000000 0.00000000 0.00000000 0.00000000 0.00000000
0.00000000 0.00000000 0.00000000 0.00000000 0.00000000 0.00000000
0.00000000 0.00000000 0.00000000 0.00000000 0.00000000 0.00000000
0.00000000 0.00000000 0.00000000 0.00000000 0.00000000 0.00000000
1.66378987 0.00000535 0.76347144 0.57475592 0.42444201 0.18426605
1.66378987 0.00000535 0.76347144 0.57475592 0.42444201 0.18426605
1.68074974 0.00000541 0.72803543 0.51764233 0.44092790 0.14959399
1.68074974 0.00000541 0.72803543 0.51764233 0.44092790 0.14959399
1.55969270 0.00000527 0.65523333 0.28855924 0.45895087 0.04871210
1.67716299 0.00000514 0.62564860 0.32389313 0.43698407 0.09448396
1.67716299 0.00000514 0.62564860 0.32389313 0.43698407 0.09448396
1.67716299 0.00000514 0.62564860 0.32389313 0.43698407 0.09448396
1.67716299 0.00000514 0.62564860 0.32389313 0.43698407 0.09448396
1.67716299 0.00000514 0.62564860 0.32389313 0.43698407 0.09448396
1.67716299 0.00000514 0.62564860 0.32389313 0.43698407 0.09448396
1.67716299 0.00000514 0.62564860 0.32389313 0.43698407 0.09448396
1.67716299 0.00000514 0.62564860 0.32389313 0.43698407 0.09448396
1.67716299 0.00000514 0.62564860 0.32389313 0.43698407 0.09448396
1.67716299 0.00000514 0.62564860 0.32389313 0.43698407 0.09448396
1.67716299 0.00000514 0.62564860 0.32389313 0.43698407 0.09448396
1.67716299 0.00000514 0.62564860 0.32389313 0.43698407 0.09448396
1.67716299 0.00000514 0.62564860 0.32389313 0.43698407 0.09448396
1.67716299 0.00000514 0.62564860 0.32389313 0.43698407 0.09448396
1.67716299 0.00000514 0.62564860 0.32389313 0.43698407 0.09448396
1.67716299 0.00000514 0.62564860 0.32389313 0.43698407 0.09448396
1.67716299 0.00000514 0.62564860 0.32389313 0.43698407 0.09448396
1.67716299 0.00000514 0.62564860 0.32389313 0.43698407 0.09448396
1.67716299 0.00000514 0.62564860 0.32389313 0.43698407 0.09448396
1.67716299 0.00000514 0.62564860 0.32389313 0.43698407 0.09448396
1.67716299 0.00000514 0.62564860 0.32389313 0.43698407 0.09448396
1.67716299 0.00000514 0.62564860 0.32389313 0.43698407 0.09448396
1.67716299 0.00000514 0.62564860 0.32389313 0.43698407 0.09448396
1.67716299 0.00000514 0.62564860 0.32389313 0.43698407 0.09448396
1.67716299 0.00000514 0.62564860 0.32389313 0.43698407 0.09448396
1.67716299 0.00000514 0.62564860 0.32389313 0.43698407 0.09448396
1.67716299 0.00000514 0.62564860 0.32389313 0.43698407 0.09448396
1.67716299 0.00000514 0.62564860 0.32389313 0.43698407 0.09448396
1.67716299 0.00000514 0.62564860 0.32389313 0.43698407 0.09448396
1.67716299 0.00000514 0.62564860 0.32389313 0.43698407 0.09448396
1.67716299 0.00000514 0.62564860 0.32389313 0.43698407 0.09448396
1.67716299 0.00000514 0.62564860 0.32389313 0.43698407 0.09448396
1.67716299 0.00000514 0.62564860 0.32389313 0.43698407 0.09448396
1.67716299 0.00000514 0.62564860 0.32389313 0.43698407 0.09448396
1.67716299 0.00000514 0.62564860 0.32389313 0.43698407 0.09448396
1.67716299 0.00000514 0.62564860 0.32389313 0.43698407 0.09448396
1.67716299 0.00000514 0.62564860 0.32389313 0.43698407 0.09448396
1.67716299 0.00000514 0.62564860 0.32389313 0.43698407 0.09448396
1.67716299 0.00000514 0.62564860 0.32389313 0.43698407 0.09448396
1.67716299 0.00000514 0.62564860 0.32389313 0.43698407 0.09448396
1.67716299 0.00000514 0.62564860 0.32389313 0.43698407 0.09448396
1.67716299 0.00000514 0.62564860 0.32389313 0.43698407 0.09448396
1.67716299 0.00000514 0.62564860 0.32389313 0.43698407 0.09448396
1.67716299 0.00000514 0.62564860 0.32389313 0.43698407 0.09448396
1.45642122 0.00000514 0.63314043 0.59040850 0.63394701 0.17676548
1.45642122 0.00000514 0.63314043 0.59040850 0.63394701 0.17676548
1.45642122 0.00000514 0.63314043 0.59040850 0.63394701 0.17676548
1.45642122 0.00000514 0.63314043 0.59040850 0.63394701 0.17676548
1.45642122 0.00000514 0.63314043 0.59040850 0.63394701 0.17676548
1.45642122 0.00000514 0.63314043 0.59040850 0.63394701 0.17676548
1.45642122 0.00000514 0.63314043 0.59040850 0.63394701 0.17676548
1.45642122 0.00000514 0.63314043 0.59040850 0.63394701 0.17676548
1.45642122 0.00000514 0.63314043 0.59040850 0.63394701 0.17676548
1.45642122 0.00000514 0.63314043 0.59040850 0.63394701 0.17676548
1.45642122 0.00000514 0.63314043 0.59040850 0.63394701 0.17676548
1.45642122 0.00000514 0.63314043 0.59040850 0.63394701 0.17676548
1.45642122 0.00000514 0.63314043 0.59040850 0.63394701 0.17676548
1.45642122 0.00000514 0.63314043 0.59040850 0.63394701 0.17676548
1.45642122 0.00000514 0.63314043 0.59040850 0.63394701 0.17676548
1.45642122 0.00000514 0.63314043 0.59040850 0.63394701 0.17676548
1.45642122 0.00000514 0.63314043 0.59040850 0.63394701 0.17676548
1.45642122 0.00000514 0.63314043 0.59040850 0.63394701 0.17676548
1.45642122 0.00000514 0.63314043 0.59040850 0.63394701 0.17676548
1.45642122 0.00000514 0.63314043 0.59040850 0.63394701 0.17676548
1.45642122 0.00000514 0.63314043 0.59040850 0.63394701 0.17676548
1.45642122 0.00000514 0.63314043 0.59040850 0.63394701 0.17676548
1.45642122 0.00000514 0.63314043 0.59040850 0.63394701 0.17676548
1.45642122 0.00000514 0.63314043 0.59040850 0.63394701 0.17676548
1.45642122 0.00000514 0.63314043 0.59040850 0.63394701 0.17676548
1.45642122 0.00000514 0.63314043 0.59040850 0.63394701 0.17676548
1.45642122 0.00000514 0.63314043 0.59040850 0.63394701 0.17676548
1.45642122 0.00000514 0.63314043 0.59040850 0.63394701 0.17676548
1.45642122 0.00000514 0.63314043 0.59040850 0.63394701 0.17676548
1.45642122 0.00000514 0.63314043 0.59040850 0.63394701 0.17676548
1.45642122 0.00000514 0.63314043 0.59040850 0.63394701 0.17676548
1.45642122 0.00000514 0.63314043 0.59040850 0.63394701 0.17676548
1.45642122 0.00000514 0.63314043 0.59040850 0.63394701 0.17676548
1.45642122 0.00000514 0.63314043 0.59040850 0.63394701 0.17676548
1.45642122 0.00000514 0.63314043 0.59040850 0.63394701 0.17676548
1.45642122 0.00000514 0.63314043 0.59040850 0.63394701 0.17676548
1.45642122 0.00000514 0.63314043 0.59040850 0.63394701 0.17676548
1.45642122 0.00000514 0.63314043 0.59040850 0.63394701 0.17676548
1.45642122 0.00000514 0.63314043 0.59040850 0.63394701 0.17676548
1.45642122 0.00000514 0.63314043 0.59040850 0.63394701 0.17676548
1.45642122 0.00000514 0.63314043 0.59040850 0.63394701 0.17676548
1.45642122 0.00000514 0.63314043 0.59040850 0.63394701 0.17676548
1.45642122 0.00000514 0.63314043 0.59040850 0.63394701 0.17676548
1.45642122 0.00000514 0.63314043 0.59040850 0.63394701 0.17676548
1.45642122 0.00000514 0.63314043 0.59040850 0.63394701 0.17676548
1.45642122 0.00000514 0.63314043 0.59040850 0.63394701 0.17676548
1.45642122 0.00000514 0.63314043 0.59040850 0.63394701 0.17676548
1.45642122 0.00000514 0.63314043 0.59040850 0.63394701 0.17676548
1.45642122 0.00000514 0.63314043 0.59040850 0.63394701 0.17676548
1.45642122 0.00000514 0.63314043 0.59040850 0.63394701 0.17676548
1.45642122 0.00000514 0.63314043 0.59040850 0.63394701 0.17676548
1.45642122 0.00000514 0.63314043 0.59040850 0.63394701 0.17676548
1.45642122 0.00000514 0.63314043 0.59040850 0.63394701 0.17676548
1.45642122 0.00000514 0.63314043 0.59040850 0.63394701 0.17676548
1.45642122 0.00000514 0.63314043 0.59040850 0.63394701 0.17676548
1.45642122 0.00000514 0.63314043 0.59040850 0.63394701 0.17676548
1.45642122 0.00000514 0.63314043 0.59040850 0.63394701 0.17676548
1.45642122 0.00000514 0.63314043 0.59040850 0.63394701 0.17676548
1.45642122 0.00000514 0.63314043 0.59040850 0.63394701 0.17676548
1.45642122 0.00000514 0.63314043 0.59040850 0.63394701 0.17676548
1.45642122 0.00000514 0.63314043 0.59040850 0.63394701 0.17676548
1.45642122 0.00000514 0.63314043 0.59040850 0.63394701 0.17676548
1.45642122 0.00000514 0.63314043 0.59040850 0.63394701 0.17676548
1.45642122 0.00000514 0.63314043 0.59040850 0.63394701 0.17676548
1.45642122 0.00000514 0.63314043 0.59040850 0.63394701 0.17676548
1.45642122 0.00000514 0.63314043 0.59040850 0.63394701 0.17676548
1.45642122 0.00000514 0.63314043 0.59040850 0.63394701 0.17676548
1.45642122 0.00000514 0.63314043 0.59040850 0.63394701 0.17676548
1.45642122 0.00000514 0.63314043 0.59040850 0.63394701 0.17676548
