1.78218571 0.00000525 0.74295690 0.58409728 0.33828014 0.22942864
1.78218571 0.00000525 0.74295690 0.58409728 0.33828014 0.22942864
1.78218571 0.00000525 0.74295690 0.58409728 0.33828014 0.22942864
1.78218571 0.00000525 0.74295690 0.58409728 0.33828014 0.22942864
1.80936439 0.00000529 0.75088988 0.71801228 0.27865354 0.27265293
1.80936439 0.00000529 0.75088988 0.71801228 0.27865354 0.27265293
1.80936439 0.00000529 0.75088988 0.71801228 0.27865354 0.27265293
1.80936439 0.00000529 0.75088988 0.71801228 0.27865354 0.27265293
1.80936439 0.00000529 0.75088988 0.71801228 0.27865354 0.27265293
1.80936439 0.00000529 0.75088988 0.71801228 0.27865354 0.27265293
1.80936439 0.00000529 0.75088988 0.71801228 0.27865354 0.27265293
1.80936439 0.00000529 0.75088988 0.71801228 0.27865354 0.27265293
1.80936439 0.00000529 0.75088988 0.71801228 0.27865354 0.27265293
1.80936439 0.00000529 0.75088988 0.71801228 0.27865354 0.27265293
1.75741765 0.00000533 0.78296833 0.79891288 0.28607617 0.22072885
1.75741765 0.00000533 0.78296833 0.79891288 0.28607617 0.22072885
1.75741765 0.00000533 0.78296833 0.79891288 0.28607617 0.22072885
1.75741765 0.00000533 0.78296833 0.79891288 0.28607617 0.22072885
1.75741765 0.00000533 0.78296833 0.79891288 0.28607617 0.22072885
1.75741765 0.00000533 0.78296833 0.79891288 0.28607617 0.22072885
1.75741765 0.00000533 0.78296833 0.79891288 0.28607617 0.22072885
1.75741765 0.00000533 0.78296833 0.79891288 0.28607617 0.22072885
1.75741765 0.00000533 0.78296833 0.79891288 0.28607617 0.22072885
1.75741765 0.00000533 0.78296833 0.79891288 0.28607617 0.22072885
1.75741765 0.00000533 0.78296833 0.79891288 0.28607617 0.22072885
1.75741765 0.00000533 0.78296833 0.79891288 0.28607617 0.22072885
1.75741765 0.00000533 0.78296833 0.79891288 0.28607617 0.22072885
1.75741765 0.00000533 0.78296833 0.79891288 0.28607617 0.22072885
1.75741765 0.00000533 0.78296833 0.79891288 0.28607617 0.22072885
1.75741765 0.00000533 0.78296833 0.79891288 0.28607617 0.22072885
1.75741765 0.00000533 0.78296833 0.79891288 0.28607617 0.22072885
1.75741765 0.00000533 0.78296833 0.79891288 0.28607617 0.22072885
1.75741765 0.00000533 0.78296833 0.79891288 0.28607617 0.22072885
1.75741765 0.00000533 0.78296833 0.79891288 0.28607617 0.22072885
1.65854116 0.00000518 0.81348245 0.85770416 0.28022888 0.20280676
1.65854116 0.00000518 0.81348245 0.85770416 0.28022888 0.20280676
1.65854116 0.00000518 0.81348245 0.85770416 0.28022888 0.20280676
1.65854116 0.00000518 0.81348245 0.85770416 0.28022888 0.20280676
1.65854116 0.00000518 0.81348245 0.85770416 0.28022888 0.20280676
1.65854116 0.00000518 0.81348245 0.85770416 0.28022888 0.20280676
1.65854116 0.00000518 0.81348245 0.85770416 0.28022888 0.20280676
1.65854116 0.00000518 0.81348245 1.10336184 0.28778175 0.16327580
1.65854116 0.00000518 0.81348245 1.10336184 0.28778175 0.16327580
1.65854116 0.00000518 0.81348245 1.10336184 0.28778175 0.16327580
1.65854116 0.00000518 0.81348245 1.10336184 0.28778175 0.16327580
1.65854116 0.00000518 0.81348245 1.10336184 0.28778175 0.16327580
1.65854116 0.00000518 0.81348245 1.10336184 0.28778175 0.16327580
1.65854116 0.00000518 0.81348245 1.10336184 0.28778175 0.16327580
1.65854116 0.00000518 0.81348245 1.10336184 0.28778175 0.16327580
1.65854116 0.00000518 0.81348245 1.10336184 0.28778175 0.16327580
1.65854116 0.00000518 0.81348245 1.10336184 0.28778175 0.16327580
1.65854116 0.00000518 0.81348245 1.10336184 0.28778175 0.16327580
1.65854116 0.00000518 0.81348245 1.10336184 0.28778175 0.16327580
1.65854116 0.00000518 0.81348245 1.10336184 0.28778175 0.16327580
1.65854116 0.00000518 0.81348245 1.10336184 0.28778175 0.16327580
1.65854116 0.00000518 0.81348245 1.10336184 0.28778175 0.16327580
1.65854116 0.00000518 0.81348245 1.10336184 0.28778175 0.16327580
1.65854116 0.00000518 0.81348245 1.10336184 0.28778175 0.16327580
1.65854116 0.00000518 0.81348245 1.10336184 0.28778175 0.16327580
1.65854116 0.00000518 0.81348245 1.10336184 0.28778175 0.16327580
1.65854116 0.00000518 0.81348245 1.10336184 0.28778175 0.16327580
1.65854116 0.00000518 0.81348245 1.10336184 0.28778175 0.16327580
1.65854116 0.00000518 0.81348245 1.10336184 0.28778175 0.16327580
1.65854116 0.00000518 0.81348245 1.10336184 0.28778175 0.16327580
1.65854116 0.00000518 0.81348245 1.10336184 0.28778175 0.16327580
1.65854116 0.00000518 0.81348245 1.10336184 0.28778175 0.16327580
1.65854116 0.00000518 0.81348245 1.10336184 0.28778175 0.16327580
1.65854116 0.00000518 0.81348245 1.10336184 0.28778175 0.16327580
1.65854116 0.00000518 0.81348245 1.10336184 0.28778175 0.16327580
1.65854116 0.00000518 0.81348245 1.10336184 0.28778175 0.16327580
1.65854116 0.00000518 0.81348245 1.10336184 0.28778175 0.16327580
1.65854116 0.00000518 0.81348245 1.10336184 0.28778175 0.16327580
1.65854116 0.00000518 0.81348245 1.10336184 0.28778175 0.16327580
1.65854116 0.00000518 0.81348245 1.10336184 0.28778175 0.16327580
1.65854116 0.00000518 0.81348245 1.10336184 0.28778175 0.16327580
1.65854116 0.00000518 0.81348245 1.10336184 0.28778175 0.16327580
1.65854116 0.00000518 0.81348245 1.10336184 0.28778175 0.16327580
1.65854116 0.00000518 0.81348245 1.10336184 0.28778175 0.16327580
1.65854116 0.00000518 0.81348245 1.10336184 0.28778175 0.16327580
1.65854116 0.00000518 0.81348245 1.10336184 0.28778175 0.16327580
1.65854116 0.00000518 0.81348245 1.10336184 0.28778175 0.16327580
1.65854116 0.00000518 0.81348245 1.10336184 0.28778175 0.16327580
1.65854116 0.00000518 0.81348245 1.10336184 0.28778175 0.16327580
1.65854116 0.00000518 0.81348245 1.10336184 0.28778175 0.16327580
1.65854116 0.00000518 0.81348245 1.10336184 0.28778175 0.16327580
1.65854116 0.00000518 0.81348245 1.10336184 0.28778175 0.16327580
1.65854116 0.00000518 0.81348245 1.10336184 0.28778175 0.16327580
1.65854116 0.00000518 0.81348245 1.10336184 0.28778175 0.16327580
1.65854116 0.00000518 0.81348245 1.10336184 0.28778175 0.16327580
1.65854116 0.00000518 0.81348245 1.10336184 0.28778175 0.16327580
1.65854116 0.00000518 0.81348245 1.10336184 0.28778175 0.16327580
1.65854116 0.00000518 0.81348245 1.10336184 0.28778175 0.16327580
1.65854116 0.00000518 0.81348245 1.10336184 0.28778175 0.16327580
1.65854116 0.00000518 0.81348245 1.10336184 0.28778175 0.16327580
1.65854116 0.00000518 0.81348245 1.10336184 0.28778175 0.16327580
1.98225535 0.00000518 0.83650238 1.09730205 0.45504081 0.29667268
1.98225535 0.00000518 0.83650238 1.09730205 0.45504081 0.29667268
1.98225535 0.00000518 0.83650238 1.09730205 0.45504081 0.29667268
1.98225535 0.00000518 0.83650238 1.09730205 0.45504081 0.29667268
1.98225535 0.00000518 0.83650238 1.09730205 0.45504081 0.29667268
1.98225535 0.00000518 0.83650238 1.09730205 0.45504081 0.29667268
1.98225535 0.00000518 0.83650238 1.09730205 0.45504081 0.29667268
1.98225535 0.00000518 0.83650238 1.09730205 0.45504081 0.29667268
1.98225535 0.00000518 0.83650238 1.09730205 0.45504081 0.29667268
1.98225535 0.00000518 0.83650238 1.09730205 0.45504081 0.29667268
1.98225535 0.00000518 0.83650238 1.09730205 0.45504081 0.29667268
1.98225535 0.00000518 0.83650238 1.09730205 0.45504081 0.29667268
1.98225535 0.00000518 0.83650238 1.09730205 0.45504081 0.29667268
1.98225535 0.00000518 0.83650238 1.30012290 0.42943095 0.69871711
1.98225535 0.00000518 0.83650238 1.30012290 0.42943095 0.69871711
1.98225535 0.00000518 0.83650238 1.30012290 0.42943095 0.69871711
1.98225535 0.00000518 0.83650238 1.30012290 0.42943095 0.69871711
1.98225535 0.00000518 0.83650238 1.30012290 0.42943095 0.69871711
1.98225535 0.00000518 0.83650238 1.30012290 0.42943095 0.69871711
1.98225535 0.00000518 0.83650238 1.30012290 0.42943095 0.69871711
1.98225535 0.00000518 0.83650238 1.30012290 0.42943095 0.69871711
1.98225535 0.00000518 0.83650238 1.30012290 0.42943095 0.69871711
1.98225535 0.00000518 0.83650238 1.30012290 0.42943095 0.69871711
1.98225535 0.00000518 0.83650238 1.30012290 0.42943095 0.69871711
1.98225535 0.00000518 0.83650238 1.30012290 0.42943095 0.69871711
1.98225535 0.00000518 0.83650238 1.30012290 0.42943095 0.69871711
1.98225535 0.00000518 0.83650238 1.30012290 0.42943095 0.69871711
1.98225535 0.00000518 0.83650238 1.30012290 0.42943095 0.69871711
