0.00000000 0.00000000 0.00000000 0.00000000 0.00000000 0.00000000
1.72086685 0.00000536 0.78221855 0.71154313 0.29990956 0.16514305
1.72086685 0.00000536 0.78221855 0.71154313 0.29990956 0.16514305
1.60150981 0.00000513 0.76584322 0.62624756 0.32322430 0.18245311
1.60150981 0.00000513 0.76584322 0.62624756 0.32322430 0.18245311
1.60150981 0.00000513 0.76584322 0.62624756 0.32322430 0.18245311
1.60150981 0.00000513 0.76584322 0.62624756 0.32322430 0.18245311
1.60150981 0.00000513 0.76584322 0.62624756 0.32322430 0.18245311
1.60150981 0.00000513 0.76584322 0.62624756 0.32322430 0.18245311
1.60150981 0.00000513 0.76584322 0.62624756 0.32322430 0.18245311
1.49075721 0.00000530 0.66341330 0.72238826 0.33659960 0.24412534
1.49075721 0.00000530 0.66341330 0.72238826 0.33659960 0.24412534
1.49075721 0.00000530 0.66341330 0.72238826 0.33659960 0.24412534
1.35690158 0.00000525 0.69873341 0.79660977 0.35899289 0.18046796
1.35690158 0.00000525 0.69873341 0.79660977 0.35899289 0.18046796
1.35690158 0.00000525 0.69873341 0.79660977 0.35899289 0.18046796
1.35690158 0.00000525 0.69873341 0.79660977 0.35899289 0.18046796
1.35690158 0.00000525 0.69873341 0.79660977 0.35899289 0.18046796
1.35690158 0.00000525 0.69873341 0.79660977 0.35899289 0.18046796
1.35690158 0.00000525 0.69873341 0.79660977 0.35899289 0.18046796
1.35690158 0.00000525 0.69873341 0.79660977 0.35899289 0.18046796
1.35690158 0.00000525 0.69873341 0.79660977 0.35899289 0.18046796
1.35690158 0.00000525 0.69873341 0.79660977 0.35899289 0.18046796
1.35690158 0.00000525 0.69873341 0.79660977 0.35899289 0.18046796
1.35690158 0.00000525 0.69873341 0.79660977 0.35899289 0.18046796
1.35690158 0.00000525 0.69873341 0.79660977 0.35899289 0.18046796
1.35690158 0.00000525 0.69873341 0.79660977 0.35899289 0.18046796
1.35690158 0.00000525 0.69873341 0.79660977 0.35899289 0.18046796
1.35690158 0.00000525 0.69873341 0.79660977 0.35899289 0.18046796
1.35690158 0.00000525 0.69873341 0.79660977 0.35899289 0.18046796
1.35690158 0.00000525 0.69873341 0.79660977 0.35899289 0.18046796
1.35690158 0.00000525 0.69873341 0.79660977 0.35899289 0.18046796
1.35690158 0.00000525 0.69873341 0.79660977 0.35899289 0.18046796
1.35690158 0.00000525 0.69873341 0.79660977 0.35899289 0.18046796
1.35690158 0.00000525 0.69873341 0.79660977 0.35899289 0.18046796
1.35690158 0.00000525 0.69873341 0.79660977 0.35899289 0.18046796
1.35690158 0.00000525 0.69873341 0.79660977 0.35899289 0.18046796
1.35690158 0.00000525 0.69873341 0.79660977 0.35899289 0.18046796
1.29865455 0.00000533 0.64208919 0.70440347 0.21828347 0.14449961
1.29865455 0.00000533 0.64208919 0.70440347 0.21828347 0.14449961
1.29865455 0.00000533 0.64208919 0.70440347 0.21828347 0.14449961
1.29865455 0.00000533 0.64208919 0.70440347 0.21828347 0.14449961
1.29865455 0.00000533 0.64208919 0.70440347 0.21828347 0.14449961
1.29865455 0.00000533 0.64208919 0.70440347 0.21828347 0.14449961
1.29865455 0.00000533 0.64208919 0.70440347 0.21828347 0.14449961
1.29865455 0.00000533 0.64208919 0.70440347 0.21828347 0.14449961
1.29865455 0.00000533 0.64208919 0.70440347 0.21828347 0.14449961
1.29865455 0.00000533 0.64208919 0.70440347 0.21828347 0.14449961
1.29865455 0.00000533 0.64208919 0.70440347 0.21828347 0.14449961
1.29865455 0.00000533 0.64208919 0.70440347 0.21828347 0.14449961
1.29865455 0.00000533 0.64208919 0.70440347 0.21828347 0.14449961
1.29865455 0.00000533 0.64208919 0.70440347 0.21828347 0.14449961
1.29865455 0.00000533 0.64208919 0.70440347 0.21828347 0.14449961
1.29865455 0.00000533 0.64208919 0.70440347 0.21828347 0.14449961
1.29865455 0.00000533 0.64208919 0.70440347 0.21828347 0.14449961
1.29865455 0.00000533 0.64208919 0.70440347 0.21828347 0.14449961
1.29865455 0.00000533 0.64208919 0.70440347 0.21828347 0.14449961
1.29865455 0.00000533 0.64208919 0.70440347 0.21828347 0.14449961
1.29865455 0.00000533 0.64208919 0.70440347 0.21828347 0.14449961
1.29865455 0.00000533 0.64208919 0.70440347 0.21828347 0.14449961
1.29865455 0.00000533 0.64208919 0.70440347 0.21828347 0.14449961
1.29865455 0.00000533 0.64208919 0.70440347 0.21828347 0.14449961
1.29865455 0.00000533 0.64208919 0.70440347 0.21828347 0.14449961
1.29865455 0.00000533 0.64208919 0.70440347 0.21828347 0.14449961
1.29865455 0.00000533 0.64208919 0.70440347 0.21828347 0.14449961
1.29865455 0.00000533 0.64208919 0.70440347 0.21828347 0.14449961
1.29865455 0.00000533 0.64208919 0.70440347 0.21828347 0.14449961
1.29865455 0.00000533 0.64208919 0.70440347 0.21828347 0.14449961
1.29865455 0.00000533 0.64208919 0.70440347 0.21828347 0.14449961
1.29865455 0.00000533 0.64208919 0.70440347 0.21828347 0.14449961
1.29865455 0.00000533 0.64208919 0.70440347 0.21828347 0.14449961
1.29865455 0.00000533 0.64208919 0.70440347 0.21828347 0.14449961
1.29865455 0.00000533 0.64208919 0.70440347 0.21828347 0.14449961
1.29865455 0.00000533 0.64208919 0.70440347 0.21828347 0.14449961
1.29865455 0.00000533 0.64208919 0.70440347 0.21828347 0.14449961
1.29865455 0.00000533 0.64208919 0.70440347 0.21828347 0.14449961
1.29865455 0.00000533 0.64208919 0.70440347 0.21828347 0.14449961
1.29865455 0.00000533 0.64208919 0.70440347 0.21828347 0.14449961
1.29865455 0.00000533 0.64208919 0.70440347 0.21828347 0.14449961
1.29865455 0.00000533 0.64208919 0.70440347 0.21828347 0.14449961
1.29865455 0.00000533 0.64208919 0.70440347 0.21828347 0.14449961
1.29865455 0.00000533 0.64208919 0.70440347 0.21828347 0.14449961
1.29865455 0.00000533 0.64208919 0.70440347 0.21828347 0.14449961
1.29865455 0.00000533 0.64208919 0.70440347 0.21828347 0.14449961
1.29865455 0.00000533 0.64208919 0.70440347 0.21828347 0.14449961
1.29865455 0.00000533 0.64208919 0.70440347 0.21828347 0.14449961
1.29865455 0.00000533 0.64208919 0.70440347 0.21828347 0.14449961
1.29865455 0.00000533 0.64208919 0.70440347 0.21828347 0.14449961
1.29865455 0.00000533 0.64208919 0.70440347 0.21828347 0.14449961
1.29865455 0.00000533 0.64208919 0.70440347 0.21828347 0.14449961
1.29865455 0.00000533 0.64208919 0.70440347 0.21828347 0.14449961
1.29865455 0.00000533 0.64208919 0.70440347 0.21828347 0.14449961
1.29865455 0.00000533 0.64208919 0.70440347 0.21828347 0.14449961
1.29865455 0.00000533 0.64208919 0.70440347 0.21828347 0.14449961
1.29865455 0.00000533 0.64208919 0.70440347 0.21828347 0.14449961
1.29865455 0.00000533 0.64208919 0.70440347 0.21828347 0.14449961
1.29865455 0.00000533 0.64208919 0.70440347 0.21828347 0.14449961
1.29865455 0.00000533 0.64208919 0.70440347 0.21828347 0.14449961
1.29865455 0.00000533 0.64208919 0.70440347 0.21828347 0.14449961
1.29865455 0.00000533 0.64208919 0.70440347 0.21828347 0.14449961
1.29865455 0.00000533 0.64208919 0.70440347 0.21828347 0.14449961
1.29865455 0.00000533 0.64208919 0.70440347 0.21828347 0.14449961
1.29865455 0.00000533 0.64208919 0.70440347 0.21828347 0.14449961
1.29865455 0.00000533 0.64208919 0.70440347 0.21828347 0.14449961
1.29865455 0.00000533 0.64208919 0.70440347 0.21828347 0.14449961
1.29865455 0.00000533 0.64208919 0.70440347 0.21828347 0.14449961
1.29865455 0.00000533 0.64208919 0.70440347 0.21828347 0.14449961
1.29865455 0.00000533 0.64208919 0.70440347 0.21828347 0.14449961
1.29865455 0.00000533 0.64208919 0.70440347 0.21828347 0.14449961
1.29865455 0.00000533 0.64208919 0.70440347 0.21828347 0.14449961
1.29865455 0.00000533 0.64208919 0.70440347 0.21828347 0.14449961
1.29865455 0.00000533 0.64208919 0.70440347 0.21828347 0.14449961
1.29865455 0.00000533 0.64208919 0.70440347 0.21828347 0.14449961
1.29865455 0.00000533 0.64208919 0.70440347 0.21828347 0.14449961
1.29865455 0.00000533 0.64208919 0.70440347 0.21828347 0.14449961
1.29865455 0.00000533 0.64208919 0.70440347 0.21828347 0.14449961
1.29865455 0.00000533 0.64208919 0.70440347 0.21828347 0.14449961
1.29865455 0.00000533 0.64208919 0.70440347 0.21828347 0.14449961
1.29865455 0.00000533 0.64208919 0.70440347 0.21828347 0.14449961
1.29865455 0.00000533 0.64208919 0.70440347 0.21828347 0.14449961
1.29865455 0.00000533 0.64208919 0.70440347 0.21828347 0.14449961
1.29865455 0.00000533 0.64208919 0.70440347 0.21828347 0.14449961
1.29865455 0.00000533 0.64208919 0.70440347 0.21828347 0.14449961
