0.00000000 0.00000000 0.00000000 0.00000000 0.00000000 0.00000000
0.00000000 0.00000000 0.00000000 0.00000000 0.00000000 0.00000000
0.00000000 0.00000000 0.00000000 0.00000000 0.00000000 0.00000000
1.65428866 0.00000517 0.82359782 0.43344494 0.35598147 0.21063363
1.65428866 0.00000517 0.82359782 0.43344494 0.35598147 0.21063363
1.57468691 0.00000508 0.85129315 0.60034596 0.41497683 0.16657053
1.57468691 0.00000508 0.85129315 0.60034596 0.41497683 0.16657053
1.57468691 0.00000508 0.85129315 0.60034596 0.41497683 0.16657053
1.57468691 0.00000508 0.85129315 0.60034596 0.41497683 0.16657053
1.61380167 0.00000515 0.90017916 0.75606890 0.38238450 0.16912762
1.61380167 0.00000515 0.90017916 0.75606890 0.38238450 0.16912762
1.61380167 0.00000515 0.90017916 0.75606890 0.38238450 0.16912762
1.61380167 0.00000515 0.90017916 0.75606890 0.38238450 0.16912762
1.61380167 0.00000515 0.90017916 0.75606890 0.38238450 0.16912762
1.61380167 0.00000515 0.90017916 0.75606890 0.38238450 0.16912762
1.61380167 0.00000515 0.90017916 0.75606890 0.38238450 0.16912762
1.61380167 0.00000515 0.90017916 0.75606890 0.38238450 0.16912762
1.61380167 0.00000515 0.90017916 0.75606890 0.38238450 0.16912762
1.61380167 0.00000515 0.90017916 0.75606890 0.38238450 0.16912762
1.61380167 0.00000515 0.90017916 0.75606890 0.38238450 0.16912762
1.61380167 0.00000515 0.90017916 0.75606890 0.38238450 0.16912762
1.61380167 0.00000515 0.90017916 0.75606890 0.38238450 0.16912762
1.61380167 0.00000515 0.90017916 0.75606890 0.38238450 0.16912762
1.61380167 0.00000515 0.90017916 0.75606890 0.38238450 0.16912762
1.61380167 0.00000515 0.90017916 0.75606890 0.38238450 0.16912762
1.61380167 0.00000515 0.90017916 0.75606890 0.38238450 0.16912762
1.61380167 0.00000515 0.90017916 0.75606890 0.38238450 0.16912762
1.61380167 0.00000515 0.90017916 0.75606890 0.38238450 0.16912762
1.61380167 0.00000515 0.90017916 0.75606890 0.38238450 0.16912762
1.61380167 0.00000515 0.90017916 0.75606890 0.38238450 0.16912762
1.61380167 0.00000515 0.90017916 0.75606890 0.38238450 0.16912762
1.61380167 0.00000515 0.90017916 0.75606890 0.38238450 0.16912762
1.61380167 0.00000515 0.90017916 0.75606890 0.38238450 0.16912762
1.61380167 0.00000515 0.90017916 0.75606890 0.38238450 0.16912762
1.61380167 0.00000515 0.90017916 0.75606890 0.38238450 0.16912762
1.61380167 0.00000515 0.90017916 0.75606890 0.38238450 0.16912762
1.61380167 0.00000515 0.90017916 0.75606890 0.38238450 0.16912762
1.61380167 0.00000515 0.90017916 0.75606890 0.38238450 0.16912762
1.61380167 0.00000515 0.90017916 0.75606890 0.38238450 0.16912762
1.61380167 0.00000515 0.90017916 0.75606890 0.38238450 0.16912762
1.61380167 0.00000515 0.90017916 0.75606890 0.38238450 0.16912762
1.61380167 0.00000515 0.90017916 0.75606890 0.38238450 0.16912762
2.63766643 0.00000515 0.90017916 1.50045132 0.38238450 0.63546260
2.63766643 0.00000515 0.90017916 1.50045132 0.38238450 0.63546260
2.63766643 0.00000515 0.90017916 1.50045132 0.38238450 0.63546260
2.63766643 0.00000515 0.90017916 1.50045132 0.38238450 0.63546260
2.63766643 0.00000515 0.77405392 1.68402174 0.45133647 0.83482576
2.63766643 0.00000515 0.77405392 1.68402174 0.45133647 0.83482576
2.63766643 0.00000515 0.77405392 1.68402174 0.45133647 0.83482576
2.10401049 0.00000515 0.65653314 1.57439557 0.33279892 0.72118927
2.10401049 0.00000515 0.65653314 1.57439557 0.33279892 0.72118927
2.10401049 0.00000515 0.65653314 1.57439557 0.33279892 0.72118927
2.10401049 0.00000515 0.65653314 1.57439557 0.33279892 0.72118927
2.10401049 0.00000515 0.65653314 1.57439557 0.33279892 0.72118927
2.10401049 0.00000515 0.65653314 1.57439557 0.33279892 0.72118927
2.10401049 0.00000515 0.65653314 1.57439557 0.33279892 0.72118927
2.10401049 0.00000515 0.65653314 1.57439557 0.33279892 0.72118927
2.10401049 0.00000515 0.65653314 1.57439557 0.33279892 0.72118927
2.10401049 0.00000515 0.65653314 1.57439557 0.33279892 0.72118927
2.10401049 0.00000515 0.65653314 1.57439557 0.33279892 0.72118927
2.10401049 0.00000515 0.65653314 1.57439557 0.33279892 0.72118927
2.10401049 0.00000515 0.65653314 1.57439557 0.33279892 0.72118927
2.10401049 0.00000515 0.65653314 1.57439557 0.33279892 0.72118927
2.10401049 0.00000515 0.65653314 1.57439557 0.33279892 0.72118927
2.10401049 0.00000515 0.65653314 1.57439557 0.33279892 0.72118927
2.10401049 0.00000515 0.65653314 1.57439557 0.33279892 0.72118927
2.10401049 0.00000515 0.65653314 1.57439557 0.33279892 0.72118927
2.10401049 0.00000515 0.65653314 1.57439557 0.33279892 0.72118927
2.10401049 0.00000515 0.65653314 1.57439557 0.33279892 0.72118927
2.10401049 0.00000515 0.65653314 1.57439557 0.33279892 0.72118927
2.10401049 0.00000515 0.65653314 1.57439557 0.33279892 0.72118927
2.10401049 0.00000515 0.65653314 1.57439557 0.33279892 0.72118927
2.10401049 0.00000515 0.65653314 1.57439557 0.33279892 0.72118927
2.10401049 0.00000515 0.65653314 1.57439557 0.33279892 0.72118927
2.10401049 0.00000515 0.65653314 1.57439557 0.33279892 0.72118927
2.10401049 0.00000515 0.65653314 1.57439557 0.33279892 0.72118927
2.10401049 0.00000515 0.65653314 1.57439557 0.33279892 0.72118927
2.10401049 0.00000515 0.65653314 1.57439557 0.33279892 0.72118927
2.10401049 0.00000515 0.65653314 1.57439557 0.33279892 0.72118927
2.10401049 0.00000515 0.65653314 1.57439557 0.33279892 0.72118927
2.10401049 0.00000515 0.65653314 1.57439557 0.33279892 0.72118927
2.10401049 0.00000515 0.65653314 1.57439557 0.33279892 0.72118927
2.10401049 0.00000515 0.65653314 1.57439557 0.33279892 0.72118927
2.10401049 0.00000515 0.65653314 1.57439557 0.33279892 0.72118927
2.10401049 0.00000515 0.65653314 1.57439557 0.33279892 0.72118927
2.10401049 0.00000515 0.65653314 1.57439557 0.33279892 0.72118927
2.10401049 0.00000515 0.65653314 1.57439557 0.33279892 0.72118927
2.10401049 0.00000515 0.65653314 1.57439557 0.33279892 0.72118927
2.10401049 0.00000515 0.65653314 1.57439557 0.33279892 0.72118927
2.10401049 0.00000515 0.65653314 1.57439557 0.33279892 0.72118927
2.10401049 0.00000515 0.65653314 1.57439557 0.33279892 0.72118927
2.10401049 0.00000515 0.65653314 1.57439557 0.33279892 0.72118927
2.10401049 0.00000515 0.65653314 1.57439557 0.33279892 0.72118927
2.10401049 0.00000515 0.65653314 1.57439557 0.33279892 0.72118927
2.10401049 0.00000515 0.65653314 1.57439557 0.33279892 0.72118927
2.10401049 0.00000515 0.65653314 1.57439557 0.33279892 0.72118927
2.10401049 0.00000515 0.65653314 1.57439557 0.33279892 0.72118927
2.10401049 0.00000515 0.65653314 1.57439557 0.33279892 0.72118927
2.10401049 0.00000515 0.65653314 1.57439557 0.33279892 0.72118927
2.10401049 0.00000515 0.65653314 1.57439557 0.33279892 0.72118927
2.10401049 0.00000515 0.65653314 1.57439557 0.33279892 0.72118927
2.10401049 0.00000515 0.65653314 1.57439557 0.33279892 0.72118927
2.10401049 0.00000515 0.65653314 1.57439557 0.33279892 0.72118927
2.10401049 0.00000515 0.65653314 1.57439557 0.33279892 0.72118927
2.10401049 0.00000515 0.65653314 1.57439557 0.33279892 0.72118927
2.10401049 0.00000515 0.65653314 1.57439557 0.33279892 0.72118927
2.10401049 0.00000515 0.65653314 1.57439557 0.33279892 0.72118927
2.10401049 0.00000515 0.65653314 1.57439557 0.33279892 0.72118927
2.10401049 0.00000515 0.65653314 1.57439557 0.33279892 0.72118927
2.10401049 0.00000515 0.65653314 1.57439557 0.33279892 0.72118927
2.10401049 0.00000515 0.65653314 1.57439557 0.33279892 0.72118927
1.45002143 0.00000515 0.32280075 0.58641663 0.17394849 0.31174307
1.45002143 0.00000515 0.32280075 0.58641663 0.17394849 0.31174307
1.45002143 0.00000515 0.32280075 0.58641663 0.17394849 0.31174307
1.45002143 0.00000515 0.32280075 0.58641663 0.17394849 0.31174307
1.45002143 0.00000515 0.32280075 0.58641663 0.17394849 0.31174307
1.45002143 0.00000515 0.32280075 0.58641663 0.17394849 0.31174307
1.45002143 0.00000515 0.32280075 0.58641663 0.17394849 0.31174307
1.45002143 0.00000515 0.32280075 0.58641663 0.17394849 0.31174307
1.45002143 0.00000515 0.32280075 0.58641663 0.17394849 0.31174307
1.45002143 0.00000515 0.32280075 0.58641663 0.17394849 0.31174307
1.45002143 0.00000515 0.32280075 0.58641663 0.17394849 0.31174307
1.45002143 0.00000515 0.32280075 0.58641663 0.17394849 0.31174307
