1.76211444 0.00000539 0.71327587 0.54558898 0.35084557 0.14168723
1.71100462 0.00000524 0.70605592 0.60078030 0.40832439 0.12772141
1.71100462 0.00000524 0.70605592 0.60078030 0.40832439 0.12772141
1.69946114 0.00000517 0.72178781 0.66602670 0.47218045 0.13005996
1.81964486 0.00000512 0.67798039 0.49578335 0.51610061 0.12642258
1.81964486 0.00000512 0.67798039 0.49578335 0.51610061 0.12642258
1.81964486 0.00000512 0.67798039 0.49578335 0.51610061 0.12642258
1.81964486 0.00000512 0.67798039 0.49578335 0.51610061 0.12642258
1.81964486 0.00000512 0.67798039 0.49578335 0.51610061 0.12642258
1.81964486 0.00000512 0.67798039 0.49578335 0.51610061 0.12642258
1.81964486 0.00000512 0.67798039 0.49578335 0.51610061 0.12642258
1.81964486 0.00000512 0.67798039 0.49578335 0.51610061 0.12642258
1.81964486 0.00000512 0.67798039 0.49578335 0.51610061 0.12642258
1.81964486 0.00000512 0.67798039 0.49578335 0.51610061 0.12642258
1.81964486 0.00000512 0.67798039 0.49578335 0.51610061 0.12642258
1.81964486 0.00000512 0.67798039 0.49578335 0.51610061 0.12642258
1.81964486 0.00000512 0.67798039 0.49578335 0.51610061 0.12642258
1.81964486 0.00000512 0.67798039 0.49578335 0.51610061 0.12642258
1.81964486 0.00000512 0.67798039 0.49578335 0.51610061 0.12642258
1.81964486 0.00000512 0.67798039 0.49578335 0.51610061 0.12642258
1.81964486 0.00000512 0.67798039 0.49578335 0.51610061 0.12642258
1.81964486 0.00000512 0.67798039 0.49578335 0.51610061 0.12642258
1.81964486 0.00000512 0.67798039 0.49578335 0.51610061 0.12642258
1.81964486 0.00000512 0.67798039 0.49578335 0.51610061 0.12642258
1.81964486 0.00000512 0.67798039 0.49578335 0.51610061 0.12642258
1.81964486 0.00000512 0.67798039 0.49578335 0.51610061 0.12642258
1.81964486 0.00000512 0.67798039 0.49578335 0.51610061 0.12642258
1.81964486 0.00000512 0.67798039 0.49578335 0.51610061 0.12642258
1.81964486 0.00000512 0.67798039 0.49578335 0.51610061 0.12642258
1.81964486 0.00000512 0.67798039 0.49578335 0.51610061 0.12642258
1.81964486 0.00000512 0.67798039 0.49578335 0.51610061 0.12642258
1.81964486 0.00000512 0.67798039 0.49578335 0.51610061 0.12642258
1.81964486 0.00000512 0.67798039 0.49578335 0.51610061 0.12642258
1.81964486 0.00000512 0.67798039 0.49578335 0.51610061 0.12642258
1.81964486 0.00000512 0.67798039 0.49578335 0.51610061 0.12642258
1.81964486 0.00000512 0.67798039 0.49578335 0.51610061 0.12642258
1.81964486 0.00000512 0.67798039 0.49578335 0.51610061 0.12642258
1.81964486 0.00000512 0.67798039 0.49578335 0.51610061 0.12642258
1.81964486 0.00000512 0.67798039 0.49578335 0.51610061 0.12642258
1.81964486 0.00000512 0.67798039 0.49578335 0.51610061 0.12642258
1.81964486 0.00000512 0.67798039 0.49578335 0.51610061 0.12642258
1.81964486 0.00000512 0.67798039 0.49578335 0.51610061 0.12642258
1.81964486 0.00000512 0.67798039 0.49578335 0.51610061 0.12642258
1.81964486 0.00000512 0.67798039 0.49578335 0.51610061 0.12642258
1.81964486 0.00000512 0.67798039 0.49578335 0.51610061 0.12642258
1.81964486 0.00000512 0.67798039 0.49578335 0.51610061 0.12642258
1.81964486 0.00000512 0.67798039 0.49578335 0.51610061 0.12642258
1.81964486 0.00000512 0.67798039 0.49578335 0.51610061 0.12642258
1.81964486 0.00000512 0.67798039 0.49578335 0.51610061 0.12642258
1.81964486 0.00000512 0.67798039 0.49578335 0.51610061 0.12642258
1.81964486 0.00000512 0.67798039 0.49578335 0.51610061 0.12642258
1.81964486 0.00000512 0.67798039 0.49578335 0.51610061 0.12642258
1.81964486 0.00000512 0.67798039 0.49578335 0.51610061 0.12642258
1.81964486 0.00000512 0.67798039 0.49578335 0.51610061 0.12642258
1.81964486 0.00000512 0.67798039 0.49578335 0.51610061 0.12642258
1.81964486 0.00000512 0.67798039 0.49578335 0.51610061 0.12642258
1.81964486 0.00000512 0.67798039 0.49578335 0.51610061 0.12642258
1.81964486 0.00000512 0.67798039 0.49578335 0.51610061 0.12642258
1.81964486 0.00000512 0.67798039 0.49578335 0.51610061 0.12642258
1.81964486 0.00000512 0.67798039 0.49578335 0.51610061 0.12642258
1.81964486 0.00000512 0.67798039 0.49578335 0.51610061 0.12642258
1.81964486 0.00000512 0.67798039 0.49578335 0.51610061 0.12642258
1.81964486 0.00000512 0.67798039 0.49578335 0.51610061 0.12642258
1.81964486 0.00000512 0.67798039 0.49578335 0.51610061 0.12642258
1.81964486 0.00000512 0.67798039 0.49578335 0.51610061 0.12642258
1.81964486 0.00000512 0.67798039 0.49578335 0.51610061 0.12642258
1.81964486 0.00000512 0.67798039 0.49578335 0.51610061 0.12642258
1.81964486 0.00000512 0.67798039 0.49578335 0.51610061 0.12642258
1.81964486 0.00000512 0.67798039 0.49578335 0.51610061 0.12642258
1.81964486 0.00000512 0.67798039 0.49578335 0.51610061 0.12642258
1.81964486 0.00000512 0.67798039 0.49578335 0.51610061 0.12642258
1.81964486 0.00000512 0.67798039 0.49578335 0.51610061 0.12642258
1.81964486 0.00000512 0.67798039 0.49578335 0.51610061 0.12642258
1.81964486 0.00000512 0.67798039 0.49578335 0.51610061 0.12642258
1.81964486 0.00000512 0.67798039 0.49578335 0.51610061 0.12642258
1.81964486 0.00000512 0.67798039 0.49578335 0.51610061 0.12642258
2.52175787 0.00000512 0.74821160 0.26067002 0.24666559 0.25440088
2.52175787 0.00000512 0.74821160 0.26067002 0.24666559 0.25440088
2.52175787 0.00000512 0.74821160 0.26067002 0.24666559 0.25440088
2.52175787 0.00000512 0.74821160 0.26067002 0.24666559 0.25440088
2.52175787 0.00000512 0.74821160 0.26067002 0.24666559 0.25440088
2.52175787 0.00000512 0.74821160 0.26067002 0.24666559 0.25440088
2.52175787 0.00000512 0.74821160 0.26067002 0.24666559 0.25440088
2.52175787 0.00000512 0.74821160 0.26067002 0.24666559 0.25440088
2.52175787 0.00000512 0.74821160 0.26067002 0.24666559 0.25440088
2.52175787 0.00000512 0.74821160 0.26067002 0.24666559 0.25440088
2.52175787 0.00000512 0.74821160 0.26067002 0.24666559 0.25440088
2.52175787 0.00000512 0.74821160 0.26067002 0.24666559 0.25440088
2.52175787 0.00000512 0.74821160 0.26067002 0.24666559 0.25440088
2.52175787 0.00000512 0.74821160 0.26067002 0.24666559 0.25440088
2.52175787 0.00000512 0.74821160 0.26067002 0.24666559 0.25440088
2.52175787 0.00000512 0.45911980 0.39254515 0.15160308 0.33072948
2.52175787 0.00000512 0.45911980 0.39254515 0.15160308 0.33072948
2.52175787 0.00000512 0.45911980 0.39254515 0.15160308 0.33072948
2.52175787 0.00000512 0.45911980 0.39254515 0.15160308 0.33072948
2.52175787 0.00000512 0.45911980 0.39254515 0.15160308 0.33072948
2.52175787 0.00000512 0.45911980 0.39254515 0.15160308 0.33072948
2.52175787 0.00000512 0.45911980 0.39254515 0.15160308 0.33072948
2.52175787 0.00000512 0.45911980 0.39254515 0.15160308 0.33072948
2.52175787 0.00000512 0.45911980 0.39254515 0.15160308 0.33072948
2.52175787 0.00000512 0.45911980 0.39254515 0.15160308 0.33072948
2.52175787 0.00000512 0.45911980 0.39254515 0.15160308 0.33072948
2.52175787 0.00000512 0.45911980 0.39254515 0.15160308 0.33072948
2.52175787 0.00000512 0.45911980 0.39254515 0.15160308 0.33072948
2.52175787 0.00000512 0.45911980 0.39254515 0.15160308 0.33072948
2.52175787 0.00000512 0.45911980 0.39254515 0.15160308 0.33072948
2.52175787 0.00000512 0.45911980 0.39254515 0.15160308 0.33072948
2.52175787 0.00000512 0.45911980 0.39254515 0.15160308 0.33072948
2.52175787 0.00000512 0.45911980 0.39254515 0.15160308 0.33072948
2.52175787 0.00000512 0.45911980 0.39254515 0.15160308 0.33072948
2.52175787 0.00000512 0.45911980 0.39254515 0.15160308 0.33072948
2.52175787 0.00000512 0.45911980 0.39254515 0.15160308 0.33072948
2.52175787 0.00000512 0.45911980 0.39254515 0.15160308 0.33072948
2.52175787 0.00000512 0.46878020 0.28710400 0.50917997 0.22330937
2.52175787 0.00000512 0.46878020 0.28710400 0.50917997 0.22330937
2.52175787 0.00000512 0.46878020 0.28710400 0.50917997 0.22330937
2.52175787 0.00000512 0.46878020 0.28710400 0.50917997 0.22330937
2.52175787 0.00000512 0.88321047 0.21078233 0.67006052 0.59356655
2.52175787 0.00000512 0.88321047 0.21078233 0.67006052 0.59356655
2.52175787 0.00000512 0.88321047 0.21078233 0.67006052 0.59356655
2.52175787 0.00000512 0.88321047 0.21078233 0.67006052 0.59356655
2.52175787 0.00000512 0.88321047 0.21078233 0.67006052 0.59356655
2.52175787 0.00000512 0.88321047 0.21078233 0.67006052 0.59356655
2.52175787 0.00000512 0.88321047 0.21078233 0.67006052 0.59356655
