0.00 0.00 0.00 0.00 0.00 0.00 0.00 0.00 0.00 0.00 0.00 0.00 0.00 0.00 0.00 0.00 0.00 0.00 0.00 0.00 0.00 0.00 0.00 0.00 0.00 0.00 0.00 0.00 0.00 0.00 0.00 0.00 0.00 0.00 0.00 0.00 0.00 0.00 0.00 0.00 0.00 0.00 0.00 0.00 0.00 0.00 0.00 0.00 0.00 0.00
0.00 0.00 0.00 0.00 0.00 0.00 0.00 0.00 0.00 0.00 -179.13 -12.79 -0.09 -0.02 -0.00 0.00 -0.11 -0.01 -0.21 -29.61 -802.03 -225.49 -30.44 -26.59 -1.76 -0.13 -48.58 -40.43 -63.81 -326.88 -1603.68 -734.32 -249.65 -249.68 -64.80 -21.40 -346.76 -335.43 -387.14 -912.01 -2458.10 -1444.92 -731.22 -753.56 -333.05 -185.76 -916.25 -880.75 -928.70 -1643.48
0.00 0.00 0.00 0.00 0.00 0.00 0.00 0.00 0.00 0.00 -209.89 -21.17 -0.31 -0.09 -0.00 -0.00 -0.44 -0.04 -0.80 -83.80 -904.16 -316.10 -59.70 -60.73 -10.29 -0.62 -96.79 -61.89 -103.73 -510.52 -1769.18 -950.86 -385.05 -427.97 -164.15 -49.23 -527.99 -432.34 -524.42 -1200.27 -2678.20 -1765.05 -1006.50 -1079.51 -600.81 -336.31 -1229.16 -1109.47 -1225.14 -1966.73
0.00 0.00 0.00 0.00 0.00 0.00 0.00 0.00 0.00 0.00 -211.73 -25.67 -0.63 -0.25 -0.00 -0.00 -0.93 -0.16 -3.47 -71.79 -876.58 -333.84 -85.98 -80.48 -18.55 -2.28 -110.28 -95.77 -209.98 -436.11 -1683.75 -946.60 -466.24 -473.82 -227.76 -86.25 -559.91 -547.12 -759.93 -1074.90 -2523.65 -1702.91 -1101.83 -1132.73 -728.35 -430.84 -1264.81 -1277.75 -1466.83 -1860.01
0.00 0.00 0.00 0.00 0.00 0.00 0.00 0.00 0.00 0.00 -195.99 -25.63 -0.89 -0.39 -0.00 -0.00 -0.83 -0.06 -3.07 -120.00 -793.82 -322.52 -76.39 -113.78 -18.83 -2.17 -101.29 -64.22 -168.97 -519.22 -1510.53 -896.59 -417.64 -543.57 -220.98 -84.37 -498.85 -415.35 -622.15 -1072.79 -2253.12 -1589.44 -991.80 -1164.79 -681.92 -400.82 -1109.99 -1012.43 -1243.11 -1712.12
0.00 0.00 0.00 0.00 0.00 0.00 0.00 0.00 0.00 0.00 -102.37 -11.11 -0.24 -0.13 -0.00 -0.00 -0.36 -0.16 -0.24 -15.90 -430.20 -152.77 -34.58 -58.79 -8.97 -0.92 -47.78 -63.68 -44.68 -199.35 -831.87 -453.08 -199.80 -290.14 -108.20 -43.52 -241.74 -304.21 -246.92 -539.76 -1251.12 -833.06 -488.74 -638.41 -347.33 -209.14 -554.42 -660.34 -577.08 -939.27
0.00 0.00 0.00 0.00 0.00 0.00 0.00 0.00 0.00 0.00 -80.81 -8.30 -0.27 -0.16 -0.00 -0.00 -0.27 -0.05 -0.98 -37.72 -335.01 -116.56 -35.11 -42.66 -3.74 -0.85 -34.14 -38.74 -59.73 -186.47 -643.75 -348.05 -186.83 -215.95 -58.89 -36.28 -183.82 -222.00 -246.28 -416.37 -964.96 -640.77 -438.14 -479.87 -212.83 -173.92 -429.92 -503.40 -518.35 -710.90
0.00 0.00 0.00 0.00 0.00 0.00 0.00 0.00 0.00 0.00 -83.58 -9.08 -0.57 -0.17 -0.00 -0.00 -0.32 -0.01 -2.14 -44.25 -341.63 -124.21 -47.46 -56.03 -9.09 -1.25 -37.40 -13.70 -101.73 -203.00 -651.97 -363.21 -216.71 -268.53 -98.36 -42.83 -195.07 -106.22 -337.18 -435.08 -973.67 -659.73 -470.17 -560.90 -298.25 -194.21 -452.15 -312.48 -634.03 -730.71
0.00 0.00 0.00 0.00 0.00 0.00 0.00 0.00 0.00 0.00 -72.29 -8.23 -0.30 -0.06 -0.00 -0.00 -0.23 -0.03 -0.50 -28.13 -303.49 -111.20 -32.21 -26.77 -5.83 -0.74 -37.53 -25.36 -44.14 -178.91 -586.80 -323.45 -165.88 -167.17 -74.88 -29.22 -192.26 -160.64 -200.54 -427.47 -882.61 -591.64 -387.92 -402.40 -245.92 -142.10 -437.61 -391.93 -442.51 -711.51
0.00 0.00 0.00 0.00 0.00 0.00 0.00 0.00 0.00 0.00 -72.29 -8.23 -0.30 -0.06 -0.00 -0.00 -0.23 -0.03 -0.50 -28.13 -303.49 -111.20 -32.21 -26.77 -5.83 -0.74 -37.53 -25.36 -44.14 -178.91 -586.80 -323.45 -165.88 -167.17 -74.88 -29.22 -192.26 -160.64 -200.54 -427.47 -882.61 -591.64 -387.92 -402.40 -245.92 -142.10 -437.61 -391.93 -442.51 -711.51
0.00 0.00 0.00 0.00 0.00 0.00 0.00 0.00 0.00 0.00 -121.21 -14.62 -0.43 -0.15 -0.00 -0.00 -0.43 -0.01 -1.18 -71.80 -523.21 -196.70 -55.26 -71.08 -7.19 -0.58 -51.62 -17.66 -96.87 -317.53 -1019.43 -575.51 -293.33 -367.76 -114.93 -35.79 -288.34 -169.17 -398.27 -679.47 -1537.63 -1049.87 -694.58 -813.02 -404.25 -206.12 -688.30 -500.94 -839.05 -1141.08
0.00 0.00 0.00 0.00 0.00 0.00 0.00 0.00 0.00 0.00 -72.29 -8.23 -0.30 -0.06 -0.00 -0.00 -0.23 -0.03 -0.50 -28.13 -303.49 -111.20 -32.21 -26.77 -5.83 -0.74 -37.53 -25.36 -44.14 -178.91 -586.80 -323.45 -165.88 -167.17 -74.88 -29.22 -192.26 -160.64 -200.54 -427.47 -882.61 -591.64 -387.92 -402.40 -245.92 -142.10 -437.61 -391.93 -442.51 -711.51
0.00 0.00 0.00 0.00 0.00 0.00 0.00 0.00 0.00 0.00 -63.66 -6.22 -0.52 -0.03 -0.00 0.00 -0.13 -0.01 -0.43 -28.92 -284.44 -95.48 -39.59 -22.43 -2.95 -0.17 -24.41 -13.17 -41.32 -150.93 -563.69 -292.22 -184.49 -147.89 -51.99 -13.64 -146.02 -114.09 -180.66 -348.51 -858.12 -550.99 -407.65 -368.51 -192.18 -88.61 -364.70 -317.52 -401.21 -612.09
0.00 0.00 0.00 0.00 0.00 0.00 0.00 0.00 0.00 0.00 -63.66 -6.22 -0.52 -0.03 -0.00 0.00 -0.13 -0.01 -0.43 -28.92 -284.44 -95.48 -39.59 -22.43 -2.95 -0.17 -24.41 -13.17 -41.32 -150.93 -563.69 -292.22 -184.49 -147.89 -51.99 -13.64 -146.02 -114.09 -180.66 -348.51 -858.12 -550.99 -407.65 -368.51 -192.18 -88.61 -364.70 -317.52 -401.21 -612.09
0.00 0.00 0.00 0.00 0.00 0.00 0.00 0.00 0.00 0.00 -63.66 -6.22 -0.52 -0.03 -0.00 0.00 -0.13 -0.01 -0.43 -28.92 -284.44 -95.48 -39.59 -22.43 -2.95 -0.17 -24.41 -13.17 -41.32 -150.93 -563.69 -292.22 -184.49 -147.89 -51.99 -13.64 -146.02 -114.09 -180.66 -348.51 -858.12 -550.99 -407.65 -368.51 -192.18 -88.61 -364.70 -317.52 -401.21 -612.09
0.00 0.00 0.00 0.00 0.00 0.00 0.00 0.00 0.00 0.00 -63.66 -6.22 -0.52 -0.03 -0.00 0.00 -0.13 -0.01 -0.43 -28.92 -284.44 -95.48 -39.59 -22.43 -2.95 -0.17 -24.41 -13.17 -41.32 -150.93 -563.69 -292.22 -184.49 -147.89 -51.99 -13.64 -146.02 -114.09 -180.66 -348.51 -858.12 -550.99 -407.65 -368.51 -192.18 -88.61 -364.70 -317.52 -401.21 -612.09
0.00 0.00 0.00 0.00 0.00 0.00 0.00 0.00 0.00 0.00 -43.61 -2.64 -0.02 -0.00 -0.00 0.00 -0.01 -0.00 -0.00 -10.95 -211.04 -52.03 -9.75 -8.88 -0.69 -0.02 -9.48 -10.19 -5.90 -72.09 -434.89 -185.45 -77.34 -83.30 -22.53 -5.05 -79.67 -83.10 -63.14 -198.60 -676.61 -379.65 -219.43 -238.81 -112.12 -44.09 -226.57 -234.16 -198.62 -399.43
0.00 0.00 0.00 0.00 0.00 0.00 0.00 0.00 0.00 0.00 -43.61 -2.64 -0.02 -0.00 -0.00 0.00 -0.01 -0.00 -0.00 -10.95 -211.04 -52.03 -9.75 -8.88 -0.69 -0.02 -9.48 -10.19 -5.90 -72.09 -434.89 -185.45 -77.34 -83.30 -22.53 -5.05 -79.67 -83.10 -63.14 -198.60 -676.61 -379.65 -219.43 -238.81 -112.12 -44.09 -226.57 -234.16 -198.62 -399.43
0.00 0.00 0.00 0.00 0.00 0.00 0.00 0.00 0.00 0.00 -43.61 -2.64 -0.02 -0.00 -0.00 0.00 -0.01 -0.00 -0.00 -10.95 -211.04 -52.03 -9.75 -8.88 -0.69 -0.02 -9.48 -10.19 -5.90 -72.09 -434.89 -185.45 -77.34 -83.30 -22.53 -5.05 -79.67 -83.10 -63.14 -198.60 -676.61 -379.65 -219.43 -238.81 -112.12 -44.09 -226.57 -234.16 -198.62 -399.43
0.00 0.00 0.00 0.00 0.00 0.00 0.00 0.00 0.00 0.00 -39.03 -1.97 -0.01 -0.00 -0.00 0.00 -0.00 -0.00 -0.00 -9.66 -197.44 -42.90 -6.83 -6.74 -0.08 -0.01 -5.28 -3.89 -2.95 -62.76 -415.70 -161.30 -59.02 -64.17 -5.59 -3.73 -51.81 -44.33 -39.83 -172.45 -654.72 -342.89 -179.64 -192.51 -40.40 -37.81 -164.98 -149.76 -142.83 -359.19
0.00 0.00 0.00 0.00 0.00 0.00 0.00 0.00 0.00 0.00 -39.03 -1.97 -0.01 -0.00 -0.00 0.00 -0.00 -0.00 -0.00 -9.66 -197.44 -42.90 -6.83 -6.74 -0.08 -0.01 -5.28 -3.89 -2.95 -62.76 -415.70 -161.30 -59.02 -64.17 -5.59 -3.73 -51.81 -44.33 -39.83 -172.45 -654.72 -342.89 -179.64 -192.51 -40.40 -37.81 -164.98 -149.76 -142.83 -359.19
0.00 0.00 0.00 0.00 0.00 0.00 0.00 0.00 0.00 0.00 -39.03 -1.97 -0.01 -0.00 -0.00 0.00 -0.00 -0.00 -0.00 -9.66 -197.44 -42.90 -6.83 -6.74 -0.08 -0.01 -5.28 -3.89 -2.95 -62.76 -415.70 -161.30 -59.02 -64.17 -5.59 -3.73 -51.81 -44.33 -39.83 -172.45 -654.72 -342.89 -179.64 -192.51 -40.40 -37.81 -164.98 -149.76 -142.83 -359.19
0.00 0.00 0.00 0.00 0.00 0.00 0.00 0.00 0.00 0.00 -27.98 -0.92 -0.00 -0.00 -0.00 0.00 -0.00 -0.00 -0.00 -6.66 -153.35 -24.79 -1.45 -0.67 -0.01 -0.00 -1.40 -0.34 -2.73 -62.99 -337.21 -105.65 -19.79 -16.56 -1.48 -0.10 -22.07 -11.00 -31.28 -185.06 -545.25 -242.93 -77.69 -76.90 -16.04 -3.53 -90.83 -60.21 -112.09 -352.86
0.00 0.00 0.00 0.00 0.00 0.00 0.00 0.00 0.00 0.00 -27.98 -0.92 -0.00 -0.00 -0.00 0.00 -0.00 -0.00 -0.00 -6.66 -153.35 -24.79 -1.45 -0.67 -0.01 -0.00 -1.40 -0.34 -2.73 -62.99 -337.21 -105.65 -19.79 -16.56 -1.48 -0.10 -22.07 -11.00 -31.28 -185.06 -545.25 -242.93 -77.69 -76.90 -16.04 -3.53 -90.83 -60.21 -112.09 -352.86
0.00 0.00 0.00 0.00 0.00 0.00 0.00 0.00 0.00 0.00 -27.98 -0.92 -0.00 -0.00 -0.00 0.00 -0.00 -0.00 -0.00 -6.66 -153.35 -24.79 -1.45 -0.67 -0.01 -0.00 -1.40 -0.34 -2.73 -62.99 -337.21 -105.65 -19.79 -16.56 -1.48 -0.10 -22.07 -11.00 -31.28 -185.06 -545.25 -242.93 -77.69 -76.90 -16.04 -3.53 -90.83 -60.21 -112.09 -352.86
0.00 0.00 0.00 0.00 0.00 0.00 0.00 0.00 0.00 0.00 -27.98 -0.92 -0.00 -0.00 -0.00 0.00 -0.00 -0.00 -0.00 -6.66 -153.35 -24.79 -1.45 -0.67 -0.01 -0.00 -1.40 -0.34 -2.73 -62.99 -337.21 -105.65 -19.79 -16.56 -1.48 -0.10 -22.07 -11.00 -31.28 -185.06 -545.25 -242.93 -77.69 -76.90 -16.04 -3.53 -90.83 -60.21 -112.09 -352.86
0.00 0.00 0.00 0.00 0.00 0.00 0.00 0.00 0.00 0.00 -27.98 -0.92 -0.00 -0.00 -0.00 0.00 -0.00 -0.00 -0.00 -6.66 -153.35 -24.79 -1.45 -0.67 -0.01 -0.00 -1.40 -0.34 -2.73 -62.99 -337.21 -105.65 -19.79 -16.56 -1.48 -0.10 -22.07 -11.00 -31.28 -185.06 -545.25 -242.93 -77.69 -76.90 -16.04 -3.53 -90.83 -60.21 -112.09 -352.86
0.00 0.00 0.00 0.00 0.00 0.00 0.00 0.00 0.00 0.00 -26.81 -0.82 -0.00 -0.00 -0.00 0.00 -0.00 -0.00 -0.00 -8.22 -149.01 -22.74 -1.48 -0.47 -0.00 -0.00 -1.35 -0.24 -1.82 -69.54 -330.28 -98.16 -19.46 -12.33 -0.90 -0.09 -21.41 -8.71 -24.40 -193.80 -536.73 -227.29 -75.91 -62.97 -11.97 -3.12 -85.21 -49.62 -93.26 -358.19
0.00 0.00 0.00 0.00 0.00 0.00 0.00 0.00 0.00 0.00 -26.81 -0.82 -0.00 -0.00 -0.00 0.00 -0.00 -0.00 -0.00 -8.22 -149.01 -22.74 -1.48 -0.47 -0.00 -0.00 -1.35 -0.24 -1.82 -69.54 -330.28 -98.16 -19.46 -12.33 -0.90 -0.09 -21.41 -8.71 -24.40 -193.80 -536.73 -227.29 -75.91 -62.97 -11.97 -3.12 -85.21 -49.62 -93.26 -358.19
0.00 0.00 0.00 0.00 0.00 0.00 0.00 0.00 0.00 0.00 -26.81 -0.82 -0.00 -0.00 -0.00 0.00 -0.00 -0.00 -0.00 -8.22 -149.01 -22.74 -1.48 -0.47 -0.00 -0.00 -1.35 -0.24 -1.82 -69.54 -330.28 -98.16 -19.46 -12.33 -0.90 -0.09 -21.41 -8.71 -24.40 -193.80 -536.73 -227.29 -75.91 -62.97 -11.97 -3.12 -85.21 -49.62 -93.26 -358.19
0.00 0.00 0.00 0.00 0.00 0.00 0.00 0.00 0.00 0.00 -26.81 -0.82 -0.00 -0.00 -0.00 0.00 -0.00 -0.00 -0.00 -8.22 -149.01 -22.74 -1.48 -0.47 -0.00 -0.00 -1.35 -0.24 -1.82 -69.54 -330.28 -98.16 -19.46 -12.33 -0.90 -0.09 -21.41 -8.71 -24.40 -193.80 -536.73 -227.29 -75.91 -62.97 -11.97 -3.12 -85.21 -49.62 -93.26 -358.19
0.00 0.00 0.00 0.00 0.00 0.00 0.00 0.00 0.00 0.00 -26.81 -0.82 -0.00 -0.00 -0.00 0.00 -0.00 -0.00 -0.00 -8.22 -149.01 -22.74 -1.48 -0.47 -0.00 -0.00 -1.35 -0.24 -1.82 -69.54 -330.28 -98.16 -19.46 -12.33 -0.90 -0.09 -21.41 -8.71 -24.40 -193.80 -536.73 -227.29 -75.91 -62.97 -11.97 -3.12 -85.21 -49.62 -93.26 -358.19
0.00 0.00 0.00 0.00 0.00 0.00 0.00 0.00 0.00 0.00 -26.81 -0.82 -0.00 -0.00 -0.00 0.00 -0.00 -0.00 -0.00 -8.22 -149.01 -22.74 -1.48 -0.47 -0.00 -0.00 -1.35 -0.24 -1.82 -69.54 -330.28 -98.16 -19.46 -12.33 -0.90 -0.09 -21.41 -8.71 -24.40 -193.80 -536.73 -227.29 -75.91 -62.97 -11.97 -3.12 -85.21 -49.62 -93.26 -358.19
0.00 0.00 0.00 0.00 0.00 0.00 0.00 0.00 0.00 0.00 -26.81 -0.82 -0.00 -0.00 -0.00 0.00 -0.00 -0.00 -0.00 -8.22 -149.01 -22.74 -1.48 -0.47 -0.00 -0.00 -1.35 -0.24 -1.82 -69.54 -330.28 -98.16 -19.46 -12.33 -0.90 -0.09 -21.41 -8.71 -24.40 -193.80 -536.73 -227.29 -75.91 -62.97 -11.97 -3.12 -85.21 -49.62 -93.26 -358.19
0.00 0.00 0.00 0.00 0.00 0.00 0.00 0.00 0.00 0.00 -26.81 -0.82 -0.00 -0.00 -0.00 0.00 -0.00 -0.00 -0.00 -8.22 -149.01 -22.74 -1.48 -0.47 -0.00 -0.00 -1.35 -0.24 -1.82 -69.54 -330.28 -98.16 -19.46 -12.33 -0.90 -0.09 -21.41 -8.71 -24.40 -193.80 -536.73 -227.29 -75.91 -62.97 -11.97 -3.12 -85.21 -49.62 -93.26 -358.19
0.00 0.00 0.00 0.00 0.00 0.00 0.00 0.00 0.00 0.00 -26.81 -0.82 -0.00 -0.00 -0.00 0.00 -0.00 -0.00 -0.00 -8.22 -149.01 -22.74 -1.48 -0.47 -0.00 -0.00 -1.35 -0.24 -1.82 -69.54 -330.28 -98.16 -19.46 -12.33 -0.90 -0.09 -21.41 -8.71 -24.40 -193.80 -536.73 -227.29 -75.91 -62.97 -11.97 -3.12 -85.21 -49.62 -93.26 -358.19
0.00 0.00 0.00 0.00 0.00 0.00 0.00 0.00 0.00 0.00 -26.81 -0.82 -0.00 -0.00 -0.00 0.00 -0.00 -0.00 -0.00 -8.22 -149.01 -22.74 -1.48 -0.47 -0.00 -0.00 -1.35 -0.24 -1.82 -69.54 -330.28 -98.16 -19.46 -12.33 -0.90 -0.09 -21.41 -8.71 -24.40 -193.80 -536.73 -227.29 -75.91 -62.97 -11.97 -3.12 -85.21 -49.62 -93.26 -358.19
0.00 0.00 0.00 0.00 0.00 0.00 0.00 0.00 0.00 0.00 -26.81 -0.82 -0.00 -0.00 -0.00 0.00 -0.00 -0.00 -0.00 -8.22 -149.01 -22.74 -1.48 -0.47 -0.00 -0.00 -1.35 -0.24 -1.82 -69.54 -330.28 -98.16 -19.46 -12.33 -0.90 -0.09 -21.41 -8.71 -24.40 -193.80 -536.73 -227.29 -75.91 -62.97 -11.97 -3.12 -85.21 -49.62 -93.26 -358.19
0.00 0.00 0.00 0.00 0.00 0.00 0.00 0.00 0.00 0.00 -26.81 -0.82 -0.00 -0.00 -0.00 0.00 -0.00 -0.00 -0.00 -8.22 -149.01 -22.74 -1.48 -0.47 -0.00 -0.00 -1.35 -0.24 -1.82 -69.54 -330.28 -98.16 -19.46 -12.33 -0.90 -0.09 -21.41 -8.71 -24.40 -193.80 -536.73 -227.29 -75.91 -62.97 -11.97 -3.12 -85.21 -49.62 -93.26 -358.19
0.00 0.00 0.00 0.00 0.00 0.00 0.00 0.00 0.00 0.00 -26.81 -0.82 -0.00 -0.00 -0.00 0.00 -0.00 -0.00 -0.00 -8.22 -149.01 -22.74 -1.48 -0.47 -0.00 -0.00 -1.35 -0.24 -1.82 -69.54 -330.28 -98.16 -19.46 -12.33 -0.90 -0.09 -21.41 -8.71 -24.40 -193.80 -536.73 -227.29 -75.91 -62.97 -11.97 -3.12 -85.21 -49.62 -93.26 -358.19
0.00 0.00 0.00 0.00 0.00 0.00 0.00 0.00 0.00 0.00 -26.81 -0.82 -0.00 -0.00 -0.00 0.00 -0.00 -0.00 -0.00 -8.22 -149.01 -22.74 -1.48 -0.47 -0.00 -0.00 -1.35 -0.24 -1.82 -69.54 -330.28 -98.16 -19.46 -12.33 -0.90 -0.09 -21.41 -8.71 -24.40 -193.80 -536.73 -227.29 -75.91 -62.97 -11.97 -3.12 -85.21 -49.62 -93.26 -358.19
0.00 0.00 0.00 0.00 0.00 0.00 0.00 0.00 0.00 0.00 -26.81 -0.82 -0.00 -0.00 -0.00 0.00 -0.00 -0.00 -0.00 -8.22 -149.01 -22.74 -1.48 -0.47 -0.00 -0.00 -1.35 -0.24 -1.82 -69.54 -330.28 -98.16 -19.46 -12.33 -0.90 -0.09 -21.41 -8.71 -24.40 -193.80 -536.73 -227.29 -75.91 -62.97 -11.97 -3.12 -85.21 -49.62 -93.26 -358.19
0.00 0.00 0.00 0.00 0.00 0.00 0.00 0.00 0.00 0.00 -26.81 -0.82 -0.00 -0.00 -0.00 0.00 -0.00 -0.00 -0.00 -8.22 -149.01 -22.74 -1.48 -0.47 -0.00 -0.00 -1.35 -0.24 -1.82 -69.54 -330.28 -98.16 -19.46 -12.33 -0.90 -0.09 -21.41 -8.71 -24.40 -193.80 -536.73 -227.29 -75.91 -62.97 -11.97 -3.12 -85.21 -49.62 -93.26 -358.19
0.00 0.00 0.00 0.00 0.00 0.00 0.00 0.00 0.00 0.00 -26.81 -0.82 -0.00 -0.00 -0.00 0.00 -0.00 -0.00 -0.00 -8.22 -149.01 -22.74 -1.48 -0.47 -0.00 -0.00 -1.35 -0.24 -1.82 -69.54 -330.28 -98.16 -19.46 -12.33 -0.90 -0.09 -21.41 -8.71 -24.40 -193.80 -536.73 -227.29 -75.91 -62.97 -11.97 -3.12 -85.21 -49.62 -93.26 -358.19
0.00 0.00 0.00 0.00 0.00 0.00 0.00 0.00 0.00 0.00 -26.81 -0.82 -0.00 -0.00 -0.00 0.00 -0.00 -0.00 -0.00 -8.22 -149.01 -22.74 -1.48 -0.47 -0.00 -0.00 -1.35 -0.24 -1.82 -69.54 -330.28 -98.16 -19.46 -12.33 -0.90 -0.09 -21.41 -8.71 -24.40 -193.80 -536.73 -227.29 -75.91 -62.97 -11.97 -3.12 -85.21 -49.62 -93.26 -358.19
0.00 0.00 0.00 0.00 0.00 0.00 0.00 0.00 0.00 0.00 -26.81 -0.82 -0.00 -0.00 -0.00 0.00 -0.00 -0.00 -0.00 -8.22 -149.01 -22.74 -1.48 -0.47 -0.00 -0.00 -1.35 -0.24 -1.82 -69.54 -330.28 -98.16 -19.46 -12.33 -0.90 -0.09 -21.41 -8.71 -24.40 -193.80 -536.73 -227.29 -75.91 -62.97 -11.97 -3.12 -85.21 -49.62 -93.26 -358.19
0.00 0.00 0.00 0.00 0.00 0.00 0.00 0.00 0.00 0.00 -26.81 -0.82 -0.00 -0.00 -0.00 0.00 -0.00 -0.00 -0.00 -8.22 -149.01 -22.74 -1.48 -0.47 -0.00 -0.00 -1.35 -0.24 -1.82 -69.54 -330.28 -98.16 -19.46 -12.33 -0.90 -0.09 -21.41 -8.71 -24.40 -193.80 -536.73 -227.29 -75.91 -62.97 -11.97 -3.12 -85.21 -49.62 -93.26 -358.19
0.00 0.00 0.00 0.00 0.00 0.00 0.00 0.00 0.00 0.00 -26.81 -0.82 -0.00 -0.00 -0.00 0.00 -0.00 -0.00 -0.00 -8.22 -149.01 -22.74 -1.48 -0.47 -0.00 -0.00 -1.35 -0.24 -1.82 -69.54 -330.28 -98.16 -19.46 -12.33 -0.90 -0.09 -21.41 -8.71 -24.40 -193.80 -536.73 -227.29 -75.91 -62.97 -11.97 -3.12 -85.21 -49.62 -93.26 -358.19
0.00 0.00 0.00 0.00 0.00 0.00 0.00 0.00 0.00 0.00 -26.81 -0.82 -0.00 -0.00 -0.00 0.00 -0.00 -0.00 -0.00 -8.22 -149.01 -22.74 -1.48 -0.47 -0.00 -0.00 -1.35 -0.24 -1.82 -69.54 -330.28 -98.16 -19.46 -12.33 -0.90 -0.09 -21.41 -8.71 -24.40 -193.80 -536.73 -227.29 -75.91 -62.97 -11.97 -3.12 -85.21 -49.62 -93.26 -358.19
0.00 0.00 0.00 0.00 0.00 0.00 0.00 0.00 0.00 0.00 -26.81 -0.82 -0.00 -0.00 -0.00 0.00 -0.00 -0.00 -0.00 -8.22 -149.01 -22.74 -1.48 -0.47 -0.00 -0.00 -1.35 -0.24 -1.82 -69.54 -330.28 -98.16 -19.46 -12.33 -0.90 -0.09 -21.41 -8.71 -24.40 -193.80 -536.73 -227.29 -75.91 -62.97 -11.97 -3.12 -85.21 -49.62 -93.26 -358.19
0.00 0.00 0.00 0.00 0.00 0.00 0.00 0.00 0.00 0.00 -26.81 -0.82 -0.00 -0.00 -0.00 0.00 -0.00 -0.00 -0.00 -8.22 -149.01 -22.74 -1.48 -0.47 -0.00 -0.00 -1.35 -0.24 -1.82 -69.54 -330.28 -98.16 -19.46 -12.33 -0.90 -0.09 -21.41 -8.71 -24.40 -193.80 -536.73 -227.29 -75.91 -62.97 -11.97 -3.12 -85.21 -49.62 -93.26 -358.19
0.00 0.00 0.00 0.00 0.00 0.00 0.00 0.00 0.00 0.00 -26.81 -0.82 -0.00 -0.00 -0.00 0.00 -0.00 -0.00 -0.00 -8.22 -149.01 -22.74 -1.48 -0.47 -0.00 -0.00 -1.35 -0.24 -1.82 -69.54 -330.28 -98.16 -19.46 -12.33 -0.90 -0.09 -21.41 -8.71 -24.40 -193.80 -536.73 -227.29 -75.91 -62.97 -11.97 -3.12 -85.21 -49.62 -93.26 -358.19
0.00 0.00 0.00 0.00 0.00 0.00 0.00 0.00 0.00 0.00 -26.81 -0.82 -0.00 -0.00 -0.00 0.00 -0.00 -0.00 -0.00 -8.22 -149.01 -22.74 -1.48 -0.47 -0.00 -0.00 -1.35 -0.24 -1.82 -69.54 -330.28 -98.16 -19.46 -12.33 -0.90 -0.09 -21.41 -8.71 -24.40 -193.80 -536.73 -227.29 -75.91 -62.97 -11.97 -3.12 -85.21 -49.62 -93.26 -358.19
0.00 0.00 0.00 0.00 0.00 0.00 0.00 0.00 0.00 0.00 -26.81 -0.82 -0.00 -0.00 -0.00 0.00 -0.00 -0.00 -0.00 -8.22 -149.01 -22.74 -1.48 -0.47 -0.00 -0.00 -1.35 -0.24 -1.82 -69.54 -330.28 -98.16 -19.46 -12.33 -0.90 -0.09 -21.41 -8.71 -24.40 -193.80 -536.73 -227.29 -75.91 -62.97 -11.97 -3.12 -85.21 -49.62 -93.26 -358.19
0.00 0.00 0.00 0.00 0.00 0.00 0.00 0.00 0.00 0.00 -26.81 -0.82 -0.00 -0.00 -0.00 0.00 -0.00 -0.00 -0.00 -8.22 -149.01 -22.74 -1.48 -0.47 -0.00 -0.00 -1.35 -0.24 -1.82 -69.54 -330.28 -98.16 -19.46 -12.33 -0.90 -0.09 -21.41 -8.71 -24.40 -193.80 -536.73 -227.29 -75.91 -62.97 -11.97 -3.12 -85.21 -49.62 -93.26 -358.19
0.00 0.00 0.00 0.00 0.00 0.00 0.00 0.00 0.00 0.00 -26.81 -0.82 -0.00 -0.00 -0.00 0.00 -0.00 -0.00 -0.00 -8.22 -149.01 -22.74 -1.48 -0.47 -0.00 -0.00 -1.35 -0.24 -1.82 -69.54 -330.28 -98.16 -19.46 -12.33 -0.90 -0.09 -21.41 -8.71 -24.40 -193.80 -536.73 -227.29 -75.91 -62.97 -11.97 -3.12 -85.21 -49.62 -93.26 -358.19
0.00 0.00 0.00 0.00 0.00 0.00 0.00 0.00 0.00 0.00 -26.81 -0.82 -0.00 -0.00 -0.00 0.00 -0.00 -0.00 -0.00 -8.22 -149.01 -22.74 -1.48 -0.47 -0.00 -0.00 -1.35 -0.24 -1.82 -69.54 -330.28 -98.16 -19.46 -12.33 -0.90 -0.09 -21.41 -8.71 -24.40 -193.80 -536.73 -227.29 -75.91 -62.97 -11.97 -3.12 -85.21 -49.62 -93.26 -358.19
0.00 0.00 0.00 0.00 0.00 0.00 0.00 0.00 0.00 0.00 -26.81 -0.82 -0.00 -0.00 -0.00 0.00 -0.00 -0.00 -0.00 -8.22 -149.01 -22.74 -1.48 -0.47 -0.00 -0.00 -1.35 -0.24 -1.82 -69.54 -330.28 -98.16 -19.46 -12.33 -0.90 -0.09 -21.41 -8.71 -24.40 -193.80 -536.73 -227.29 -75.91 -62.97 -11.97 -3.12 -85.21 -49.62 -93.26 -358.19
0.00 0.00 0.00 0.00 0.00 0.00 0.00 0.00 0.00 0.00 -26.81 -0.82 -0.00 -0.00 -0.00 0.00 -0.00 -0.00 -0.00 -8.22 -149.01 -22.74 -1.48 -0.47 -0.00 -0.00 -1.35 -0.24 -1.82 -69.54 -330.28 -98.16 -19.46 -12.33 -0.90 -0.09 -21.41 -8.71 -24.40 -193.80 -536.73 -227.29 -75.91 -62.97 -11.97 -3.12 -85.21 -49.62 -93.26 -358.19
0.00 0.00 0.00 0.00 0.00 0.00 0.00 0.00 0.00 0.00 -26.81 -0.82 -0.00 -0.00 -0.00 0.00 -0.00 -0.00 -0.00 -8.22 -149.01 -22.74 -1.48 -0.47 -0.00 -0.00 -1.35 -0.24 -1.82 -69.54 -330.28 -98.16 -19.46 -12.33 -0.90 -0.09 -21.41 -8.71 -24.40 -193.80 -536.73 -227.29 -75.91 -62.97 -11.97 -3.12 -85.21 -49.62 -93.26 -358.19
0.00 0.00 0.00 0.00 0.00 0.00 0.00 0.00 0.00 0.00 -26.81 -0.82 -0.00 -0.00 -0.00 0.00 -0.00 -0.00 -0.00 -8.22 -149.01 -22.74 -1.48 -0.47 -0.00 -0.00 -1.35 -0.24 -1.82 -69.54 -330.28 -98.16 -19.46 -12.33 -0.90 -0.09 -21.41 -8.71 -24.40 -193.80 -536.73 -227.29 -75.91 -62.97 -11.97 -3.12 -85.21 -49.62 -93.26 -358.19
0.00 0.00 0.00 0.00 0.00 0.00 0.00 0.00 0.00 0.00 -26.81 -0.82 -0.00 -0.00 -0.00 0.00 -0.00 -0.00 -0.00 -8.22 -149.01 -22.74 -1.48 -0.47 -0.00 -0.00 -1.35 -0.24 -1.82 -69.54 -330.28 -98.16 -19.46 -12.33 -0.90 -0.09 -21.41 -8.71 -24.40 -193.80 -536.73 -227.29 -75.91 -62.97 -11.97 -3.12 -85.21 -49.62 -93.26 -358.19
0.00 0.00 0.00 0.00 0.00 0.00 0.00 0.00 0.00 0.00 -26.81 -0.82 -0.00 -0.00 -0.00 0.00 -0.00 -0.00 -0.00 -8.22 -149.01 -22.74 -1.48 -0.47 -0.00 -0.00 -1.35 -0.24 -1.82 -69.54 -330.28 -98.16 -19.46 -12.33 -0.90 -0.09 -21.41 -8.71 -24.40 -193.80 -536.73 -227.29 -75.91 -62.97 -11.97 -3.12 -85.21 -49.62 -93.26 -358.19
0.00 0.00 0.00 0.00 0.00 0.00 0.00 0.00 0.00 0.00 -26.81 -0.82 -0.00 -0.00 -0.00 0.00 -0.00 -0.00 -0.00 -8.22 -149.01 -22.74 -1.48 -0.47 -0.00 -0.00 -1.35 -0.24 -1.82 -69.54 -330.28 -98.16 -19.46 -12.33 -0.90 -0.09 -21.41 -8.71 -24.40 -193.80 -536.73 -227.29 -75.91 -62.97 -11.97 -3.12 -85.21 -49.62 -93.26 -358.19
0.00 0.00 0.00 0.00 0.00 0.00 0.00 0.00 0.00 0.00 -26.81 -0.82 -0.00 -0.00 -0.00 0.00 -0.00 -0.00 -0.00 -8.22 -149.01 -22.74 -1.48 -0.47 -0.00 -0.00 -1.35 -0.24 -1.82 -69.54 -330.28 -98.16 -19.46 -12.33 -0.90 -0.09 -21.41 -8.71 -24.40 -193.80 -536.73 -227.29 -75.91 -62.97 -11.97 -3.12 -85.21 -49.62 -93.26 -358.19
0.00 0.00 0.00 0.00 0.00 0.00 0.00 0.00 0.00 0.00 -26.81 -0.82 -0.00 -0.00 -0.00 0.00 -0.00 -0.00 -0.00 -8.22 -149.01 -22.74 -1.48 -0.47 -0.00 -0.00 -1.35 -0.24 -1.82 -69.54 -330.28 -98.16 -19.46 -12.33 -0.90 -0.09 -21.41 -8.71 -24.40 -193.80 -536.73 -227.29 -75.91 -62.97 -11.97 -3.12 -85.21 -49.62 -93.26 -358.19
0.00 0.00 0.00 0.00 0.00 0.00 0.00 0.00 0.00 0.00 -26.81 -0.82 -0.00 -0.00 -0.00 0.00 -0.00 -0.00 -0.00 -8.22 -149.01 -22.74 -1.48 -0.47 -0.00 -0.00 -1.35 -0.24 -1.82 -69.54 -330.28 -98.16 -19.46 -12.33 -0.90 -0.09 -21.41 -8.71 -24.40 -193.80 -536.73 -227.29 -75.91 -62.97 -11.97 -3.12 -85.21 -49.62 -93.26 -358.19
0.00 0.00 0.00 0.00 0.00 0.00 0.00 0.00 0.00 0.00 -26.81 -0.82 -0.00 -0.00 -0.00 0.00 -0.00 -0.00 -0.00 -8.22 -149.01 -22.74 -1.48 -0.47 -0.00 -0.00 -1.35 -0.24 -1.82 -69.54 -330.28 -98.16 -19.46 -12.33 -0.90 -0.09 -21.41 -8.71 -24.40 -193.80 -536.73 -227.29 -75.91 -62.97 -11.97 -3.12 -85.21 -49.62 -93.26 -358.19
0.00 0.00 0.00 0.00 0.00 0.00 0.00 0.00 0.00 0.00 -26.81 -0.82 -0.00 -0.00 -0.00 0.00 -0.00 -0.00 -0.00 -8.22 -149.01 -22.74 -1.48 -0.47 -0.00 -0.00 -1.35 -0.24 -1.82 -69.54 -330.28 -98.16 -19.46 -12.33 -0.90 -0.09 -21.41 -8.71 -24.40 -193.80 -536.73 -227.29 -75.91 -62.97 -11.97 -3.12 -85.21 -49.62 -93.26 -358.19
0.00 0.00 0.00 0.00 0.00 0.00 0.00 0.00 0.00 0.00 -26.81 -0.82 -0.00 -0.00 -0.00 0.00 -0.00 -0.00 -0.00 -8.22 -149.01 -22.74 -1.48 -0.47 -0.00 -0.00 -1.35 -0.24 -1.82 -69.54 -330.28 -98.16 -19.46 -12.33 -0.90 -0.09 -21.41 -8.71 -24.40 -193.80 -536.73 -227.29 -75.91 -62.97 -11.97 -3.12 -85.21 -49.62 -93.26 -358.19
0.00 0.00 0.00 0.00 0.00 0.00 0.00 0.00 0.00 0.00 -26.81 -0.82 -0.00 -0.00 -0.00 0.00 -0.00 -0.00 -0.00 -8.22 -149.01 -22.74 -1.48 -0.47 -0.00 -0.00 -1.35 -0.24 -1.82 -69.54 -330.28 -98.16 -19.46 -12.33 -0.90 -0.09 -21.41 -8.71 -24.40 -193.80 -536.73 -227.29 -75.91 -62.97 -11.97 -3.12 -85.21 -49.62 -93.26 -358.19
0.00 0.00 0.00 0.00 0.00 0.00 0.00 0.00 0.00 0.00 -26.81 -0.82 -0.00 -0.00 -0.00 0.00 -0.00 -0.00 -0.00 -8.22 -149.01 -22.74 -1.48 -0.47 -0.00 -0.00 -1.35 -0.24 -1.82 -69.54 -330.28 -98.16 -19.46 -12.33 -0.90 -0.09 -21.41 -8.71 -24.40 -193.80 -536.73 -227.29 -75.91 -62.97 -11.97 -3.12 -85.21 -49.62 -93.26 -358.19
0.00 0.00 0.00 0.00 0.00 0.00 0.00 0.00 0.00 0.00 -26.81 -0.82 -0.00 -0.00 -0.00 0.00 -0.00 -0.00 -0.00 -8.22 -149.01 -22.74 -1.48 -0.47 -0.00 -0.00 -1.35 -0.24 -1.82 -69.54 -330.28 -98.16 -19.46 -12.33 -0.90 -0.09 -21.41 -8.71 -24.40 -193.80 -536.73 -227.29 -75.91 -62.97 -11.97 -3.12 -85.21 -49.62 -93.26 -358.19
0.00 0.00 0.00 0.00 0.00 0.00 0.00 0.00 0.00 0.00 -26.81 -0.82 -0.00 -0.00 -0.00 0.00 -0.00 -0.00 -0.00 -8.22 -149.01 -22.74 -1.48 -0.47 -0.00 -0.00 -1.35 -0.24 -1.82 -69.54 -330.28 -98.16 -19.46 -12.33 -0.90 -0.09 -21.41 -8.71 -24.40 -193.80 -536.73 -227.29 -75.91 -62.97 -11.97 -3.12 -85.21 -49.62 -93.26 -358.19
0.00 0.00 0.00 0.00 0.00 0.00 0.00 0.00 0.00 0.00 -26.81 -0.82 -0.00 -0.00 -0.00 0.00 -0.00 -0.00 -0.00 -8.22 -149.01 -22.74 -1.48 -0.47 -0.00 -0.00 -1.35 -0.24 -1.82 -69.54 -330.28 -98.16 -19.46 -12.33 -0.90 -0.09 -21.41 -8.71 -24.40 -193.80 -536.73 -227.29 -75.91 -62.97 -11.97 -3.12 -85.21 -49.62 -93.26 -358.19
0.00 0.00 0.00 0.00 0.00 0.00 0.00 0.00 0.00 0.00 -26.81 -0.82 -0.00 -0.00 -0.00 0.00 -0.00 -0.00 -0.00 -8.22 -149.01 -22.74 -1.48 -0.47 -0.00 -0.00 -1.35 -0.24 -1.82 -69.54 -330.28 -98.16 -19.46 -12.33 -0.90 -0.09 -21.41 -8.71 -24.40 -193.80 -536.73 -227.29 -75.91 -62.97 -11.97 -3.12 -85.21 -49.62 -93.26 -358.19
0.00 0.00 0.00 0.00 0.00 0.00 0.00 0.00 0.00 0.00 -26.81 -0.82 -0.00 -0.00 -0.00 0.00 -0.00 -0.00 -0.00 -8.22 -149.01 -22.74 -1.48 -0.47 -0.00 -0.00 -1.35 -0.24 -1.82 -69.54 -330.28 -98.16 -19.46 -12.33 -0.90 -0.09 -21.41 -8.71 -24.40 -193.80 -536.73 -227.29 -75.91 -62.97 -11.97 -3.12 -85.21 -49.62 -93.26 -358.19
0.00 0.00 0.00 0.00 0.00 0.00 0.00 0.00 0.00 0.00 -26.81 -0.82 -0.00 -0.00 -0.00 0.00 -0.00 -0.00 -0.00 -8.22 -149.01 -22.74 -1.48 -0.47 -0.00 -0.00 -1.35 -0.24 -1.82 -69.54 -330.28 -98.16 -19.46 -12.33 -0.90 -0.09 -21.41 -8.71 -24.40 -193.80 -536.73 -227.29 -75.91 -62.97 -11.97 -3.12 -85.21 -49.62 -93.26 -358.19
0.00 0.00 0.00 0.00 0.00 0.00 0.00 0.00 0.00 0.00 -26.81 -0.82 -0.00 -0.00 -0.00 0.00 -0.00 -0.00 -0.00 -8.22 -149.01 -22.74 -1.48 -0.47 -0.00 -0.00 -1.35 -0.24 -1.82 -69.54 -330.28 -98.16 -19.46 -12.33 -0.90 -0.09 -21.41 -8.71 -24.40 -193.80 -536.73 -227.29 -75.91 -62.97 -11.97 -3.12 -85.21 -49.62 -93.26 -358.19
0.00 0.00 0.00 0.00 0.00 0.00 0.00 0.00 0.00 0.00 -26.81 -0.82 -0.00 -0.00 -0.00 0.00 -0.00 -0.00 -0.00 -8.22 -149.01 -22.74 -1.48 -0.47 -0.00 -0.00 -1.35 -0.24 -1.82 -69.54 -330.28 -98.16 -19.46 -12.33 -0.90 -0.09 -21.41 -8.71 -24.40 -193.80 -536.73 -227.29 -75.91 -62.97 -11.97 -3.12 -85.21 -49.62 -93.26 -358.19
0.00 0.00 0.00 0.00 0.00 0.00 0.00 0.00 0.00 0.00 -26.81 -0.82 -0.00 -0.00 -0.00 0.00 -0.00 -0.00 -0.00 -8.22 -149.01 -22.74 -1.48 -0.47 -0.00 -0.00 -1.35 -0.24 -1.82 -69.54 -330.28 -98.16 -19.46 -12.33 -0.90 -0.09 -21.41 -8.71 -24.40 -193.80 -536.73 -227.29 -75.91 -62.97 -11.97 -3.12 -85.21 -49.62 -93.26 -358.19
0.00 0.00 0.00 0.00 0.00 0.00 0.00 0.00 0.00 0.00 -26.81 -0.82 -0.00 -0.00 -0.00 0.00 -0.00 -0.00 -0.00 -8.22 -149.01 -22.74 -1.48 -0.47 -0.00 -0.00 -1.35 -0.24 -1.82 -69.54 -330.28 -98.16 -19.46 -12.33 -0.90 -0.09 -21.41 -8.71 -24.40 -193.80 -536.73 -227.29 -75.91 -62.97 -11.97 -3.12 -85.21 -49.62 -93.26 -358.19
0.00 0.00 0.00 0.00 0.00 0.00 0.00 0.00 0.00 0.00 -26.81 -0.82 -0.00 -0.00 -0.00 0.00 -0.00 -0.00 -0.00 -8.22 -149.01 -22.74 -1.48 -0.47 -0.00 -0.00 -1.35 -0.24 -1.82 -69.54 -330.28 -98.16 -19.46 -12.33 -0.90 -0.09 -21.41 -8.71 -24.40 -193.80 -536.73 -227.29 -75.91 -62.97 -11.97 -3.12 -85.21 -49.62 -93.26 -358.19
0.00 0.00 0.00 0.00 0.00 0.00 0.00 0.00 0.00 0.00 -26.81 -0.82 -0.00 -0.00 -0.00 0.00 -0.00 -0.00 -0.00 -8.22 -149.01 -22.74 -1.48 -0.47 -0.00 -0.00 -1.35 -0.24 -1.82 -69.54 -330.28 -98.16 -19.46 -12.33 -0.90 -0.09 -21.41 -8.71 -24.40 -193.80 -536.73 -227.29 -75.91 -62.97 -11.97 -3.12 -85.21 -49.62 -93.26 -358.19
0.00 0.00 0.00 0.00 0.00 0.00 0.00 0.00 0.00 0.00 -26.81 -0.82 -0.00 -0.00 -0.00 0.00 -0.00 -0.00 -0.00 -8.22 -149.01 -22.74 -1.48 -0.47 -0.00 -0.00 -1.35 -0.24 -1.82 -69.54 -330.28 -98.16 -19.46 -12.33 -0.90 -0.09 -21.41 -8.71 -24.40 -193.80 -536.73 -227.29 -75.91 -62.97 -11.97 -3.12 -85.21 -49.62 -93.26 -358.19
0.00 0.00 0.00 0.00 0.00 0.00 0.00 0.00 0.00 0.00 -26.81 -0.82 -0.00 -0.00 -0.00 0.00 -0.00 -0.00 -0.00 -8.22 -149.01 -22.74 -1.48 -0.47 -0.00 -0.00 -1.35 -0.24 -1.82 -69.54 -330.28 -98.16 -19.46 -12.33 -0.90 -0.09 -21.41 -8.71 -24.40 -193.80 -536.73 -227.29 -75.91 -62.97 -11.97 -3.12 -85.21 -49.62 -93.26 -358.19
0.00 0.00 0.00 0.00 0.00 0.00 0.00 0.00 0.00 0.00 -26.81 -0.82 -0.00 -0.00 -0.00 0.00 -0.00 -0.00 -0.00 -8.22 -149.01 -22.74 -1.48 -0.47 -0.00 -0.00 -1.35 -0.24 -1.82 -69.54 -330.28 -98.16 -19.46 -12.33 -0.90 -0.09 -21.41 -8.71 -24.40 -193.80 -536.73 -227.29 -75.91 -62.97 -11.97 -3.12 -85.21 -49.62 -93.26 -358.19
0.00 0.00 0.00 0.00 0.00 0.00 0.00 0.00 0.00 0.00 -26.81 -0.82 -0.00 -0.00 -0.00 0.00 -0.00 -0.00 -0.00 -8.22 -149.01 -22.74 -1.48 -0.47 -0.00 -0.00 -1.35 -0.24 -1.82 -69.54 -330.28 -98.16 -19.46 -12.33 -0.90 -0.09 -21.41 -8.71 -24.40 -193.80 -536.73 -227.29 -75.91 -62.97 -11.97 -3.12 -85.21 -49.62 -93.26 -358.19
0.00 0.00 0.00 0.00 0.00 0.00 0.00 0.00 0.00 0.00 -26.81 -0.82 -0.00 -0.00 -0.00 0.00 -0.00 -0.00 -0.00 -8.22 -149.01 -22.74 -1.48 -0.47 -0.00 -0.00 -1.35 -0.24 -1.82 -69.54 -330.28 -98.16 -19.46 -12.33 -0.90 -0.09 -21.41 -8.71 -24.40 -193.80 -536.73 -227.29 -75.91 -62.97 -11.97 -3.12 -85.21 -49.62 -93.26 -358.19
0.00 0.00 0.00 0.00 0.00 0.00 0.00 0.00 0.00 0.00 -26.81 -0.82 -0.00 -0.00 -0.00 0.00 -0.00 -0.00 -0.00 -8.22 -149.01 -22.74 -1.48 -0.47 -0.00 -0.00 -1.35 -0.24 -1.82 -69.54 -330.28 -98.16 -19.46 -12.33 -0.90 -0.09 -21.41 -8.71 -24.40 -193.80 -536.73 -227.29 -75.91 -62.97 -11.97 -3.12 -85.21 -49.62 -93.26 -358.19
0.00 0.00 0.00 0.00 0.00 0.00 0.00 0.00 0.00 0.00 -26.81 -0.82 -0.00 -0.00 -0.00 0.00 -0.00 -0.00 -0.00 -8.22 -149.01 -22.74 -1.48 -0.47 -0.00 -0.00 -1.35 -0.24 -1.82 -69.54 -330.28 -98.16 -19.46 -12.33 -0.90 -0.09 -21.41 -8.71 -24.40 -193.80 -536.73 -227.29 -75.91 -62.97 -11.97 -3.12 -85.21 -49.62 -93.26 -358.19
0.00 0.00 0.00 0.00 0.00 0.00 0.00 0.00 0.00 0.00 -26.81 -0.82 -0.00 -0.00 -0.00 0.00 -0.00 -0.00 -0.00 -8.22 -149.01 -22.74 -1.48 -0.47 -0.00 -0.00 -1.35 -0.24 -1.82 -69.54 -330.28 -98.16 -19.46 -12.33 -0.90 -0.09 -21.41 -8.71 -24.40 -193.80 -536.73 -227.29 -75.91 -62.97 -11.97 -3.12 -85.21 -49.62 -93.26 -358.19
0.00 0.00 0.00 0.00 0.00 0.00 0.00 0.00 0.00 0.00 -26.81 -0.82 -0.00 -0.00 -0.00 0.00 -0.00 -0.00 -0.00 -8.22 -149.01 -22.74 -1.48 -0.47 -0.00 -0.00 -1.35 -0.24 -1.82 -69.54 -330.28 -98.16 -19.46 -12.33 -0.90 -0.09 -21.41 -8.71 -24.40 -193.80 -536.73 -227.29 -75.91 -62.97 -11.97 -3.12 -85.21 -49.62 -93.26 -358.19
0.00 0.00 0.00 0.00 0.00 0.00 0.00 0.00 0.00 0.00 -26.81 -0.82 -0.00 -0.00 -0.00 0.00 -0.00 -0.00 -0.00 -8.22 -149.01 -22.74 -1.48 -0.47 -0.00 -0.00 -1.35 -0.24 -1.82 -69.54 -330.28 -98.16 -19.46 -12.33 -0.90 -0.09 -21.41 -8.71 -24.40 -193.80 -536.73 -227.29 -75.91 -62.97 -11.97 -3.12 -85.21 -49.62 -93.26 -358.19
0.00 0.00 0.00 0.00 0.00 0.00 0.00 0.00 0.00 0.00 -26.81 -0.82 -0.00 -0.00 -0.00 0.00 -0.00 -0.00 -0.00 -8.22 -149.01 -22.74 -1.48 -0.47 -0.00 -0.00 -1.35 -0.24 -1.82 -69.54 -330.28 -98.16 -19.46 -12.33 -0.90 -0.09 -21.41 -8.71 -24.40 -193.80 -536.73 -227.29 -75.91 -62.97 -11.97 -3.12 -85.21 -49.62 -93.26 -358.19
0.00 0.00 0.00 0.00 0.00 0.00 0.00 0.00 0.00 0.00 -26.81 -0.82 -0.00 -0.00 -0.00 0.00 -0.00 -0.00 -0.00 -8.22 -149.01 -22.74 -1.48 -0.47 -0.00 -0.00 -1.35 -0.24 -1.82 -69.54 -330.28 -98.16 -19.46 -12.33 -0.90 -0.09 -21.41 -8.71 -24.40 -193.80 -536.73 -227.29 -75.91 -62.97 -11.97 -3.12 -85.21 -49.62 -93.26 -358.19
0.00 0.00 0.00 0.00 0.00 0.00 0.00 0.00 0.00 0.00 -26.81 -0.82 -0.00 -0.00 -0.00 0.00 -0.00 -0.00 -0.00 -8.22 -149.01 -22.74 -1.48 -0.47 -0.00 -0.00 -1.35 -0.24 -1.82 -69.54 -330.28 -98.16 -19.46 -12.33 -0.90 -0.09 -21.41 -8.71 -24.40 -193.80 -536.73 -227.29 -75.91 -62.97 -11.97 -3.12 -85.21 -49.62 -93.26 -358.19
0.00 0.00 0.00 0.00 0.00 0.00 0.00 0.00 0.00 0.00 -26.81 -0.82 -0.00 -0.00 -0.00 0.00 -0.00 -0.00 -0.00 -8.22 -149.01 -22.74 -1.48 -0.47 -0.00 -0.00 -1.35 -0.24 -1.82 -69.54 -330.28 -98.16 -19.46 -12.33 -0.90 -0.09 -21.41 -8.71 -24.40 -193.80 -536.73 -227.29 -75.91 -62.97 -11.97 -3.12 -85.21 -49.62 -93.26 -358.19
0.00 0.00 0.00 0.00 0.00 0.00 0.00 0.00 0.00 0.00 -26.81 -0.82 -0.00 -0.00 -0.00 0.00 -0.00 -0.00 -0.00 -8.22 -149.01 -22.74 -1.48 -0.47 -0.00 -0.00 -1.35 -0.24 -1.82 -69.54 -330.28 -98.16 -19.46 -12.33 -0.90 -0.09 -21.41 -8.71 -24.40 -193.80 -536.73 -227.29 -75.91 -62.97 -11.97 -3.12 -85.21 -49.62 -93.26 -358.19
0.00 0.00 0.00 0.00 0.00 0.00 0.00 0.00 0.00 0.00 -26.81 -0.82 -0.00 -0.00 -0.00 0.00 -0.00 -0.00 -0.00 -8.22 -149.01 -22.74 -1.48 -0.47 -0.00 -0.00 -1.35 -0.24 -1.82 -69.54 -330.28 -98.16 -19.46 -12.33 -0.90 -0.09 -21.41 -8.71 -24.40 -193.80 -536.73 -227.29 -75.91 -62.97 -11.97 -3.12 -85.21 -49.62 -93.26 -358.19
0.00 0.00 0.00 0.00 0.00 0.00 0.00 0.00 0.00 0.00 -26.81 -0.82 -0.00 -0.00 -0.00 0.00 -0.00 -0.00 -0.00 -8.22 -149.01 -22.74 -1.48 -0.47 -0.00 -0.00 -1.35 -0.24 -1.82 -69.54 -330.28 -98.16 -19.46 -12.33 -0.90 -0.09 -21.41 -8.71 -24.40 -193.80 -536.73 -227.29 -75.91 -62.97 -11.97 -3.12 -85.21 -49.62 -93.26 -358.19
0.00 0.00 0.00 0.00 0.00 0.00 0.00 0.00 0.00 0.00 -26.81 -0.82 -0.00 -0.00 -0.00 0.00 -0.00 -0.00 -0.00 -8.22 -149.01 -22.74 -1.48 -0.47 -0.00 -0.00 -1.35 -0.24 -1.82 -69.54 -330.28 -98.16 -19.46 -12.33 -0.90 -0.09 -21.41 -8.71 -24.40 -193.80 -536.73 -227.29 -75.91 -62.97 -11.97 -3.12 -85.21 -49.62 -93.26 -358.19
0.00 0.00 0.00 0.00 0.00 0.00 0.00 0.00 0.00 0.00 -26.81 -0.82 -0.00 -0.00 -0.00 0.00 -0.00 -0.00 -0.00 -8.22 -149.01 -22.74 -1.48 -0.47 -0.00 -0.00 -1.35 -0.24 -1.82 -69.54 -330.28 -98.16 -19.46 -12.33 -0.90 -0.09 -21.41 -8.71 -24.40 -193.80 -536.73 -227.29 -75.91 -62.97 -11.97 -3.12 -85.21 -49.62 -93.26 -358.19
0.00 0.00 0.00 0.00 0.00 0.00 0.00 0.00 0.00 0.00 -26.81 -0.82 -0.00 -0.00 -0.00 0.00 -0.00 -0.00 -0.00 -8.22 -149.01 -22.74 -1.48 -0.47 -0.00 -0.00 -1.35 -0.24 -1.82 -69.54 -330.28 -98.16 -19.46 -12.33 -0.90 -0.09 -21.41 -8.71 -24.40 -193.80 -536.73 -227.29 -75.91 -62.97 -11.97 -3.12 -85.21 -49.62 -93.26 -358.19
0.00 0.00 0.00 0.00 0.00 0.00 0.00 0.00 0.00 0.00 -26.81 -0.82 -0.00 -0.00 -0.00 0.00 -0.00 -0.00 -0.00 -8.22 -149.01 -22.74 -1.48 -0.47 -0.00 -0.00 -1.35 -0.24 -1.82 -69.54 -330.28 -98.16 -19.46 -12.33 -0.90 -0.09 -21.41 -8.71 -24.40 -193.80 -536.73 -227.29 -75.91 -62.97 -11.97 -3.12 -85.21 -49.62 -93.26 -358.19
0.00 0.00 0.00 0.00 0.00 0.00 0.00 0.00 0.00 0.00 -26.81 -0.82 -0.00 -0.00 -0.00 0.00 -0.00 -0.00 -0.00 -8.22 -149.01 -22.74 -1.48 -0.47 -0.00 -0.00 -1.35 -0.24 -1.82 -69.54 -330.28 -98.16 -19.46 -12.33 -0.90 -0.09 -21.41 -8.71 -24.40 -193.80 -536.73 -227.29 -75.91 -62.97 -11.97 -3.12 -85.21 -49.62 -93.26 -358.19
0.00 0.00 0.00 0.00 0.00 0.00 0.00 0.00 0.00 0.00 -26.81 -0.82 -0.00 -0.00 -0.00 0.00 -0.00 -0.00 -0.00 -8.22 -149.01 -22.74 -1.48 -0.47 -0.00 -0.00 -1.35 -0.24 -1.82 -69.54 -330.28 -98.16 -19.46 -12.33 -0.90 -0.09 -21.41 -8.71 -24.40 -193.80 -536.73 -227.29 -75.91 -62.97 -11.97 -3.12 -85.21 -49.62 -93.26 -358.19
0.00 0.00 0.00 0.00 0.00 0.00 0.00 0.00 0.00 0.00 -26.81 -0.82 -0.00 -0.00 -0.00 0.00 -0.00 -0.00 -0.00 -8.22 -149.01 -22.74 -1.48 -0.47 -0.00 -0.00 -1.35 -0.24 -1.82 -69.54 -330.28 -98.16 -19.46 -12.33 -0.90 -0.09 -21.41 -8.71 -24.40 -193.80 -536.73 -227.29 -75.91 -62.97 -11.97 -3.12 -85.21 -49.62 -93.26 -358.19
0.00 0.00 0.00 0.00 0.00 0.00 0.00 0.00 0.00 0.00 -26.81 -0.82 -0.00 -0.00 -0.00 0.00 -0.00 -0.00 -0.00 -8.22 -149.01 -22.74 -1.48 -0.47 -0.00 -0.00 -1.35 -0.24 -1.82 -69.54 -330.28 -98.16 -19.46 -12.33 -0.90 -0.09 -21.41 -8.71 -24.40 -193.80 -536.73 -227.29 -75.91 -62.97 -11.97 -3.12 -85.21 -49.62 -93.26 -358.19
0.00 0.00 0.00 0.00 0.00 0.00 0.00 0.00 0.00 0.00 -26.81 -0.82 -0.00 -0.00 -0.00 0.00 -0.00 -0.00 -0.00 -8.22 -149.01 -22.74 -1.48 -0.47 -0.00 -0.00 -1.35 -0.24 -1.82 -69.54 -330.28 -98.16 -19.46 -12.33 -0.90 -0.09 -21.41 -8.71 -24.40 -193.80 -536.73 -227.29 -75.91 -62.97 -11.97 -3.12 -85.21 -49.62 -93.26 -358.19
0.00 0.00 0.00 0.00 0.00 0.00 0.00 0.00 0.00 0.00 -26.81 -0.82 -0.00 -0.00 -0.00 0.00 -0.00 -0.00 -0.00 -8.22 -149.01 -22.74 -1.48 -0.47 -0.00 -0.00 -1.35 -0.24 -1.82 -69.54 -330.28 -98.16 -19.46 -12.33 -0.90 -0.09 -21.41 -8.71 -24.40 -193.80 -536.73 -227.29 -75.91 -62.97 -11.97 -3.12 -85.21 -49.62 -93.26 -358.19
0.00 0.00 0.00 0.00 0.00 0.00 0.00 0.00 0.00 0.00 -26.81 -0.82 -0.00 -0.00 -0.00 0.00 -0.00 -0.00 -0.00 -8.22 -149.01 -22.74 -1.48 -0.47 -0.00 -0.00 -1.35 -0.24 -1.82 -69.54 -330.28 -98.16 -19.46 -12.33 -0.90 -0.09 -21.41 -8.71 -24.40 -193.80 -536.73 -227.29 -75.91 -62.97 -11.97 -3.12 -85.21 -49.62 -93.26 -358.19
0.00 0.00 0.00 0.00 0.00 0.00 0.00 0.00 0.00 0.00 -26.81 -0.82 -0.00 -0.00 -0.00 0.00 -0.00 -0.00 -0.00 -8.22 -149.01 -22.74 -1.48 -0.47 -0.00 -0.00 -1.35 -0.24 -1.82 -69.54 -330.28 -98.16 -19.46 -12.33 -0.90 -0.09 -21.41 -8.71 -24.40 -193.80 -536.73 -227.29 -75.91 -62.97 -11.97 -3.12 -85.21 -49.62 -93.26 -358.19
0.00 0.00 0.00 0.00 0.00 0.00 0.00 0.00 0.00 0.00 -26.81 -0.82 -0.00 -0.00 -0.00 0.00 -0.00 -0.00 -0.00 -8.22 -149.01 -22.74 -1.48 -0.47 -0.00 -0.00 -1.35 -0.24 -1.82 -69.54 -330.28 -98.16 -19.46 -12.33 -0.90 -0.09 -21.41 -8.71 -24.40 -193.80 -536.73 -227.29 -75.91 -62.97 -11.97 -3.12 -85.21 -49.62 -93.26 -358.19
0.00 0.00 0.00 0.00 0.00 0.00 0.00 0.00 0.00 0.00 -26.81 -0.82 -0.00 -0.00 -0.00 0.00 -0.00 -0.00 -0.00 -8.22 -149.01 -22.74 -1.48 -0.47 -0.00 -0.00 -1.35 -0.24 -1.82 -69.54 -330.28 -98.16 -19.46 -12.33 -0.90 -0.09 -21.41 -8.71 -24.40 -193.80 -536.73 -227.29 -75.91 -62.97 -11.97 -3.12 -85.21 -49.62 -93.26 -358.19
0.00 0.00 0.00 0.00 0.00 0.00 0.00 0.00 0.00 0.00 -26.81 -0.82 -0.00 -0.00 -0.00 0.00 -0.00 -0.00 -0.00 -8.22 -149.01 -22.74 -1.48 -0.47 -0.00 -0.00 -1.35 -0.24 -1.82 -69.54 -330.28 -98.16 -19.46 -12.33 -0.90 -0.09 -21.41 -8.71 -24.40 -193.80 -536.73 -227.29 -75.91 -62.97 -11.97 -3.12 -85.21 -49.62 -93.26 -358.19
0.00 0.00 0.00 0.00 0.00 0.00 0.00 0.00 0.00 0.00 -26.81 -0.82 -0.00 -0.00 -0.00 0.00 -0.00 -0.00 -0.00 -8.22 -149.01 -22.74 -1.48 -0.47 -0.00 -0.00 -1.35 -0.24 -1.82 -69.54 -330.28 -98.16 -19.46 -12.33 -0.90 -0.09 -21.41 -8.71 -24.40 -193.80 -536.73 -227.29 -75.91 -62.97 -11.97 -3.12 -85.21 -49.62 -93.26 -358.19
0.00 0.00 0.00 0.00 0.00 0.00 0.00 0.00 0.00 0.00 -26.81 -0.82 -0.00 -0.00 -0.00 0.00 -0.00 -0.00 -0.00 -8.22 -149.01 -22.74 -1.48 -0.47 -0.00 -0.00 -1.35 -0.24 -1.82 -69.54 -330.28 -98.16 -19.46 -12.33 -0.90 -0.09 -21.41 -8.71 -24.40 -193.80 -536.73 -227.29 -75.91 -62.97 -11.97 -3.12 -85.21 -49.62 -93.26 -358.19
0.00 0.00 0.00 0.00 0.00 0.00 0.00 0.00 0.00 0.00 -26.81 -0.82 -0.00 -0.00 -0.00 0.00 -0.00 -0.00 -0.00 -8.22 -149.01 -22.74 -1.48 -0.47 -0.00 -0.00 -1.35 -0.24 -1.82 -69.54 -330.28 -98.16 -19.46 -12.33 -0.90 -0.09 -21.41 -8.71 -24.40 -193.80 -536.73 -227.29 -75.91 -62.97 -11.97 -3.12 -85.21 -49.62 -93.26 -358.19
0.00 0.00 0.00 0.00 0.00 0.00 0.00 0.00 0.00 0.00 -26.81 -0.82 -0.00 -0.00 -0.00 0.00 -0.00 -0.00 -0.00 -8.22 -149.01 -22.74 -1.48 -0.47 -0.00 -0.00 -1.35 -0.24 -1.82 -69.54 -330.28 -98.16 -19.46 -12.33 -0.90 -0.09 -21.41 -8.71 -24.40 -193.80 -536.73 -227.29 -75.91 -62.97 -11.97 -3.12 -85.21 -49.62 -93.26 -358.19
0.00 0.00 0.00 0.00 0.00 0.00 0.00 0.00 0.00 0.00 -26.81 -0.82 -0.00 -0.00 -0.00 0.00 -0.00 -0.00 -0.00 -8.22 -149.01 -22.74 -1.48 -0.47 -0.00 -0.00 -1.35 -0.24 -1.82 -69.54 -330.28 -98.16 -19.46 -12.33 -0.90 -0.09 -21.41 -8.71 -24.40 -193.80 -536.73 -227.29 -75.91 -62.97 -11.97 -3.12 -85.21 -49.62 -93.26 -358.19
0.00 0.00 0.00 0.00 0.00 0.00 0.00 0.00 0.00 0.00 -26.81 -0.82 -0.00 -0.00 -0.00 0.00 -0.00 -0.00 -0.00 -8.22 -149.01 -22.74 -1.48 -0.47 -0.00 -0.00 -1.35 -0.24 -1.82 -69.54 -330.28 -98.16 -19.46 -12.33 -0.90 -0.09 -21.41 -8.71 -24.40 -193.80 -536.73 -227.29 -75.91 -62.97 -11.97 -3.12 -85.21 -49.62 -93.26 -358.19
0.00 0.00 0.00 0.00 0.00 0.00 0.00 0.00 0.00 0.00 -26.81 -0.82 -0.00 -0.00 -0.00 0.00 -0.00 -0.00 -0.00 -8.22 -149.01 -22.74 -1.48 -0.47 -0.00 -0.00 -1.35 -0.24 -1.82 -69.54 -330.28 -98.16 -19.46 -12.33 -0.90 -0.09 -21.41 -8.71 -24.40 -193.80 -536.73 -227.29 -75.91 -62.97 -11.97 -3.12 -85.21 -49.62 -93.26 -358.19
0.00 0.00 0.00 0.00 0.00 0.00 0.00 0.00 0.00 0.00 -26.81 -0.82 -0.00 -0.00 -0.00 0.00 -0.00 -0.00 -0.00 -8.22 -149.01 -22.74 -1.48 -0.47 -0.00 -0.00 -1.35 -0.24 -1.82 -69.54 -330.28 -98.16 -19.46 -12.33 -0.90 -0.09 -21.41 -8.71 -24.40 -193.80 -536.73 -227.29 -75.91 -62.97 -11.97 -3.12 -85.21 -49.62 -93.26 -358.19
0.00 0.00 0.00 0.00 0.00 0.00 0.00 0.00 0.00 0.00 -35.19 -1.46 -0.01 -0.00 -0.00 0.00 -0.00 -0.00 -0.00 -2.75 -184.85 -35.30 -3.82 -1.86 -0.03 -0.00 -3.69 -2.26 -2.40 -53.62 -397.03 -140.20 -39.34 -31.21 -3.25 -0.36 -45.88 -34.49 -33.12 -191.83 -632.79 -308.17 -131.95 -120.99 -28.60 -8.86 -152.40 -128.58 -124.69 -388.01
0.00 0.00 0.00 0.00 0.00 0.00 0.00 0.00 0.00 0.00 -35.19 -1.46 -0.01 -0.00 -0.00 0.00 -0.00 -0.00 -0.00 -2.75 -184.85 -35.30 -3.82 -1.86 -0.03 -0.00 -3.69 -2.26 -2.40 -53.62 -397.03 -140.20 -39.34 -31.21 -3.25 -0.36 -45.88 -34.49 -33.12 -191.83 -632.79 -308.17 -131.95 -120.99 -28.60 -8.86 -152.40 -128.58 -124.69 -388.01
0.00 0.00 0.00 0.00 0.00 0.00 0.00 0.00 0.00 0.00 -35.19 -1.46 -0.01 -0.00 -0.00 0.00 -0.00 -0.00 -0.00 -2.75 -184.85 -35.30 -3.82 -1.86 -0.03 -0.00 -3.69 -2.26 -2.40 -53.62 -397.03 -140.20 -39.34 -31.21 -3.25 -0.36 -45.88 -34.49 -33.12 -191.83 -632.79 -308.17 -131.95 -120.99 -28.60 -8.86 -152.40 -128.58 -124.69 -388.01
0.00 0.00 0.00 0.00 0.00 0.00 0.00 0.00 0.00 0.00 -35.19 -1.46 -0.01 -0.00 -0.00 0.00 -0.00 -0.00 -0.00 -2.75 -184.85 -35.30 -3.82 -1.86 -0.03 -0.00 -3.69 -2.26 -2.40 -53.62 -397.03 -140.20 -39.34 -31.21 -3.25 -0.36 -45.88 -34.49 -33.12 -191.83 -632.79 -308.17 -131.95 -120.99 -28.60 -8.86 -152.40 -128.58 -124.69 -388.01
0.00 0.00 0.00 0.00 0.00 0.00 0.00 0.00 0.00 0.00 -35.19 -1.46 -0.01 -0.00 -0.00 0.00 -0.00 -0.00 -0.00 -2.75 -184.85 -35.30 -3.82 -1.86 -0.03 -0.00 -3.69 -2.26 -2.40 -53.62 -397.03 -140.20 -39.34 -31.21 -3.25 -0.36 -45.88 -34.49 -33.12 -191.83 -632.79 -308.17 -131.95 -120.99 -28.60 -8.86 -152.40 -128.58 -124.69 -388.01
0.00 0.00 0.00 0.00 0.00 0.00 0.00 0.00 0.00 0.00 -35.19 -1.46 -0.01 -0.00 -0.00 0.00 -0.00 -0.00 -0.00 -2.75 -184.85 -35.30 -3.82 -1.86 -0.03 -0.00 -3.69 -2.26 -2.40 -53.62 -397.03 -140.20 -39.34 -31.21 -3.25 -0.36 -45.88 -34.49 -33.12 -191.83 -632.79 -308.17 -131.95 -120.99 -28.60 -8.86 -152.40 -128.58 -124.69 -388.01
0.00 0.00 0.00 0.00 0.00 0.00 0.00 0.00 0.00 0.00 -35.19 -1.46 -0.01 -0.00 -0.00 0.00 -0.00 -0.00 -0.00 -2.75 -184.85 -35.30 -3.82 -1.86 -0.03 -0.00 -3.69 -2.26 -2.40 -53.62 -397.03 -140.20 -39.34 -31.21 -3.25 -0.36 -45.88 -34.49 -33.12 -191.83 -632.79 -308.17 -131.95 -120.99 -28.60 -8.86 -152.40 -128.58 -124.69 -388.01
0.00 0.00 0.00 0.00 0.00 0.00 0.00 0.00 0.00 0.00 -35.19 -1.46 -0.01 -0.00 -0.00 0.00 -0.00 -0.00 -0.00 -2.75 -184.85 -35.30 -3.82 -1.86 -0.03 -0.00 -3.69 -2.26 -2.40 -53.62 -397.03 -140.20 -39.34 -31.21 -3.25 -0.36 -45.88 -34.49 -33.12 -191.83 -632.79 -308.17 -131.95 -120.99 -28.60 -8.86 -152.40 -128.58 -124.69 -388.01
0.00 0.00 0.00 0.00 0.00 0.00 0.00 0.00 0.00 0.00 -35.19 -1.46 -0.01 -0.00 -0.00 0.00 -0.00 -0.00 -0.00 -2.75 -184.85 -35.30 -3.82 -1.86 -0.03 -0.00 -3.69 -2.26 -2.40 -53.62 -397.03 -140.20 -39.34 -31.21 -3.25 -0.36 -45.88 -34.49 -33.12 -191.83 -632.79 -308.17 -131.95 -120.99 -28.60 -8.86 -152.40 -128.58 -124.69 -388.01
0.00 0.00 0.00 0.00 0.00 0.00 0.00 0.00 0.00 0.00 -35.19 -1.46 -0.01 -0.00 -0.00 0.00 -0.00 -0.00 -0.00 -2.75 -184.85 -35.30 -3.82 -1.86 -0.03 -0.00 -3.69 -2.26 -2.40 -53.62 -397.03 -140.20 -39.34 -31.21 -3.25 -0.36 -45.88 -34.49 -33.12 -191.83 -632.79 -308.17 -131.95 -120.99 -28.60 -8.86 -152.40 -128.58 -124.69 -388.01
0.00 0.00 0.00 0.00 0.00 0.00 0.00 0.00 0.00 0.00 -35.19 -1.46 -0.01 -0.00 -0.00 0.00 -0.00 -0.00 -0.00 -2.75 -184.85 -35.30 -3.82 -1.86 -0.03 -0.00 -3.69 -2.26 -2.40 -53.62 -397.03 -140.20 -39.34 -31.21 -3.25 -0.36 -45.88 -34.49 -33.12 -191.83 -632.79 -308.17 -131.95 -120.99 -28.60 -8.86 -152.40 -128.58 -124.69 -388.01
0.00 0.00 0.00 0.00 0.00 0.00 0.00 0.00 0.00 0.00 -35.19 -1.46 -0.01 -0.00 -0.00 0.00 -0.00 -0.00 -0.00 -2.75 -184.85 -35.30 -3.82 -1.86 -0.03 -0.00 -3.69 -2.26 -2.40 -53.62 -397.03 -140.20 -39.34 -31.21 -3.25 -0.36 -45.88 -34.49 -33.12 -191.83 -632.79 -308.17 -131.95 -120.99 -28.60 -8.86 -152.40 -128.58 -124.69 -388.01
0.00 0.00 0.00 0.00 0.00 0.00 0.00 0.00 0.00 0.00 -35.19 -1.46 -0.01 -0.00 -0.00 0.00 -0.00 -0.00 -0.00 -2.75 -184.85 -35.30 -3.82 -1.86 -0.03 -0.00 -3.69 -2.26 -2.40 -53.62 -397.03 -140.20 -39.34 -31.21 -3.25 -0.36 -45.88 -34.49 -33.12 -191.83 -632.79 -308.17 -131.95 -120.99 -28.60 -8.86 -152.40 -128.58 -124.69 -388.01
0.00 0.00 0.00 0.00 0.00 0.00 0.00 0.00 0.00 0.00 -35.19 -1.46 -0.01 -0.00 -0.00 0.00 -0.00 -0.00 -0.00 -2.75 -184.85 -35.30 -3.82 -1.86 -0.03 -0.00 -3.69 -2.26 -2.40 -53.62 -397.03 -140.20 -39.34 -31.21 -3.25 -0.36 -45.88 -34.49 -33.12 -191.83 -632.79 -308.17 -131.95 -120.99 -28.60 -8.86 -152.40 -128.58 -124.69 -388.01
0.00 0.00 0.00 0.00 0.00 0.00 0.00 0.00 0.00 0.00 -35.19 -1.46 -0.01 -0.00 -0.00 0.00 -0.00 -0.00 -0.00 -2.75 -184.85 -35.30 -3.82 -1.86 -0.03 -0.00 -3.69 -2.26 -2.40 -53.62 -397.03 -140.20 -39.34 -31.21 -3.25 -0.36 -45.88 -34.49 -33.12 -191.83 -632.79 -308.17 -131.95 -120.99 -28.60 -8.86 -152.40 -128.58 -124.69 -388.01
0.00 0.00 0.00 0.00 0.00 0.00 0.00 0.00 0.00 0.00 -35.19 -1.46 -0.01 -0.00 -0.00 0.00 -0.00 -0.00 -0.00 -2.75 -184.85 -35.30 -3.82 -1.86 -0.03 -0.00 -3.69 -2.26 -2.40 -53.62 -397.03 -140.20 -39.34 -31.21 -3.25 -0.36 -45.88 -34.49 -33.12 -191.83 -632.79 -308.17 -131.95 -120.99 -28.60 -8.86 -152.40 -128.58 -124.69 -388.01
0.00 0.00 0.00 0.00 0.00 0.00 0.00 0.00 0.00 0.00 -35.19 -1.46 -0.01 -0.00 -0.00 0.00 -0.00 -0.00 -0.00 -2.75 -184.85 -35.30 -3.82 -1.86 -0.03 -0.00 -3.69 -2.26 -2.40 -53.62 -397.03 -140.20 -39.34 -31.21 -3.25 -0.36 -45.88 -34.49 -33.12 -191.83 -632.79 -308.17 -131.95 -120.99 -28.60 -8.86 -152.40 -128.58 -124.69 -388.01
0.00 0.00 0.00 0.00 0.00 0.00 0.00 0.00 0.00 0.00 -35.19 -1.46 -0.01 -0.00 -0.00 0.00 -0.00 -0.00 -0.00 -2.75 -184.85 -35.30 -3.82 -1.86 -0.03 -0.00 -3.69 -2.26 -2.40 -53.62 -397.03 -140.20 -39.34 -31.21 -3.25 -0.36 -45.88 -34.49 -33.12 -191.83 -632.79 -308.17 -131.95 -120.99 -28.60 -8.86 -152.40 -128.58 -124.69 -388.01
0.00 0.00 0.00 0.00 0.00 0.00 0.00 0.00 0.00 0.00 -35.19 -1.46 -0.01 -0.00 -0.00 0.00 -0.00 -0.00 -0.00 -2.75 -184.85 -35.30 -3.82 -1.86 -0.03 -0.00 -3.69 -2.26 -2.40 -53.62 -397.03 -140.20 -39.34 -31.21 -3.25 -0.36 -45.88 -34.49 -33.12 -191.83 -632.79 -308.17 -131.95 -120.99 -28.60 -8.86 -152.40 -128.58 -124.69 -388.01
0.00 0.00 0.00 0.00 0.00 0.00 0.00 0.00 0.00 0.00 -35.19 -1.46 -0.01 -0.00 -0.00 0.00 -0.00 -0.00 -0.00 -2.75 -184.85 -35.30 -3.82 -1.86 -0.03 -0.00 -3.69 -2.26 -2.40 -53.62 -397.03 -140.20 -39.34 -31.21 -3.25 -0.36 -45.88 -34.49 -33.12 -191.83 -632.79 -308.17 -131.95 -120.99 -28.60 -8.86 -152.40 -128.58 -124.69 -388.01
0.00 0.00 0.00 0.00 0.00 0.00 0.00 0.00 0.00 0.00 -35.19 -1.46 -0.01 -0.00 -0.00 0.00 -0.00 -0.00 -0.00 -2.75 -184.85 -35.30 -3.82 -1.86 -0.03 -0.00 -3.69 -2.26 -2.40 -53.62 -397.03 -140.20 -39.34 -31.21 -3.25 -0.36 -45.88 -34.49 -33.12 -191.83 -632.79 -308.17 -131.95 -120.99 -28.60 -8.86 -152.40 -128.58 -124.69 -388.01
0.00 0.00 0.00 0.00 0.00 0.00 0.00 0.00 0.00 0.00 -35.19 -1.46 -0.01 -0.00 -0.00 0.00 -0.00 -0.00 -0.00 -2.75 -184.85 -35.30 -3.82 -1.86 -0.03 -0.00 -3.69 -2.26 -2.40 -53.62 -397.03 -140.20 -39.34 -31.21 -3.25 -0.36 -45.88 -34.49 -33.12 -191.83 -632.79 -308.17 -131.95 -120.99 -28.60 -8.86 -152.40 -128.58 -124.69 -388.01
0.00 0.00 0.00 0.00 0.00 0.00 0.00 0.00 0.00 0.00 -35.19 -1.46 -0.01 -0.00 -0.00 0.00 -0.00 -0.00 -0.00 -2.75 -184.85 -35.30 -3.82 -1.86 -0.03 -0.00 -3.69 -2.26 -2.40 -53.62 -397.03 -140.20 -39.34 -31.21 -3.25 -0.36 -45.88 -34.49 -33.12 -191.83 -632.79 -308.17 -131.95 -120.99 -28.60 -8.86 -152.40 -128.58 -124.69 -388.01
0.00 0.00 0.00 0.00 0.00 0.00 0.00 0.00 0.00 0.00 -35.19 -1.46 -0.01 -0.00 -0.00 0.00 -0.00 -0.00 -0.00 -2.75 -184.85 -35.30 -3.82 -1.86 -0.03 -0.00 -3.69 -2.26 -2.40 -53.62 -397.03 -140.20 -39.34 -31.21 -3.25 -0.36 -45.88 -34.49 -33.12 -191.83 -632.79 -308.17 -131.95 -120.99 -28.60 -8.86 -152.40 -128.58 -124.69 -388.01
0.00 0.00 0.00 0.00 0.00 0.00 0.00 0.00 0.00 0.00 -35.19 -1.46 -0.01 -0.00 -0.00 0.00 -0.00 -0.00 -0.00 -2.75 -184.85 -35.30 -3.82 -1.86 -0.03 -0.00 -3.69 -2.26 -2.40 -53.62 -397.03 -140.20 -39.34 -31.21 -3.25 -0.36 -45.88 -34.49 -33.12 -191.83 -632.79 -308.17 -131.95 -120.99 -28.60 -8.86 -152.40 -128.58 -124.69 -388.01
0.00 0.00 0.00 0.00 0.00 0.00 0.00 0.00 0.00 0.00 -35.19 -1.46 -0.01 -0.00 -0.00 0.00 -0.00 -0.00 -0.00 -2.75 -184.85 -35.30 -3.82 -1.86 -0.03 -0.00 -3.69 -2.26 -2.40 -53.62 -397.03 -140.20 -39.34 -31.21 -3.25 -0.36 -45.88 -34.49 -33.12 -191.83 -632.79 -308.17 -131.95 -120.99 -28.60 -8.86 -152.40 -128.58 -124.69 -388.01
0.00 0.00 0.00 0.00 0.00 0.00 0.00 0.00 0.00 0.00 -35.19 -1.46 -0.01 -0.00 -0.00 0.00 -0.00 -0.00 -0.00 -2.75 -184.85 -35.30 -3.82 -1.86 -0.03 -0.00 -3.69 -2.26 -2.40 -53.62 -397.03 -140.20 -39.34 -31.21 -3.25 -0.36 -45.88 -34.49 -33.12 -191.83 -632.79 -308.17 -131.95 -120.99 -28.60 -8.86 -152.40 -128.58 -124.69 -388.01
0.00 0.00 0.00 0.00 0.00 0.00 0.00 0.00 0.00 0.00 -37.37 -1.73 -0.01 -0.00 -0.00 0.00 -0.00 -0.00 -0.00 -3.17 -192.12 -39.45 -5.03 -2.49 -0.08 -0.00 -4.20 -4.31 -2.51 -59.75 -407.91 -152.21 -47.55 -37.04 -6.85 -0.64 -49.21 -52.15 -36.60 -206.36 -645.64 -328.30 -153.59 -139.07 -49.09 -12.84 -166.21 -172.64 -136.27 -408.87
0.00 0.00 0.00 0.00 0.00 0.00 0.00 0.00 0.00 0.00 -37.37 -1.73 -0.01 -0.00 -0.00 0.00 -0.00 -0.00 -0.00 -3.17 -192.12 -39.45 -5.03 -2.49 -0.08 -0.00 -4.20 -4.31 -2.51 -59.75 -407.91 -152.21 -47.55 -37.04 -6.85 -0.64 -49.21 -52.15 -36.60 -206.36 -645.64 -328.30 -153.59 -139.07 -49.09 -12.84 -166.21 -172.64 -136.27 -408.87
0.00 0.00 0.00 0.00 0.00 0.00 0.00 0.00 0.00 0.00 -37.37 -1.73 -0.01 -0.00 -0.00 0.00 -0.00 -0.00 -0.00 -3.17 -192.12 -39.45 -5.03 -2.49 -0.08 -0.00 -4.20 -4.31 -2.51 -59.75 -407.91 -152.21 -47.55 -37.04 -6.85 -0.64 -49.21 -52.15 -36.60 -206.36 -645.64 -328.30 -153.59 -139.07 -49.09 -12.84 -166.21 -172.64 -136.27 -408.87
0.00 0.00 0.00 0.00 0.00 0.00 0.00 0.00 0.00 0.00 -37.37 -1.73 -0.01 -0.00 -0.00 0.00 -0.00 -0.00 -0.00 -3.17 -192.12 -39.45 -5.03 -2.49 -0.08 -0.00 -4.20 -4.31 -2.51 -59.75 -407.91 -152.21 -47.55 -37.04 -6.85 -0.64 -49.21 -52.15 -36.60 -206.36 -645.64 -328.30 -153.59 -139.07 -49.09 -12.84 -166.21 -172.64 -136.27 -408.87
0.00 0.00 0.00 0.00 0.00 0.00 0.00 0.00 0.00 0.00 -37.37 -1.73 -0.01 -0.00 -0.00 0.00 -0.00 -0.00 -0.00 -3.17 -192.12 -39.45 -5.03 -2.49 -0.08 -0.00 -4.20 -4.31 -2.51 -59.75 -407.91 -152.21 -47.55 -37.04 -6.85 -0.64 -49.21 -52.15 -36.60 -206.36 -645.64 -328.30 -153.59 -139.07 -49.09 -12.84 -166.21 -172.64 -136.27 -408.87
0.00 0.00 0.00 0.00 0.00 0.00 0.00 0.00 0.00 0.00 -37.37 -1.73 -0.01 -0.00 -0.00 0.00 -0.00 -0.00 -0.00 -3.17 -192.12 -39.45 -5.03 -2.49 -0.08 -0.00 -4.20 -4.31 -2.51 -59.75 -407.91 -152.21 -47.55 -37.04 -6.85 -0.64 -49.21 -52.15 -36.60 -206.36 -645.64 -328.30 -153.59 -139.07 -49.09 -12.84 -166.21 -172.64 -136.27 -408.87
0.00 0.00 0.00 0.00 0.00 0.00 0.00 0.00 0.00 0.00 -37.37 -1.73 -0.01 -0.00 -0.00 0.00 -0.00 -0.00 -0.00 -3.17 -192.12 -39.45 -5.03 -2.49 -0.08 -0.00 -4.20 -4.31 -2.51 -59.75 -407.91 -152.21 -47.55 -37.04 -6.85 -0.64 -49.21 -52.15 -36.60 -206.36 -645.64 -328.30 -153.59 -139.07 -49.09 -12.84 -166.21 -172.64 -136.27 -408.87
0.00 0.00 0.00 0.00 0.00 0.00 0.00 0.00 0.00 0.00 -37.37 -1.73 -0.01 -0.00 -0.00 0.00 -0.00 -0.00 -0.00 -3.17 -192.12 -39.45 -5.03 -2.49 -0.08 -0.00 -4.20 -4.31 -2.51 -59.75 -407.91 -152.21 -47.55 -37.04 -6.85 -0.64 -49.21 -52.15 -36.60 -206.36 -645.64 -328.30 -153.59 -139.07 -49.09 -12.84 -166.21 -172.64 -136.27 -408.87
0.00 0.00 0.00 0.00 0.00 0.00 0.00 0.00 0.00 0.00 -37.37 -1.73 -0.01 -0.00 -0.00 0.00 -0.00 -0.00 -0.00 -3.17 -192.12 -39.45 -5.03 -2.49 -0.08 -0.00 -4.20 -4.31 -2.51 -59.75 -407.91 -152.21 -47.55 -37.04 -6.85 -0.64 -49.21 -52.15 -36.60 -206.36 -645.64 -328.30 -153.59 -139.07 -49.09 -12.84 -166.21 -172.64 -136.27 -408.87
0.00 0.00 0.00 0.00 0.00 0.00 0.00 0.00 0.00 0.00 -37.37 -1.73 -0.01 -0.00 -0.00 0.00 -0.00 -0.00 -0.00 -3.17 -192.12 -39.45 -5.03 -2.49 -0.08 -0.00 -4.20 -4.31 -2.51 -59.75 -407.91 -152.21 -47.55 -37.04 -6.85 -0.64 -49.21 -52.15 -36.60 -206.36 -645.64 -328.30 -153.59 -139.07 -49.09 -12.84 -166.21 -172.64 -136.27 -408.87
0.00 0.00 0.00 0.00 0.00 0.00 0.00 0.00 0.00 0.00 -37.37 -1.73 -0.01 -0.00 -0.00 0.00 -0.00 -0.00 -0.00 -3.17 -192.12 -39.45 -5.03 -2.49 -0.08 -0.00 -4.20 -4.31 -2.51 -59.75 -407.91 -152.21 -47.55 -37.04 -6.85 -0.64 -49.21 -52.15 -36.60 -206.36 -645.64 -328.30 -153.59 -139.07 -49.09 -12.84 -166.21 -172.64 -136.27 -408.87
0.00 0.00 0.00 0.00 0.00 0.00 0.00 0.00 0.00 0.00 -37.37 -1.73 -0.01 -0.00 -0.00 0.00 -0.00 -0.00 -0.00 -3.17 -192.12 -39.45 -5.03 -2.49 -0.08 -0.00 -4.20 -4.31 -2.51 -59.75 -407.91 -152.21 -47.55 -37.04 -6.85 -0.64 -49.21 -52.15 -36.60 -206.36 -645.64 -328.30 -153.59 -139.07 -49.09 -12.84 -166.21 -172.64 -136.27 -408.87
0.00 0.00 0.00 0.00 0.00 0.00 0.00 0.00 0.00 0.00 -37.37 -1.73 -0.01 -0.00 -0.00 0.00 -0.00 -0.00 -0.00 -3.17 -192.12 -39.45 -5.03 -2.49 -0.08 -0.00 -4.20 -4.31 -2.51 -59.75 -407.91 -152.21 -47.55 -37.04 -6.85 -0.64 -49.21 -52.15 -36.60 -206.36 -645.64 -328.30 -153.59 -139.07 -49.09 -12.84 -166.21 -172.64 -136.27 -408.87
0.00 0.00 0.00 0.00 0.00 0.00 0.00 0.00 0.00 0.00 -37.37 -1.73 -0.01 -0.00 -0.00 0.00 -0.00 -0.00 -0.00 -3.17 -192.12 -39.45 -5.03 -2.49 -0.08 -0.00 -4.20 -4.31 -2.51 -59.75 -407.91 -152.21 -47.55 -37.04 -6.85 -0.64 -49.21 -52.15 -36.60 -206.36 -645.64 -328.30 -153.59 -139.07 -49.09 -12.84 -166.21 -172.64 -136.27 -408.87
0.00 0.00 0.00 0.00 0.00 0.00 0.00 0.00 0.00 0.00 -37.37 -1.73 -0.01 -0.00 -0.00 0.00 -0.00 -0.00 -0.00 -3.17 -192.12 -39.45 -5.03 -2.49 -0.08 -0.00 -4.20 -4.31 -2.51 -59.75 -407.91 -152.21 -47.55 -37.04 -6.85 -0.64 -49.21 -52.15 -36.60 -206.36 -645.64 -328.30 -153.59 -139.07 -49.09 -12.84 -166.21 -172.64 -136.27 -408.87
0.00 0.00 0.00 0.00 0.00 0.00 0.00 0.00 0.00 0.00 -37.37 -1.73 -0.01 -0.00 -0.00 0.00 -0.00 -0.00 -0.00 -3.17 -192.12 -39.45 -5.03 -2.49 -0.08 -0.00 -4.20 -4.31 -2.51 -59.75 -407.91 -152.21 -47.55 -37.04 -6.85 -0.64 -49.21 -52.15 -36.60 -206.36 -645.64 -328.30 -153.59 -139.07 -49.09 -12.84 -166.21 -172.64 -136.27 -408.87
0.00 0.00 0.00 0.00 0.00 0.00 0.00 0.00 0.00 0.00 -37.37 -1.73 -0.01 -0.00 -0.00 0.00 -0.00 -0.00 -0.00 -3.17 -192.12 -39.45 -5.03 -2.49 -0.08 -0.00 -4.20 -4.31 -2.51 -59.75 -407.91 -152.21 -47.55 -37.04 -6.85 -0.64 -49.21 -52.15 -36.60 -206.36 -645.64 -328.30 -153.59 -139.07 -49.09 -12.84 -166.21 -172.64 -136.27 -408.87
0.00 0.00 0.00 0.00 0.00 0.00 0.00 0.00 0.00 0.00 -37.37 -1.73 -0.01 -0.00 -0.00 0.00 -0.00 -0.00 -0.00 -3.17 -192.12 -39.45 -5.03 -2.49 -0.08 -0.00 -4.20 -4.31 -2.51 -59.75 -407.91 -152.21 -47.55 -37.04 -6.85 -0.64 -49.21 -52.15 -36.60 -206.36 -645.64 -328.30 -153.59 -139.07 -49.09 -12.84 -166.21 -172.64 -136.27 -408.87
0.00 0.00 0.00 0.00 0.00 0.00 0.00 0.00 0.00 0.00 -37.37 -1.73 -0.01 -0.00 -0.00 0.00 -0.00 -0.00 -0.00 -3.17 -192.12 -39.45 -5.03 -2.49 -0.08 -0.00 -4.20 -4.31 -2.51 -59.75 -407.91 -152.21 -47.55 -37.04 -6.85 -0.64 -49.21 -52.15 -36.60 -206.36 -645.64 -328.30 -153.59 -139.07 -49.09 -12.84 -166.21 -172.64 -136.27 -408.87
0.00 0.00 0.00 0.00 0.00 0.00 0.00 0.00 0.00 0.00 -37.37 -1.73 -0.01 -0.00 -0.00 0.00 -0.00 -0.00 -0.00 -3.17 -192.12 -39.45 -5.03 -2.49 -0.08 -0.00 -4.20 -4.31 -2.51 -59.75 -407.91 -152.21 -47.55 -37.04 -6.85 -0.64 -49.21 -52.15 -36.60 -206.36 -645.64 -328.30 -153.59 -139.07 -49.09 -12.84 -166.21 -172.64 -136.27 -408.87
0.00 0.00 0.00 0.00 0.00 0.00 0.00 0.00 0.00 0.00 -37.37 -1.73 -0.01 -0.00 -0.00 0.00 -0.00 -0.00 -0.00 -3.17 -192.12 -39.45 -5.03 -2.49 -0.08 -0.00 -4.20 -4.31 -2.51 -59.75 -407.91 -152.21 -47.55 -37.04 -6.85 -0.64 -49.21 -52.15 -36.60 -206.36 -645.64 -328.30 -153.59 -139.07 -49.09 -12.84 -166.21 -172.64 -136.27 -408.87
0.00 0.00 0.00 0.00 0.00 0.00 0.00 0.00 0.00 0.00 -37.37 -1.73 -0.01 -0.00 -0.00 0.00 -0.00 -0.00 -0.00 -3.17 -192.12 -39.45 -5.03 -2.49 -0.08 -0.00 -4.20 -4.31 -2.51 -59.75 -407.91 -152.21 -47.55 -37.04 -6.85 -0.64 -49.21 -52.15 -36.60 -206.36 -645.64 -328.30 -153.59 -139.07 -49.09 -12.84 -166.21 -172.64 -136.27 -408.87
0.00 0.00 0.00 0.00 0.00 0.00 0.00 0.00 0.00 0.00 -37.37 -1.73 -0.01 -0.00 -0.00 0.00 -0.00 -0.00 -0.00 -3.17 -192.12 -39.45 -5.03 -2.49 -0.08 -0.00 -4.20 -4.31 -2.51 -59.75 -407.91 -152.21 -47.55 -37.04 -6.85 -0.64 -49.21 -52.15 -36.60 -206.36 -645.64 -328.30 -153.59 -139.07 -49.09 -12.84 -166.21 -172.64 -136.27 -408.87
