0.00 0.00 0.00 0.00 0.00 0.00 0.00 0.00 0.00 0.00 -129.29 -6.46 -0.02 -0.00 -0.00 -0.00 -0.01 -0.00 -0.02 -13.06 -637.56 -142.17 -13.20 -13.39 -0.37 -0.01 -16.51 -25.20 -19.11 -202.42 -1332.82 -522.99 -146.08 -160.30 -25.75 -2.85 -175.37 -237.56 -175.58 -685.22 -2094.71 -1091.56 -488.14 -526.43 -184.87 -44.51 -562.38 -688.82 -551.93 -1341.89
0.00 0.00 0.00 0.00 0.00 0.00 0.00 0.00 0.00 0.00 -78.68 -4.27 -0.05 -0.00 0.00 0.00 -0.01 -0.00 -0.00 -22.88 -403.70 -91.41 -12.95 -8.21 -0.15 -0.00 -10.62 -7.55 -5.23 -167.89 -856.77 -336.93 -105.68 -103.62 -12.57 -1.63 -113.73 -96.33 -77.56 -430.08 -1356.01 -712.78 -328.46 -349.20 -91.28 -29.02 -365.00 -328.95 -291.59 -843.09
0.00 0.00 0.00 0.00 0.00 0.00 0.00 0.00 0.00 0.00 -59.88 -2.39 -0.01 -0.00 -0.00 0.00 -0.00 -0.00 -0.00 -5.69 -320.28 -60.86 -4.42 -1.96 -0.06 -0.00 -3.87 -5.79 -3.80 -90.10 -695.17 -243.15 -54.39 -39.58 -6.55 -0.44 -54.03 -77.33 -55.83 -330.36 -1115.42 -535.20 -203.21 -172.20 -56.81 -12.55 -210.74 -268.76 -210.97 -676.13
0.00 0.00 0.00 0.00 0.00 0.00 0.00 0.00 0.00 0.00 -36.58 -1.17 -0.00 -0.00 0.00 0.00 -0.00 -0.00 -0.00 -2.50 -201.87 -32.82 -2.10 -2.27 -0.01 -0.00 -2.24 -1.61 -1.13 -49.39 -445.68 -139.18 -28.77 -40.01 -2.56 -0.10 -29.91 -29.44 -23.67 -190.84 -722.36 -319.72 -115.14 -153.99 -25.59 -3.71 -116.92 -119.95 -103.72 -405.22
0.00 0.00 0.00 0.00 0.00 0.00 0.00 0.00 0.00 0.00 -30.69 -0.99 -0.00 -0.00 -0.00 0.00 -0.00 -0.00 -0.00 -2.15 -168.92 -27.21 -0.63 -0.81 -0.00 -0.00 -1.60 -1.29 -0.93 -41.30 -372.34 -116.49 -12.21 -19.74 -1.01 -0.16 -25.59 -24.71 -20.61 -160.14 -602.98 -268.19 -59.34 -88.66 -13.00 -4.72 -102.42 -97.92 -91.13 -339.58
0.00 0.00 0.00 0.00 0.00 0.00 0.00 0.00 0.00 0.00 -30.93 -1.23 -0.00 -0.00 -0.00 0.00 -0.00 -0.00 -0.00 -8.61 -163.80 -30.32 -2.57 -1.13 -0.03 -0.00 -2.78 -1.16 -4.09 -74.24 -353.43 -122.56 -30.30 -22.15 -3.51 -0.25 -34.28 -23.70 -37.57 -207.15 -564.88 -272.01 -107.38 -94.95 -29.76 -6.49 -116.21 -102.66 -123.95 -383.45
0.00 0.00 0.00 0.00 0.00 0.00 0.00 0.00 0.00 0.00 -35.55 -1.50 -0.01 -0.00 -0.00 0.00 -0.00 -0.00 -0.00 -2.74 -186.04 -36.00 -3.99 -1.61 -0.07 -0.00 -3.62 -3.90 -2.25 -55.42 -398.83 -142.20 -40.86 -29.24 -6.32 -0.42 -38.99 -48.09 -33.38 -195.73 -634.93 -311.50 -137.93 -119.09 -47.33 -8.83 -139.25 -161.86 -126.46 -393.50
0.00 0.00 0.00 0.00 0.00 0.00 0.00 0.00 0.00 0.00 -35.05 -1.44 -0.01 -0.00 -0.00 0.00 -0.00 -0.00 -0.00 -2.74 -184.38 -35.02 -3.75 -1.62 -0.06 -0.00 -3.31 -2.26 -2.42 -53.34 -396.33 -139.42 -38.98 -29.47 -5.33 -0.31 -37.52 -35.42 -33.76 -191.04 -631.95 -306.88 -132.45 -121.03 -39.69 -8.06 -135.16 -132.10 -122.55 -386.73
0.00 0.00 0.00 0.00 0.00 0.00 0.00 0.00 0.00 0.00 -37.24 -1.71 -0.01 -0.00 -0.00 0.00 -0.00 -0.00 -0.00 -3.21 -191.70 -39.38 -4.94 -2.43 -0.07 -0.00 -4.24 -4.48 -2.80 -58.38 -407.30 -151.79 -46.92 -36.13 -6.56 -0.60 -49.71 -50.58 -41.02 -203.22 -644.91 -327.26 -152.12 -136.99 -46.93 -12.38 -167.39 -166.26 -148.82 -404.40
0.00 0.00 0.00 0.00 0.00 0.00 0.00 0.00 0.00 0.00 -30.93 -1.23 -0.00 -0.00 -0.00 0.00 -0.00 -0.00 -0.00 -8.61 -163.80 -30.32 -2.57 -1.13 -0.03 -0.00 -2.78 -1.16 -4.09 -74.24 -353.43 -122.56 -30.30 -22.15 -3.51 -0.25 -34.28 -23.70 -37.57 -207.15 -564.88 -272.01 -107.38 -94.95 -29.76 -6.49 -116.21 -102.66 -123.95 -383.45
0.00 0.00 0.00 0.00 0.00 0.00 0.00 0.00 0.00 0.00 -37.24 -1.71 -0.01 -0.00 -0.00 0.00 -0.00 -0.00 -0.00 -3.21 -191.70 -39.38 -4.94 -2.43 -0.07 -0.00 -4.24 -4.48 -2.80 -58.38 -407.30 -151.79 -46.92 -36.13 -6.56 -0.60 -49.71 -50.58 -41.02 -203.22 -644.91 -327.26 -152.12 -136.99 -46.93 -12.38 -167.39 -166.26 -148.82 -404.40
0.00 0.00 0.00 0.00 0.00 0.00 0.00 0.00 0.00 0.00 -37.24 -1.71 -0.01 -0.00 -0.00 0.00 -0.00 -0.00 -0.00 -3.21 -191.70 -39.38 -4.94 -2.43 -0.07 -0.00 -4.24 -4.48 -2.80 -58.38 -407.30 -151.79 -46.92 -36.13 -6.56 -0.60 -49.71 -50.58 -41.02 -203.22 -644.91 -327.26 -152.12 -136.99 -46.93 -12.38 -167.39 -166.26 -148.82 -404.40
0.00 0.00 0.00 0.00 0.00 0.00 0.00 0.00 0.00 0.00 -37.24 -1.71 -0.01 -0.00 -0.00 0.00 -0.00 -0.00 -0.00 -3.21 -191.70 -39.38 -4.94 -2.43 -0.07 -0.00 -4.24 -4.48 -2.80 -58.38 -407.30 -151.79 -46.92 -36.13 -6.56 -0.60 -49.71 -50.58 -41.02 -203.22 -644.91 -327.26 -152.12 -136.99 -46.93 -12.38 -167.39 -166.26 -148.82 -404.40
0.00 0.00 0.00 0.00 0.00 0.00 0.00 0.00 0.00 0.00 -37.24 -1.71 -0.01 -0.00 -0.00 0.00 -0.00 -0.00 -0.00 -3.21 -191.70 -39.38 -4.94 -2.43 -0.07 -0.00 -4.24 -4.48 -2.80 -58.38 -407.30 -151.79 -46.92 -36.13 -6.56 -0.60 -49.71 -50.58 -41.02 -203.22 -644.91 -327.26 -152.12 -136.99 -46.93 -12.38 -167.39 -166.26 -148.82 -404.40
0.00 0.00 0.00 0.00 0.00 0.00 0.00 0.00 0.00 0.00 -37.24 -1.71 -0.01 -0.00 -0.00 0.00 -0.00 -0.00 -0.00 -3.21 -191.70 -39.38 -4.94 -2.43 -0.07 -0.00 -4.24 -4.48 -2.80 -58.38 -407.30 -151.79 -46.92 -36.13 -6.56 -0.60 -49.71 -50.58 -41.02 -203.22 -644.91 -327.26 -152.12 -136.99 -46.93 -12.38 -167.39 -166.26 -148.82 -404.40
0.00 0.00 0.00 0.00 0.00 0.00 0.00 0.00 0.00 0.00 -37.24 -1.71 -0.01 -0.00 -0.00 0.00 -0.00 -0.00 -0.00 -3.21 -191.70 -39.38 -4.94 -2.43 -0.07 -0.00 -4.24 -4.48 -2.80 -58.38 -407.30 -151.79 -46.92 -36.13 -6.56 -0.60 -49.71 -50.58 -41.02 -203.22 -644.91 -327.26 -152.12 -136.99 -46.93 -12.38 -167.39 -166.26 -148.82 -404.40
0.00 0.00 0.00 0.00 0.00 0.00 0.00 0.00 0.00 0.00 -37.24 -1.71 -0.01 -0.00 -0.00 0.00 -0.00 -0.00 -0.00 -3.21 -191.70 -39.38 -4.94 -2.43 -0.07 -0.00 -4.24 -4.48 -2.80 -58.38 -407.30 -151.79 -46.92 -36.13 -6.56 -0.60 -49.71 -50.58 -41.02 -203.22 -644.91 -327.26 -152.12 -136.99 -46.93 -12.38 -167.39 -166.26 -148.82 -404.40
0.00 0.00 0.00 0.00 0.00 0.00 0.00 0.00 0.00 0.00 -37.24 -1.71 -0.01 -0.00 -0.00 0.00 -0.00 -0.00 -0.00 -3.21 -191.70 -39.38 -4.94 -2.43 -0.07 -0.00 -4.24 -4.48 -2.80 -58.38 -407.30 -151.79 -46.92 -36.13 -6.56 -0.60 -49.71 -50.58 -41.02 -203.22 -644.91 -327.26 -152.12 -136.99 -46.93 -12.38 -167.39 -166.26 -148.82 -404.40
0.00 0.00 0.00 0.00 0.00 0.00 0.00 0.00 0.00 0.00 -37.24 -1.71 -0.01 -0.00 -0.00 0.00 -0.00 -0.00 -0.00 -3.21 -191.70 -39.38 -4.94 -2.43 -0.07 -0.00 -4.24 -4.48 -2.80 -58.38 -407.30 -151.79 -46.92 -36.13 -6.56 -0.60 -49.71 -50.58 -41.02 -203.22 -644.91 -327.26 -152.12 -136.99 -46.93 -12.38 -167.39 -166.26 -148.82 -404.40
0.00 0.00 0.00 0.00 0.00 0.00 0.00 0.00 0.00 0.00 -37.24 -1.71 -0.01 -0.00 -0.00 0.00 -0.00 -0.00 -0.00 -3.21 -191.70 -39.38 -4.94 -2.43 -0.07 -0.00 -4.24 -4.48 -2.80 -58.38 -407.30 -151.79 -46.92 -36.13 -6.56 -0.60 -49.71 -50.58 -41.02 -203.22 -644.91 -327.26 -152.12 -136.99 -46.93 -12.38 -167.39 -166.26 -148.82 -404.40
0.00 0.00 0.00 0.00 0.00 0.00 0.00 0.00 0.00 0.00 -37.24 -1.71 -0.01 -0.00 -0.00 0.00 -0.00 -0.00 -0.00 -3.21 -191.70 -39.38 -4.94 -2.43 -0.07 -0.00 -4.24 -4.48 -2.80 -58.38 -407.30 -151.79 -46.92 -36.13 -6.56 -0.60 -49.71 -50.58 -41.02 -203.22 -644.91 -327.26 -152.12 -136.99 -46.93 -12.38 -167.39 -166.26 -148.82 -404.40
0.00 0.00 0.00 0.00 0.00 0.00 0.00 0.00 0.00 0.00 -37.24 -1.71 -0.01 -0.00 -0.00 0.00 -0.00 -0.00 -0.00 -3.21 -191.70 -39.38 -4.94 -2.43 -0.07 -0.00 -4.24 -4.48 -2.80 -58.38 -407.30 -151.79 -46.92 -36.13 -6.56 -0.60 -49.71 -50.58 -41.02 -203.22 -644.91 -327.26 -152.12 -136.99 -46.93 -12.38 -167.39 -166.26 -148.82 -404.40
0.00 0.00 0.00 0.00 0.00 0.00 0.00 0.00 0.00 0.00 -37.24 -1.71 -0.01 -0.00 -0.00 0.00 -0.00 -0.00 -0.00 -3.21 -191.70 -39.38 -4.94 -2.43 -0.07 -0.00 -4.24 -4.48 -2.80 -58.38 -407.30 -151.79 -46.92 -36.13 -6.56 -0.60 -49.71 -50.58 -41.02 -203.22 -644.91 -327.26 -152.12 -136.99 -46.93 -12.38 -167.39 -166.26 -148.82 -404.40
0.00 0.00 0.00 0.00 0.00 0.00 0.00 0.00 0.00 0.00 -37.24 -1.71 -0.01 -0.00 -0.00 0.00 -0.00 -0.00 -0.00 -3.21 -191.70 -39.38 -4.94 -2.43 -0.07 -0.00 -4.24 -4.48 -2.80 -58.38 -407.30 -151.79 -46.92 -36.13 -6.56 -0.60 -49.71 -50.58 -41.02 -203.22 -644.91 -327.26 -152.12 -136.99 -46.93 -12.38 -167.39 -166.26 -148.82 -404.40
0.00 0.00 0.00 0.00 0.00 0.00 0.00 0.00 0.00 0.00 -37.24 -1.71 -0.01 -0.00 -0.00 0.00 -0.00 -0.00 -0.00 -3.21 -191.70 -39.38 -4.94 -2.43 -0.07 -0.00 -4.24 -4.48 -2.80 -58.38 -407.30 -151.79 -46.92 -36.13 -6.56 -0.60 -49.71 -50.58 -41.02 -203.22 -644.91 -327.26 -152.12 -136.99 -46.93 -12.38 -167.39 -166.26 -148.82 -404.40
0.00 0.00 0.00 0.00 0.00 0.00 0.00 0.00 0.00 0.00 -37.24 -1.71 -0.01 -0.00 -0.00 0.00 -0.00 -0.00 -0.00 -3.21 -191.70 -39.38 -4.94 -2.43 -0.07 -0.00 -4.24 -4.48 -2.80 -58.38 -407.30 -151.79 -46.92 -36.13 -6.56 -0.60 -49.71 -50.58 -41.02 -203.22 -644.91 -327.26 -152.12 -136.99 -46.93 -12.38 -167.39 -166.26 -148.82 -404.40
0.00 0.00 0.00 0.00 0.00 0.00 0.00 0.00 0.00 0.00 -37.24 -1.71 -0.01 -0.00 -0.00 0.00 -0.00 -0.00 -0.00 -3.21 -191.70 -39.38 -4.94 -2.43 -0.07 -0.00 -4.24 -4.48 -2.80 -58.38 -407.30 -151.79 -46.92 -36.13 -6.56 -0.60 -49.71 -50.58 -41.02 -203.22 -644.91 -327.26 -152.12 -136.99 -46.93 -12.38 -167.39 -166.26 -148.82 -404.40
0.00 0.00 0.00 0.00 0.00 0.00 0.00 0.00 0.00 0.00 -37.24 -1.71 -0.01 -0.00 -0.00 0.00 -0.00 -0.00 -0.00 -3.21 -191.70 -39.38 -4.94 -2.43 -0.07 -0.00 -4.24 -4.48 -2.80 -58.38 -407.30 -151.79 -46.92 -36.13 -6.56 -0.60 -49.71 -50.58 -41.02 -203.22 -644.91 -327.26 -152.12 -136.99 -46.93 -12.38 -167.39 -166.26 -148.82 -404.40
0.00 0.00 0.00 0.00 0.00 0.00 0.00 0.00 0.00 0.00 -37.24 -1.71 -0.01 -0.00 -0.00 0.00 -0.00 -0.00 -0.00 -3.21 -191.70 -39.38 -4.94 -2.43 -0.07 -0.00 -4.24 -4.48 -2.80 -58.38 -407.30 -151.79 -46.92 -36.13 -6.56 -0.60 -49.71 -50.58 -41.02 -203.22 -644.91 -327.26 -152.12 -136.99 -46.93 -12.38 -167.39 -166.26 -148.82 -404.40
0.00 0.00 0.00 0.00 0.00 0.00 0.00 0.00 0.00 0.00 -37.24 -1.71 -0.01 -0.00 -0.00 0.00 -0.00 -0.00 -0.00 -3.21 -191.70 -39.38 -4.94 -2.43 -0.07 -0.00 -4.24 -4.48 -2.80 -58.38 -407.30 -151.79 -46.92 -36.13 -6.56 -0.60 -49.71 -50.58 -41.02 -203.22 -644.91 -327.26 -152.12 -136.99 -46.93 -12.38 -167.39 -166.26 -148.82 -404.40
0.00 0.00 0.00 0.00 0.00 0.00 0.00 0.00 0.00 0.00 -37.24 -1.71 -0.01 -0.00 -0.00 0.00 -0.00 -0.00 -0.00 -3.21 -191.70 -39.38 -4.94 -2.43 -0.07 -0.00 -4.24 -4.48 -2.80 -58.38 -407.30 -151.79 -46.92 -36.13 -6.56 -0.60 -49.71 -50.58 -41.02 -203.22 -644.91 -327.26 -152.12 -136.99 -46.93 -12.38 -167.39 -166.26 -148.82 -404.40
0.00 0.00 0.00 0.00 0.00 0.00 0.00 0.00 0.00 0.00 -37.24 -1.71 -0.01 -0.00 -0.00 0.00 -0.00 -0.00 -0.00 -3.21 -191.70 -39.38 -4.94 -2.43 -0.07 -0.00 -4.24 -4.48 -2.80 -58.38 -407.30 -151.79 -46.92 -36.13 -6.56 -0.60 -49.71 -50.58 -41.02 -203.22 -644.91 -327.26 -152.12 -136.99 -46.93 -12.38 -167.39 -166.26 -148.82 -404.40
0.00 0.00 0.00 0.00 0.00 0.00 0.00 0.00 0.00 0.00 -37.24 -1.71 -0.01 -0.00 -0.00 0.00 -0.00 -0.00 -0.00 -3.21 -191.70 -39.38 -4.94 -2.43 -0.07 -0.00 -4.24 -4.48 -2.80 -58.38 -407.30 -151.79 -46.92 -36.13 -6.56 -0.60 -49.71 -50.58 -41.02 -203.22 -644.91 -327.26 -152.12 -136.99 -46.93 -12.38 -167.39 -166.26 -148.82 -404.40
0.00 0.00 0.00 0.00 0.00 0.00 0.00 0.00 0.00 0.00 -37.24 -1.71 -0.01 -0.00 -0.00 0.00 -0.00 -0.00 -0.00 -3.21 -191.70 -39.38 -4.94 -2.43 -0.07 -0.00 -4.24 -4.48 -2.80 -58.38 -407.30 -151.79 -46.92 -36.13 -6.56 -0.60 -49.71 -50.58 -41.02 -203.22 -644.91 -327.26 -152.12 -136.99 -46.93 -12.38 -167.39 -166.26 -148.82 -404.40
0.00 0.00 0.00 0.00 0.00 0.00 0.00 0.00 0.00 0.00 -37.24 -1.71 -0.01 -0.00 -0.00 0.00 -0.00 -0.00 -0.00 -3.21 -191.70 -39.38 -4.94 -2.43 -0.07 -0.00 -4.24 -4.48 -2.80 -58.38 -407.30 -151.79 -46.92 -36.13 -6.56 -0.60 -49.71 -50.58 -41.02 -203.22 -644.91 -327.26 -152.12 -136.99 -46.93 -12.38 -167.39 -166.26 -148.82 -404.40
0.00 0.00 0.00 0.00 0.00 0.00 0.00 0.00 0.00 0.00 -37.24 -1.71 -0.01 -0.00 -0.00 0.00 -0.00 -0.00 -0.00 -3.21 -191.70 -39.38 -4.94 -2.43 -0.07 -0.00 -4.24 -4.48 -2.80 -58.38 -407.30 -151.79 -46.92 -36.13 -6.56 -0.60 -49.71 -50.58 -41.02 -203.22 -644.91 -327.26 -152.12 -136.99 -46.93 -12.38 -167.39 -166.26 -148.82 -404.40
0.00 0.00 0.00 0.00 0.00 0.00 0.00 0.00 0.00 0.00 -37.24 -1.71 -0.01 -0.00 -0.00 0.00 -0.00 -0.00 -0.00 -3.21 -191.70 -39.38 -4.94 -2.43 -0.07 -0.00 -4.24 -4.48 -2.80 -58.38 -407.30 -151.79 -46.92 -36.13 -6.56 -0.60 -49.71 -50.58 -41.02 -203.22 -644.91 -327.26 -152.12 -136.99 -46.93 -12.38 -167.39 -166.26 -148.82 -404.40
0.00 0.00 0.00 0.00 0.00 0.00 0.00 0.00 0.00 0.00 -37.24 -1.71 -0.01 -0.00 -0.00 0.00 -0.00 -0.00 -0.00 -3.21 -191.70 -39.38 -4.94 -2.43 -0.07 -0.00 -4.24 -4.48 -2.80 -58.38 -407.30 -151.79 -46.92 -36.13 -6.56 -0.60 -49.71 -50.58 -41.02 -203.22 -644.91 -327.26 -152.12 -136.99 -46.93 -12.38 -167.39 -166.26 -148.82 -404.40
0.00 0.00 0.00 0.00 0.00 0.00 0.00 0.00 0.00 0.00 -37.24 -1.71 -0.01 -0.00 -0.00 0.00 -0.00 -0.00 -0.00 -3.21 -191.70 -39.38 -4.94 -2.43 -0.07 -0.00 -4.24 -4.48 -2.80 -58.38 -407.30 -151.79 -46.92 -36.13 -6.56 -0.60 -49.71 -50.58 -41.02 -203.22 -644.91 -327.26 -152.12 -136.99 -46.93 -12.38 -167.39 -166.26 -148.82 -404.40
0.00 0.00 0.00 0.00 0.00 0.00 0.00 0.00 0.00 0.00 -37.24 -1.71 -0.01 -0.00 -0.00 0.00 -0.00 -0.00 -0.00 -3.21 -191.70 -39.38 -4.94 -2.43 -0.07 -0.00 -4.24 -4.48 -2.80 -58.38 -407.30 -151.79 -46.92 -36.13 -6.56 -0.60 -49.71 -50.58 -41.02 -203.22 -644.91 -327.26 -152.12 -136.99 -46.93 -12.38 -167.39 -166.26 -148.82 -404.40
0.00 0.00 0.00 0.00 0.00 0.00 0.00 0.00 0.00 0.00 -37.24 -1.71 -0.01 -0.00 -0.00 0.00 -0.00 -0.00 -0.00 -3.21 -191.70 -39.38 -4.94 -2.43 -0.07 -0.00 -4.24 -4.48 -2.80 -58.38 -407.30 -151.79 -46.92 -36.13 -6.56 -0.60 -49.71 -50.58 -41.02 -203.22 -644.91 -327.26 -152.12 -136.99 -46.93 -12.38 -167.39 -166.26 -148.82 -404.40
0.00 0.00 0.00 0.00 0.00 0.00 0.00 0.00 0.00 0.00 -37.24 -1.71 -0.01 -0.00 -0.00 0.00 -0.00 -0.00 -0.00 -3.21 -191.70 -39.38 -4.94 -2.43 -0.07 -0.00 -4.24 -4.48 -2.80 -58.38 -407.30 -151.79 -46.92 -36.13 -6.56 -0.60 -49.71 -50.58 -41.02 -203.22 -644.91 -327.26 -152.12 -136.99 -46.93 -12.38 -167.39 -166.26 -148.82 -404.40
0.00 0.00 0.00 0.00 0.00 0.00 0.00 0.00 0.00 0.00 -37.24 -1.71 -0.01 -0.00 -0.00 0.00 -0.00 -0.00 -0.00 -3.21 -191.70 -39.38 -4.94 -2.43 -0.07 -0.00 -4.24 -4.48 -2.80 -58.38 -407.30 -151.79 -46.92 -36.13 -6.56 -0.60 -49.71 -50.58 -41.02 -203.22 -644.91 -327.26 -152.12 -136.99 -46.93 -12.38 -167.39 -166.26 -148.82 -404.40
0.00 0.00 0.00 0.00 0.00 0.00 0.00 0.00 0.00 0.00 -37.24 -1.71 -0.01 -0.00 -0.00 0.00 -0.00 -0.00 -0.00 -3.21 -191.70 -39.38 -4.94 -2.43 -0.07 -0.00 -4.24 -4.48 -2.80 -58.38 -407.30 -151.79 -46.92 -36.13 -6.56 -0.60 -49.71 -50.58 -41.02 -203.22 -644.91 -327.26 -152.12 -136.99 -46.93 -12.38 -167.39 -166.26 -148.82 -404.40
0.00 0.00 0.00 0.00 0.00 0.00 0.00 0.00 0.00 0.00 -37.24 -1.71 -0.01 -0.00 -0.00 0.00 -0.00 -0.00 -0.00 -3.21 -191.70 -39.38 -4.94 -2.43 -0.07 -0.00 -4.24 -4.48 -2.80 -58.38 -407.30 -151.79 -46.92 -36.13 -6.56 -0.60 -49.71 -50.58 -41.02 -203.22 -644.91 -327.26 -152.12 -136.99 -46.93 -12.38 -167.39 -166.26 -148.82 -404.40
0.00 0.00 0.00 0.00 0.00 0.00 0.00 0.00 0.00 0.00 -37.24 -1.71 -0.01 -0.00 -0.00 0.00 -0.00 -0.00 -0.00 -3.21 -191.70 -39.38 -4.94 -2.43 -0.07 -0.00 -4.24 -4.48 -2.80 -58.38 -407.30 -151.79 -46.92 -36.13 -6.56 -0.60 -49.71 -50.58 -41.02 -203.22 -644.91 -327.26 -152.12 -136.99 -46.93 -12.38 -167.39 -166.26 -148.82 -404.40
0.00 0.00 0.00 0.00 0.00 0.00 0.00 0.00 0.00 0.00 -37.24 -1.71 -0.01 -0.00 -0.00 0.00 -0.00 -0.00 -0.00 -3.21 -191.70 -39.38 -4.94 -2.43 -0.07 -0.00 -4.24 -4.48 -2.80 -58.38 -407.30 -151.79 -46.92 -36.13 -6.56 -0.60 -49.71 -50.58 -41.02 -203.22 -644.91 -327.26 -152.12 -136.99 -46.93 -12.38 -167.39 -166.26 -148.82 -404.40
0.00 0.00 0.00 0.00 0.00 0.00 0.00 0.00 0.00 0.00 -37.24 -1.71 -0.01 -0.00 -0.00 0.00 -0.00 -0.00 -0.00 -3.21 -191.70 -39.38 -4.94 -2.43 -0.07 -0.00 -4.24 -4.48 -2.80 -58.38 -407.30 -151.79 -46.92 -36.13 -6.56 -0.60 -49.71 -50.58 -41.02 -203.22 -644.91 -327.26 -152.12 -136.99 -46.93 -12.38 -167.39 -166.26 -148.82 -404.40
0.00 0.00 0.00 0.00 0.00 0.00 0.00 0.00 0.00 0.00 -37.24 -1.71 -0.01 -0.00 -0.00 0.00 -0.00 -0.00 -0.00 -3.21 -191.70 -39.38 -4.94 -2.43 -0.07 -0.00 -4.24 -4.48 -2.80 -58.38 -407.30 -151.79 -46.92 -36.13 -6.56 -0.60 -49.71 -50.58 -41.02 -203.22 -644.91 -327.26 -152.12 -136.99 -46.93 -12.38 -167.39 -166.26 -148.82 -404.40
0.00 0.00 0.00 0.00 0.00 0.00 0.00 0.00 0.00 0.00 -37.24 -1.71 -0.01 -0.00 -0.00 0.00 -0.00 -0.00 -0.00 -3.21 -191.70 -39.38 -4.94 -2.43 -0.07 -0.00 -4.24 -4.48 -2.80 -58.38 -407.30 -151.79 -46.92 -36.13 -6.56 -0.60 -49.71 -50.58 -41.02 -203.22 -644.91 -327.26 -152.12 -136.99 -46.93 -12.38 -167.39 -166.26 -148.82 -404.40
0.00 0.00 0.00 0.00 0.00 0.00 0.00 0.00 0.00 0.00 -37.24 -1.71 -0.01 -0.00 -0.00 0.00 -0.00 -0.00 -0.00 -3.21 -191.70 -39.38 -4.94 -2.43 -0.07 -0.00 -4.24 -4.48 -2.80 -58.38 -407.30 -151.79 -46.92 -36.13 -6.56 -0.60 -49.71 -50.58 -41.02 -203.22 -644.91 -327.26 -152.12 -136.99 -46.93 -12.38 -167.39 -166.26 -148.82 -404.40
0.00 0.00 0.00 0.00 0.00 0.00 0.00 0.00 0.00 0.00 -37.24 -1.71 -0.01 -0.00 -0.00 0.00 -0.00 -0.00 -0.00 -3.21 -191.70 -39.38 -4.94 -2.43 -0.07 -0.00 -4.24 -4.48 -2.80 -58.38 -407.30 -151.79 -46.92 -36.13 -6.56 -0.60 -49.71 -50.58 -41.02 -203.22 -644.91 -327.26 -152.12 -136.99 -46.93 -12.38 -167.39 -166.26 -148.82 -404.40
0.00 0.00 0.00 0.00 0.00 0.00 0.00 0.00 0.00 0.00 -37.24 -1.71 -0.01 -0.00 -0.00 0.00 -0.00 -0.00 -0.00 -3.21 -191.70 -39.38 -4.94 -2.43 -0.07 -0.00 -4.24 -4.48 -2.80 -58.38 -407.30 -151.79 -46.92 -36.13 -6.56 -0.60 -49.71 -50.58 -41.02 -203.22 -644.91 -327.26 -152.12 -136.99 -46.93 -12.38 -167.39 -166.26 -148.82 -404.40
0.00 0.00 0.00 0.00 0.00 0.00 0.00 0.00 0.00 0.00 -37.24 -1.71 -0.01 -0.00 -0.00 0.00 -0.00 -0.00 -0.00 -3.21 -191.70 -39.38 -4.94 -2.43 -0.07 -0.00 -4.24 -4.48 -2.80 -58.38 -407.30 -151.79 -46.92 -36.13 -6.56 -0.60 -49.71 -50.58 -41.02 -203.22 -644.91 -327.26 -152.12 -136.99 -46.93 -12.38 -167.39 -166.26 -148.82 -404.40
0.00 0.00 0.00 0.00 0.00 0.00 0.00 0.00 0.00 0.00 -37.24 -1.71 -0.01 -0.00 -0.00 0.00 -0.00 -0.00 -0.00 -3.21 -191.70 -39.38 -4.94 -2.43 -0.07 -0.00 -4.24 -4.48 -2.80 -58.38 -407.30 -151.79 -46.92 -36.13 -6.56 -0.60 -49.71 -50.58 -41.02 -203.22 -644.91 -327.26 -152.12 -136.99 -46.93 -12.38 -167.39 -166.26 -148.82 -404.40
0.00 0.00 0.00 0.00 0.00 0.00 0.00 0.00 0.00 0.00 -37.24 -1.71 -0.01 -0.00 -0.00 0.00 -0.00 -0.00 -0.00 -3.21 -191.70 -39.38 -4.94 -2.43 -0.07 -0.00 -4.24 -4.48 -2.80 -58.38 -407.30 -151.79 -46.92 -36.13 -6.56 -0.60 -49.71 -50.58 -41.02 -203.22 -644.91 -327.26 -152.12 -136.99 -46.93 -12.38 -167.39 -166.26 -148.82 -404.40
0.00 0.00 0.00 0.00 0.00 0.00 0.00 0.00 0.00 0.00 -37.24 -1.71 -0.01 -0.00 -0.00 0.00 -0.00 -0.00 -0.00 -3.21 -191.70 -39.38 -4.94 -2.43 -0.07 -0.00 -4.24 -4.48 -2.80 -58.38 -407.30 -151.79 -46.92 -36.13 -6.56 -0.60 -49.71 -50.58 -41.02 -203.22 -644.91 -327.26 -152.12 -136.99 -46.93 -12.38 -167.39 -166.26 -148.82 -404.40
0.00 0.00 0.00 0.00 0.00 0.00 0.00 0.00 0.00 0.00 -37.24 -1.71 -0.01 -0.00 -0.00 0.00 -0.00 -0.00 -0.00 -3.21 -191.70 -39.38 -4.94 -2.43 -0.07 -0.00 -4.24 -4.48 -2.80 -58.38 -407.30 -151.79 -46.92 -36.13 -6.56 -0.60 -49.71 -50.58 -41.02 -203.22 -644.91 -327.26 -152.12 -136.99 -46.93 -12.38 -167.39 -166.26 -148.82 -404.40
0.00 0.00 0.00 0.00 0.00 0.00 0.00 0.00 0.00 0.00 -37.24 -1.71 -0.01 -0.00 -0.00 0.00 -0.00 -0.00 -0.00 -3.21 -191.70 -39.38 -4.94 -2.43 -0.07 -0.00 -4.24 -4.48 -2.80 -58.38 -407.30 -151.79 -46.92 -36.13 -6.56 -0.60 -49.71 -50.58 -41.02 -203.22 -644.91 -327.26 -152.12 -136.99 -46.93 -12.38 -167.39 -166.26 -148.82 -404.40
0.00 0.00 0.00 0.00 0.00 0.00 0.00 0.00 0.00 0.00 -37.24 -1.71 -0.01 -0.00 -0.00 0.00 -0.00 -0.00 -0.00 -3.21 -191.70 -39.38 -4.94 -2.43 -0.07 -0.00 -4.24 -4.48 -2.80 -58.38 -407.30 -151.79 -46.92 -36.13 -6.56 -0.60 -49.71 -50.58 -41.02 -203.22 -644.91 -327.26 -152.12 -136.99 -46.93 -12.38 -167.39 -166.26 -148.82 -404.40
0.00 0.00 0.00 0.00 0.00 0.00 0.00 0.00 0.00 0.00 -37.24 -1.71 -0.01 -0.00 -0.00 0.00 -0.00 -0.00 -0.00 -3.21 -191.70 -39.38 -4.94 -2.43 -0.07 -0.00 -4.24 -4.48 -2.80 -58.38 -407.30 -151.79 -46.92 -36.13 -6.56 -0.60 -49.71 -50.58 -41.02 -203.22 -644.91 -327.26 -152.12 -136.99 -46.93 -12.38 -167.39 -166.26 -148.82 -404.40
0.00 0.00 0.00 0.00 0.00 0.00 0.00 0.00 0.00 0.00 -37.24 -1.71 -0.01 -0.00 -0.00 0.00 -0.00 -0.00 -0.00 -3.21 -191.70 -39.38 -4.94 -2.43 -0.07 -0.00 -4.24 -4.48 -2.80 -58.38 -407.30 -151.79 -46.92 -36.13 -6.56 -0.60 -49.71 -50.58 -41.02 -203.22 -644.91 -327.26 -152.12 -136.99 -46.93 -12.38 -167.39 -166.26 -148.82 -404.40
0.00 0.00 0.00 0.00 0.00 0.00 0.00 0.00 0.00 0.00 -37.24 -1.71 -0.01 -0.00 -0.00 0.00 -0.00 -0.00 -0.00 -3.21 -191.70 -39.38 -4.94 -2.43 -0.07 -0.00 -4.24 -4.48 -2.80 -58.38 -407.30 -151.79 -46.92 -36.13 -6.56 -0.60 -49.71 -50.58 -41.02 -203.22 -644.91 -327.26 -152.12 -136.99 -46.93 -12.38 -167.39 -166.26 -148.82 -404.40
0.00 0.00 0.00 0.00 0.00 0.00 0.00 0.00 0.00 0.00 -37.24 -1.71 -0.01 -0.00 -0.00 0.00 -0.00 -0.00 -0.00 -3.21 -191.70 -39.38 -4.94 -2.43 -0.07 -0.00 -4.24 -4.48 -2.80 -58.38 -407.30 -151.79 -46.92 -36.13 -6.56 -0.60 -49.71 -50.58 -41.02 -203.22 -644.91 -327.26 -152.12 -136.99 -46.93 -12.38 -167.39 -166.26 -148.82 -404.40
0.00 0.00 0.00 0.00 0.00 0.00 0.00 0.00 0.00 0.00 -37.24 -1.71 -0.01 -0.00 -0.00 0.00 -0.00 -0.00 -0.00 -3.21 -191.70 -39.38 -4.94 -2.43 -0.07 -0.00 -4.24 -4.48 -2.80 -58.38 -407.30 -151.79 -46.92 -36.13 -6.56 -0.60 -49.71 -50.58 -41.02 -203.22 -644.91 -327.26 -152.12 -136.99 -46.93 -12.38 -167.39 -166.26 -148.82 -404.40
0.00 0.00 0.00 0.00 0.00 0.00 0.00 0.00 0.00 0.00 -37.24 -1.71 -0.01 -0.00 -0.00 0.00 -0.00 -0.00 -0.00 -3.21 -191.70 -39.38 -4.94 -2.43 -0.07 -0.00 -4.24 -4.48 -2.80 -58.38 -407.30 -151.79 -46.92 -36.13 -6.56 -0.60 -49.71 -50.58 -41.02 -203.22 -644.91 -327.26 -152.12 -136.99 -46.93 -12.38 -167.39 -166.26 -148.82 -404.40
0.00 0.00 0.00 0.00 0.00 0.00 0.00 0.00 0.00 0.00 -37.24 -1.71 -0.01 -0.00 -0.00 0.00 -0.00 -0.00 -0.00 -3.21 -191.70 -39.38 -4.94 -2.43 -0.07 -0.00 -4.24 -4.48 -2.80 -58.38 -407.30 -151.79 -46.92 -36.13 -6.56 -0.60 -49.71 -50.58 -41.02 -203.22 -644.91 -327.26 -152.12 -136.99 -46.93 -12.38 -167.39 -166.26 -148.82 -404.40
0.00 0.00 0.00 0.00 0.00 0.00 0.00 0.00 0.00 0.00 -37.24 -1.71 -0.01 -0.00 -0.00 0.00 -0.00 -0.00 -0.00 -3.21 -191.70 -39.38 -4.94 -2.43 -0.07 -0.00 -4.24 -4.48 -2.80 -58.38 -407.30 -151.79 -46.92 -36.13 -6.56 -0.60 -49.71 -50.58 -41.02 -203.22 -644.91 -327.26 -152.12 -136.99 -46.93 -12.38 -167.39 -166.26 -148.82 -404.40
0.00 0.00 0.00 0.00 0.00 0.00 0.00 0.00 0.00 0.00 -37.24 -1.71 -0.01 -0.00 -0.00 0.00 -0.00 -0.00 -0.00 -3.21 -191.70 -39.38 -4.94 -2.43 -0.07 -0.00 -4.24 -4.48 -2.80 -58.38 -407.30 -151.79 -46.92 -36.13 -6.56 -0.60 -49.71 -50.58 -41.02 -203.22 -644.91 -327.26 -152.12 -136.99 -46.93 -12.38 -167.39 -166.26 -148.82 -404.40
0.00 0.00 0.00 0.00 0.00 0.00 0.00 0.00 0.00 0.00 -37.24 -1.71 -0.01 -0.00 -0.00 0.00 -0.00 -0.00 -0.00 -3.21 -191.70 -39.38 -4.94 -2.43 -0.07 -0.00 -4.24 -4.48 -2.80 -58.38 -407.30 -151.79 -46.92 -36.13 -6.56 -0.60 -49.71 -50.58 -41.02 -203.22 -644.91 -327.26 -152.12 -136.99 -46.93 -12.38 -167.39 -166.26 -148.82 -404.40
0.00 0.00 0.00 0.00 0.00 0.00 0.00 0.00 0.00 0.00 -37.24 -1.71 -0.01 -0.00 -0.00 0.00 -0.00 -0.00 -0.00 -3.21 -191.70 -39.38 -4.94 -2.43 -0.07 -0.00 -4.24 -4.48 -2.80 -58.38 -407.30 -151.79 -46.92 -36.13 -6.56 -0.60 -49.71 -50.58 -41.02 -203.22 -644.91 -327.26 -152.12 -136.99 -46.93 -12.38 -167.39 -166.26 -148.82 -404.40
0.00 0.00 0.00 0.00 0.00 0.00 0.00 0.00 0.00 0.00 -37.24 -1.71 -0.01 -0.00 -0.00 0.00 -0.00 -0.00 -0.00 -3.21 -191.70 -39.38 -4.94 -2.43 -0.07 -0.00 -4.24 -4.48 -2.80 -58.38 -407.30 -151.79 -46.92 -36.13 -6.56 -0.60 -49.71 -50.58 -41.02 -203.22 -644.91 -327.26 -152.12 -136.99 -46.93 -12.38 -167.39 -166.26 -148.82 -404.40
0.00 0.00 0.00 0.00 0.00 0.00 0.00 0.00 0.00 0.00 -37.24 -1.71 -0.01 -0.00 -0.00 0.00 -0.00 -0.00 -0.00 -3.21 -191.70 -39.38 -4.94 -2.43 -0.07 -0.00 -4.24 -4.48 -2.80 -58.38 -407.30 -151.79 -46.92 -36.13 -6.56 -0.60 -49.71 -50.58 -41.02 -203.22 -644.91 -327.26 -152.12 -136.99 -46.93 -12.38 -167.39 -166.26 -148.82 -404.40
0.00 0.00 0.00 0.00 0.00 0.00 0.00 0.00 0.00 0.00 -37.24 -1.71 -0.01 -0.00 -0.00 0.00 -0.00 -0.00 -0.00 -3.21 -191.70 -39.38 -4.94 -2.43 -0.07 -0.00 -4.24 -4.48 -2.80 -58.38 -407.30 -151.79 -46.92 -36.13 -6.56 -0.60 -49.71 -50.58 -41.02 -203.22 -644.91 -327.26 -152.12 -136.99 -46.93 -12.38 -167.39 -166.26 -148.82 -404.40
0.00 0.00 0.00 0.00 0.00 0.00 0.00 0.00 0.00 0.00 -37.24 -1.71 -0.01 -0.00 -0.00 0.00 -0.00 -0.00 -0.00 -3.21 -191.70 -39.38 -4.94 -2.43 -0.07 -0.00 -4.24 -4.48 -2.80 -58.38 -407.30 -151.79 -46.92 -36.13 -6.56 -0.60 -49.71 -50.58 -41.02 -203.22 -644.91 -327.26 -152.12 -136.99 -46.93 -12.38 -167.39 -166.26 -148.82 -404.40
0.00 0.00 0.00 0.00 0.00 0.00 0.00 0.00 0.00 0.00 -37.24 -1.71 -0.01 -0.00 -0.00 0.00 -0.00 -0.00 -0.00 -3.21 -191.70 -39.38 -4.94 -2.43 -0.07 -0.00 -4.24 -4.48 -2.80 -58.38 -407.30 -151.79 -46.92 -36.13 -6.56 -0.60 -49.71 -50.58 -41.02 -203.22 -644.91 -327.26 -152.12 -136.99 -46.93 -12.38 -167.39 -166.26 -148.82 -404.40
0.00 0.00 0.00 0.00 0.00 0.00 0.00 0.00 0.00 0.00 -37.24 -1.71 -0.01 -0.00 -0.00 0.00 -0.00 -0.00 -0.00 -3.21 -191.70 -39.38 -4.94 -2.43 -0.07 -0.00 -4.24 -4.48 -2.80 -58.38 -407.30 -151.79 -46.92 -36.13 -6.56 -0.60 -49.71 -50.58 -41.02 -203.22 -644.91 -327.26 -152.12 -136.99 -46.93 -12.38 -167.39 -166.26 -148.82 -404.40
0.00 0.00 0.00 0.00 0.00 0.00 0.00 0.00 0.00 0.00 -37.24 -1.71 -0.01 -0.00 -0.00 0.00 -0.00 -0.00 -0.00 -3.21 -191.70 -39.38 -4.94 -2.43 -0.07 -0.00 -4.24 -4.48 -2.80 -58.38 -407.30 -151.79 -46.92 -36.13 -6.56 -0.60 -49.71 -50.58 -41.02 -203.22 -644.91 -327.26 -152.12 -136.99 -46.93 -12.38 -167.39 -166.26 -148.82 -404.40
0.00 0.00 0.00 0.00 0.00 0.00 0.00 0.00 0.00 0.00 -37.24 -1.71 -0.01 -0.00 -0.00 0.00 -0.00 -0.00 -0.00 -3.21 -191.70 -39.38 -4.94 -2.43 -0.07 -0.00 -4.24 -4.48 -2.80 -58.38 -407.30 -151.79 -46.92 -36.13 -6.56 -0.60 -49.71 -50.58 -41.02 -203.22 -644.91 -327.26 -152.12 -136.99 -46.93 -12.38 -167.39 -166.26 -148.82 -404.40
0.00 0.00 0.00 0.00 0.00 0.00 0.00 0.00 0.00 0.00 -37.24 -1.71 -0.01 -0.00 -0.00 0.00 -0.00 -0.00 -0.00 -3.21 -191.70 -39.38 -4.94 -2.43 -0.07 -0.00 -4.24 -4.48 -2.80 -58.38 -407.30 -151.79 -46.92 -36.13 -6.56 -0.60 -49.71 -50.58 -41.02 -203.22 -644.91 -327.26 -152.12 -136.99 -46.93 -12.38 -167.39 -166.26 -148.82 -404.40
0.00 0.00 0.00 0.00 0.00 0.00 0.00 0.00 0.00 0.00 -37.24 -1.71 -0.01 -0.00 -0.00 0.00 -0.00 -0.00 -0.00 -3.21 -191.70 -39.38 -4.94 -2.43 -0.07 -0.00 -4.24 -4.48 -2.80 -58.38 -407.30 -151.79 -46.92 -36.13 -6.56 -0.60 -49.71 -50.58 -41.02 -203.22 -644.91 -327.26 -152.12 -136.99 -46.93 -12.38 -167.39 -166.26 -148.82 -404.40
0.00 0.00 0.00 0.00 0.00 0.00 0.00 0.00 0.00 0.00 -37.24 -1.71 -0.01 -0.00 -0.00 0.00 -0.00 -0.00 -0.00 -3.21 -191.70 -39.38 -4.94 -2.43 -0.07 -0.00 -4.24 -4.48 -2.80 -58.38 -407.30 -151.79 -46.92 -36.13 -6.56 -0.60 -49.71 -50.58 -41.02 -203.22 -644.91 -327.26 -152.12 -136.99 -46.93 -12.38 -167.39 -166.26 -148.82 -404.40
0.00 0.00 0.00 0.00 0.00 0.00 0.00 0.00 0.00 0.00 -37.24 -1.71 -0.01 -0.00 -0.00 0.00 -0.00 -0.00 -0.00 -3.21 -191.70 -39.38 -4.94 -2.43 -0.07 -0.00 -4.24 -4.48 -2.80 -58.38 -407.30 -151.79 -46.92 -36.13 -6.56 -0.60 -49.71 -50.58 -41.02 -203.22 -644.91 -327.26 -152.12 -136.99 -46.93 -12.38 -167.39 -166.26 -148.82 -404.40
0.00 0.00 0.00 0.00 0.00 0.00 0.00 0.00 0.00 0.00 -37.24 -1.71 -0.01 -0.00 -0.00 0.00 -0.00 -0.00 -0.00 -3.21 -191.70 -39.38 -4.94 -2.43 -0.07 -0.00 -4.24 -4.48 -2.80 -58.38 -407.30 -151.79 -46.92 -36.13 -6.56 -0.60 -49.71 -50.58 -41.02 -203.22 -644.91 -327.26 -152.12 -136.99 -46.93 -12.38 -167.39 -166.26 -148.82 -404.40
0.00 0.00 0.00 0.00 0.00 0.00 0.00 0.00 0.00 0.00 -37.24 -1.71 -0.01 -0.00 -0.00 0.00 -0.00 -0.00 -0.00 -3.21 -191.70 -39.38 -4.94 -2.43 -0.07 -0.00 -4.24 -4.48 -2.80 -58.38 -407.30 -151.79 -46.92 -36.13 -6.56 -0.60 -49.71 -50.58 -41.02 -203.22 -644.91 -327.26 -152.12 -136.99 -46.93 -12.38 -167.39 -166.26 -148.82 -404.40
0.00 0.00 0.00 0.00 0.00 0.00 0.00 0.00 0.00 0.00 -37.24 -1.71 -0.01 -0.00 -0.00 0.00 -0.00 -0.00 -0.00 -3.21 -191.70 -39.38 -4.94 -2.43 -0.07 -0.00 -4.24 -4.48 -2.80 -58.38 -407.30 -151.79 -46.92 -36.13 -6.56 -0.60 -49.71 -50.58 -41.02 -203.22 -644.91 -327.26 -152.12 -136.99 -46.93 -12.38 -167.39 -166.26 -148.82 -404.40
0.00 0.00 0.00 0.00 0.00 0.00 0.00 0.00 0.00 0.00 -35.45 -1.49 -0.01 -0.00 -0.00 0.00 -0.00 -0.00 -0.00 -2.80 -185.74 -35.82 -3.94 -2.36 -0.03 -0.00 -3.60 -2.55 -2.52 -54.25 -398.37 -141.69 -40.17 -38.97 -4.02 -0.37 -46.09 -37.12 -34.56 -193.60 -634.39 -310.66 -134.11 -143.78 -33.86 -8.50 -164.67 -135.76 -125.32 -390.83
0.00 0.00 0.00 0.00 0.00 0.00 0.00 0.00 0.00 0.00 -35.45 -1.49 -0.01 -0.00 -0.00 0.00 -0.00 -0.00 -0.00 -2.80 -185.74 -35.82 -3.94 -2.36 -0.03 -0.00 -3.60 -2.55 -2.52 -54.25 -398.37 -141.69 -40.17 -38.97 -4.02 -0.37 -46.09 -37.12 -34.56 -193.60 -634.39 -310.66 -134.11 -143.78 -33.86 -8.50 -164.67 -135.76 -125.32 -390.83
0.00 0.00 0.00 0.00 0.00 0.00 0.00 0.00 0.00 0.00 -35.45 -1.49 -0.01 -0.00 -0.00 0.00 -0.00 -0.00 -0.00 -2.80 -185.74 -35.82 -3.94 -2.36 -0.03 -0.00 -3.60 -2.55 -2.52 -54.25 -398.37 -141.69 -40.17 -38.97 -4.02 -0.37 -46.09 -37.12 -34.56 -193.60 -634.39 -310.66 -134.11 -143.78 -33.86 -8.50 -164.67 -135.76 -125.32 -390.83
0.00 0.00 0.00 0.00 0.00 0.00 0.00 0.00 0.00 0.00 -35.45 -1.49 -0.01 -0.00 -0.00 0.00 -0.00 -0.00 -0.00 -2.80 -185.74 -35.82 -3.94 -2.36 -0.03 -0.00 -3.60 -2.55 -2.52 -54.25 -398.37 -141.69 -40.17 -38.97 -4.02 -0.37 -46.09 -37.12 -34.56 -193.60 -634.39 -310.66 -134.11 -143.78 -33.86 -8.50 -164.67 -135.76 -125.32 -390.83
0.00 0.00 0.00 0.00 0.00 0.00 0.00 0.00 0.00 0.00 -35.45 -1.49 -0.01 -0.00 -0.00 0.00 -0.00 -0.00 -0.00 -2.80 -185.74 -35.82 -3.94 -2.36 -0.03 -0.00 -3.60 -2.55 -2.52 -54.25 -398.37 -141.69 -40.17 -38.97 -4.02 -0.37 -46.09 -37.12 -34.56 -193.60 -634.39 -310.66 -134.11 -143.78 -33.86 -8.50 -164.67 -135.76 -125.32 -390.83
0.00 0.00 0.00 0.00 0.00 0.00 0.00 0.00 0.00 0.00 -35.45 -1.49 -0.01 -0.00 -0.00 0.00 -0.00 -0.00 -0.00 -2.80 -185.74 -35.82 -3.94 -2.36 -0.03 -0.00 -3.60 -2.55 -2.52 -54.25 -398.37 -141.69 -40.17 -38.97 -4.02 -0.37 -46.09 -37.12 -34.56 -193.60 -634.39 -310.66 -134.11 -143.78 -33.86 -8.50 -164.67 -135.76 -125.32 -390.83
0.00 0.00 0.00 0.00 0.00 0.00 0.00 0.00 0.00 0.00 -35.45 -1.49 -0.01 -0.00 -0.00 0.00 -0.00 -0.00 -0.00 -2.80 -185.74 -35.82 -3.94 -2.36 -0.03 -0.00 -3.60 -2.55 -2.52 -54.25 -398.37 -141.69 -40.17 -38.97 -4.02 -0.37 -46.09 -37.12 -34.56 -193.60 -634.39 -310.66 -134.11 -143.78 -33.86 -8.50 -164.67 -135.76 -125.32 -390.83
0.00 0.00 0.00 0.00 0.00 0.00 0.00 0.00 0.00 0.00 -35.45 -1.49 -0.01 -0.00 -0.00 0.00 -0.00 -0.00 -0.00 -2.80 -185.74 -35.82 -3.94 -2.36 -0.03 -0.00 -3.60 -2.55 -2.52 -54.25 -398.37 -141.69 -40.17 -38.97 -4.02 -0.37 -46.09 -37.12 -34.56 -193.60 -634.39 -310.66 -134.11 -143.78 -33.86 -8.50 -164.67 -135.76 -125.32 -390.83
0.00 0.00 0.00 0.00 0.00 0.00 0.00 0.00 0.00 0.00 -35.45 -1.49 -0.01 -0.00 -0.00 0.00 -0.00 -0.00 -0.00 -2.80 -185.74 -35.82 -3.94 -2.36 -0.03 -0.00 -3.60 -2.55 -2.52 -54.25 -398.37 -141.69 -40.17 -38.97 -4.02 -0.37 -46.09 -37.12 -34.56 -193.60 -634.39 -310.66 -134.11 -143.78 -33.86 -8.50 -164.67 -135.76 -125.32 -390.83
0.00 0.00 0.00 0.00 0.00 0.00 0.00 0.00 0.00 0.00 -35.45 -1.49 -0.01 -0.00 -0.00 0.00 -0.00 -0.00 -0.00 -2.80 -185.74 -35.82 -3.94 -2.36 -0.03 -0.00 -3.60 -2.55 -2.52 -54.25 -398.37 -141.69 -40.17 -38.97 -4.02 -0.37 -46.09 -37.12 -34.56 -193.60 -634.39 -310.66 -134.11 -143.78 -33.86 -8.50 -164.67 -135.76 -125.32 -390.83
0.00 0.00 0.00 0.00 0.00 0.00 0.00 0.00 0.00 0.00 -35.45 -1.49 -0.01 -0.00 -0.00 0.00 -0.00 -0.00 -0.00 -2.80 -185.74 -35.82 -3.94 -2.36 -0.03 -0.00 -3.60 -2.55 -2.52 -54.25 -398.37 -141.69 -40.17 -38.97 -4.02 -0.37 -46.09 -37.12 -34.56 -193.60 -634.39 -310.66 -134.11 -143.78 -33.86 -8.50 -164.67 -135.76 -125.32 -390.83
0.00 0.00 0.00 0.00 0.00 0.00 0.00 0.00 0.00 0.00 -35.45 -1.49 -0.01 -0.00 -0.00 0.00 -0.00 -0.00 -0.00 -2.80 -185.74 -35.82 -3.94 -2.36 -0.03 -0.00 -3.60 -2.55 -2.52 -54.25 -398.37 -141.69 -40.17 -38.97 -4.02 -0.37 -46.09 -37.12 -34.56 -193.60 -634.39 -310.66 -134.11 -143.78 -33.86 -8.50 -164.67 -135.76 -125.32 -390.83
0.00 0.00 0.00 0.00 0.00 0.00 0.00 0.00 0.00 0.00 -35.45 -1.49 -0.01 -0.00 -0.00 0.00 -0.00 -0.00 -0.00 -2.80 -185.74 -35.82 -3.94 -2.36 -0.03 -0.00 -3.60 -2.55 -2.52 -54.25 -398.37 -141.69 -40.17 -38.97 -4.02 -0.37 -46.09 -37.12 -34.56 -193.60 -634.39 -310.66 -134.11 -143.78 -33.86 -8.50 -164.67 -135.76 -125.32 -390.83
0.00 0.00 0.00 0.00 0.00 0.00 0.00 0.00 0.00 0.00 -35.45 -1.49 -0.01 -0.00 -0.00 0.00 -0.00 -0.00 -0.00 -2.80 -185.74 -35.82 -3.94 -2.36 -0.03 -0.00 -3.60 -2.55 -2.52 -54.25 -398.37 -141.69 -40.17 -38.97 -4.02 -0.37 -46.09 -37.12 -34.56 -193.60 -634.39 -310.66 -134.11 -143.78 -33.86 -8.50 -164.67 -135.76 -125.32 -390.83
0.00 0.00 0.00 0.00 0.00 0.00 0.00 0.00 0.00 0.00 -35.45 -1.49 -0.01 -0.00 -0.00 0.00 -0.00 -0.00 -0.00 -2.80 -185.74 -35.82 -3.94 -2.36 -0.03 -0.00 -3.60 -2.55 -2.52 -54.25 -398.37 -141.69 -40.17 -38.97 -4.02 -0.37 -46.09 -37.12 -34.56 -193.60 -634.39 -310.66 -134.11 -143.78 -33.86 -8.50 -164.67 -135.76 -125.32 -390.83
0.00 0.00 0.00 0.00 0.00 0.00 0.00 0.00 0.00 0.00 -35.45 -1.49 -0.01 -0.00 -0.00 0.00 -0.00 -0.00 -0.00 -2.80 -185.74 -35.82 -3.94 -2.36 -0.03 -0.00 -3.60 -2.55 -2.52 -54.25 -398.37 -141.69 -40.17 -38.97 -4.02 -0.37 -46.09 -37.12 -34.56 -193.60 -634.39 -310.66 -134.11 -143.78 -33.86 -8.50 -164.67 -135.76 -125.32 -390.83
0.00 0.00 0.00 0.00 0.00 0.00 0.00 0.00 0.00 0.00 -35.45 -1.49 -0.01 -0.00 -0.00 0.00 -0.00 -0.00 -0.00 -2.80 -185.74 -35.82 -3.94 -2.36 -0.03 -0.00 -3.60 -2.55 -2.52 -54.25 -398.37 -141.69 -40.17 -38.97 -4.02 -0.37 -46.09 -37.12 -34.56 -193.60 -634.39 -310.66 -134.11 -143.78 -33.86 -8.50 -164.67 -135.76 -125.32 -390.83
0.00 0.00 0.00 0.00 0.00 0.00 0.00 0.00 0.00 0.00 -35.45 -1.49 -0.01 -0.00 -0.00 0.00 -0.00 -0.00 -0.00 -2.80 -185.74 -35.82 -3.94 -2.36 -0.03 -0.00 -3.60 -2.55 -2.52 -54.25 -398.37 -141.69 -40.17 -38.97 -4.02 -0.37 -46.09 -37.12 -34.56 -193.60 -634.39 -310.66 -134.11 -143.78 -33.86 -8.50 -164.67 -135.76 -125.32 -390.83
0.00 0.00 0.00 0.00 0.00 0.00 0.00 0.00 0.00 0.00 -35.45 -1.49 -0.01 -0.00 -0.00 0.00 -0.00 -0.00 -0.00 -2.80 -185.74 -35.82 -3.94 -2.36 -0.03 -0.00 -3.60 -2.55 -2.52 -54.25 -398.37 -141.69 -40.17 -38.97 -4.02 -0.37 -46.09 -37.12 -34.56 -193.60 -634.39 -310.66 -134.11 -143.78 -33.86 -8.50 -164.67 -135.76 -125.32 -390.83
0.00 0.00 0.00 0.00 0.00 0.00 0.00 0.00 0.00 0.00 -35.45 -1.49 -0.01 -0.00 -0.00 0.00 -0.00 -0.00 -0.00 -2.80 -185.74 -35.82 -3.94 -2.36 -0.03 -0.00 -3.60 -2.55 -2.52 -54.25 -398.37 -141.69 -40.17 -38.97 -4.02 -0.37 -46.09 -37.12 -34.56 -193.60 -634.39 -310.66 -134.11 -143.78 -33.86 -8.50 -164.67 -135.76 -125.32 -390.83
0.00 0.00 0.00 0.00 0.00 0.00 0.00 0.00 0.00 0.00 -35.45 -1.49 -0.01 -0.00 -0.00 0.00 -0.00 -0.00 -0.00 -2.80 -185.74 -35.82 -3.94 -2.36 -0.03 -0.00 -3.60 -2.55 -2.52 -54.25 -398.37 -141.69 -40.17 -38.97 -4.02 -0.37 -46.09 -37.12 -34.56 -193.60 -634.39 -310.66 -134.11 -143.78 -33.86 -8.50 -164.67 -135.76 -125.32 -390.83
0.00 0.00 0.00 0.00 0.00 0.00 0.00 0.00 0.00 0.00 -35.45 -1.49 -0.01 -0.00 -0.00 0.00 -0.00 -0.00 -0.00 -2.80 -185.74 -35.82 -3.94 -2.36 -0.03 -0.00 -3.60 -2.55 -2.52 -54.25 -398.37 -141.69 -40.17 -38.97 -4.02 -0.37 -46.09 -37.12 -34.56 -193.60 -634.39 -310.66 -134.11 -143.78 -33.86 -8.50 -164.67 -135.76 -125.32 -390.83
0.00 0.00 0.00 0.00 0.00 0.00 0.00 0.00 0.00 0.00 -35.45 -1.49 -0.01 -0.00 -0.00 0.00 -0.00 -0.00 -0.00 -2.80 -185.74 -35.82 -3.94 -2.36 -0.03 -0.00 -3.60 -2.55 -2.52 -54.25 -398.37 -141.69 -40.17 -38.97 -4.02 -0.37 -46.09 -37.12 -34.56 -193.60 -634.39 -310.66 -134.11 -143.78 -33.86 -8.50 -164.67 -135.76 -125.32 -390.83
0.00 0.00 0.00 0.00 0.00 0.00 0.00 0.00 0.00 0.00 -35.45 -1.49 -0.01 -0.00 -0.00 0.00 -0.00 -0.00 -0.00 -2.80 -185.74 -35.82 -3.94 -2.36 -0.03 -0.00 -3.60 -2.55 -2.52 -54.25 -398.37 -141.69 -40.17 -38.97 -4.02 -0.37 -46.09 -37.12 -34.56 -193.60 -634.39 -310.66 -134.11 -143.78 -33.86 -8.50 -164.67 -135.76 -125.32 -390.83
0.00 0.00 0.00 0.00 0.00 0.00 0.00 0.00 0.00 0.00 -35.45 -1.49 -0.01 -0.00 -0.00 0.00 -0.00 -0.00 -0.00 -2.80 -185.74 -35.82 -3.94 -2.36 -0.03 -0.00 -3.60 -2.55 -2.52 -54.25 -398.37 -141.69 -40.17 -38.97 -4.02 -0.37 -46.09 -37.12 -34.56 -193.60 -634.39 -310.66 -134.11 -143.78 -33.86 -8.50 -164.67 -135.76 -125.32 -390.83
0.00 0.00 0.00 0.00 0.00 0.00 0.00 0.00 0.00 0.00 -35.45 -1.49 -0.01 -0.00 -0.00 0.00 -0.00 -0.00 -0.00 -2.80 -185.74 -35.82 -3.94 -2.36 -0.03 -0.00 -3.60 -2.55 -2.52 -54.25 -398.37 -141.69 -40.17 -38.97 -4.02 -0.37 -46.09 -37.12 -34.56 -193.60 -634.39 -310.66 -134.11 -143.78 -33.86 -8.50 -164.67 -135.76 -125.32 -390.83
0.00 0.00 0.00 0.00 0.00 0.00 0.00 0.00 0.00 0.00 -35.45 -1.49 -0.01 -0.00 -0.00 0.00 -0.00 -0.00 -0.00 -2.80 -185.74 -35.82 -3.94 -2.36 -0.03 -0.00 -3.60 -2.55 -2.52 -54.25 -398.37 -141.69 -40.17 -38.97 -4.02 -0.37 -46.09 -37.12 -34.56 -193.60 -634.39 -310.66 -134.11 -143.78 -33.86 -8.50 -164.67 -135.76 -125.32 -390.83
0.00 0.00 0.00 0.00 0.00 0.00 0.00 0.00 0.00 0.00 -35.45 -1.49 -0.01 -0.00 -0.00 0.00 -0.00 -0.00 -0.00 -2.80 -185.74 -35.82 -3.94 -2.36 -0.03 -0.00 -3.60 -2.55 -2.52 -54.25 -398.37 -141.69 -40.17 -38.97 -4.02 -0.37 -46.09 -37.12 -34.56 -193.60 -634.39 -310.66 -134.11 -143.78 -33.86 -8.50 -164.67 -135.76 -125.32 -390.83
0.00 0.00 0.00 0.00 0.00 0.00 0.00 0.00 0.00 0.00 -35.45 -1.49 -0.01 -0.00 -0.00 0.00 -0.00 -0.00 -0.00 -2.80 -185.74 -35.82 -3.94 -2.36 -0.03 -0.00 -3.60 -2.55 -2.52 -54.25 -398.37 -141.69 -40.17 -38.97 -4.02 -0.37 -46.09 -37.12 -34.56 -193.60 -634.39 -310.66 -134.11 -143.78 -33.86 -8.50 -164.67 -135.76 -125.32 -390.83
0.00 0.00 0.00 0.00 0.00 0.00 0.00 0.00 0.00 0.00 -35.45 -1.49 -0.01 -0.00 -0.00 0.00 -0.00 -0.00 -0.00 -2.80 -185.74 -35.82 -3.94 -2.36 -0.03 -0.00 -3.60 -2.55 -2.52 -54.25 -398.37 -141.69 -40.17 -38.97 -4.02 -0.37 -46.09 -37.12 -34.56 -193.60 -634.39 -310.66 -134.11 -143.78 -33.86 -8.50 -164.67 -135.76 -125.32 -390.83
0.00 0.00 0.00 0.00 0.00 0.00 0.00 0.00 0.00 0.00 -35.45 -1.49 -0.01 -0.00 -0.00 0.00 -0.00 -0.00 -0.00 -2.80 -185.74 -35.82 -3.94 -2.36 -0.03 -0.00 -3.60 -2.55 -2.52 -54.25 -398.37 -141.69 -40.17 -38.97 -4.02 -0.37 -46.09 -37.12 -34.56 -193.60 -634.39 -310.66 -134.11 -143.78 -33.86 -8.50 -164.67 -135.76 -125.32 -390.83
0.00 0.00 0.00 0.00 0.00 0.00 0.00 0.00 0.00 0.00 -35.45 -1.49 -0.01 -0.00 -0.00 0.00 -0.00 -0.00 -0.00 -2.80 -185.74 -35.82 -3.94 -2.36 -0.03 -0.00 -3.60 -2.55 -2.52 -54.25 -398.37 -141.69 -40.17 -38.97 -4.02 -0.37 -46.09 -37.12 -34.56 -193.60 -634.39 -310.66 -134.11 -143.78 -33.86 -8.50 -164.67 -135.76 -125.32 -390.83
0.00 0.00 0.00 0.00 0.00 0.00 0.00 0.00 0.00 0.00 -35.45 -1.49 -0.01 -0.00 -0.00 0.00 -0.00 -0.00 -0.00 -2.80 -185.74 -35.82 -3.94 -2.36 -0.03 -0.00 -3.60 -2.55 -2.52 -54.25 -398.37 -141.69 -40.17 -38.97 -4.02 -0.37 -46.09 -37.12 -34.56 -193.60 -634.39 -310.66 -134.11 -143.78 -33.86 -8.50 -164.67 -135.76 -125.32 -390.83
0.00 0.00 0.00 0.00 0.00 0.00 0.00 0.00 0.00 0.00 -35.45 -1.49 -0.01 -0.00 -0.00 0.00 -0.00 -0.00 -0.00 -2.80 -185.74 -35.82 -3.94 -2.36 -0.03 -0.00 -3.60 -2.55 -2.52 -54.25 -398.37 -141.69 -40.17 -38.97 -4.02 -0.37 -46.09 -37.12 -34.56 -193.60 -634.39 -310.66 -134.11 -143.78 -33.86 -8.50 -164.67 -135.76 -125.32 -390.83
0.00 0.00 0.00 0.00 0.00 0.00 0.00 0.00 0.00 0.00 -35.45 -1.49 -0.01 -0.00 -0.00 0.00 -0.00 -0.00 -0.00 -2.80 -185.74 -35.82 -3.94 -2.36 -0.03 -0.00 -3.60 -2.55 -2.52 -54.25 -398.37 -141.69 -40.17 -38.97 -4.02 -0.37 -46.09 -37.12 -34.56 -193.60 -634.39 -310.66 -134.11 -143.78 -33.86 -8.50 -164.67 -135.76 -125.32 -390.83
0.00 0.00 0.00 0.00 0.00 0.00 0.00 0.00 0.00 0.00 -35.45 -1.49 -0.01 -0.00 -0.00 0.00 -0.00 -0.00 -0.00 -2.80 -185.74 -35.82 -3.94 -2.36 -0.03 -0.00 -3.60 -2.55 -2.52 -54.25 -398.37 -141.69 -40.17 -38.97 -4.02 -0.37 -46.09 -37.12 -34.56 -193.60 -634.39 -310.66 -134.11 -143.78 -33.86 -8.50 -164.67 -135.76 -125.32 -390.83
0.00 0.00 0.00 0.00 0.00 0.00 0.00 0.00 0.00 0.00 -35.45 -1.49 -0.01 -0.00 -0.00 0.00 -0.00 -0.00 -0.00 -2.80 -185.74 -35.82 -3.94 -2.36 -0.03 -0.00 -3.60 -2.55 -2.52 -54.25 -398.37 -141.69 -40.17 -38.97 -4.02 -0.37 -46.09 -37.12 -34.56 -193.60 -634.39 -310.66 -134.11 -143.78 -33.86 -8.50 -164.67 -135.76 -125.32 -390.83
0.00 0.00 0.00 0.00 0.00 0.00 0.00 0.00 0.00 0.00 -35.45 -1.49 -0.01 -0.00 -0.00 0.00 -0.00 -0.00 -0.00 -2.80 -185.74 -35.82 -3.94 -2.36 -0.03 -0.00 -3.60 -2.55 -2.52 -54.25 -398.37 -141.69 -40.17 -38.97 -4.02 -0.37 -46.09 -37.12 -34.56 -193.60 -634.39 -310.66 -134.11 -143.78 -33.86 -8.50 -164.67 -135.76 -125.32 -390.83
0.00 0.00 0.00 0.00 0.00 0.00 0.00 0.00 0.00 0.00 -35.45 -1.49 -0.01 -0.00 -0.00 0.00 -0.00 -0.00 -0.00 -2.80 -185.74 -35.82 -3.94 -2.36 -0.03 -0.00 -3.60 -2.55 -2.52 -54.25 -398.37 -141.69 -40.17 -38.97 -4.02 -0.37 -46.09 -37.12 -34.56 -193.60 -634.39 -310.66 -134.11 -143.78 -33.86 -8.50 -164.67 -135.76 -125.32 -390.83
0.00 0.00 0.00 0.00 0.00 0.00 0.00 0.00 0.00 0.00 -35.45 -1.49 -0.01 -0.00 -0.00 0.00 -0.00 -0.00 -0.00 -2.80 -185.74 -35.82 -3.94 -2.36 -0.03 -0.00 -3.60 -2.55 -2.52 -54.25 -398.37 -141.69 -40.17 -38.97 -4.02 -0.37 -46.09 -37.12 -34.56 -193.60 -634.39 -310.66 -134.11 -143.78 -33.86 -8.50 -164.67 -135.76 -125.32 -390.83
0.00 0.00 0.00 0.00 0.00 0.00 0.00 0.00 0.00 0.00 -35.45 -1.49 -0.01 -0.00 -0.00 0.00 -0.00 -0.00 -0.00 -2.80 -185.74 -35.82 -3.94 -2.36 -0.03 -0.00 -3.60 -2.55 -2.52 -54.25 -398.37 -141.69 -40.17 -38.97 -4.02 -0.37 -46.09 -37.12 -34.56 -193.60 -634.39 -310.66 -134.11 -143.78 -33.86 -8.50 -164.67 -135.76 -125.32 -390.83
0.00 0.00 0.00 0.00 0.00 0.00 0.00 0.00 0.00 0.00 -35.45 -1.49 -0.01 -0.00 -0.00 0.00 -0.00 -0.00 -0.00 -2.80 -185.74 -35.82 -3.94 -2.36 -0.03 -0.00 -3.60 -2.55 -2.52 -54.25 -398.37 -141.69 -40.17 -38.97 -4.02 -0.37 -46.09 -37.12 -34.56 -193.60 -634.39 -310.66 -134.11 -143.78 -33.86 -8.50 -164.67 -135.76 -125.32 -390.83
0.00 0.00 0.00 0.00 0.00 0.00 0.00 0.00 0.00 0.00 -35.45 -1.49 -0.01 -0.00 -0.00 0.00 -0.00 -0.00 -0.00 -2.80 -185.74 -35.82 -3.94 -2.36 -0.03 -0.00 -3.60 -2.55 -2.52 -54.25 -398.37 -141.69 -40.17 -38.97 -4.02 -0.37 -46.09 -37.12 -34.56 -193.60 -634.39 -310.66 -134.11 -143.78 -33.86 -8.50 -164.67 -135.76 -125.32 -390.83
0.00 0.00 0.00 0.00 0.00 0.00 0.00 0.00 0.00 0.00 -35.45 -1.49 -0.01 -0.00 -0.00 0.00 -0.00 -0.00 -0.00 -2.80 -185.74 -35.82 -3.94 -2.36 -0.03 -0.00 -3.60 -2.55 -2.52 -54.25 -398.37 -141.69 -40.17 -38.97 -4.02 -0.37 -46.09 -37.12 -34.56 -193.60 -634.39 -310.66 -134.11 -143.78 -33.86 -8.50 -164.67 -135.76 -125.32 -390.83
0.00 0.00 0.00 0.00 0.00 0.00 0.00 0.00 0.00 0.00 -35.45 -1.49 -0.01 -0.00 -0.00 0.00 -0.00 -0.00 -0.00 -2.80 -185.74 -35.82 -3.94 -2.36 -0.03 -0.00 -3.60 -2.55 -2.52 -54.25 -398.37 -141.69 -40.17 -38.97 -4.02 -0.37 -46.09 -37.12 -34.56 -193.60 -634.39 -310.66 -134.11 -143.78 -33.86 -8.50 -164.67 -135.76 -125.32 -390.83
0.00 0.00 0.00 0.00 0.00 0.00 0.00 0.00 0.00 0.00 -35.45 -1.49 -0.01 -0.00 -0.00 0.00 -0.00 -0.00 -0.00 -2.80 -185.74 -35.82 -3.94 -2.36 -0.03 -0.00 -3.60 -2.55 -2.52 -54.25 -398.37 -141.69 -40.17 -38.97 -4.02 -0.37 -46.09 -37.12 -34.56 -193.60 -634.39 -310.66 -134.11 -143.78 -33.86 -8.50 -164.67 -135.76 -125.32 -390.83
0.00 0.00 0.00 0.00 0.00 0.00 0.00 0.00 0.00 0.00 -35.45 -1.49 -0.01 -0.00 -0.00 0.00 -0.00 -0.00 -0.00 -2.80 -185.74 -35.82 -3.94 -2.36 -0.03 -0.00 -3.60 -2.55 -2.52 -54.25 -398.37 -141.69 -40.17 -38.97 -4.02 -0.37 -46.09 -37.12 -34.56 -193.60 -634.39 -310.66 -134.11 -143.78 -33.86 -8.50 -164.67 -135.76 -125.32 -390.83
0.00 0.00 0.00 0.00 0.00 0.00 0.00 0.00 0.00 0.00 -35.45 -1.49 -0.01 -0.00 -0.00 0.00 -0.00 -0.00 -0.00 -2.80 -185.74 -35.82 -3.94 -2.36 -0.03 -0.00 -3.60 -2.55 -2.52 -54.25 -398.37 -141.69 -40.17 -38.97 -4.02 -0.37 -46.09 -37.12 -34.56 -193.60 -634.39 -310.66 -134.11 -143.78 -33.86 -8.50 -164.67 -135.76 -125.32 -390.83
0.00 0.00 0.00 0.00 0.00 0.00 0.00 0.00 0.00 0.00 -35.45 -1.49 -0.01 -0.00 -0.00 0.00 -0.00 -0.00 -0.00 -2.80 -185.74 -35.82 -3.94 -2.36 -0.03 -0.00 -3.60 -2.55 -2.52 -54.25 -398.37 -141.69 -40.17 -38.97 -4.02 -0.37 -46.09 -37.12 -34.56 -193.60 -634.39 -310.66 -134.11 -143.78 -33.86 -8.50 -164.67 -135.76 -125.32 -390.83
0.00 0.00 0.00 0.00 0.00 0.00 0.00 0.00 0.00 0.00 -35.45 -1.49 -0.01 -0.00 -0.00 0.00 -0.00 -0.00 -0.00 -2.80 -185.74 -35.82 -3.94 -2.36 -0.03 -0.00 -3.60 -2.55 -2.52 -54.25 -398.37 -141.69 -40.17 -38.97 -4.02 -0.37 -46.09 -37.12 -34.56 -193.60 -634.39 -310.66 -134.11 -143.78 -33.86 -8.50 -164.67 -135.76 -125.32 -390.83
0.00 0.00 0.00 0.00 0.00 0.00 0.00 0.00 0.00 0.00 -35.45 -1.49 -0.01 -0.00 -0.00 0.00 -0.00 -0.00 -0.00 -2.80 -185.74 -35.82 -3.94 -2.36 -0.03 -0.00 -3.60 -2.55 -2.52 -54.25 -398.37 -141.69 -40.17 -38.97 -4.02 -0.37 -46.09 -37.12 -34.56 -193.60 -634.39 -310.66 -134.11 -143.78 -33.86 -8.50 -164.67 -135.76 -125.32 -390.83
0.00 0.00 0.00 0.00 0.00 0.00 0.00 0.00 0.00 0.00 -35.45 -1.49 -0.01 -0.00 -0.00 0.00 -0.00 -0.00 -0.00 -2.80 -185.74 -35.82 -3.94 -2.36 -0.03 -0.00 -3.60 -2.55 -2.52 -54.25 -398.37 -141.69 -40.17 -38.97 -4.02 -0.37 -46.09 -37.12 -34.56 -193.60 -634.39 -310.66 -134.11 -143.78 -33.86 -8.50 -164.67 -135.76 -125.32 -390.83
0.00 0.00 0.00 0.00 0.00 0.00 0.00 0.00 0.00 0.00 -35.45 -1.49 -0.01 -0.00 -0.00 0.00 -0.00 -0.00 -0.00 -2.80 -185.74 -35.82 -3.94 -2.36 -0.03 -0.00 -3.60 -2.55 -2.52 -54.25 -398.37 -141.69 -40.17 -38.97 -4.02 -0.37 -46.09 -37.12 -34.56 -193.60 -634.39 -310.66 -134.11 -143.78 -33.86 -8.50 -164.67 -135.76 -125.32 -390.83
0.00 0.00 0.00 0.00 0.00 0.00 0.00 0.00 0.00 0.00 -35.45 -1.49 -0.01 -0.00 -0.00 0.00 -0.00 -0.00 -0.00 -2.80 -185.74 -35.82 -3.94 -2.36 -0.03 -0.00 -3.60 -2.55 -2.52 -54.25 -398.37 -141.69 -40.17 -38.97 -4.02 -0.37 -46.09 -37.12 -34.56 -193.60 -634.39 -310.66 -134.11 -143.78 -33.86 -8.50 -164.67 -135.76 -125.32 -390.83
0.00 0.00 0.00 0.00 0.00 0.00 0.00 0.00 0.00 0.00 -35.45 -1.49 -0.01 -0.00 -0.00 0.00 -0.00 -0.00 -0.00 -2.80 -185.74 -35.82 -3.94 -2.36 -0.03 -0.00 -3.60 -2.55 -2.52 -54.25 -398.37 -141.69 -40.17 -38.97 -4.02 -0.37 -46.09 -37.12 -34.56 -193.60 -634.39 -310.66 -134.11 -143.78 -33.86 -8.50 -164.67 -135.76 -125.32 -390.83
0.00 0.00 0.00 0.00 0.00 0.00 0.00 0.00 0.00 0.00 -35.45 -1.49 -0.01 -0.00 -0.00 0.00 -0.00 -0.00 -0.00 -2.80 -185.74 -35.82 -3.94 -2.36 -0.03 -0.00 -3.60 -2.55 -2.52 -54.25 -398.37 -141.69 -40.17 -38.97 -4.02 -0.37 -46.09 -37.12 -34.56 -193.60 -634.39 -310.66 -134.11 -143.78 -33.86 -8.50 -164.67 -135.76 -125.32 -390.83
0.00 0.00 0.00 0.00 0.00 0.00 0.00 0.00 0.00 0.00 -35.45 -1.49 -0.01 -0.00 -0.00 0.00 -0.00 -0.00 -0.00 -2.80 -185.74 -35.82 -3.94 -2.36 -0.03 -0.00 -3.60 -2.55 -2.52 -54.25 -398.37 -141.69 -40.17 -38.97 -4.02 -0.37 -46.09 -37.12 -34.56 -193.60 -634.39 -310.66 -134.11 -143.78 -33.86 -8.50 -164.67 -135.76 -125.32 -390.83
0.00 0.00 0.00 0.00 0.00 0.00 0.00 0.00 0.00 0.00 -35.45 -1.49 -0.01 -0.00 -0.00 0.00 -0.00 -0.00 -0.00 -2.80 -185.74 -35.82 -3.94 -2.36 -0.03 -0.00 -3.60 -2.55 -2.52 -54.25 -398.37 -141.69 -40.17 -38.97 -4.02 -0.37 -46.09 -37.12 -34.56 -193.60 -634.39 -310.66 -134.11 -143.78 -33.86 -8.50 -164.67 -135.76 -125.32 -390.83
0.00 0.00 0.00 0.00 0.00 0.00 0.00 0.00 0.00 0.00 -35.45 -1.49 -0.01 -0.00 -0.00 0.00 -0.00 -0.00 -0.00 -2.80 -185.74 -35.82 -3.94 -2.36 -0.03 -0.00 -3.60 -2.55 -2.52 -54.25 -398.37 -141.69 -40.17 -38.97 -4.02 -0.37 -46.09 -37.12 -34.56 -193.60 -634.39 -310.66 -134.11 -143.78 -33.86 -8.50 -164.67 -135.76 -125.32 -390.83
0.00 0.00 0.00 0.00 0.00 0.00 0.00 0.00 0.00 0.00 -35.45 -1.49 -0.01 -0.00 -0.00 0.00 -0.00 -0.00 -0.00 -2.80 -185.74 -35.82 -3.94 -2.36 -0.03 -0.00 -3.60 -2.55 -2.52 -54.25 -398.37 -141.69 -40.17 -38.97 -4.02 -0.37 -46.09 -37.12 -34.56 -193.60 -634.39 -310.66 -134.11 -143.78 -33.86 -8.50 -164.67 -135.76 -125.32 -390.83
0.00 0.00 0.00 0.00 0.00 0.00 0.00 0.00 0.00 0.00 -35.45 -1.49 -0.01 -0.00 -0.00 0.00 -0.00 -0.00 -0.00 -2.80 -185.74 -35.82 -3.94 -2.36 -0.03 -0.00 -3.60 -2.55 -2.52 -54.25 -398.37 -141.69 -40.17 -38.97 -4.02 -0.37 -46.09 -37.12 -34.56 -193.60 -634.39 -310.66 -134.11 -143.78 -33.86 -8.50 -164.67 -135.76 -125.32 -390.83
0.00 0.00 0.00 0.00 0.00 0.00 0.00 0.00 0.00 0.00 -35.45 -1.49 -0.01 -0.00 -0.00 0.00 -0.00 -0.00 -0.00 -2.80 -185.74 -35.82 -3.94 -2.36 -0.03 -0.00 -3.60 -2.55 -2.52 -54.25 -398.37 -141.69 -40.17 -38.97 -4.02 -0.37 -46.09 -37.12 -34.56 -193.60 -634.39 -310.66 -134.11 -143.78 -33.86 -8.50 -164.67 -135.76 -125.32 -390.83
0.00 0.00 0.00 0.00 0.00 0.00 0.00 0.00 0.00 0.00 -35.45 -1.49 -0.01 -0.00 -0.00 0.00 -0.00 -0.00 -0.00 -2.80 -185.74 -35.82 -3.94 -2.36 -0.03 -0.00 -3.60 -2.55 -2.52 -54.25 -398.37 -141.69 -40.17 -38.97 -4.02 -0.37 -46.09 -37.12 -34.56 -193.60 -634.39 -310.66 -134.11 -143.78 -33.86 -8.50 -164.67 -135.76 -125.32 -390.83
0.00 0.00 0.00 0.00 0.00 0.00 0.00 0.00 0.00 0.00 -35.45 -1.49 -0.01 -0.00 -0.00 0.00 -0.00 -0.00 -0.00 -2.80 -185.74 -35.82 -3.94 -2.36 -0.03 -0.00 -3.60 -2.55 -2.52 -54.25 -398.37 -141.69 -40.17 -38.97 -4.02 -0.37 -46.09 -37.12 -34.56 -193.60 -634.39 -310.66 -134.11 -143.78 -33.86 -8.50 -164.67 -135.76 -125.32 -390.83
0.00 0.00 0.00 0.00 0.00 0.00 0.00 0.00 0.00 0.00 -35.45 -1.49 -0.01 -0.00 -0.00 0.00 -0.00 -0.00 -0.00 -2.80 -185.74 -35.82 -3.94 -2.36 -0.03 -0.00 -3.60 -2.55 -2.52 -54.25 -398.37 -141.69 -40.17 -38.97 -4.02 -0.37 -46.09 -37.12 -34.56 -193.60 -634.39 -310.66 -134.11 -143.78 -33.86 -8.50 -164.67 -135.76 -125.32 -390.83
0.00 0.00 0.00 0.00 0.00 0.00 0.00 0.00 0.00 0.00 -35.45 -1.49 -0.01 -0.00 -0.00 0.00 -0.00 -0.00 -0.00 -2.80 -185.74 -35.82 -3.94 -2.36 -0.03 -0.00 -3.60 -2.55 -2.52 -54.25 -398.37 -141.69 -40.17 -38.97 -4.02 -0.37 -46.09 -37.12 -34.56 -193.60 -634.39 -310.66 -134.11 -143.78 -33.86 -8.50 -164.67 -135.76 -125.32 -390.83
0.00 0.00 0.00 0.00 0.00 0.00 0.00 0.00 0.00 0.00 -35.45 -1.49 -0.01 -0.00 -0.00 0.00 -0.00 -0.00 -0.00 -2.80 -185.74 -35.82 -3.94 -2.36 -0.03 -0.00 -3.60 -2.55 -2.52 -54.25 -398.37 -141.69 -40.17 -38.97 -4.02 -0.37 -46.09 -37.12 -34.56 -193.60 -634.39 -310.66 -134.11 -143.78 -33.86 -8.50 -164.67 -135.76 -125.32 -390.83
0.00 0.00 0.00 0.00 0.00 0.00 0.00 0.00 0.00 0.00 -35.45 -1.49 -0.01 -0.00 -0.00 0.00 -0.00 -0.00 -0.00 -2.80 -185.74 -35.82 -3.94 -2.36 -0.03 -0.00 -3.60 -2.55 -2.52 -54.25 -398.37 -141.69 -40.17 -38.97 -4.02 -0.37 -46.09 -37.12 -34.56 -193.60 -634.39 -310.66 -134.11 -143.78 -33.86 -8.50 -164.67 -135.76 -125.32 -390.83
0.00 0.00 0.00 0.00 0.00 0.00 0.00 0.00 0.00 0.00 -35.45 -1.49 -0.01 -0.00 -0.00 0.00 -0.00 -0.00 -0.00 -2.80 -185.74 -35.82 -3.94 -2.36 -0.03 -0.00 -3.60 -2.55 -2.52 -54.25 -398.37 -141.69 -40.17 -38.97 -4.02 -0.37 -46.09 -37.12 -34.56 -193.60 -634.39 -310.66 -134.11 -143.78 -33.86 -8.50 -164.67 -135.76 -125.32 -390.83
0.00 0.00 0.00 0.00 0.00 0.00 0.00 0.00 0.00 0.00 -35.45 -1.49 -0.01 -0.00 -0.00 0.00 -0.00 -0.00 -0.00 -2.80 -185.74 -35.82 -3.94 -2.36 -0.03 -0.00 -3.60 -2.55 -2.52 -54.25 -398.37 -141.69 -40.17 -38.97 -4.02 -0.37 -46.09 -37.12 -34.56 -193.60 -634.39 -310.66 -134.11 -143.78 -33.86 -8.50 -164.67 -135.76 -125.32 -390.83
0.00 0.00 0.00 0.00 0.00 0.00 0.00 0.00 0.00 0.00 -35.45 -1.49 -0.01 -0.00 -0.00 0.00 -0.00 -0.00 -0.00 -2.80 -185.74 -35.82 -3.94 -2.36 -0.03 -0.00 -3.60 -2.55 -2.52 -54.25 -398.37 -141.69 -40.17 -38.97 -4.02 -0.37 -46.09 -37.12 -34.56 -193.60 -634.39 -310.66 -134.11 -143.78 -33.86 -8.50 -164.67 -135.76 -125.32 -390.83
0.00 0.00 0.00 0.00 0.00 0.00 0.00 0.00 0.00 0.00 -35.45 -1.49 -0.01 -0.00 -0.00 0.00 -0.00 -0.00 -0.00 -2.80 -185.74 -35.82 -3.94 -2.36 -0.03 -0.00 -3.60 -2.55 -2.52 -54.25 -398.37 -141.69 -40.17 -38.97 -4.02 -0.37 -46.09 -37.12 -34.56 -193.60 -634.39 -310.66 -134.11 -143.78 -33.86 -8.50 -164.67 -135.76 -125.32 -390.83
0.00 0.00 0.00 0.00 0.00 0.00 0.00 0.00 0.00 0.00 -35.45 -1.49 -0.01 -0.00 -0.00 0.00 -0.00 -0.00 -0.00 -2.80 -185.74 -35.82 -3.94 -2.36 -0.03 -0.00 -3.60 -2.55 -2.52 -54.25 -398.37 -141.69 -40.17 -38.97 -4.02 -0.37 -46.09 -37.12 -34.56 -193.60 -634.39 -310.66 -134.11 -143.78 -33.86 -8.50 -164.67 -135.76 -125.32 -390.83
0.00 0.00 0.00 0.00 0.00 0.00 0.00 0.00 0.00 0.00 -35.45 -1.49 -0.01 -0.00 -0.00 0.00 -0.00 -0.00 -0.00 -2.80 -185.74 -35.82 -3.94 -2.36 -0.03 -0.00 -3.60 -2.55 -2.52 -54.25 -398.37 -141.69 -40.17 -38.97 -4.02 -0.37 -46.09 -37.12 -34.56 -193.60 -634.39 -310.66 -134.11 -143.78 -33.86 -8.50 -164.67 -135.76 -125.32 -390.83
0.00 0.00 0.00 0.00 0.00 0.00 0.00 0.00 0.00 0.00 -35.45 -1.49 -0.01 -0.00 -0.00 0.00 -0.00 -0.00 -0.00 -2.80 -185.74 -35.82 -3.94 -2.36 -0.03 -0.00 -3.60 -2.55 -2.52 -54.25 -398.37 -141.69 -40.17 -38.97 -4.02 -0.37 -46.09 -37.12 -34.56 -193.60 -634.39 -310.66 -134.11 -143.78 -33.86 -8.50 -164.67 -135.76 -125.32 -390.83
0.00 0.00 0.00 0.00 0.00 0.00 0.00 0.00 0.00 0.00 -35.45 -1.49 -0.01 -0.00 -0.00 0.00 -0.00 -0.00 -0.00 -2.80 -185.74 -35.82 -3.94 -2.36 -0.03 -0.00 -3.60 -2.55 -2.52 -54.25 -398.37 -141.69 -40.17 -38.97 -4.02 -0.37 -46.09 -37.12 -34.56 -193.60 -634.39 -310.66 -134.11 -143.78 -33.86 -8.50 -164.67 -135.76 -125.32 -390.83
0.00 0.00 0.00 0.00 0.00 0.00 0.00 0.00 0.00 0.00 -35.45 -1.49 -0.01 -0.00 -0.00 0.00 -0.00 -0.00 -0.00 -2.80 -185.74 -35.82 -3.94 -2.36 -0.03 -0.00 -3.60 -2.55 -2.52 -54.25 -398.37 -141.69 -40.17 -38.97 -4.02 -0.37 -46.09 -37.12 -34.56 -193.60 -634.39 -310.66 -134.11 -143.78 -33.86 -8.50 -164.67 -135.76 -125.32 -390.83
0.00 0.00 0.00 0.00 0.00 0.00 0.00 0.00 0.00 0.00 -35.45 -1.49 -0.01 -0.00 -0.00 0.00 -0.00 -0.00 -0.00 -2.80 -185.74 -35.82 -3.94 -2.36 -0.03 -0.00 -3.60 -2.55 -2.52 -54.25 -398.37 -141.69 -40.17 -38.97 -4.02 -0.37 -46.09 -37.12 -34.56 -193.60 -634.39 -310.66 -134.11 -143.78 -33.86 -8.50 -164.67 -135.76 -125.32 -390.83
0.00 0.00 0.00 0.00 0.00 0.00 0.00 0.00 0.00 0.00 -35.45 -1.49 -0.01 -0.00 -0.00 0.00 -0.00 -0.00 -0.00 -2.80 -185.74 -35.82 -3.94 -2.36 -0.03 -0.00 -3.60 -2.55 -2.52 -54.25 -398.37 -141.69 -40.17 -38.97 -4.02 -0.37 -46.09 -37.12 -34.56 -193.60 -634.39 -310.66 -134.11 -143.78 -33.86 -8.50 -164.67 -135.76 -125.32 -390.83
0.00 0.00 0.00 0.00 0.00 0.00 0.00 0.00 0.00 0.00 -35.45 -1.49 -0.01 -0.00 -0.00 0.00 -0.00 -0.00 -0.00 -2.80 -185.74 -35.82 -3.94 -2.36 -0.03 -0.00 -3.60 -2.55 -2.52 -54.25 -398.37 -141.69 -40.17 -38.97 -4.02 -0.37 -46.09 -37.12 -34.56 -193.60 -634.39 -310.66 -134.11 -143.78 -33.86 -8.50 -164.67 -135.76 -125.32 -390.83
0.00 0.00 0.00 0.00 0.00 0.00 0.00 0.00 0.00 0.00 -35.45 -1.49 -0.01 -0.00 -0.00 0.00 -0.00 -0.00 -0.00 -2.80 -185.74 -35.82 -3.94 -2.36 -0.03 -0.00 -3.60 -2.55 -2.52 -54.25 -398.37 -141.69 -40.17 -38.97 -4.02 -0.37 -46.09 -37.12 -34.56 -193.60 -634.39 -310.66 -134.11 -143.78 -33.86 -8.50 -164.67 -135.76 -125.32 -390.83
0.00 0.00 0.00 0.00 0.00 0.00 0.00 0.00 0.00 0.00 -35.45 -1.49 -0.01 -0.00 -0.00 0.00 -0.00 -0.00 -0.00 -2.80 -185.74 -35.82 -3.94 -2.36 -0.03 -0.00 -3.60 -2.55 -2.52 -54.25 -398.37 -141.69 -40.17 -38.97 -4.02 -0.37 -46.09 -37.12 -34.56 -193.60 -634.39 -310.66 -134.11 -143.78 -33.86 -8.50 -164.67 -135.76 -125.32 -390.83
0.00 0.00 0.00 0.00 0.00 0.00 0.00 0.00 0.00 0.00 -35.45 -1.49 -0.01 -0.00 -0.00 0.00 -0.00 -0.00 -0.00 -2.80 -185.74 -35.82 -3.94 -2.36 -0.03 -0.00 -3.60 -2.55 -2.52 -54.25 -398.37 -141.69 -40.17 -38.97 -4.02 -0.37 -46.09 -37.12 -34.56 -193.60 -634.39 -310.66 -134.11 -143.78 -33.86 -8.50 -164.67 -135.76 -125.32 -390.83
0.00 0.00 0.00 0.00 0.00 0.00 0.00 0.00 0.00 0.00 -35.45 -1.49 -0.01 -0.00 -0.00 0.00 -0.00 -0.00 -0.00 -2.80 -185.74 -35.82 -3.94 -2.36 -0.03 -0.00 -3.60 -2.55 -2.52 -54.25 -398.37 -141.69 -40.17 -38.97 -4.02 -0.37 -46.09 -37.12 -34.56 -193.60 -634.39 -310.66 -134.11 -143.78 -33.86 -8.50 -164.67 -135.76 -125.32 -390.83
0.00 0.00 0.00 0.00 0.00 0.00 0.00 0.00 0.00 0.00 -35.45 -1.49 -0.01 -0.00 -0.00 0.00 -0.00 -0.00 -0.00 -2.80 -185.74 -35.82 -3.94 -2.36 -0.03 -0.00 -3.60 -2.55 -2.52 -54.25 -398.37 -141.69 -40.17 -38.97 -4.02 -0.37 -46.09 -37.12 -34.56 -193.60 -634.39 -310.66 -134.11 -143.78 -33.86 -8.50 -164.67 -135.76 -125.32 -390.83
0.00 0.00 0.00 0.00 0.00 0.00 0.00 0.00 0.00 0.00 -35.45 -1.49 -0.01 -0.00 -0.00 0.00 -0.00 -0.00 -0.00 -2.80 -185.74 -35.82 -3.94 -2.36 -0.03 -0.00 -3.60 -2.55 -2.52 -54.25 -398.37 -141.69 -40.17 -38.97 -4.02 -0.37 -46.09 -37.12 -34.56 -193.60 -634.39 -310.66 -134.11 -143.78 -33.86 -8.50 -164.67 -135.76 -125.32 -390.83
