0.00 0.00 0.00 0.00 0.00 0.00 0.00 0.00 0.00 0.00 0.00 0.00 0.00 0.00 0.00 0.00 0.00 0.00 0.00 0.00 0.00 0.00 0.00 0.00 0.00 0.00 0.00 0.00 0.00 0.00 0.00 0.00 0.00 0.00 0.00 0.00 0.00 0.00 0.00 0.00 0.00 0.00 0.00 0.00 0.00 0.00 0.00 0.00 0.00 0.00
0.00 0.00 0.00 0.00 0.00 0.00 0.00 0.00 0.00 0.00 -165.35 -14.16 -0.09 -0.01 -0.00 0.00 -0.04 -0.05 -0.45 -22.23 -783.16 -245.49 -28.32 -38.45 -4.73 -0.12 -41.96 -49.59 -106.06 -318.95 -1600.04 -787.80 -243.15 -327.80 -111.55 -18.23 -340.39 -364.78 -536.47 -957.88 -2476.63 -1531.43 -729.29 -899.30 -459.72 -158.42 -915.96 -966.77 -1223.05 -1759.13
0.00 0.00 0.00 0.00 0.00 0.00 0.00 0.00 0.00 0.00 -187.02 -15.98 -0.23 -0.03 -0.00 0.00 -0.16 -0.01 -0.38 -58.56 -823.28 -252.66 -45.09 -34.87 -5.07 -0.20 -57.59 -31.64 -74.57 -367.29 -1629.94 -796.91 -311.81 -300.29 -108.68 -24.84 -386.17 -320.55 -423.77 -949.21 -2484.96 -1531.29 -847.50 -851.41 -450.64 -195.37 -981.91 -904.37 -1032.04 -1758.32
0.00 0.00 0.00 0.00 0.00 0.00 0.00 0.00 0.00 0.00 -160.34 -13.76 -0.13 -0.04 -0.00 -0.00 -0.13 -0.12 -0.47 -24.02 -727.02 -226.30 -39.10 -49.13 -4.67 -0.16 -44.20 -71.90 -102.04 -292.95 -1457.81 -713.04 -282.99 -333.39 -121.22 -18.77 -304.30 -409.38 -493.10 -870.88 -2236.89 -1377.05 -777.59 -862.29 -485.52 -163.14 -807.33 -983.73 -1096.61 -1588.87
0.00 0.00 0.00 0.00 0.00 0.00 0.00 0.00 0.00 0.00 -174.74 -18.73 -0.25 -0.22 -0.00 0.00 -0.44 -0.14 -0.75 -26.97 -755.24 -265.95 -46.14 -80.68 -8.70 -0.41 -85.91 -61.30 -90.24 -334.18 -1479.63 -795.18 -317.06 -449.62 -149.05 -33.37 -444.82 -383.07 -447.64 -934.93 -2241.23 -1476.27 -843.75 -1045.39 -561.72 -239.69 -1025.56 -945.88 -1029.86 -1652.93
0.00 0.00 0.00 0.00 0.00 0.00 0.00 0.00 0.00 0.00 -176.44 -19.90 -0.36 -0.15 -0.00 -0.00 -0.53 -0.03 -0.79 -137.57 -737.71 -274.54 -61.08 -81.39 -16.05 -1.25 -65.33 -44.99 -98.39 -638.99 -1423.77 -796.65 -365.70 -454.66 -192.19 -76.73 -368.29 -340.70 -471.21 -1264.42 -2139.28 -1449.76 -894.14 -1035.50 -608.02 -375.66 -892.37 -877.77 -1049.30 -1957.60
0.00 0.00 0.00 0.00 0.00 0.00 0.00 0.00 0.00 0.00 -175.76 -19.76 -0.52 -0.24 -0.00 -0.00 -0.87 -0.14 -1.97 -116.82 -724.21 -271.95 -68.70 -73.46 -8.96 -2.17 -117.12 -84.21 -136.72 -525.26 -1389.00 -785.48 -371.86 -406.76 -146.08 -77.34 -522.95 -464.48 -544.43 -1093.42 -2080.51 -1412.75 -884.86 -960.10 -520.40 -379.97 -1060.35 -1044.11 -1133.39 -1733.47
0.00 0.00 0.00 0.00 0.00 0.00 0.00 0.00 0.00 0.00 -155.67 -25.49 -0.65 -0.46 -0.00 -0.00 -1.36 -0.36 -2.46 -129.85 -638.53 -294.75 -84.46 -87.16 -24.52 -3.98 -109.60 -101.79 -135.93 -561.67 -1215.17 -779.80 -416.11 -428.66 -223.94 -106.98 -443.84 -475.45 -500.83 -1106.89 -1810.46 -1346.17 -922.07 -950.09 -629.95 -429.16 -943.57 -1004.83 -1013.94 -1679.58
0.00 0.00 0.00 0.00 0.00 0.00 0.00 0.00 0.00 0.00 -110.53 -13.91 -0.69 -0.32 -0.00 -0.00 -1.04 -0.22 -1.92 -51.78 -437.20 -171.68 -63.53 -57.64 -16.72 -5.20 -76.11 -67.82 -99.16 -260.59 -822.57 -480.46 -289.77 -284.01 -154.77 -93.01 -330.87 -317.51 -367.58 -576.09 -1219.60 -853.22 -626.10 -618.92 -435.77 -323.22 -682.64 -670.79 -724.83 -948.57
0.00 0.00 0.00 0.00 0.00 0.00 0.00 0.00 0.00 0.00 -100.33 -11.87 -0.79 -0.37 -0.00 -0.00 -0.58 -0.01 -6.33 -35.59 -402.66 -152.78 -61.47 -80.01 -12.08 -2.68 -48.62 -15.40 -166.88 -201.79 -762.47 -435.19 -271.29 -337.12 -126.02 -67.52 -245.70 -135.64 -469.85 -505.38 -1134.25 -780.43 -583.77 -680.36 -369.19 -262.29 -556.78 -387.79 -823.06 -867.15
0.00 0.00 0.00 0.00 0.00 0.00 0.00 0.00 0.00 0.00 -100.33 -11.87 -0.79 -0.37 -0.00 -0.00 -0.58 -0.01 -6.33 -35.59 -402.66 -152.78 -61.47 -80.01 -12.08 -2.68 -48.62 -15.40 -166.88 -201.79 -762.47 -435.19 -271.29 -337.12 -126.02 -67.52 -245.70 -135.64 -469.85 -505.38 -1134.25 -780.43 -583.77 -680.36 -369.19 -262.29 -556.78 -387.79 -823.06 -867.15
0.00 0.00 0.00 0.00 0.00 0.00 0.00 0.00 0.00 0.00 -90.13 -11.54 -0.92 -0.45 -0.00 -0.00 -0.57 -0.19 -1.81 -49.08 -356.21 -141.27 -62.04 -64.95 -12.84 -2.59 -54.15 -57.43 -91.53 -220.85 -669.62 -393.10 -257.92 -273.08 -122.46 -67.62 -240.72 -266.96 -313.67 -465.28 -992.30 -695.86 -534.95 -557.13 -348.49 -252.24 -515.77 -561.65 -602.80 -767.59
0.00 0.00 0.00 0.00 0.00 0.00 0.00 0.00 0.00 0.00 -87.30 -10.82 -0.61 -0.45 -0.00 -0.00 -0.65 -0.14 -0.82 -40.58 -364.70 -139.35 -51.46 -68.19 -6.96 -1.10 -62.98 -48.09 -63.24 -234.03 -699.47 -401.09 -239.31 -288.57 -95.79 -40.84 -274.44 -242.67 -268.40 -533.92 -1046.25 -723.17 -522.48 -592.50 -311.09 -190.11 -575.90 -538.74 -564.83 -870.48
0.00 0.00 0.00 0.00 0.00 0.00 0.00 0.00 0.00 0.00 -87.30 -10.82 -0.61 -0.45 -0.00 -0.00 -0.65 -0.14 -0.82 -40.58 -364.70 -139.35 -51.46 -68.19 -6.96 -1.10 -62.98 -48.09 -63.24 -234.03 -699.47 -401.09 -239.31 -288.57 -95.79 -40.84 -274.44 -242.67 -268.40 -533.92 -1046.25 -723.17 -522.48 -592.50 -311.09 -190.11 -575.90 -538.74 -564.83 -870.48
0.00 0.00 0.00 0.00 0.00 0.00 0.00 0.00 0.00 0.00 -30.49 -1.17 -0.00 -0.00 -0.00 0.00 -0.00 -0.00 -0.00 -8.25 -162.28 -29.48 -2.33 -1.03 -0.02 -0.00 -3.33 -0.93 -4.93 -72.37 -351.12 -120.04 -27.68 -21.87 -3.10 -0.18 -38.39 -23.96 -44.08 -204.03 -562.11 -267.75 -97.85 -92.87 -28.16 -5.00 -119.80 -101.97 -136.01 -378.22
0.00 0.00 0.00 0.00 0.00 0.00 0.00 0.00 0.00 0.00 -30.49 -1.17 -0.00 -0.00 -0.00 0.00 -0.00 -0.00 -0.00 -8.25 -162.28 -29.48 -2.33 -1.03 -0.02 -0.00 -3.33 -0.93 -4.93 -72.37 -351.12 -120.04 -27.68 -21.87 -3.10 -0.18 -38.39 -23.96 -44.08 -204.03 -562.11 -267.75 -97.85 -92.87 -28.16 -5.00 -119.80 -101.97 -136.01 -378.22
0.00 0.00 0.00 0.00 0.00 0.00 0.00 0.00 0.00 0.00 -30.49 -1.17 -0.00 -0.00 -0.00 0.00 -0.00 -0.00 -0.00 -8.25 -162.28 -29.48 -2.33 -1.03 -0.02 -0.00 -3.33 -0.93 -4.93 -72.37 -351.12 -120.04 -27.68 -21.87 -3.10 -0.18 -38.39 -23.96 -44.08 -204.03 -562.11 -267.75 -97.85 -92.87 -28.16 -5.00 -119.80 -101.97 -136.01 -378.22
0.00 0.00 0.00 0.00 0.00 0.00 0.00 0.00 0.00 0.00 -30.49 -1.17 -0.00 -0.00 -0.00 0.00 -0.00 -0.00 -0.00 -8.25 -162.28 -29.48 -2.33 -1.03 -0.02 -0.00 -3.33 -0.93 -4.93 -72.37 -351.12 -120.04 -27.68 -21.87 -3.10 -0.18 -38.39 -23.96 -44.08 -204.03 -562.11 -267.75 -97.85 -92.87 -28.16 -5.00 -119.80 -101.97 -136.01 -378.22
0.00 0.00 0.00 0.00 0.00 0.00 0.00 0.00 0.00 0.00 -30.49 -1.17 -0.00 -0.00 -0.00 0.00 -0.00 -0.00 -0.00 -8.25 -162.28 -29.48 -2.33 -1.03 -0.02 -0.00 -3.33 -0.93 -4.93 -72.37 -351.12 -120.04 -27.68 -21.87 -3.10 -0.18 -38.39 -23.96 -44.08 -204.03 -562.11 -267.75 -97.85 -92.87 -28.16 -5.00 -119.80 -101.97 -136.01 -378.22
0.00 0.00 0.00 0.00 0.00 0.00 0.00 0.00 0.00 0.00 -30.49 -1.17 -0.00 -0.00 -0.00 0.00 -0.00 -0.00 -0.00 -8.25 -162.28 -29.48 -2.33 -1.03 -0.02 -0.00 -3.33 -0.93 -4.93 -72.37 -351.12 -120.04 -27.68 -21.87 -3.10 -0.18 -38.39 -23.96 -44.08 -204.03 -562.11 -267.75 -97.85 -92.87 -28.16 -5.00 -119.80 -101.97 -136.01 -378.22
0.00 0.00 0.00 0.00 0.00 0.00 0.00 0.00 0.00 0.00 -30.49 -1.17 -0.00 -0.00 -0.00 0.00 -0.00 -0.00 -0.00 -8.25 -162.28 -29.48 -2.33 -1.03 -0.02 -0.00 -3.33 -0.93 -4.93 -72.37 -351.12 -120.04 -27.68 -21.87 -3.10 -0.18 -38.39 -23.96 -44.08 -204.03 -562.11 -267.75 -97.85 -92.87 -28.16 -5.00 -119.80 -101.97 -136.01 -378.22
0.00 0.00 0.00 0.00 0.00 0.00 0.00 0.00 0.00 0.00 -30.49 -1.17 -0.00 -0.00 -0.00 0.00 -0.00 -0.00 -0.00 -8.25 -162.28 -29.48 -2.33 -1.03 -0.02 -0.00 -3.33 -0.93 -4.93 -72.37 -351.12 -120.04 -27.68 -21.87 -3.10 -0.18 -38.39 -23.96 -44.08 -204.03 -562.11 -267.75 -97.85 -92.87 -28.16 -5.00 -119.80 -101.97 -136.01 -378.22
0.00 0.00 0.00 0.00 0.00 0.00 0.00 0.00 0.00 0.00 -27.80 -0.91 -0.00 -0.00 -0.00 0.00 -0.00 -0.00 -0.00 -7.07 -152.69 -24.48 -1.71 -0.71 -0.00 -0.00 -1.51 -0.26 -2.60 -63.15 -336.17 -103.74 -21.07 -17.22 -1.02 -0.09 -23.12 -9.04 -29.95 -183.84 -543.98 -237.55 -80.68 -79.81 -12.55 -3.19 -94.81 -50.79 -107.18 -352.48
0.00 0.00 0.00 0.00 0.00 0.00 0.00 0.00 0.00 0.00 -27.80 -0.91 -0.00 -0.00 -0.00 0.00 -0.00 -0.00 -0.00 -7.07 -152.69 -24.48 -1.71 -0.71 -0.00 -0.00 -1.51 -0.26 -2.60 -63.15 -336.17 -103.74 -21.07 -17.22 -1.02 -0.09 -23.12 -9.04 -29.95 -183.84 -543.98 -237.55 -80.68 -79.81 -12.55 -3.19 -94.81 -50.79 -107.18 -352.48
0.00 0.00 0.00 0.00 0.00 0.00 0.00 0.00 0.00 0.00 -27.80 -0.91 -0.00 -0.00 -0.00 0.00 -0.00 -0.00 -0.00 -7.07 -152.69 -24.48 -1.71 -0.71 -0.00 -0.00 -1.51 -0.26 -2.60 -63.15 -336.17 -103.74 -21.07 -17.22 -1.02 -0.09 -23.12 -9.04 -29.95 -183.84 -543.98 -237.55 -80.68 -79.81 -12.55 -3.19 -94.81 -50.79 -107.18 -352.48
0.00 0.00 0.00 0.00 0.00 0.00 0.00 0.00 0.00 0.00 -27.80 -0.91 -0.00 -0.00 -0.00 0.00 -0.00 -0.00 -0.00 -7.07 -152.69 -24.48 -1.71 -0.71 -0.00 -0.00 -1.51 -0.26 -2.60 -63.15 -336.17 -103.74 -21.07 -17.22 -1.02 -0.09 -23.12 -9.04 -29.95 -183.84 -543.98 -237.55 -80.68 -79.81 -12.55 -3.19 -94.81 -50.79 -107.18 -352.48
0.00 0.00 0.00 0.00 0.00 0.00 0.00 0.00 0.00 0.00 -27.80 -0.91 -0.00 -0.00 -0.00 0.00 -0.00 -0.00 -0.00 -7.07 -152.69 -24.48 -1.71 -0.71 -0.00 -0.00 -1.51 -0.26 -2.60 -63.15 -336.17 -103.74 -21.07 -17.22 -1.02 -0.09 -23.12 -9.04 -29.95 -183.84 -543.98 -237.55 -80.68 -79.81 -12.55 -3.19 -94.81 -50.79 -107.18 -352.48
0.00 0.00 0.00 0.00 0.00 0.00 0.00 0.00 0.00 0.00 -27.80 -0.91 -0.00 -0.00 -0.00 0.00 -0.00 -0.00 -0.00 -7.07 -152.69 -24.48 -1.71 -0.71 -0.00 -0.00 -1.51 -0.26 -2.60 -63.15 -336.17 -103.74 -21.07 -17.22 -1.02 -0.09 -23.12 -9.04 -29.95 -183.84 -543.98 -237.55 -80.68 -79.81 -12.55 -3.19 -94.81 -50.79 -107.18 -352.48
0.00 0.00 0.00 0.00 0.00 0.00 0.00 0.00 0.00 0.00 -27.80 -0.91 -0.00 -0.00 -0.00 0.00 -0.00 -0.00 -0.00 -7.07 -152.69 -24.48 -1.71 -0.71 -0.00 -0.00 -1.51 -0.26 -2.60 -63.15 -336.17 -103.74 -21.07 -17.22 -1.02 -0.09 -23.12 -9.04 -29.95 -183.84 -543.98 -237.55 -80.68 -79.81 -12.55 -3.19 -94.81 -50.79 -107.18 -352.48
0.00 0.00 0.00 0.00 0.00 0.00 0.00 0.00 0.00 0.00 -27.80 -0.91 -0.00 -0.00 -0.00 0.00 -0.00 -0.00 -0.00 -7.07 -152.69 -24.48 -1.71 -0.71 -0.00 -0.00 -1.51 -0.26 -2.60 -63.15 -336.17 -103.74 -21.07 -17.22 -1.02 -0.09 -23.12 -9.04 -29.95 -183.84 -543.98 -237.55 -80.68 -79.81 -12.55 -3.19 -94.81 -50.79 -107.18 -352.48
0.00 0.00 0.00 0.00 0.00 0.00 0.00 0.00 0.00 0.00 -27.80 -0.91 -0.00 -0.00 -0.00 0.00 -0.00 -0.00 -0.00 -7.07 -152.69 -24.48 -1.71 -0.71 -0.00 -0.00 -1.51 -0.26 -2.60 -63.15 -336.17 -103.74 -21.07 -17.22 -1.02 -0.09 -23.12 -9.04 -29.95 -183.84 -543.98 -237.55 -80.68 -79.81 -12.55 -3.19 -94.81 -50.79 -107.18 -352.48
0.00 0.00 0.00 0.00 0.00 0.00 0.00 0.00 0.00 0.00 -27.80 -0.91 -0.00 -0.00 -0.00 0.00 -0.00 -0.00 -0.00 -7.07 -152.69 -24.48 -1.71 -0.71 -0.00 -0.00 -1.51 -0.26 -2.60 -63.15 -336.17 -103.74 -21.07 -17.22 -1.02 -0.09 -23.12 -9.04 -29.95 -183.84 -543.98 -237.55 -80.68 -79.81 -12.55 -3.19 -94.81 -50.79 -107.18 -352.48
0.00 0.00 0.00 0.00 0.00 0.00 0.00 0.00 0.00 0.00 -27.80 -0.91 -0.00 -0.00 -0.00 0.00 -0.00 -0.00 -0.00 -7.07 -152.69 -24.48 -1.71 -0.71 -0.00 -0.00 -1.51 -0.26 -2.60 -63.15 -336.17 -103.74 -21.07 -17.22 -1.02 -0.09 -23.12 -9.04 -29.95 -183.84 -543.98 -237.55 -80.68 -79.81 -12.55 -3.19 -94.81 -50.79 -107.18 -352.48
0.00 0.00 0.00 0.00 0.00 0.00 0.00 0.00 0.00 0.00 -27.80 -0.91 -0.00 -0.00 -0.00 0.00 -0.00 -0.00 -0.00 -7.07 -152.69 -24.48 -1.71 -0.71 -0.00 -0.00 -1.51 -0.26 -2.60 -63.15 -336.17 -103.74 -21.07 -17.22 -1.02 -0.09 -23.12 -9.04 -29.95 -183.84 -543.98 -237.55 -80.68 -79.81 -12.55 -3.19 -94.81 -50.79 -107.18 -352.48
0.00 0.00 0.00 0.00 0.00 0.00 0.00 0.00 0.00 0.00 -27.80 -0.91 -0.00 -0.00 -0.00 0.00 -0.00 -0.00 -0.00 -7.07 -152.69 -24.48 -1.71 -0.71 -0.00 -0.00 -1.51 -0.26 -2.60 -63.15 -336.17 -103.74 -21.07 -17.22 -1.02 -0.09 -23.12 -9.04 -29.95 -183.84 -543.98 -237.55 -80.68 -79.81 -12.55 -3.19 -94.81 -50.79 -107.18 -352.48
0.00 0.00 0.00 0.00 0.00 0.00 0.00 0.00 0.00 0.00 -27.80 -0.91 -0.00 -0.00 -0.00 0.00 -0.00 -0.00 -0.00 -7.07 -152.69 -24.48 -1.71 -0.71 -0.00 -0.00 -1.51 -0.26 -2.60 -63.15 -336.17 -103.74 -21.07 -17.22 -1.02 -0.09 -23.12 -9.04 -29.95 -183.84 -543.98 -237.55 -80.68 -79.81 -12.55 -3.19 -94.81 -50.79 -107.18 -352.48
0.00 0.00 0.00 0.00 0.00 0.00 0.00 0.00 0.00 0.00 -27.80 -0.91 -0.00 -0.00 -0.00 0.00 -0.00 -0.00 -0.00 -7.07 -152.69 -24.48 -1.71 -0.71 -0.00 -0.00 -1.51 -0.26 -2.60 -63.15 -336.17 -103.74 -21.07 -17.22 -1.02 -0.09 -23.12 -9.04 -29.95 -183.84 -543.98 -237.55 -80.68 -79.81 -12.55 -3.19 -94.81 -50.79 -107.18 -352.48
0.00 0.00 0.00 0.00 0.00 0.00 0.00 0.00 0.00 0.00 -27.80 -0.91 -0.00 -0.00 -0.00 0.00 -0.00 -0.00 -0.00 -7.07 -152.69 -24.48 -1.71 -0.71 -0.00 -0.00 -1.51 -0.26 -2.60 -63.15 -336.17 -103.74 -21.07 -17.22 -1.02 -0.09 -23.12 -9.04 -29.95 -183.84 -543.98 -237.55 -80.68 -79.81 -12.55 -3.19 -94.81 -50.79 -107.18 -352.48
0.00 0.00 0.00 0.00 0.00 0.00 0.00 0.00 0.00 0.00 -36.06 -1.57 -0.01 -0.00 -0.00 0.00 -0.00 -0.00 -0.00 -3.14 -187.78 -37.02 -4.26 -3.53 -0.07 -0.00 -4.57 -0.11 -2.86 -51.26 -401.46 -145.15 -42.56 -55.45 -5.87 -0.46 -48.84 -4.22 -38.74 -181.80 -638.04 -316.38 -139.88 -198.92 -41.98 -9.98 -157.75 -32.37 -145.53 -372.21
0.00 0.00 0.00 0.00 0.00 0.00 0.00 0.00 0.00 0.00 -36.06 -1.57 -0.01 -0.00 -0.00 0.00 -0.00 -0.00 -0.00 -3.14 -187.78 -37.02 -4.26 -3.53 -0.07 -0.00 -4.57 -0.11 -2.86 -51.26 -401.46 -145.15 -42.56 -55.45 -5.87 -0.46 -48.84 -4.22 -38.74 -181.80 -638.04 -316.38 -139.88 -198.92 -41.98 -9.98 -157.75 -32.37 -145.53 -372.21
0.00 0.00 0.00 0.00 0.00 0.00 0.00 0.00 0.00 0.00 -36.06 -1.57 -0.01 -0.00 -0.00 0.00 -0.00 -0.00 -0.00 -3.14 -187.78 -37.02 -4.26 -3.53 -0.07 -0.00 -4.57 -0.11 -2.86 -51.26 -401.46 -145.15 -42.56 -55.45 -5.87 -0.46 -48.84 -4.22 -38.74 -181.80 -638.04 -316.38 -139.88 -198.92 -41.98 -9.98 -157.75 -32.37 -145.53 -372.21
0.00 0.00 0.00 0.00 0.00 0.00 0.00 0.00 0.00 0.00 -36.06 -1.57 -0.01 -0.00 -0.00 0.00 -0.00 -0.00 -0.00 -3.14 -187.78 -37.02 -4.26 -3.53 -0.07 -0.00 -4.57 -0.11 -2.86 -51.26 -401.46 -145.15 -42.56 -55.45 -5.87 -0.46 -48.84 -4.22 -38.74 -181.80 -638.04 -316.38 -139.88 -198.92 -41.98 -9.98 -157.75 -32.37 -145.53 -372.21
0.00 0.00 0.00 0.00 0.00 0.00 0.00 0.00 0.00 0.00 -36.06 -1.57 -0.01 -0.00 -0.00 0.00 -0.00 -0.00 -0.00 -3.14 -187.78 -37.02 -4.26 -3.53 -0.07 -0.00 -4.57 -0.11 -2.86 -51.26 -401.46 -145.15 -42.56 -55.45 -5.87 -0.46 -48.84 -4.22 -38.74 -181.80 -638.04 -316.38 -139.88 -198.92 -41.98 -9.98 -157.75 -32.37 -145.53 -372.21
0.00 0.00 0.00 0.00 0.00 0.00 0.00 0.00 0.00 0.00 -36.06 -1.57 -0.01 -0.00 -0.00 0.00 -0.00 -0.00 -0.00 -3.14 -187.78 -37.02 -4.26 -3.53 -0.07 -0.00 -4.57 -0.11 -2.86 -51.26 -401.46 -145.15 -42.56 -55.45 -5.87 -0.46 -48.84 -4.22 -38.74 -181.80 -638.04 -316.38 -139.88 -198.92 -41.98 -9.98 -157.75 -32.37 -145.53 -372.21
0.00 0.00 0.00 0.00 0.00 0.00 0.00 0.00 0.00 0.00 -36.06 -1.57 -0.01 -0.00 -0.00 0.00 -0.00 -0.00 -0.00 -3.14 -187.78 -37.02 -4.26 -3.53 -0.07 -0.00 -4.57 -0.11 -2.86 -51.26 -401.46 -145.15 -42.56 -55.45 -5.87 -0.46 -48.84 -4.22 -38.74 -181.80 -638.04 -316.38 -139.88 -198.92 -41.98 -9.98 -157.75 -32.37 -145.53 -372.21
0.00 0.00 0.00 0.00 0.00 0.00 0.00 0.00 0.00 0.00 -36.06 -1.57 -0.01 -0.00 -0.00 0.00 -0.00 -0.00 -0.00 -3.14 -187.78 -37.02 -4.26 -3.53 -0.07 -0.00 -4.57 -0.11 -2.86 -51.26 -401.46 -145.15 -42.56 -55.45 -5.87 -0.46 -48.84 -4.22 -38.74 -181.80 -638.04 -316.38 -139.88 -198.92 -41.98 -9.98 -157.75 -32.37 -145.53 -372.21
0.00 0.00 0.00 0.00 0.00 0.00 0.00 0.00 0.00 0.00 -36.85 -1.66 -0.01 -0.00 -0.00 0.00 -0.00 -0.00 -0.00 -3.37 -190.37 -38.58 -4.68 -3.85 -0.06 -0.00 -4.24 -0.15 -3.24 -53.19 -405.31 -149.52 -45.33 -56.28 -6.02 -0.48 -46.65 -4.82 -44.39 -186.44 -642.57 -323.56 -147.37 -196.21 -44.54 -10.23 -161.01 -34.76 -159.81 -379.01
0.00 0.00 0.00 0.00 0.00 0.00 0.00 0.00 0.00 0.00 -36.85 -1.66 -0.01 -0.00 -0.00 0.00 -0.00 -0.00 -0.00 -3.37 -190.37 -38.58 -4.68 -3.85 -0.06 -0.00 -4.24 -0.15 -3.24 -53.19 -405.31 -149.52 -45.33 -56.28 -6.02 -0.48 -46.65 -4.82 -44.39 -186.44 -642.57 -323.56 -147.37 -196.21 -44.54 -10.23 -161.01 -34.76 -159.81 -379.01
0.00 0.00 0.00 0.00 0.00 0.00 0.00 0.00 0.00 0.00 -36.85 -1.66 -0.01 -0.00 -0.00 0.00 -0.00 -0.00 -0.00 -3.37 -190.37 -38.58 -4.68 -3.85 -0.06 -0.00 -4.24 -0.15 -3.24 -53.19 -405.31 -149.52 -45.33 -56.28 -6.02 -0.48 -46.65 -4.82 -44.39 -186.44 -642.57 -323.56 -147.37 -196.21 -44.54 -10.23 -161.01 -34.76 -159.81 -379.01
0.00 0.00 0.00 0.00 0.00 0.00 0.00 0.00 0.00 0.00 -36.85 -1.66 -0.01 -0.00 -0.00 0.00 -0.00 -0.00 -0.00 -3.37 -190.37 -38.58 -4.68 -3.85 -0.06 -0.00 -4.24 -0.15 -3.24 -53.19 -405.31 -149.52 -45.33 -56.28 -6.02 -0.48 -46.65 -4.82 -44.39 -186.44 -642.57 -323.56 -147.37 -196.21 -44.54 -10.23 -161.01 -34.76 -159.81 -379.01
0.00 0.00 0.00 0.00 0.00 0.00 0.00 0.00 0.00 0.00 -36.85 -1.66 -0.01 -0.00 -0.00 0.00 -0.00 -0.00 -0.00 -3.37 -190.37 -38.58 -4.68 -3.85 -0.06 -0.00 -4.24 -0.15 -3.24 -53.19 -405.31 -149.52 -45.33 -56.28 -6.02 -0.48 -46.65 -4.82 -44.39 -186.44 -642.57 -323.56 -147.37 -196.21 -44.54 -10.23 -161.01 -34.76 -159.81 -379.01
0.00 0.00 0.00 0.00 0.00 0.00 0.00 0.00 0.00 0.00 -36.85 -1.66 -0.01 -0.00 -0.00 0.00 -0.00 -0.00 -0.00 -3.37 -190.37 -38.58 -4.68 -3.85 -0.06 -0.00 -4.24 -0.15 -3.24 -53.19 -405.31 -149.52 -45.33 -56.28 -6.02 -0.48 -46.65 -4.82 -44.39 -186.44 -642.57 -323.56 -147.37 -196.21 -44.54 -10.23 -161.01 -34.76 -159.81 -379.01
0.00 0.00 0.00 0.00 0.00 0.00 0.00 0.00 0.00 0.00 -36.85 -1.66 -0.01 -0.00 -0.00 0.00 -0.00 -0.00 -0.00 -3.37 -190.37 -38.58 -4.68 -3.85 -0.06 -0.00 -4.24 -0.15 -3.24 -53.19 -405.31 -149.52 -45.33 -56.28 -6.02 -0.48 -46.65 -4.82 -44.39 -186.44 -642.57 -323.56 -147.37 -196.21 -44.54 -10.23 -161.01 -34.76 -159.81 -379.01
0.00 0.00 0.00 0.00 0.00 0.00 0.00 0.00 0.00 0.00 -36.85 -1.66 -0.01 -0.00 -0.00 0.00 -0.00 -0.00 -0.00 -3.37 -190.37 -38.58 -4.68 -3.85 -0.06 -0.00 -4.24 -0.15 -3.24 -53.19 -405.31 -149.52 -45.33 -56.28 -6.02 -0.48 -46.65 -4.82 -44.39 -186.44 -642.57 -323.56 -147.37 -196.21 -44.54 -10.23 -161.01 -34.76 -159.81 -379.01
0.00 0.00 0.00 0.00 0.00 0.00 0.00 0.00 0.00 0.00 -36.85 -1.66 -0.01 -0.00 -0.00 0.00 -0.00 -0.00 -0.00 -3.37 -190.37 -38.58 -4.68 -3.85 -0.06 -0.00 -4.24 -0.15 -3.24 -53.19 -405.31 -149.52 -45.33 -56.28 -6.02 -0.48 -46.65 -4.82 -44.39 -186.44 -642.57 -323.56 -147.37 -196.21 -44.54 -10.23 -161.01 -34.76 -159.81 -379.01
0.00 0.00 0.00 0.00 0.00 0.00 0.00 0.00 0.00 0.00 -36.85 -1.66 -0.01 -0.00 -0.00 0.00 -0.00 -0.00 -0.00 -3.37 -190.37 -38.58 -4.68 -3.85 -0.06 -0.00 -4.24 -0.15 -3.24 -53.19 -405.31 -149.52 -45.33 -56.28 -6.02 -0.48 -46.65 -4.82 -44.39 -186.44 -642.57 -323.56 -147.37 -196.21 -44.54 -10.23 -161.01 -34.76 -159.81 -379.01
0.00 0.00 0.00 0.00 0.00 0.00 0.00 0.00 0.00 0.00 -36.85 -1.66 -0.01 -0.00 -0.00 0.00 -0.00 -0.00 -0.00 -3.37 -190.37 -38.58 -4.68 -3.85 -0.06 -0.00 -4.24 -0.15 -3.24 -53.19 -405.31 -149.52 -45.33 -56.28 -6.02 -0.48 -46.65 -4.82 -44.39 -186.44 -642.57 -323.56 -147.37 -196.21 -44.54 -10.23 -161.01 -34.76 -159.81 -379.01
0.00 0.00 0.00 0.00 0.00 0.00 0.00 0.00 0.00 0.00 -36.85 -1.66 -0.01 -0.00 -0.00 0.00 -0.00 -0.00 -0.00 -3.37 -190.37 -38.58 -4.68 -3.85 -0.06 -0.00 -4.24 -0.15 -3.24 -53.19 -405.31 -149.52 -45.33 -56.28 -6.02 -0.48 -46.65 -4.82 -44.39 -186.44 -642.57 -323.56 -147.37 -196.21 -44.54 -10.23 -161.01 -34.76 -159.81 -379.01
0.00 0.00 0.00 0.00 0.00 0.00 0.00 0.00 0.00 0.00 -36.85 -1.66 -0.01 -0.00 -0.00 0.00 -0.00 -0.00 -0.00 -3.37 -190.37 -38.58 -4.68 -3.85 -0.06 -0.00 -4.24 -0.15 -3.24 -53.19 -405.31 -149.52 -45.33 -56.28 -6.02 -0.48 -46.65 -4.82 -44.39 -186.44 -642.57 -323.56 -147.37 -196.21 -44.54 -10.23 -161.01 -34.76 -159.81 -379.01
0.00 0.00 0.00 0.00 0.00 0.00 0.00 0.00 0.00 0.00 -36.85 -1.66 -0.01 -0.00 -0.00 0.00 -0.00 -0.00 -0.00 -3.37 -190.37 -38.58 -4.68 -3.85 -0.06 -0.00 -4.24 -0.15 -3.24 -53.19 -405.31 -149.52 -45.33 -56.28 -6.02 -0.48 -46.65 -4.82 -44.39 -186.44 -642.57 -323.56 -147.37 -196.21 -44.54 -10.23 -161.01 -34.76 -159.81 -379.01
0.00 0.00 0.00 0.00 0.00 0.00 0.00 0.00 0.00 0.00 -36.85 -1.66 -0.01 -0.00 -0.00 0.00 -0.00 -0.00 -0.00 -3.37 -190.37 -38.58 -4.68 -3.85 -0.06 -0.00 -4.24 -0.15 -3.24 -53.19 -405.31 -149.52 -45.33 -56.28 -6.02 -0.48 -46.65 -4.82 -44.39 -186.44 -642.57 -323.56 -147.37 -196.21 -44.54 -10.23 -161.01 -34.76 -159.81 -379.01
0.00 0.00 0.00 0.00 0.00 0.00 0.00 0.00 0.00 0.00 -36.85 -1.66 -0.01 -0.00 -0.00 0.00 -0.00 -0.00 -0.00 -3.37 -190.37 -38.58 -4.68 -3.85 -0.06 -0.00 -4.24 -0.15 -3.24 -53.19 -405.31 -149.52 -45.33 -56.28 -6.02 -0.48 -46.65 -4.82 -44.39 -186.44 -642.57 -323.56 -147.37 -196.21 -44.54 -10.23 -161.01 -34.76 -159.81 -379.01
0.00 0.00 0.00 0.00 0.00 0.00 0.00 0.00 0.00 0.00 -36.85 -1.66 -0.01 -0.00 -0.00 0.00 -0.00 -0.00 -0.00 -3.37 -190.37 -38.58 -4.68 -3.85 -0.06 -0.00 -4.24 -0.15 -3.24 -53.19 -405.31 -149.52 -45.33 -56.28 -6.02 -0.48 -46.65 -4.82 -44.39 -186.44 -642.57 -323.56 -147.37 -196.21 -44.54 -10.23 -161.01 -34.76 -159.81 -379.01
0.00 0.00 0.00 0.00 0.00 0.00 0.00 0.00 0.00 0.00 -36.85 -1.66 -0.01 -0.00 -0.00 0.00 -0.00 -0.00 -0.00 -3.37 -190.37 -38.58 -4.68 -3.85 -0.06 -0.00 -4.24 -0.15 -3.24 -53.19 -405.31 -149.52 -45.33 -56.28 -6.02 -0.48 -46.65 -4.82 -44.39 -186.44 -642.57 -323.56 -147.37 -196.21 -44.54 -10.23 -161.01 -34.76 -159.81 -379.01
0.00 0.00 0.00 0.00 0.00 0.00 0.00 0.00 0.00 0.00 -36.85 -1.66 -0.01 -0.00 -0.00 0.00 -0.00 -0.00 -0.00 -3.37 -190.37 -38.58 -4.68 -3.85 -0.06 -0.00 -4.24 -0.15 -3.24 -53.19 -405.31 -149.52 -45.33 -56.28 -6.02 -0.48 -46.65 -4.82 -44.39 -186.44 -642.57 -323.56 -147.37 -196.21 -44.54 -10.23 -161.01 -34.76 -159.81 -379.01
0.00 0.00 0.00 0.00 0.00 0.00 0.00 0.00 0.00 0.00 -36.85 -1.66 -0.01 -0.00 -0.00 0.00 -0.00 -0.00 -0.00 -3.37 -190.37 -38.58 -4.68 -3.85 -0.06 -0.00 -4.24 -0.15 -3.24 -53.19 -405.31 -149.52 -45.33 -56.28 -6.02 -0.48 -46.65 -4.82 -44.39 -186.44 -642.57 -323.56 -147.37 -196.21 -44.54 -10.23 -161.01 -34.76 -159.81 -379.01
0.00 0.00 0.00 0.00 0.00 0.00 0.00 0.00 0.00 0.00 -36.85 -1.66 -0.01 -0.00 -0.00 0.00 -0.00 -0.00 -0.00 -3.37 -190.37 -38.58 -4.68 -3.85 -0.06 -0.00 -4.24 -0.15 -3.24 -53.19 -405.31 -149.52 -45.33 -56.28 -6.02 -0.48 -46.65 -4.82 -44.39 -186.44 -642.57 -323.56 -147.37 -196.21 -44.54 -10.23 -161.01 -34.76 -159.81 -379.01
0.00 0.00 0.00 0.00 0.00 0.00 0.00 0.00 0.00 0.00 -36.85 -1.66 -0.01 -0.00 -0.00 0.00 -0.00 -0.00 -0.00 -3.37 -190.37 -38.58 -4.68 -3.85 -0.06 -0.00 -4.24 -0.15 -3.24 -53.19 -405.31 -149.52 -45.33 -56.28 -6.02 -0.48 -46.65 -4.82 -44.39 -186.44 -642.57 -323.56 -147.37 -196.21 -44.54 -10.23 -161.01 -34.76 -159.81 -379.01
0.00 0.00 0.00 0.00 0.00 0.00 0.00 0.00 0.00 0.00 -36.85 -1.66 -0.01 -0.00 -0.00 0.00 -0.00 -0.00 -0.00 -3.37 -190.37 -38.58 -4.68 -3.85 -0.06 -0.00 -4.24 -0.15 -3.24 -53.19 -405.31 -149.52 -45.33 -56.28 -6.02 -0.48 -46.65 -4.82 -44.39 -186.44 -642.57 -323.56 -147.37 -196.21 -44.54 -10.23 -161.01 -34.76 -159.81 -379.01
0.00 0.00 0.00 0.00 0.00 0.00 0.00 0.00 0.00 0.00 -36.85 -1.66 -0.01 -0.00 -0.00 0.00 -0.00 -0.00 -0.00 -3.37 -190.37 -38.58 -4.68 -3.85 -0.06 -0.00 -4.24 -0.15 -3.24 -53.19 -405.31 -149.52 -45.33 -56.28 -6.02 -0.48 -46.65 -4.82 -44.39 -186.44 -642.57 -323.56 -147.37 -196.21 -44.54 -10.23 -161.01 -34.76 -159.81 -379.01
0.00 0.00 0.00 0.00 0.00 0.00 0.00 0.00 0.00 0.00 -36.85 -1.66 -0.01 -0.00 -0.00 0.00 -0.00 -0.00 -0.00 -3.37 -190.37 -38.58 -4.68 -3.85 -0.06 -0.00 -4.24 -0.15 -3.24 -53.19 -405.31 -149.52 -45.33 -56.28 -6.02 -0.48 -46.65 -4.82 -44.39 -186.44 -642.57 -323.56 -147.37 -196.21 -44.54 -10.23 -161.01 -34.76 -159.81 -379.01
0.00 0.00 0.00 0.00 0.00 0.00 0.00 0.00 0.00 0.00 -36.85 -1.66 -0.01 -0.00 -0.00 0.00 -0.00 -0.00 -0.00 -3.37 -190.37 -38.58 -4.68 -3.85 -0.06 -0.00 -4.24 -0.15 -3.24 -53.19 -405.31 -149.52 -45.33 -56.28 -6.02 -0.48 -46.65 -4.82 -44.39 -186.44 -642.57 -323.56 -147.37 -196.21 -44.54 -10.23 -161.01 -34.76 -159.81 -379.01
0.00 0.00 0.00 0.00 0.00 0.00 0.00 0.00 0.00 0.00 -36.85 -1.66 -0.01 -0.00 -0.00 0.00 -0.00 -0.00 -0.00 -3.37 -190.37 -38.58 -4.68 -3.85 -0.06 -0.00 -4.24 -0.15 -3.24 -53.19 -405.31 -149.52 -45.33 -56.28 -6.02 -0.48 -46.65 -4.82 -44.39 -186.44 -642.57 -323.56 -147.37 -196.21 -44.54 -10.23 -161.01 -34.76 -159.81 -379.01
0.00 0.00 0.00 0.00 0.00 0.00 0.00 0.00 0.00 0.00 -36.85 -1.66 -0.01 -0.00 -0.00 0.00 -0.00 -0.00 -0.00 -3.37 -190.37 -38.58 -4.68 -3.85 -0.06 -0.00 -4.24 -0.15 -3.24 -53.19 -405.31 -149.52 -45.33 -56.28 -6.02 -0.48 -46.65 -4.82 -44.39 -186.44 -642.57 -323.56 -147.37 -196.21 -44.54 -10.23 -161.01 -34.76 -159.81 -379.01
0.00 0.00 0.00 0.00 0.00 0.00 0.00 0.00 0.00 0.00 -36.85 -1.66 -0.01 -0.00 -0.00 0.00 -0.00 -0.00 -0.00 -3.37 -190.37 -38.58 -4.68 -3.85 -0.06 -0.00 -4.24 -0.15 -3.24 -53.19 -405.31 -149.52 -45.33 -56.28 -6.02 -0.48 -46.65 -4.82 -44.39 -186.44 -642.57 -323.56 -147.37 -196.21 -44.54 -10.23 -161.01 -34.76 -159.81 -379.01
0.00 0.00 0.00 0.00 0.00 0.00 0.00 0.00 0.00 0.00 -36.85 -1.66 -0.01 -0.00 -0.00 0.00 -0.00 -0.00 -0.00 -3.37 -190.37 -38.58 -4.68 -3.85 -0.06 -0.00 -4.24 -0.15 -3.24 -53.19 -405.31 -149.52 -45.33 -56.28 -6.02 -0.48 -46.65 -4.82 -44.39 -186.44 -642.57 -323.56 -147.37 -196.21 -44.54 -10.23 -161.01 -34.76 -159.81 -379.01
0.00 0.00 0.00 0.00 0.00 0.00 0.00 0.00 0.00 0.00 -36.85 -1.66 -0.01 -0.00 -0.00 0.00 -0.00 -0.00 -0.00 -3.37 -190.37 -38.58 -4.68 -3.85 -0.06 -0.00 -4.24 -0.15 -3.24 -53.19 -405.31 -149.52 -45.33 -56.28 -6.02 -0.48 -46.65 -4.82 -44.39 -186.44 -642.57 -323.56 -147.37 -196.21 -44.54 -10.23 -161.01 -34.76 -159.81 -379.01
0.00 0.00 0.00 0.00 0.00 0.00 0.00 0.00 0.00 0.00 -36.85 -1.66 -0.01 -0.00 -0.00 0.00 -0.00 -0.00 -0.00 -3.37 -190.37 -38.58 -4.68 -3.85 -0.06 -0.00 -4.24 -0.15 -3.24 -53.19 -405.31 -149.52 -45.33 -56.28 -6.02 -0.48 -46.65 -4.82 -44.39 -186.44 -642.57 -323.56 -147.37 -196.21 -44.54 -10.23 -161.01 -34.76 -159.81 -379.01
0.00 0.00 0.00 0.00 0.00 0.00 0.00 0.00 0.00 0.00 -36.85 -1.66 -0.01 -0.00 -0.00 0.00 -0.00 -0.00 -0.00 -3.37 -190.37 -38.58 -4.68 -3.85 -0.06 -0.00 -4.24 -0.15 -3.24 -53.19 -405.31 -149.52 -45.33 -56.28 -6.02 -0.48 -46.65 -4.82 -44.39 -186.44 -642.57 -323.56 -147.37 -196.21 -44.54 -10.23 -161.01 -34.76 -159.81 -379.01
0.00 0.00 0.00 0.00 0.00 0.00 0.00 0.00 0.00 0.00 -36.85 -1.66 -0.01 -0.00 -0.00 0.00 -0.00 -0.00 -0.00 -3.37 -190.37 -38.58 -4.68 -3.85 -0.06 -0.00 -4.24 -0.15 -3.24 -53.19 -405.31 -149.52 -45.33 -56.28 -6.02 -0.48 -46.65 -4.82 -44.39 -186.44 -642.57 -323.56 -147.37 -196.21 -44.54 -10.23 -161.01 -34.76 -159.81 -379.01
0.00 0.00 0.00 0.00 0.00 0.00 0.00 0.00 0.00 0.00 -36.85 -1.66 -0.01 -0.00 -0.00 0.00 -0.00 -0.00 -0.00 -3.37 -190.37 -38.58 -4.68 -3.85 -0.06 -0.00 -4.24 -0.15 -3.24 -53.19 -405.31 -149.52 -45.33 -56.28 -6.02 -0.48 -46.65 -4.82 -44.39 -186.44 -642.57 -323.56 -147.37 -196.21 -44.54 -10.23 -161.01 -34.76 -159.81 -379.01
0.00 0.00 0.00 0.00 0.00 0.00 0.00 0.00 0.00 0.00 -36.85 -1.66 -0.01 -0.00 -0.00 0.00 -0.00 -0.00 -0.00 -3.37 -190.37 -38.58 -4.68 -3.85 -0.06 -0.00 -4.24 -0.15 -3.24 -53.19 -405.31 -149.52 -45.33 -56.28 -6.02 -0.48 -46.65 -4.82 -44.39 -186.44 -642.57 -323.56 -147.37 -196.21 -44.54 -10.23 -161.01 -34.76 -159.81 -379.01
0.00 0.00 0.00 0.00 0.00 0.00 0.00 0.00 0.00 0.00 -36.85 -1.66 -0.01 -0.00 -0.00 0.00 -0.00 -0.00 -0.00 -3.37 -190.37 -38.58 -4.68 -3.85 -0.06 -0.00 -4.24 -0.15 -3.24 -53.19 -405.31 -149.52 -45.33 -56.28 -6.02 -0.48 -46.65 -4.82 -44.39 -186.44 -642.57 -323.56 -147.37 -196.21 -44.54 -10.23 -161.01 -34.76 -159.81 -379.01
0.00 0.00 0.00 0.00 0.00 0.00 0.00 0.00 0.00 0.00 -36.85 -1.66 -0.01 -0.00 -0.00 0.00 -0.00 -0.00 -0.00 -3.37 -190.37 -38.58 -4.68 -3.85 -0.06 -0.00 -4.24 -0.15 -3.24 -53.19 -405.31 -149.52 -45.33 -56.28 -6.02 -0.48 -46.65 -4.82 -44.39 -186.44 -642.57 -323.56 -147.37 -196.21 -44.54 -10.23 -161.01 -34.76 -159.81 -379.01
0.00 0.00 0.00 0.00 0.00 0.00 0.00 0.00 0.00 0.00 -36.85 -1.66 -0.01 -0.00 -0.00 0.00 -0.00 -0.00 -0.00 -3.37 -190.37 -38.58 -4.68 -3.85 -0.06 -0.00 -4.24 -0.15 -3.24 -53.19 -405.31 -149.52 -45.33 -56.28 -6.02 -0.48 -46.65 -4.82 -44.39 -186.44 -642.57 -323.56 -147.37 -196.21 -44.54 -10.23 -161.01 -34.76 -159.81 -379.01
0.00 0.00 0.00 0.00 0.00 0.00 0.00 0.00 0.00 0.00 -36.85 -1.66 -0.01 -0.00 -0.00 0.00 -0.00 -0.00 -0.00 -3.37 -190.37 -38.58 -4.68 -3.85 -0.06 -0.00 -4.24 -0.15 -3.24 -53.19 -405.31 -149.52 -45.33 -56.28 -6.02 -0.48 -46.65 -4.82 -44.39 -186.44 -642.57 -323.56 -147.37 -196.21 -44.54 -10.23 -161.01 -34.76 -159.81 -379.01
0.00 0.00 0.00 0.00 0.00 0.00 0.00 0.00 0.00 0.00 -36.85 -1.66 -0.01 -0.00 -0.00 0.00 -0.00 -0.00 -0.00 -3.37 -190.37 -38.58 -4.68 -3.85 -0.06 -0.00 -4.24 -0.15 -3.24 -53.19 -405.31 -149.52 -45.33 -56.28 -6.02 -0.48 -46.65 -4.82 -44.39 -186.44 -642.57 -323.56 -147.37 -196.21 -44.54 -10.23 -161.01 -34.76 -159.81 -379.01
0.00 0.00 0.00 0.00 0.00 0.00 0.00 0.00 0.00 0.00 -36.85 -1.66 -0.01 -0.00 -0.00 0.00 -0.00 -0.00 -0.00 -3.37 -190.37 -38.58 -4.68 -3.85 -0.06 -0.00 -4.24 -0.15 -3.24 -53.19 -405.31 -149.52 -45.33 -56.28 -6.02 -0.48 -46.65 -4.82 -44.39 -186.44 -642.57 -323.56 -147.37 -196.21 -44.54 -10.23 -161.01 -34.76 -159.81 -379.01
0.00 0.00 0.00 0.00 0.00 0.00 0.00 0.00 0.00 0.00 -36.85 -1.66 -0.01 -0.00 -0.00 0.00 -0.00 -0.00 -0.00 -3.37 -190.37 -38.58 -4.68 -3.85 -0.06 -0.00 -4.24 -0.15 -3.24 -53.19 -405.31 -149.52 -45.33 -56.28 -6.02 -0.48 -46.65 -4.82 -44.39 -186.44 -642.57 -323.56 -147.37 -196.21 -44.54 -10.23 -161.01 -34.76 -159.81 -379.01
0.00 0.00 0.00 0.00 0.00 0.00 0.00 0.00 0.00 0.00 -36.85 -1.66 -0.01 -0.00 -0.00 0.00 -0.00 -0.00 -0.00 -3.37 -190.37 -38.58 -4.68 -3.85 -0.06 -0.00 -4.24 -0.15 -3.24 -53.19 -405.31 -149.52 -45.33 -56.28 -6.02 -0.48 -46.65 -4.82 -44.39 -186.44 -642.57 -323.56 -147.37 -196.21 -44.54 -10.23 -161.01 -34.76 -159.81 -379.01
0.00 0.00 0.00 0.00 0.00 0.00 0.00 0.00 0.00 0.00 -36.85 -1.66 -0.01 -0.00 -0.00 0.00 -0.00 -0.00 -0.00 -3.37 -190.37 -38.58 -4.68 -3.85 -0.06 -0.00 -4.24 -0.15 -3.24 -53.19 -405.31 -149.52 -45.33 -56.28 -6.02 -0.48 -46.65 -4.82 -44.39 -186.44 -642.57 -323.56 -147.37 -196.21 -44.54 -10.23 -161.01 -34.76 -159.81 -379.01
0.00 0.00 0.00 0.00 0.00 0.00 0.00 0.00 0.00 0.00 -36.85 -1.66 -0.01 -0.00 -0.00 0.00 -0.00 -0.00 -0.00 -3.37 -190.37 -38.58 -4.68 -3.85 -0.06 -0.00 -4.24 -0.15 -3.24 -53.19 -405.31 -149.52 -45.33 -56.28 -6.02 -0.48 -46.65 -4.82 -44.39 -186.44 -642.57 -323.56 -147.37 -196.21 -44.54 -10.23 -161.01 -34.76 -159.81 -379.01
0.00 0.00 0.00 0.00 0.00 0.00 0.00 0.00 0.00 0.00 -36.85 -1.66 -0.01 -0.00 -0.00 0.00 -0.00 -0.00 -0.00 -3.37 -190.37 -38.58 -4.68 -3.85 -0.06 -0.00 -4.24 -0.15 -3.24 -53.19 -405.31 -149.52 -45.33 -56.28 -6.02 -0.48 -46.65 -4.82 -44.39 -186.44 -642.57 -323.56 -147.37 -196.21 -44.54 -10.23 -161.01 -34.76 -159.81 -379.01
0.00 0.00 0.00 0.00 0.00 0.00 0.00 0.00 0.00 0.00 -36.85 -1.66 -0.01 -0.00 -0.00 0.00 -0.00 -0.00 -0.00 -3.37 -190.37 -38.58 -4.68 -3.85 -0.06 -0.00 -4.24 -0.15 -3.24 -53.19 -405.31 -149.52 -45.33 -56.28 -6.02 -0.48 -46.65 -4.82 -44.39 -186.44 -642.57 -323.56 -147.37 -196.21 -44.54 -10.23 -161.01 -34.76 -159.81 -379.01
0.00 0.00 0.00 0.00 0.00 0.00 0.00 0.00 0.00 0.00 -36.85 -1.66 -0.01 -0.00 -0.00 0.00 -0.00 -0.00 -0.00 -3.37 -190.37 -38.58 -4.68 -3.85 -0.06 -0.00 -4.24 -0.15 -3.24 -53.19 -405.31 -149.52 -45.33 -56.28 -6.02 -0.48 -46.65 -4.82 -44.39 -186.44 -642.57 -323.56 -147.37 -196.21 -44.54 -10.23 -161.01 -34.76 -159.81 -379.01
0.00 0.00 0.00 0.00 0.00 0.00 0.00 0.00 0.00 0.00 -36.85 -1.66 -0.01 -0.00 -0.00 0.00 -0.00 -0.00 -0.00 -3.37 -190.37 -38.58 -4.68 -3.85 -0.06 -0.00 -4.24 -0.15 -3.24 -53.19 -405.31 -149.52 -45.33 -56.28 -6.02 -0.48 -46.65 -4.82 -44.39 -186.44 -642.57 -323.56 -147.37 -196.21 -44.54 -10.23 -161.01 -34.76 -159.81 -379.01
0.00 0.00 0.00 0.00 0.00 0.00 0.00 0.00 0.00 0.00 -36.85 -1.66 -0.01 -0.00 -0.00 0.00 -0.00 -0.00 -0.00 -3.37 -190.37 -38.58 -4.68 -3.85 -0.06 -0.00 -4.24 -0.15 -3.24 -53.19 -405.31 -149.52 -45.33 -56.28 -6.02 -0.48 -46.65 -4.82 -44.39 -186.44 -642.57 -323.56 -147.37 -196.21 -44.54 -10.23 -161.01 -34.76 -159.81 -379.01
0.00 0.00 0.00 0.00 0.00 0.00 0.00 0.00 0.00 0.00 -36.85 -1.66 -0.01 -0.00 -0.00 0.00 -0.00 -0.00 -0.00 -3.37 -190.37 -38.58 -4.68 -3.85 -0.06 -0.00 -4.24 -0.15 -3.24 -53.19 -405.31 -149.52 -45.33 -56.28 -6.02 -0.48 -46.65 -4.82 -44.39 -186.44 -642.57 -323.56 -147.37 -196.21 -44.54 -10.23 -161.01 -34.76 -159.81 -379.01
0.00 0.00 0.00 0.00 0.00 0.00 0.00 0.00 0.00 0.00 -36.85 -1.66 -0.01 -0.00 -0.00 0.00 -0.00 -0.00 -0.00 -3.37 -190.37 -38.58 -4.68 -3.85 -0.06 -0.00 -4.24 -0.15 -3.24 -53.19 -405.31 -149.52 -45.33 -56.28 -6.02 -0.48 -46.65 -4.82 -44.39 -186.44 -642.57 -323.56 -147.37 -196.21 -44.54 -10.23 -161.01 -34.76 -159.81 -379.01
0.00 0.00 0.00 0.00 0.00 0.00 0.00 0.00 0.00 0.00 -36.85 -1.66 -0.01 -0.00 -0.00 0.00 -0.00 -0.00 -0.00 -3.37 -190.37 -38.58 -4.68 -3.85 -0.06 -0.00 -4.24 -0.15 -3.24 -53.19 -405.31 -149.52 -45.33 -56.28 -6.02 -0.48 -46.65 -4.82 -44.39 -186.44 -642.57 -323.56 -147.37 -196.21 -44.54 -10.23 -161.01 -34.76 -159.81 -379.01
0.00 0.00 0.00 0.00 0.00 0.00 0.00 0.00 0.00 0.00 -36.85 -1.66 -0.01 -0.00 -0.00 0.00 -0.00 -0.00 -0.00 -3.37 -190.37 -38.58 -4.68 -3.85 -0.06 -0.00 -4.24 -0.15 -3.24 -53.19 -405.31 -149.52 -45.33 -56.28 -6.02 -0.48 -46.65 -4.82 -44.39 -186.44 -642.57 -323.56 -147.37 -196.21 -44.54 -10.23 -161.01 -34.76 -159.81 -379.01
0.00 0.00 0.00 0.00 0.00 0.00 0.00 0.00 0.00 0.00 -36.85 -1.66 -0.01 -0.00 -0.00 0.00 -0.00 -0.00 -0.00 -3.37 -190.37 -38.58 -4.68 -3.85 -0.06 -0.00 -4.24 -0.15 -3.24 -53.19 -405.31 -149.52 -45.33 -56.28 -6.02 -0.48 -46.65 -4.82 -44.39 -186.44 -642.57 -323.56 -147.37 -196.21 -44.54 -10.23 -161.01 -34.76 -159.81 -379.01
0.00 0.00 0.00 0.00 0.00 0.00 0.00 0.00 0.00 0.00 -36.85 -1.66 -0.01 -0.00 -0.00 0.00 -0.00 -0.00 -0.00 -3.37 -190.37 -38.58 -4.68 -3.85 -0.06 -0.00 -4.24 -0.15 -3.24 -53.19 -405.31 -149.52 -45.33 -56.28 -6.02 -0.48 -46.65 -4.82 -44.39 -186.44 -642.57 -323.56 -147.37 -196.21 -44.54 -10.23 -161.01 -34.76 -159.81 -379.01
0.00 0.00 0.00 0.00 0.00 0.00 0.00 0.00 0.00 0.00 -36.85 -1.66 -0.01 -0.00 -0.00 0.00 -0.00 -0.00 -0.00 -3.37 -190.37 -38.58 -4.68 -3.85 -0.06 -0.00 -4.24 -0.15 -3.24 -53.19 -405.31 -149.52 -45.33 -56.28 -6.02 -0.48 -46.65 -4.82 -44.39 -186.44 -642.57 -323.56 -147.37 -196.21 -44.54 -10.23 -161.01 -34.76 -159.81 -379.01
0.00 0.00 0.00 0.00 0.00 0.00 0.00 0.00 0.00 0.00 -36.85 -1.66 -0.01 -0.00 -0.00 0.00 -0.00 -0.00 -0.00 -3.37 -190.37 -38.58 -4.68 -3.85 -0.06 -0.00 -4.24 -0.15 -3.24 -53.19 -405.31 -149.52 -45.33 -56.28 -6.02 -0.48 -46.65 -4.82 -44.39 -186.44 -642.57 -323.56 -147.37 -196.21 -44.54 -10.23 -161.01 -34.76 -159.81 -379.01
0.00 0.00 0.00 0.00 0.00 0.00 0.00 0.00 0.00 0.00 -36.85 -1.66 -0.01 -0.00 -0.00 0.00 -0.00 -0.00 -0.00 -3.37 -190.37 -38.58 -4.68 -3.85 -0.06 -0.00 -4.24 -0.15 -3.24 -53.19 -405.31 -149.52 -45.33 -56.28 -6.02 -0.48 -46.65 -4.82 -44.39 -186.44 -642.57 -323.56 -147.37 -196.21 -44.54 -10.23 -161.01 -34.76 -159.81 -379.01
0.00 0.00 0.00 0.00 0.00 0.00 0.00 0.00 0.00 0.00 -36.85 -1.66 -0.01 -0.00 -0.00 0.00 -0.00 -0.00 -0.00 -3.37 -190.37 -38.58 -4.68 -3.85 -0.06 -0.00 -4.24 -0.15 -3.24 -53.19 -405.31 -149.52 -45.33 -56.28 -6.02 -0.48 -46.65 -4.82 -44.39 -186.44 -642.57 -323.56 -147.37 -196.21 -44.54 -10.23 -161.01 -34.76 -159.81 -379.01
0.00 0.00 0.00 0.00 0.00 0.00 0.00 0.00 0.00 0.00 -36.85 -1.66 -0.01 -0.00 -0.00 0.00 -0.00 -0.00 -0.00 -3.37 -190.37 -38.58 -4.68 -3.85 -0.06 -0.00 -4.24 -0.15 -3.24 -53.19 -405.31 -149.52 -45.33 -56.28 -6.02 -0.48 -46.65 -4.82 -44.39 -186.44 -642.57 -323.56 -147.37 -196.21 -44.54 -10.23 -161.01 -34.76 -159.81 -379.01
0.00 0.00 0.00 0.00 0.00 0.00 0.00 0.00 0.00 0.00 -36.85 -1.66 -0.01 -0.00 -0.00 0.00 -0.00 -0.00 -0.00 -3.37 -190.37 -38.58 -4.68 -3.85 -0.06 -0.00 -4.24 -0.15 -3.24 -53.19 -405.31 -149.52 -45.33 -56.28 -6.02 -0.48 -46.65 -4.82 -44.39 -186.44 -642.57 -323.56 -147.37 -196.21 -44.54 -10.23 -161.01 -34.76 -159.81 -379.01
0.00 0.00 0.00 0.00 0.00 0.00 0.00 0.00 0.00 0.00 -36.85 -1.66 -0.01 -0.00 -0.00 0.00 -0.00 -0.00 -0.00 -3.37 -190.37 -38.58 -4.68 -3.85 -0.06 -0.00 -4.24 -0.15 -3.24 -53.19 -405.31 -149.52 -45.33 -56.28 -6.02 -0.48 -46.65 -4.82 -44.39 -186.44 -642.57 -323.56 -147.37 -196.21 -44.54 -10.23 -161.01 -34.76 -159.81 -379.01
0.00 0.00 0.00 0.00 0.00 0.00 0.00 0.00 0.00 0.00 -36.85 -1.66 -0.01 -0.00 -0.00 0.00 -0.00 -0.00 -0.00 -3.37 -190.37 -38.58 -4.68 -3.85 -0.06 -0.00 -4.24 -0.15 -3.24 -53.19 -405.31 -149.52 -45.33 -56.28 -6.02 -0.48 -46.65 -4.82 -44.39 -186.44 -642.57 -323.56 -147.37 -196.21 -44.54 -10.23 -161.01 -34.76 -159.81 -379.01
0.00 0.00 0.00 0.00 0.00 0.00 0.00 0.00 0.00 0.00 -36.85 -1.66 -0.01 -0.00 -0.00 0.00 -0.00 -0.00 -0.00 -3.37 -190.37 -38.58 -4.68 -3.85 -0.06 -0.00 -4.24 -0.15 -3.24 -53.19 -405.31 -149.52 -45.33 -56.28 -6.02 -0.48 -46.65 -4.82 -44.39 -186.44 -642.57 -323.56 -147.37 -196.21 -44.54 -10.23 -161.01 -34.76 -159.81 -379.01
0.00 0.00 0.00 0.00 0.00 0.00 0.00 0.00 0.00 0.00 -36.85 -1.66 -0.01 -0.00 -0.00 0.00 -0.00 -0.00 -0.00 -3.37 -190.37 -38.58 -4.68 -3.85 -0.06 -0.00 -4.24 -0.15 -3.24 -53.19 -405.31 -149.52 -45.33 -56.28 -6.02 -0.48 -46.65 -4.82 -44.39 -186.44 -642.57 -323.56 -147.37 -196.21 -44.54 -10.23 -161.01 -34.76 -159.81 -379.01
0.00 0.00 0.00 0.00 0.00 0.00 0.00 0.00 0.00 0.00 -36.85 -1.66 -0.01 -0.00 -0.00 0.00 -0.00 -0.00 -0.00 -3.37 -190.37 -38.58 -4.68 -3.85 -0.06 -0.00 -4.24 -0.15 -3.24 -53.19 -405.31 -149.52 -45.33 -56.28 -6.02 -0.48 -46.65 -4.82 -44.39 -186.44 -642.57 -323.56 -147.37 -196.21 -44.54 -10.23 -161.01 -34.76 -159.81 -379.01
0.00 0.00 0.00 0.00 0.00 0.00 0.00 0.00 0.00 0.00 -36.85 -1.66 -0.01 -0.00 -0.00 0.00 -0.00 -0.00 -0.00 -3.37 -190.37 -38.58 -4.68 -3.85 -0.06 -0.00 -4.24 -0.15 -3.24 -53.19 -405.31 -149.52 -45.33 -56.28 -6.02 -0.48 -46.65 -4.82 -44.39 -186.44 -642.57 -323.56 -147.37 -196.21 -44.54 -10.23 -161.01 -34.76 -159.81 -379.01
0.00 0.00 0.00 0.00 0.00 0.00 0.00 0.00 0.00 0.00 -36.85 -1.66 -0.01 -0.00 -0.00 0.00 -0.00 -0.00 -0.00 -3.37 -190.37 -38.58 -4.68 -3.85 -0.06 -0.00 -4.24 -0.15 -3.24 -53.19 -405.31 -149.52 -45.33 -56.28 -6.02 -0.48 -46.65 -4.82 -44.39 -186.44 -642.57 -323.56 -147.37 -196.21 -44.54 -10.23 -161.01 -34.76 -159.81 -379.01
0.00 0.00 0.00 0.00 0.00 0.00 0.00 0.00 0.00 0.00 -36.85 -1.66 -0.01 -0.00 -0.00 0.00 -0.00 -0.00 -0.00 -3.37 -190.37 -38.58 -4.68 -3.85 -0.06 -0.00 -4.24 -0.15 -3.24 -53.19 -405.31 -149.52 -45.33 -56.28 -6.02 -0.48 -46.65 -4.82 -44.39 -186.44 -642.57 -323.56 -147.37 -196.21 -44.54 -10.23 -161.01 -34.76 -159.81 -379.01
0.00 0.00 0.00 0.00 0.00 0.00 0.00 0.00 0.00 0.00 -36.85 -1.66 -0.01 -0.00 -0.00 0.00 -0.00 -0.00 -0.00 -3.37 -190.37 -38.58 -4.68 -3.85 -0.06 -0.00 -4.24 -0.15 -3.24 -53.19 -405.31 -149.52 -45.33 -56.28 -6.02 -0.48 -46.65 -4.82 -44.39 -186.44 -642.57 -323.56 -147.37 -196.21 -44.54 -10.23 -161.01 -34.76 -159.81 -379.01
0.00 0.00 0.00 0.00 0.00 0.00 0.00 0.00 0.00 0.00 -36.85 -1.66 -0.01 -0.00 -0.00 0.00 -0.00 -0.00 -0.00 -3.37 -190.37 -38.58 -4.68 -3.85 -0.06 -0.00 -4.24 -0.15 -3.24 -53.19 -405.31 -149.52 -45.33 -56.28 -6.02 -0.48 -46.65 -4.82 -44.39 -186.44 -642.57 -323.56 -147.37 -196.21 -44.54 -10.23 -161.01 -34.76 -159.81 -379.01
0.00 0.00 0.00 0.00 0.00 0.00 0.00 0.00 0.00 0.00 -36.85 -1.66 -0.01 -0.00 -0.00 0.00 -0.00 -0.00 -0.00 -3.37 -190.37 -38.58 -4.68 -3.85 -0.06 -0.00 -4.24 -0.15 -3.24 -53.19 -405.31 -149.52 -45.33 -56.28 -6.02 -0.48 -46.65 -4.82 -44.39 -186.44 -642.57 -323.56 -147.37 -196.21 -44.54 -10.23 -161.01 -34.76 -159.81 -379.01
0.00 0.00 0.00 0.00 0.00 0.00 0.00 0.00 0.00 0.00 -36.85 -1.66 -0.01 -0.00 -0.00 0.00 -0.00 -0.00 -0.00 -3.37 -190.37 -38.58 -4.68 -3.85 -0.06 -0.00 -4.24 -0.15 -3.24 -53.19 -405.31 -149.52 -45.33 -56.28 -6.02 -0.48 -46.65 -4.82 -44.39 -186.44 -642.57 -323.56 -147.37 -196.21 -44.54 -10.23 -161.01 -34.76 -159.81 -379.01
0.00 0.00 0.00 0.00 0.00 0.00 0.00 0.00 0.00 0.00 -36.85 -1.66 -0.01 -0.00 -0.00 0.00 -0.00 -0.00 -0.00 -3.37 -190.37 -38.58 -4.68 -3.85 -0.06 -0.00 -4.24 -0.15 -3.24 -53.19 -405.31 -149.52 -45.33 -56.28 -6.02 -0.48 -46.65 -4.82 -44.39 -186.44 -642.57 -323.56 -147.37 -196.21 -44.54 -10.23 -161.01 -34.76 -159.81 -379.01
0.00 0.00 0.00 0.00 0.00 0.00 0.00 0.00 0.00 0.00 -36.85 -1.66 -0.01 -0.00 -0.00 0.00 -0.00 -0.00 -0.00 -3.37 -190.37 -38.58 -4.68 -3.85 -0.06 -0.00 -4.24 -0.15 -3.24 -53.19 -405.31 -149.52 -45.33 -56.28 -6.02 -0.48 -46.65 -4.82 -44.39 -186.44 -642.57 -323.56 -147.37 -196.21 -44.54 -10.23 -161.01 -34.76 -159.81 -379.01
0.00 0.00 0.00 0.00 0.00 0.00 0.00 0.00 0.00 0.00 -36.85 -1.66 -0.01 -0.00 -0.00 0.00 -0.00 -0.00 -0.00 -3.37 -190.37 -38.58 -4.68 -3.85 -0.06 -0.00 -4.24 -0.15 -3.24 -53.19 -405.31 -149.52 -45.33 -56.28 -6.02 -0.48 -46.65 -4.82 -44.39 -186.44 -642.57 -323.56 -147.37 -196.21 -44.54 -10.23 -161.01 -34.76 -159.81 -379.01
0.00 0.00 0.00 0.00 0.00 0.00 0.00 0.00 0.00 0.00 -36.85 -1.66 -0.01 -0.00 -0.00 0.00 -0.00 -0.00 -0.00 -3.37 -190.37 -38.58 -4.68 -3.85 -0.06 -0.00 -4.24 -0.15 -3.24 -53.19 -405.31 -149.52 -45.33 -56.28 -6.02 -0.48 -46.65 -4.82 -44.39 -186.44 -642.57 -323.56 -147.37 -196.21 -44.54 -10.23 -161.01 -34.76 -159.81 -379.01
0.00 0.00 0.00 0.00 0.00 0.00 0.00 0.00 0.00 0.00 -36.85 -1.66 -0.01 -0.00 -0.00 0.00 -0.00 -0.00 -0.00 -3.37 -190.37 -38.58 -4.68 -3.85 -0.06 -0.00 -4.24 -0.15 -3.24 -53.19 -405.31 -149.52 -45.33 -56.28 -6.02 -0.48 -46.65 -4.82 -44.39 -186.44 -642.57 -323.56 -147.37 -196.21 -44.54 -10.23 -161.01 -34.76 -159.81 -379.01
0.00 0.00 0.00 0.00 0.00 0.00 0.00 0.00 0.00 0.00 -36.85 -1.66 -0.01 -0.00 -0.00 0.00 -0.00 -0.00 -0.00 -3.37 -190.37 -38.58 -4.68 -3.85 -0.06 -0.00 -4.24 -0.15 -3.24 -53.19 -405.31 -149.52 -45.33 -56.28 -6.02 -0.48 -46.65 -4.82 -44.39 -186.44 -642.57 -323.56 -147.37 -196.21 -44.54 -10.23 -161.01 -34.76 -159.81 -379.01
0.00 0.00 0.00 0.00 0.00 0.00 0.00 0.00 0.00 0.00 -36.85 -1.66 -0.01 -0.00 -0.00 0.00 -0.00 -0.00 -0.00 -3.37 -190.37 -38.58 -4.68 -3.85 -0.06 -0.00 -4.24 -0.15 -3.24 -53.19 -405.31 -149.52 -45.33 -56.28 -6.02 -0.48 -46.65 -4.82 -44.39 -186.44 -642.57 -323.56 -147.37 -196.21 -44.54 -10.23 -161.01 -34.76 -159.81 -379.01
0.00 0.00 0.00 0.00 0.00 0.00 0.00 0.00 0.00 0.00 -36.85 -1.66 -0.01 -0.00 -0.00 0.00 -0.00 -0.00 -0.00 -3.37 -190.37 -38.58 -4.68 -3.85 -0.06 -0.00 -4.24 -0.15 -3.24 -53.19 -405.31 -149.52 -45.33 -56.28 -6.02 -0.48 -46.65 -4.82 -44.39 -186.44 -642.57 -323.56 -147.37 -196.21 -44.54 -10.23 -161.01 -34.76 -159.81 -379.01
0.00 0.00 0.00 0.00 0.00 0.00 0.00 0.00 0.00 0.00 -36.85 -1.66 -0.01 -0.00 -0.00 0.00 -0.00 -0.00 -0.00 -3.37 -190.37 -38.58 -4.68 -3.85 -0.06 -0.00 -4.24 -0.15 -3.24 -53.19 -405.31 -149.52 -45.33 -56.28 -6.02 -0.48 -46.65 -4.82 -44.39 -186.44 -642.57 -323.56 -147.37 -196.21 -44.54 -10.23 -161.01 -34.76 -159.81 -379.01
0.00 0.00 0.00 0.00 0.00 0.00 0.00 0.00 0.00 0.00 -36.85 -1.66 -0.01 -0.00 -0.00 0.00 -0.00 -0.00 -0.00 -3.37 -190.37 -38.58 -4.68 -3.85 -0.06 -0.00 -4.24 -0.15 -3.24 -53.19 -405.31 -149.52 -45.33 -56.28 -6.02 -0.48 -46.65 -4.82 -44.39 -186.44 -642.57 -323.56 -147.37 -196.21 -44.54 -10.23 -161.01 -34.76 -159.81 -379.01
0.00 0.00 0.00 0.00 0.00 0.00 0.00 0.00 0.00 0.00 -36.85 -1.66 -0.01 -0.00 -0.00 0.00 -0.00 -0.00 -0.00 -3.37 -190.37 -38.58 -4.68 -3.85 -0.06 -0.00 -4.24 -0.15 -3.24 -53.19 -405.31 -149.52 -45.33 -56.28 -6.02 -0.48 -46.65 -4.82 -44.39 -186.44 -642.57 -323.56 -147.37 -196.21 -44.54 -10.23 -161.01 -34.76 -159.81 -379.01
0.00 0.00 0.00 0.00 0.00 0.00 0.00 0.00 0.00 0.00 -36.85 -1.66 -0.01 -0.00 -0.00 0.00 -0.00 -0.00 -0.00 -3.37 -190.37 -38.58 -4.68 -3.85 -0.06 -0.00 -4.24 -0.15 -3.24 -53.19 -405.31 -149.52 -45.33 -56.28 -6.02 -0.48 -46.65 -4.82 -44.39 -186.44 -642.57 -323.56 -147.37 -196.21 -44.54 -10.23 -161.01 -34.76 -159.81 -379.01
0.00 0.00 0.00 0.00 0.00 0.00 0.00 0.00 0.00 0.00 -36.85 -1.66 -0.01 -0.00 -0.00 0.00 -0.00 -0.00 -0.00 -3.37 -190.37 -38.58 -4.68 -3.85 -0.06 -0.00 -4.24 -0.15 -3.24 -53.19 -405.31 -149.52 -45.33 -56.28 -6.02 -0.48 -46.65 -4.82 -44.39 -186.44 -642.57 -323.56 -147.37 -196.21 -44.54 -10.23 -161.01 -34.76 -159.81 -379.01
0.00 0.00 0.00 0.00 0.00 0.00 0.00 0.00 0.00 0.00 -36.85 -1.66 -0.01 -0.00 -0.00 0.00 -0.00 -0.00 -0.00 -3.37 -190.37 -38.58 -4.68 -3.85 -0.06 -0.00 -4.24 -0.15 -3.24 -53.19 -405.31 -149.52 -45.33 -56.28 -6.02 -0.48 -46.65 -4.82 -44.39 -186.44 -642.57 -323.56 -147.37 -196.21 -44.54 -10.23 -161.01 -34.76 -159.81 -379.01
0.00 0.00 0.00 0.00 0.00 0.00 0.00 0.00 0.00 0.00 -36.85 -1.66 -0.01 -0.00 -0.00 0.00 -0.00 -0.00 -0.00 -3.37 -190.37 -38.58 -4.68 -3.85 -0.06 -0.00 -4.24 -0.15 -3.24 -53.19 -405.31 -149.52 -45.33 -56.28 -6.02 -0.48 -46.65 -4.82 -44.39 -186.44 -642.57 -323.56 -147.37 -196.21 -44.54 -10.23 -161.01 -34.76 -159.81 -379.01
0.00 0.00 0.00 0.00 0.00 0.00 0.00 0.00 0.00 0.00 -36.85 -1.66 -0.01 -0.00 -0.00 0.00 -0.00 -0.00 -0.00 -3.37 -190.37 -38.58 -4.68 -3.85 -0.06 -0.00 -4.24 -0.15 -3.24 -53.19 -405.31 -149.52 -45.33 -56.28 -6.02 -0.48 -46.65 -4.82 -44.39 -186.44 -642.57 -323.56 -147.37 -196.21 -44.54 -10.23 -161.01 -34.76 -159.81 -379.01
0.00 0.00 0.00 0.00 0.00 0.00 0.00 0.00 0.00 0.00 -37.76 -1.79 -0.01 -0.00 -0.00 0.00 -0.00 -0.00 -0.00 -3.17 -193.32 -40.24 -5.26 -2.27 -0.14 -0.00 -5.11 -6.53 -3.83 -62.02 -409.66 -154.28 -49.17 -35.56 -9.46 -0.68 -55.10 -67.26 -45.26 -210.95 -647.68 -331.59 -156.21 -134.78 -64.46 -12.12 -174.63 -201.33 -154.47 -415.18
0.00 0.00 0.00 0.00 0.00 0.00 0.00 0.00 0.00 0.00 -37.76 -1.79 -0.01 -0.00 -0.00 0.00 -0.00 -0.00 -0.00 -3.17 -193.32 -40.24 -5.26 -2.27 -0.14 -0.00 -5.11 -6.53 -3.83 -62.02 -409.66 -154.28 -49.17 -35.56 -9.46 -0.68 -55.10 -67.26 -45.26 -210.95 -647.68 -331.59 -156.21 -134.78 -64.46 -12.12 -174.63 -201.33 -154.47 -415.18
0.00 0.00 0.00 0.00 0.00 0.00 0.00 0.00 0.00 0.00 -37.76 -1.79 -0.01 -0.00 -0.00 0.00 -0.00 -0.00 -0.00 -3.17 -193.32 -40.24 -5.26 -2.27 -0.14 -0.00 -5.11 -6.53 -3.83 -62.02 -409.66 -154.28 -49.17 -35.56 -9.46 -0.68 -55.10 -67.26 -45.26 -210.95 -647.68 -331.59 -156.21 -134.78 -64.46 -12.12 -174.63 -201.33 -154.47 -415.18
0.00 0.00 0.00 0.00 0.00 0.00 0.00 0.00 0.00 0.00 -37.76 -1.79 -0.01 -0.00 -0.00 0.00 -0.00 -0.00 -0.00 -3.17 -193.32 -40.24 -5.26 -2.27 -0.14 -0.00 -5.11 -6.53 -3.83 -62.02 -409.66 -154.28 -49.17 -35.56 -9.46 -0.68 -55.10 -67.26 -45.26 -210.95 -647.68 -331.59 -156.21 -134.78 -64.46 -12.12 -174.63 -201.33 -154.47 -415.18
0.00 0.00 0.00 0.00 0.00 0.00 0.00 0.00 0.00 0.00 -37.76 -1.79 -0.01 -0.00 -0.00 0.00 -0.00 -0.00 -0.00 -3.17 -193.32 -40.24 -5.26 -2.27 -0.14 -0.00 -5.11 -6.53 -3.83 -62.02 -409.66 -154.28 -49.17 -35.56 -9.46 -0.68 -55.10 -67.26 -45.26 -210.95 -647.68 -331.59 -156.21 -134.78 -64.46 -12.12 -174.63 -201.33 -154.47 -415.18
0.00 0.00 0.00 0.00 0.00 0.00 0.00 0.00 0.00 0.00 -37.76 -1.79 -0.01 -0.00 -0.00 0.00 -0.00 -0.00 -0.00 -3.17 -193.32 -40.24 -5.26 -2.27 -0.14 -0.00 -5.11 -6.53 -3.83 -62.02 -409.66 -154.28 -49.17 -35.56 -9.46 -0.68 -55.10 -67.26 -45.26 -210.95 -647.68 -331.59 -156.21 -134.78 -64.46 -12.12 -174.63 -201.33 -154.47 -415.18
0.00 0.00 0.00 0.00 0.00 0.00 0.00 0.00 0.00 0.00 -37.76 -1.79 -0.01 -0.00 -0.00 0.00 -0.00 -0.00 -0.00 -3.17 -193.32 -40.24 -5.26 -2.27 -0.14 -0.00 -5.11 -6.53 -3.83 -62.02 -409.66 -154.28 -49.17 -35.56 -9.46 -0.68 -55.10 -67.26 -45.26 -210.95 -647.68 -331.59 -156.21 -134.78 -64.46 -12.12 -174.63 -201.33 -154.47 -415.18
0.00 0.00 0.00 0.00 0.00 0.00 0.00 0.00 0.00 0.00 -37.76 -1.79 -0.01 -0.00 -0.00 0.00 -0.00 -0.00 -0.00 -3.17 -193.32 -40.24 -5.26 -2.27 -0.14 -0.00 -5.11 -6.53 -3.83 -62.02 -409.66 -154.28 -49.17 -35.56 -9.46 -0.68 -55.10 -67.26 -45.26 -210.95 -647.68 -331.59 -156.21 -134.78 -64.46 -12.12 -174.63 -201.33 -154.47 -415.18
0.00 0.00 0.00 0.00 0.00 0.00 0.00 0.00 0.00 0.00 -37.76 -1.79 -0.01 -0.00 -0.00 0.00 -0.00 -0.00 -0.00 -3.17 -193.32 -40.24 -5.26 -2.27 -0.14 -0.00 -5.11 -6.53 -3.83 -62.02 -409.66 -154.28 -49.17 -35.56 -9.46 -0.68 -55.10 -67.26 -45.26 -210.95 -647.68 -331.59 -156.21 -134.78 -64.46 -12.12 -174.63 -201.33 -154.47 -415.18
0.00 0.00 0.00 0.00 0.00 0.00 0.00 0.00 0.00 0.00 -37.76 -1.79 -0.01 -0.00 -0.00 0.00 -0.00 -0.00 -0.00 -3.17 -193.32 -40.24 -5.26 -2.27 -0.14 -0.00 -5.11 -6.53 -3.83 -62.02 -409.66 -154.28 -49.17 -35.56 -9.46 -0.68 -55.10 -67.26 -45.26 -210.95 -647.68 -331.59 -156.21 -134.78 -64.46 -12.12 -174.63 -201.33 -154.47 -415.18
0.00 0.00 0.00 0.00 0.00 0.00 0.00 0.00 0.00 0.00 -37.76 -1.79 -0.01 -0.00 -0.00 0.00 -0.00 -0.00 -0.00 -3.17 -193.32 -40.24 -5.26 -2.27 -0.14 -0.00 -5.11 -6.53 -3.83 -62.02 -409.66 -154.28 -49.17 -35.56 -9.46 -0.68 -55.10 -67.26 -45.26 -210.95 -647.68 -331.59 -156.21 -134.78 -64.46 -12.12 -174.63 -201.33 -154.47 -415.18
0.00 0.00 0.00 0.00 0.00 0.00 0.00 0.00 0.00 0.00 -37.76 -1.79 -0.01 -0.00 -0.00 0.00 -0.00 -0.00 -0.00 -3.17 -193.32 -40.24 -5.26 -2.27 -0.14 -0.00 -5.11 -6.53 -3.83 -62.02 -409.66 -154.28 -49.17 -35.56 -9.46 -0.68 -55.10 -67.26 -45.26 -210.95 -647.68 -331.59 -156.21 -134.78 -64.46 -12.12 -174.63 -201.33 -154.47 -415.18
0.00 0.00 0.00 0.00 0.00 0.00 0.00 0.00 0.00 0.00 -37.76 -1.79 -0.01 -0.00 -0.00 0.00 -0.00 -0.00 -0.00 -3.17 -193.32 -40.24 -5.26 -2.27 -0.14 -0.00 -5.11 -6.53 -3.83 -62.02 -409.66 -154.28 -49.17 -35.56 -9.46 -0.68 -55.10 -67.26 -45.26 -210.95 -647.68 -331.59 -156.21 -134.78 -64.46 -12.12 -174.63 -201.33 -154.47 -415.18
0.00 0.00 0.00 0.00 0.00 0.00 0.00 0.00 0.00 0.00 -37.76 -1.79 -0.01 -0.00 -0.00 0.00 -0.00 -0.00 -0.00 -3.17 -193.32 -40.24 -5.26 -2.27 -0.14 -0.00 -5.11 -6.53 -3.83 -62.02 -409.66 -154.28 -49.17 -35.56 -9.46 -0.68 -55.10 -67.26 -45.26 -210.95 -647.68 -331.59 -156.21 -134.78 -64.46 -12.12 -174.63 -201.33 -154.47 -415.18
0.00 0.00 0.00 0.00 0.00 0.00 0.00 0.00 0.00 0.00 -37.76 -1.79 -0.01 -0.00 -0.00 0.00 -0.00 -0.00 -0.00 -3.17 -193.32 -40.24 -5.26 -2.27 -0.14 -0.00 -5.11 -6.53 -3.83 -62.02 -409.66 -154.28 -49.17 -35.56 -9.46 -0.68 -55.10 -67.26 -45.26 -210.95 -647.68 -331.59 -156.21 -134.78 -64.46 -12.12 -174.63 -201.33 -154.47 -415.18
0.00 0.00 0.00 0.00 0.00 0.00 0.00 0.00 0.00 0.00 -37.76 -1.79 -0.01 -0.00 -0.00 0.00 -0.00 -0.00 -0.00 -3.17 -193.32 -40.24 -5.26 -2.27 -0.14 -0.00 -5.11 -6.53 -3.83 -62.02 -409.66 -154.28 -49.17 -35.56 -9.46 -0.68 -55.10 -67.26 -45.26 -210.95 -647.68 -331.59 -156.21 -134.78 -64.46 -12.12 -174.63 -201.33 -154.47 -415.18
0.00 0.00 0.00 0.00 0.00 0.00 0.00 0.00 0.00 0.00 -37.76 -1.79 -0.01 -0.00 -0.00 0.00 -0.00 -0.00 -0.00 -3.17 -193.32 -40.24 -5.26 -2.27 -0.14 -0.00 -5.11 -6.53 -3.83 -62.02 -409.66 -154.28 -49.17 -35.56 -9.46 -0.68 -55.10 -67.26 -45.26 -210.95 -647.68 -331.59 -156.21 -134.78 -64.46 -12.12 -174.63 -201.33 -154.47 -415.18
0.00 0.00 0.00 0.00 0.00 0.00 0.00 0.00 0.00 0.00 -37.76 -1.79 -0.01 -0.00 -0.00 0.00 -0.00 -0.00 -0.00 -3.17 -193.32 -40.24 -5.26 -2.27 -0.14 -0.00 -5.11 -6.53 -3.83 -62.02 -409.66 -154.28 -49.17 -35.56 -9.46 -0.68 -55.10 -67.26 -45.26 -210.95 -647.68 -331.59 -156.21 -134.78 -64.46 -12.12 -174.63 -201.33 -154.47 -415.18
0.00 0.00 0.00 0.00 0.00 0.00 0.00 0.00 0.00 0.00 -37.76 -1.79 -0.01 -0.00 -0.00 0.00 -0.00 -0.00 -0.00 -3.17 -193.32 -40.24 -5.26 -2.27 -0.14 -0.00 -5.11 -6.53 -3.83 -62.02 -409.66 -154.28 -49.17 -35.56 -9.46 -0.68 -55.10 -67.26 -45.26 -210.95 -647.68 -331.59 -156.21 -134.78 -64.46 -12.12 -174.63 -201.33 -154.47 -415.18
0.00 0.00 0.00 0.00 0.00 0.00 0.00 0.00 0.00 0.00 -37.76 -1.79 -0.01 -0.00 -0.00 0.00 -0.00 -0.00 -0.00 -3.17 -193.32 -40.24 -5.26 -2.27 -0.14 -0.00 -5.11 -6.53 -3.83 -62.02 -409.66 -154.28 -49.17 -35.56 -9.46 -0.68 -55.10 -67.26 -45.26 -210.95 -647.68 -331.59 -156.21 -134.78 -64.46 -12.12 -174.63 -201.33 -154.47 -415.18
0.00 0.00 0.00 0.00 0.00 0.00 0.00 0.00 0.00 0.00 -37.76 -1.79 -0.01 -0.00 -0.00 0.00 -0.00 -0.00 -0.00 -3.17 -193.32 -40.24 -5.26 -2.27 -0.14 -0.00 -5.11 -6.53 -3.83 -62.02 -409.66 -154.28 -49.17 -35.56 -9.46 -0.68 -55.10 -67.26 -45.26 -210.95 -647.68 -331.59 -156.21 -134.78 -64.46 -12.12 -174.63 -201.33 -154.47 -415.18
0.00 0.00 0.00 0.00 0.00 0.00 0.00 0.00 0.00 0.00 -37.76 -1.79 -0.01 -0.00 -0.00 0.00 -0.00 -0.00 -0.00 -3.17 -193.32 -40.24 -5.26 -2.27 -0.14 -0.00 -5.11 -6.53 -3.83 -62.02 -409.66 -154.28 -49.17 -35.56 -9.46 -0.68 -55.10 -67.26 -45.26 -210.95 -647.68 -331.59 -156.21 -134.78 -64.46 -12.12 -174.63 -201.33 -154.47 -415.18
0.00 0.00 0.00 0.00 0.00 0.00 0.00 0.00 0.00 0.00 -37.76 -1.79 -0.01 -0.00 -0.00 0.00 -0.00 -0.00 -0.00 -3.17 -193.32 -40.24 -5.26 -2.27 -0.14 -0.00 -5.11 -6.53 -3.83 -62.02 -409.66 -154.28 -49.17 -35.56 -9.46 -0.68 -55.10 -67.26 -45.26 -210.95 -647.68 -331.59 -156.21 -134.78 -64.46 -12.12 -174.63 -201.33 -154.47 -415.18
0.00 0.00 0.00 0.00 0.00 0.00 0.00 0.00 0.00 0.00 -37.76 -1.79 -0.01 -0.00 -0.00 0.00 -0.00 -0.00 -0.00 -3.17 -193.32 -40.24 -5.26 -2.27 -0.14 -0.00 -5.11 -6.53 -3.83 -62.02 -409.66 -154.28 -49.17 -35.56 -9.46 -0.68 -55.10 -67.26 -45.26 -210.95 -647.68 -331.59 -156.21 -134.78 -64.46 -12.12 -174.63 -201.33 -154.47 -415.18
0.00 0.00 0.00 0.00 0.00 0.00 0.00 0.00 0.00 0.00 -37.76 -1.79 -0.01 -0.00 -0.00 0.00 -0.00 -0.00 -0.00 -3.17 -193.32 -40.24 -5.26 -2.27 -0.14 -0.00 -5.11 -6.53 -3.83 -62.02 -409.66 -154.28 -49.17 -35.56 -9.46 -0.68 -55.10 -67.26 -45.26 -210.95 -647.68 -331.59 -156.21 -134.78 -64.46 -12.12 -174.63 -201.33 -154.47 -415.18
0.00 0.00 0.00 0.00 0.00 0.00 0.00 0.00 0.00 0.00 -37.76 -1.79 -0.01 -0.00 -0.00 0.00 -0.00 -0.00 -0.00 -3.17 -193.32 -40.24 -5.26 -2.27 -0.14 -0.00 -5.11 -6.53 -3.83 -62.02 -409.66 -154.28 -49.17 -35.56 -9.46 -0.68 -55.10 -67.26 -45.26 -210.95 -647.68 -331.59 -156.21 -134.78 -64.46 -12.12 -174.63 -201.33 -154.47 -415.18
0.00 0.00 0.00 0.00 0.00 0.00 0.00 0.00 0.00 0.00 -37.76 -1.79 -0.01 -0.00 -0.00 0.00 -0.00 -0.00 -0.00 -3.17 -193.32 -40.24 -5.26 -2.27 -0.14 -0.00 -5.11 -6.53 -3.83 -62.02 -409.66 -154.28 -49.17 -35.56 -9.46 -0.68 -55.10 -67.26 -45.26 -210.95 -647.68 -331.59 -156.21 -134.78 -64.46 -12.12 -174.63 -201.33 -154.47 -415.18
0.00 0.00 0.00 0.00 0.00 0.00 0.00 0.00 0.00 0.00 -37.76 -1.79 -0.01 -0.00 -0.00 0.00 -0.00 -0.00 -0.00 -3.17 -193.32 -40.24 -5.26 -2.27 -0.14 -0.00 -5.11 -6.53 -3.83 -62.02 -409.66 -154.28 -49.17 -35.56 -9.46 -0.68 -55.10 -67.26 -45.26 -210.95 -647.68 -331.59 -156.21 -134.78 -64.46 -12.12 -174.63 -201.33 -154.47 -415.18
0.00 0.00 0.00 0.00 0.00 0.00 0.00 0.00 0.00 0.00 -37.76 -1.79 -0.01 -0.00 -0.00 0.00 -0.00 -0.00 -0.00 -3.17 -193.32 -40.24 -5.26 -2.27 -0.14 -0.00 -5.11 -6.53 -3.83 -62.02 -409.66 -154.28 -49.17 -35.56 -9.46 -0.68 -55.10 -67.26 -45.26 -210.95 -647.68 -331.59 -156.21 -134.78 -64.46 -12.12 -174.63 -201.33 -154.47 -415.18
0.00 0.00 0.00 0.00 0.00 0.00 0.00 0.00 0.00 0.00 -37.76 -1.79 -0.01 -0.00 -0.00 0.00 -0.00 -0.00 -0.00 -3.17 -193.32 -40.24 -5.26 -2.27 -0.14 -0.00 -5.11 -6.53 -3.83 -62.02 -409.66 -154.28 -49.17 -35.56 -9.46 -0.68 -55.10 -67.26 -45.26 -210.95 -647.68 -331.59 -156.21 -134.78 -64.46 -12.12 -174.63 -201.33 -154.47 -415.18
0.00 0.00 0.00 0.00 0.00 0.00 0.00 0.00 0.00 0.00 -37.76 -1.79 -0.01 -0.00 -0.00 0.00 -0.00 -0.00 -0.00 -3.17 -193.32 -40.24 -5.26 -2.27 -0.14 -0.00 -5.11 -6.53 -3.83 -62.02 -409.66 -154.28 -49.17 -35.56 -9.46 -0.68 -55.10 -67.26 -45.26 -210.95 -647.68 -331.59 -156.21 -134.78 -64.46 -12.12 -174.63 -201.33 -154.47 -415.18
0.00 0.00 0.00 0.00 0.00 0.00 0.00 0.00 0.00 0.00 -37.76 -1.79 -0.01 -0.00 -0.00 0.00 -0.00 -0.00 -0.00 -3.17 -193.32 -40.24 -5.26 -2.27 -0.14 -0.00 -5.11 -6.53 -3.83 -62.02 -409.66 -154.28 -49.17 -35.56 -9.46 -0.68 -55.10 -67.26 -45.26 -210.95 -647.68 -331.59 -156.21 -134.78 -64.46 -12.12 -174.63 -201.33 -154.47 -415.18
0.00 0.00 0.00 0.00 0.00 0.00 0.00 0.00 0.00 0.00 -37.76 -1.79 -0.01 -0.00 -0.00 0.00 -0.00 -0.00 -0.00 -3.17 -193.32 -40.24 -5.26 -2.27 -0.14 -0.00 -5.11 -6.53 -3.83 -62.02 -409.66 -154.28 -49.17 -35.56 -9.46 -0.68 -55.10 -67.26 -45.26 -210.95 -647.68 -331.59 -156.21 -134.78 -64.46 -12.12 -174.63 -201.33 -154.47 -415.18
0.00 0.00 0.00 0.00 0.00 0.00 0.00 0.00 0.00 0.00 -37.76 -1.79 -0.01 -0.00 -0.00 0.00 -0.00 -0.00 -0.00 -3.17 -193.32 -40.24 -5.26 -2.27 -0.14 -0.00 -5.11 -6.53 -3.83 -62.02 -409.66 -154.28 -49.17 -35.56 -9.46 -0.68 -55.10 -67.26 -45.26 -210.95 -647.68 -331.59 -156.21 -134.78 -64.46 -12.12 -174.63 -201.33 -154.47 -415.18
0.00 0.00 0.00 0.00 0.00 0.00 0.00 0.00 0.00 0.00 -37.76 -1.79 -0.01 -0.00 -0.00 0.00 -0.00 -0.00 -0.00 -3.17 -193.32 -40.24 -5.26 -2.27 -0.14 -0.00 -5.11 -6.53 -3.83 -62.02 -409.66 -154.28 -49.17 -35.56 -9.46 -0.68 -55.10 -67.26 -45.26 -210.95 -647.68 -331.59 -156.21 -134.78 -64.46 -12.12 -174.63 -201.33 -154.47 -415.18
0.00 0.00 0.00 0.00 0.00 0.00 0.00 0.00 0.00 0.00 -37.76 -1.79 -0.01 -0.00 -0.00 0.00 -0.00 -0.00 -0.00 -3.17 -193.32 -40.24 -5.26 -2.27 -0.14 -0.00 -5.11 -6.53 -3.83 -62.02 -409.66 -154.28 -49.17 -35.56 -9.46 -0.68 -55.10 -67.26 -45.26 -210.95 -647.68 -331.59 -156.21 -134.78 -64.46 -12.12 -174.63 -201.33 -154.47 -415.18
0.00 0.00 0.00 0.00 0.00 0.00 0.00 0.00 0.00 0.00 -37.76 -1.79 -0.01 -0.00 -0.00 0.00 -0.00 -0.00 -0.00 -3.17 -193.32 -40.24 -5.26 -2.27 -0.14 -0.00 -5.11 -6.53 -3.83 -62.02 -409.66 -154.28 -49.17 -35.56 -9.46 -0.68 -55.10 -67.26 -45.26 -210.95 -647.68 -331.59 -156.21 -134.78 -64.46 -12.12 -174.63 -201.33 -154.47 -415.18
0.00 0.00 0.00 0.00 0.00 0.00 0.00 0.00 0.00 0.00 -37.76 -1.79 -0.01 -0.00 -0.00 0.00 -0.00 -0.00 -0.00 -3.17 -193.32 -40.24 -5.26 -2.27 -0.14 -0.00 -5.11 -6.53 -3.83 -62.02 -409.66 -154.28 -49.17 -35.56 -9.46 -0.68 -55.10 -67.26 -45.26 -210.95 -647.68 -331.59 -156.21 -134.78 -64.46 -12.12 -174.63 -201.33 -154.47 -415.18
