0.00 0.00 0.00 0.00 0.00 0.00 0.00 0.00 0.00 0.00 -162.94 -13.14 -0.08 -0.01 -0.00 0.00 -0.03 -0.07 -0.23 -21.55 -776.46 -228.38 -25.98 -36.18 -4.64 -0.10 -36.60 -61.36 -71.04 -312.41 -1591.29 -756.00 -227.29 -312.23 -117.96 -16.02 -322.95 -402.24 -406.42 -945.11 -2466.07 -1494.49 -691.12 -873.79 -484.69 -143.81 -890.63 -1008.00 -999.30 -1741.82
0.00 0.00 0.00 0.00 0.00 0.00 0.00 0.00 0.00 0.00 -173.53 -16.22 -0.11 -0.02 -0.00 0.00 -0.14 -0.01 -0.43 -19.62 -806.60 -263.84 -38.01 -37.38 -3.12 -0.26 -53.33 -29.69 -81.87 -300.78 -1629.31 -827.78 -292.00 -322.78 -85.24 -24.23 -358.20 -313.89 -450.78 -920.45 -2509.91 -1588.32 -822.02 -892.28 -397.82 -178.73 -944.07 -907.41 -1079.98 -1726.95
0.00 0.00 0.00 0.00 0.00 0.00 0.00 0.00 0.00 0.00 -123.15 -6.84 -0.03 -0.00 -0.00 -0.00 -0.02 -0.01 -0.11 -11.77 -596.41 -144.31 -11.87 -17.51 -1.43 -0.01 -21.33 -14.02 -53.55 -196.34 -1235.53 -515.42 -122.01 -179.83 -49.77 -5.37 -194.73 -180.10 -327.61 -646.51 -1931.32 -1066.05 -415.96 -551.66 -250.24 -70.10 -582.96 -578.50 -812.04 -1251.49
0.00 0.00 0.00 0.00 0.00 0.00 0.00 0.00 0.00 0.00 -92.40 -5.87 -0.06 -0.00 -0.00 0.00 -0.01 -0.00 -0.02 -6.55 -431.69 -112.21 -19.58 -8.62 -0.97 -0.06 -14.92 -17.26 -17.04 -115.81 -881.21 -385.34 -144.25 -108.28 -35.08 -9.59 -139.13 -157.04 -143.07 -409.84 -1365.05 -777.41 -409.46 -362.57 -176.91 -83.11 -415.80 -458.32 -416.60 -817.35
0.00 0.00 0.00 0.00 0.00 0.00 0.00 0.00 0.00 0.00 -70.03 -4.40 -0.03 -0.00 -0.00 -0.00 -0.02 -0.00 -0.02 -6.29 -335.81 -84.55 -9.62 -6.99 -0.57 -0.02 -14.60 -12.29 -14.48 -116.86 -691.32 -296.60 -84.89 -84.11 -22.23 -5.20 -118.76 -115.18 -118.77 -375.54 -1076.46 -604.43 -270.06 -281.32 -120.59 -53.28 -327.29 -340.63 -337.03 -715.87
0.00 0.00 0.00 0.00 0.00 0.00 0.00 0.00 0.00 0.00 -49.76 -3.49 -0.01 -0.00 -0.00 0.00 -0.01 -0.00 -0.00 -4.91 -245.20 -68.24 -6.65 -10.07 -0.48 -0.00 -13.01 -10.43 -6.40 -86.69 -510.14 -233.59 -65.73 -96.84 -18.42 -2.31 -102.36 -90.59 -71.22 -280.17 -798.64 -468.47 -206.19 -274.79 -96.64 -29.98 -279.56 -262.59 -227.22 -535.64
0.00 0.00 0.00 0.00 0.00 0.00 0.00 0.00 0.00 0.00 -47.65 -3.22 -0.01 -0.00 -0.00 -0.00 -0.01 -0.00 -0.01 -4.26 -228.93 -63.52 -7.71 -3.93 -0.31 -0.01 -7.02 -10.86 -7.13 -79.58 -471.78 -217.55 -68.25 -51.65 -13.65 -3.24 -69.89 -91.82 -69.58 -256.40 -735.63 -434.23 -206.08 -179.76 -77.87 -33.92 -216.62 -257.39 -213.64 -490.31
0.00 0.00 0.00 0.00 0.00 0.00 0.00 0.00 0.00 0.00 -47.65 -3.22 -0.01 -0.00 -0.00 -0.00 -0.01 -0.00 -0.01 -4.26 -228.93 -63.52 -7.71 -3.93 -0.31 -0.01 -7.02 -10.86 -7.13 -79.58 -471.78 -217.55 -68.25 -51.65 -13.65 -3.24 -69.89 -91.82 -69.58 -256.40 -735.63 -434.23 -206.08 -179.76 -77.87 -33.92 -216.62 -257.39 -213.64 -490.31
0.00 0.00 0.00 0.00 0.00 0.00 0.00 0.00 0.00 0.00 -44.81 -2.89 -0.03 -0.00 -0.00 0.00 -0.02 -0.00 -0.09 -10.82 -214.54 -55.59 -9.72 -7.09 -0.60 -0.04 -11.80 -7.40 -21.89 -79.42 -439.76 -193.50 -74.36 -69.48 -19.43 -5.46 -88.49 -75.87 -118.73 -229.52 -682.09 -391.31 -213.22 -207.13 -94.27 -45.93 -239.05 -229.50 -285.81 -443.66
0.00 0.00 0.00 0.00 0.00 0.00 0.00 0.00 0.00 0.00 -44.81 -2.89 -0.03 -0.00 -0.00 0.00 -0.02 -0.00 -0.09 -10.82 -214.54 -55.59 -9.72 -7.09 -0.60 -0.04 -11.80 -7.40 -21.89 -79.42 -439.76 -193.50 -74.36 -69.48 -19.43 -5.46 -88.49 -75.87 -118.73 -229.52 -682.09 -391.31 -213.22 -207.13 -94.27 -45.93 -239.05 -229.50 -285.81 -443.66
0.00 0.00 0.00 0.00 0.00 0.00 0.00 0.00 0.00 0.00 -44.81 -2.89 -0.03 -0.00 -0.00 0.00 -0.02 -0.00 -0.09 -10.82 -214.54 -55.59 -9.72 -7.09 -0.60 -0.04 -11.80 -7.40 -21.89 -79.42 -439.76 -193.50 -74.36 -69.48 -19.43 -5.46 -88.49 -75.87 -118.73 -229.52 -682.09 -391.31 -213.22 -207.13 -94.27 -45.93 -239.05 -229.50 -285.81 -443.66
0.00 0.00 0.00 0.00 0.00 0.00 0.00 0.00 0.00 0.00 -44.81 -2.89 -0.03 -0.00 -0.00 0.00 -0.02 -0.00 -0.09 -10.82 -214.54 -55.59 -9.72 -7.09 -0.60 -0.04 -11.80 -7.40 -21.89 -79.42 -439.76 -193.50 -74.36 -69.48 -19.43 -5.46 -88.49 -75.87 -118.73 -229.52 -682.09 -391.31 -213.22 -207.13 -94.27 -45.93 -239.05 -229.50 -285.81 -443.66
0.00 0.00 0.00 0.00 0.00 0.00 0.00 0.00 0.00 0.00 -44.81 -2.89 -0.03 -0.00 -0.00 0.00 -0.02 -0.00 -0.09 -10.82 -214.54 -55.59 -9.72 -7.09 -0.60 -0.04 -11.80 -7.40 -21.89 -79.42 -439.76 -193.50 -74.36 -69.48 -19.43 -5.46 -88.49 -75.87 -118.73 -229.52 -682.09 -391.31 -213.22 -207.13 -94.27 -45.93 -239.05 -229.50 -285.81 -443.66
0.00 0.00 0.00 0.00 0.00 0.00 0.00 0.00 0.00 0.00 -44.81 -2.89 -0.03 -0.00 -0.00 0.00 -0.02 -0.00 -0.09 -10.82 -214.54 -55.59 -9.72 -7.09 -0.60 -0.04 -11.80 -7.40 -21.89 -79.42 -439.76 -193.50 -74.36 -69.48 -19.43 -5.46 -88.49 -75.87 -118.73 -229.52 -682.09 -391.31 -213.22 -207.13 -94.27 -45.93 -239.05 -229.50 -285.81 -443.66
0.00 0.00 0.00 0.00 0.00 0.00 0.00 0.00 0.00 0.00 -33.76 -1.31 -0.00 -0.00 -0.00 0.00 -0.00 -0.00 -0.00 -2.45 -179.93 -32.41 -3.07 -1.28 -0.04 -0.00 -2.19 -2.58 -1.55 -49.68 -389.55 -131.90 -34.12 -25.42 -4.18 -0.23 -30.68 -38.09 -27.95 -182.43 -623.86 -294.12 -121.66 -106.56 -33.10 -6.44 -117.06 -134.94 -113.68 -374.34
0.00 0.00 0.00 0.00 0.00 0.00 0.00 0.00 0.00 0.00 -33.76 -1.31 -0.00 -0.00 -0.00 0.00 -0.00 -0.00 -0.00 -2.45 -179.93 -32.41 -3.07 -1.28 -0.04 -0.00 -2.19 -2.58 -1.55 -49.68 -389.55 -131.90 -34.12 -25.42 -4.18 -0.23 -30.68 -38.09 -27.95 -182.43 -623.86 -294.12 -121.66 -106.56 -33.10 -6.44 -117.06 -134.94 -113.68 -374.34
0.00 0.00 0.00 0.00 0.00 0.00 0.00 0.00 0.00 0.00 -33.76 -1.31 -0.00 -0.00 -0.00 0.00 -0.00 -0.00 -0.00 -2.45 -179.93 -32.41 -3.07 -1.28 -0.04 -0.00 -2.19 -2.58 -1.55 -49.68 -389.55 -131.90 -34.12 -25.42 -4.18 -0.23 -30.68 -38.09 -27.95 -182.43 -623.86 -294.12 -121.66 -106.56 -33.10 -6.44 -117.06 -134.94 -113.68 -374.34
0.00 0.00 0.00 0.00 0.00 0.00 0.00 0.00 0.00 0.00 -36.93 -1.68 -0.01 -0.00 -0.00 0.00 -0.00 -0.00 -0.00 -3.39 -190.66 -38.75 -4.74 -3.92 -0.07 -0.00 -4.29 -0.15 -3.19 -53.41 -405.74 -150.02 -45.66 -56.79 -6.01 -0.49 -46.99 -4.95 -41.91 -187.02 -643.08 -324.36 -148.21 -197.25 -46.21 -9.71 -161.82 -35.14 -152.49 -379.88
0.00 0.00 0.00 0.00 0.00 0.00 0.00 0.00 0.00 0.00 -36.93 -1.68 -0.01 -0.00 -0.00 0.00 -0.00 -0.00 -0.00 -3.39 -190.66 -38.75 -4.74 -3.92 -0.07 -0.00 -4.29 -0.15 -3.19 -53.41 -405.74 -150.02 -45.66 -56.79 -6.01 -0.49 -46.99 -4.95 -41.91 -187.02 -643.08 -324.36 -148.21 -197.25 -46.21 -9.71 -161.82 -35.14 -152.49 -379.88
0.00 0.00 0.00 0.00 0.00 0.00 0.00 0.00 0.00 0.00 -36.93 -1.68 -0.01 -0.00 -0.00 0.00 -0.00 -0.00 -0.00 -3.39 -190.66 -38.75 -4.74 -3.92 -0.07 -0.00 -4.29 -0.15 -3.19 -53.41 -405.74 -150.02 -45.66 -56.79 -6.01 -0.49 -46.99 -4.95 -41.91 -187.02 -643.08 -324.36 -148.21 -197.25 -46.21 -9.71 -161.82 -35.14 -152.49 -379.88
0.00 0.00 0.00 0.00 0.00 0.00 0.00 0.00 0.00 0.00 -36.93 -1.68 -0.01 -0.00 -0.00 0.00 -0.00 -0.00 -0.00 -3.39 -190.66 -38.75 -4.74 -3.92 -0.07 -0.00 -4.29 -0.15 -3.19 -53.41 -405.74 -150.02 -45.66 -56.79 -6.01 -0.49 -46.99 -4.95 -41.91 -187.02 -643.08 -324.36 -148.21 -197.25 -46.21 -9.71 -161.82 -35.14 -152.49 -379.88
0.00 0.00 0.00 0.00 0.00 0.00 0.00 0.00 0.00 0.00 -36.93 -1.68 -0.01 -0.00 -0.00 0.00 -0.00 -0.00 -0.00 -3.39 -190.66 -38.75 -4.74 -3.92 -0.07 -0.00 -4.29 -0.15 -3.19 -53.41 -405.74 -150.02 -45.66 -56.79 -6.01 -0.49 -46.99 -4.95 -41.91 -187.02 -643.08 -324.36 -148.21 -197.25 -46.21 -9.71 -161.82 -35.14 -152.49 -379.88
0.00 0.00 0.00 0.00 0.00 0.00 0.00 0.00 0.00 0.00 -36.93 -1.68 -0.01 -0.00 -0.00 0.00 -0.00 -0.00 -0.00 -3.39 -190.66 -38.75 -4.74 -3.92 -0.07 -0.00 -4.29 -0.15 -3.19 -53.41 -405.74 -150.02 -45.66 -56.79 -6.01 -0.49 -46.99 -4.95 -41.91 -187.02 -643.08 -324.36 -148.21 -197.25 -46.21 -9.71 -161.82 -35.14 -152.49 -379.88
0.00 0.00 0.00 0.00 0.00 0.00 0.00 0.00 0.00 0.00 -36.93 -1.68 -0.01 -0.00 -0.00 0.00 -0.00 -0.00 -0.00 -3.39 -190.66 -38.75 -4.74 -3.92 -0.07 -0.00 -4.29 -0.15 -3.19 -53.41 -405.74 -150.02 -45.66 -56.79 -6.01 -0.49 -46.99 -4.95 -41.91 -187.02 -643.08 -324.36 -148.21 -197.25 -46.21 -9.71 -161.82 -35.14 -152.49 -379.88
0.00 0.00 0.00 0.00 0.00 0.00 0.00 0.00 0.00 0.00 -36.93 -1.68 -0.01 -0.00 -0.00 0.00 -0.00 -0.00 -0.00 -3.39 -190.66 -38.75 -4.74 -3.92 -0.07 -0.00 -4.29 -0.15 -3.19 -53.41 -405.74 -150.02 -45.66 -56.79 -6.01 -0.49 -46.99 -4.95 -41.91 -187.02 -643.08 -324.36 -148.21 -197.25 -46.21 -9.71 -161.82 -35.14 -152.49 -379.88
0.00 0.00 0.00 0.00 0.00 0.00 0.00 0.00 0.00 0.00 -36.93 -1.68 -0.01 -0.00 -0.00 0.00 -0.00 -0.00 -0.00 -3.39 -190.66 -38.75 -4.74 -3.92 -0.07 -0.00 -4.29 -0.15 -3.19 -53.41 -405.74 -150.02 -45.66 -56.79 -6.01 -0.49 -46.99 -4.95 -41.91 -187.02 -643.08 -324.36 -148.21 -197.25 -46.21 -9.71 -161.82 -35.14 -152.49 -379.88
0.00 0.00 0.00 0.00 0.00 0.00 0.00 0.00 0.00 0.00 -36.93 -1.68 -0.01 -0.00 -0.00 0.00 -0.00 -0.00 -0.00 -3.39 -190.66 -38.75 -4.74 -3.92 -0.07 -0.00 -4.29 -0.15 -3.19 -53.41 -405.74 -150.02 -45.66 -56.79 -6.01 -0.49 -46.99 -4.95 -41.91 -187.02 -643.08 -324.36 -148.21 -197.25 -46.21 -9.71 -161.82 -35.14 -152.49 -379.88
0.00 0.00 0.00 0.00 0.00 0.00 0.00 0.00 0.00 0.00 -36.93 -1.68 -0.01 -0.00 -0.00 0.00 -0.00 -0.00 -0.00 -3.39 -190.66 -38.75 -4.74 -3.92 -0.07 -0.00 -4.29 -0.15 -3.19 -53.41 -405.74 -150.02 -45.66 -56.79 -6.01 -0.49 -46.99 -4.95 -41.91 -187.02 -643.08 -324.36 -148.21 -197.25 -46.21 -9.71 -161.82 -35.14 -152.49 -379.88
0.00 0.00 0.00 0.00 0.00 0.00 0.00 0.00 0.00 0.00 -36.93 -1.68 -0.01 -0.00 -0.00 0.00 -0.00 -0.00 -0.00 -3.39 -190.66 -38.75 -4.74 -3.92 -0.07 -0.00 -4.29 -0.15 -3.19 -53.41 -405.74 -150.02 -45.66 -56.79 -6.01 -0.49 -46.99 -4.95 -41.91 -187.02 -643.08 -324.36 -148.21 -197.25 -46.21 -9.71 -161.82 -35.14 -152.49 -379.88
0.00 0.00 0.00 0.00 0.00 0.00 0.00 0.00 0.00 0.00 -36.93 -1.68 -0.01 -0.00 -0.00 0.00 -0.00 -0.00 -0.00 -3.39 -190.66 -38.75 -4.74 -3.92 -0.07 -0.00 -4.29 -0.15 -3.19 -53.41 -405.74 -150.02 -45.66 -56.79 -6.01 -0.49 -46.99 -4.95 -41.91 -187.02 -643.08 -324.36 -148.21 -197.25 -46.21 -9.71 -161.82 -35.14 -152.49 -379.88
0.00 0.00 0.00 0.00 0.00 0.00 0.00 0.00 0.00 0.00 -36.93 -1.68 -0.01 -0.00 -0.00 0.00 -0.00 -0.00 -0.00 -3.39 -190.66 -38.75 -4.74 -3.92 -0.07 -0.00 -4.29 -0.15 -3.19 -53.41 -405.74 -150.02 -45.66 -56.79 -6.01 -0.49 -46.99 -4.95 -41.91 -187.02 -643.08 -324.36 -148.21 -197.25 -46.21 -9.71 -161.82 -35.14 -152.49 -379.88
0.00 0.00 0.00 0.00 0.00 0.00 0.00 0.00 0.00 0.00 -39.72 -1.91 -0.01 -0.00 -0.00 0.00 -0.00 -0.00 -0.00 -9.88 -199.27 -41.95 -5.90 -4.10 -0.19 -0.01 -4.56 -4.54 -3.02 -63.41 -418.08 -158.84 -54.08 -52.80 -10.13 -2.90 -48.28 -53.02 -41.41 -170.67 -657.31 -339.03 -171.10 -176.89 -60.07 -31.50 -163.30 -173.36 -149.46 -354.39
0.00 0.00 0.00 0.00 0.00 0.00 0.00 0.00 0.00 0.00 -39.72 -1.91 -0.01 -0.00 -0.00 0.00 -0.00 -0.00 -0.00 -9.88 -199.27 -41.95 -5.90 -4.10 -0.19 -0.01 -4.56 -4.54 -3.02 -63.41 -418.08 -158.84 -54.08 -52.80 -10.13 -2.90 -48.28 -53.02 -41.41 -170.67 -657.31 -339.03 -171.10 -176.89 -60.07 -31.50 -163.30 -173.36 -149.46 -354.39
0.00 0.00 0.00 0.00 0.00 0.00 0.00 0.00 0.00 0.00 -39.72 -1.91 -0.01 -0.00 -0.00 0.00 -0.00 -0.00 -0.00 -9.88 -199.27 -41.95 -5.90 -4.10 -0.19 -0.01 -4.56 -4.54 -3.02 -63.41 -418.08 -158.84 -54.08 -52.80 -10.13 -2.90 -48.28 -53.02 -41.41 -170.67 -657.31 -339.03 -171.10 -176.89 -60.07 -31.50 -163.30 -173.36 -149.46 -354.39
0.00 0.00 0.00 0.00 0.00 0.00 0.00 0.00 0.00 0.00 -39.72 -1.91 -0.01 -0.00 -0.00 0.00 -0.00 -0.00 -0.00 -9.88 -199.27 -41.95 -5.90 -4.10 -0.19 -0.01 -4.56 -4.54 -3.02 -63.41 -418.08 -158.84 -54.08 -52.80 -10.13 -2.90 -48.28 -53.02 -41.41 -170.67 -657.31 -339.03 -171.10 -176.89 -60.07 -31.50 -163.30 -173.36 -149.46 -354.39
0.00 0.00 0.00 0.00 0.00 0.00 0.00 0.00 0.00 0.00 -39.72 -1.91 -0.01 -0.00 -0.00 0.00 -0.00 -0.00 -0.00 -9.88 -199.27 -41.95 -5.90 -4.10 -0.19 -0.01 -4.56 -4.54 -3.02 -63.41 -418.08 -158.84 -54.08 -52.80 -10.13 -2.90 -48.28 -53.02 -41.41 -170.67 -657.31 -339.03 -171.10 -176.89 -60.07 -31.50 -163.30 -173.36 -149.46 -354.39
0.00 0.00 0.00 0.00 0.00 0.00 0.00 0.00 0.00 0.00 -39.72 -1.91 -0.01 -0.00 -0.00 0.00 -0.00 -0.00 -0.00 -9.88 -199.27 -41.95 -5.90 -4.10 -0.19 -0.01 -4.56 -4.54 -3.02 -63.41 -418.08 -158.84 -54.08 -52.80 -10.13 -2.90 -48.28 -53.02 -41.41 -170.67 -657.31 -339.03 -171.10 -176.89 -60.07 -31.50 -163.30 -173.36 -149.46 -354.39
0.00 0.00 0.00 0.00 0.00 0.00 0.00 0.00 0.00 0.00 -39.72 -1.91 -0.01 -0.00 -0.00 0.00 -0.00 -0.00 -0.00 -9.88 -199.27 -41.95 -5.90 -4.10 -0.19 -0.01 -4.56 -4.54 -3.02 -63.41 -418.08 -158.84 -54.08 -52.80 -10.13 -2.90 -48.28 -53.02 -41.41 -170.67 -657.31 -339.03 -171.10 -176.89 -60.07 -31.50 -163.30 -173.36 -149.46 -354.39
0.00 0.00 0.00 0.00 0.00 0.00 0.00 0.00 0.00 0.00 -39.72 -1.91 -0.01 -0.00 -0.00 0.00 -0.00 -0.00 -0.00 -9.88 -199.27 -41.95 -5.90 -4.10 -0.19 -0.01 -4.56 -4.54 -3.02 -63.41 -418.08 -158.84 -54.08 -52.80 -10.13 -2.90 -48.28 -53.02 -41.41 -170.67 -657.31 -339.03 -171.10 -176.89 -60.07 -31.50 -163.30 -173.36 -149.46 -354.39
0.00 0.00 0.00 0.00 0.00 0.00 0.00 0.00 0.00 0.00 -39.72 -1.91 -0.01 -0.00 -0.00 0.00 -0.00 -0.00 -0.00 -9.88 -199.27 -41.95 -5.90 -4.10 -0.19 -0.01 -4.56 -4.54 -3.02 -63.41 -418.08 -158.84 -54.08 -52.80 -10.13 -2.90 -48.28 -53.02 -41.41 -170.67 -657.31 -339.03 -171.10 -176.89 -60.07 -31.50 -163.30 -173.36 -149.46 -354.39
0.00 0.00 0.00 0.00 0.00 0.00 0.00 0.00 0.00 0.00 -39.72 -1.91 -0.01 -0.00 -0.00 0.00 -0.00 -0.00 -0.00 -9.88 -199.27 -41.95 -5.90 -4.10 -0.19 -0.01 -4.56 -4.54 -3.02 -63.41 -418.08 -158.84 -54.08 -52.80 -10.13 -2.90 -48.28 -53.02 -41.41 -170.67 -657.31 -339.03 -171.10 -176.89 -60.07 -31.50 -163.30 -173.36 -149.46 -354.39
0.00 0.00 0.00 0.00 0.00 0.00 0.00 0.00 0.00 0.00 -39.72 -1.91 -0.01 -0.00 -0.00 0.00 -0.00 -0.00 -0.00 -9.88 -199.27 -41.95 -5.90 -4.10 -0.19 -0.01 -4.56 -4.54 -3.02 -63.41 -418.08 -158.84 -54.08 -52.80 -10.13 -2.90 -48.28 -53.02 -41.41 -170.67 -657.31 -339.03 -171.10 -176.89 -60.07 -31.50 -163.30 -173.36 -149.46 -354.39
0.00 0.00 0.00 0.00 0.00 0.00 0.00 0.00 0.00 0.00 -39.72 -1.91 -0.01 -0.00 -0.00 0.00 -0.00 -0.00 -0.00 -9.88 -199.27 -41.95 -5.90 -4.10 -0.19 -0.01 -4.56 -4.54 -3.02 -63.41 -418.08 -158.84 -54.08 -52.80 -10.13 -2.90 -48.28 -53.02 -41.41 -170.67 -657.31 -339.03 -171.10 -176.89 -60.07 -31.50 -163.30 -173.36 -149.46 -354.39
0.00 0.00 0.00 0.00 0.00 0.00 0.00 0.00 0.00 0.00 -39.72 -1.91 -0.01 -0.00 -0.00 0.00 -0.00 -0.00 -0.00 -9.88 -199.27 -41.95 -5.90 -4.10 -0.19 -0.01 -4.56 -4.54 -3.02 -63.41 -418.08 -158.84 -54.08 -52.80 -10.13 -2.90 -48.28 -53.02 -41.41 -170.67 -657.31 -339.03 -171.10 -176.89 -60.07 -31.50 -163.30 -173.36 -149.46 -354.39
0.00 0.00 0.00 0.00 0.00 0.00 0.00 0.00 0.00 0.00 -39.72 -1.91 -0.01 -0.00 -0.00 0.00 -0.00 -0.00 -0.00 -9.88 -199.27 -41.95 -5.90 -4.10 -0.19 -0.01 -4.56 -4.54 -3.02 -63.41 -418.08 -158.84 -54.08 -52.80 -10.13 -2.90 -48.28 -53.02 -41.41 -170.67 -657.31 -339.03 -171.10 -176.89 -60.07 -31.50 -163.30 -173.36 -149.46 -354.39
0.00 0.00 0.00 0.00 0.00 0.00 0.00 0.00 0.00 0.00 -39.72 -1.91 -0.01 -0.00 -0.00 0.00 -0.00 -0.00 -0.00 -9.88 -199.27 -41.95 -5.90 -4.10 -0.19 -0.01 -4.56 -4.54 -3.02 -63.41 -418.08 -158.84 -54.08 -52.80 -10.13 -2.90 -48.28 -53.02 -41.41 -170.67 -657.31 -339.03 -171.10 -176.89 -60.07 -31.50 -163.30 -173.36 -149.46 -354.39
0.00 0.00 0.00 0.00 0.00 0.00 0.00 0.00 0.00 0.00 -39.72 -1.91 -0.01 -0.00 -0.00 0.00 -0.00 -0.00 -0.00 -9.88 -199.27 -41.95 -5.90 -4.10 -0.19 -0.01 -4.56 -4.54 -3.02 -63.41 -418.08 -158.84 -54.08 -52.80 -10.13 -2.90 -48.28 -53.02 -41.41 -170.67 -657.31 -339.03 -171.10 -176.89 -60.07 -31.50 -163.30 -173.36 -149.46 -354.39
0.00 0.00 0.00 0.00 0.00 0.00 0.00 0.00 0.00 0.00 -39.72 -1.91 -0.01 -0.00 -0.00 0.00 -0.00 -0.00 -0.00 -9.88 -199.27 -41.95 -5.90 -4.10 -0.19 -0.01 -4.56 -4.54 -3.02 -63.41 -418.08 -158.84 -54.08 -52.80 -10.13 -2.90 -48.28 -53.02 -41.41 -170.67 -657.31 -339.03 -171.10 -176.89 -60.07 -31.50 -163.30 -173.36 -149.46 -354.39
0.00 0.00 0.00 0.00 0.00 0.00 0.00 0.00 0.00 0.00 -39.72 -1.91 -0.01 -0.00 -0.00 0.00 -0.00 -0.00 -0.00 -9.88 -199.27 -41.95 -5.90 -4.10 -0.19 -0.01 -4.56 -4.54 -3.02 -63.41 -418.08 -158.84 -54.08 -52.80 -10.13 -2.90 -48.28 -53.02 -41.41 -170.67 -657.31 -339.03 -171.10 -176.89 -60.07 -31.50 -163.30 -173.36 -149.46 -354.39
0.00 0.00 0.00 0.00 0.00 0.00 0.00 0.00 0.00 0.00 -39.72 -1.91 -0.01 -0.00 -0.00 0.00 -0.00 -0.00 -0.00 -9.88 -199.27 -41.95 -5.90 -4.10 -0.19 -0.01 -4.56 -4.54 -3.02 -63.41 -418.08 -158.84 -54.08 -52.80 -10.13 -2.90 -48.28 -53.02 -41.41 -170.67 -657.31 -339.03 -171.10 -176.89 -60.07 -31.50 -163.30 -173.36 -149.46 -354.39
0.00 0.00 0.00 0.00 0.00 0.00 0.00 0.00 0.00 0.00 -39.72 -1.91 -0.01 -0.00 -0.00 0.00 -0.00 -0.00 -0.00 -9.88 -199.27 -41.95 -5.90 -4.10 -0.19 -0.01 -4.56 -4.54 -3.02 -63.41 -418.08 -158.84 -54.08 -52.80 -10.13 -2.90 -48.28 -53.02 -41.41 -170.67 -657.31 -339.03 -171.10 -176.89 -60.07 -31.50 -163.30 -173.36 -149.46 -354.39
0.00 0.00 0.00 0.00 0.00 0.00 0.00 0.00 0.00 0.00 -39.72 -1.91 -0.01 -0.00 -0.00 0.00 -0.00 -0.00 -0.00 -9.88 -199.27 -41.95 -5.90 -4.10 -0.19 -0.01 -4.56 -4.54 -3.02 -63.41 -418.08 -158.84 -54.08 -52.80 -10.13 -2.90 -48.28 -53.02 -41.41 -170.67 -657.31 -339.03 -171.10 -176.89 -60.07 -31.50 -163.30 -173.36 -149.46 -354.39
0.00 0.00 0.00 0.00 0.00 0.00 0.00 0.00 0.00 0.00 -39.72 -1.91 -0.01 -0.00 -0.00 0.00 -0.00 -0.00 -0.00 -9.88 -199.27 -41.95 -5.90 -4.10 -0.19 -0.01 -4.56 -4.54 -3.02 -63.41 -418.08 -158.84 -54.08 -52.80 -10.13 -2.90 -48.28 -53.02 -41.41 -170.67 -657.31 -339.03 -171.10 -176.89 -60.07 -31.50 -163.30 -173.36 -149.46 -354.39
0.00 0.00 0.00 0.00 0.00 0.00 0.00 0.00 0.00 0.00 -39.72 -1.91 -0.01 -0.00 -0.00 0.00 -0.00 -0.00 -0.00 -9.88 -199.27 -41.95 -5.90 -4.10 -0.19 -0.01 -4.56 -4.54 -3.02 -63.41 -418.08 -158.84 -54.08 -52.80 -10.13 -2.90 -48.28 -53.02 -41.41 -170.67 -657.31 -339.03 -171.10 -176.89 -60.07 -31.50 -163.30 -173.36 -149.46 -354.39
0.00 0.00 0.00 0.00 0.00 0.00 0.00 0.00 0.00 0.00 -39.72 -1.91 -0.01 -0.00 -0.00 0.00 -0.00 -0.00 -0.00 -9.88 -199.27 -41.95 -5.90 -4.10 -0.19 -0.01 -4.56 -4.54 -3.02 -63.41 -418.08 -158.84 -54.08 -52.80 -10.13 -2.90 -48.28 -53.02 -41.41 -170.67 -657.31 -339.03 -171.10 -176.89 -60.07 -31.50 -163.30 -173.36 -149.46 -354.39
0.00 0.00 0.00 0.00 0.00 0.00 0.00 0.00 0.00 0.00 -39.72 -1.91 -0.01 -0.00 -0.00 0.00 -0.00 -0.00 -0.00 -9.88 -199.27 -41.95 -5.90 -4.10 -0.19 -0.01 -4.56 -4.54 -3.02 -63.41 -418.08 -158.84 -54.08 -52.80 -10.13 -2.90 -48.28 -53.02 -41.41 -170.67 -657.31 -339.03 -171.10 -176.89 -60.07 -31.50 -163.30 -173.36 -149.46 -354.39
0.00 0.00 0.00 0.00 0.00 0.00 0.00 0.00 0.00 0.00 -39.72 -1.91 -0.01 -0.00 -0.00 0.00 -0.00 -0.00 -0.00 -9.88 -199.27 -41.95 -5.90 -4.10 -0.19 -0.01 -4.56 -4.54 -3.02 -63.41 -418.08 -158.84 -54.08 -52.80 -10.13 -2.90 -48.28 -53.02 -41.41 -170.67 -657.31 -339.03 -171.10 -176.89 -60.07 -31.50 -163.30 -173.36 -149.46 -354.39
0.00 0.00 0.00 0.00 0.00 0.00 0.00 0.00 0.00 0.00 -39.72 -1.91 -0.01 -0.00 -0.00 0.00 -0.00 -0.00 -0.00 -9.88 -199.27 -41.95 -5.90 -4.10 -0.19 -0.01 -4.56 -4.54 -3.02 -63.41 -418.08 -158.84 -54.08 -52.80 -10.13 -2.90 -48.28 -53.02 -41.41 -170.67 -657.31 -339.03 -171.10 -176.89 -60.07 -31.50 -163.30 -173.36 -149.46 -354.39
0.00 0.00 0.00 0.00 0.00 0.00 0.00 0.00 0.00 0.00 -39.72 -1.91 -0.01 -0.00 -0.00 0.00 -0.00 -0.00 -0.00 -9.88 -199.27 -41.95 -5.90 -4.10 -0.19 -0.01 -4.56 -4.54 -3.02 -63.41 -418.08 -158.84 -54.08 -52.80 -10.13 -2.90 -48.28 -53.02 -41.41 -170.67 -657.31 -339.03 -171.10 -176.89 -60.07 -31.50 -163.30 -173.36 -149.46 -354.39
0.00 0.00 0.00 0.00 0.00 0.00 0.00 0.00 0.00 0.00 -39.72 -1.91 -0.01 -0.00 -0.00 0.00 -0.00 -0.00 -0.00 -9.88 -199.27 -41.95 -5.90 -4.10 -0.19 -0.01 -4.56 -4.54 -3.02 -63.41 -418.08 -158.84 -54.08 -52.80 -10.13 -2.90 -48.28 -53.02 -41.41 -170.67 -657.31 -339.03 -171.10 -176.89 -60.07 -31.50 -163.30 -173.36 -149.46 -354.39
0.00 0.00 0.00 0.00 0.00 0.00 0.00 0.00 0.00 0.00 -39.72 -1.91 -0.01 -0.00 -0.00 0.00 -0.00 -0.00 -0.00 -9.88 -199.27 -41.95 -5.90 -4.10 -0.19 -0.01 -4.56 -4.54 -3.02 -63.41 -418.08 -158.84 -54.08 -52.80 -10.13 -2.90 -48.28 -53.02 -41.41 -170.67 -657.31 -339.03 -171.10 -176.89 -60.07 -31.50 -163.30 -173.36 -149.46 -354.39
0.00 0.00 0.00 0.00 0.00 0.00 0.00 0.00 0.00 0.00 -39.72 -1.91 -0.01 -0.00 -0.00 0.00 -0.00 -0.00 -0.00 -9.88 -199.27 -41.95 -5.90 -4.10 -0.19 -0.01 -4.56 -4.54 -3.02 -63.41 -418.08 -158.84 -54.08 -52.80 -10.13 -2.90 -48.28 -53.02 -41.41 -170.67 -657.31 -339.03 -171.10 -176.89 -60.07 -31.50 -163.30 -173.36 -149.46 -354.39
0.00 0.00 0.00 0.00 0.00 0.00 0.00 0.00 0.00 0.00 -39.72 -1.91 -0.01 -0.00 -0.00 0.00 -0.00 -0.00 -0.00 -9.88 -199.27 -41.95 -5.90 -4.10 -0.19 -0.01 -4.56 -4.54 -3.02 -63.41 -418.08 -158.84 -54.08 -52.80 -10.13 -2.90 -48.28 -53.02 -41.41 -170.67 -657.31 -339.03 -171.10 -176.89 -60.07 -31.50 -163.30 -173.36 -149.46 -354.39
0.00 0.00 0.00 0.00 0.00 0.00 0.00 0.00 0.00 0.00 -39.72 -1.91 -0.01 -0.00 -0.00 0.00 -0.00 -0.00 -0.00 -9.88 -199.27 -41.95 -5.90 -4.10 -0.19 -0.01 -4.56 -4.54 -3.02 -63.41 -418.08 -158.84 -54.08 -52.80 -10.13 -2.90 -48.28 -53.02 -41.41 -170.67 -657.31 -339.03 -171.10 -176.89 -60.07 -31.50 -163.30 -173.36 -149.46 -354.39
0.00 0.00 0.00 0.00 0.00 0.00 0.00 0.00 0.00 0.00 -39.72 -1.91 -0.01 -0.00 -0.00 0.00 -0.00 -0.00 -0.00 -9.88 -199.27 -41.95 -5.90 -4.10 -0.19 -0.01 -4.56 -4.54 -3.02 -63.41 -418.08 -158.84 -54.08 -52.80 -10.13 -2.90 -48.28 -53.02 -41.41 -170.67 -657.31 -339.03 -171.10 -176.89 -60.07 -31.50 -163.30 -173.36 -149.46 -354.39
0.00 0.00 0.00 0.00 0.00 0.00 0.00 0.00 0.00 0.00 -39.72 -1.91 -0.01 -0.00 -0.00 0.00 -0.00 -0.00 -0.00 -9.88 -199.27 -41.95 -5.90 -4.10 -0.19 -0.01 -4.56 -4.54 -3.02 -63.41 -418.08 -158.84 -54.08 -52.80 -10.13 -2.90 -48.28 -53.02 -41.41 -170.67 -657.31 -339.03 -171.10 -176.89 -60.07 -31.50 -163.30 -173.36 -149.46 -354.39
0.00 0.00 0.00 0.00 0.00 0.00 0.00 0.00 0.00 0.00 -39.72 -1.91 -0.01 -0.00 -0.00 0.00 -0.00 -0.00 -0.00 -9.88 -199.27 -41.95 -5.90 -4.10 -0.19 -0.01 -4.56 -4.54 -3.02 -63.41 -418.08 -158.84 -54.08 -52.80 -10.13 -2.90 -48.28 -53.02 -41.41 -170.67 -657.31 -339.03 -171.10 -176.89 -60.07 -31.50 -163.30 -173.36 -149.46 -354.39
0.00 0.00 0.00 0.00 0.00 0.00 0.00 0.00 0.00 0.00 -39.72 -1.91 -0.01 -0.00 -0.00 0.00 -0.00 -0.00 -0.00 -9.88 -199.27 -41.95 -5.90 -4.10 -0.19 -0.01 -4.56 -4.54 -3.02 -63.41 -418.08 -158.84 -54.08 -52.80 -10.13 -2.90 -48.28 -53.02 -41.41 -170.67 -657.31 -339.03 -171.10 -176.89 -60.07 -31.50 -163.30 -173.36 -149.46 -354.39
0.00 0.00 0.00 0.00 0.00 0.00 0.00 0.00 0.00 0.00 -39.72 -1.91 -0.01 -0.00 -0.00 0.00 -0.00 -0.00 -0.00 -9.88 -199.27 -41.95 -5.90 -4.10 -0.19 -0.01 -4.56 -4.54 -3.02 -63.41 -418.08 -158.84 -54.08 -52.80 -10.13 -2.90 -48.28 -53.02 -41.41 -170.67 -657.31 -339.03 -171.10 -176.89 -60.07 -31.50 -163.30 -173.36 -149.46 -354.39
0.00 0.00 0.00 0.00 0.00 0.00 0.00 0.00 0.00 0.00 -39.72 -1.91 -0.01 -0.00 -0.00 0.00 -0.00 -0.00 -0.00 -9.88 -199.27 -41.95 -5.90 -4.10 -0.19 -0.01 -4.56 -4.54 -3.02 -63.41 -418.08 -158.84 -54.08 -52.80 -10.13 -2.90 -48.28 -53.02 -41.41 -170.67 -657.31 -339.03 -171.10 -176.89 -60.07 -31.50 -163.30 -173.36 -149.46 -354.39
0.00 0.00 0.00 0.00 0.00 0.00 0.00 0.00 0.00 0.00 -39.72 -1.91 -0.01 -0.00 -0.00 0.00 -0.00 -0.00 -0.00 -9.88 -199.27 -41.95 -5.90 -4.10 -0.19 -0.01 -4.56 -4.54 -3.02 -63.41 -418.08 -158.84 -54.08 -52.80 -10.13 -2.90 -48.28 -53.02 -41.41 -170.67 -657.31 -339.03 -171.10 -176.89 -60.07 -31.50 -163.30 -173.36 -149.46 -354.39
0.00 0.00 0.00 0.00 0.00 0.00 0.00 0.00 0.00 0.00 -39.72 -1.91 -0.01 -0.00 -0.00 0.00 -0.00 -0.00 -0.00 -9.88 -199.27 -41.95 -5.90 -4.10 -0.19 -0.01 -4.56 -4.54 -3.02 -63.41 -418.08 -158.84 -54.08 -52.80 -10.13 -2.90 -48.28 -53.02 -41.41 -170.67 -657.31 -339.03 -171.10 -176.89 -60.07 -31.50 -163.30 -173.36 -149.46 -354.39
0.00 0.00 0.00 0.00 0.00 0.00 0.00 0.00 0.00 0.00 -39.72 -1.91 -0.01 -0.00 -0.00 0.00 -0.00 -0.00 -0.00 -9.88 -199.27 -41.95 -5.90 -4.10 -0.19 -0.01 -4.56 -4.54 -3.02 -63.41 -418.08 -158.84 -54.08 -52.80 -10.13 -2.90 -48.28 -53.02 -41.41 -170.67 -657.31 -339.03 -171.10 -176.89 -60.07 -31.50 -163.30 -173.36 -149.46 -354.39
0.00 0.00 0.00 0.00 0.00 0.00 0.00 0.00 0.00 0.00 -39.72 -1.91 -0.01 -0.00 -0.00 0.00 -0.00 -0.00 -0.00 -9.88 -199.27 -41.95 -5.90 -4.10 -0.19 -0.01 -4.56 -4.54 -3.02 -63.41 -418.08 -158.84 -54.08 -52.80 -10.13 -2.90 -48.28 -53.02 -41.41 -170.67 -657.31 -339.03 -171.10 -176.89 -60.07 -31.50 -163.30 -173.36 -149.46 -354.39
0.00 0.00 0.00 0.00 0.00 0.00 0.00 0.00 0.00 0.00 -39.72 -1.91 -0.01 -0.00 -0.00 0.00 -0.00 -0.00 -0.00 -9.88 -199.27 -41.95 -5.90 -4.10 -0.19 -0.01 -4.56 -4.54 -3.02 -63.41 -418.08 -158.84 -54.08 -52.80 -10.13 -2.90 -48.28 -53.02 -41.41 -170.67 -657.31 -339.03 -171.10 -176.89 -60.07 -31.50 -163.30 -173.36 -149.46 -354.39
0.00 0.00 0.00 0.00 0.00 0.00 0.00 0.00 0.00 0.00 -39.72 -1.91 -0.01 -0.00 -0.00 0.00 -0.00 -0.00 -0.00 -9.88 -199.27 -41.95 -5.90 -4.10 -0.19 -0.01 -4.56 -4.54 -3.02 -63.41 -418.08 -158.84 -54.08 -52.80 -10.13 -2.90 -48.28 -53.02 -41.41 -170.67 -657.31 -339.03 -171.10 -176.89 -60.07 -31.50 -163.30 -173.36 -149.46 -354.39
0.00 0.00 0.00 0.00 0.00 0.00 0.00 0.00 0.00 0.00 -39.72 -1.91 -0.01 -0.00 -0.00 0.00 -0.00 -0.00 -0.00 -9.88 -199.27 -41.95 -5.90 -4.10 -0.19 -0.01 -4.56 -4.54 -3.02 -63.41 -418.08 -158.84 -54.08 -52.80 -10.13 -2.90 -48.28 -53.02 -41.41 -170.67 -657.31 -339.03 -171.10 -176.89 -60.07 -31.50 -163.30 -173.36 -149.46 -354.39
0.00 0.00 0.00 0.00 0.00 0.00 0.00 0.00 0.00 0.00 -39.72 -1.91 -0.01 -0.00 -0.00 0.00 -0.00 -0.00 -0.00 -9.88 -199.27 -41.95 -5.90 -4.10 -0.19 -0.01 -4.56 -4.54 -3.02 -63.41 -418.08 -158.84 -54.08 -52.80 -10.13 -2.90 -48.28 -53.02 -41.41 -170.67 -657.31 -339.03 -171.10 -176.89 -60.07 -31.50 -163.30 -173.36 -149.46 -354.39
0.00 0.00 0.00 0.00 0.00 0.00 0.00 0.00 0.00 0.00 -39.72 -1.91 -0.01 -0.00 -0.00 0.00 -0.00 -0.00 -0.00 -9.88 -199.27 -41.95 -5.90 -4.10 -0.19 -0.01 -4.56 -4.54 -3.02 -63.41 -418.08 -158.84 -54.08 -52.80 -10.13 -2.90 -48.28 -53.02 -41.41 -170.67 -657.31 -339.03 -171.10 -176.89 -60.07 -31.50 -163.30 -173.36 -149.46 -354.39
0.00 0.00 0.00 0.00 0.00 0.00 0.00 0.00 0.00 0.00 -39.72 -1.91 -0.01 -0.00 -0.00 0.00 -0.00 -0.00 -0.00 -9.88 -199.27 -41.95 -5.90 -4.10 -0.19 -0.01 -4.56 -4.54 -3.02 -63.41 -418.08 -158.84 -54.08 -52.80 -10.13 -2.90 -48.28 -53.02 -41.41 -170.67 -657.31 -339.03 -171.10 -176.89 -60.07 -31.50 -163.30 -173.36 -149.46 -354.39
0.00 0.00 0.00 0.00 0.00 0.00 0.00 0.00 0.00 0.00 -39.72 -1.91 -0.01 -0.00 -0.00 0.00 -0.00 -0.00 -0.00 -9.88 -199.27 -41.95 -5.90 -4.10 -0.19 -0.01 -4.56 -4.54 -3.02 -63.41 -418.08 -158.84 -54.08 -52.80 -10.13 -2.90 -48.28 -53.02 -41.41 -170.67 -657.31 -339.03 -171.10 -176.89 -60.07 -31.50 -163.30 -173.36 -149.46 -354.39
0.00 0.00 0.00 0.00 0.00 0.00 0.00 0.00 0.00 0.00 -39.72 -1.91 -0.01 -0.00 -0.00 0.00 -0.00 -0.00 -0.00 -9.88 -199.27 -41.95 -5.90 -4.10 -0.19 -0.01 -4.56 -4.54 -3.02 -63.41 -418.08 -158.84 -54.08 -52.80 -10.13 -2.90 -48.28 -53.02 -41.41 -170.67 -657.31 -339.03 -171.10 -176.89 -60.07 -31.50 -163.30 -173.36 -149.46 -354.39
0.00 0.00 0.00 0.00 0.00 0.00 0.00 0.00 0.00 0.00 -39.72 -1.91 -0.01 -0.00 -0.00 0.00 -0.00 -0.00 -0.00 -9.88 -199.27 -41.95 -5.90 -4.10 -0.19 -0.01 -4.56 -4.54 -3.02 -63.41 -418.08 -158.84 -54.08 -52.80 -10.13 -2.90 -48.28 -53.02 -41.41 -170.67 -657.31 -339.03 -171.10 -176.89 -60.07 -31.50 -163.30 -173.36 -149.46 -354.39
0.00 0.00 0.00 0.00 0.00 0.00 0.00 0.00 0.00 0.00 -39.72 -1.91 -0.01 -0.00 -0.00 0.00 -0.00 -0.00 -0.00 -9.88 -199.27 -41.95 -5.90 -4.10 -0.19 -0.01 -4.56 -4.54 -3.02 -63.41 -418.08 -158.84 -54.08 -52.80 -10.13 -2.90 -48.28 -53.02 -41.41 -170.67 -657.31 -339.03 -171.10 -176.89 -60.07 -31.50 -163.30 -173.36 -149.46 -354.39
0.00 0.00 0.00 0.00 0.00 0.00 0.00 0.00 0.00 0.00 -39.72 -1.91 -0.01 -0.00 -0.00 0.00 -0.00 -0.00 -0.00 -9.88 -199.27 -41.95 -5.90 -4.10 -0.19 -0.01 -4.56 -4.54 -3.02 -63.41 -418.08 -158.84 -54.08 -52.80 -10.13 -2.90 -48.28 -53.02 -41.41 -170.67 -657.31 -339.03 -171.10 -176.89 -60.07 -31.50 -163.30 -173.36 -149.46 -354.39
0.00 0.00 0.00 0.00 0.00 0.00 0.00 0.00 0.00 0.00 -39.72 -1.91 -0.01 -0.00 -0.00 0.00 -0.00 -0.00 -0.00 -9.88 -199.27 -41.95 -5.90 -4.10 -0.19 -0.01 -4.56 -4.54 -3.02 -63.41 -418.08 -158.84 -54.08 -52.80 -10.13 -2.90 -48.28 -53.02 -41.41 -170.67 -657.31 -339.03 -171.10 -176.89 -60.07 -31.50 -163.30 -173.36 -149.46 -354.39
0.00 0.00 0.00 0.00 0.00 0.00 0.00 0.00 0.00 0.00 -39.72 -1.91 -0.01 -0.00 -0.00 0.00 -0.00 -0.00 -0.00 -9.88 -199.27 -41.95 -5.90 -4.10 -0.19 -0.01 -4.56 -4.54 -3.02 -63.41 -418.08 -158.84 -54.08 -52.80 -10.13 -2.90 -48.28 -53.02 -41.41 -170.67 -657.31 -339.03 -171.10 -176.89 -60.07 -31.50 -163.30 -173.36 -149.46 -354.39
0.00 0.00 0.00 0.00 0.00 0.00 0.00 0.00 0.00 0.00 -39.72 -1.91 -0.01 -0.00 -0.00 0.00 -0.00 -0.00 -0.00 -9.88 -199.27 -41.95 -5.90 -4.10 -0.19 -0.01 -4.56 -4.54 -3.02 -63.41 -418.08 -158.84 -54.08 -52.80 -10.13 -2.90 -48.28 -53.02 -41.41 -170.67 -657.31 -339.03 -171.10 -176.89 -60.07 -31.50 -163.30 -173.36 -149.46 -354.39
0.00 0.00 0.00 0.00 0.00 0.00 0.00 0.00 0.00 0.00 -39.72 -1.91 -0.01 -0.00 -0.00 0.00 -0.00 -0.00 -0.00 -9.88 -199.27 -41.95 -5.90 -4.10 -0.19 -0.01 -4.56 -4.54 -3.02 -63.41 -418.08 -158.84 -54.08 -52.80 -10.13 -2.90 -48.28 -53.02 -41.41 -170.67 -657.31 -339.03 -171.10 -176.89 -60.07 -31.50 -163.30 -173.36 -149.46 -354.39
0.00 0.00 0.00 0.00 0.00 0.00 0.00 0.00 0.00 0.00 -39.72 -1.91 -0.01 -0.00 -0.00 0.00 -0.00 -0.00 -0.00 -9.88 -199.27 -41.95 -5.90 -4.10 -0.19 -0.01 -4.56 -4.54 -3.02 -63.41 -418.08 -158.84 -54.08 -52.80 -10.13 -2.90 -48.28 -53.02 -41.41 -170.67 -657.31 -339.03 -171.10 -176.89 -60.07 -31.50 -163.30 -173.36 -149.46 -354.39
0.00 0.00 0.00 0.00 0.00 0.00 0.00 0.00 0.00 0.00 -39.72 -1.91 -0.01 -0.00 -0.00 0.00 -0.00 -0.00 -0.00 -9.88 -199.27 -41.95 -5.90 -4.10 -0.19 -0.01 -4.56 -4.54 -3.02 -63.41 -418.08 -158.84 -54.08 -52.80 -10.13 -2.90 -48.28 -53.02 -41.41 -170.67 -657.31 -339.03 -171.10 -176.89 -60.07 -31.50 -163.30 -173.36 -149.46 -354.39
0.00 0.00 0.00 0.00 0.00 0.00 0.00 0.00 0.00 0.00 -39.72 -1.91 -0.01 -0.00 -0.00 0.00 -0.00 -0.00 -0.00 -9.88 -199.27 -41.95 -5.90 -4.10 -0.19 -0.01 -4.56 -4.54 -3.02 -63.41 -418.08 -158.84 -54.08 -52.80 -10.13 -2.90 -48.28 -53.02 -41.41 -170.67 -657.31 -339.03 -171.10 -176.89 -60.07 -31.50 -163.30 -173.36 -149.46 -354.39
0.00 0.00 0.00 0.00 0.00 0.00 0.00 0.00 0.00 0.00 -39.72 -1.91 -0.01 -0.00 -0.00 0.00 -0.00 -0.00 -0.00 -9.88 -199.27 -41.95 -5.90 -4.10 -0.19 -0.01 -4.56 -4.54 -3.02 -63.41 -418.08 -158.84 -54.08 -52.80 -10.13 -2.90 -48.28 -53.02 -41.41 -170.67 -657.31 -339.03 -171.10 -176.89 -60.07 -31.50 -163.30 -173.36 -149.46 -354.39
0.00 0.00 0.00 0.00 0.00 0.00 0.00 0.00 0.00 0.00 -39.72 -1.91 -0.01 -0.00 -0.00 0.00 -0.00 -0.00 -0.00 -9.88 -199.27 -41.95 -5.90 -4.10 -0.19 -0.01 -4.56 -4.54 -3.02 -63.41 -418.08 -158.84 -54.08 -52.80 -10.13 -2.90 -48.28 -53.02 -41.41 -170.67 -657.31 -339.03 -171.10 -176.89 -60.07 -31.50 -163.30 -173.36 -149.46 -354.39
0.00 0.00 0.00 0.00 0.00 0.00 0.00 0.00 0.00 0.00 -39.72 -1.91 -0.01 -0.00 -0.00 0.00 -0.00 -0.00 -0.00 -9.88 -199.27 -41.95 -5.90 -4.10 -0.19 -0.01 -4.56 -4.54 -3.02 -63.41 -418.08 -158.84 -54.08 -52.80 -10.13 -2.90 -48.28 -53.02 -41.41 -170.67 -657.31 -339.03 -171.10 -176.89 -60.07 -31.50 -163.30 -173.36 -149.46 -354.39
0.00 0.00 0.00 0.00 0.00 0.00 0.00 0.00 0.00 0.00 -39.72 -1.91 -0.01 -0.00 -0.00 0.00 -0.00 -0.00 -0.00 -9.88 -199.27 -41.95 -5.90 -4.10 -0.19 -0.01 -4.56 -4.54 -3.02 -63.41 -418.08 -158.84 -54.08 -52.80 -10.13 -2.90 -48.28 -53.02 -41.41 -170.67 -657.31 -339.03 -171.10 -176.89 -60.07 -31.50 -163.30 -173.36 -149.46 -354.39
0.00 0.00 0.00 0.00 0.00 0.00 0.00 0.00 0.00 0.00 -39.72 -1.91 -0.01 -0.00 -0.00 0.00 -0.00 -0.00 -0.00 -9.88 -199.27 -41.95 -5.90 -4.10 -0.19 -0.01 -4.56 -4.54 -3.02 -63.41 -418.08 -158.84 -54.08 -52.80 -10.13 -2.90 -48.28 -53.02 -41.41 -170.67 -657.31 -339.03 -171.10 -176.89 -60.07 -31.50 -163.30 -173.36 -149.46 -354.39
0.00 0.00 0.00 0.00 0.00 0.00 0.00 0.00 0.00 0.00 -39.72 -1.91 -0.01 -0.00 -0.00 0.00 -0.00 -0.00 -0.00 -9.88 -199.27 -41.95 -5.90 -4.10 -0.19 -0.01 -4.56 -4.54 -3.02 -63.41 -418.08 -158.84 -54.08 -52.80 -10.13 -2.90 -48.28 -53.02 -41.41 -170.67 -657.31 -339.03 -171.10 -176.89 -60.07 -31.50 -163.30 -173.36 -149.46 -354.39
0.00 0.00 0.00 0.00 0.00 0.00 0.00 0.00 0.00 0.00 -39.72 -1.91 -0.01 -0.00 -0.00 0.00 -0.00 -0.00 -0.00 -9.88 -199.27 -41.95 -5.90 -4.10 -0.19 -0.01 -4.56 -4.54 -3.02 -63.41 -418.08 -158.84 -54.08 -52.80 -10.13 -2.90 -48.28 -53.02 -41.41 -170.67 -657.31 -339.03 -171.10 -176.89 -60.07 -31.50 -163.30 -173.36 -149.46 -354.39
0.00 0.00 0.00 0.00 0.00 0.00 0.00 0.00 0.00 0.00 -39.72 -1.91 -0.01 -0.00 -0.00 0.00 -0.00 -0.00 -0.00 -9.88 -199.27 -41.95 -5.90 -4.10 -0.19 -0.01 -4.56 -4.54 -3.02 -63.41 -418.08 -158.84 -54.08 -52.80 -10.13 -2.90 -48.28 -53.02 -41.41 -170.67 -657.31 -339.03 -171.10 -176.89 -60.07 -31.50 -163.30 -173.36 -149.46 -354.39
0.00 0.00 0.00 0.00 0.00 0.00 0.00 0.00 0.00 0.00 -39.72 -1.91 -0.01 -0.00 -0.00 0.00 -0.00 -0.00 -0.00 -9.88 -199.27 -41.95 -5.90 -4.10 -0.19 -0.01 -4.56 -4.54 -3.02 -63.41 -418.08 -158.84 -54.08 -52.80 -10.13 -2.90 -48.28 -53.02 -41.41 -170.67 -657.31 -339.03 -171.10 -176.89 -60.07 -31.50 -163.30 -173.36 -149.46 -354.39
0.00 0.00 0.00 0.00 0.00 0.00 0.00 0.00 0.00 0.00 -39.72 -1.91 -0.01 -0.00 -0.00 0.00 -0.00 -0.00 -0.00 -9.88 -199.27 -41.95 -5.90 -4.10 -0.19 -0.01 -4.56 -4.54 -3.02 -63.41 -418.08 -158.84 -54.08 -52.80 -10.13 -2.90 -48.28 -53.02 -41.41 -170.67 -657.31 -339.03 -171.10 -176.89 -60.07 -31.50 -163.30 -173.36 -149.46 -354.39
0.00 0.00 0.00 0.00 0.00 0.00 0.00 0.00 0.00 0.00 -39.72 -1.91 -0.01 -0.00 -0.00 0.00 -0.00 -0.00 -0.00 -9.88 -199.27 -41.95 -5.90 -4.10 -0.19 -0.01 -4.56 -4.54 -3.02 -63.41 -418.08 -158.84 -54.08 -52.80 -10.13 -2.90 -48.28 -53.02 -41.41 -170.67 -657.31 -339.03 -171.10 -176.89 -60.07 -31.50 -163.30 -173.36 -149.46 -354.39
0.00 0.00 0.00 0.00 0.00 0.00 0.00 0.00 0.00 0.00 -39.72 -1.91 -0.01 -0.00 -0.00 0.00 -0.00 -0.00 -0.00 -9.88 -199.27 -41.95 -5.90 -4.10 -0.19 -0.01 -4.56 -4.54 -3.02 -63.41 -418.08 -158.84 -54.08 -52.80 -10.13 -2.90 -48.28 -53.02 -41.41 -170.67 -657.31 -339.03 -171.10 -176.89 -60.07 -31.50 -163.30 -173.36 -149.46 -354.39
0.00 0.00 0.00 0.00 0.00 0.00 0.00 0.00 0.00 0.00 -39.72 -1.91 -0.01 -0.00 -0.00 0.00 -0.00 -0.00 -0.00 -9.88 -199.27 -41.95 -5.90 -4.10 -0.19 -0.01 -4.56 -4.54 -3.02 -63.41 -418.08 -158.84 -54.08 -52.80 -10.13 -2.90 -48.28 -53.02 -41.41 -170.67 -657.31 -339.03 -171.10 -176.89 -60.07 -31.50 -163.30 -173.36 -149.46 -354.39
0.00 0.00 0.00 0.00 0.00 0.00 0.00 0.00 0.00 0.00 -39.72 -1.91 -0.01 -0.00 -0.00 0.00 -0.00 -0.00 -0.00 -9.88 -199.27 -41.95 -5.90 -4.10 -0.19 -0.01 -4.56 -4.54 -3.02 -63.41 -418.08 -158.84 -54.08 -52.80 -10.13 -2.90 -48.28 -53.02 -41.41 -170.67 -657.31 -339.03 -171.10 -176.89 -60.07 -31.50 -163.30 -173.36 -149.46 -354.39
0.00 0.00 0.00 0.00 0.00 0.00 0.00 0.00 0.00 0.00 -39.72 -1.91 -0.01 -0.00 -0.00 0.00 -0.00 -0.00 -0.00 -9.88 -199.27 -41.95 -5.90 -4.10 -0.19 -0.01 -4.56 -4.54 -3.02 -63.41 -418.08 -158.84 -54.08 -52.80 -10.13 -2.90 -48.28 -53.02 -41.41 -170.67 -657.31 -339.03 -171.10 -176.89 -60.07 -31.50 -163.30 -173.36 -149.46 -354.39
0.00 0.00 0.00 0.00 0.00 0.00 0.00 0.00 0.00 0.00 -39.72 -1.91 -0.01 -0.00 -0.00 0.00 -0.00 -0.00 -0.00 -9.88 -199.27 -41.95 -5.90 -4.10 -0.19 -0.01 -4.56 -4.54 -3.02 -63.41 -418.08 -158.84 -54.08 -52.80 -10.13 -2.90 -48.28 -53.02 -41.41 -170.67 -657.31 -339.03 -171.10 -176.89 -60.07 -31.50 -163.30 -173.36 -149.46 -354.39
0.00 0.00 0.00 0.00 0.00 0.00 0.00 0.00 0.00 0.00 -39.72 -1.91 -0.01 -0.00 -0.00 0.00 -0.00 -0.00 -0.00 -9.88 -199.27 -41.95 -5.90 -4.10 -0.19 -0.01 -4.56 -4.54 -3.02 -63.41 -418.08 -158.84 -54.08 -52.80 -10.13 -2.90 -48.28 -53.02 -41.41 -170.67 -657.31 -339.03 -171.10 -176.89 -60.07 -31.50 -163.30 -173.36 -149.46 -354.39
0.00 0.00 0.00 0.00 0.00 0.00 0.00 0.00 0.00 0.00 -39.72 -1.91 -0.01 -0.00 -0.00 0.00 -0.00 -0.00 -0.00 -9.88 -199.27 -41.95 -5.90 -4.10 -0.19 -0.01 -4.56 -4.54 -3.02 -63.41 -418.08 -158.84 -54.08 -52.80 -10.13 -2.90 -48.28 -53.02 -41.41 -170.67 -657.31 -339.03 -171.10 -176.89 -60.07 -31.50 -163.30 -173.36 -149.46 -354.39
0.00 0.00 0.00 0.00 0.00 0.00 0.00 0.00 0.00 0.00 -39.72 -1.91 -0.01 -0.00 -0.00 0.00 -0.00 -0.00 -0.00 -9.88 -199.27 -41.95 -5.90 -4.10 -0.19 -0.01 -4.56 -4.54 -3.02 -63.41 -418.08 -158.84 -54.08 -52.80 -10.13 -2.90 -48.28 -53.02 -41.41 -170.67 -657.31 -339.03 -171.10 -176.89 -60.07 -31.50 -163.30 -173.36 -149.46 -354.39
0.00 0.00 0.00 0.00 0.00 0.00 0.00 0.00 0.00 0.00 -39.72 -1.91 -0.01 -0.00 -0.00 0.00 -0.00 -0.00 -0.00 -9.88 -199.27 -41.95 -5.90 -4.10 -0.19 -0.01 -4.56 -4.54 -3.02 -63.41 -418.08 -158.84 -54.08 -52.80 -10.13 -2.90 -48.28 -53.02 -41.41 -170.67 -657.31 -339.03 -171.10 -176.89 -60.07 -31.50 -163.30 -173.36 -149.46 -354.39
0.00 0.00 0.00 0.00 0.00 0.00 0.00 0.00 0.00 0.00 -39.72 -1.91 -0.01 -0.00 -0.00 0.00 -0.00 -0.00 -0.00 -9.88 -199.27 -41.95 -5.90 -4.10 -0.19 -0.01 -4.56 -4.54 -3.02 -63.41 -418.08 -158.84 -54.08 -52.80 -10.13 -2.90 -48.28 -53.02 -41.41 -170.67 -657.31 -339.03 -171.10 -176.89 -60.07 -31.50 -163.30 -173.36 -149.46 -354.39
0.00 0.00 0.00 0.00 0.00 0.00 0.00 0.00 0.00 0.00 -39.72 -1.91 -0.01 -0.00 -0.00 0.00 -0.00 -0.00 -0.00 -9.88 -199.27 -41.95 -5.90 -4.10 -0.19 -0.01 -4.56 -4.54 -3.02 -63.41 -418.08 -158.84 -54.08 -52.80 -10.13 -2.90 -48.28 -53.02 -41.41 -170.67 -657.31 -339.03 -171.10 -176.89 -60.07 -31.50 -163.30 -173.36 -149.46 -354.39
0.00 0.00 0.00 0.00 0.00 0.00 0.00 0.00 0.00 0.00 -39.72 -1.91 -0.01 -0.00 -0.00 0.00 -0.00 -0.00 -0.00 -9.88 -199.27 -41.95 -5.90 -4.10 -0.19 -0.01 -4.56 -4.54 -3.02 -63.41 -418.08 -158.84 -54.08 -52.80 -10.13 -2.90 -48.28 -53.02 -41.41 -170.67 -657.31 -339.03 -171.10 -176.89 -60.07 -31.50 -163.30 -173.36 -149.46 -354.39
0.00 0.00 0.00 0.00 0.00 0.00 0.00 0.00 0.00 0.00 -39.72 -1.91 -0.01 -0.00 -0.00 0.00 -0.00 -0.00 -0.00 -9.88 -199.27 -41.95 -5.90 -4.10 -0.19 -0.01 -4.56 -4.54 -3.02 -63.41 -418.08 -158.84 -54.08 -52.80 -10.13 -2.90 -48.28 -53.02 -41.41 -170.67 -657.31 -339.03 -171.10 -176.89 -60.07 -31.50 -163.30 -173.36 -149.46 -354.39
0.00 0.00 0.00 0.00 0.00 0.00 0.00 0.00 0.00 0.00 -39.72 -1.91 -0.01 -0.00 -0.00 0.00 -0.00 -0.00 -0.00 -9.88 -199.27 -41.95 -5.90 -4.10 -0.19 -0.01 -4.56 -4.54 -3.02 -63.41 -418.08 -158.84 -54.08 -52.80 -10.13 -2.90 -48.28 -53.02 -41.41 -170.67 -657.31 -339.03 -171.10 -176.89 -60.07 -31.50 -163.30 -173.36 -149.46 -354.39
0.00 0.00 0.00 0.00 0.00 0.00 0.00 0.00 0.00 0.00 -39.72 -1.91 -0.01 -0.00 -0.00 0.00 -0.00 -0.00 -0.00 -9.88 -199.27 -41.95 -5.90 -4.10 -0.19 -0.01 -4.56 -4.54 -3.02 -63.41 -418.08 -158.84 -54.08 -52.80 -10.13 -2.90 -48.28 -53.02 -41.41 -170.67 -657.31 -339.03 -171.10 -176.89 -60.07 -31.50 -163.30 -173.36 -149.46 -354.39
0.00 0.00 0.00 0.00 0.00 0.00 0.00 0.00 0.00 0.00 -39.72 -1.91 -0.01 -0.00 -0.00 0.00 -0.00 -0.00 -0.00 -9.88 -199.27 -41.95 -5.90 -4.10 -0.19 -0.01 -4.56 -4.54 -3.02 -63.41 -418.08 -158.84 -54.08 -52.80 -10.13 -2.90 -48.28 -53.02 -41.41 -170.67 -657.31 -339.03 -171.10 -176.89 -60.07 -31.50 -163.30 -173.36 -149.46 -354.39
0.00 0.00 0.00 0.00 0.00 0.00 0.00 0.00 0.00 0.00 -39.72 -1.91 -0.01 -0.00 -0.00 0.00 -0.00 -0.00 -0.00 -9.88 -199.27 -41.95 -5.90 -4.10 -0.19 -0.01 -4.56 -4.54 -3.02 -63.41 -418.08 -158.84 -54.08 -52.80 -10.13 -2.90 -48.28 -53.02 -41.41 -170.67 -657.31 -339.03 -171.10 -176.89 -60.07 -31.50 -163.30 -173.36 -149.46 -354.39
0.00 0.00 0.00 0.00 0.00 0.00 0.00 0.00 0.00 0.00 -39.72 -1.91 -0.01 -0.00 -0.00 0.00 -0.00 -0.00 -0.00 -9.88 -199.27 -41.95 -5.90 -4.10 -0.19 -0.01 -4.56 -4.54 -3.02 -63.41 -418.08 -158.84 -54.08 -52.80 -10.13 -2.90 -48.28 -53.02 -41.41 -170.67 -657.31 -339.03 -171.10 -176.89 -60.07 -31.50 -163.30 -173.36 -149.46 -354.39
0.00 0.00 0.00 0.00 0.00 0.00 0.00 0.00 0.00 0.00 -39.72 -1.91 -0.01 -0.00 -0.00 0.00 -0.00 -0.00 -0.00 -9.88 -199.27 -41.95 -5.90 -4.10 -0.19 -0.01 -4.56 -4.54 -3.02 -63.41 -418.08 -158.84 -54.08 -52.80 -10.13 -2.90 -48.28 -53.02 -41.41 -170.67 -657.31 -339.03 -171.10 -176.89 -60.07 -31.50 -163.30 -173.36 -149.46 -354.39
0.00 0.00 0.00 0.00 0.00 0.00 0.00 0.00 0.00 0.00 -39.72 -1.91 -0.01 -0.00 -0.00 0.00 -0.00 -0.00 -0.00 -9.88 -199.27 -41.95 -5.90 -4.10 -0.19 -0.01 -4.56 -4.54 -3.02 -63.41 -418.08 -158.84 -54.08 -52.80 -10.13 -2.90 -48.28 -53.02 -41.41 -170.67 -657.31 -339.03 -171.10 -176.89 -60.07 -31.50 -163.30 -173.36 -149.46 -354.39
0.00 0.00 0.00 0.00 0.00 0.00 0.00 0.00 0.00 0.00 -39.72 -1.91 -0.01 -0.00 -0.00 0.00 -0.00 -0.00 -0.00 -9.88 -199.27 -41.95 -5.90 -4.10 -0.19 -0.01 -4.56 -4.54 -3.02 -63.41 -418.08 -158.84 -54.08 -52.80 -10.13 -2.90 -48.28 -53.02 -41.41 -170.67 -657.31 -339.03 -171.10 -176.89 -60.07 -31.50 -163.30 -173.36 -149.46 -354.39
0.00 0.00 0.00 0.00 0.00 0.00 0.00 0.00 0.00 0.00 -39.72 -1.91 -0.01 -0.00 -0.00 0.00 -0.00 -0.00 -0.00 -9.88 -199.27 -41.95 -5.90 -4.10 -0.19 -0.01 -4.56 -4.54 -3.02 -63.41 -418.08 -158.84 -54.08 -52.80 -10.13 -2.90 -48.28 -53.02 -41.41 -170.67 -657.31 -339.03 -171.10 -176.89 -60.07 -31.50 -163.30 -173.36 -149.46 -354.39
0.00 0.00 0.00 0.00 0.00 0.00 0.00 0.00 0.00 0.00 -39.72 -1.91 -0.01 -0.00 -0.00 0.00 -0.00 -0.00 -0.00 -9.88 -199.27 -41.95 -5.90 -4.10 -0.19 -0.01 -4.56 -4.54 -3.02 -63.41 -418.08 -158.84 -54.08 -52.80 -10.13 -2.90 -48.28 -53.02 -41.41 -170.67 -657.31 -339.03 -171.10 -176.89 -60.07 -31.50 -163.30 -173.36 -149.46 -354.39
0.00 0.00 0.00 0.00 0.00 0.00 0.00 0.00 0.00 0.00 -39.72 -1.91 -0.01 -0.00 -0.00 0.00 -0.00 -0.00 -0.00 -9.88 -199.27 -41.95 -5.90 -4.10 -0.19 -0.01 -4.56 -4.54 -3.02 -63.41 -418.08 -158.84 -54.08 -52.80 -10.13 -2.90 -48.28 -53.02 -41.41 -170.67 -657.31 -339.03 -171.10 -176.89 -60.07 -31.50 -163.30 -173.36 -149.46 -354.39
0.00 0.00 0.00 0.00 0.00 0.00 0.00 0.00 0.00 0.00 -39.72 -1.91 -0.01 -0.00 -0.00 0.00 -0.00 -0.00 -0.00 -9.88 -199.27 -41.95 -5.90 -4.10 -0.19 -0.01 -4.56 -4.54 -3.02 -63.41 -418.08 -158.84 -54.08 -52.80 -10.13 -2.90 -48.28 -53.02 -41.41 -170.67 -657.31 -339.03 -171.10 -176.89 -60.07 -31.50 -163.30 -173.36 -149.46 -354.39
0.00 0.00 0.00 0.00 0.00 0.00 0.00 0.00 0.00 0.00 -39.72 -1.91 -0.01 -0.00 -0.00 0.00 -0.00 -0.00 -0.00 -9.88 -199.27 -41.95 -5.90 -4.10 -0.19 -0.01 -4.56 -4.54 -3.02 -63.41 -418.08 -158.84 -54.08 -52.80 -10.13 -2.90 -48.28 -53.02 -41.41 -170.67 -657.31 -339.03 -171.10 -176.89 -60.07 -31.50 -163.30 -173.36 -149.46 -354.39
0.00 0.00 0.00 0.00 0.00 0.00 0.00 0.00 0.00 0.00 -39.72 -1.91 -0.01 -0.00 -0.00 0.00 -0.00 -0.00 -0.00 -9.88 -199.27 -41.95 -5.90 -4.10 -0.19 -0.01 -4.56 -4.54 -3.02 -63.41 -418.08 -158.84 -54.08 -52.80 -10.13 -2.90 -48.28 -53.02 -41.41 -170.67 -657.31 -339.03 -171.10 -176.89 -60.07 -31.50 -163.30 -173.36 -149.46 -354.39
0.00 0.00 0.00 0.00 0.00 0.00 0.00 0.00 0.00 0.00 -39.72 -1.91 -0.01 -0.00 -0.00 0.00 -0.00 -0.00 -0.00 -9.88 -199.27 -41.95 -5.90 -4.10 -0.19 -0.01 -4.56 -4.54 -3.02 -63.41 -418.08 -158.84 -54.08 -52.80 -10.13 -2.90 -48.28 -53.02 -41.41 -170.67 -657.31 -339.03 -171.10 -176.89 -60.07 -31.50 -163.30 -173.36 -149.46 -354.39
0.00 0.00 0.00 0.00 0.00 0.00 0.00 0.00 0.00 0.00 -39.72 -1.91 -0.01 -0.00 -0.00 0.00 -0.00 -0.00 -0.00 -9.88 -199.27 -41.95 -5.90 -4.10 -0.19 -0.01 -4.56 -4.54 -3.02 -63.41 -418.08 -158.84 -54.08 -52.80 -10.13 -2.90 -48.28 -53.02 -41.41 -170.67 -657.31 -339.03 -171.10 -176.89 -60.07 -31.50 -163.30 -173.36 -149.46 -354.39
0.00 0.00 0.00 0.00 0.00 0.00 0.00 0.00 0.00 0.00 -39.72 -1.91 -0.01 -0.00 -0.00 0.00 -0.00 -0.00 -0.00 -9.88 -199.27 -41.95 -5.90 -4.10 -0.19 -0.01 -4.56 -4.54 -3.02 -63.41 -418.08 -158.84 -54.08 -52.80 -10.13 -2.90 -48.28 -53.02 -41.41 -170.67 -657.31 -339.03 -171.10 -176.89 -60.07 -31.50 -163.30 -173.36 -149.46 -354.39
0.00 0.00 0.00 0.00 0.00 0.00 0.00 0.00 0.00 0.00 -39.72 -1.91 -0.01 -0.00 -0.00 0.00 -0.00 -0.00 -0.00 -9.88 -199.27 -41.95 -5.90 -4.10 -0.19 -0.01 -4.56 -4.54 -3.02 -63.41 -418.08 -158.84 -54.08 -52.80 -10.13 -2.90 -48.28 -53.02 -41.41 -170.67 -657.31 -339.03 -171.10 -176.89 -60.07 -31.50 -163.30 -173.36 -149.46 -354.39
0.00 0.00 0.00 0.00 0.00 0.00 0.00 0.00 0.00 0.00 -39.72 -1.91 -0.01 -0.00 -0.00 0.00 -0.00 -0.00 -0.00 -9.88 -199.27 -41.95 -5.90 -4.10 -0.19 -0.01 -4.56 -4.54 -3.02 -63.41 -418.08 -158.84 -54.08 -52.80 -10.13 -2.90 -48.28 -53.02 -41.41 -170.67 -657.31 -339.03 -171.10 -176.89 -60.07 -31.50 -163.30 -173.36 -149.46 -354.39
0.00 0.00 0.00 0.00 0.00 0.00 0.00 0.00 0.00 0.00 -39.72 -1.91 -0.01 -0.00 -0.00 0.00 -0.00 -0.00 -0.00 -9.88 -199.27 -41.95 -5.90 -4.10 -0.19 -0.01 -4.56 -4.54 -3.02 -63.41 -418.08 -158.84 -54.08 -52.80 -10.13 -2.90 -48.28 -53.02 -41.41 -170.67 -657.31 -339.03 -171.10 -176.89 -60.07 -31.50 -163.30 -173.36 -149.46 -354.39
0.00 0.00 0.00 0.00 0.00 0.00 0.00 0.00 0.00 0.00 -39.63 -1.89 -0.01 -0.00 -0.00 0.00 -0.00 -0.00 -0.00 -9.39 -198.98 -41.76 -5.85 -4.07 -0.18 -0.01 -4.56 -3.91 -2.81 -61.54 -417.66 -158.34 -53.74 -52.98 -9.89 -3.03 -49.46 -48.41 -38.82 -169.52 -656.83 -338.24 -169.80 -177.71 -59.26 -32.96 -166.01 -161.55 -140.83 -354.64
0.00 0.00 0.00 0.00 0.00 0.00 0.00 0.00 0.00 0.00 -39.63 -1.89 -0.01 -0.00 -0.00 0.00 -0.00 -0.00 -0.00 -9.39 -198.98 -41.76 -5.85 -4.07 -0.18 -0.01 -4.56 -3.91 -2.81 -61.54 -417.66 -158.34 -53.74 -52.98 -9.89 -3.03 -49.46 -48.41 -38.82 -169.52 -656.83 -338.24 -169.80 -177.71 -59.26 -32.96 -166.01 -161.55 -140.83 -354.64
0.00 0.00 0.00 0.00 0.00 0.00 0.00 0.00 0.00 0.00 -39.63 -1.89 -0.01 -0.00 -0.00 0.00 -0.00 -0.00 -0.00 -9.39 -198.98 -41.76 -5.85 -4.07 -0.18 -0.01 -4.56 -3.91 -2.81 -61.54 -417.66 -158.34 -53.74 -52.98 -9.89 -3.03 -49.46 -48.41 -38.82 -169.52 -656.83 -338.24 -169.80 -177.71 -59.26 -32.96 -166.01 -161.55 -140.83 -354.64
0.00 0.00 0.00 0.00 0.00 0.00 0.00 0.00 0.00 0.00 -39.63 -1.89 -0.01 -0.00 -0.00 0.00 -0.00 -0.00 -0.00 -9.39 -198.98 -41.76 -5.85 -4.07 -0.18 -0.01 -4.56 -3.91 -2.81 -61.54 -417.66 -158.34 -53.74 -52.98 -9.89 -3.03 -49.46 -48.41 -38.82 -169.52 -656.83 -338.24 -169.80 -177.71 -59.26 -32.96 -166.01 -161.55 -140.83 -354.64
0.00 0.00 0.00 0.00 0.00 0.00 0.00 0.00 0.00 0.00 -39.63 -1.89 -0.01 -0.00 -0.00 0.00 -0.00 -0.00 -0.00 -9.39 -198.98 -41.76 -5.85 -4.07 -0.18 -0.01 -4.56 -3.91 -2.81 -61.54 -417.66 -158.34 -53.74 -52.98 -9.89 -3.03 -49.46 -48.41 -38.82 -169.52 -656.83 -338.24 -169.80 -177.71 -59.26 -32.96 -166.01 -161.55 -140.83 -354.64
0.00 0.00 0.00 0.00 0.00 0.00 0.00 0.00 0.00 0.00 -39.63 -1.89 -0.01 -0.00 -0.00 0.00 -0.00 -0.00 -0.00 -9.39 -198.98 -41.76 -5.85 -4.07 -0.18 -0.01 -4.56 -3.91 -2.81 -61.54 -417.66 -158.34 -53.74 -52.98 -9.89 -3.03 -49.46 -48.41 -38.82 -169.52 -656.83 -338.24 -169.80 -177.71 -59.26 -32.96 -166.01 -161.55 -140.83 -354.64
0.00 0.00 0.00 0.00 0.00 0.00 0.00 0.00 0.00 0.00 -39.63 -1.89 -0.01 -0.00 -0.00 0.00 -0.00 -0.00 -0.00 -9.39 -198.98 -41.76 -5.85 -4.07 -0.18 -0.01 -4.56 -3.91 -2.81 -61.54 -417.66 -158.34 -53.74 -52.98 -9.89 -3.03 -49.46 -48.41 -38.82 -169.52 -656.83 -338.24 -169.80 -177.71 -59.26 -32.96 -166.01 -161.55 -140.83 -354.64
0.00 0.00 0.00 0.00 0.00 0.00 0.00 0.00 0.00 0.00 -39.63 -1.89 -0.01 -0.00 -0.00 0.00 -0.00 -0.00 -0.00 -9.39 -198.98 -41.76 -5.85 -4.07 -0.18 -0.01 -4.56 -3.91 -2.81 -61.54 -417.66 -158.34 -53.74 -52.98 -9.89 -3.03 -49.46 -48.41 -38.82 -169.52 -656.83 -338.24 -169.80 -177.71 -59.26 -32.96 -166.01 -161.55 -140.83 -354.64
0.00 0.00 0.00 0.00 0.00 0.00 0.00 0.00 0.00 0.00 -39.63 -1.89 -0.01 -0.00 -0.00 0.00 -0.00 -0.00 -0.00 -9.39 -198.98 -41.76 -5.85 -4.07 -0.18 -0.01 -4.56 -3.91 -2.81 -61.54 -417.66 -158.34 -53.74 -52.98 -9.89 -3.03 -49.46 -48.41 -38.82 -169.52 -656.83 -338.24 -169.80 -177.71 -59.26 -32.96 -166.01 -161.55 -140.83 -354.64
0.00 0.00 0.00 0.00 0.00 0.00 0.00 0.00 0.00 0.00 -39.63 -1.89 -0.01 -0.00 -0.00 0.00 -0.00 -0.00 -0.00 -9.39 -198.98 -41.76 -5.85 -4.07 -0.18 -0.01 -4.56 -3.91 -2.81 -61.54 -417.66 -158.34 -53.74 -52.98 -9.89 -3.03 -49.46 -48.41 -38.82 -169.52 -656.83 -338.24 -169.80 -177.71 -59.26 -32.96 -166.01 -161.55 -140.83 -354.64
0.00 0.00 0.00 0.00 0.00 0.00 0.00 0.00 0.00 0.00 -39.63 -1.89 -0.01 -0.00 -0.00 0.00 -0.00 -0.00 -0.00 -9.39 -198.98 -41.76 -5.85 -4.07 -0.18 -0.01 -4.56 -3.91 -2.81 -61.54 -417.66 -158.34 -53.74 -52.98 -9.89 -3.03 -49.46 -48.41 -38.82 -169.52 -656.83 -338.24 -169.80 -177.71 -59.26 -32.96 -166.01 -161.55 -140.83 -354.64
0.00 0.00 0.00 0.00 0.00 0.00 0.00 0.00 0.00 0.00 -39.63 -1.89 -0.01 -0.00 -0.00 0.00 -0.00 -0.00 -0.00 -9.39 -198.98 -41.76 -5.85 -4.07 -0.18 -0.01 -4.56 -3.91 -2.81 -61.54 -417.66 -158.34 -53.74 -52.98 -9.89 -3.03 -49.46 -48.41 -38.82 -169.52 -656.83 -338.24 -169.80 -177.71 -59.26 -32.96 -166.01 -161.55 -140.83 -354.64
0.00 0.00 0.00 0.00 0.00 0.00 0.00 0.00 0.00 0.00 -39.63 -1.89 -0.01 -0.00 -0.00 0.00 -0.00 -0.00 -0.00 -9.39 -198.98 -41.76 -5.85 -4.07 -0.18 -0.01 -4.56 -3.91 -2.81 -61.54 -417.66 -158.34 -53.74 -52.98 -9.89 -3.03 -49.46 -48.41 -38.82 -169.52 -656.83 -338.24 -169.80 -177.71 -59.26 -32.96 -166.01 -161.55 -140.83 -354.64
0.00 0.00 0.00 0.00 0.00 0.00 0.00 0.00 0.00 0.00 -39.63 -1.89 -0.01 -0.00 -0.00 0.00 -0.00 -0.00 -0.00 -9.39 -198.98 -41.76 -5.85 -4.07 -0.18 -0.01 -4.56 -3.91 -2.81 -61.54 -417.66 -158.34 -53.74 -52.98 -9.89 -3.03 -49.46 -48.41 -38.82 -169.52 -656.83 -338.24 -169.80 -177.71 -59.26 -32.96 -166.01 -161.55 -140.83 -354.64
0.00 0.00 0.00 0.00 0.00 0.00 0.00 0.00 0.00 0.00 -39.63 -1.89 -0.01 -0.00 -0.00 0.00 -0.00 -0.00 -0.00 -9.39 -198.98 -41.76 -5.85 -4.07 -0.18 -0.01 -4.56 -3.91 -2.81 -61.54 -417.66 -158.34 -53.74 -52.98 -9.89 -3.03 -49.46 -48.41 -38.82 -169.52 -656.83 -338.24 -169.80 -177.71 -59.26 -32.96 -166.01 -161.55 -140.83 -354.64
0.00 0.00 0.00 0.00 0.00 0.00 0.00 0.00 0.00 0.00 -39.63 -1.89 -0.01 -0.00 -0.00 0.00 -0.00 -0.00 -0.00 -9.39 -198.98 -41.76 -5.85 -4.07 -0.18 -0.01 -4.56 -3.91 -2.81 -61.54 -417.66 -158.34 -53.74 -52.98 -9.89 -3.03 -49.46 -48.41 -38.82 -169.52 -656.83 -338.24 -169.80 -177.71 -59.26 -32.96 -166.01 -161.55 -140.83 -354.64
0.00 0.00 0.00 0.00 0.00 0.00 0.00 0.00 0.00 0.00 -39.63 -1.89 -0.01 -0.00 -0.00 0.00 -0.00 -0.00 -0.00 -9.39 -198.98 -41.76 -5.85 -4.07 -0.18 -0.01 -4.56 -3.91 -2.81 -61.54 -417.66 -158.34 -53.74 -52.98 -9.89 -3.03 -49.46 -48.41 -38.82 -169.52 -656.83 -338.24 -169.80 -177.71 -59.26 -32.96 -166.01 -161.55 -140.83 -354.64
0.00 0.00 0.00 0.00 0.00 0.00 0.00 0.00 0.00 0.00 -39.63 -1.89 -0.01 -0.00 -0.00 0.00 -0.00 -0.00 -0.00 -9.39 -198.98 -41.76 -5.85 -4.07 -0.18 -0.01 -4.56 -3.91 -2.81 -61.54 -417.66 -158.34 -53.74 -52.98 -9.89 -3.03 -49.46 -48.41 -38.82 -169.52 -656.83 -338.24 -169.80 -177.71 -59.26 -32.96 -166.01 -161.55 -140.83 -354.64
0.00 0.00 0.00 0.00 0.00 0.00 0.00 0.00 0.00 0.00 -39.63 -1.89 -0.01 -0.00 -0.00 0.00 -0.00 -0.00 -0.00 -9.39 -198.98 -41.76 -5.85 -4.07 -0.18 -0.01 -4.56 -3.91 -2.81 -61.54 -417.66 -158.34 -53.74 -52.98 -9.89 -3.03 -49.46 -48.41 -38.82 -169.52 -656.83 -338.24 -169.80 -177.71 -59.26 -32.96 -166.01 -161.55 -140.83 -354.64
0.00 0.00 0.00 0.00 0.00 0.00 0.00 0.00 0.00 0.00 -39.63 -1.89 -0.01 -0.00 -0.00 0.00 -0.00 -0.00 -0.00 -9.39 -198.98 -41.76 -5.85 -4.07 -0.18 -0.01 -4.56 -3.91 -2.81 -61.54 -417.66 -158.34 -53.74 -52.98 -9.89 -3.03 -49.46 -48.41 -38.82 -169.52 -656.83 -338.24 -169.80 -177.71 -59.26 -32.96 -166.01 -161.55 -140.83 -354.64
0.00 0.00 0.00 0.00 0.00 0.00 0.00 0.00 0.00 0.00 -39.63 -1.89 -0.01 -0.00 -0.00 0.00 -0.00 -0.00 -0.00 -9.39 -198.98 -41.76 -5.85 -4.07 -0.18 -0.01 -4.56 -3.91 -2.81 -61.54 -417.66 -158.34 -53.74 -52.98 -9.89 -3.03 -49.46 -48.41 -38.82 -169.52 -656.83 -338.24 -169.80 -177.71 -59.26 -32.96 -166.01 -161.55 -140.83 -354.64
0.00 0.00 0.00 0.00 0.00 0.00 0.00 0.00 0.00 0.00 -39.63 -1.89 -0.01 -0.00 -0.00 0.00 -0.00 -0.00 -0.00 -9.39 -198.98 -41.76 -5.85 -4.07 -0.18 -0.01 -4.56 -3.91 -2.81 -61.54 -417.66 -158.34 -53.74 -52.98 -9.89 -3.03 -49.46 -48.41 -38.82 -169.52 -656.83 -338.24 -169.80 -177.71 -59.26 -32.96 -166.01 -161.55 -140.83 -354.64
0.00 0.00 0.00 0.00 0.00 0.00 0.00 0.00 0.00 0.00 -39.63 -1.89 -0.01 -0.00 -0.00 0.00 -0.00 -0.00 -0.00 -9.39 -198.98 -41.76 -5.85 -4.07 -0.18 -0.01 -4.56 -3.91 -2.81 -61.54 -417.66 -158.34 -53.74 -52.98 -9.89 -3.03 -49.46 -48.41 -38.82 -169.52 -656.83 -338.24 -169.80 -177.71 -59.26 -32.96 -166.01 -161.55 -140.83 -354.64
0.00 0.00 0.00 0.00 0.00 0.00 0.00 0.00 0.00 0.00 -39.63 -1.89 -0.01 -0.00 -0.00 0.00 -0.00 -0.00 -0.00 -9.39 -198.98 -41.76 -5.85 -4.07 -0.18 -0.01 -4.56 -3.91 -2.81 -61.54 -417.66 -158.34 -53.74 -52.98 -9.89 -3.03 -49.46 -48.41 -38.82 -169.52 -656.83 -338.24 -169.80 -177.71 -59.26 -32.96 -166.01 -161.55 -140.83 -354.64
0.00 0.00 0.00 0.00 0.00 0.00 0.00 0.00 0.00 0.00 -39.63 -1.89 -0.01 -0.00 -0.00 0.00 -0.00 -0.00 -0.00 -9.39 -198.98 -41.76 -5.85 -4.07 -0.18 -0.01 -4.56 -3.91 -2.81 -61.54 -417.66 -158.34 -53.74 -52.98 -9.89 -3.03 -49.46 -48.41 -38.82 -169.52 -656.83 -338.24 -169.80 -177.71 -59.26 -32.96 -166.01 -161.55 -140.83 -354.64
0.00 0.00 0.00 0.00 0.00 0.00 0.00 0.00 0.00 0.00 -39.63 -1.89 -0.01 -0.00 -0.00 0.00 -0.00 -0.00 -0.00 -9.39 -198.98 -41.76 -5.85 -4.07 -0.18 -0.01 -4.56 -3.91 -2.81 -61.54 -417.66 -158.34 -53.74 -52.98 -9.89 -3.03 -49.46 -48.41 -38.82 -169.52 -656.83 -338.24 -169.80 -177.71 -59.26 -32.96 -166.01 -161.55 -140.83 -354.64
0.00 0.00 0.00 0.00 0.00 0.00 0.00 0.00 0.00 0.00 -39.63 -1.89 -0.01 -0.00 -0.00 0.00 -0.00 -0.00 -0.00 -9.39 -198.98 -41.76 -5.85 -4.07 -0.18 -0.01 -4.56 -3.91 -2.81 -61.54 -417.66 -158.34 -53.74 -52.98 -9.89 -3.03 -49.46 -48.41 -38.82 -169.52 -656.83 -338.24 -169.80 -177.71 -59.26 -32.96 -166.01 -161.55 -140.83 -354.64
0.00 0.00 0.00 0.00 0.00 0.00 0.00 0.00 0.00 0.00 -39.63 -1.89 -0.01 -0.00 -0.00 0.00 -0.00 -0.00 -0.00 -9.39 -198.98 -41.76 -5.85 -4.07 -0.18 -0.01 -4.56 -3.91 -2.81 -61.54 -417.66 -158.34 -53.74 -52.98 -9.89 -3.03 -49.46 -48.41 -38.82 -169.52 -656.83 -338.24 -169.80 -177.71 -59.26 -32.96 -166.01 -161.55 -140.83 -354.64
0.00 0.00 0.00 0.00 0.00 0.00 0.00 0.00 0.00 0.00 -39.63 -1.89 -0.01 -0.00 -0.00 0.00 -0.00 -0.00 -0.00 -9.39 -198.98 -41.76 -5.85 -4.07 -0.18 -0.01 -4.56 -3.91 -2.81 -61.54 -417.66 -158.34 -53.74 -52.98 -9.89 -3.03 -49.46 -48.41 -38.82 -169.52 -656.83 -338.24 -169.80 -177.71 -59.26 -32.96 -166.01 -161.55 -140.83 -354.64
0.00 0.00 0.00 0.00 0.00 0.00 0.00 0.00 0.00 0.00 -39.63 -1.89 -0.01 -0.00 -0.00 0.00 -0.00 -0.00 -0.00 -9.39 -198.98 -41.76 -5.85 -4.07 -0.18 -0.01 -4.56 -3.91 -2.81 -61.54 -417.66 -158.34 -53.74 -52.98 -9.89 -3.03 -49.46 -48.41 -38.82 -169.52 -656.83 -338.24 -169.80 -177.71 -59.26 -32.96 -166.01 -161.55 -140.83 -354.64
0.00 0.00 0.00 0.00 0.00 0.00 0.00 0.00 0.00 0.00 -39.63 -1.89 -0.01 -0.00 -0.00 0.00 -0.00 -0.00 -0.00 -9.39 -198.98 -41.76 -5.85 -4.07 -0.18 -0.01 -4.56 -3.91 -2.81 -61.54 -417.66 -158.34 -53.74 -52.98 -9.89 -3.03 -49.46 -48.41 -38.82 -169.52 -656.83 -338.24 -169.80 -177.71 -59.26 -32.96 -166.01 -161.55 -140.83 -354.64
0.00 0.00 0.00 0.00 0.00 0.00 0.00 0.00 0.00 0.00 -39.63 -1.89 -0.01 -0.00 -0.00 0.00 -0.00 -0.00 -0.00 -9.39 -198.98 -41.76 -5.85 -4.07 -0.18 -0.01 -4.56 -3.91 -2.81 -61.54 -417.66 -158.34 -53.74 -52.98 -9.89 -3.03 -49.46 -48.41 -38.82 -169.52 -656.83 -338.24 -169.80 -177.71 -59.26 -32.96 -166.01 -161.55 -140.83 -354.64
0.00 0.00 0.00 0.00 0.00 0.00 0.00 0.00 0.00 0.00 -39.63 -1.89 -0.01 -0.00 -0.00 0.00 -0.00 -0.00 -0.00 -9.39 -198.98 -41.76 -5.85 -4.07 -0.18 -0.01 -4.56 -3.91 -2.81 -61.54 -417.66 -158.34 -53.74 -52.98 -9.89 -3.03 -49.46 -48.41 -38.82 -169.52 -656.83 -338.24 -169.80 -177.71 -59.26 -32.96 -166.01 -161.55 -140.83 -354.64
0.00 0.00 0.00 0.00 0.00 0.00 0.00 0.00 0.00 0.00 -39.63 -1.89 -0.01 -0.00 -0.00 0.00 -0.00 -0.00 -0.00 -9.39 -198.98 -41.76 -5.85 -4.07 -0.18 -0.01 -4.56 -3.91 -2.81 -61.54 -417.66 -158.34 -53.74 -52.98 -9.89 -3.03 -49.46 -48.41 -38.82 -169.52 -656.83 -338.24 -169.80 -177.71 -59.26 -32.96 -166.01 -161.55 -140.83 -354.64
0.00 0.00 0.00 0.00 0.00 0.00 0.00 0.00 0.00 0.00 -39.63 -1.89 -0.01 -0.00 -0.00 0.00 -0.00 -0.00 -0.00 -9.39 -198.98 -41.76 -5.85 -4.07 -0.18 -0.01 -4.56 -3.91 -2.81 -61.54 -417.66 -158.34 -53.74 -52.98 -9.89 -3.03 -49.46 -48.41 -38.82 -169.52 -656.83 -338.24 -169.80 -177.71 -59.26 -32.96 -166.01 -161.55 -140.83 -354.64
0.00 0.00 0.00 0.00 0.00 0.00 0.00 0.00 0.00 0.00 -39.63 -1.89 -0.01 -0.00 -0.00 0.00 -0.00 -0.00 -0.00 -9.39 -198.98 -41.76 -5.85 -4.07 -0.18 -0.01 -4.56 -3.91 -2.81 -61.54 -417.66 -158.34 -53.74 -52.98 -9.89 -3.03 -49.46 -48.41 -38.82 -169.52 -656.83 -338.24 -169.80 -177.71 -59.26 -32.96 -166.01 -161.55 -140.83 -354.64
0.00 0.00 0.00 0.00 0.00 0.00 0.00 0.00 0.00 0.00 -39.63 -1.89 -0.01 -0.00 -0.00 0.00 -0.00 -0.00 -0.00 -9.39 -198.98 -41.76 -5.85 -4.07 -0.18 -0.01 -4.56 -3.91 -2.81 -61.54 -417.66 -158.34 -53.74 -52.98 -9.89 -3.03 -49.46 -48.41 -38.82 -169.52 -656.83 -338.24 -169.80 -177.71 -59.26 -32.96 -166.01 -161.55 -140.83 -354.64
0.00 0.00 0.00 0.00 0.00 0.00 0.00 0.00 0.00 0.00 -39.63 -1.89 -0.01 -0.00 -0.00 0.00 -0.00 -0.00 -0.00 -9.39 -198.98 -41.76 -5.85 -4.07 -0.18 -0.01 -4.56 -3.91 -2.81 -61.54 -417.66 -158.34 -53.74 -52.98 -9.89 -3.03 -49.46 -48.41 -38.82 -169.52 -656.83 -338.24 -169.80 -177.71 -59.26 -32.96 -166.01 -161.55 -140.83 -354.64
0.00 0.00 0.00 0.00 0.00 0.00 0.00 0.00 0.00 0.00 -39.63 -1.89 -0.01 -0.00 -0.00 0.00 -0.00 -0.00 -0.00 -9.39 -198.98 -41.76 -5.85 -4.07 -0.18 -0.01 -4.56 -3.91 -2.81 -61.54 -417.66 -158.34 -53.74 -52.98 -9.89 -3.03 -49.46 -48.41 -38.82 -169.52 -656.83 -338.24 -169.80 -177.71 -59.26 -32.96 -166.01 -161.55 -140.83 -354.64
0.00 0.00 0.00 0.00 0.00 0.00 0.00 0.00 0.00 0.00 -39.63 -1.89 -0.01 -0.00 -0.00 0.00 -0.00 -0.00 -0.00 -9.39 -198.98 -41.76 -5.85 -4.07 -0.18 -0.01 -4.56 -3.91 -2.81 -61.54 -417.66 -158.34 -53.74 -52.98 -9.89 -3.03 -49.46 -48.41 -38.82 -169.52 -656.83 -338.24 -169.80 -177.71 -59.26 -32.96 -166.01 -161.55 -140.83 -354.64
