0.00 0.00 0.00 0.00 0.00 0.00 0.00 0.00 0.00 0.00 -162.98 -9.24 -0.03 -0.01 -0.00 0.00 -0.03 -0.00 -0.03 -17.93 -777.97 -186.61 -14.75 -19.37 -1.43 -0.03 -27.82 -14.32 -32.22 -231.96 -1599.76 -665.12 -161.68 -217.46 -53.06 -9.01 -225.80 -188.72 -279.53 -763.09 -2490.21 -1367.67 -552.09 -699.98 -290.65 -106.57 -663.81 -647.67 -815.63 -1489.38
0.00 0.00 0.00 0.00 0.00 0.00 0.00 0.00 0.00 0.00 -155.45 -8.96 -0.04 -0.00 -0.00 0.00 -0.02 -0.00 -0.07 -14.73 -735.80 -182.36 -15.22 -11.47 -0.94 -0.02 -22.57 -11.23 -43.37 -216.29 -1509.98 -638.49 -154.50 -156.99 -41.71 -6.13 -213.10 -171.61 -310.66 -702.32 -2352.10 -1298.64 -524.03 -554.19 -237.89 -75.70 -657.01 -630.58 -840.40 -1392.34
0.00 0.00 0.00 0.00 0.00 0.00 0.00 0.00 0.00 0.00 -160.12 -12.73 -0.20 -0.02 -0.00 -0.00 -0.12 -0.03 -0.33 -15.82 -726.15 -217.30 -45.13 -42.41 -2.14 -0.24 -58.12 -31.96 -75.60 -266.83 -1456.58 -705.88 -298.77 -304.15 -71.48 -20.60 -394.63 -271.11 -405.94 -811.81 -2236.13 -1370.52 -799.16 -821.84 -335.85 -148.98 -968.91 -764.62 -965.41 -1508.44
0.00 0.00 0.00 0.00 0.00 0.00 0.00 0.00 0.00 0.00 -160.12 -12.73 -0.20 -0.02 -0.00 -0.00 -0.12 -0.03 -0.33 -15.82 -726.15 -217.30 -45.13 -42.41 -2.14 -0.24 -58.12 -31.96 -75.60 -266.83 -1456.58 -705.88 -298.77 -304.15 -71.48 -20.60 -394.63 -271.11 -405.94 -811.81 -2236.13 -1370.52 -799.16 -821.84 -335.85 -148.98 -968.91 -764.62 -965.41 -1508.44
0.00 0.00 0.00 0.00 0.00 0.00 0.00 0.00 0.00 0.00 -160.12 -12.73 -0.20 -0.02 -0.00 -0.00 -0.12 -0.03 -0.33 -15.82 -726.15 -217.30 -45.13 -42.41 -2.14 -0.24 -58.12 -31.96 -75.60 -266.83 -1456.58 -705.88 -298.77 -304.15 -71.48 -20.60 -394.63 -271.11 -405.94 -811.81 -2236.13 -1370.52 -799.16 -821.84 -335.85 -148.98 -968.91 -764.62 -965.41 -1508.44
0.00 0.00 0.00 0.00 0.00 0.00 0.00 0.00 0.00 0.00 -129.01 -9.63 -0.08 -0.01 -0.00 -0.00 -0.08 -0.00 -0.35 -51.92 -609.62 -176.07 -23.16 -20.80 -2.08 -0.09 -35.01 -18.24 -75.81 -279.56 -1245.18 -583.40 -193.75 -205.32 -61.02 -13.18 -267.61 -192.64 -374.84 -644.62 -1926.14 -1150.22 -569.73 -618.99 -287.74 -116.95 -722.53 -599.56 -866.61 -1176.73
0.00 0.00 0.00 0.00 0.00 0.00 0.00 0.00 0.00 0.00 -127.26 -9.05 -0.15 -0.01 -0.00 -0.00 -0.07 -0.01 -0.22 -73.88 -581.84 -163.93 -34.56 -19.23 -2.11 -0.10 -33.30 -22.20 -48.48 -396.31 -1173.75 -545.69 -225.88 -183.31 -58.29 -14.02 -235.91 -215.67 -287.57 -853.15 -1807.75 -1075.05 -606.25 -579.75 -268.71 -120.17 -616.61 -622.47 -701.52 -1404.27
0.00 0.00 0.00 0.00 0.00 0.00 0.00 0.00 0.00 0.00 -112.28 -8.14 -0.09 -0.01 -0.00 0.00 -0.02 -0.00 -0.62 -55.16 -536.53 -152.85 -20.17 -13.49 -1.64 -0.07 -15.18 -15.24 -113.20 -320.84 -1101.19 -513.96 -172.44 -151.08 -53.08 -10.99 -146.30 -173.83 -481.40 -754.82 -1707.89 -1018.33 -513.80 -484.91 -256.14 -97.79 -460.32 -537.80 -999.19 -1295.51
0.00 0.00 0.00 0.00 0.00 0.00 0.00 0.00 0.00 0.00 -83.04 -4.56 -0.03 -0.00 -0.00 0.00 -0.01 -0.00 -0.00 -16.14 -417.61 -98.70 -12.52 -10.78 -0.36 -0.01 -13.15 -11.64 -7.45 -141.03 -876.99 -360.39 -111.38 -126.69 -20.78 -3.19 -126.59 -120.42 -96.44 -452.79 -1379.25 -743.57 -348.75 -409.75 -124.06 -42.71 -404.04 -377.59 -334.25 -887.28
0.00 0.00 0.00 0.00 0.00 0.00 0.00 0.00 0.00 0.00 -61.78 -2.94 -0.01 -0.00 -0.00 -0.00 -0.00 -0.00 -0.00 -4.26 -309.80 -67.27 -7.10 -2.95 -0.18 -0.00 -5.97 -9.27 -6.14 -96.09 -653.32 -250.81 -75.79 -60.19 -12.64 -1.58 -64.31 -99.78 -71.80 -328.82 -1032.37 -533.68 -249.03 -231.78 -90.25 -24.46 -226.98 -306.88 -242.86 -650.81
0.00 0.00 0.00 0.00 0.00 0.00 0.00 0.00 0.00 0.00 -34.72 -1.86 -0.01 -0.00 -0.00 -0.00 -0.01 -0.00 -0.03 -12.53 -166.28 -38.56 -5.52 -3.24 -0.25 -0.00 -4.96 -2.72 -9.98 -76.13 -343.02 -139.65 -49.02 -40.97 -10.68 -1.30 -46.89 -42.05 -67.27 -179.68 -535.07 -289.12 -149.93 -138.42 -58.48 -17.60 -147.51 -146.14 -181.84 -330.94
0.00 0.00 0.00 0.00 0.00 0.00 0.00 0.00 0.00 0.00 -34.72 -1.86 -0.01 -0.00 -0.00 -0.00 -0.01 -0.00 -0.03 -12.53 -166.28 -38.56 -5.52 -3.24 -0.25 -0.00 -4.96 -2.72 -9.98 -76.13 -343.02 -139.65 -49.02 -40.97 -10.68 -1.30 -46.89 -42.05 -67.27 -179.68 -535.07 -289.12 -149.93 -138.42 -58.48 -17.60 -147.51 -146.14 -181.84 -330.94
0.00 0.00 0.00 0.00 0.00 0.00 0.00 0.00 0.00 0.00 -17.76 -0.31 -0.00 -0.00 0.00 -0.00 -0.00 -0.00 -0.00 -2.06 -107.66 -10.96 -0.20 -0.03 -0.00 -0.00 -0.11 -0.03 -0.19 -27.43 -251.50 -54.59 -4.36 -1.62 -0.13 -0.00 -3.78 -2.24 -5.42 -99.44 -423.21 -140.14 -22.95 -13.38 -2.45 -0.11 -23.97 -19.22 -30.55 -198.46
0.00 0.00 0.00 0.00 0.00 0.00 0.00 0.00 0.00 0.00 -17.76 -0.31 -0.00 -0.00 0.00 -0.00 -0.00 -0.00 -0.00 -2.06 -107.66 -10.96 -0.20 -0.03 -0.00 -0.00 -0.11 -0.03 -0.19 -27.43 -251.50 -54.59 -4.36 -1.62 -0.13 -0.00 -3.78 -2.24 -5.42 -99.44 -423.21 -140.14 -22.95 -13.38 -2.45 -0.11 -23.97 -19.22 -30.55 -198.46
0.00 0.00 0.00 0.00 0.00 0.00 0.00 0.00 0.00 0.00 -17.76 -0.31 -0.00 -0.00 0.00 -0.00 -0.00 -0.00 -0.00 -2.06 -107.66 -10.96 -0.20 -0.03 -0.00 -0.00 -0.11 -0.03 -0.19 -27.43 -251.50 -54.59 -4.36 -1.62 -0.13 -0.00 -3.78 -2.24 -5.42 -99.44 -423.21 -140.14 -22.95 -13.38 -2.45 -0.11 -23.97 -19.22 -30.55 -198.46
0.00 0.00 0.00 0.00 0.00 0.00 0.00 0.00 0.00 0.00 -17.76 -0.31 -0.00 -0.00 0.00 -0.00 -0.00 -0.00 -0.00 -2.06 -107.66 -10.96 -0.20 -0.03 -0.00 -0.00 -0.11 -0.03 -0.19 -27.43 -251.50 -54.59 -4.36 -1.62 -0.13 -0.00 -3.78 -2.24 -5.42 -99.44 -423.21 -140.14 -22.95 -13.38 -2.45 -0.11 -23.97 -19.22 -30.55 -198.46
0.00 0.00 0.00 0.00 0.00 0.00 0.00 0.00 0.00 0.00 -17.76 -0.31 -0.00 -0.00 0.00 -0.00 -0.00 -0.00 -0.00 -2.06 -107.66 -10.96 -0.20 -0.03 -0.00 -0.00 -0.11 -0.03 -0.19 -27.43 -251.50 -54.59 -4.36 -1.62 -0.13 -0.00 -3.78 -2.24 -5.42 -99.44 -423.21 -140.14 -22.95 -13.38 -2.45 -0.11 -23.97 -19.22 -30.55 -198.46
0.00 0.00 0.00 0.00 0.00 0.00 0.00 0.00 0.00 0.00 -17.76 -0.31 -0.00 -0.00 0.00 -0.00 -0.00 -0.00 -0.00 -2.06 -107.66 -10.96 -0.20 -0.03 -0.00 -0.00 -0.11 -0.03 -0.19 -27.43 -251.50 -54.59 -4.36 -1.62 -0.13 -0.00 -3.78 -2.24 -5.42 -99.44 -423.21 -140.14 -22.95 -13.38 -2.45 -0.11 -23.97 -19.22 -30.55 -198.46
0.00 0.00 0.00 0.00 0.00 0.00 0.00 0.00 0.00 0.00 -17.76 -0.31 -0.00 -0.00 0.00 -0.00 -0.00 -0.00 -0.00 -2.06 -107.66 -10.96 -0.20 -0.03 -0.00 -0.00 -0.11 -0.03 -0.19 -27.43 -251.50 -54.59 -4.36 -1.62 -0.13 -0.00 -3.78 -2.24 -5.42 -99.44 -423.21 -140.14 -22.95 -13.38 -2.45 -0.11 -23.97 -19.22 -30.55 -198.46
0.00 0.00 0.00 0.00 0.00 0.00 0.00 0.00 0.00 0.00 -17.76 -0.31 -0.00 -0.00 0.00 -0.00 -0.00 -0.00 -0.00 -2.06 -107.66 -10.96 -0.20 -0.03 -0.00 -0.00 -0.11 -0.03 -0.19 -27.43 -251.50 -54.59 -4.36 -1.62 -0.13 -0.00 -3.78 -2.24 -5.42 -99.44 -423.21 -140.14 -22.95 -13.38 -2.45 -0.11 -23.97 -19.22 -30.55 -198.46
0.00 0.00 0.00 0.00 0.00 0.00 0.00 0.00 0.00 0.00 -17.76 -0.31 -0.00 -0.00 0.00 -0.00 -0.00 -0.00 -0.00 -2.06 -107.66 -10.96 -0.20 -0.03 -0.00 -0.00 -0.11 -0.03 -0.19 -27.43 -251.50 -54.59 -4.36 -1.62 -0.13 -0.00 -3.78 -2.24 -5.42 -99.44 -423.21 -140.14 -22.95 -13.38 -2.45 -0.11 -23.97 -19.22 -30.55 -198.46
0.00 0.00 0.00 0.00 0.00 0.00 0.00 0.00 0.00 0.00 -17.76 -0.31 -0.00 -0.00 0.00 -0.00 -0.00 -0.00 -0.00 -2.06 -107.66 -10.96 -0.20 -0.03 -0.00 -0.00 -0.11 -0.03 -0.19 -27.43 -251.50 -54.59 -4.36 -1.62 -0.13 -0.00 -3.78 -2.24 -5.42 -99.44 -423.21 -140.14 -22.95 -13.38 -2.45 -0.11 -23.97 -19.22 -30.55 -198.46
0.00 0.00 0.00 0.00 0.00 0.00 0.00 0.00 0.00 0.00 -17.76 -0.31 -0.00 -0.00 0.00 -0.00 -0.00 -0.00 -0.00 -2.06 -107.66 -10.96 -0.20 -0.03 -0.00 -0.00 -0.11 -0.03 -0.19 -27.43 -251.50 -54.59 -4.36 -1.62 -0.13 -0.00 -3.78 -2.24 -5.42 -99.44 -423.21 -140.14 -22.95 -13.38 -2.45 -0.11 -23.97 -19.22 -30.55 -198.46
0.00 0.00 0.00 0.00 0.00 0.00 0.00 0.00 0.00 0.00 -17.76 -0.31 -0.00 -0.00 0.00 -0.00 -0.00 -0.00 -0.00 -2.06 -107.66 -10.96 -0.20 -0.03 -0.00 -0.00 -0.11 -0.03 -0.19 -27.43 -251.50 -54.59 -4.36 -1.62 -0.13 -0.00 -3.78 -2.24 -5.42 -99.44 -423.21 -140.14 -22.95 -13.38 -2.45 -0.11 -23.97 -19.22 -30.55 -198.46
0.00 0.00 0.00 0.00 0.00 0.00 0.00 0.00 0.00 0.00 -17.76 -0.31 -0.00 -0.00 0.00 -0.00 -0.00 -0.00 -0.00 -2.06 -107.66 -10.96 -0.20 -0.03 -0.00 -0.00 -0.11 -0.03 -0.19 -27.43 -251.50 -54.59 -4.36 -1.62 -0.13 -0.00 -3.78 -2.24 -5.42 -99.44 -423.21 -140.14 -22.95 -13.38 -2.45 -0.11 -23.97 -19.22 -30.55 -198.46
0.00 0.00 0.00 0.00 0.00 0.00 0.00 0.00 0.00 0.00 -17.76 -0.31 -0.00 -0.00 0.00 -0.00 -0.00 -0.00 -0.00 -2.06 -107.66 -10.96 -0.20 -0.03 -0.00 -0.00 -0.11 -0.03 -0.19 -27.43 -251.50 -54.59 -4.36 -1.62 -0.13 -0.00 -3.78 -2.24 -5.42 -99.44 -423.21 -140.14 -22.95 -13.38 -2.45 -0.11 -23.97 -19.22 -30.55 -198.46
0.00 0.00 0.00 0.00 0.00 0.00 0.00 0.00 0.00 0.00 -17.76 -0.31 -0.00 -0.00 0.00 -0.00 -0.00 -0.00 -0.00 -2.06 -107.66 -10.96 -0.20 -0.03 -0.00 -0.00 -0.11 -0.03 -0.19 -27.43 -251.50 -54.59 -4.36 -1.62 -0.13 -0.00 -3.78 -2.24 -5.42 -99.44 -423.21 -140.14 -22.95 -13.38 -2.45 -0.11 -23.97 -19.22 -30.55 -198.46
0.00 0.00 0.00 0.00 0.00 0.00 0.00 0.00 0.00 0.00 -17.76 -0.31 -0.00 -0.00 0.00 -0.00 -0.00 -0.00 -0.00 -2.06 -107.66 -10.96 -0.20 -0.03 -0.00 -0.00 -0.11 -0.03 -0.19 -27.43 -251.50 -54.59 -4.36 -1.62 -0.13 -0.00 -3.78 -2.24 -5.42 -99.44 -423.21 -140.14 -22.95 -13.38 -2.45 -0.11 -23.97 -19.22 -30.55 -198.46
0.00 0.00 0.00 0.00 0.00 0.00 0.00 0.00 0.00 0.00 -17.76 -0.31 -0.00 -0.00 0.00 -0.00 -0.00 -0.00 -0.00 -2.06 -107.66 -10.96 -0.20 -0.03 -0.00 -0.00 -0.11 -0.03 -0.19 -27.43 -251.50 -54.59 -4.36 -1.62 -0.13 -0.00 -3.78 -2.24 -5.42 -99.44 -423.21 -140.14 -22.95 -13.38 -2.45 -0.11 -23.97 -19.22 -30.55 -198.46
0.00 0.00 0.00 0.00 0.00 0.00 0.00 0.00 0.00 0.00 -17.76 -0.31 -0.00 -0.00 0.00 -0.00 -0.00 -0.00 -0.00 -2.06 -107.66 -10.96 -0.20 -0.03 -0.00 -0.00 -0.11 -0.03 -0.19 -27.43 -251.50 -54.59 -4.36 -1.62 -0.13 -0.00 -3.78 -2.24 -5.42 -99.44 -423.21 -140.14 -22.95 -13.38 -2.45 -0.11 -23.97 -19.22 -30.55 -198.46
0.00 0.00 0.00 0.00 0.00 0.00 0.00 0.00 0.00 0.00 -17.76 -0.31 -0.00 -0.00 0.00 -0.00 -0.00 -0.00 -0.00 -2.06 -107.66 -10.96 -0.20 -0.03 -0.00 -0.00 -0.11 -0.03 -0.19 -27.43 -251.50 -54.59 -4.36 -1.62 -0.13 -0.00 -3.78 -2.24 -5.42 -99.44 -423.21 -140.14 -22.95 -13.38 -2.45 -0.11 -23.97 -19.22 -30.55 -198.46
0.00 0.00 0.00 0.00 0.00 0.00 0.00 0.00 0.00 0.00 -17.76 -0.31 -0.00 -0.00 0.00 -0.00 -0.00 -0.00 -0.00 -2.06 -107.66 -10.96 -0.20 -0.03 -0.00 -0.00 -0.11 -0.03 -0.19 -27.43 -251.50 -54.59 -4.36 -1.62 -0.13 -0.00 -3.78 -2.24 -5.42 -99.44 -423.21 -140.14 -22.95 -13.38 -2.45 -0.11 -23.97 -19.22 -30.55 -198.46
0.00 0.00 0.00 0.00 0.00 0.00 0.00 0.00 0.00 0.00 -17.76 -0.31 -0.00 -0.00 0.00 -0.00 -0.00 -0.00 -0.00 -2.06 -107.66 -10.96 -0.20 -0.03 -0.00 -0.00 -0.11 -0.03 -0.19 -27.43 -251.50 -54.59 -4.36 -1.62 -0.13 -0.00 -3.78 -2.24 -5.42 -99.44 -423.21 -140.14 -22.95 -13.38 -2.45 -0.11 -23.97 -19.22 -30.55 -198.46
0.00 0.00 0.00 0.00 0.00 0.00 0.00 0.00 0.00 0.00 -17.76 -0.31 -0.00 -0.00 0.00 -0.00 -0.00 -0.00 -0.00 -2.06 -107.66 -10.96 -0.20 -0.03 -0.00 -0.00 -0.11 -0.03 -0.19 -27.43 -251.50 -54.59 -4.36 -1.62 -0.13 -0.00 -3.78 -2.24 -5.42 -99.44 -423.21 -140.14 -22.95 -13.38 -2.45 -0.11 -23.97 -19.22 -30.55 -198.46
0.00 0.00 0.00 0.00 0.00 0.00 0.00 0.00 0.00 0.00 -17.76 -0.31 -0.00 -0.00 0.00 -0.00 -0.00 -0.00 -0.00 -2.06 -107.66 -10.96 -0.20 -0.03 -0.00 -0.00 -0.11 -0.03 -0.19 -27.43 -251.50 -54.59 -4.36 -1.62 -0.13 -0.00 -3.78 -2.24 -5.42 -99.44 -423.21 -140.14 -22.95 -13.38 -2.45 -0.11 -23.97 -19.22 -30.55 -198.46
0.00 0.00 0.00 0.00 0.00 0.00 0.00 0.00 0.00 0.00 -17.76 -0.31 -0.00 -0.00 0.00 -0.00 -0.00 -0.00 -0.00 -2.06 -107.66 -10.96 -0.20 -0.03 -0.00 -0.00 -0.11 -0.03 -0.19 -27.43 -251.50 -54.59 -4.36 -1.62 -0.13 -0.00 -3.78 -2.24 -5.42 -99.44 -423.21 -140.14 -22.95 -13.38 -2.45 -0.11 -23.97 -19.22 -30.55 -198.46
0.00 0.00 0.00 0.00 0.00 0.00 0.00 0.00 0.00 0.00 -17.76 -0.31 -0.00 -0.00 0.00 -0.00 -0.00 -0.00 -0.00 -2.06 -107.66 -10.96 -0.20 -0.03 -0.00 -0.00 -0.11 -0.03 -0.19 -27.43 -251.50 -54.59 -4.36 -1.62 -0.13 -0.00 -3.78 -2.24 -5.42 -99.44 -423.21 -140.14 -22.95 -13.38 -2.45 -0.11 -23.97 -19.22 -30.55 -198.46
0.00 0.00 0.00 0.00 0.00 0.00 0.00 0.00 0.00 0.00 -17.76 -0.31 -0.00 -0.00 0.00 -0.00 -0.00 -0.00 -0.00 -2.06 -107.66 -10.96 -0.20 -0.03 -0.00 -0.00 -0.11 -0.03 -0.19 -27.43 -251.50 -54.59 -4.36 -1.62 -0.13 -0.00 -3.78 -2.24 -5.42 -99.44 -423.21 -140.14 -22.95 -13.38 -2.45 -0.11 -23.97 -19.22 -30.55 -198.46
0.00 0.00 0.00 0.00 0.00 0.00 0.00 0.00 0.00 0.00 -17.76 -0.31 -0.00 -0.00 0.00 -0.00 -0.00 -0.00 -0.00 -2.06 -107.66 -10.96 -0.20 -0.03 -0.00 -0.00 -0.11 -0.03 -0.19 -27.43 -251.50 -54.59 -4.36 -1.62 -0.13 -0.00 -3.78 -2.24 -5.42 -99.44 -423.21 -140.14 -22.95 -13.38 -2.45 -0.11 -23.97 -19.22 -30.55 -198.46
0.00 0.00 0.00 0.00 0.00 0.00 0.00 0.00 0.00 0.00 -17.76 -0.31 -0.00 -0.00 0.00 -0.00 -0.00 -0.00 -0.00 -2.06 -107.66 -10.96 -0.20 -0.03 -0.00 -0.00 -0.11 -0.03 -0.19 -27.43 -251.50 -54.59 -4.36 -1.62 -0.13 -0.00 -3.78 -2.24 -5.42 -99.44 -423.21 -140.14 -22.95 -13.38 -2.45 -0.11 -23.97 -19.22 -30.55 -198.46
0.00 0.00 0.00 0.00 0.00 0.00 0.00 0.00 0.00 0.00 -17.76 -0.31 -0.00 -0.00 0.00 -0.00 -0.00 -0.00 -0.00 -2.06 -107.66 -10.96 -0.20 -0.03 -0.00 -0.00 -0.11 -0.03 -0.19 -27.43 -251.50 -54.59 -4.36 -1.62 -0.13 -0.00 -3.78 -2.24 -5.42 -99.44 -423.21 -140.14 -22.95 -13.38 -2.45 -0.11 -23.97 -19.22 -30.55 -198.46
0.00 0.00 0.00 0.00 0.00 0.00 0.00 0.00 0.00 0.00 -17.76 -0.31 -0.00 -0.00 0.00 -0.00 -0.00 -0.00 -0.00 -2.06 -107.66 -10.96 -0.20 -0.03 -0.00 -0.00 -0.11 -0.03 -0.19 -27.43 -251.50 -54.59 -4.36 -1.62 -0.13 -0.00 -3.78 -2.24 -5.42 -99.44 -423.21 -140.14 -22.95 -13.38 -2.45 -0.11 -23.97 -19.22 -30.55 -198.46
0.00 0.00 0.00 0.00 0.00 0.00 0.00 0.00 0.00 0.00 -17.76 -0.31 -0.00 -0.00 0.00 -0.00 -0.00 -0.00 -0.00 -2.06 -107.66 -10.96 -0.20 -0.03 -0.00 -0.00 -0.11 -0.03 -0.19 -27.43 -251.50 -54.59 -4.36 -1.62 -0.13 -0.00 -3.78 -2.24 -5.42 -99.44 -423.21 -140.14 -22.95 -13.38 -2.45 -0.11 -23.97 -19.22 -30.55 -198.46
0.00 0.00 0.00 0.00 0.00 0.00 0.00 0.00 0.00 0.00 -17.76 -0.31 -0.00 -0.00 0.00 -0.00 -0.00 -0.00 -0.00 -2.06 -107.66 -10.96 -0.20 -0.03 -0.00 -0.00 -0.11 -0.03 -0.19 -27.43 -251.50 -54.59 -4.36 -1.62 -0.13 -0.00 -3.78 -2.24 -5.42 -99.44 -423.21 -140.14 -22.95 -13.38 -2.45 -0.11 -23.97 -19.22 -30.55 -198.46
0.00 0.00 0.00 0.00 0.00 0.00 0.00 0.00 0.00 0.00 -17.76 -0.31 -0.00 -0.00 0.00 -0.00 -0.00 -0.00 -0.00 -2.06 -107.66 -10.96 -0.20 -0.03 -0.00 -0.00 -0.11 -0.03 -0.19 -27.43 -251.50 -54.59 -4.36 -1.62 -0.13 -0.00 -3.78 -2.24 -5.42 -99.44 -423.21 -140.14 -22.95 -13.38 -2.45 -0.11 -23.97 -19.22 -30.55 -198.46
0.00 0.00 0.00 0.00 0.00 0.00 0.00 0.00 0.00 0.00 -17.76 -0.31 -0.00 -0.00 0.00 -0.00 -0.00 -0.00 -0.00 -2.06 -107.66 -10.96 -0.20 -0.03 -0.00 -0.00 -0.11 -0.03 -0.19 -27.43 -251.50 -54.59 -4.36 -1.62 -0.13 -0.00 -3.78 -2.24 -5.42 -99.44 -423.21 -140.14 -22.95 -13.38 -2.45 -0.11 -23.97 -19.22 -30.55 -198.46
0.00 0.00 0.00 0.00 0.00 0.00 0.00 0.00 0.00 0.00 -17.76 -0.31 -0.00 -0.00 0.00 -0.00 -0.00 -0.00 -0.00 -2.06 -107.66 -10.96 -0.20 -0.03 -0.00 -0.00 -0.11 -0.03 -0.19 -27.43 -251.50 -54.59 -4.36 -1.62 -0.13 -0.00 -3.78 -2.24 -5.42 -99.44 -423.21 -140.14 -22.95 -13.38 -2.45 -0.11 -23.97 -19.22 -30.55 -198.46
0.00 0.00 0.00 0.00 0.00 0.00 0.00 0.00 0.00 0.00 -17.76 -0.31 -0.00 -0.00 0.00 -0.00 -0.00 -0.00 -0.00 -2.06 -107.66 -10.96 -0.20 -0.03 -0.00 -0.00 -0.11 -0.03 -0.19 -27.43 -251.50 -54.59 -4.36 -1.62 -0.13 -0.00 -3.78 -2.24 -5.42 -99.44 -423.21 -140.14 -22.95 -13.38 -2.45 -0.11 -23.97 -19.22 -30.55 -198.46
0.00 0.00 0.00 0.00 0.00 0.00 0.00 0.00 0.00 0.00 -17.76 -0.31 -0.00 -0.00 0.00 -0.00 -0.00 -0.00 -0.00 -2.06 -107.66 -10.96 -0.20 -0.03 -0.00 -0.00 -0.11 -0.03 -0.19 -27.43 -251.50 -54.59 -4.36 -1.62 -0.13 -0.00 -3.78 -2.24 -5.42 -99.44 -423.21 -140.14 -22.95 -13.38 -2.45 -0.11 -23.97 -19.22 -30.55 -198.46
0.00 0.00 0.00 0.00 0.00 0.00 0.00 0.00 0.00 0.00 -29.93 -1.13 -0.00 -0.00 -0.00 0.00 -0.00 -0.00 -0.00 -8.55 -160.33 -28.66 -1.82 -1.04 -0.02 -0.00 -2.51 -0.75 -4.79 -71.83 -348.11 -116.18 -22.09 -22.12 -2.41 -0.16 -32.46 -18.40 -45.66 -200.76 -558.49 -259.98 -84.81 -94.65 -23.41 -5.05 -115.47 -84.63 -139.57 -376.59
0.00 0.00 0.00 0.00 0.00 0.00 0.00 0.00 0.00 0.00 -29.93 -1.13 -0.00 -0.00 -0.00 0.00 -0.00 -0.00 -0.00 -8.55 -160.33 -28.66 -1.82 -1.04 -0.02 -0.00 -2.51 -0.75 -4.79 -71.83 -348.11 -116.18 -22.09 -22.12 -2.41 -0.16 -32.46 -18.40 -45.66 -200.76 -558.49 -259.98 -84.81 -94.65 -23.41 -5.05 -115.47 -84.63 -139.57 -376.59
0.00 0.00 0.00 0.00 0.00 0.00 0.00 0.00 0.00 0.00 -29.93 -1.13 -0.00 -0.00 -0.00 0.00 -0.00 -0.00 -0.00 -8.55 -160.33 -28.66 -1.82 -1.04 -0.02 -0.00 -2.51 -0.75 -4.79 -71.83 -348.11 -116.18 -22.09 -22.12 -2.41 -0.16 -32.46 -18.40 -45.66 -200.76 -558.49 -259.98 -84.81 -94.65 -23.41 -5.05 -115.47 -84.63 -139.57 -376.59
0.00 0.00 0.00 0.00 0.00 0.00 0.00 0.00 0.00 0.00 -29.93 -1.13 -0.00 -0.00 -0.00 0.00 -0.00 -0.00 -0.00 -8.55 -160.33 -28.66 -1.82 -1.04 -0.02 -0.00 -2.51 -0.75 -4.79 -71.83 -348.11 -116.18 -22.09 -22.12 -2.41 -0.16 -32.46 -18.40 -45.66 -200.76 -558.49 -259.98 -84.81 -94.65 -23.41 -5.05 -115.47 -84.63 -139.57 -376.59
0.00 0.00 0.00 0.00 0.00 0.00 0.00 0.00 0.00 0.00 -29.93 -1.13 -0.00 -0.00 -0.00 0.00 -0.00 -0.00 -0.00 -8.55 -160.33 -28.66 -1.82 -1.04 -0.02 -0.00 -2.51 -0.75 -4.79 -71.83 -348.11 -116.18 -22.09 -22.12 -2.41 -0.16 -32.46 -18.40 -45.66 -200.76 -558.49 -259.98 -84.81 -94.65 -23.41 -5.05 -115.47 -84.63 -139.57 -376.59
0.00 0.00 0.00 0.00 0.00 0.00 0.00 0.00 0.00 0.00 -29.93 -1.13 -0.00 -0.00 -0.00 0.00 -0.00 -0.00 -0.00 -8.55 -160.33 -28.66 -1.82 -1.04 -0.02 -0.00 -2.51 -0.75 -4.79 -71.83 -348.11 -116.18 -22.09 -22.12 -2.41 -0.16 -32.46 -18.40 -45.66 -200.76 -558.49 -259.98 -84.81 -94.65 -23.41 -5.05 -115.47 -84.63 -139.57 -376.59
0.00 0.00 0.00 0.00 0.00 0.00 0.00 0.00 0.00 0.00 -29.93 -1.13 -0.00 -0.00 -0.00 0.00 -0.00 -0.00 -0.00 -8.55 -160.33 -28.66 -1.82 -1.04 -0.02 -0.00 -2.51 -0.75 -4.79 -71.83 -348.11 -116.18 -22.09 -22.12 -2.41 -0.16 -32.46 -18.40 -45.66 -200.76 -558.49 -259.98 -84.81 -94.65 -23.41 -5.05 -115.47 -84.63 -139.57 -376.59
0.00 0.00 0.00 0.00 0.00 0.00 0.00 0.00 0.00 0.00 -29.93 -1.13 -0.00 -0.00 -0.00 0.00 -0.00 -0.00 -0.00 -8.55 -160.33 -28.66 -1.82 -1.04 -0.02 -0.00 -2.51 -0.75 -4.79 -71.83 -348.11 -116.18 -22.09 -22.12 -2.41 -0.16 -32.46 -18.40 -45.66 -200.76 -558.49 -259.98 -84.81 -94.65 -23.41 -5.05 -115.47 -84.63 -139.57 -376.59
0.00 0.00 0.00 0.00 0.00 0.00 0.00 0.00 0.00 0.00 -29.93 -1.13 -0.00 -0.00 -0.00 0.00 -0.00 -0.00 -0.00 -8.55 -160.33 -28.66 -1.82 -1.04 -0.02 -0.00 -2.51 -0.75 -4.79 -71.83 -348.11 -116.18 -22.09 -22.12 -2.41 -0.16 -32.46 -18.40 -45.66 -200.76 -558.49 -259.98 -84.81 -94.65 -23.41 -5.05 -115.47 -84.63 -139.57 -376.59
0.00 0.00 0.00 0.00 0.00 0.00 0.00 0.00 0.00 0.00 -29.93 -1.13 -0.00 -0.00 -0.00 0.00 -0.00 -0.00 -0.00 -8.55 -160.33 -28.66 -1.82 -1.04 -0.02 -0.00 -2.51 -0.75 -4.79 -71.83 -348.11 -116.18 -22.09 -22.12 -2.41 -0.16 -32.46 -18.40 -45.66 -200.76 -558.49 -259.98 -84.81 -94.65 -23.41 -5.05 -115.47 -84.63 -139.57 -376.59
0.00 0.00 0.00 0.00 0.00 0.00 0.00 0.00 0.00 0.00 -29.93 -1.13 -0.00 -0.00 -0.00 0.00 -0.00 -0.00 -0.00 -8.55 -160.33 -28.66 -1.82 -1.04 -0.02 -0.00 -2.51 -0.75 -4.79 -71.83 -348.11 -116.18 -22.09 -22.12 -2.41 -0.16 -32.46 -18.40 -45.66 -200.76 -558.49 -259.98 -84.81 -94.65 -23.41 -5.05 -115.47 -84.63 -139.57 -376.59
0.00 0.00 0.00 0.00 0.00 0.00 0.00 0.00 0.00 0.00 -26.38 -0.78 -0.00 -0.00 -0.00 0.00 -0.00 -0.00 -0.00 -7.83 -147.37 -22.00 -1.33 -0.43 -0.00 -0.00 -1.18 -0.29 -2.06 -67.42 -327.64 -95.74 -17.32 -11.85 -0.92 -0.05 -19.82 -11.49 -25.81 -189.74 -533.46 -222.80 -69.03 -61.00 -11.62 -2.44 -77.92 -64.07 -96.00 -352.45
0.00 0.00 0.00 0.00 0.00 0.00 0.00 0.00 0.00 0.00 -26.38 -0.78 -0.00 -0.00 -0.00 0.00 -0.00 -0.00 -0.00 -7.83 -147.37 -22.00 -1.33 -0.43 -0.00 -0.00 -1.18 -0.29 -2.06 -67.42 -327.64 -95.74 -17.32 -11.85 -0.92 -0.05 -19.82 -11.49 -25.81 -189.74 -533.46 -222.80 -69.03 -61.00 -11.62 -2.44 -77.92 -64.07 -96.00 -352.45
0.00 0.00 0.00 0.00 0.00 0.00 0.00 0.00 0.00 0.00 -27.01 -0.83 -0.00 -0.00 -0.00 0.00 -0.00 -0.00 -0.00 -8.37 -149.74 -23.07 -1.51 -0.71 -0.00 -0.00 -1.31 -0.19 -1.93 -70.53 -331.47 -99.25 -19.38 -17.27 -0.94 -0.10 -20.19 -7.89 -25.35 -195.63 -538.20 -229.28 -75.81 -78.12 -12.06 -3.20 -83.38 -46.73 -95.69 -360.64
0.00 0.00 0.00 0.00 0.00 0.00 0.00 0.00 0.00 0.00 -27.01 -0.83 -0.00 -0.00 -0.00 0.00 -0.00 -0.00 -0.00 -8.37 -149.74 -23.07 -1.51 -0.71 -0.00 -0.00 -1.31 -0.19 -1.93 -70.53 -331.47 -99.25 -19.38 -17.27 -0.94 -0.10 -20.19 -7.89 -25.35 -195.63 -538.20 -229.28 -75.81 -78.12 -12.06 -3.20 -83.38 -46.73 -95.69 -360.64
0.00 0.00 0.00 0.00 0.00 0.00 0.00 0.00 0.00 0.00 -27.01 -0.83 -0.00 -0.00 -0.00 0.00 -0.00 -0.00 -0.00 -8.37 -149.74 -23.07 -1.51 -0.71 -0.00 -0.00 -1.31 -0.19 -1.93 -70.53 -331.47 -99.25 -19.38 -17.27 -0.94 -0.10 -20.19 -7.89 -25.35 -195.63 -538.20 -229.28 -75.81 -78.12 -12.06 -3.20 -83.38 -46.73 -95.69 -360.64
0.00 0.00 0.00 0.00 0.00 0.00 0.00 0.00 0.00 0.00 -27.01 -0.83 -0.00 -0.00 -0.00 0.00 -0.00 -0.00 -0.00 -8.37 -149.74 -23.07 -1.51 -0.71 -0.00 -0.00 -1.31 -0.19 -1.93 -70.53 -331.47 -99.25 -19.38 -17.27 -0.94 -0.10 -20.19 -7.89 -25.35 -195.63 -538.20 -229.28 -75.81 -78.12 -12.06 -3.20 -83.38 -46.73 -95.69 -360.64
0.00 0.00 0.00 0.00 0.00 0.00 0.00 0.00 0.00 0.00 -27.01 -0.83 -0.00 -0.00 -0.00 0.00 -0.00 -0.00 -0.00 -8.37 -149.74 -23.07 -1.51 -0.71 -0.00 -0.00 -1.31 -0.19 -1.93 -70.53 -331.47 -99.25 -19.38 -17.27 -0.94 -0.10 -20.19 -7.89 -25.35 -195.63 -538.20 -229.28 -75.81 -78.12 -12.06 -3.20 -83.38 -46.73 -95.69 -360.64
0.00 0.00 0.00 0.00 0.00 0.00 0.00 0.00 0.00 0.00 -27.01 -0.83 -0.00 -0.00 -0.00 0.00 -0.00 -0.00 -0.00 -8.37 -149.74 -23.07 -1.51 -0.71 -0.00 -0.00 -1.31 -0.19 -1.93 -70.53 -331.47 -99.25 -19.38 -17.27 -0.94 -0.10 -20.19 -7.89 -25.35 -195.63 -538.20 -229.28 -75.81 -78.12 -12.06 -3.20 -83.38 -46.73 -95.69 -360.64
0.00 0.00 0.00 0.00 0.00 0.00 0.00 0.00 0.00 0.00 -27.01 -0.83 -0.00 -0.00 -0.00 0.00 -0.00 -0.00 -0.00 -8.37 -149.74 -23.07 -1.51 -0.71 -0.00 -0.00 -1.31 -0.19 -1.93 -70.53 -331.47 -99.25 -19.38 -17.27 -0.94 -0.10 -20.19 -7.89 -25.35 -195.63 -538.20 -229.28 -75.81 -78.12 -12.06 -3.20 -83.38 -46.73 -95.69 -360.64
0.00 0.00 0.00 0.00 0.00 0.00 0.00 0.00 0.00 0.00 -27.01 -0.83 -0.00 -0.00 -0.00 0.00 -0.00 -0.00 -0.00 -8.37 -149.74 -23.07 -1.51 -0.71 -0.00 -0.00 -1.31 -0.19 -1.93 -70.53 -331.47 -99.25 -19.38 -17.27 -0.94 -0.10 -20.19 -7.89 -25.35 -195.63 -538.20 -229.28 -75.81 -78.12 -12.06 -3.20 -83.38 -46.73 -95.69 -360.64
0.00 0.00 0.00 0.00 0.00 0.00 0.00 0.00 0.00 0.00 -27.01 -0.83 -0.00 -0.00 -0.00 0.00 -0.00 -0.00 -0.00 -8.37 -149.74 -23.07 -1.51 -0.71 -0.00 -0.00 -1.31 -0.19 -1.93 -70.53 -331.47 -99.25 -19.38 -17.27 -0.94 -0.10 -20.19 -7.89 -25.35 -195.63 -538.20 -229.28 -75.81 -78.12 -12.06 -3.20 -83.38 -46.73 -95.69 -360.64
0.00 0.00 0.00 0.00 0.00 0.00 0.00 0.00 0.00 0.00 -27.01 -0.83 -0.00 -0.00 -0.00 0.00 -0.00 -0.00 -0.00 -8.37 -149.74 -23.07 -1.51 -0.71 -0.00 -0.00 -1.31 -0.19 -1.93 -70.53 -331.47 -99.25 -19.38 -17.27 -0.94 -0.10 -20.19 -7.89 -25.35 -195.63 -538.20 -229.28 -75.81 -78.12 -12.06 -3.20 -83.38 -46.73 -95.69 -360.64
0.00 0.00 0.00 0.00 0.00 0.00 0.00 0.00 0.00 0.00 -27.01 -0.83 -0.00 -0.00 -0.00 0.00 -0.00 -0.00 -0.00 -8.37 -149.74 -23.07 -1.51 -0.71 -0.00 -0.00 -1.31 -0.19 -1.93 -70.53 -331.47 -99.25 -19.38 -17.27 -0.94 -0.10 -20.19 -7.89 -25.35 -195.63 -538.20 -229.28 -75.81 -78.12 -12.06 -3.20 -83.38 -46.73 -95.69 -360.64
0.00 0.00 0.00 0.00 0.00 0.00 0.00 0.00 0.00 0.00 -27.01 -0.83 -0.00 -0.00 -0.00 0.00 -0.00 -0.00 -0.00 -8.37 -149.74 -23.07 -1.51 -0.71 -0.00 -0.00 -1.31 -0.19 -1.93 -70.53 -331.47 -99.25 -19.38 -17.27 -0.94 -0.10 -20.19 -7.89 -25.35 -195.63 -538.20 -229.28 -75.81 -78.12 -12.06 -3.20 -83.38 -46.73 -95.69 -360.64
0.00 0.00 0.00 0.00 0.00 0.00 0.00 0.00 0.00 0.00 -27.01 -0.83 -0.00 -0.00 -0.00 0.00 -0.00 -0.00 -0.00 -8.37 -149.74 -23.07 -1.51 -0.71 -0.00 -0.00 -1.31 -0.19 -1.93 -70.53 -331.47 -99.25 -19.38 -17.27 -0.94 -0.10 -20.19 -7.89 -25.35 -195.63 -538.20 -229.28 -75.81 -78.12 -12.06 -3.20 -83.38 -46.73 -95.69 -360.64
0.00 0.00 0.00 0.00 0.00 0.00 0.00 0.00 0.00 0.00 -27.01 -0.83 -0.00 -0.00 -0.00 0.00 -0.00 -0.00 -0.00 -8.37 -149.74 -23.07 -1.51 -0.71 -0.00 -0.00 -1.31 -0.19 -1.93 -70.53 -331.47 -99.25 -19.38 -17.27 -0.94 -0.10 -20.19 -7.89 -25.35 -195.63 -538.20 -229.28 -75.81 -78.12 -12.06 -3.20 -83.38 -46.73 -95.69 -360.64
0.00 0.00 0.00 0.00 0.00 0.00 0.00 0.00 0.00 0.00 -27.01 -0.83 -0.00 -0.00 -0.00 0.00 -0.00 -0.00 -0.00 -8.37 -149.74 -23.07 -1.51 -0.71 -0.00 -0.00 -1.31 -0.19 -1.93 -70.53 -331.47 -99.25 -19.38 -17.27 -0.94 -0.10 -20.19 -7.89 -25.35 -195.63 -538.20 -229.28 -75.81 -78.12 -12.06 -3.20 -83.38 -46.73 -95.69 -360.64
0.00 0.00 0.00 0.00 0.00 0.00 0.00 0.00 0.00 0.00 -27.01 -0.83 -0.00 -0.00 -0.00 0.00 -0.00 -0.00 -0.00 -8.37 -149.74 -23.07 -1.51 -0.71 -0.00 -0.00 -1.31 -0.19 -1.93 -70.53 -331.47 -99.25 -19.38 -17.27 -0.94 -0.10 -20.19 -7.89 -25.35 -195.63 -538.20 -229.28 -75.81 -78.12 -12.06 -3.20 -83.38 -46.73 -95.69 -360.64
0.00 0.00 0.00 0.00 0.00 0.00 0.00 0.00 0.00 0.00 -27.01 -0.83 -0.00 -0.00 -0.00 0.00 -0.00 -0.00 -0.00 -8.37 -149.74 -23.07 -1.51 -0.71 -0.00 -0.00 -1.31 -0.19 -1.93 -70.53 -331.47 -99.25 -19.38 -17.27 -0.94 -0.10 -20.19 -7.89 -25.35 -195.63 -538.20 -229.28 -75.81 -78.12 -12.06 -3.20 -83.38 -46.73 -95.69 -360.64
0.00 0.00 0.00 0.00 0.00 0.00 0.00 0.00 0.00 0.00 -27.01 -0.83 -0.00 -0.00 -0.00 0.00 -0.00 -0.00 -0.00 -8.37 -149.74 -23.07 -1.51 -0.71 -0.00 -0.00 -1.31 -0.19 -1.93 -70.53 -331.47 -99.25 -19.38 -17.27 -0.94 -0.10 -20.19 -7.89 -25.35 -195.63 -538.20 -229.28 -75.81 -78.12 -12.06 -3.20 -83.38 -46.73 -95.69 -360.64
0.00 0.00 0.00 0.00 0.00 0.00 0.00 0.00 0.00 0.00 -27.01 -0.83 -0.00 -0.00 -0.00 0.00 -0.00 -0.00 -0.00 -8.37 -149.74 -23.07 -1.51 -0.71 -0.00 -0.00 -1.31 -0.19 -1.93 -70.53 -331.47 -99.25 -19.38 -17.27 -0.94 -0.10 -20.19 -7.89 -25.35 -195.63 -538.20 -229.28 -75.81 -78.12 -12.06 -3.20 -83.38 -46.73 -95.69 -360.64
0.00 0.00 0.00 0.00 0.00 0.00 0.00 0.00 0.00 0.00 -27.01 -0.83 -0.00 -0.00 -0.00 0.00 -0.00 -0.00 -0.00 -8.37 -149.74 -23.07 -1.51 -0.71 -0.00 -0.00 -1.31 -0.19 -1.93 -70.53 -331.47 -99.25 -19.38 -17.27 -0.94 -0.10 -20.19 -7.89 -25.35 -195.63 -538.20 -229.28 -75.81 -78.12 -12.06 -3.20 -83.38 -46.73 -95.69 -360.64
0.00 0.00 0.00 0.00 0.00 0.00 0.00 0.00 0.00 0.00 -27.01 -0.83 -0.00 -0.00 -0.00 0.00 -0.00 -0.00 -0.00 -8.37 -149.74 -23.07 -1.51 -0.71 -0.00 -0.00 -1.31 -0.19 -1.93 -70.53 -331.47 -99.25 -19.38 -17.27 -0.94 -0.10 -20.19 -7.89 -25.35 -195.63 -538.20 -229.28 -75.81 -78.12 -12.06 -3.20 -83.38 -46.73 -95.69 -360.64
0.00 0.00 0.00 0.00 0.00 0.00 0.00 0.00 0.00 0.00 -27.01 -0.83 -0.00 -0.00 -0.00 0.00 -0.00 -0.00 -0.00 -8.37 -149.74 -23.07 -1.51 -0.71 -0.00 -0.00 -1.31 -0.19 -1.93 -70.53 -331.47 -99.25 -19.38 -17.27 -0.94 -0.10 -20.19 -7.89 -25.35 -195.63 -538.20 -229.28 -75.81 -78.12 -12.06 -3.20 -83.38 -46.73 -95.69 -360.64
0.00 0.00 0.00 0.00 0.00 0.00 0.00 0.00 0.00 0.00 -27.01 -0.83 -0.00 -0.00 -0.00 0.00 -0.00 -0.00 -0.00 -8.37 -149.74 -23.07 -1.51 -0.71 -0.00 -0.00 -1.31 -0.19 -1.93 -70.53 -331.47 -99.25 -19.38 -17.27 -0.94 -0.10 -20.19 -7.89 -25.35 -195.63 -538.20 -229.28 -75.81 -78.12 -12.06 -3.20 -83.38 -46.73 -95.69 -360.64
0.00 0.00 0.00 0.00 0.00 0.00 0.00 0.00 0.00 0.00 -27.01 -0.83 -0.00 -0.00 -0.00 0.00 -0.00 -0.00 -0.00 -8.37 -149.74 -23.07 -1.51 -0.71 -0.00 -0.00 -1.31 -0.19 -1.93 -70.53 -331.47 -99.25 -19.38 -17.27 -0.94 -0.10 -20.19 -7.89 -25.35 -195.63 -538.20 -229.28 -75.81 -78.12 -12.06 -3.20 -83.38 -46.73 -95.69 -360.64
0.00 0.00 0.00 0.00 0.00 0.00 0.00 0.00 0.00 0.00 -27.01 -0.83 -0.00 -0.00 -0.00 0.00 -0.00 -0.00 -0.00 -8.37 -149.74 -23.07 -1.51 -0.71 -0.00 -0.00 -1.31 -0.19 -1.93 -70.53 -331.47 -99.25 -19.38 -17.27 -0.94 -0.10 -20.19 -7.89 -25.35 -195.63 -538.20 -229.28 -75.81 -78.12 -12.06 -3.20 -83.38 -46.73 -95.69 -360.64
0.00 0.00 0.00 0.00 0.00 0.00 0.00 0.00 0.00 0.00 -27.01 -0.83 -0.00 -0.00 -0.00 0.00 -0.00 -0.00 -0.00 -8.37 -149.74 -23.07 -1.51 -0.71 -0.00 -0.00 -1.31 -0.19 -1.93 -70.53 -331.47 -99.25 -19.38 -17.27 -0.94 -0.10 -20.19 -7.89 -25.35 -195.63 -538.20 -229.28 -75.81 -78.12 -12.06 -3.20 -83.38 -46.73 -95.69 -360.64
0.00 0.00 0.00 0.00 0.00 0.00 0.00 0.00 0.00 0.00 -27.01 -0.83 -0.00 -0.00 -0.00 0.00 -0.00 -0.00 -0.00 -8.37 -149.74 -23.07 -1.51 -0.71 -0.00 -0.00 -1.31 -0.19 -1.93 -70.53 -331.47 -99.25 -19.38 -17.27 -0.94 -0.10 -20.19 -7.89 -25.35 -195.63 -538.20 -229.28 -75.81 -78.12 -12.06 -3.20 -83.38 -46.73 -95.69 -360.64
0.00 0.00 0.00 0.00 0.00 0.00 0.00 0.00 0.00 0.00 -27.01 -0.83 -0.00 -0.00 -0.00 0.00 -0.00 -0.00 -0.00 -8.37 -149.74 -23.07 -1.51 -0.71 -0.00 -0.00 -1.31 -0.19 -1.93 -70.53 -331.47 -99.25 -19.38 -17.27 -0.94 -0.10 -20.19 -7.89 -25.35 -195.63 -538.20 -229.28 -75.81 -78.12 -12.06 -3.20 -83.38 -46.73 -95.69 -360.64
0.00 0.00 0.00 0.00 0.00 0.00 0.00 0.00 0.00 0.00 -27.01 -0.83 -0.00 -0.00 -0.00 0.00 -0.00 -0.00 -0.00 -8.37 -149.74 -23.07 -1.51 -0.71 -0.00 -0.00 -1.31 -0.19 -1.93 -70.53 -331.47 -99.25 -19.38 -17.27 -0.94 -0.10 -20.19 -7.89 -25.35 -195.63 -538.20 -229.28 -75.81 -78.12 -12.06 -3.20 -83.38 -46.73 -95.69 -360.64
0.00 0.00 0.00 0.00 0.00 0.00 0.00 0.00 0.00 0.00 -27.01 -0.83 -0.00 -0.00 -0.00 0.00 -0.00 -0.00 -0.00 -8.37 -149.74 -23.07 -1.51 -0.71 -0.00 -0.00 -1.31 -0.19 -1.93 -70.53 -331.47 -99.25 -19.38 -17.27 -0.94 -0.10 -20.19 -7.89 -25.35 -195.63 -538.20 -229.28 -75.81 -78.12 -12.06 -3.20 -83.38 -46.73 -95.69 -360.64
0.00 0.00 0.00 0.00 0.00 0.00 0.00 0.00 0.00 0.00 -27.01 -0.83 -0.00 -0.00 -0.00 0.00 -0.00 -0.00 -0.00 -8.37 -149.74 -23.07 -1.51 -0.71 -0.00 -0.00 -1.31 -0.19 -1.93 -70.53 -331.47 -99.25 -19.38 -17.27 -0.94 -0.10 -20.19 -7.89 -25.35 -195.63 -538.20 -229.28 -75.81 -78.12 -12.06 -3.20 -83.38 -46.73 -95.69 -360.64
0.00 0.00 0.00 0.00 0.00 0.00 0.00 0.00 0.00 0.00 -27.01 -0.83 -0.00 -0.00 -0.00 0.00 -0.00 -0.00 -0.00 -8.37 -149.74 -23.07 -1.51 -0.71 -0.00 -0.00 -1.31 -0.19 -1.93 -70.53 -331.47 -99.25 -19.38 -17.27 -0.94 -0.10 -20.19 -7.89 -25.35 -195.63 -538.20 -229.28 -75.81 -78.12 -12.06 -3.20 -83.38 -46.73 -95.69 -360.64
0.00 0.00 0.00 0.00 0.00 0.00 0.00 0.00 0.00 0.00 -27.01 -0.83 -0.00 -0.00 -0.00 0.00 -0.00 -0.00 -0.00 -8.37 -149.74 -23.07 -1.51 -0.71 -0.00 -0.00 -1.31 -0.19 -1.93 -70.53 -331.47 -99.25 -19.38 -17.27 -0.94 -0.10 -20.19 -7.89 -25.35 -195.63 -538.20 -229.28 -75.81 -78.12 -12.06 -3.20 -83.38 -46.73 -95.69 -360.64
0.00 0.00 0.00 0.00 0.00 0.00 0.00 0.00 0.00 0.00 -27.01 -0.83 -0.00 -0.00 -0.00 0.00 -0.00 -0.00 -0.00 -8.37 -149.74 -23.07 -1.51 -0.71 -0.00 -0.00 -1.31 -0.19 -1.93 -70.53 -331.47 -99.25 -19.38 -17.27 -0.94 -0.10 -20.19 -7.89 -25.35 -195.63 -538.20 -229.28 -75.81 -78.12 -12.06 -3.20 -83.38 -46.73 -95.69 -360.64
0.00 0.00 0.00 0.00 0.00 0.00 0.00 0.00 0.00 0.00 -27.01 -0.83 -0.00 -0.00 -0.00 0.00 -0.00 -0.00 -0.00 -8.37 -149.74 -23.07 -1.51 -0.71 -0.00 -0.00 -1.31 -0.19 -1.93 -70.53 -331.47 -99.25 -19.38 -17.27 -0.94 -0.10 -20.19 -7.89 -25.35 -195.63 -538.20 -229.28 -75.81 -78.12 -12.06 -3.20 -83.38 -46.73 -95.69 -360.64
0.00 0.00 0.00 0.00 0.00 0.00 0.00 0.00 0.00 0.00 -27.01 -0.83 -0.00 -0.00 -0.00 0.00 -0.00 -0.00 -0.00 -8.37 -149.74 -23.07 -1.51 -0.71 -0.00 -0.00 -1.31 -0.19 -1.93 -70.53 -331.47 -99.25 -19.38 -17.27 -0.94 -0.10 -20.19 -7.89 -25.35 -195.63 -538.20 -229.28 -75.81 -78.12 -12.06 -3.20 -83.38 -46.73 -95.69 -360.64
0.00 0.00 0.00 0.00 0.00 0.00 0.00 0.00 0.00 0.00 -27.01 -0.83 -0.00 -0.00 -0.00 0.00 -0.00 -0.00 -0.00 -8.37 -149.74 -23.07 -1.51 -0.71 -0.00 -0.00 -1.31 -0.19 -1.93 -70.53 -331.47 -99.25 -19.38 -17.27 -0.94 -0.10 -20.19 -7.89 -25.35 -195.63 -538.20 -229.28 -75.81 -78.12 -12.06 -3.20 -83.38 -46.73 -95.69 -360.64
0.00 0.00 0.00 0.00 0.00 0.00 0.00 0.00 0.00 0.00 -27.01 -0.83 -0.00 -0.00 -0.00 0.00 -0.00 -0.00 -0.00 -8.37 -149.74 -23.07 -1.51 -0.71 -0.00 -0.00 -1.31 -0.19 -1.93 -70.53 -331.47 -99.25 -19.38 -17.27 -0.94 -0.10 -20.19 -7.89 -25.35 -195.63 -538.20 -229.28 -75.81 -78.12 -12.06 -3.20 -83.38 -46.73 -95.69 -360.64
0.00 0.00 0.00 0.00 0.00 0.00 0.00 0.00 0.00 0.00 -27.01 -0.83 -0.00 -0.00 -0.00 0.00 -0.00 -0.00 -0.00 -8.37 -149.74 -23.07 -1.51 -0.71 -0.00 -0.00 -1.31 -0.19 -1.93 -70.53 -331.47 -99.25 -19.38 -17.27 -0.94 -0.10 -20.19 -7.89 -25.35 -195.63 -538.20 -229.28 -75.81 -78.12 -12.06 -3.20 -83.38 -46.73 -95.69 -360.64
0.00 0.00 0.00 0.00 0.00 0.00 0.00 0.00 0.00 0.00 -27.01 -0.83 -0.00 -0.00 -0.00 0.00 -0.00 -0.00 -0.00 -8.37 -149.74 -23.07 -1.51 -0.71 -0.00 -0.00 -1.31 -0.19 -1.93 -70.53 -331.47 -99.25 -19.38 -17.27 -0.94 -0.10 -20.19 -7.89 -25.35 -195.63 -538.20 -229.28 -75.81 -78.12 -12.06 -3.20 -83.38 -46.73 -95.69 -360.64
0.00 0.00 0.00 0.00 0.00 0.00 0.00 0.00 0.00 0.00 -27.01 -0.83 -0.00 -0.00 -0.00 0.00 -0.00 -0.00 -0.00 -8.37 -149.74 -23.07 -1.51 -0.71 -0.00 -0.00 -1.31 -0.19 -1.93 -70.53 -331.47 -99.25 -19.38 -17.27 -0.94 -0.10 -20.19 -7.89 -25.35 -195.63 -538.20 -229.28 -75.81 -78.12 -12.06 -3.20 -83.38 -46.73 -95.69 -360.64
0.00 0.00 0.00 0.00 0.00 0.00 0.00 0.00 0.00 0.00 -27.01 -0.83 -0.00 -0.00 -0.00 0.00 -0.00 -0.00 -0.00 -8.37 -149.74 -23.07 -1.51 -0.71 -0.00 -0.00 -1.31 -0.19 -1.93 -70.53 -331.47 -99.25 -19.38 -17.27 -0.94 -0.10 -20.19 -7.89 -25.35 -195.63 -538.20 -229.28 -75.81 -78.12 -12.06 -3.20 -83.38 -46.73 -95.69 -360.64
0.00 0.00 0.00 0.00 0.00 0.00 0.00 0.00 0.00 0.00 -27.01 -0.83 -0.00 -0.00 -0.00 0.00 -0.00 -0.00 -0.00 -8.37 -149.74 -23.07 -1.51 -0.71 -0.00 -0.00 -1.31 -0.19 -1.93 -70.53 -331.47 -99.25 -19.38 -17.27 -0.94 -0.10 -20.19 -7.89 -25.35 -195.63 -538.20 -229.28 -75.81 -78.12 -12.06 -3.20 -83.38 -46.73 -95.69 -360.64
0.00 0.00 0.00 0.00 0.00 0.00 0.00 0.00 0.00 0.00 -27.01 -0.83 -0.00 -0.00 -0.00 0.00 -0.00 -0.00 -0.00 -8.37 -149.74 -23.07 -1.51 -0.71 -0.00 -0.00 -1.31 -0.19 -1.93 -70.53 -331.47 -99.25 -19.38 -17.27 -0.94 -0.10 -20.19 -7.89 -25.35 -195.63 -538.20 -229.28 -75.81 -78.12 -12.06 -3.20 -83.38 -46.73 -95.69 -360.64
0.00 0.00 0.00 0.00 0.00 0.00 0.00 0.00 0.00 0.00 -27.01 -0.83 -0.00 -0.00 -0.00 0.00 -0.00 -0.00 -0.00 -8.37 -149.74 -23.07 -1.51 -0.71 -0.00 -0.00 -1.31 -0.19 -1.93 -70.53 -331.47 -99.25 -19.38 -17.27 -0.94 -0.10 -20.19 -7.89 -25.35 -195.63 -538.20 -229.28 -75.81 -78.12 -12.06 -3.20 -83.38 -46.73 -95.69 -360.64
0.00 0.00 0.00 0.00 0.00 0.00 0.00 0.00 0.00 0.00 -27.01 -0.83 -0.00 -0.00 -0.00 0.00 -0.00 -0.00 -0.00 -8.37 -149.74 -23.07 -1.51 -0.71 -0.00 -0.00 -1.31 -0.19 -1.93 -70.53 -331.47 -99.25 -19.38 -17.27 -0.94 -0.10 -20.19 -7.89 -25.35 -195.63 -538.20 -229.28 -75.81 -78.12 -12.06 -3.20 -83.38 -46.73 -95.69 -360.64
0.00 0.00 0.00 0.00 0.00 0.00 0.00 0.00 0.00 0.00 -27.01 -0.83 -0.00 -0.00 -0.00 0.00 -0.00 -0.00 -0.00 -8.37 -149.74 -23.07 -1.51 -0.71 -0.00 -0.00 -1.31 -0.19 -1.93 -70.53 -331.47 -99.25 -19.38 -17.27 -0.94 -0.10 -20.19 -7.89 -25.35 -195.63 -538.20 -229.28 -75.81 -78.12 -12.06 -3.20 -83.38 -46.73 -95.69 -360.64
0.00 0.00 0.00 0.00 0.00 0.00 0.00 0.00 0.00 0.00 -27.01 -0.83 -0.00 -0.00 -0.00 0.00 -0.00 -0.00 -0.00 -8.37 -149.74 -23.07 -1.51 -0.71 -0.00 -0.00 -1.31 -0.19 -1.93 -70.53 -331.47 -99.25 -19.38 -17.27 -0.94 -0.10 -20.19 -7.89 -25.35 -195.63 -538.20 -229.28 -75.81 -78.12 -12.06 -3.20 -83.38 -46.73 -95.69 -360.64
0.00 0.00 0.00 0.00 0.00 0.00 0.00 0.00 0.00 0.00 -27.01 -0.83 -0.00 -0.00 -0.00 0.00 -0.00 -0.00 -0.00 -8.37 -149.74 -23.07 -1.51 -0.71 -0.00 -0.00 -1.31 -0.19 -1.93 -70.53 -331.47 -99.25 -19.38 -17.27 -0.94 -0.10 -20.19 -7.89 -25.35 -195.63 -538.20 -229.28 -75.81 -78.12 -12.06 -3.20 -83.38 -46.73 -95.69 -360.64
0.00 0.00 0.00 0.00 0.00 0.00 0.00 0.00 0.00 0.00 -27.01 -0.83 -0.00 -0.00 -0.00 0.00 -0.00 -0.00 -0.00 -8.37 -149.74 -23.07 -1.51 -0.71 -0.00 -0.00 -1.31 -0.19 -1.93 -70.53 -331.47 -99.25 -19.38 -17.27 -0.94 -0.10 -20.19 -7.89 -25.35 -195.63 -538.20 -229.28 -75.81 -78.12 -12.06 -3.20 -83.38 -46.73 -95.69 -360.64
0.00 0.00 0.00 0.00 0.00 0.00 0.00 0.00 0.00 0.00 -27.01 -0.83 -0.00 -0.00 -0.00 0.00 -0.00 -0.00 -0.00 -8.37 -149.74 -23.07 -1.51 -0.71 -0.00 -0.00 -1.31 -0.19 -1.93 -70.53 -331.47 -99.25 -19.38 -17.27 -0.94 -0.10 -20.19 -7.89 -25.35 -195.63 -538.20 -229.28 -75.81 -78.12 -12.06 -3.20 -83.38 -46.73 -95.69 -360.64
0.00 0.00 0.00 0.00 0.00 0.00 0.00 0.00 0.00 0.00 -27.01 -0.83 -0.00 -0.00 -0.00 0.00 -0.00 -0.00 -0.00 -8.37 -149.74 -23.07 -1.51 -0.71 -0.00 -0.00 -1.31 -0.19 -1.93 -70.53 -331.47 -99.25 -19.38 -17.27 -0.94 -0.10 -20.19 -7.89 -25.35 -195.63 -538.20 -229.28 -75.81 -78.12 -12.06 -3.20 -83.38 -46.73 -95.69 -360.64
0.00 0.00 0.00 0.00 0.00 0.00 0.00 0.00 0.00 0.00 -27.01 -0.83 -0.00 -0.00 -0.00 0.00 -0.00 -0.00 -0.00 -8.37 -149.74 -23.07 -1.51 -0.71 -0.00 -0.00 -1.31 -0.19 -1.93 -70.53 -331.47 -99.25 -19.38 -17.27 -0.94 -0.10 -20.19 -7.89 -25.35 -195.63 -538.20 -229.28 -75.81 -78.12 -12.06 -3.20 -83.38 -46.73 -95.69 -360.64
0.00 0.00 0.00 0.00 0.00 0.00 0.00 0.00 0.00 0.00 -27.01 -0.83 -0.00 -0.00 -0.00 0.00 -0.00 -0.00 -0.00 -8.37 -149.74 -23.07 -1.51 -0.71 -0.00 -0.00 -1.31 -0.19 -1.93 -70.53 -331.47 -99.25 -19.38 -17.27 -0.94 -0.10 -20.19 -7.89 -25.35 -195.63 -538.20 -229.28 -75.81 -78.12 -12.06 -3.20 -83.38 -46.73 -95.69 -360.64
0.00 0.00 0.00 0.00 0.00 0.00 0.00 0.00 0.00 0.00 -27.01 -0.83 -0.00 -0.00 -0.00 0.00 -0.00 -0.00 -0.00 -8.37 -149.74 -23.07 -1.51 -0.71 -0.00 -0.00 -1.31 -0.19 -1.93 -70.53 -331.47 -99.25 -19.38 -17.27 -0.94 -0.10 -20.19 -7.89 -25.35 -195.63 -538.20 -229.28 -75.81 -78.12 -12.06 -3.20 -83.38 -46.73 -95.69 -360.64
0.00 0.00 0.00 0.00 0.00 0.00 0.00 0.00 0.00 0.00 -27.01 -0.83 -0.00 -0.00 -0.00 0.00 -0.00 -0.00 -0.00 -8.37 -149.74 -23.07 -1.51 -0.71 -0.00 -0.00 -1.31 -0.19 -1.93 -70.53 -331.47 -99.25 -19.38 -17.27 -0.94 -0.10 -20.19 -7.89 -25.35 -195.63 -538.20 -229.28 -75.81 -78.12 -12.06 -3.20 -83.38 -46.73 -95.69 -360.64
0.00 0.00 0.00 0.00 0.00 0.00 0.00 0.00 0.00 0.00 -27.01 -0.83 -0.00 -0.00 -0.00 0.00 -0.00 -0.00 -0.00 -8.37 -149.74 -23.07 -1.51 -0.71 -0.00 -0.00 -1.31 -0.19 -1.93 -70.53 -331.47 -99.25 -19.38 -17.27 -0.94 -0.10 -20.19 -7.89 -25.35 -195.63 -538.20 -229.28 -75.81 -78.12 -12.06 -3.20 -83.38 -46.73 -95.69 -360.64
0.00 0.00 0.00 0.00 0.00 0.00 0.00 0.00 0.00 0.00 -27.01 -0.83 -0.00 -0.00 -0.00 0.00 -0.00 -0.00 -0.00 -8.37 -149.74 -23.07 -1.51 -0.71 -0.00 -0.00 -1.31 -0.19 -1.93 -70.53 -331.47 -99.25 -19.38 -17.27 -0.94 -0.10 -20.19 -7.89 -25.35 -195.63 -538.20 -229.28 -75.81 -78.12 -12.06 -3.20 -83.38 -46.73 -95.69 -360.64
0.00 0.00 0.00 0.00 0.00 0.00 0.00 0.00 0.00 0.00 -27.01 -0.83 -0.00 -0.00 -0.00 0.00 -0.00 -0.00 -0.00 -8.37 -149.74 -23.07 -1.51 -0.71 -0.00 -0.00 -1.31 -0.19 -1.93 -70.53 -331.47 -99.25 -19.38 -17.27 -0.94 -0.10 -20.19 -7.89 -25.35 -195.63 -538.20 -229.28 -75.81 -78.12 -12.06 -3.20 -83.38 -46.73 -95.69 -360.64
0.00 0.00 0.00 0.00 0.00 0.00 0.00 0.00 0.00 0.00 -27.01 -0.83 -0.00 -0.00 -0.00 0.00 -0.00 -0.00 -0.00 -8.37 -149.74 -23.07 -1.51 -0.71 -0.00 -0.00 -1.31 -0.19 -1.93 -70.53 -331.47 -99.25 -19.38 -17.27 -0.94 -0.10 -20.19 -7.89 -25.35 -195.63 -538.20 -229.28 -75.81 -78.12 -12.06 -3.20 -83.38 -46.73 -95.69 -360.64
0.00 0.00 0.00 0.00 0.00 0.00 0.00 0.00 0.00 0.00 -27.01 -0.83 -0.00 -0.00 -0.00 0.00 -0.00 -0.00 -0.00 -8.37 -149.74 -23.07 -1.51 -0.71 -0.00 -0.00 -1.31 -0.19 -1.93 -70.53 -331.47 -99.25 -19.38 -17.27 -0.94 -0.10 -20.19 -7.89 -25.35 -195.63 -538.20 -229.28 -75.81 -78.12 -12.06 -3.20 -83.38 -46.73 -95.69 -360.64
0.00 0.00 0.00 0.00 0.00 0.00 0.00 0.00 0.00 0.00 -27.01 -0.83 -0.00 -0.00 -0.00 0.00 -0.00 -0.00 -0.00 -8.37 -149.74 -23.07 -1.51 -0.71 -0.00 -0.00 -1.31 -0.19 -1.93 -70.53 -331.47 -99.25 -19.38 -17.27 -0.94 -0.10 -20.19 -7.89 -25.35 -195.63 -538.20 -229.28 -75.81 -78.12 -12.06 -3.20 -83.38 -46.73 -95.69 -360.64
0.00 0.00 0.00 0.00 0.00 0.00 0.00 0.00 0.00 0.00 -27.01 -0.83 -0.00 -0.00 -0.00 0.00 -0.00 -0.00 -0.00 -8.37 -149.74 -23.07 -1.51 -0.71 -0.00 -0.00 -1.31 -0.19 -1.93 -70.53 -331.47 -99.25 -19.38 -17.27 -0.94 -0.10 -20.19 -7.89 -25.35 -195.63 -538.20 -229.28 -75.81 -78.12 -12.06 -3.20 -83.38 -46.73 -95.69 -360.64
0.00 0.00 0.00 0.00 0.00 0.00 0.00 0.00 0.00 0.00 -27.01 -0.83 -0.00 -0.00 -0.00 0.00 -0.00 -0.00 -0.00 -8.37 -149.74 -23.07 -1.51 -0.71 -0.00 -0.00 -1.31 -0.19 -1.93 -70.53 -331.47 -99.25 -19.38 -17.27 -0.94 -0.10 -20.19 -7.89 -25.35 -195.63 -538.20 -229.28 -75.81 -78.12 -12.06 -3.20 -83.38 -46.73 -95.69 -360.64
0.00 0.00 0.00 0.00 0.00 0.00 0.00 0.00 0.00 0.00 -27.01 -0.83 -0.00 -0.00 -0.00 0.00 -0.00 -0.00 -0.00 -8.37 -149.74 -23.07 -1.51 -0.71 -0.00 -0.00 -1.31 -0.19 -1.93 -70.53 -331.47 -99.25 -19.38 -17.27 -0.94 -0.10 -20.19 -7.89 -25.35 -195.63 -538.20 -229.28 -75.81 -78.12 -12.06 -3.20 -83.38 -46.73 -95.69 -360.64
0.00 0.00 0.00 0.00 0.00 0.00 0.00 0.00 0.00 0.00 -27.01 -0.83 -0.00 -0.00 -0.00 0.00 -0.00 -0.00 -0.00 -8.37 -149.74 -23.07 -1.51 -0.71 -0.00 -0.00 -1.31 -0.19 -1.93 -70.53 -331.47 -99.25 -19.38 -17.27 -0.94 -0.10 -20.19 -7.89 -25.35 -195.63 -538.20 -229.28 -75.81 -78.12 -12.06 -3.20 -83.38 -46.73 -95.69 -360.64
0.00 0.00 0.00 0.00 0.00 0.00 0.00 0.00 0.00 0.00 -27.01 -0.83 -0.00 -0.00 -0.00 0.00 -0.00 -0.00 -0.00 -8.37 -149.74 -23.07 -1.51 -0.71 -0.00 -0.00 -1.31 -0.19 -1.93 -70.53 -331.47 -99.25 -19.38 -17.27 -0.94 -0.10 -20.19 -7.89 -25.35 -195.63 -538.20 -229.28 -75.81 -78.12 -12.06 -3.20 -83.38 -46.73 -95.69 -360.64
0.00 0.00 0.00 0.00 0.00 0.00 0.00 0.00 0.00 0.00 -27.01 -0.83 -0.00 -0.00 -0.00 0.00 -0.00 -0.00 -0.00 -8.37 -149.74 -23.07 -1.51 -0.71 -0.00 -0.00 -1.31 -0.19 -1.93 -70.53 -331.47 -99.25 -19.38 -17.27 -0.94 -0.10 -20.19 -7.89 -25.35 -195.63 -538.20 -229.28 -75.81 -78.12 -12.06 -3.20 -83.38 -46.73 -95.69 -360.64
0.00 0.00 0.00 0.00 0.00 0.00 0.00 0.00 0.00 0.00 -27.01 -0.83 -0.00 -0.00 -0.00 0.00 -0.00 -0.00 -0.00 -8.37 -149.74 -23.07 -1.51 -0.71 -0.00 -0.00 -1.31 -0.19 -1.93 -70.53 -331.47 -99.25 -19.38 -17.27 -0.94 -0.10 -20.19 -7.89 -25.35 -195.63 -538.20 -229.28 -75.81 -78.12 -12.06 -3.20 -83.38 -46.73 -95.69 -360.64
0.00 0.00 0.00 0.00 0.00 0.00 0.00 0.00 0.00 0.00 -27.01 -0.83 -0.00 -0.00 -0.00 0.00 -0.00 -0.00 -0.00 -8.37 -149.74 -23.07 -1.51 -0.71 -0.00 -0.00 -1.31 -0.19 -1.93 -70.53 -331.47 -99.25 -19.38 -17.27 -0.94 -0.10 -20.19 -7.89 -25.35 -195.63 -538.20 -229.28 -75.81 -78.12 -12.06 -3.20 -83.38 -46.73 -95.69 -360.64
0.00 0.00 0.00 0.00 0.00 0.00 0.00 0.00 0.00 0.00 -27.01 -0.83 -0.00 -0.00 -0.00 0.00 -0.00 -0.00 -0.00 -8.37 -149.74 -23.07 -1.51 -0.71 -0.00 -0.00 -1.31 -0.19 -1.93 -70.53 -331.47 -99.25 -19.38 -17.27 -0.94 -0.10 -20.19 -7.89 -25.35 -195.63 -538.20 -229.28 -75.81 -78.12 -12.06 -3.20 -83.38 -46.73 -95.69 -360.64
0.00 0.00 0.00 0.00 0.00 0.00 0.00 0.00 0.00 0.00 -27.01 -0.83 -0.00 -0.00 -0.00 0.00 -0.00 -0.00 -0.00 -8.37 -149.74 -23.07 -1.51 -0.71 -0.00 -0.00 -1.31 -0.19 -1.93 -70.53 -331.47 -99.25 -19.38 -17.27 -0.94 -0.10 -20.19 -7.89 -25.35 -195.63 -538.20 -229.28 -75.81 -78.12 -12.06 -3.20 -83.38 -46.73 -95.69 -360.64
0.00 0.00 0.00 0.00 0.00 0.00 0.00 0.00 0.00 0.00 -27.01 -0.83 -0.00 -0.00 -0.00 0.00 -0.00 -0.00 -0.00 -8.37 -149.74 -23.07 -1.51 -0.71 -0.00 -0.00 -1.31 -0.19 -1.93 -70.53 -331.47 -99.25 -19.38 -17.27 -0.94 -0.10 -20.19 -7.89 -25.35 -195.63 -538.20 -229.28 -75.81 -78.12 -12.06 -3.20 -83.38 -46.73 -95.69 -360.64
0.00 0.00 0.00 0.00 0.00 0.00 0.00 0.00 0.00 0.00 -27.01 -0.83 -0.00 -0.00 -0.00 0.00 -0.00 -0.00 -0.00 -8.37 -149.74 -23.07 -1.51 -0.71 -0.00 -0.00 -1.31 -0.19 -1.93 -70.53 -331.47 -99.25 -19.38 -17.27 -0.94 -0.10 -20.19 -7.89 -25.35 -195.63 -538.20 -229.28 -75.81 -78.12 -12.06 -3.20 -83.38 -46.73 -95.69 -360.64
0.00 0.00 0.00 0.00 0.00 0.00 0.00 0.00 0.00 0.00 -27.01 -0.83 -0.00 -0.00 -0.00 0.00 -0.00 -0.00 -0.00 -8.37 -149.74 -23.07 -1.51 -0.71 -0.00 -0.00 -1.31 -0.19 -1.93 -70.53 -331.47 -99.25 -19.38 -17.27 -0.94 -0.10 -20.19 -7.89 -25.35 -195.63 -538.20 -229.28 -75.81 -78.12 -12.06 -3.20 -83.38 -46.73 -95.69 -360.64
0.00 0.00 0.00 0.00 0.00 0.00 0.00 0.00 0.00 0.00 -27.01 -0.83 -0.00 -0.00 -0.00 0.00 -0.00 -0.00 -0.00 -8.37 -149.74 -23.07 -1.51 -0.71 -0.00 -0.00 -1.31 -0.19 -1.93 -70.53 -331.47 -99.25 -19.38 -17.27 -0.94 -0.10 -20.19 -7.89 -25.35 -195.63 -538.20 -229.28 -75.81 -78.12 -12.06 -3.20 -83.38 -46.73 -95.69 -360.64
0.00 0.00 0.00 0.00 0.00 0.00 0.00 0.00 0.00 0.00 -27.01 -0.83 -0.00 -0.00 -0.00 0.00 -0.00 -0.00 -0.00 -8.37 -149.74 -23.07 -1.51 -0.71 -0.00 -0.00 -1.31 -0.19 -1.93 -70.53 -331.47 -99.25 -19.38 -17.27 -0.94 -0.10 -20.19 -7.89 -25.35 -195.63 -538.20 -229.28 -75.81 -78.12 -12.06 -3.20 -83.38 -46.73 -95.69 -360.64
0.00 0.00 0.00 0.00 0.00 0.00 0.00 0.00 0.00 0.00 -27.01 -0.83 -0.00 -0.00 -0.00 0.00 -0.00 -0.00 -0.00 -8.37 -149.74 -23.07 -1.51 -0.71 -0.00 -0.00 -1.31 -0.19 -1.93 -70.53 -331.47 -99.25 -19.38 -17.27 -0.94 -0.10 -20.19 -7.89 -25.35 -195.63 -538.20 -229.28 -75.81 -78.12 -12.06 -3.20 -83.38 -46.73 -95.69 -360.64
0.00 0.00 0.00 0.00 0.00 0.00 0.00 0.00 0.00 0.00 -27.01 -0.83 -0.00 -0.00 -0.00 0.00 -0.00 -0.00 -0.00 -8.37 -149.74 -23.07 -1.51 -0.71 -0.00 -0.00 -1.31 -0.19 -1.93 -70.53 -331.47 -99.25 -19.38 -17.27 -0.94 -0.10 -20.19 -7.89 -25.35 -195.63 -538.20 -229.28 -75.81 -78.12 -12.06 -3.20 -83.38 -46.73 -95.69 -360.64
0.00 0.00 0.00 0.00 0.00 0.00 0.00 0.00 0.00 0.00 -27.01 -0.83 -0.00 -0.00 -0.00 0.00 -0.00 -0.00 -0.00 -8.37 -149.74 -23.07 -1.51 -0.71 -0.00 -0.00 -1.31 -0.19 -1.93 -70.53 -331.47 -99.25 -19.38 -17.27 -0.94 -0.10 -20.19 -7.89 -25.35 -195.63 -538.20 -229.28 -75.81 -78.12 -12.06 -3.20 -83.38 -46.73 -95.69 -360.64
0.00 0.00 0.00 0.00 0.00 0.00 0.00 0.00 0.00 0.00 -27.01 -0.83 -0.00 -0.00 -0.00 0.00 -0.00 -0.00 -0.00 -8.37 -149.74 -23.07 -1.51 -0.71 -0.00 -0.00 -1.31 -0.19 -1.93 -70.53 -331.47 -99.25 -19.38 -17.27 -0.94 -0.10 -20.19 -7.89 -25.35 -195.63 -538.20 -229.28 -75.81 -78.12 -12.06 -3.20 -83.38 -46.73 -95.69 -360.64
0.00 0.00 0.00 0.00 0.00 0.00 0.00 0.00 0.00 0.00 -27.01 -0.83 -0.00 -0.00 -0.00 0.00 -0.00 -0.00 -0.00 -8.37 -149.74 -23.07 -1.51 -0.71 -0.00 -0.00 -1.31 -0.19 -1.93 -70.53 -331.47 -99.25 -19.38 -17.27 -0.94 -0.10 -20.19 -7.89 -25.35 -195.63 -538.20 -229.28 -75.81 -78.12 -12.06 -3.20 -83.38 -46.73 -95.69 -360.64
0.00 0.00 0.00 0.00 0.00 0.00 0.00 0.00 0.00 0.00 -27.01 -0.83 -0.00 -0.00 -0.00 0.00 -0.00 -0.00 -0.00 -8.37 -149.74 -23.07 -1.51 -0.71 -0.00 -0.00 -1.31 -0.19 -1.93 -70.53 -331.47 -99.25 -19.38 -17.27 -0.94 -0.10 -20.19 -7.89 -25.35 -195.63 -538.20 -229.28 -75.81 -78.12 -12.06 -3.20 -83.38 -46.73 -95.69 -360.64
0.00 0.00 0.00 0.00 0.00 0.00 0.00 0.00 0.00 0.00 -27.01 -0.83 -0.00 -0.00 -0.00 0.00 -0.00 -0.00 -0.00 -8.37 -149.74 -23.07 -1.51 -0.71 -0.00 -0.00 -1.31 -0.19 -1.93 -70.53 -331.47 -99.25 -19.38 -17.27 -0.94 -0.10 -20.19 -7.89 -25.35 -195.63 -538.20 -229.28 -75.81 -78.12 -12.06 -3.20 -83.38 -46.73 -95.69 -360.64
0.00 0.00 0.00 0.00 0.00 0.00 0.00 0.00 0.00 0.00 -27.01 -0.83 -0.00 -0.00 -0.00 0.00 -0.00 -0.00 -0.00 -8.37 -149.74 -23.07 -1.51 -0.71 -0.00 -0.00 -1.31 -0.19 -1.93 -70.53 -331.47 -99.25 -19.38 -17.27 -0.94 -0.10 -20.19 -7.89 -25.35 -195.63 -538.20 -229.28 -75.81 -78.12 -12.06 -3.20 -83.38 -46.73 -95.69 -360.64
0.00 0.00 0.00 0.00 0.00 0.00 0.00 0.00 0.00 0.00 -27.01 -0.83 -0.00 -0.00 -0.00 0.00 -0.00 -0.00 -0.00 -8.37 -149.74 -23.07 -1.51 -0.71 -0.00 -0.00 -1.31 -0.19 -1.93 -70.53 -331.47 -99.25 -19.38 -17.27 -0.94 -0.10 -20.19 -7.89 -25.35 -195.63 -538.20 -229.28 -75.81 -78.12 -12.06 -3.20 -83.38 -46.73 -95.69 -360.64
0.00 0.00 0.00 0.00 0.00 0.00 0.00 0.00 0.00 0.00 -27.01 -0.83 -0.00 -0.00 -0.00 0.00 -0.00 -0.00 -0.00 -8.37 -149.74 -23.07 -1.51 -0.71 -0.00 -0.00 -1.31 -0.19 -1.93 -70.53 -331.47 -99.25 -19.38 -17.27 -0.94 -0.10 -20.19 -7.89 -25.35 -195.63 -538.20 -229.28 -75.81 -78.12 -12.06 -3.20 -83.38 -46.73 -95.69 -360.64
0.00 0.00 0.00 0.00 0.00 0.00 0.00 0.00 0.00 0.00 -27.01 -0.83 -0.00 -0.00 -0.00 0.00 -0.00 -0.00 -0.00 -8.37 -149.74 -23.07 -1.51 -0.71 -0.00 -0.00 -1.31 -0.19 -1.93 -70.53 -331.47 -99.25 -19.38 -17.27 -0.94 -0.10 -20.19 -7.89 -25.35 -195.63 -538.20 -229.28 -75.81 -78.12 -12.06 -3.20 -83.38 -46.73 -95.69 -360.64
0.00 0.00 0.00 0.00 0.00 0.00 0.00 0.00 0.00 0.00 -27.01 -0.83 -0.00 -0.00 -0.00 0.00 -0.00 -0.00 -0.00 -8.37 -149.74 -23.07 -1.51 -0.71 -0.00 -0.00 -1.31 -0.19 -1.93 -70.53 -331.47 -99.25 -19.38 -17.27 -0.94 -0.10 -20.19 -7.89 -25.35 -195.63 -538.20 -229.28 -75.81 -78.12 -12.06 -3.20 -83.38 -46.73 -95.69 -360.64
0.00 0.00 0.00 0.00 0.00 0.00 0.00 0.00 0.00 0.00 -27.01 -0.83 -0.00 -0.00 -0.00 0.00 -0.00 -0.00 -0.00 -8.37 -149.74 -23.07 -1.51 -0.71 -0.00 -0.00 -1.31 -0.19 -1.93 -70.53 -331.47 -99.25 -19.38 -17.27 -0.94 -0.10 -20.19 -7.89 -25.35 -195.63 -538.20 -229.28 -75.81 -78.12 -12.06 -3.20 -83.38 -46.73 -95.69 -360.64
0.00 0.00 0.00 0.00 0.00 0.00 0.00 0.00 0.00 0.00 -27.01 -0.83 -0.00 -0.00 -0.00 0.00 -0.00 -0.00 -0.00 -8.37 -149.74 -23.07 -1.51 -0.71 -0.00 -0.00 -1.31 -0.19 -1.93 -70.53 -331.47 -99.25 -19.38 -17.27 -0.94 -0.10 -20.19 -7.89 -25.35 -195.63 -538.20 -229.28 -75.81 -78.12 -12.06 -3.20 -83.38 -46.73 -95.69 -360.64
0.00 0.00 0.00 0.00 0.00 0.00 0.00 0.00 0.00 0.00 -27.01 -0.83 -0.00 -0.00 -0.00 0.00 -0.00 -0.00 -0.00 -8.37 -149.74 -23.07 -1.51 -0.71 -0.00 -0.00 -1.31 -0.19 -1.93 -70.53 -331.47 -99.25 -19.38 -17.27 -0.94 -0.10 -20.19 -7.89 -25.35 -195.63 -538.20 -229.28 -75.81 -78.12 -12.06 -3.20 -83.38 -46.73 -95.69 -360.64
0.00 0.00 0.00 0.00 0.00 0.00 0.00 0.00 0.00 0.00 -27.01 -0.83 -0.00 -0.00 -0.00 0.00 -0.00 -0.00 -0.00 -8.37 -149.74 -23.07 -1.51 -0.71 -0.00 -0.00 -1.31 -0.19 -1.93 -70.53 -331.47 -99.25 -19.38 -17.27 -0.94 -0.10 -20.19 -7.89 -25.35 -195.63 -538.20 -229.28 -75.81 -78.12 -12.06 -3.20 -83.38 -46.73 -95.69 -360.64
0.00 0.00 0.00 0.00 0.00 0.00 0.00 0.00 0.00 0.00 -27.01 -0.83 -0.00 -0.00 -0.00 0.00 -0.00 -0.00 -0.00 -8.37 -149.74 -23.07 -1.51 -0.71 -0.00 -0.00 -1.31 -0.19 -1.93 -70.53 -331.47 -99.25 -19.38 -17.27 -0.94 -0.10 -20.19 -7.89 -25.35 -195.63 -538.20 -229.28 -75.81 -78.12 -12.06 -3.20 -83.38 -46.73 -95.69 -360.64
0.00 0.00 0.00 0.00 0.00 0.00 0.00 0.00 0.00 0.00 -27.01 -0.83 -0.00 -0.00 -0.00 0.00 -0.00 -0.00 -0.00 -8.37 -149.74 -23.07 -1.51 -0.71 -0.00 -0.00 -1.31 -0.19 -1.93 -70.53 -331.47 -99.25 -19.38 -17.27 -0.94 -0.10 -20.19 -7.89 -25.35 -195.63 -538.20 -229.28 -75.81 -78.12 -12.06 -3.20 -83.38 -46.73 -95.69 -360.64
0.00 0.00 0.00 0.00 0.00 0.00 0.00 0.00 0.00 0.00 -27.01 -0.83 -0.00 -0.00 -0.00 0.00 -0.00 -0.00 -0.00 -8.37 -149.74 -23.07 -1.51 -0.71 -0.00 -0.00 -1.31 -0.19 -1.93 -70.53 -331.47 -99.25 -19.38 -17.27 -0.94 -0.10 -20.19 -7.89 -25.35 -195.63 -538.20 -229.28 -75.81 -78.12 -12.06 -3.20 -83.38 -46.73 -95.69 -360.64
0.00 0.00 0.00 0.00 0.00 0.00 0.00 0.00 0.00 0.00 -27.01 -0.83 -0.00 -0.00 -0.00 0.00 -0.00 -0.00 -0.00 -8.37 -149.74 -23.07 -1.51 -0.71 -0.00 -0.00 -1.31 -0.19 -1.93 -70.53 -331.47 -99.25 -19.38 -17.27 -0.94 -0.10 -20.19 -7.89 -25.35 -195.63 -538.20 -229.28 -75.81 -78.12 -12.06 -3.20 -83.38 -46.73 -95.69 -360.64
0.00 0.00 0.00 0.00 0.00 0.00 0.00 0.00 0.00 0.00 -27.01 -0.83 -0.00 -0.00 -0.00 0.00 -0.00 -0.00 -0.00 -8.37 -149.74 -23.07 -1.51 -0.71 -0.00 -0.00 -1.31 -0.19 -1.93 -70.53 -331.47 -99.25 -19.38 -17.27 -0.94 -0.10 -20.19 -7.89 -25.35 -195.63 -538.20 -229.28 -75.81 -78.12 -12.06 -3.20 -83.38 -46.73 -95.69 -360.64
0.00 0.00 0.00 0.00 0.00 0.00 0.00 0.00 0.00 0.00 -27.01 -0.83 -0.00 -0.00 -0.00 0.00 -0.00 -0.00 -0.00 -8.37 -149.74 -23.07 -1.51 -0.71 -0.00 -0.00 -1.31 -0.19 -1.93 -70.53 -331.47 -99.25 -19.38 -17.27 -0.94 -0.10 -20.19 -7.89 -25.35 -195.63 -538.20 -229.28 -75.81 -78.12 -12.06 -3.20 -83.38 -46.73 -95.69 -360.64
0.00 0.00 0.00 0.00 0.00 0.00 0.00 0.00 0.00 0.00 -27.01 -0.83 -0.00 -0.00 -0.00 0.00 -0.00 -0.00 -0.00 -8.37 -149.74 -23.07 -1.51 -0.71 -0.00 -0.00 -1.31 -0.19 -1.93 -70.53 -331.47 -99.25 -19.38 -17.27 -0.94 -0.10 -20.19 -7.89 -25.35 -195.63 -538.20 -229.28 -75.81 -78.12 -12.06 -3.20 -83.38 -46.73 -95.69 -360.64
0.00 0.00 0.00 0.00 0.00 0.00 0.00 0.00 0.00 0.00 -27.01 -0.83 -0.00 -0.00 -0.00 0.00 -0.00 -0.00 -0.00 -8.37 -149.74 -23.07 -1.51 -0.71 -0.00 -0.00 -1.31 -0.19 -1.93 -70.53 -331.47 -99.25 -19.38 -17.27 -0.94 -0.10 -20.19 -7.89 -25.35 -195.63 -538.20 -229.28 -75.81 -78.12 -12.06 -3.20 -83.38 -46.73 -95.69 -360.64
0.00 0.00 0.00 0.00 0.00 0.00 0.00 0.00 0.00 0.00 -27.02 -0.83 -0.00 -0.00 -0.00 0.00 -0.00 -0.00 -0.00 -8.38 -149.79 -23.10 -1.52 -0.71 -0.00 -0.00 -1.32 -0.19 -1.93 -70.40 -331.54 -99.32 -19.41 -17.31 -0.94 -0.10 -20.22 -7.91 -25.40 -195.54 -538.29 -229.41 -75.90 -78.24 -12.10 -3.20 -83.49 -46.81 -95.89 -360.69
0.00 0.00 0.00 0.00 0.00 0.00 0.00 0.00 0.00 0.00 -27.02 -0.83 -0.00 -0.00 -0.00 0.00 -0.00 -0.00 -0.00 -8.38 -149.79 -23.10 -1.52 -0.71 -0.00 -0.00 -1.32 -0.19 -1.93 -70.40 -331.54 -99.32 -19.41 -17.31 -0.94 -0.10 -20.22 -7.91 -25.40 -195.54 -538.29 -229.41 -75.90 -78.24 -12.10 -3.20 -83.49 -46.81 -95.89 -360.69
0.00 0.00 0.00 0.00 0.00 0.00 0.00 0.00 0.00 0.00 -27.02 -0.83 -0.00 -0.00 -0.00 0.00 -0.00 -0.00 -0.00 -8.38 -149.79 -23.10 -1.52 -0.71 -0.00 -0.00 -1.32 -0.19 -1.93 -70.40 -331.54 -99.32 -19.41 -17.31 -0.94 -0.10 -20.22 -7.91 -25.40 -195.54 -538.29 -229.41 -75.90 -78.24 -12.10 -3.20 -83.49 -46.81 -95.89 -360.69
0.00 0.00 0.00 0.00 0.00 0.00 0.00 0.00 0.00 0.00 -27.02 -0.83 -0.00 -0.00 -0.00 0.00 -0.00 -0.00 -0.00 -8.38 -149.79 -23.10 -1.52 -0.71 -0.00 -0.00 -1.32 -0.19 -1.93 -70.40 -331.54 -99.32 -19.41 -17.31 -0.94 -0.10 -20.22 -7.91 -25.40 -195.54 -538.29 -229.41 -75.90 -78.24 -12.10 -3.20 -83.49 -46.81 -95.89 -360.69
0.00 0.00 0.00 0.00 0.00 0.00 0.00 0.00 0.00 0.00 -27.02 -0.83 -0.00 -0.00 -0.00 0.00 -0.00 -0.00 -0.00 -8.38 -149.79 -23.10 -1.52 -0.71 -0.00 -0.00 -1.32 -0.19 -1.93 -70.40 -331.54 -99.32 -19.41 -17.31 -0.94 -0.10 -20.22 -7.91 -25.40 -195.54 -538.29 -229.41 -75.90 -78.24 -12.10 -3.20 -83.49 -46.81 -95.89 -360.69
0.00 0.00 0.00 0.00 0.00 0.00 0.00 0.00 0.00 0.00 -27.02 -0.83 -0.00 -0.00 -0.00 0.00 -0.00 -0.00 -0.00 -8.38 -149.79 -23.10 -1.52 -0.71 -0.00 -0.00 -1.32 -0.19 -1.93 -70.40 -331.54 -99.32 -19.41 -17.31 -0.94 -0.10 -20.22 -7.91 -25.40 -195.54 -538.29 -229.41 -75.90 -78.24 -12.10 -3.20 -83.49 -46.81 -95.89 -360.69
0.00 0.00 0.00 0.00 0.00 0.00 0.00 0.00 0.00 0.00 -27.02 -0.83 -0.00 -0.00 -0.00 0.00 -0.00 -0.00 -0.00 -8.38 -149.79 -23.10 -1.52 -0.71 -0.00 -0.00 -1.32 -0.19 -1.93 -70.40 -331.54 -99.32 -19.41 -17.31 -0.94 -0.10 -20.22 -7.91 -25.40 -195.54 -538.29 -229.41 -75.90 -78.24 -12.10 -3.20 -83.49 -46.81 -95.89 -360.69
0.00 0.00 0.00 0.00 0.00 0.00 0.00 0.00 0.00 0.00 -27.02 -0.83 -0.00 -0.00 -0.00 0.00 -0.00 -0.00 -0.00 -8.38 -149.79 -23.10 -1.52 -0.71 -0.00 -0.00 -1.32 -0.19 -1.93 -70.40 -331.54 -99.32 -19.41 -17.31 -0.94 -0.10 -20.22 -7.91 -25.40 -195.54 -538.29 -229.41 -75.90 -78.24 -12.10 -3.20 -83.49 -46.81 -95.89 -360.69
0.00 0.00 0.00 0.00 0.00 0.00 0.00 0.00 0.00 0.00 -27.02 -0.83 -0.00 -0.00 -0.00 0.00 -0.00 -0.00 -0.00 -8.38 -149.79 -23.10 -1.52 -0.71 -0.00 -0.00 -1.32 -0.19 -1.93 -70.40 -331.54 -99.32 -19.41 -17.31 -0.94 -0.10 -20.22 -7.91 -25.40 -195.54 -538.29 -229.41 -75.90 -78.24 -12.10 -3.20 -83.49 -46.81 -95.89 -360.69
0.00 0.00 0.00 0.00 0.00 0.00 0.00 0.00 0.00 0.00 -27.02 -0.83 -0.00 -0.00 -0.00 0.00 -0.00 -0.00 -0.00 -8.38 -149.79 -23.10 -1.52 -0.71 -0.00 -0.00 -1.32 -0.19 -1.93 -70.40 -331.54 -99.32 -19.41 -17.31 -0.94 -0.10 -20.22 -7.91 -25.40 -195.54 -538.29 -229.41 -75.90 -78.24 -12.10 -3.20 -83.49 -46.81 -95.89 -360.69
