0.00 0.00 0.00 0.00 0.00 0.00 0.00 0.00 0.00 0.00 -142.57 -7.97 -0.03 -0.00 -0.00 0.00 -0.02 -0.01 -0.04 -20.12 -716.36 -173.87 -13.76 -17.35 -0.80 -0.01 -22.43 -26.72 -28.53 -243.70 -1503.93 -626.65 -147.58 -206.28 -37.38 -4.23 -228.01 -267.76 -224.21 -807.51 -2365.41 -1302.33 -509.59 -657.73 -226.81 -72.37 -698.45 -774.42 -645.45 -1562.57
0.00 0.00 0.00 0.00 0.00 0.00 0.00 0.00 0.00 0.00 -157.68 -9.45 -0.06 -0.01 -0.00 0.00 -0.06 -0.00 -0.11 -72.50 -737.95 -184.56 -21.85 -18.26 -1.43 -0.04 -34.39 -17.81 -41.48 -406.31 -1502.38 -646.24 -200.06 -204.29 -54.63 -8.41 -272.88 -206.90 -295.16 -964.18 -2324.97 -1313.40 -619.09 -652.77 -287.28 -97.96 -736.95 -664.49 -780.87 -1691.08
0.00 0.00 0.00 0.00 0.00 0.00 0.00 0.00 0.00 0.00 -90.32 -3.17 -0.01 -0.00 0.00 0.00 -0.00 -0.00 -0.00 -10.58 -482.04 -82.55 -5.87 -2.07 -0.09 -0.00 -3.54 -8.08 -5.23 -122.66 -1045.19 -337.97 -64.42 -47.44 -11.99 -0.53 -67.92 -114.10 -77.42 -463.84 -1675.94 -760.31 -250.88 -223.04 -95.44 -15.04 -280.30 -395.93 -299.47 -967.37
0.00 0.00 0.00 0.00 0.00 0.00 0.00 0.00 0.00 0.00 -86.82 -3.46 -0.02 -0.00 0.00 0.00 -0.00 -0.00 -0.01 -34.38 -458.40 -87.20 -11.11 -2.59 -0.11 -0.00 -3.29 -3.48 -14.71 -230.40 -987.28 -350.41 -104.56 -51.11 -11.04 -1.37 -62.20 -82.22 -131.71 -589.49 -1575.87 -764.97 -333.63 -230.65 -87.59 -22.88 -266.53 -328.59 -412.45 -1068.05
0.00 0.00 0.00 0.00 0.00 0.00 0.00 0.00 0.00 0.00 -74.70 -3.63 -0.02 -0.00 -0.00 0.00 -0.01 -0.00 -0.00 -7.16 -384.12 -83.11 -9.47 -7.14 -0.18 -0.00 -8.55 -12.87 -8.13 -121.56 -815.71 -315.38 -92.37 -92.98 -12.79 -1.42 -90.66 -129.28 -94.36 -415.14 -1291.07 -668.51 -303.70 -309.84 -89.63 -24.23 -299.50 -379.88 -307.40 -819.49
0.00 0.00 0.00 0.00 0.00 0.00 0.00 0.00 0.00 0.00 -82.93 -4.81 -0.04 -0.00 -0.00 -0.00 -0.02 -0.00 -0.14 -11.26 -396.75 -98.85 -11.80 -11.77 -0.66 -0.01 -13.34 -1.92 -49.57 -131.67 -817.34 -349.73 -99.27 -127.41 -28.58 -3.51 -122.38 -42.51 -266.96 -418.65 -1273.84 -715.06 -316.30 -390.80 -151.52 -44.06 -376.97 -189.73 -617.18 -806.63
0.00 0.00 0.00 0.00 0.00 0.00 0.00 0.00 0.00 0.00 -61.61 -4.18 -0.04 -0.01 -0.00 -0.00 -0.03 -0.01 -0.01 -6.44 -285.27 -75.58 -12.67 -14.86 -1.17 -0.03 -12.66 -17.86 -10.95 -106.67 -579.68 -255.28 -96.80 -121.39 -30.93 -5.05 -101.54 -129.74 -98.75 -329.79 -895.27 -511.28 -275.39 -328.86 -149.70 -57.07 -292.33 -341.04 -286.43 -615.21
0.00 0.00 0.00 0.00 0.00 0.00 0.00 0.00 0.00 0.00 -58.62 -4.76 -0.30 -0.03 -0.00 0.00 -0.06 -0.02 -0.02 -7.38 -271.35 -79.99 -27.28 -28.03 -1.84 -0.12 -24.19 -21.42 -11.71 -112.72 -546.62 -261.44 -135.23 -165.28 -40.27 -12.55 -148.76 -133.72 -98.88 -332.03 -839.53 -511.01 -328.99 -391.29 -167.49 -85.12 -364.41 -341.29 -281.45 -603.44
0.00 0.00 0.00 0.00 0.00 0.00 0.00 0.00 0.00 0.00 -58.62 -4.76 -0.30 -0.03 -0.00 0.00 -0.06 -0.02 -0.02 -7.38 -271.35 -79.99 -27.28 -28.03 -1.84 -0.12 -24.19 -21.42 -11.71 -112.72 -546.62 -261.44 -135.23 -165.28 -40.27 -12.55 -148.76 -133.72 -98.88 -332.03 -839.53 -511.01 -328.99 -391.29 -167.49 -85.12 -364.41 -341.29 -281.45 -603.44
0.00 0.00 0.00 0.00 0.00 0.00 0.00 0.00 0.00 0.00 -56.48 -4.80 -0.09 -0.02 -0.00 -0.00 -0.08 -0.00 -0.78 -6.69 -256.10 -78.63 -18.82 -21.45 -1.15 -0.30 -16.50 -3.58 -63.31 -95.48 -510.88 -253.31 -119.82 -155.06 -31.14 -17.12 -109.55 -45.85 -234.59 -285.28 -780.36 -487.12 -304.65 -378.00 -140.82 -104.94 -292.66 -168.82 -467.98 -528.28
0.00 0.00 0.00 0.00 0.00 0.00 0.00 0.00 0.00 0.00 -56.48 -4.80 -0.09 -0.02 -0.00 -0.00 -0.08 -0.00 -0.78 -6.69 -256.10 -78.63 -18.82 -21.45 -1.15 -0.30 -16.50 -3.58 -63.31 -95.48 -510.88 -253.31 -119.82 -155.06 -31.14 -17.12 -109.55 -45.85 -234.59 -285.28 -780.36 -487.12 -304.65 -378.00 -140.82 -104.94 -292.66 -168.82 -467.98 -528.28
0.00 0.00 0.00 0.00 0.00 0.00 0.00 0.00 0.00 0.00 -56.48 -4.80 -0.09 -0.02 -0.00 -0.00 -0.08 -0.00 -0.78 -6.69 -256.10 -78.63 -18.82 -21.45 -1.15 -0.30 -16.50 -3.58 -63.31 -95.48 -510.88 -253.31 -119.82 -155.06 -31.14 -17.12 -109.55 -45.85 -234.59 -285.28 -780.36 -487.12 -304.65 -378.00 -140.82 -104.94 -292.66 -168.82 -467.98 -528.28
0.00 0.00 0.00 0.00 0.00 0.00 0.00 0.00 0.00 0.00 -56.48 -4.80 -0.09 -0.02 -0.00 -0.00 -0.08 -0.00 -0.78 -6.69 -256.10 -78.63 -18.82 -21.45 -1.15 -0.30 -16.50 -3.58 -63.31 -95.48 -510.88 -253.31 -119.82 -155.06 -31.14 -17.12 -109.55 -45.85 -234.59 -285.28 -780.36 -487.12 -304.65 -378.00 -140.82 -104.94 -292.66 -168.82 -467.98 -528.28
0.00 0.00 0.00 0.00 0.00 0.00 0.00 0.00 0.00 0.00 -46.59 -3.04 -0.01 -0.00 -0.00 -0.00 -0.01 -0.00 -0.01 -4.02 -225.83 -60.85 -6.68 -4.01 -0.28 -0.00 -7.48 -9.91 -5.99 -76.96 -467.37 -211.40 -58.45 -53.03 -13.40 -1.97 -71.85 -90.06 -61.15 -250.38 -730.53 -425.30 -181.28 -179.79 -78.50 -26.09 -217.21 -256.96 -195.30 -481.75
0.00 0.00 0.00 0.00 0.00 0.00 0.00 0.00 0.00 0.00 -30.86 -1.01 -0.00 -0.00 -0.00 0.00 -0.00 -0.00 -0.00 -2.18 -169.54 -27.51 -0.72 -0.78 -0.00 -0.00 -1.65 -1.06 -0.89 -41.69 -373.31 -117.46 -14.53 -18.84 -1.11 -0.18 -26.01 -21.81 -19.70 -161.10 -604.17 -269.93 -68.94 -88.70 -13.55 -5.13 -104.05 -93.34 -88.50 -341.01
0.00 0.00 0.00 0.00 0.00 0.00 0.00 0.00 0.00 0.00 -30.86 -1.01 -0.00 -0.00 -0.00 0.00 -0.00 -0.00 -0.00 -2.18 -169.54 -27.51 -0.72 -0.78 -0.00 -0.00 -1.65 -1.06 -0.89 -41.69 -373.31 -117.46 -14.53 -18.84 -1.11 -0.18 -26.01 -21.81 -19.70 -161.10 -604.17 -269.93 -68.94 -88.70 -13.55 -5.13 -104.05 -93.34 -88.50 -341.01
0.00 0.00 0.00 0.00 0.00 0.00 0.00 0.00 0.00 0.00 -30.86 -1.01 -0.00 -0.00 -0.00 0.00 -0.00 -0.00 -0.00 -2.18 -169.54 -27.51 -0.72 -0.78 -0.00 -0.00 -1.65 -1.06 -0.89 -41.69 -373.31 -117.46 -14.53 -18.84 -1.11 -0.18 -26.01 -21.81 -19.70 -161.10 -604.17 -269.93 -68.94 -88.70 -13.55 -5.13 -104.05 -93.34 -88.50 -341.01
0.00 0.00 0.00 0.00 0.00 0.00 0.00 0.00 0.00 0.00 -26.93 -0.83 -0.00 -0.00 -0.00 0.00 -0.00 -0.00 -0.00 -8.31 -149.45 -22.94 -1.49 -0.53 -0.00 -0.00 -1.34 -0.28 -2.04 -70.04 -331.00 -98.80 -19.12 -12.32 -0.93 -0.09 -21.57 -10.18 -26.90 -194.69 -537.62 -228.44 -75.12 -61.40 -12.29 -3.06 -83.53 -56.82 -99.44 -359.51
0.00 0.00 0.00 0.00 0.00 0.00 0.00 0.00 0.00 0.00 -26.93 -0.83 -0.00 -0.00 -0.00 0.00 -0.00 -0.00 -0.00 -8.31 -149.45 -22.94 -1.49 -0.53 -0.00 -0.00 -1.34 -0.28 -2.04 -70.04 -331.00 -98.80 -19.12 -12.32 -0.93 -0.09 -21.57 -10.18 -26.90 -194.69 -537.62 -228.44 -75.12 -61.40 -12.29 -3.06 -83.53 -56.82 -99.44 -359.51
0.00 0.00 0.00 0.00 0.00 0.00 0.00 0.00 0.00 0.00 -26.93 -0.83 -0.00 -0.00 -0.00 0.00 -0.00 -0.00 -0.00 -8.31 -149.45 -22.94 -1.49 -0.53 -0.00 -0.00 -1.34 -0.28 -2.04 -70.04 -331.00 -98.80 -19.12 -12.32 -0.93 -0.09 -21.57 -10.18 -26.90 -194.69 -537.62 -228.44 -75.12 -61.40 -12.29 -3.06 -83.53 -56.82 -99.44 -359.51
0.00 0.00 0.00 0.00 0.00 0.00 0.00 0.00 0.00 0.00 -26.93 -0.83 -0.00 -0.00 -0.00 0.00 -0.00 -0.00 -0.00 -8.31 -149.45 -22.94 -1.49 -0.53 -0.00 -0.00 -1.34 -0.28 -2.04 -70.04 -331.00 -98.80 -19.12 -12.32 -0.93 -0.09 -21.57 -10.18 -26.90 -194.69 -537.62 -228.44 -75.12 -61.40 -12.29 -3.06 -83.53 -56.82 -99.44 -359.51
0.00 0.00 0.00 0.00 0.00 0.00 0.00 0.00 0.00 0.00 -26.93 -0.83 -0.00 -0.00 -0.00 0.00 -0.00 -0.00 -0.00 -8.31 -149.45 -22.94 -1.49 -0.53 -0.00 -0.00 -1.34 -0.28 -2.04 -70.04 -331.00 -98.80 -19.12 -12.32 -0.93 -0.09 -21.57 -10.18 -26.90 -194.69 -537.62 -228.44 -75.12 -61.40 -12.29 -3.06 -83.53 -56.82 -99.44 -359.51
0.00 0.00 0.00 0.00 0.00 0.00 0.00 0.00 0.00 0.00 -26.93 -0.83 -0.00 -0.00 -0.00 0.00 -0.00 -0.00 -0.00 -8.31 -149.45 -22.94 -1.49 -0.53 -0.00 -0.00 -1.34 -0.28 -2.04 -70.04 -331.00 -98.80 -19.12 -12.32 -0.93 -0.09 -21.57 -10.18 -26.90 -194.69 -537.62 -228.44 -75.12 -61.40 -12.29 -3.06 -83.53 -56.82 -99.44 -359.51
0.00 0.00 0.00 0.00 0.00 0.00 0.00 0.00 0.00 0.00 -26.93 -0.83 -0.00 -0.00 -0.00 0.00 -0.00 -0.00 -0.00 -8.31 -149.45 -22.94 -1.49 -0.53 -0.00 -0.00 -1.34 -0.28 -2.04 -70.04 -331.00 -98.80 -19.12 -12.32 -0.93 -0.09 -21.57 -10.18 -26.90 -194.69 -537.62 -228.44 -75.12 -61.40 -12.29 -3.06 -83.53 -56.82 -99.44 -359.51
0.00 0.00 0.00 0.00 0.00 0.00 0.00 0.00 0.00 0.00 -26.93 -0.83 -0.00 -0.00 -0.00 0.00 -0.00 -0.00 -0.00 -8.31 -149.45 -22.94 -1.49 -0.53 -0.00 -0.00 -1.34 -0.28 -2.04 -70.04 -331.00 -98.80 -19.12 -12.32 -0.93 -0.09 -21.57 -10.18 -26.90 -194.69 -537.62 -228.44 -75.12 -61.40 -12.29 -3.06 -83.53 -56.82 -99.44 -359.51
0.00 0.00 0.00 0.00 0.00 0.00 0.00 0.00 0.00 0.00 -26.93 -0.83 -0.00 -0.00 -0.00 0.00 -0.00 -0.00 -0.00 -8.31 -149.45 -22.94 -1.49 -0.53 -0.00 -0.00 -1.34 -0.28 -2.04 -70.04 -331.00 -98.80 -19.12 -12.32 -0.93 -0.09 -21.57 -10.18 -26.90 -194.69 -537.62 -228.44 -75.12 -61.40 -12.29 -3.06 -83.53 -56.82 -99.44 -359.51
0.00 0.00 0.00 0.00 0.00 0.00 0.00 0.00 0.00 0.00 -26.93 -0.83 -0.00 -0.00 -0.00 0.00 -0.00 -0.00 -0.00 -8.31 -149.45 -22.94 -1.49 -0.53 -0.00 -0.00 -1.34 -0.28 -2.04 -70.04 -331.00 -98.80 -19.12 -12.32 -0.93 -0.09 -21.57 -10.18 -26.90 -194.69 -537.62 -228.44 -75.12 -61.40 -12.29 -3.06 -83.53 -56.82 -99.44 -359.51
0.00 0.00 0.00 0.00 0.00 0.00 0.00 0.00 0.00 0.00 -26.93 -0.83 -0.00 -0.00 -0.00 0.00 -0.00 -0.00 -0.00 -8.31 -149.45 -22.94 -1.49 -0.53 -0.00 -0.00 -1.34 -0.28 -2.04 -70.04 -331.00 -98.80 -19.12 -12.32 -0.93 -0.09 -21.57 -10.18 -26.90 -194.69 -537.62 -228.44 -75.12 -61.40 -12.29 -3.06 -83.53 -56.82 -99.44 -359.51
0.00 0.00 0.00 0.00 0.00 0.00 0.00 0.00 0.00 0.00 -26.93 -0.83 -0.00 -0.00 -0.00 0.00 -0.00 -0.00 -0.00 -8.31 -149.45 -22.94 -1.49 -0.53 -0.00 -0.00 -1.34 -0.28 -2.04 -70.04 -331.00 -98.80 -19.12 -12.32 -0.93 -0.09 -21.57 -10.18 -26.90 -194.69 -537.62 -228.44 -75.12 -61.40 -12.29 -3.06 -83.53 -56.82 -99.44 -359.51
0.00 0.00 0.00 0.00 0.00 0.00 0.00 0.00 0.00 0.00 -26.93 -0.83 -0.00 -0.00 -0.00 0.00 -0.00 -0.00 -0.00 -8.31 -149.45 -22.94 -1.49 -0.53 -0.00 -0.00 -1.34 -0.28 -2.04 -70.04 -331.00 -98.80 -19.12 -12.32 -0.93 -0.09 -21.57 -10.18 -26.90 -194.69 -537.62 -228.44 -75.12 -61.40 -12.29 -3.06 -83.53 -56.82 -99.44 -359.51
0.00 0.00 0.00 0.00 0.00 0.00 0.00 0.00 0.00 0.00 -26.93 -0.83 -0.00 -0.00 -0.00 0.00 -0.00 -0.00 -0.00 -8.31 -149.45 -22.94 -1.49 -0.53 -0.00 -0.00 -1.34 -0.28 -2.04 -70.04 -331.00 -98.80 -19.12 -12.32 -0.93 -0.09 -21.57 -10.18 -26.90 -194.69 -537.62 -228.44 -75.12 -61.40 -12.29 -3.06 -83.53 -56.82 -99.44 -359.51
0.00 0.00 0.00 0.00 0.00 0.00 0.00 0.00 0.00 0.00 -26.93 -0.83 -0.00 -0.00 -0.00 0.00 -0.00 -0.00 -0.00 -8.31 -149.45 -22.94 -1.49 -0.53 -0.00 -0.00 -1.34 -0.28 -2.04 -70.04 -331.00 -98.80 -19.12 -12.32 -0.93 -0.09 -21.57 -10.18 -26.90 -194.69 -537.62 -228.44 -75.12 -61.40 -12.29 -3.06 -83.53 -56.82 -99.44 -359.51
0.00 0.00 0.00 0.00 0.00 0.00 0.00 0.00 0.00 0.00 -26.93 -0.83 -0.00 -0.00 -0.00 0.00 -0.00 -0.00 -0.00 -8.31 -149.45 -22.94 -1.49 -0.53 -0.00 -0.00 -1.34 -0.28 -2.04 -70.04 -331.00 -98.80 -19.12 -12.32 -0.93 -0.09 -21.57 -10.18 -26.90 -194.69 -537.62 -228.44 -75.12 -61.40 -12.29 -3.06 -83.53 -56.82 -99.44 -359.51
0.00 0.00 0.00 0.00 0.00 0.00 0.00 0.00 0.00 0.00 -26.93 -0.83 -0.00 -0.00 -0.00 0.00 -0.00 -0.00 -0.00 -8.31 -149.45 -22.94 -1.49 -0.53 -0.00 -0.00 -1.34 -0.28 -2.04 -70.04 -331.00 -98.80 -19.12 -12.32 -0.93 -0.09 -21.57 -10.18 -26.90 -194.69 -537.62 -228.44 -75.12 -61.40 -12.29 -3.06 -83.53 -56.82 -99.44 -359.51
0.00 0.00 0.00 0.00 0.00 0.00 0.00 0.00 0.00 0.00 -26.93 -0.83 -0.00 -0.00 -0.00 0.00 -0.00 -0.00 -0.00 -8.31 -149.45 -22.94 -1.49 -0.53 -0.00 -0.00 -1.34 -0.28 -2.04 -70.04 -331.00 -98.80 -19.12 -12.32 -0.93 -0.09 -21.57 -10.18 -26.90 -194.69 -537.62 -228.44 -75.12 -61.40 -12.29 -3.06 -83.53 -56.82 -99.44 -359.51
0.00 0.00 0.00 0.00 0.00 0.00 0.00 0.00 0.00 0.00 -26.93 -0.83 -0.00 -0.00 -0.00 0.00 -0.00 -0.00 -0.00 -8.31 -149.45 -22.94 -1.49 -0.53 -0.00 -0.00 -1.34 -0.28 -2.04 -70.04 -331.00 -98.80 -19.12 -12.32 -0.93 -0.09 -21.57 -10.18 -26.90 -194.69 -537.62 -228.44 -75.12 -61.40 -12.29 -3.06 -83.53 -56.82 -99.44 -359.51
0.00 0.00 0.00 0.00 0.00 0.00 0.00 0.00 0.00 0.00 -26.93 -0.83 -0.00 -0.00 -0.00 0.00 -0.00 -0.00 -0.00 -8.31 -149.45 -22.94 -1.49 -0.53 -0.00 -0.00 -1.34 -0.28 -2.04 -70.04 -331.00 -98.80 -19.12 -12.32 -0.93 -0.09 -21.57 -10.18 -26.90 -194.69 -537.62 -228.44 -75.12 -61.40 -12.29 -3.06 -83.53 -56.82 -99.44 -359.51
0.00 0.00 0.00 0.00 0.00 0.00 0.00 0.00 0.00 0.00 -26.93 -0.83 -0.00 -0.00 -0.00 0.00 -0.00 -0.00 -0.00 -8.31 -149.45 -22.94 -1.49 -0.53 -0.00 -0.00 -1.34 -0.28 -2.04 -70.04 -331.00 -98.80 -19.12 -12.32 -0.93 -0.09 -21.57 -10.18 -26.90 -194.69 -537.62 -228.44 -75.12 -61.40 -12.29 -3.06 -83.53 -56.82 -99.44 -359.51
0.00 0.00 0.00 0.00 0.00 0.00 0.00 0.00 0.00 0.00 -26.93 -0.83 -0.00 -0.00 -0.00 0.00 -0.00 -0.00 -0.00 -8.31 -149.45 -22.94 -1.49 -0.53 -0.00 -0.00 -1.34 -0.28 -2.04 -70.04 -331.00 -98.80 -19.12 -12.32 -0.93 -0.09 -21.57 -10.18 -26.90 -194.69 -537.62 -228.44 -75.12 -61.40 -12.29 -3.06 -83.53 -56.82 -99.44 -359.51
0.00 0.00 0.00 0.00 0.00 0.00 0.00 0.00 0.00 0.00 -26.93 -0.83 -0.00 -0.00 -0.00 0.00 -0.00 -0.00 -0.00 -8.31 -149.45 -22.94 -1.49 -0.53 -0.00 -0.00 -1.34 -0.28 -2.04 -70.04 -331.00 -98.80 -19.12 -12.32 -0.93 -0.09 -21.57 -10.18 -26.90 -194.69 -537.62 -228.44 -75.12 -61.40 -12.29 -3.06 -83.53 -56.82 -99.44 -359.51
0.00 0.00 0.00 0.00 0.00 0.00 0.00 0.00 0.00 0.00 -26.93 -0.83 -0.00 -0.00 -0.00 0.00 -0.00 -0.00 -0.00 -8.31 -149.45 -22.94 -1.49 -0.53 -0.00 -0.00 -1.34 -0.28 -2.04 -70.04 -331.00 -98.80 -19.12 -12.32 -0.93 -0.09 -21.57 -10.18 -26.90 -194.69 -537.62 -228.44 -75.12 -61.40 -12.29 -3.06 -83.53 -56.82 -99.44 -359.51
0.00 0.00 0.00 0.00 0.00 0.00 0.00 0.00 0.00 0.00 -26.93 -0.83 -0.00 -0.00 -0.00 0.00 -0.00 -0.00 -0.00 -8.31 -149.45 -22.94 -1.49 -0.53 -0.00 -0.00 -1.34 -0.28 -2.04 -70.04 -331.00 -98.80 -19.12 -12.32 -0.93 -0.09 -21.57 -10.18 -26.90 -194.69 -537.62 -228.44 -75.12 -61.40 -12.29 -3.06 -83.53 -56.82 -99.44 -359.51
0.00 0.00 0.00 0.00 0.00 0.00 0.00 0.00 0.00 0.00 -26.93 -0.83 -0.00 -0.00 -0.00 0.00 -0.00 -0.00 -0.00 -8.31 -149.45 -22.94 -1.49 -0.53 -0.00 -0.00 -1.34 -0.28 -2.04 -70.04 -331.00 -98.80 -19.12 -12.32 -0.93 -0.09 -21.57 -10.18 -26.90 -194.69 -537.62 -228.44 -75.12 -61.40 -12.29 -3.06 -83.53 -56.82 -99.44 -359.51
0.00 0.00 0.00 0.00 0.00 0.00 0.00 0.00 0.00 0.00 -26.93 -0.83 -0.00 -0.00 -0.00 0.00 -0.00 -0.00 -0.00 -8.31 -149.45 -22.94 -1.49 -0.53 -0.00 -0.00 -1.34 -0.28 -2.04 -70.04 -331.00 -98.80 -19.12 -12.32 -0.93 -0.09 -21.57 -10.18 -26.90 -194.69 -537.62 -228.44 -75.12 -61.40 -12.29 -3.06 -83.53 -56.82 -99.44 -359.51
0.00 0.00 0.00 0.00 0.00 0.00 0.00 0.00 0.00 0.00 -26.93 -0.83 -0.00 -0.00 -0.00 0.00 -0.00 -0.00 -0.00 -8.31 -149.45 -22.94 -1.49 -0.53 -0.00 -0.00 -1.34 -0.28 -2.04 -70.04 -331.00 -98.80 -19.12 -12.32 -0.93 -0.09 -21.57 -10.18 -26.90 -194.69 -537.62 -228.44 -75.12 -61.40 -12.29 -3.06 -83.53 -56.82 -99.44 -359.51
0.00 0.00 0.00 0.00 0.00 0.00 0.00 0.00 0.00 0.00 -26.93 -0.83 -0.00 -0.00 -0.00 0.00 -0.00 -0.00 -0.00 -8.31 -149.45 -22.94 -1.49 -0.53 -0.00 -0.00 -1.34 -0.28 -2.04 -70.04 -331.00 -98.80 -19.12 -12.32 -0.93 -0.09 -21.57 -10.18 -26.90 -194.69 -537.62 -228.44 -75.12 -61.40 -12.29 -3.06 -83.53 -56.82 -99.44 -359.51
0.00 0.00 0.00 0.00 0.00 0.00 0.00 0.00 0.00 0.00 -26.93 -0.83 -0.00 -0.00 -0.00 0.00 -0.00 -0.00 -0.00 -8.31 -149.45 -22.94 -1.49 -0.53 -0.00 -0.00 -1.34 -0.28 -2.04 -70.04 -331.00 -98.80 -19.12 -12.32 -0.93 -0.09 -21.57 -10.18 -26.90 -194.69 -537.62 -228.44 -75.12 -61.40 -12.29 -3.06 -83.53 -56.82 -99.44 -359.51
0.00 0.00 0.00 0.00 0.00 0.00 0.00 0.00 0.00 0.00 -26.93 -0.83 -0.00 -0.00 -0.00 0.00 -0.00 -0.00 -0.00 -8.31 -149.45 -22.94 -1.49 -0.53 -0.00 -0.00 -1.34 -0.28 -2.04 -70.04 -331.00 -98.80 -19.12 -12.32 -0.93 -0.09 -21.57 -10.18 -26.90 -194.69 -537.62 -228.44 -75.12 -61.40 -12.29 -3.06 -83.53 -56.82 -99.44 -359.51
0.00 0.00 0.00 0.00 0.00 0.00 0.00 0.00 0.00 0.00 -26.93 -0.83 -0.00 -0.00 -0.00 0.00 -0.00 -0.00 -0.00 -8.31 -149.45 -22.94 -1.49 -0.53 -0.00 -0.00 -1.34 -0.28 -2.04 -70.04 -331.00 -98.80 -19.12 -12.32 -0.93 -0.09 -21.57 -10.18 -26.90 -194.69 -537.62 -228.44 -75.12 -61.40 -12.29 -3.06 -83.53 -56.82 -99.44 -359.51
0.00 0.00 0.00 0.00 0.00 0.00 0.00 0.00 0.00 0.00 -26.93 -0.83 -0.00 -0.00 -0.00 0.00 -0.00 -0.00 -0.00 -8.31 -149.45 -22.94 -1.49 -0.53 -0.00 -0.00 -1.34 -0.28 -2.04 -70.04 -331.00 -98.80 -19.12 -12.32 -0.93 -0.09 -21.57 -10.18 -26.90 -194.69 -537.62 -228.44 -75.12 -61.40 -12.29 -3.06 -83.53 -56.82 -99.44 -359.51
0.00 0.00 0.00 0.00 0.00 0.00 0.00 0.00 0.00 0.00 -26.93 -0.83 -0.00 -0.00 -0.00 0.00 -0.00 -0.00 -0.00 -8.31 -149.45 -22.94 -1.49 -0.53 -0.00 -0.00 -1.34 -0.28 -2.04 -70.04 -331.00 -98.80 -19.12 -12.32 -0.93 -0.09 -21.57 -10.18 -26.90 -194.69 -537.62 -228.44 -75.12 -61.40 -12.29 -3.06 -83.53 -56.82 -99.44 -359.51
0.00 0.00 0.00 0.00 0.00 0.00 0.00 0.00 0.00 0.00 -26.93 -0.83 -0.00 -0.00 -0.00 0.00 -0.00 -0.00 -0.00 -8.31 -149.45 -22.94 -1.49 -0.53 -0.00 -0.00 -1.34 -0.28 -2.04 -70.04 -331.00 -98.80 -19.12 -12.32 -0.93 -0.09 -21.57 -10.18 -26.90 -194.69 -537.62 -228.44 -75.12 -61.40 -12.29 -3.06 -83.53 -56.82 -99.44 -359.51
0.00 0.00 0.00 0.00 0.00 0.00 0.00 0.00 0.00 0.00 -26.93 -0.83 -0.00 -0.00 -0.00 0.00 -0.00 -0.00 -0.00 -8.31 -149.45 -22.94 -1.49 -0.53 -0.00 -0.00 -1.34 -0.28 -2.04 -70.04 -331.00 -98.80 -19.12 -12.32 -0.93 -0.09 -21.57 -10.18 -26.90 -194.69 -537.62 -228.44 -75.12 -61.40 -12.29 -3.06 -83.53 -56.82 -99.44 -359.51
0.00 0.00 0.00 0.00 0.00 0.00 0.00 0.00 0.00 0.00 -26.93 -0.83 -0.00 -0.00 -0.00 0.00 -0.00 -0.00 -0.00 -8.31 -149.45 -22.94 -1.49 -0.53 -0.00 -0.00 -1.34 -0.28 -2.04 -70.04 -331.00 -98.80 -19.12 -12.32 -0.93 -0.09 -21.57 -10.18 -26.90 -194.69 -537.62 -228.44 -75.12 -61.40 -12.29 -3.06 -83.53 -56.82 -99.44 -359.51
0.00 0.00 0.00 0.00 0.00 0.00 0.00 0.00 0.00 0.00 -26.93 -0.83 -0.00 -0.00 -0.00 0.00 -0.00 -0.00 -0.00 -8.31 -149.45 -22.94 -1.49 -0.53 -0.00 -0.00 -1.34 -0.28 -2.04 -70.04 -331.00 -98.80 -19.12 -12.32 -0.93 -0.09 -21.57 -10.18 -26.90 -194.69 -537.62 -228.44 -75.12 -61.40 -12.29 -3.06 -83.53 -56.82 -99.44 -359.51
0.00 0.00 0.00 0.00 0.00 0.00 0.00 0.00 0.00 0.00 -26.93 -0.83 -0.00 -0.00 -0.00 0.00 -0.00 -0.00 -0.00 -8.31 -149.45 -22.94 -1.49 -0.53 -0.00 -0.00 -1.34 -0.28 -2.04 -70.04 -331.00 -98.80 -19.12 -12.32 -0.93 -0.09 -21.57 -10.18 -26.90 -194.69 -537.62 -228.44 -75.12 -61.40 -12.29 -3.06 -83.53 -56.82 -99.44 -359.51
0.00 0.00 0.00 0.00 0.00 0.00 0.00 0.00 0.00 0.00 -26.93 -0.83 -0.00 -0.00 -0.00 0.00 -0.00 -0.00 -0.00 -8.31 -149.45 -22.94 -1.49 -0.53 -0.00 -0.00 -1.34 -0.28 -2.04 -70.04 -331.00 -98.80 -19.12 -12.32 -0.93 -0.09 -21.57 -10.18 -26.90 -194.69 -537.62 -228.44 -75.12 -61.40 -12.29 -3.06 -83.53 -56.82 -99.44 -359.51
0.00 0.00 0.00 0.00 0.00 0.00 0.00 0.00 0.00 0.00 -26.93 -0.83 -0.00 -0.00 -0.00 0.00 -0.00 -0.00 -0.00 -8.31 -149.45 -22.94 -1.49 -0.53 -0.00 -0.00 -1.34 -0.28 -2.04 -70.04 -331.00 -98.80 -19.12 -12.32 -0.93 -0.09 -21.57 -10.18 -26.90 -194.69 -537.62 -228.44 -75.12 -61.40 -12.29 -3.06 -83.53 -56.82 -99.44 -359.51
0.00 0.00 0.00 0.00 0.00 0.00 0.00 0.00 0.00 0.00 -26.93 -0.83 -0.00 -0.00 -0.00 0.00 -0.00 -0.00 -0.00 -8.31 -149.45 -22.94 -1.49 -0.53 -0.00 -0.00 -1.34 -0.28 -2.04 -70.04 -331.00 -98.80 -19.12 -12.32 -0.93 -0.09 -21.57 -10.18 -26.90 -194.69 -537.62 -228.44 -75.12 -61.40 -12.29 -3.06 -83.53 -56.82 -99.44 -359.51
0.00 0.00 0.00 0.00 0.00 0.00 0.00 0.00 0.00 0.00 -26.93 -0.83 -0.00 -0.00 -0.00 0.00 -0.00 -0.00 -0.00 -8.31 -149.45 -22.94 -1.49 -0.53 -0.00 -0.00 -1.34 -0.28 -2.04 -70.04 -331.00 -98.80 -19.12 -12.32 -0.93 -0.09 -21.57 -10.18 -26.90 -194.69 -537.62 -228.44 -75.12 -61.40 -12.29 -3.06 -83.53 -56.82 -99.44 -359.51
0.00 0.00 0.00 0.00 0.00 0.00 0.00 0.00 0.00 0.00 -37.62 -1.77 -0.01 -0.00 -0.00 0.00 -0.00 -0.00 -0.00 -3.14 -192.87 -39.96 -5.17 -2.21 -0.14 -0.00 -5.00 -6.45 -3.81 -61.61 -409.00 -153.50 -48.64 -34.84 -9.25 -0.68 -54.41 -65.03 -46.83 -210.02 -646.91 -330.34 -155.01 -133.13 -63.70 -11.86 -173.05 -196.82 -157.91 -413.87
0.00 0.00 0.00 0.00 0.00 0.00 0.00 0.00 0.00 0.00 -37.62 -1.77 -0.01 -0.00 -0.00 0.00 -0.00 -0.00 -0.00 -3.14 -192.87 -39.96 -5.17 -2.21 -0.14 -0.00 -5.00 -6.45 -3.81 -61.61 -409.00 -153.50 -48.64 -34.84 -9.25 -0.68 -54.41 -65.03 -46.83 -210.02 -646.91 -330.34 -155.01 -133.13 -63.70 -11.86 -173.05 -196.82 -157.91 -413.87
0.00 0.00 0.00 0.00 0.00 0.00 0.00 0.00 0.00 0.00 -37.62 -1.77 -0.01 -0.00 -0.00 0.00 -0.00 -0.00 -0.00 -3.14 -192.87 -39.96 -5.17 -2.21 -0.14 -0.00 -5.00 -6.45 -3.81 -61.61 -409.00 -153.50 -48.64 -34.84 -9.25 -0.68 -54.41 -65.03 -46.83 -210.02 -646.91 -330.34 -155.01 -133.13 -63.70 -11.86 -173.05 -196.82 -157.91 -413.87
0.00 0.00 0.00 0.00 0.00 0.00 0.00 0.00 0.00 0.00 -37.62 -1.77 -0.01 -0.00 -0.00 0.00 -0.00 -0.00 -0.00 -3.14 -192.87 -39.96 -5.17 -2.21 -0.14 -0.00 -5.00 -6.45 -3.81 -61.61 -409.00 -153.50 -48.64 -34.84 -9.25 -0.68 -54.41 -65.03 -46.83 -210.02 -646.91 -330.34 -155.01 -133.13 -63.70 -11.86 -173.05 -196.82 -157.91 -413.87
0.00 0.00 0.00 0.00 0.00 0.00 0.00 0.00 0.00 0.00 -37.62 -1.77 -0.01 -0.00 -0.00 0.00 -0.00 -0.00 -0.00 -3.14 -192.87 -39.96 -5.17 -2.21 -0.14 -0.00 -5.00 -6.45 -3.81 -61.61 -409.00 -153.50 -48.64 -34.84 -9.25 -0.68 -54.41 -65.03 -46.83 -210.02 -646.91 -330.34 -155.01 -133.13 -63.70 -11.86 -173.05 -196.82 -157.91 -413.87
0.00 0.00 0.00 0.00 0.00 0.00 0.00 0.00 0.00 0.00 -37.62 -1.77 -0.01 -0.00 -0.00 0.00 -0.00 -0.00 -0.00 -3.14 -192.87 -39.96 -5.17 -2.21 -0.14 -0.00 -5.00 -6.45 -3.81 -61.61 -409.00 -153.50 -48.64 -34.84 -9.25 -0.68 -54.41 -65.03 -46.83 -210.02 -646.91 -330.34 -155.01 -133.13 -63.70 -11.86 -173.05 -196.82 -157.91 -413.87
0.00 0.00 0.00 0.00 0.00 0.00 0.00 0.00 0.00 0.00 -37.62 -1.77 -0.01 -0.00 -0.00 0.00 -0.00 -0.00 -0.00 -3.14 -192.87 -39.96 -5.17 -2.21 -0.14 -0.00 -5.00 -6.45 -3.81 -61.61 -409.00 -153.50 -48.64 -34.84 -9.25 -0.68 -54.41 -65.03 -46.83 -210.02 -646.91 -330.34 -155.01 -133.13 -63.70 -11.86 -173.05 -196.82 -157.91 -413.87
0.00 0.00 0.00 0.00 0.00 0.00 0.00 0.00 0.00 0.00 -37.62 -1.77 -0.01 -0.00 -0.00 0.00 -0.00 -0.00 -0.00 -3.14 -192.87 -39.96 -5.17 -2.21 -0.14 -0.00 -5.00 -6.45 -3.81 -61.61 -409.00 -153.50 -48.64 -34.84 -9.25 -0.68 -54.41 -65.03 -46.83 -210.02 -646.91 -330.34 -155.01 -133.13 -63.70 -11.86 -173.05 -196.82 -157.91 -413.87
0.00 0.00 0.00 0.00 0.00 0.00 0.00 0.00 0.00 0.00 -37.62 -1.77 -0.01 -0.00 -0.00 0.00 -0.00 -0.00 -0.00 -3.14 -192.87 -39.96 -5.17 -2.21 -0.14 -0.00 -5.00 -6.45 -3.81 -61.61 -409.00 -153.50 -48.64 -34.84 -9.25 -0.68 -54.41 -65.03 -46.83 -210.02 -646.91 -330.34 -155.01 -133.13 -63.70 -11.86 -173.05 -196.82 -157.91 -413.87
0.00 0.00 0.00 0.00 0.00 0.00 0.00 0.00 0.00 0.00 -37.62 -1.77 -0.01 -0.00 -0.00 0.00 -0.00 -0.00 -0.00 -3.14 -192.87 -39.96 -5.17 -2.21 -0.14 -0.00 -5.00 -6.45 -3.81 -61.61 -409.00 -153.50 -48.64 -34.84 -9.25 -0.68 -54.41 -65.03 -46.83 -210.02 -646.91 -330.34 -155.01 -133.13 -63.70 -11.86 -173.05 -196.82 -157.91 -413.87
0.00 0.00 0.00 0.00 0.00 0.00 0.00 0.00 0.00 0.00 -37.62 -1.77 -0.01 -0.00 -0.00 0.00 -0.00 -0.00 -0.00 -3.14 -192.87 -39.96 -5.17 -2.21 -0.14 -0.00 -5.00 -6.45 -3.81 -61.61 -409.00 -153.50 -48.64 -34.84 -9.25 -0.68 -54.41 -65.03 -46.83 -210.02 -646.91 -330.34 -155.01 -133.13 -63.70 -11.86 -173.05 -196.82 -157.91 -413.87
0.00 0.00 0.00 0.00 0.00 0.00 0.00 0.00 0.00 0.00 -37.62 -1.77 -0.01 -0.00 -0.00 0.00 -0.00 -0.00 -0.00 -3.14 -192.87 -39.96 -5.17 -2.21 -0.14 -0.00 -5.00 -6.45 -3.81 -61.61 -409.00 -153.50 -48.64 -34.84 -9.25 -0.68 -54.41 -65.03 -46.83 -210.02 -646.91 -330.34 -155.01 -133.13 -63.70 -11.86 -173.05 -196.82 -157.91 -413.87
0.00 0.00 0.00 0.00 0.00 0.00 0.00 0.00 0.00 0.00 -37.62 -1.77 -0.01 -0.00 -0.00 0.00 -0.00 -0.00 -0.00 -3.14 -192.87 -39.96 -5.17 -2.21 -0.14 -0.00 -5.00 -6.45 -3.81 -61.61 -409.00 -153.50 -48.64 -34.84 -9.25 -0.68 -54.41 -65.03 -46.83 -210.02 -646.91 -330.34 -155.01 -133.13 -63.70 -11.86 -173.05 -196.82 -157.91 -413.87
0.00 0.00 0.00 0.00 0.00 0.00 0.00 0.00 0.00 0.00 -37.62 -1.77 -0.01 -0.00 -0.00 0.00 -0.00 -0.00 -0.00 -3.14 -192.87 -39.96 -5.17 -2.21 -0.14 -0.00 -5.00 -6.45 -3.81 -61.61 -409.00 -153.50 -48.64 -34.84 -9.25 -0.68 -54.41 -65.03 -46.83 -210.02 -646.91 -330.34 -155.01 -133.13 -63.70 -11.86 -173.05 -196.82 -157.91 -413.87
0.00 0.00 0.00 0.00 0.00 0.00 0.00 0.00 0.00 0.00 -37.62 -1.77 -0.01 -0.00 -0.00 0.00 -0.00 -0.00 -0.00 -3.14 -192.87 -39.96 -5.17 -2.21 -0.14 -0.00 -5.00 -6.45 -3.81 -61.61 -409.00 -153.50 -48.64 -34.84 -9.25 -0.68 -54.41 -65.03 -46.83 -210.02 -646.91 -330.34 -155.01 -133.13 -63.70 -11.86 -173.05 -196.82 -157.91 -413.87
0.00 0.00 0.00 0.00 0.00 0.00 0.00 0.00 0.00 0.00 -37.62 -1.77 -0.01 -0.00 -0.00 0.00 -0.00 -0.00 -0.00 -3.14 -192.87 -39.96 -5.17 -2.21 -0.14 -0.00 -5.00 -6.45 -3.81 -61.61 -409.00 -153.50 -48.64 -34.84 -9.25 -0.68 -54.41 -65.03 -46.83 -210.02 -646.91 -330.34 -155.01 -133.13 -63.70 -11.86 -173.05 -196.82 -157.91 -413.87
0.00 0.00 0.00 0.00 0.00 0.00 0.00 0.00 0.00 0.00 -37.62 -1.77 -0.01 -0.00 -0.00 0.00 -0.00 -0.00 -0.00 -3.14 -192.87 -39.96 -5.17 -2.21 -0.14 -0.00 -5.00 -6.45 -3.81 -61.61 -409.00 -153.50 -48.64 -34.84 -9.25 -0.68 -54.41 -65.03 -46.83 -210.02 -646.91 -330.34 -155.01 -133.13 -63.70 -11.86 -173.05 -196.82 -157.91 -413.87
0.00 0.00 0.00 0.00 0.00 0.00 0.00 0.00 0.00 0.00 -37.62 -1.77 -0.01 -0.00 -0.00 0.00 -0.00 -0.00 -0.00 -3.14 -192.87 -39.96 -5.17 -2.21 -0.14 -0.00 -5.00 -6.45 -3.81 -61.61 -409.00 -153.50 -48.64 -34.84 -9.25 -0.68 -54.41 -65.03 -46.83 -210.02 -646.91 -330.34 -155.01 -133.13 -63.70 -11.86 -173.05 -196.82 -157.91 -413.87
0.00 0.00 0.00 0.00 0.00 0.00 0.00 0.00 0.00 0.00 -37.62 -1.77 -0.01 -0.00 -0.00 0.00 -0.00 -0.00 -0.00 -3.14 -192.87 -39.96 -5.17 -2.21 -0.14 -0.00 -5.00 -6.45 -3.81 -61.61 -409.00 -153.50 -48.64 -34.84 -9.25 -0.68 -54.41 -65.03 -46.83 -210.02 -646.91 -330.34 -155.01 -133.13 -63.70 -11.86 -173.05 -196.82 -157.91 -413.87
0.00 0.00 0.00 0.00 0.00 0.00 0.00 0.00 0.00 0.00 -37.62 -1.77 -0.01 -0.00 -0.00 0.00 -0.00 -0.00 -0.00 -3.14 -192.87 -39.96 -5.17 -2.21 -0.14 -0.00 -5.00 -6.45 -3.81 -61.61 -409.00 -153.50 -48.64 -34.84 -9.25 -0.68 -54.41 -65.03 -46.83 -210.02 -646.91 -330.34 -155.01 -133.13 -63.70 -11.86 -173.05 -196.82 -157.91 -413.87
0.00 0.00 0.00 0.00 0.00 0.00 0.00 0.00 0.00 0.00 -37.62 -1.77 -0.01 -0.00 -0.00 0.00 -0.00 -0.00 -0.00 -3.14 -192.87 -39.96 -5.17 -2.21 -0.14 -0.00 -5.00 -6.45 -3.81 -61.61 -409.00 -153.50 -48.64 -34.84 -9.25 -0.68 -54.41 -65.03 -46.83 -210.02 -646.91 -330.34 -155.01 -133.13 -63.70 -11.86 -173.05 -196.82 -157.91 -413.87
0.00 0.00 0.00 0.00 0.00 0.00 0.00 0.00 0.00 0.00 -37.62 -1.77 -0.01 -0.00 -0.00 0.00 -0.00 -0.00 -0.00 -3.14 -192.87 -39.96 -5.17 -2.21 -0.14 -0.00 -5.00 -6.45 -3.81 -61.61 -409.00 -153.50 -48.64 -34.84 -9.25 -0.68 -54.41 -65.03 -46.83 -210.02 -646.91 -330.34 -155.01 -133.13 -63.70 -11.86 -173.05 -196.82 -157.91 -413.87
0.00 0.00 0.00 0.00 0.00 0.00 0.00 0.00 0.00 0.00 -37.62 -1.77 -0.01 -0.00 -0.00 0.00 -0.00 -0.00 -0.00 -3.14 -192.87 -39.96 -5.17 -2.21 -0.14 -0.00 -5.00 -6.45 -3.81 -61.61 -409.00 -153.50 -48.64 -34.84 -9.25 -0.68 -54.41 -65.03 -46.83 -210.02 -646.91 -330.34 -155.01 -133.13 -63.70 -11.86 -173.05 -196.82 -157.91 -413.87
0.00 0.00 0.00 0.00 0.00 0.00 0.00 0.00 0.00 0.00 -37.62 -1.77 -0.01 -0.00 -0.00 0.00 -0.00 -0.00 -0.00 -3.14 -192.87 -39.96 -5.17 -2.21 -0.14 -0.00 -5.00 -6.45 -3.81 -61.61 -409.00 -153.50 -48.64 -34.84 -9.25 -0.68 -54.41 -65.03 -46.83 -210.02 -646.91 -330.34 -155.01 -133.13 -63.70 -11.86 -173.05 -196.82 -157.91 -413.87
0.00 0.00 0.00 0.00 0.00 0.00 0.00 0.00 0.00 0.00 -37.62 -1.77 -0.01 -0.00 -0.00 0.00 -0.00 -0.00 -0.00 -3.14 -192.87 -39.96 -5.17 -2.21 -0.14 -0.00 -5.00 -6.45 -3.81 -61.61 -409.00 -153.50 -48.64 -34.84 -9.25 -0.68 -54.41 -65.03 -46.83 -210.02 -646.91 -330.34 -155.01 -133.13 -63.70 -11.86 -173.05 -196.82 -157.91 -413.87
0.00 0.00 0.00 0.00 0.00 0.00 0.00 0.00 0.00 0.00 -37.62 -1.77 -0.01 -0.00 -0.00 0.00 -0.00 -0.00 -0.00 -3.14 -192.87 -39.96 -5.17 -2.21 -0.14 -0.00 -5.00 -6.45 -3.81 -61.61 -409.00 -153.50 -48.64 -34.84 -9.25 -0.68 -54.41 -65.03 -46.83 -210.02 -646.91 -330.34 -155.01 -133.13 -63.70 -11.86 -173.05 -196.82 -157.91 -413.87
0.00 0.00 0.00 0.00 0.00 0.00 0.00 0.00 0.00 0.00 -37.62 -1.77 -0.01 -0.00 -0.00 0.00 -0.00 -0.00 -0.00 -3.14 -192.87 -39.96 -5.17 -2.21 -0.14 -0.00 -5.00 -6.45 -3.81 -61.61 -409.00 -153.50 -48.64 -34.84 -9.25 -0.68 -54.41 -65.03 -46.83 -210.02 -646.91 -330.34 -155.01 -133.13 -63.70 -11.86 -173.05 -196.82 -157.91 -413.87
0.00 0.00 0.00 0.00 0.00 0.00 0.00 0.00 0.00 0.00 -37.62 -1.77 -0.01 -0.00 -0.00 0.00 -0.00 -0.00 -0.00 -3.14 -192.87 -39.96 -5.17 -2.21 -0.14 -0.00 -5.00 -6.45 -3.81 -61.61 -409.00 -153.50 -48.64 -34.84 -9.25 -0.68 -54.41 -65.03 -46.83 -210.02 -646.91 -330.34 -155.01 -133.13 -63.70 -11.86 -173.05 -196.82 -157.91 -413.87
0.00 0.00 0.00 0.00 0.00 0.00 0.00 0.00 0.00 0.00 -37.62 -1.77 -0.01 -0.00 -0.00 0.00 -0.00 -0.00 -0.00 -3.14 -192.87 -39.96 -5.17 -2.21 -0.14 -0.00 -5.00 -6.45 -3.81 -61.61 -409.00 -153.50 -48.64 -34.84 -9.25 -0.68 -54.41 -65.03 -46.83 -210.02 -646.91 -330.34 -155.01 -133.13 -63.70 -11.86 -173.05 -196.82 -157.91 -413.87
0.00 0.00 0.00 0.00 0.00 0.00 0.00 0.00 0.00 0.00 -37.62 -1.77 -0.01 -0.00 -0.00 0.00 -0.00 -0.00 -0.00 -3.14 -192.87 -39.96 -5.17 -2.21 -0.14 -0.00 -5.00 -6.45 -3.81 -61.61 -409.00 -153.50 -48.64 -34.84 -9.25 -0.68 -54.41 -65.03 -46.83 -210.02 -646.91 -330.34 -155.01 -133.13 -63.70 -11.86 -173.05 -196.82 -157.91 -413.87
0.00 0.00 0.00 0.00 0.00 0.00 0.00 0.00 0.00 0.00 -37.62 -1.77 -0.01 -0.00 -0.00 0.00 -0.00 -0.00 -0.00 -3.14 -192.87 -39.96 -5.17 -2.21 -0.14 -0.00 -5.00 -6.45 -3.81 -61.61 -409.00 -153.50 -48.64 -34.84 -9.25 -0.68 -54.41 -65.03 -46.83 -210.02 -646.91 -330.34 -155.01 -133.13 -63.70 -11.86 -173.05 -196.82 -157.91 -413.87
0.00 0.00 0.00 0.00 0.00 0.00 0.00 0.00 0.00 0.00 -35.39 -1.48 -0.01 -0.00 -0.00 0.00 -0.00 -0.00 -0.00 -2.79 -185.52 -35.69 -3.91 -4.34 -0.03 -0.00 -4.96 -2.50 -2.50 -54.10 -398.05 -141.34 -39.45 -54.19 -3.95 -0.36 -53.90 -36.19 -34.60 -193.05 -634.01 -310.06 -133.01 -174.33 -33.42 -8.46 -177.48 -132.66 -124.31 -389.84
0.00 0.00 0.00 0.00 0.00 0.00 0.00 0.00 0.00 0.00 -35.39 -1.48 -0.01 -0.00 -0.00 0.00 -0.00 -0.00 -0.00 -2.79 -185.52 -35.69 -3.91 -4.34 -0.03 -0.00 -4.96 -2.50 -2.50 -54.10 -398.05 -141.34 -39.45 -54.19 -3.95 -0.36 -53.90 -36.19 -34.60 -193.05 -634.01 -310.06 -133.01 -174.33 -33.42 -8.46 -177.48 -132.66 -124.31 -389.84
0.00 0.00 0.00 0.00 0.00 0.00 0.00 0.00 0.00 0.00 -35.39 -1.48 -0.01 -0.00 -0.00 0.00 -0.00 -0.00 -0.00 -2.79 -185.52 -35.69 -3.91 -4.34 -0.03 -0.00 -4.96 -2.50 -2.50 -54.10 -398.05 -141.34 -39.45 -54.19 -3.95 -0.36 -53.90 -36.19 -34.60 -193.05 -634.01 -310.06 -133.01 -174.33 -33.42 -8.46 -177.48 -132.66 -124.31 -389.84
0.00 0.00 0.00 0.00 0.00 0.00 0.00 0.00 0.00 0.00 -35.39 -1.48 -0.01 -0.00 -0.00 0.00 -0.00 -0.00 -0.00 -2.79 -185.52 -35.69 -3.91 -4.34 -0.03 -0.00 -4.96 -2.50 -2.50 -54.10 -398.05 -141.34 -39.45 -54.19 -3.95 -0.36 -53.90 -36.19 -34.60 -193.05 -634.01 -310.06 -133.01 -174.33 -33.42 -8.46 -177.48 -132.66 -124.31 -389.84
0.00 0.00 0.00 0.00 0.00 0.00 0.00 0.00 0.00 0.00 -35.39 -1.48 -0.01 -0.00 -0.00 0.00 -0.00 -0.00 -0.00 -2.79 -185.52 -35.69 -3.91 -4.34 -0.03 -0.00 -4.96 -2.50 -2.50 -54.10 -398.05 -141.34 -39.45 -54.19 -3.95 -0.36 -53.90 -36.19 -34.60 -193.05 -634.01 -310.06 -133.01 -174.33 -33.42 -8.46 -177.48 -132.66 -124.31 -389.84
0.00 0.00 0.00 0.00 0.00 0.00 0.00 0.00 0.00 0.00 -35.39 -1.48 -0.01 -0.00 -0.00 0.00 -0.00 -0.00 -0.00 -2.79 -185.52 -35.69 -3.91 -4.34 -0.03 -0.00 -4.96 -2.50 -2.50 -54.10 -398.05 -141.34 -39.45 -54.19 -3.95 -0.36 -53.90 -36.19 -34.60 -193.05 -634.01 -310.06 -133.01 -174.33 -33.42 -8.46 -177.48 -132.66 -124.31 -389.84
0.00 0.00 0.00 0.00 0.00 0.00 0.00 0.00 0.00 0.00 -35.39 -1.48 -0.01 -0.00 -0.00 0.00 -0.00 -0.00 -0.00 -2.79 -185.52 -35.69 -3.91 -4.34 -0.03 -0.00 -4.96 -2.50 -2.50 -54.10 -398.05 -141.34 -39.45 -54.19 -3.95 -0.36 -53.90 -36.19 -34.60 -193.05 -634.01 -310.06 -133.01 -174.33 -33.42 -8.46 -177.48 -132.66 -124.31 -389.84
0.00 0.00 0.00 0.00 0.00 0.00 0.00 0.00 0.00 0.00 -35.39 -1.48 -0.01 -0.00 -0.00 0.00 -0.00 -0.00 -0.00 -2.79 -185.52 -35.69 -3.91 -4.34 -0.03 -0.00 -4.96 -2.50 -2.50 -54.10 -398.05 -141.34 -39.45 -54.19 -3.95 -0.36 -53.90 -36.19 -34.60 -193.05 -634.01 -310.06 -133.01 -174.33 -33.42 -8.46 -177.48 -132.66 -124.31 -389.84
0.00 0.00 0.00 0.00 0.00 0.00 0.00 0.00 0.00 0.00 -35.39 -1.48 -0.01 -0.00 -0.00 0.00 -0.00 -0.00 -0.00 -2.79 -185.52 -35.69 -3.91 -4.34 -0.03 -0.00 -4.96 -2.50 -2.50 -54.10 -398.05 -141.34 -39.45 -54.19 -3.95 -0.36 -53.90 -36.19 -34.60 -193.05 -634.01 -310.06 -133.01 -174.33 -33.42 -8.46 -177.48 -132.66 -124.31 -389.84
0.00 0.00 0.00 0.00 0.00 0.00 0.00 0.00 0.00 0.00 -35.39 -1.48 -0.01 -0.00 -0.00 0.00 -0.00 -0.00 -0.00 -2.79 -185.52 -35.69 -3.91 -4.34 -0.03 -0.00 -4.96 -2.50 -2.50 -54.10 -398.05 -141.34 -39.45 -54.19 -3.95 -0.36 -53.90 -36.19 -34.60 -193.05 -634.01 -310.06 -133.01 -174.33 -33.42 -8.46 -177.48 -132.66 -124.31 -389.84
0.00 0.00 0.00 0.00 0.00 0.00 0.00 0.00 0.00 0.00 -35.39 -1.48 -0.01 -0.00 -0.00 0.00 -0.00 -0.00 -0.00 -2.79 -185.52 -35.69 -3.91 -4.34 -0.03 -0.00 -4.96 -2.50 -2.50 -54.10 -398.05 -141.34 -39.45 -54.19 -3.95 -0.36 -53.90 -36.19 -34.60 -193.05 -634.01 -310.06 -133.01 -174.33 -33.42 -8.46 -177.48 -132.66 -124.31 -389.84
0.00 0.00 0.00 0.00 0.00 0.00 0.00 0.00 0.00 0.00 -35.39 -1.48 -0.01 -0.00 -0.00 0.00 -0.00 -0.00 -0.00 -2.79 -185.52 -35.69 -3.91 -4.34 -0.03 -0.00 -4.96 -2.50 -2.50 -54.10 -398.05 -141.34 -39.45 -54.19 -3.95 -0.36 -53.90 -36.19 -34.60 -193.05 -634.01 -310.06 -133.01 -174.33 -33.42 -8.46 -177.48 -132.66 -124.31 -389.84
0.00 0.00 0.00 0.00 0.00 0.00 0.00 0.00 0.00 0.00 -35.39 -1.48 -0.01 -0.00 -0.00 0.00 -0.00 -0.00 -0.00 -2.79 -185.52 -35.69 -3.91 -4.34 -0.03 -0.00 -4.96 -2.50 -2.50 -54.10 -398.05 -141.34 -39.45 -54.19 -3.95 -0.36 -53.90 -36.19 -34.60 -193.05 -634.01 -310.06 -133.01 -174.33 -33.42 -8.46 -177.48 -132.66 -124.31 -389.84
0.00 0.00 0.00 0.00 0.00 0.00 0.00 0.00 0.00 0.00 -35.39 -1.48 -0.01 -0.00 -0.00 0.00 -0.00 -0.00 -0.00 -2.79 -185.52 -35.69 -3.91 -4.34 -0.03 -0.00 -4.96 -2.50 -2.50 -54.10 -398.05 -141.34 -39.45 -54.19 -3.95 -0.36 -53.90 -36.19 -34.60 -193.05 -634.01 -310.06 -133.01 -174.33 -33.42 -8.46 -177.48 -132.66 -124.31 -389.84
0.00 0.00 0.00 0.00 0.00 0.00 0.00 0.00 0.00 0.00 -35.39 -1.48 -0.01 -0.00 -0.00 0.00 -0.00 -0.00 -0.00 -2.79 -185.52 -35.69 -3.91 -4.34 -0.03 -0.00 -4.96 -2.50 -2.50 -54.10 -398.05 -141.34 -39.45 -54.19 -3.95 -0.36 -53.90 -36.19 -34.60 -193.05 -634.01 -310.06 -133.01 -174.33 -33.42 -8.46 -177.48 -132.66 -124.31 -389.84
0.00 0.00 0.00 0.00 0.00 0.00 0.00 0.00 0.00 0.00 -35.39 -1.48 -0.01 -0.00 -0.00 0.00 -0.00 -0.00 -0.00 -2.79 -185.52 -35.69 -3.91 -4.34 -0.03 -0.00 -4.96 -2.50 -2.50 -54.10 -398.05 -141.34 -39.45 -54.19 -3.95 -0.36 -53.90 -36.19 -34.60 -193.05 -634.01 -310.06 -133.01 -174.33 -33.42 -8.46 -177.48 -132.66 -124.31 -389.84
0.00 0.00 0.00 0.00 0.00 0.00 0.00 0.00 0.00 0.00 -35.39 -1.48 -0.01 -0.00 -0.00 0.00 -0.00 -0.00 -0.00 -2.79 -185.52 -35.69 -3.91 -4.34 -0.03 -0.00 -4.96 -2.50 -2.50 -54.10 -398.05 -141.34 -39.45 -54.19 -3.95 -0.36 -53.90 -36.19 -34.60 -193.05 -634.01 -310.06 -133.01 -174.33 -33.42 -8.46 -177.48 -132.66 -124.31 -389.84
0.00 0.00 0.00 0.00 0.00 0.00 0.00 0.00 0.00 0.00 -35.39 -1.48 -0.01 -0.00 -0.00 0.00 -0.00 -0.00 -0.00 -2.79 -185.52 -35.69 -3.91 -4.34 -0.03 -0.00 -4.96 -2.50 -2.50 -54.10 -398.05 -141.34 -39.45 -54.19 -3.95 -0.36 -53.90 -36.19 -34.60 -193.05 -634.01 -310.06 -133.01 -174.33 -33.42 -8.46 -177.48 -132.66 -124.31 -389.84
0.00 0.00 0.00 0.00 0.00 0.00 0.00 0.00 0.00 0.00 -35.39 -1.48 -0.01 -0.00 -0.00 0.00 -0.00 -0.00 -0.00 -2.79 -185.52 -35.69 -3.91 -4.34 -0.03 -0.00 -4.96 -2.50 -2.50 -54.10 -398.05 -141.34 -39.45 -54.19 -3.95 -0.36 -53.90 -36.19 -34.60 -193.05 -634.01 -310.06 -133.01 -174.33 -33.42 -8.46 -177.48 -132.66 -124.31 -389.84
0.00 0.00 0.00 0.00 0.00 0.00 0.00 0.00 0.00 0.00 -35.39 -1.48 -0.01 -0.00 -0.00 0.00 -0.00 -0.00 -0.00 -2.79 -185.52 -35.69 -3.91 -4.34 -0.03 -0.00 -4.96 -2.50 -2.50 -54.10 -398.05 -141.34 -39.45 -54.19 -3.95 -0.36 -53.90 -36.19 -34.60 -193.05 -634.01 -310.06 -133.01 -174.33 -33.42 -8.46 -177.48 -132.66 -124.31 -389.84
0.00 0.00 0.00 0.00 0.00 0.00 0.00 0.00 0.00 0.00 -35.39 -1.48 -0.01 -0.00 -0.00 0.00 -0.00 -0.00 -0.00 -2.79 -185.52 -35.69 -3.91 -4.34 -0.03 -0.00 -4.96 -2.50 -2.50 -54.10 -398.05 -141.34 -39.45 -54.19 -3.95 -0.36 -53.90 -36.19 -34.60 -193.05 -634.01 -310.06 -133.01 -174.33 -33.42 -8.46 -177.48 -132.66 -124.31 -389.84
0.00 0.00 0.00 0.00 0.00 0.00 0.00 0.00 0.00 0.00 -35.39 -1.48 -0.01 -0.00 -0.00 0.00 -0.00 -0.00 -0.00 -2.79 -185.52 -35.69 -3.91 -4.34 -0.03 -0.00 -4.96 -2.50 -2.50 -54.10 -398.05 -141.34 -39.45 -54.19 -3.95 -0.36 -53.90 -36.19 -34.60 -193.05 -634.01 -310.06 -133.01 -174.33 -33.42 -8.46 -177.48 -132.66 -124.31 -389.84
0.00 0.00 0.00 0.00 0.00 0.00 0.00 0.00 0.00 0.00 -35.39 -1.48 -0.01 -0.00 -0.00 0.00 -0.00 -0.00 -0.00 -2.79 -185.52 -35.69 -3.91 -4.34 -0.03 -0.00 -4.96 -2.50 -2.50 -54.10 -398.05 -141.34 -39.45 -54.19 -3.95 -0.36 -53.90 -36.19 -34.60 -193.05 -634.01 -310.06 -133.01 -174.33 -33.42 -8.46 -177.48 -132.66 -124.31 -389.84
0.00 0.00 0.00 0.00 0.00 0.00 0.00 0.00 0.00 0.00 -35.39 -1.48 -0.01 -0.00 -0.00 0.00 -0.00 -0.00 -0.00 -2.79 -185.52 -35.69 -3.91 -4.34 -0.03 -0.00 -4.96 -2.50 -2.50 -54.10 -398.05 -141.34 -39.45 -54.19 -3.95 -0.36 -53.90 -36.19 -34.60 -193.05 -634.01 -310.06 -133.01 -174.33 -33.42 -8.46 -177.48 -132.66 -124.31 -389.84
0.00 0.00 0.00 0.00 0.00 0.00 0.00 0.00 0.00 0.00 -35.39 -1.48 -0.01 -0.00 -0.00 0.00 -0.00 -0.00 -0.00 -2.79 -185.52 -35.69 -3.91 -4.34 -0.03 -0.00 -4.96 -2.50 -2.50 -54.10 -398.05 -141.34 -39.45 -54.19 -3.95 -0.36 -53.90 -36.19 -34.60 -193.05 -634.01 -310.06 -133.01 -174.33 -33.42 -8.46 -177.48 -132.66 -124.31 -389.84
0.00 0.00 0.00 0.00 0.00 0.00 0.00 0.00 0.00 0.00 -35.39 -1.48 -0.01 -0.00 -0.00 0.00 -0.00 -0.00 -0.00 -2.79 -185.52 -35.69 -3.91 -4.34 -0.03 -0.00 -4.96 -2.50 -2.50 -54.10 -398.05 -141.34 -39.45 -54.19 -3.95 -0.36 -53.90 -36.19 -34.60 -193.05 -634.01 -310.06 -133.01 -174.33 -33.42 -8.46 -177.48 -132.66 -124.31 -389.84
0.00 0.00 0.00 0.00 0.00 0.00 0.00 0.00 0.00 0.00 -35.39 -1.48 -0.01 -0.00 -0.00 0.00 -0.00 -0.00 -0.00 -2.79 -185.52 -35.69 -3.91 -4.34 -0.03 -0.00 -4.96 -2.50 -2.50 -54.10 -398.05 -141.34 -39.45 -54.19 -3.95 -0.36 -53.90 -36.19 -34.60 -193.05 -634.01 -310.06 -133.01 -174.33 -33.42 -8.46 -177.48 -132.66 -124.31 -389.84
0.00 0.00 0.00 0.00 0.00 0.00 0.00 0.00 0.00 0.00 -35.39 -1.48 -0.01 -0.00 -0.00 0.00 -0.00 -0.00 -0.00 -2.79 -185.52 -35.69 -3.91 -4.34 -0.03 -0.00 -4.96 -2.50 -2.50 -54.10 -398.05 -141.34 -39.45 -54.19 -3.95 -0.36 -53.90 -36.19 -34.60 -193.05 -634.01 -310.06 -133.01 -174.33 -33.42 -8.46 -177.48 -132.66 -124.31 -389.84
0.00 0.00 0.00 0.00 0.00 0.00 0.00 0.00 0.00 0.00 -35.39 -1.48 -0.01 -0.00 -0.00 0.00 -0.00 -0.00 -0.00 -2.79 -185.52 -35.69 -3.91 -4.34 -0.03 -0.00 -4.96 -2.50 -2.50 -54.10 -398.05 -141.34 -39.45 -54.19 -3.95 -0.36 -53.90 -36.19 -34.60 -193.05 -634.01 -310.06 -133.01 -174.33 -33.42 -8.46 -177.48 -132.66 -124.31 -389.84
0.00 0.00 0.00 0.00 0.00 0.00 0.00 0.00 0.00 0.00 -35.39 -1.48 -0.01 -0.00 -0.00 0.00 -0.00 -0.00 -0.00 -2.79 -185.52 -35.69 -3.91 -4.34 -0.03 -0.00 -4.96 -2.50 -2.50 -54.10 -398.05 -141.34 -39.45 -54.19 -3.95 -0.36 -53.90 -36.19 -34.60 -193.05 -634.01 -310.06 -133.01 -174.33 -33.42 -8.46 -177.48 -132.66 -124.31 -389.84
0.00 0.00 0.00 0.00 0.00 0.00 0.00 0.00 0.00 0.00 -35.39 -1.48 -0.01 -0.00 -0.00 0.00 -0.00 -0.00 -0.00 -2.79 -185.52 -35.69 -3.91 -4.34 -0.03 -0.00 -4.96 -2.50 -2.50 -54.10 -398.05 -141.34 -39.45 -54.19 -3.95 -0.36 -53.90 -36.19 -34.60 -193.05 -634.01 -310.06 -133.01 -174.33 -33.42 -8.46 -177.48 -132.66 -124.31 -389.84
0.00 0.00 0.00 0.00 0.00 0.00 0.00 0.00 0.00 0.00 -35.39 -1.48 -0.01 -0.00 -0.00 0.00 -0.00 -0.00 -0.00 -2.79 -185.52 -35.69 -3.91 -4.34 -0.03 -0.00 -4.96 -2.50 -2.50 -54.10 -398.05 -141.34 -39.45 -54.19 -3.95 -0.36 -53.90 -36.19 -34.60 -193.05 -634.01 -310.06 -133.01 -174.33 -33.42 -8.46 -177.48 -132.66 -124.31 -389.84
0.00 0.00 0.00 0.00 0.00 0.00 0.00 0.00 0.00 0.00 -35.39 -1.48 -0.01 -0.00 -0.00 0.00 -0.00 -0.00 -0.00 -2.79 -185.52 -35.69 -3.91 -4.34 -0.03 -0.00 -4.96 -2.50 -2.50 -54.10 -398.05 -141.34 -39.45 -54.19 -3.95 -0.36 -53.90 -36.19 -34.60 -193.05 -634.01 -310.06 -133.01 -174.33 -33.42 -8.46 -177.48 -132.66 -124.31 -389.84
0.00 0.00 0.00 0.00 0.00 0.00 0.00 0.00 0.00 0.00 -35.39 -1.48 -0.01 -0.00 -0.00 0.00 -0.00 -0.00 -0.00 -2.79 -185.52 -35.69 -3.91 -4.34 -0.03 -0.00 -4.96 -2.50 -2.50 -54.10 -398.05 -141.34 -39.45 -54.19 -3.95 -0.36 -53.90 -36.19 -34.60 -193.05 -634.01 -310.06 -133.01 -174.33 -33.42 -8.46 -177.48 -132.66 -124.31 -389.84
0.00 0.00 0.00 0.00 0.00 0.00 0.00 0.00 0.00 0.00 -35.39 -1.48 -0.01 -0.00 -0.00 0.00 -0.00 -0.00 -0.00 -2.79 -185.52 -35.69 -3.91 -4.34 -0.03 -0.00 -4.96 -2.50 -2.50 -54.10 -398.05 -141.34 -39.45 -54.19 -3.95 -0.36 -53.90 -36.19 -34.60 -193.05 -634.01 -310.06 -133.01 -174.33 -33.42 -8.46 -177.48 -132.66 -124.31 -389.84
0.00 0.00 0.00 0.00 0.00 0.00 0.00 0.00 0.00 0.00 -35.39 -1.48 -0.01 -0.00 -0.00 0.00 -0.00 -0.00 -0.00 -2.79 -185.52 -35.69 -3.91 -4.34 -0.03 -0.00 -4.96 -2.50 -2.50 -54.10 -398.05 -141.34 -39.45 -54.19 -3.95 -0.36 -53.90 -36.19 -34.60 -193.05 -634.01 -310.06 -133.01 -174.33 -33.42 -8.46 -177.48 -132.66 -124.31 -389.84
0.00 0.00 0.00 0.00 0.00 0.00 0.00 0.00 0.00 0.00 -35.39 -1.48 -0.01 -0.00 -0.00 0.00 -0.00 -0.00 -0.00 -2.79 -185.52 -35.69 -3.91 -4.34 -0.03 -0.00 -4.96 -2.50 -2.50 -54.10 -398.05 -141.34 -39.45 -54.19 -3.95 -0.36 -53.90 -36.19 -34.60 -193.05 -634.01 -310.06 -133.01 -174.33 -33.42 -8.46 -177.48 -132.66 -124.31 -389.84
0.00 0.00 0.00 0.00 0.00 0.00 0.00 0.00 0.00 0.00 -35.39 -1.48 -0.01 -0.00 -0.00 0.00 -0.00 -0.00 -0.00 -2.79 -185.52 -35.69 -3.91 -4.34 -0.03 -0.00 -4.96 -2.50 -2.50 -54.10 -398.05 -141.34 -39.45 -54.19 -3.95 -0.36 -53.90 -36.19 -34.60 -193.05 -634.01 -310.06 -133.01 -174.33 -33.42 -8.46 -177.48 -132.66 -124.31 -389.84
0.00 0.00 0.00 0.00 0.00 0.00 0.00 0.00 0.00 0.00 -35.39 -1.48 -0.01 -0.00 -0.00 0.00 -0.00 -0.00 -0.00 -2.79 -185.52 -35.69 -3.91 -4.34 -0.03 -0.00 -4.96 -2.50 -2.50 -54.10 -398.05 -141.34 -39.45 -54.19 -3.95 -0.36 -53.90 -36.19 -34.60 -193.05 -634.01 -310.06 -133.01 -174.33 -33.42 -8.46 -177.48 -132.66 -124.31 -389.84
0.00 0.00 0.00 0.00 0.00 0.00 0.00 0.00 0.00 0.00 -35.39 -1.48 -0.01 -0.00 -0.00 0.00 -0.00 -0.00 -0.00 -2.79 -185.52 -35.69 -3.91 -4.34 -0.03 -0.00 -4.96 -2.50 -2.50 -54.10 -398.05 -141.34 -39.45 -54.19 -3.95 -0.36 -53.90 -36.19 -34.60 -193.05 -634.01 -310.06 -133.01 -174.33 -33.42 -8.46 -177.48 -132.66 -124.31 -389.84
0.00 0.00 0.00 0.00 0.00 0.00 0.00 0.00 0.00 0.00 -35.39 -1.48 -0.01 -0.00 -0.00 0.00 -0.00 -0.00 -0.00 -2.79 -185.52 -35.69 -3.91 -4.34 -0.03 -0.00 -4.96 -2.50 -2.50 -54.10 -398.05 -141.34 -39.45 -54.19 -3.95 -0.36 -53.90 -36.19 -34.60 -193.05 -634.01 -310.06 -133.01 -174.33 -33.42 -8.46 -177.48 -132.66 -124.31 -389.84
0.00 0.00 0.00 0.00 0.00 0.00 0.00 0.00 0.00 0.00 -35.39 -1.48 -0.01 -0.00 -0.00 0.00 -0.00 -0.00 -0.00 -2.79 -185.52 -35.69 -3.91 -4.34 -0.03 -0.00 -4.96 -2.50 -2.50 -54.10 -398.05 -141.34 -39.45 -54.19 -3.95 -0.36 -53.90 -36.19 -34.60 -193.05 -634.01 -310.06 -133.01 -174.33 -33.42 -8.46 -177.48 -132.66 -124.31 -389.84
0.00 0.00 0.00 0.00 0.00 0.00 0.00 0.00 0.00 0.00 -35.39 -1.48 -0.01 -0.00 -0.00 0.00 -0.00 -0.00 -0.00 -2.79 -185.52 -35.69 -3.91 -4.34 -0.03 -0.00 -4.96 -2.50 -2.50 -54.10 -398.05 -141.34 -39.45 -54.19 -3.95 -0.36 -53.90 -36.19 -34.60 -193.05 -634.01 -310.06 -133.01 -174.33 -33.42 -8.46 -177.48 -132.66 -124.31 -389.84
0.00 0.00 0.00 0.00 0.00 0.00 0.00 0.00 0.00 0.00 -35.39 -1.48 -0.01 -0.00 -0.00 0.00 -0.00 -0.00 -0.00 -2.79 -185.52 -35.69 -3.91 -4.34 -0.03 -0.00 -4.96 -2.50 -2.50 -54.10 -398.05 -141.34 -39.45 -54.19 -3.95 -0.36 -53.90 -36.19 -34.60 -193.05 -634.01 -310.06 -133.01 -174.33 -33.42 -8.46 -177.48 -132.66 -124.31 -389.84
0.00 0.00 0.00 0.00 0.00 0.00 0.00 0.00 0.00 0.00 -35.39 -1.48 -0.01 -0.00 -0.00 0.00 -0.00 -0.00 -0.00 -2.79 -185.52 -35.69 -3.91 -4.34 -0.03 -0.00 -4.96 -2.50 -2.50 -54.10 -398.05 -141.34 -39.45 -54.19 -3.95 -0.36 -53.90 -36.19 -34.60 -193.05 -634.01 -310.06 -133.01 -174.33 -33.42 -8.46 -177.48 -132.66 -124.31 -389.84
0.00 0.00 0.00 0.00 0.00 0.00 0.00 0.00 0.00 0.00 -35.39 -1.48 -0.01 -0.00 -0.00 0.00 -0.00 -0.00 -0.00 -2.79 -185.52 -35.69 -3.91 -4.34 -0.03 -0.00 -4.96 -2.50 -2.50 -54.10 -398.05 -141.34 -39.45 -54.19 -3.95 -0.36 -53.90 -36.19 -34.60 -193.05 -634.01 -310.06 -133.01 -174.33 -33.42 -8.46 -177.48 -132.66 -124.31 -389.84
0.00 0.00 0.00 0.00 0.00 0.00 0.00 0.00 0.00 0.00 -35.39 -1.48 -0.01 -0.00 -0.00 0.00 -0.00 -0.00 -0.00 -2.79 -185.52 -35.69 -3.91 -4.34 -0.03 -0.00 -4.96 -2.50 -2.50 -54.10 -398.05 -141.34 -39.45 -54.19 -3.95 -0.36 -53.90 -36.19 -34.60 -193.05 -634.01 -310.06 -133.01 -174.33 -33.42 -8.46 -177.48 -132.66 -124.31 -389.84
0.00 0.00 0.00 0.00 0.00 0.00 0.00 0.00 0.00 0.00 -35.39 -1.48 -0.01 -0.00 -0.00 0.00 -0.00 -0.00 -0.00 -2.79 -185.52 -35.69 -3.91 -4.34 -0.03 -0.00 -4.96 -2.50 -2.50 -54.10 -398.05 -141.34 -39.45 -54.19 -3.95 -0.36 -53.90 -36.19 -34.60 -193.05 -634.01 -310.06 -133.01 -174.33 -33.42 -8.46 -177.48 -132.66 -124.31 -389.84
0.00 0.00 0.00 0.00 0.00 0.00 0.00 0.00 0.00 0.00 -35.39 -1.48 -0.01 -0.00 -0.00 0.00 -0.00 -0.00 -0.00 -2.79 -185.52 -35.69 -3.91 -4.34 -0.03 -0.00 -4.96 -2.50 -2.50 -54.10 -398.05 -141.34 -39.45 -54.19 -3.95 -0.36 -53.90 -36.19 -34.60 -193.05 -634.01 -310.06 -133.01 -174.33 -33.42 -8.46 -177.48 -132.66 -124.31 -389.84
0.00 0.00 0.00 0.00 0.00 0.00 0.00 0.00 0.00 0.00 -35.39 -1.48 -0.01 -0.00 -0.00 0.00 -0.00 -0.00 -0.00 -2.79 -185.52 -35.69 -3.91 -4.34 -0.03 -0.00 -4.96 -2.50 -2.50 -54.10 -398.05 -141.34 -39.45 -54.19 -3.95 -0.36 -53.90 -36.19 -34.60 -193.05 -634.01 -310.06 -133.01 -174.33 -33.42 -8.46 -177.48 -132.66 -124.31 -389.84
0.00 0.00 0.00 0.00 0.00 0.00 0.00 0.00 0.00 0.00 -35.39 -1.48 -0.01 -0.00 -0.00 0.00 -0.00 -0.00 -0.00 -2.79 -185.52 -35.69 -3.91 -4.34 -0.03 -0.00 -4.96 -2.50 -2.50 -54.10 -398.05 -141.34 -39.45 -54.19 -3.95 -0.36 -53.90 -36.19 -34.60 -193.05 -634.01 -310.06 -133.01 -174.33 -33.42 -8.46 -177.48 -132.66 -124.31 -389.84
0.00 0.00 0.00 0.00 0.00 0.00 0.00 0.00 0.00 0.00 -35.39 -1.48 -0.01 -0.00 -0.00 0.00 -0.00 -0.00 -0.00 -2.79 -185.52 -35.69 -3.91 -4.34 -0.03 -0.00 -4.96 -2.50 -2.50 -54.10 -398.05 -141.34 -39.45 -54.19 -3.95 -0.36 -53.90 -36.19 -34.60 -193.05 -634.01 -310.06 -133.01 -174.33 -33.42 -8.46 -177.48 -132.66 -124.31 -389.84
0.00 0.00 0.00 0.00 0.00 0.00 0.00 0.00 0.00 0.00 -35.39 -1.48 -0.01 -0.00 -0.00 0.00 -0.00 -0.00 -0.00 -2.79 -185.52 -35.69 -3.91 -4.34 -0.03 -0.00 -4.96 -2.50 -2.50 -54.10 -398.05 -141.34 -39.45 -54.19 -3.95 -0.36 -53.90 -36.19 -34.60 -193.05 -634.01 -310.06 -133.01 -174.33 -33.42 -8.46 -177.48 -132.66 -124.31 -389.84
0.00 0.00 0.00 0.00 0.00 0.00 0.00 0.00 0.00 0.00 -35.39 -1.48 -0.01 -0.00 -0.00 0.00 -0.00 -0.00 -0.00 -2.79 -185.52 -35.69 -3.91 -4.34 -0.03 -0.00 -4.96 -2.50 -2.50 -54.10 -398.05 -141.34 -39.45 -54.19 -3.95 -0.36 -53.90 -36.19 -34.60 -193.05 -634.01 -310.06 -133.01 -174.33 -33.42 -8.46 -177.48 -132.66 -124.31 -389.84
0.00 0.00 0.00 0.00 0.00 0.00 0.00 0.00 0.00 0.00 -35.39 -1.48 -0.01 -0.00 -0.00 0.00 -0.00 -0.00 -0.00 -2.79 -185.52 -35.69 -3.91 -4.34 -0.03 -0.00 -4.96 -2.50 -2.50 -54.10 -398.05 -141.34 -39.45 -54.19 -3.95 -0.36 -53.90 -36.19 -34.60 -193.05 -634.01 -310.06 -133.01 -174.33 -33.42 -8.46 -177.48 -132.66 -124.31 -389.84
0.00 0.00 0.00 0.00 0.00 0.00 0.00 0.00 0.00 0.00 -35.39 -1.48 -0.01 -0.00 -0.00 0.00 -0.00 -0.00 -0.00 -2.79 -185.52 -35.69 -3.91 -4.34 -0.03 -0.00 -4.96 -2.50 -2.50 -54.10 -398.05 -141.34 -39.45 -54.19 -3.95 -0.36 -53.90 -36.19 -34.60 -193.05 -634.01 -310.06 -133.01 -174.33 -33.42 -8.46 -177.48 -132.66 -124.31 -389.84
0.00 0.00 0.00 0.00 0.00 0.00 0.00 0.00 0.00 0.00 -35.39 -1.48 -0.01 -0.00 -0.00 0.00 -0.00 -0.00 -0.00 -2.79 -185.52 -35.69 -3.91 -4.34 -0.03 -0.00 -4.96 -2.50 -2.50 -54.10 -398.05 -141.34 -39.45 -54.19 -3.95 -0.36 -53.90 -36.19 -34.60 -193.05 -634.01 -310.06 -133.01 -174.33 -33.42 -8.46 -177.48 -132.66 -124.31 -389.84
0.00 0.00 0.00 0.00 0.00 0.00 0.00 0.00 0.00 0.00 -35.39 -1.48 -0.01 -0.00 -0.00 0.00 -0.00 -0.00 -0.00 -2.79 -185.52 -35.69 -3.91 -4.34 -0.03 -0.00 -4.96 -2.50 -2.50 -54.10 -398.05 -141.34 -39.45 -54.19 -3.95 -0.36 -53.90 -36.19 -34.60 -193.05 -634.01 -310.06 -133.01 -174.33 -33.42 -8.46 -177.48 -132.66 -124.31 -389.84
0.00 0.00 0.00 0.00 0.00 0.00 0.00 0.00 0.00 0.00 -35.39 -1.48 -0.01 -0.00 -0.00 0.00 -0.00 -0.00 -0.00 -2.79 -185.52 -35.69 -3.91 -4.34 -0.03 -0.00 -4.96 -2.50 -2.50 -54.10 -398.05 -141.34 -39.45 -54.19 -3.95 -0.36 -53.90 -36.19 -34.60 -193.05 -634.01 -310.06 -133.01 -174.33 -33.42 -8.46 -177.48 -132.66 -124.31 -389.84
0.00 0.00 0.00 0.00 0.00 0.00 0.00 0.00 0.00 0.00 -35.39 -1.48 -0.01 -0.00 -0.00 0.00 -0.00 -0.00 -0.00 -2.79 -185.52 -35.69 -3.91 -4.34 -0.03 -0.00 -4.96 -2.50 -2.50 -54.10 -398.05 -141.34 -39.45 -54.19 -3.95 -0.36 -53.90 -36.19 -34.60 -193.05 -634.01 -310.06 -133.01 -174.33 -33.42 -8.46 -177.48 -132.66 -124.31 -389.84
0.00 0.00 0.00 0.00 0.00 0.00 0.00 0.00 0.00 0.00 -35.39 -1.48 -0.01 -0.00 -0.00 0.00 -0.00 -0.00 -0.00 -2.79 -185.52 -35.69 -3.91 -4.34 -0.03 -0.00 -4.96 -2.50 -2.50 -54.10 -398.05 -141.34 -39.45 -54.19 -3.95 -0.36 -53.90 -36.19 -34.60 -193.05 -634.01 -310.06 -133.01 -174.33 -33.42 -8.46 -177.48 -132.66 -124.31 -389.84
0.00 0.00 0.00 0.00 0.00 0.00 0.00 0.00 0.00 0.00 -35.39 -1.48 -0.01 -0.00 -0.00 0.00 -0.00 -0.00 -0.00 -2.79 -185.52 -35.69 -3.91 -4.34 -0.03 -0.00 -4.96 -2.50 -2.50 -54.10 -398.05 -141.34 -39.45 -54.19 -3.95 -0.36 -53.90 -36.19 -34.60 -193.05 -634.01 -310.06 -133.01 -174.33 -33.42 -8.46 -177.48 -132.66 -124.31 -389.84
0.00 0.00 0.00 0.00 0.00 0.00 0.00 0.00 0.00 0.00 -35.39 -1.48 -0.01 -0.00 -0.00 0.00 -0.00 -0.00 -0.00 -2.79 -185.52 -35.69 -3.91 -4.34 -0.03 -0.00 -4.96 -2.50 -2.50 -54.10 -398.05 -141.34 -39.45 -54.19 -3.95 -0.36 -53.90 -36.19 -34.60 -193.05 -634.01 -310.06 -133.01 -174.33 -33.42 -8.46 -177.48 -132.66 -124.31 -389.84
0.00 0.00 0.00 0.00 0.00 0.00 0.00 0.00 0.00 0.00 -35.39 -1.48 -0.01 -0.00 -0.00 0.00 -0.00 -0.00 -0.00 -2.79 -185.52 -35.69 -3.91 -4.34 -0.03 -0.00 -4.96 -2.50 -2.50 -54.10 -398.05 -141.34 -39.45 -54.19 -3.95 -0.36 -53.90 -36.19 -34.60 -193.05 -634.01 -310.06 -133.01 -174.33 -33.42 -8.46 -177.48 -132.66 -124.31 -389.84
0.00 0.00 0.00 0.00 0.00 0.00 0.00 0.00 0.00 0.00 -35.39 -1.48 -0.01 -0.00 -0.00 0.00 -0.00 -0.00 -0.00 -2.79 -185.52 -35.69 -3.91 -4.34 -0.03 -0.00 -4.96 -2.50 -2.50 -54.10 -398.05 -141.34 -39.45 -54.19 -3.95 -0.36 -53.90 -36.19 -34.60 -193.05 -634.01 -310.06 -133.01 -174.33 -33.42 -8.46 -177.48 -132.66 -124.31 -389.84
0.00 0.00 0.00 0.00 0.00 0.00 0.00 0.00 0.00 0.00 -35.39 -1.48 -0.01 -0.00 -0.00 0.00 -0.00 -0.00 -0.00 -2.79 -185.52 -35.69 -3.91 -4.34 -0.03 -0.00 -4.96 -2.50 -2.50 -54.10 -398.05 -141.34 -39.45 -54.19 -3.95 -0.36 -53.90 -36.19 -34.60 -193.05 -634.01 -310.06 -133.01 -174.33 -33.42 -8.46 -177.48 -132.66 -124.31 -389.84
0.00 0.00 0.00 0.00 0.00 0.00 0.00 0.00 0.00 0.00 -35.39 -1.48 -0.01 -0.00 -0.00 0.00 -0.00 -0.00 -0.00 -2.79 -185.52 -35.69 -3.91 -4.34 -0.03 -0.00 -4.96 -2.50 -2.50 -54.10 -398.05 -141.34 -39.45 -54.19 -3.95 -0.36 -53.90 -36.19 -34.60 -193.05 -634.01 -310.06 -133.01 -174.33 -33.42 -8.46 -177.48 -132.66 -124.31 -389.84
0.00 0.00 0.00 0.00 0.00 0.00 0.00 0.00 0.00 0.00 -35.39 -1.48 -0.01 -0.00 -0.00 0.00 -0.00 -0.00 -0.00 -2.79 -185.52 -35.69 -3.91 -4.34 -0.03 -0.00 -4.96 -2.50 -2.50 -54.10 -398.05 -141.34 -39.45 -54.19 -3.95 -0.36 -53.90 -36.19 -34.60 -193.05 -634.01 -310.06 -133.01 -174.33 -33.42 -8.46 -177.48 -132.66 -124.31 -389.84
0.00 0.00 0.00 0.00 0.00 0.00 0.00 0.00 0.00 0.00 -35.39 -1.48 -0.01 -0.00 -0.00 0.00 -0.00 -0.00 -0.00 -2.79 -185.52 -35.69 -3.91 -4.34 -0.03 -0.00 -4.96 -2.50 -2.50 -54.10 -398.05 -141.34 -39.45 -54.19 -3.95 -0.36 -53.90 -36.19 -34.60 -193.05 -634.01 -310.06 -133.01 -174.33 -33.42 -8.46 -177.48 -132.66 -124.31 -389.84
0.00 0.00 0.00 0.00 0.00 0.00 0.00 0.00 0.00 0.00 -35.39 -1.48 -0.01 -0.00 -0.00 0.00 -0.00 -0.00 -0.00 -2.79 -185.52 -35.69 -3.91 -4.34 -0.03 -0.00 -4.96 -2.50 -2.50 -54.10 -398.05 -141.34 -39.45 -54.19 -3.95 -0.36 -53.90 -36.19 -34.60 -193.05 -634.01 -310.06 -133.01 -174.33 -33.42 -8.46 -177.48 -132.66 -124.31 -389.84
0.00 0.00 0.00 0.00 0.00 0.00 0.00 0.00 0.00 0.00 -35.39 -1.48 -0.01 -0.00 -0.00 0.00 -0.00 -0.00 -0.00 -2.79 -185.52 -35.69 -3.91 -4.34 -0.03 -0.00 -4.96 -2.50 -2.50 -54.10 -398.05 -141.34 -39.45 -54.19 -3.95 -0.36 -53.90 -36.19 -34.60 -193.05 -634.01 -310.06 -133.01 -174.33 -33.42 -8.46 -177.48 -132.66 -124.31 -389.84
0.00 0.00 0.00 0.00 0.00 0.00 0.00 0.00 0.00 0.00 -35.39 -1.48 -0.01 -0.00 -0.00 0.00 -0.00 -0.00 -0.00 -2.79 -185.52 -35.69 -3.91 -4.34 -0.03 -0.00 -4.96 -2.50 -2.50 -54.10 -398.05 -141.34 -39.45 -54.19 -3.95 -0.36 -53.90 -36.19 -34.60 -193.05 -634.01 -310.06 -133.01 -174.33 -33.42 -8.46 -177.48 -132.66 -124.31 -389.84
0.00 0.00 0.00 0.00 0.00 0.00 0.00 0.00 0.00 0.00 -35.39 -1.48 -0.01 -0.00 -0.00 0.00 -0.00 -0.00 -0.00 -2.79 -185.52 -35.69 -3.91 -4.34 -0.03 -0.00 -4.96 -2.50 -2.50 -54.10 -398.05 -141.34 -39.45 -54.19 -3.95 -0.36 -53.90 -36.19 -34.60 -193.05 -634.01 -310.06 -133.01 -174.33 -33.42 -8.46 -177.48 -132.66 -124.31 -389.84
0.00 0.00 0.00 0.00 0.00 0.00 0.00 0.00 0.00 0.00 -35.39 -1.48 -0.01 -0.00 -0.00 0.00 -0.00 -0.00 -0.00 -2.79 -185.52 -35.69 -3.91 -4.34 -0.03 -0.00 -4.96 -2.50 -2.50 -54.10 -398.05 -141.34 -39.45 -54.19 -3.95 -0.36 -53.90 -36.19 -34.60 -193.05 -634.01 -310.06 -133.01 -174.33 -33.42 -8.46 -177.48 -132.66 -124.31 -389.84
0.00 0.00 0.00 0.00 0.00 0.00 0.00 0.00 0.00 0.00 -35.39 -1.48 -0.01 -0.00 -0.00 0.00 -0.00 -0.00 -0.00 -2.79 -185.52 -35.69 -3.91 -4.34 -0.03 -0.00 -4.96 -2.50 -2.50 -54.10 -398.05 -141.34 -39.45 -54.19 -3.95 -0.36 -53.90 -36.19 -34.60 -193.05 -634.01 -310.06 -133.01 -174.33 -33.42 -8.46 -177.48 -132.66 -124.31 -389.84
0.00 0.00 0.00 0.00 0.00 0.00 0.00 0.00 0.00 0.00 -35.39 -1.48 -0.01 -0.00 -0.00 0.00 -0.00 -0.00 -0.00 -2.79 -185.52 -35.69 -3.91 -4.34 -0.03 -0.00 -4.96 -2.50 -2.50 -54.10 -398.05 -141.34 -39.45 -54.19 -3.95 -0.36 -53.90 -36.19 -34.60 -193.05 -634.01 -310.06 -133.01 -174.33 -33.42 -8.46 -177.48 -132.66 -124.31 -389.84
0.00 0.00 0.00 0.00 0.00 0.00 0.00 0.00 0.00 0.00 -35.39 -1.48 -0.01 -0.00 -0.00 0.00 -0.00 -0.00 -0.00 -2.79 -185.52 -35.69 -3.91 -4.34 -0.03 -0.00 -4.96 -2.50 -2.50 -54.10 -398.05 -141.34 -39.45 -54.19 -3.95 -0.36 -53.90 -36.19 -34.60 -193.05 -634.01 -310.06 -133.01 -174.33 -33.42 -8.46 -177.48 -132.66 -124.31 -389.84
0.00 0.00 0.00 0.00 0.00 0.00 0.00 0.00 0.00 0.00 -35.39 -1.48 -0.01 -0.00 -0.00 0.00 -0.00 -0.00 -0.00 -2.79 -185.52 -35.69 -3.91 -4.34 -0.03 -0.00 -4.96 -2.50 -2.50 -54.10 -398.05 -141.34 -39.45 -54.19 -3.95 -0.36 -53.90 -36.19 -34.60 -193.05 -634.01 -310.06 -133.01 -174.33 -33.42 -8.46 -177.48 -132.66 -124.31 -389.84
0.00 0.00 0.00 0.00 0.00 0.00 0.00 0.00 0.00 0.00 -35.39 -1.48 -0.01 -0.00 -0.00 0.00 -0.00 -0.00 -0.00 -2.79 -185.52 -35.69 -3.91 -4.34 -0.03 -0.00 -4.96 -2.50 -2.50 -54.10 -398.05 -141.34 -39.45 -54.19 -3.95 -0.36 -53.90 -36.19 -34.60 -193.05 -634.01 -310.06 -133.01 -174.33 -33.42 -8.46 -177.48 -132.66 -124.31 -389.84
0.00 0.00 0.00 0.00 0.00 0.00 0.00 0.00 0.00 0.00 -35.39 -1.48 -0.01 -0.00 -0.00 0.00 -0.00 -0.00 -0.00 -2.79 -185.52 -35.69 -3.91 -4.34 -0.03 -0.00 -4.96 -2.50 -2.50 -54.10 -398.05 -141.34 -39.45 -54.19 -3.95 -0.36 -53.90 -36.19 -34.60 -193.05 -634.01 -310.06 -133.01 -174.33 -33.42 -8.46 -177.48 -132.66 -124.31 -389.84
0.00 0.00 0.00 0.00 0.00 0.00 0.00 0.00 0.00 0.00 -35.39 -1.48 -0.01 -0.00 -0.00 0.00 -0.00 -0.00 -0.00 -2.79 -185.52 -35.69 -3.91 -4.34 -0.03 -0.00 -4.96 -2.50 -2.50 -54.10 -398.05 -141.34 -39.45 -54.19 -3.95 -0.36 -53.90 -36.19 -34.60 -193.05 -634.01 -310.06 -133.01 -174.33 -33.42 -8.46 -177.48 -132.66 -124.31 -389.84
0.00 0.00 0.00 0.00 0.00 0.00 0.00 0.00 0.00 0.00 -35.39 -1.48 -0.01 -0.00 -0.00 0.00 -0.00 -0.00 -0.00 -2.79 -185.52 -35.69 -3.91 -4.34 -0.03 -0.00 -4.96 -2.50 -2.50 -54.10 -398.05 -141.34 -39.45 -54.19 -3.95 -0.36 -53.90 -36.19 -34.60 -193.05 -634.01 -310.06 -133.01 -174.33 -33.42 -8.46 -177.48 -132.66 -124.31 -389.84
0.00 0.00 0.00 0.00 0.00 0.00 0.00 0.00 0.00 0.00 -35.39 -1.48 -0.01 -0.00 -0.00 0.00 -0.00 -0.00 -0.00 -2.79 -185.52 -35.69 -3.91 -4.34 -0.03 -0.00 -4.96 -2.50 -2.50 -54.10 -398.05 -141.34 -39.45 -54.19 -3.95 -0.36 -53.90 -36.19 -34.60 -193.05 -634.01 -310.06 -133.01 -174.33 -33.42 -8.46 -177.48 -132.66 -124.31 -389.84
0.00 0.00 0.00 0.00 0.00 0.00 0.00 0.00 0.00 0.00 -35.39 -1.48 -0.01 -0.00 -0.00 0.00 -0.00 -0.00 -0.00 -2.79 -185.52 -35.69 -3.91 -4.34 -0.03 -0.00 -4.96 -2.50 -2.50 -54.10 -398.05 -141.34 -39.45 -54.19 -3.95 -0.36 -53.90 -36.19 -34.60 -193.05 -634.01 -310.06 -133.01 -174.33 -33.42 -8.46 -177.48 -132.66 -124.31 -389.84
0.00 0.00 0.00 0.00 0.00 0.00 0.00 0.00 0.00 0.00 -35.39 -1.48 -0.01 -0.00 -0.00 0.00 -0.00 -0.00 -0.00 -2.79 -185.52 -35.69 -3.91 -4.34 -0.03 -0.00 -4.96 -2.50 -2.50 -54.10 -398.05 -141.34 -39.45 -54.19 -3.95 -0.36 -53.90 -36.19 -34.60 -193.05 -634.01 -310.06 -133.01 -174.33 -33.42 -8.46 -177.48 -132.66 -124.31 -389.84
