0.00 0.00 0.00 0.00 0.00 0.00 0.00 0.00 0.00 0.00 -175.51 -11.34 -0.07 -0.02 -0.00 0.00 -0.08 -0.01 -0.02 -21.48 -814.13 -210.22 -24.69 -38.17 -1.53 -0.06 -38.23 -26.63 -22.95 -291.20 -1650.07 -724.18 -218.14 -339.04 -64.66 -14.55 -281.39 -263.39 -244.39 -923.73 -2547.12 -1457.77 -679.44 -960.45 -332.51 -155.81 -821.71 -802.26 -760.30 -1737.65
0.00 0.00 0.00 0.00 0.00 0.00 0.00 0.00 0.00 0.00 -175.51 -11.34 -0.07 -0.02 -0.00 0.00 -0.08 -0.01 -0.02 -21.48 -814.13 -210.22 -24.69 -38.17 -1.53 -0.06 -38.23 -26.63 -22.95 -291.20 -1650.07 -724.18 -218.14 -339.04 -64.66 -14.55 -281.39 -263.39 -244.39 -923.73 -2547.12 -1457.77 -679.44 -960.45 -332.51 -155.81 -821.71 -802.26 -760.30 -1737.65
0.00 0.00 0.00 0.00 0.00 0.00 0.00 0.00 0.00 0.00 -143.19 -11.39 -0.10 -0.01 -0.00 0.00 -0.04 -0.00 -0.07 -88.88 -694.18 -206.10 -33.55 -18.12 -1.08 -0.02 -32.25 -19.87 -37.58 -517.55 -1430.90 -679.67 -249.21 -196.15 -46.66 -7.77 -255.18 -219.30 -275.91 -1149.28 -2227.63 -1342.14 -701.43 -624.88 -254.09 -90.62 -727.42 -717.07 -756.39 -1872.29
0.00 0.00 0.00 0.00 0.00 0.00 0.00 0.00 0.00 0.00 -97.17 -3.89 -0.01 -0.00 0.00 0.00 -0.00 -0.00 -0.00 -14.51 -505.30 -95.58 -6.79 -3.25 -0.16 -0.00 -7.00 -11.33 -7.83 -139.75 -1080.49 -375.88 -81.37 -64.18 -13.85 -0.95 -96.94 -141.00 -99.71 -505.97 -1718.07 -824.13 -304.22 -283.86 -116.86 -21.49 -357.11 -459.88 -357.48 -1030.65
0.00 0.00 0.00 0.00 0.00 0.00 0.00 0.00 0.00 0.00 -77.64 -3.95 -0.01 -0.00 -0.00 0.00 -0.00 -0.00 -0.01 -42.56 -406.79 -89.25 -8.14 -3.60 -0.10 -0.00 -7.46 -3.11 -9.65 -247.63 -873.29 -333.04 -84.80 -61.07 -10.42 -1.53 -85.84 -63.33 -96.69 -553.53 -1391.69 -711.41 -288.67 -247.89 -83.74 -26.92 -280.84 -268.57 -322.50 -944.30
0.00 0.00 0.00 0.00 0.00 0.00 0.00 0.00 0.00 0.00 -31.10 -1.03 -0.00 -0.00 -0.00 0.00 -0.00 -0.00 -0.00 -2.19 -170.43 -27.96 -0.70 -0.74 -0.00 -0.00 -1.67 -1.42 -1.01 -42.48 -374.73 -118.87 -13.25 -18.01 -1.15 -0.16 -25.85 -25.61 -21.48 -163.11 -605.91 -272.39 -62.99 -83.14 -13.80 -4.64 -104.17 -103.10 -93.43 -344.14
0.00 0.00 0.00 0.00 0.00 0.00 0.00 0.00 0.00 0.00 -28.00 -0.92 -0.00 -0.00 -0.00 0.00 -0.00 -0.00 -0.00 -6.46 -153.42 -24.83 -1.46 -0.67 -0.01 -0.00 -1.67 -0.38 -2.69 -61.43 -337.32 -105.76 -20.04 -16.53 -1.71 -0.10 -24.91 -11.66 -31.38 -179.69 -545.40 -243.13 -78.97 -77.27 -18.29 -3.54 -96.37 -60.73 -111.04 -337.45
0.00 0.00 0.00 0.00 0.00 0.00 0.00 0.00 0.00 0.00 -28.00 -0.92 -0.00 -0.00 -0.00 0.00 -0.00 -0.00 -0.00 -6.46 -153.42 -24.83 -1.46 -0.67 -0.01 -0.00 -1.67 -0.38 -2.69 -61.43 -337.32 -105.76 -20.04 -16.53 -1.71 -0.10 -24.91 -11.66 -31.38 -179.69 -545.40 -243.13 -78.97 -77.27 -18.29 -3.54 -96.37 -60.73 -111.04 -337.45
0.00 0.00 0.00 0.00 0.00 0.00 0.00 0.00 0.00 0.00 -28.00 -0.92 -0.00 -0.00 -0.00 0.00 -0.00 -0.00 -0.00 -6.46 -153.42 -24.83 -1.46 -0.67 -0.01 -0.00 -1.67 -0.38 -2.69 -61.43 -337.32 -105.76 -20.04 -16.53 -1.71 -0.10 -24.91 -11.66 -31.38 -179.69 -545.40 -243.13 -78.97 -77.27 -18.29 -3.54 -96.37 -60.73 -111.04 -337.45
0.00 0.00 0.00 0.00 0.00 0.00 0.00 0.00 0.00 0.00 -28.00 -0.92 -0.00 -0.00 -0.00 0.00 -0.00 -0.00 -0.00 -6.46 -153.42 -24.83 -1.46 -0.67 -0.01 -0.00 -1.67 -0.38 -2.69 -61.43 -337.32 -105.76 -20.04 -16.53 -1.71 -0.10 -24.91 -11.66 -31.38 -179.69 -545.40 -243.13 -78.97 -77.27 -18.29 -3.54 -96.37 -60.73 -111.04 -337.45
0.00 0.00 0.00 0.00 0.00 0.00 0.00 0.00 0.00 0.00 -31.10 -1.03 -0.00 -0.00 -0.00 0.00 -0.00 -0.00 -0.00 -2.19 -170.43 -27.96 -0.70 -0.74 -0.00 -0.00 -1.67 -1.42 -1.01 -42.48 -374.73 -118.87 -13.25 -18.01 -1.15 -0.16 -25.85 -25.61 -21.48 -163.11 -605.91 -272.39 -62.99 -83.14 -13.80 -4.64 -104.17 -103.10 -93.43 -344.14
0.00 0.00 0.00 0.00 0.00 0.00 0.00 0.00 0.00 0.00 -26.55 -0.79 -0.00 -0.00 -0.00 0.00 -0.00 -0.00 -0.00 -7.95 -148.00 -22.27 -1.40 -0.44 -0.00 -0.00 -1.17 -0.26 -2.09 -68.30 -328.66 -96.62 -18.20 -12.32 -1.04 -0.06 -19.59 -8.89 -25.78 -191.46 -534.73 -224.50 -71.92 -62.38 -13.07 -2.73 -82.38 -51.36 -95.36 -354.86
0.00 0.00 0.00 0.00 0.00 0.00 0.00 0.00 0.00 0.00 -26.55 -0.79 -0.00 -0.00 -0.00 0.00 -0.00 -0.00 -0.00 -7.95 -148.00 -22.27 -1.40 -0.44 -0.00 -0.00 -1.17 -0.26 -2.09 -68.30 -328.66 -96.62 -18.20 -12.32 -1.04 -0.06 -19.59 -8.89 -25.78 -191.46 -534.73 -224.50 -71.92 -62.38 -13.07 -2.73 -82.38 -51.36 -95.36 -354.86
0.00 0.00 0.00 0.00 0.00 0.00 0.00 0.00 0.00 0.00 -26.55 -0.79 -0.00 -0.00 -0.00 0.00 -0.00 -0.00 -0.00 -7.95 -148.00 -22.27 -1.40 -0.44 -0.00 -0.00 -1.17 -0.26 -2.09 -68.30 -328.66 -96.62 -18.20 -12.32 -1.04 -0.06 -19.59 -8.89 -25.78 -191.46 -534.73 -224.50 -71.92 -62.38 -13.07 -2.73 -82.38 -51.36 -95.36 -354.86
0.00 0.00 0.00 0.00 0.00 0.00 0.00 0.00 0.00 0.00 -26.55 -0.79 -0.00 -0.00 -0.00 0.00 -0.00 -0.00 -0.00 -7.95 -148.00 -22.27 -1.40 -0.44 -0.00 -0.00 -1.17 -0.26 -2.09 -68.30 -328.66 -96.62 -18.20 -12.32 -1.04 -0.06 -19.59 -8.89 -25.78 -191.46 -534.73 -224.50 -71.92 -62.38 -13.07 -2.73 -82.38 -51.36 -95.36 -354.86
0.00 0.00 0.00 0.00 0.00 0.00 0.00 0.00 0.00 0.00 -26.55 -0.79 -0.00 -0.00 -0.00 0.00 -0.00 -0.00 -0.00 -7.95 -148.00 -22.27 -1.40 -0.44 -0.00 -0.00 -1.17 -0.26 -2.09 -68.30 -328.66 -96.62 -18.20 -12.32 -1.04 -0.06 -19.59 -8.89 -25.78 -191.46 -534.73 -224.50 -71.92 -62.38 -13.07 -2.73 -82.38 -51.36 -95.36 -354.86
0.00 0.00 0.00 0.00 0.00 0.00 0.00 0.00 0.00 0.00 -26.55 -0.79 -0.00 -0.00 -0.00 0.00 -0.00 -0.00 -0.00 -7.95 -148.00 -22.27 -1.40 -0.44 -0.00 -0.00 -1.17 -0.26 -2.09 -68.30 -328.66 -96.62 -18.20 -12.32 -1.04 -0.06 -19.59 -8.89 -25.78 -191.46 -534.73 -224.50 -71.92 -62.38 -13.07 -2.73 -82.38 -51.36 -95.36 -354.86
0.00 0.00 0.00 0.00 0.00 0.00 0.00 0.00 0.00 0.00 -27.16 -0.85 -0.00 -0.00 -0.00 0.00 -0.00 -0.00 -0.00 -8.54 -150.33 -23.38 -1.56 -0.60 -0.01 -0.00 -1.40 -0.28 -1.79 -71.11 -332.41 -100.22 -19.79 -14.49 -1.28 -0.10 -22.58 -9.71 -24.46 -196.69 -539.36 -230.97 -77.16 -69.01 -14.46 -3.33 -86.51 -53.00 -96.03 -362.28
0.00 0.00 0.00 0.00 0.00 0.00 0.00 0.00 0.00 0.00 -27.16 -0.85 -0.00 -0.00 -0.00 0.00 -0.00 -0.00 -0.00 -8.54 -150.33 -23.38 -1.56 -0.60 -0.01 -0.00 -1.40 -0.28 -1.79 -71.11 -332.41 -100.22 -19.79 -14.49 -1.28 -0.10 -22.58 -9.71 -24.46 -196.69 -539.36 -230.97 -77.16 -69.01 -14.46 -3.33 -86.51 -53.00 -96.03 -362.28
0.00 0.00 0.00 0.00 0.00 0.00 0.00 0.00 0.00 0.00 -27.16 -0.85 -0.00 -0.00 -0.00 0.00 -0.00 -0.00 -0.00 -8.54 -150.33 -23.38 -1.56 -0.60 -0.01 -0.00 -1.40 -0.28 -1.79 -71.11 -332.41 -100.22 -19.79 -14.49 -1.28 -0.10 -22.58 -9.71 -24.46 -196.69 -539.36 -230.97 -77.16 -69.01 -14.46 -3.33 -86.51 -53.00 -96.03 -362.28
0.00 0.00 0.00 0.00 0.00 0.00 0.00 0.00 0.00 0.00 -27.16 -0.85 -0.00 -0.00 -0.00 0.00 -0.00 -0.00 -0.00 -8.54 -150.33 -23.38 -1.56 -0.60 -0.01 -0.00 -1.40 -0.28 -1.79 -71.11 -332.41 -100.22 -19.79 -14.49 -1.28 -0.10 -22.58 -9.71 -24.46 -196.69 -539.36 -230.97 -77.16 -69.01 -14.46 -3.33 -86.51 -53.00 -96.03 -362.28
0.00 0.00 0.00 0.00 0.00 0.00 0.00 0.00 0.00 0.00 -26.67 -0.80 -0.00 -0.00 -0.00 0.00 -0.00 -0.00 -0.00 -8.08 -148.46 -22.48 -1.43 -0.46 -0.00 -0.00 -1.22 -0.32 -2.16 -69.05 -329.40 -97.31 -18.60 -12.42 -1.11 -0.08 -19.99 -12.84 -26.78 -192.85 -535.65 -225.74 -73.23 -62.91 -13.77 -3.15 -78.89 -69.32 -99.38 -356.67
0.00 0.00 0.00 0.00 0.00 0.00 0.00 0.00 0.00 0.00 -26.67 -0.80 -0.00 -0.00 -0.00 0.00 -0.00 -0.00 -0.00 -8.08 -148.46 -22.48 -1.43 -0.46 -0.00 -0.00 -1.22 -0.32 -2.16 -69.05 -329.40 -97.31 -18.60 -12.42 -1.11 -0.08 -19.99 -12.84 -26.78 -192.85 -535.65 -225.74 -73.23 -62.91 -13.77 -3.15 -78.89 -69.32 -99.38 -356.67
0.00 0.00 0.00 0.00 0.00 0.00 0.00 0.00 0.00 0.00 -26.67 -0.80 -0.00 -0.00 -0.00 0.00 -0.00 -0.00 -0.00 -8.08 -148.46 -22.48 -1.43 -0.46 -0.00 -0.00 -1.22 -0.32 -2.16 -69.05 -329.40 -97.31 -18.60 -12.42 -1.11 -0.08 -19.99 -12.84 -26.78 -192.85 -535.65 -225.74 -73.23 -62.91 -13.77 -3.15 -78.89 -69.32 -99.38 -356.67
0.00 0.00 0.00 0.00 0.00 0.00 0.00 0.00 0.00 0.00 -26.67 -0.80 -0.00 -0.00 -0.00 0.00 -0.00 -0.00 -0.00 -8.08 -148.46 -22.48 -1.43 -0.46 -0.00 -0.00 -1.22 -0.32 -2.16 -69.05 -329.40 -97.31 -18.60 -12.42 -1.11 -0.08 -19.99 -12.84 -26.78 -192.85 -535.65 -225.74 -73.23 -62.91 -13.77 -3.15 -78.89 -69.32 -99.38 -356.67
0.00 0.00 0.00 0.00 0.00 0.00 0.00 0.00 0.00 0.00 -26.67 -0.80 -0.00 -0.00 -0.00 0.00 -0.00 -0.00 -0.00 -8.08 -148.46 -22.48 -1.43 -0.46 -0.00 -0.00 -1.22 -0.32 -2.16 -69.05 -329.40 -97.31 -18.60 -12.42 -1.11 -0.08 -19.99 -12.84 -26.78 -192.85 -535.65 -225.74 -73.23 -62.91 -13.77 -3.15 -78.89 -69.32 -99.38 -356.67
0.00 0.00 0.00 0.00 0.00 0.00 0.00 0.00 0.00 0.00 -26.67 -0.80 -0.00 -0.00 -0.00 0.00 -0.00 -0.00 -0.00 -8.08 -148.46 -22.48 -1.43 -0.46 -0.00 -0.00 -1.22 -0.32 -2.16 -69.05 -329.40 -97.31 -18.60 -12.42 -1.11 -0.08 -19.99 -12.84 -26.78 -192.85 -535.65 -225.74 -73.23 -62.91 -13.77 -3.15 -78.89 -69.32 -99.38 -356.67
0.00 0.00 0.00 0.00 0.00 0.00 0.00 0.00 0.00 0.00 -26.67 -0.80 -0.00 -0.00 -0.00 0.00 -0.00 -0.00 -0.00 -8.08 -148.46 -22.48 -1.43 -0.46 -0.00 -0.00 -1.22 -0.32 -2.16 -69.05 -329.40 -97.31 -18.60 -12.42 -1.11 -0.08 -19.99 -12.84 -26.78 -192.85 -535.65 -225.74 -73.23 -62.91 -13.77 -3.15 -78.89 -69.32 -99.38 -356.67
0.00 0.00 0.00 0.00 0.00 0.00 0.00 0.00 0.00 0.00 -26.67 -0.80 -0.00 -0.00 -0.00 0.00 -0.00 -0.00 -0.00 -8.08 -148.46 -22.48 -1.43 -0.46 -0.00 -0.00 -1.22 -0.32 -2.16 -69.05 -329.40 -97.31 -18.60 -12.42 -1.11 -0.08 -19.99 -12.84 -26.78 -192.85 -535.65 -225.74 -73.23 -62.91 -13.77 -3.15 -78.89 -69.32 -99.38 -356.67
0.00 0.00 0.00 0.00 0.00 0.00 0.00 0.00 0.00 0.00 -26.67 -0.80 -0.00 -0.00 -0.00 0.00 -0.00 -0.00 -0.00 -8.08 -148.46 -22.48 -1.43 -0.46 -0.00 -0.00 -1.22 -0.32 -2.16 -69.05 -329.40 -97.31 -18.60 -12.42 -1.11 -0.08 -19.99 -12.84 -26.78 -192.85 -535.65 -225.74 -73.23 -62.91 -13.77 -3.15 -78.89 -69.32 -99.38 -356.67
0.00 0.00 0.00 0.00 0.00 0.00 0.00 0.00 0.00 0.00 -26.67 -0.80 -0.00 -0.00 -0.00 0.00 -0.00 -0.00 -0.00 -8.08 -148.46 -22.48 -1.43 -0.46 -0.00 -0.00 -1.22 -0.32 -2.16 -69.05 -329.40 -97.31 -18.60 -12.42 -1.11 -0.08 -19.99 -12.84 -26.78 -192.85 -535.65 -225.74 -73.23 -62.91 -13.77 -3.15 -78.89 -69.32 -99.38 -356.67
0.00 0.00 0.00 0.00 0.00 0.00 0.00 0.00 0.00 0.00 -26.67 -0.80 -0.00 -0.00 -0.00 0.00 -0.00 -0.00 -0.00 -8.08 -148.46 -22.48 -1.43 -0.46 -0.00 -0.00 -1.22 -0.32 -2.16 -69.05 -329.40 -97.31 -18.60 -12.42 -1.11 -0.08 -19.99 -12.84 -26.78 -192.85 -535.65 -225.74 -73.23 -62.91 -13.77 -3.15 -78.89 -69.32 -99.38 -356.67
0.00 0.00 0.00 0.00 0.00 0.00 0.00 0.00 0.00 0.00 -26.67 -0.80 -0.00 -0.00 -0.00 0.00 -0.00 -0.00 -0.00 -8.08 -148.46 -22.48 -1.43 -0.46 -0.00 -0.00 -1.22 -0.32 -2.16 -69.05 -329.40 -97.31 -18.60 -12.42 -1.11 -0.08 -19.99 -12.84 -26.78 -192.85 -535.65 -225.74 -73.23 -62.91 -13.77 -3.15 -78.89 -69.32 -99.38 -356.67
0.00 0.00 0.00 0.00 0.00 0.00 0.00 0.00 0.00 0.00 -26.67 -0.80 -0.00 -0.00 -0.00 0.00 -0.00 -0.00 -0.00 -8.08 -148.46 -22.48 -1.43 -0.46 -0.00 -0.00 -1.22 -0.32 -2.16 -69.05 -329.40 -97.31 -18.60 -12.42 -1.11 -0.08 -19.99 -12.84 -26.78 -192.85 -535.65 -225.74 -73.23 -62.91 -13.77 -3.15 -78.89 -69.32 -99.38 -356.67
0.00 0.00 0.00 0.00 0.00 0.00 0.00 0.00 0.00 0.00 -26.67 -0.80 -0.00 -0.00 -0.00 0.00 -0.00 -0.00 -0.00 -8.08 -148.46 -22.48 -1.43 -0.46 -0.00 -0.00 -1.22 -0.32 -2.16 -69.05 -329.40 -97.31 -18.60 -12.42 -1.11 -0.08 -19.99 -12.84 -26.78 -192.85 -535.65 -225.74 -73.23 -62.91 -13.77 -3.15 -78.89 -69.32 -99.38 -356.67
0.00 0.00 0.00 0.00 0.00 0.00 0.00 0.00 0.00 0.00 -26.67 -0.80 -0.00 -0.00 -0.00 0.00 -0.00 -0.00 -0.00 -8.08 -148.46 -22.48 -1.43 -0.46 -0.00 -0.00 -1.22 -0.32 -2.16 -69.05 -329.40 -97.31 -18.60 -12.42 -1.11 -0.08 -19.99 -12.84 -26.78 -192.85 -535.65 -225.74 -73.23 -62.91 -13.77 -3.15 -78.89 -69.32 -99.38 -356.67
0.00 0.00 0.00 0.00 0.00 0.00 0.00 0.00 0.00 0.00 -26.67 -0.80 -0.00 -0.00 -0.00 0.00 -0.00 -0.00 -0.00 -8.08 -148.46 -22.48 -1.43 -0.46 -0.00 -0.00 -1.22 -0.32 -2.16 -69.05 -329.40 -97.31 -18.60 -12.42 -1.11 -0.08 -19.99 -12.84 -26.78 -192.85 -535.65 -225.74 -73.23 -62.91 -13.77 -3.15 -78.89 -69.32 -99.38 -356.67
0.00 0.00 0.00 0.00 0.00 0.00 0.00 0.00 0.00 0.00 -26.67 -0.80 -0.00 -0.00 -0.00 0.00 -0.00 -0.00 -0.00 -8.08 -148.46 -22.48 -1.43 -0.46 -0.00 -0.00 -1.22 -0.32 -2.16 -69.05 -329.40 -97.31 -18.60 -12.42 -1.11 -0.08 -19.99 -12.84 -26.78 -192.85 -535.65 -225.74 -73.23 -62.91 -13.77 -3.15 -78.89 -69.32 -99.38 -356.67
0.00 0.00 0.00 0.00 0.00 0.00 0.00 0.00 0.00 0.00 -26.67 -0.80 -0.00 -0.00 -0.00 0.00 -0.00 -0.00 -0.00 -8.08 -148.46 -22.48 -1.43 -0.46 -0.00 -0.00 -1.22 -0.32 -2.16 -69.05 -329.40 -97.31 -18.60 -12.42 -1.11 -0.08 -19.99 -12.84 -26.78 -192.85 -535.65 -225.74 -73.23 -62.91 -13.77 -3.15 -78.89 -69.32 -99.38 -356.67
0.00 0.00 0.00 0.00 0.00 0.00 0.00 0.00 0.00 0.00 -26.67 -0.80 -0.00 -0.00 -0.00 0.00 -0.00 -0.00 -0.00 -8.08 -148.46 -22.48 -1.43 -0.46 -0.00 -0.00 -1.22 -0.32 -2.16 -69.05 -329.40 -97.31 -18.60 -12.42 -1.11 -0.08 -19.99 -12.84 -26.78 -192.85 -535.65 -225.74 -73.23 -62.91 -13.77 -3.15 -78.89 -69.32 -99.38 -356.67
0.00 0.00 0.00 0.00 0.00 0.00 0.00 0.00 0.00 0.00 -26.67 -0.80 -0.00 -0.00 -0.00 0.00 -0.00 -0.00 -0.00 -8.08 -148.46 -22.48 -1.43 -0.46 -0.00 -0.00 -1.22 -0.32 -2.16 -69.05 -329.40 -97.31 -18.60 -12.42 -1.11 -0.08 -19.99 -12.84 -26.78 -192.85 -535.65 -225.74 -73.23 -62.91 -13.77 -3.15 -78.89 -69.32 -99.38 -356.67
0.00 0.00 0.00 0.00 0.00 0.00 0.00 0.00 0.00 0.00 -26.67 -0.80 -0.00 -0.00 -0.00 0.00 -0.00 -0.00 -0.00 -8.08 -148.46 -22.48 -1.43 -0.46 -0.00 -0.00 -1.22 -0.32 -2.16 -69.05 -329.40 -97.31 -18.60 -12.42 -1.11 -0.08 -19.99 -12.84 -26.78 -192.85 -535.65 -225.74 -73.23 -62.91 -13.77 -3.15 -78.89 -69.32 -99.38 -356.67
0.00 0.00 0.00 0.00 0.00 0.00 0.00 0.00 0.00 0.00 -26.67 -0.80 -0.00 -0.00 -0.00 0.00 -0.00 -0.00 -0.00 -8.08 -148.46 -22.48 -1.43 -0.46 -0.00 -0.00 -1.22 -0.32 -2.16 -69.05 -329.40 -97.31 -18.60 -12.42 -1.11 -0.08 -19.99 -12.84 -26.78 -192.85 -535.65 -225.74 -73.23 -62.91 -13.77 -3.15 -78.89 -69.32 -99.38 -356.67
0.00 0.00 0.00 0.00 0.00 0.00 0.00 0.00 0.00 0.00 -26.67 -0.80 -0.00 -0.00 -0.00 0.00 -0.00 -0.00 -0.00 -8.08 -148.46 -22.48 -1.43 -0.46 -0.00 -0.00 -1.22 -0.32 -2.16 -69.05 -329.40 -97.31 -18.60 -12.42 -1.11 -0.08 -19.99 -12.84 -26.78 -192.85 -535.65 -225.74 -73.23 -62.91 -13.77 -3.15 -78.89 -69.32 -99.38 -356.67
0.00 0.00 0.00 0.00 0.00 0.00 0.00 0.00 0.00 0.00 -26.67 -0.80 -0.00 -0.00 -0.00 0.00 -0.00 -0.00 -0.00 -8.08 -148.46 -22.48 -1.43 -0.46 -0.00 -0.00 -1.22 -0.32 -2.16 -69.05 -329.40 -97.31 -18.60 -12.42 -1.11 -0.08 -19.99 -12.84 -26.78 -192.85 -535.65 -225.74 -73.23 -62.91 -13.77 -3.15 -78.89 -69.32 -99.38 -356.67
0.00 0.00 0.00 0.00 0.00 0.00 0.00 0.00 0.00 0.00 -26.67 -0.80 -0.00 -0.00 -0.00 0.00 -0.00 -0.00 -0.00 -8.08 -148.46 -22.48 -1.43 -0.46 -0.00 -0.00 -1.22 -0.32 -2.16 -69.05 -329.40 -97.31 -18.60 -12.42 -1.11 -0.08 -19.99 -12.84 -26.78 -192.85 -535.65 -225.74 -73.23 -62.91 -13.77 -3.15 -78.89 -69.32 -99.38 -356.67
0.00 0.00 0.00 0.00 0.00 0.00 0.00 0.00 0.00 0.00 -26.67 -0.80 -0.00 -0.00 -0.00 0.00 -0.00 -0.00 -0.00 -8.08 -148.46 -22.48 -1.43 -0.46 -0.00 -0.00 -1.22 -0.32 -2.16 -69.05 -329.40 -97.31 -18.60 -12.42 -1.11 -0.08 -19.99 -12.84 -26.78 -192.85 -535.65 -225.74 -73.23 -62.91 -13.77 -3.15 -78.89 -69.32 -99.38 -356.67
0.00 0.00 0.00 0.00 0.00 0.00 0.00 0.00 0.00 0.00 -26.67 -0.80 -0.00 -0.00 -0.00 0.00 -0.00 -0.00 -0.00 -8.08 -148.46 -22.48 -1.43 -0.46 -0.00 -0.00 -1.22 -0.32 -2.16 -69.05 -329.40 -97.31 -18.60 -12.42 -1.11 -0.08 -19.99 -12.84 -26.78 -192.85 -535.65 -225.74 -73.23 -62.91 -13.77 -3.15 -78.89 -69.32 -99.38 -356.67
0.00 0.00 0.00 0.00 0.00 0.00 0.00 0.00 0.00 0.00 -26.67 -0.80 -0.00 -0.00 -0.00 0.00 -0.00 -0.00 -0.00 -8.08 -148.46 -22.48 -1.43 -0.46 -0.00 -0.00 -1.22 -0.32 -2.16 -69.05 -329.40 -97.31 -18.60 -12.42 -1.11 -0.08 -19.99 -12.84 -26.78 -192.85 -535.65 -225.74 -73.23 -62.91 -13.77 -3.15 -78.89 -69.32 -99.38 -356.67
0.00 0.00 0.00 0.00 0.00 0.00 0.00 0.00 0.00 0.00 -26.67 -0.80 -0.00 -0.00 -0.00 0.00 -0.00 -0.00 -0.00 -8.08 -148.46 -22.48 -1.43 -0.46 -0.00 -0.00 -1.22 -0.32 -2.16 -69.05 -329.40 -97.31 -18.60 -12.42 -1.11 -0.08 -19.99 -12.84 -26.78 -192.85 -535.65 -225.74 -73.23 -62.91 -13.77 -3.15 -78.89 -69.32 -99.38 -356.67
0.00 0.00 0.00 0.00 0.00 0.00 0.00 0.00 0.00 0.00 -26.67 -0.80 -0.00 -0.00 -0.00 0.00 -0.00 -0.00 -0.00 -8.08 -148.46 -22.48 -1.43 -0.46 -0.00 -0.00 -1.22 -0.32 -2.16 -69.05 -329.40 -97.31 -18.60 -12.42 -1.11 -0.08 -19.99 -12.84 -26.78 -192.85 -535.65 -225.74 -73.23 -62.91 -13.77 -3.15 -78.89 -69.32 -99.38 -356.67
0.00 0.00 0.00 0.00 0.00 0.00 0.00 0.00 0.00 0.00 -26.67 -0.80 -0.00 -0.00 -0.00 0.00 -0.00 -0.00 -0.00 -8.08 -148.46 -22.48 -1.43 -0.46 -0.00 -0.00 -1.22 -0.32 -2.16 -69.05 -329.40 -97.31 -18.60 -12.42 -1.11 -0.08 -19.99 -12.84 -26.78 -192.85 -535.65 -225.74 -73.23 -62.91 -13.77 -3.15 -78.89 -69.32 -99.38 -356.67
0.00 0.00 0.00 0.00 0.00 0.00 0.00 0.00 0.00 0.00 -26.67 -0.80 -0.00 -0.00 -0.00 0.00 -0.00 -0.00 -0.00 -8.08 -148.46 -22.48 -1.43 -0.46 -0.00 -0.00 -1.22 -0.32 -2.16 -69.05 -329.40 -97.31 -18.60 -12.42 -1.11 -0.08 -19.99 -12.84 -26.78 -192.85 -535.65 -225.74 -73.23 -62.91 -13.77 -3.15 -78.89 -69.32 -99.38 -356.67
0.00 0.00 0.00 0.00 0.00 0.00 0.00 0.00 0.00 0.00 -26.67 -0.80 -0.00 -0.00 -0.00 0.00 -0.00 -0.00 -0.00 -8.08 -148.46 -22.48 -1.43 -0.46 -0.00 -0.00 -1.22 -0.32 -2.16 -69.05 -329.40 -97.31 -18.60 -12.42 -1.11 -0.08 -19.99 -12.84 -26.78 -192.85 -535.65 -225.74 -73.23 -62.91 -13.77 -3.15 -78.89 -69.32 -99.38 -356.67
0.00 0.00 0.00 0.00 0.00 0.00 0.00 0.00 0.00 0.00 -26.67 -0.80 -0.00 -0.00 -0.00 0.00 -0.00 -0.00 -0.00 -8.08 -148.46 -22.48 -1.43 -0.46 -0.00 -0.00 -1.22 -0.32 -2.16 -69.05 -329.40 -97.31 -18.60 -12.42 -1.11 -0.08 -19.99 -12.84 -26.78 -192.85 -535.65 -225.74 -73.23 -62.91 -13.77 -3.15 -78.89 -69.32 -99.38 -356.67
0.00 0.00 0.00 0.00 0.00 0.00 0.00 0.00 0.00 0.00 -26.67 -0.80 -0.00 -0.00 -0.00 0.00 -0.00 -0.00 -0.00 -8.08 -148.46 -22.48 -1.43 -0.46 -0.00 -0.00 -1.22 -0.32 -2.16 -69.05 -329.40 -97.31 -18.60 -12.42 -1.11 -0.08 -19.99 -12.84 -26.78 -192.85 -535.65 -225.74 -73.23 -62.91 -13.77 -3.15 -78.89 -69.32 -99.38 -356.67
0.00 0.00 0.00 0.00 0.00 0.00 0.00 0.00 0.00 0.00 -26.67 -0.80 -0.00 -0.00 -0.00 0.00 -0.00 -0.00 -0.00 -8.08 -148.46 -22.48 -1.43 -0.46 -0.00 -0.00 -1.22 -0.32 -2.16 -69.05 -329.40 -97.31 -18.60 -12.42 -1.11 -0.08 -19.99 -12.84 -26.78 -192.85 -535.65 -225.74 -73.23 -62.91 -13.77 -3.15 -78.89 -69.32 -99.38 -356.67
0.00 0.00 0.00 0.00 0.00 0.00 0.00 0.00 0.00 0.00 -26.67 -0.80 -0.00 -0.00 -0.00 0.00 -0.00 -0.00 -0.00 -8.08 -148.46 -22.48 -1.43 -0.46 -0.00 -0.00 -1.22 -0.32 -2.16 -69.05 -329.40 -97.31 -18.60 -12.42 -1.11 -0.08 -19.99 -12.84 -26.78 -192.85 -535.65 -225.74 -73.23 -62.91 -13.77 -3.15 -78.89 -69.32 -99.38 -356.67
0.00 0.00 0.00 0.00 0.00 0.00 0.00 0.00 0.00 0.00 -26.67 -0.80 -0.00 -0.00 -0.00 0.00 -0.00 -0.00 -0.00 -8.08 -148.46 -22.48 -1.43 -0.46 -0.00 -0.00 -1.22 -0.32 -2.16 -69.05 -329.40 -97.31 -18.60 -12.42 -1.11 -0.08 -19.99 -12.84 -26.78 -192.85 -535.65 -225.74 -73.23 -62.91 -13.77 -3.15 -78.89 -69.32 -99.38 -356.67
0.00 0.00 0.00 0.00 0.00 0.00 0.00 0.00 0.00 0.00 -26.67 -0.80 -0.00 -0.00 -0.00 0.00 -0.00 -0.00 -0.00 -8.08 -148.46 -22.48 -1.43 -0.46 -0.00 -0.00 -1.22 -0.32 -2.16 -69.05 -329.40 -97.31 -18.60 -12.42 -1.11 -0.08 -19.99 -12.84 -26.78 -192.85 -535.65 -225.74 -73.23 -62.91 -13.77 -3.15 -78.89 -69.32 -99.38 -356.67
0.00 0.00 0.00 0.00 0.00 0.00 0.00 0.00 0.00 0.00 -26.67 -0.80 -0.00 -0.00 -0.00 0.00 -0.00 -0.00 -0.00 -8.08 -148.46 -22.48 -1.43 -0.46 -0.00 -0.00 -1.22 -0.32 -2.16 -69.05 -329.40 -97.31 -18.60 -12.42 -1.11 -0.08 -19.99 -12.84 -26.78 -192.85 -535.65 -225.74 -73.23 -62.91 -13.77 -3.15 -78.89 -69.32 -99.38 -356.67
0.00 0.00 0.00 0.00 0.00 0.00 0.00 0.00 0.00 0.00 -26.67 -0.80 -0.00 -0.00 -0.00 0.00 -0.00 -0.00 -0.00 -8.08 -148.46 -22.48 -1.43 -0.46 -0.00 -0.00 -1.22 -0.32 -2.16 -69.05 -329.40 -97.31 -18.60 -12.42 -1.11 -0.08 -19.99 -12.84 -26.78 -192.85 -535.65 -225.74 -73.23 -62.91 -13.77 -3.15 -78.89 -69.32 -99.38 -356.67
0.00 0.00 0.00 0.00 0.00 0.00 0.00 0.00 0.00 0.00 -26.67 -0.80 -0.00 -0.00 -0.00 0.00 -0.00 -0.00 -0.00 -8.08 -148.46 -22.48 -1.43 -0.46 -0.00 -0.00 -1.22 -0.32 -2.16 -69.05 -329.40 -97.31 -18.60 -12.42 -1.11 -0.08 -19.99 -12.84 -26.78 -192.85 -535.65 -225.74 -73.23 -62.91 -13.77 -3.15 -78.89 -69.32 -99.38 -356.67
0.00 0.00 0.00 0.00 0.00 0.00 0.00 0.00 0.00 0.00 -26.67 -0.80 -0.00 -0.00 -0.00 0.00 -0.00 -0.00 -0.00 -8.08 -148.46 -22.48 -1.43 -0.46 -0.00 -0.00 -1.22 -0.32 -2.16 -69.05 -329.40 -97.31 -18.60 -12.42 -1.11 -0.08 -19.99 -12.84 -26.78 -192.85 -535.65 -225.74 -73.23 -62.91 -13.77 -3.15 -78.89 -69.32 -99.38 -356.67
0.00 0.00 0.00 0.00 0.00 0.00 0.00 0.00 0.00 0.00 -26.67 -0.80 -0.00 -0.00 -0.00 0.00 -0.00 -0.00 -0.00 -8.08 -148.46 -22.48 -1.43 -0.46 -0.00 -0.00 -1.22 -0.32 -2.16 -69.05 -329.40 -97.31 -18.60 -12.42 -1.11 -0.08 -19.99 -12.84 -26.78 -192.85 -535.65 -225.74 -73.23 -62.91 -13.77 -3.15 -78.89 -69.32 -99.38 -356.67
0.00 0.00 0.00 0.00 0.00 0.00 0.00 0.00 0.00 0.00 -26.67 -0.80 -0.00 -0.00 -0.00 0.00 -0.00 -0.00 -0.00 -8.08 -148.46 -22.48 -1.43 -0.46 -0.00 -0.00 -1.22 -0.32 -2.16 -69.05 -329.40 -97.31 -18.60 -12.42 -1.11 -0.08 -19.99 -12.84 -26.78 -192.85 -535.65 -225.74 -73.23 -62.91 -13.77 -3.15 -78.89 -69.32 -99.38 -356.67
0.00 0.00 0.00 0.00 0.00 0.00 0.00 0.00 0.00 0.00 -26.67 -0.80 -0.00 -0.00 -0.00 0.00 -0.00 -0.00 -0.00 -8.08 -148.46 -22.48 -1.43 -0.46 -0.00 -0.00 -1.22 -0.32 -2.16 -69.05 -329.40 -97.31 -18.60 -12.42 -1.11 -0.08 -19.99 -12.84 -26.78 -192.85 -535.65 -225.74 -73.23 -62.91 -13.77 -3.15 -78.89 -69.32 -99.38 -356.67
0.00 0.00 0.00 0.00 0.00 0.00 0.00 0.00 0.00 0.00 -26.67 -0.80 -0.00 -0.00 -0.00 0.00 -0.00 -0.00 -0.00 -8.08 -148.46 -22.48 -1.43 -0.46 -0.00 -0.00 -1.22 -0.32 -2.16 -69.05 -329.40 -97.31 -18.60 -12.42 -1.11 -0.08 -19.99 -12.84 -26.78 -192.85 -535.65 -225.74 -73.23 -62.91 -13.77 -3.15 -78.89 -69.32 -99.38 -356.67
0.00 0.00 0.00 0.00 0.00 0.00 0.00 0.00 0.00 0.00 -26.67 -0.80 -0.00 -0.00 -0.00 0.00 -0.00 -0.00 -0.00 -8.08 -148.46 -22.48 -1.43 -0.46 -0.00 -0.00 -1.22 -0.32 -2.16 -69.05 -329.40 -97.31 -18.60 -12.42 -1.11 -0.08 -19.99 -12.84 -26.78 -192.85 -535.65 -225.74 -73.23 -62.91 -13.77 -3.15 -78.89 -69.32 -99.38 -356.67
0.00 0.00 0.00 0.00 0.00 0.00 0.00 0.00 0.00 0.00 -26.67 -0.80 -0.00 -0.00 -0.00 0.00 -0.00 -0.00 -0.00 -8.08 -148.46 -22.48 -1.43 -0.46 -0.00 -0.00 -1.22 -0.32 -2.16 -69.05 -329.40 -97.31 -18.60 -12.42 -1.11 -0.08 -19.99 -12.84 -26.78 -192.85 -535.65 -225.74 -73.23 -62.91 -13.77 -3.15 -78.89 -69.32 -99.38 -356.67
0.00 0.00 0.00 0.00 0.00 0.00 0.00 0.00 0.00 0.00 -26.67 -0.80 -0.00 -0.00 -0.00 0.00 -0.00 -0.00 -0.00 -8.08 -148.46 -22.48 -1.43 -0.46 -0.00 -0.00 -1.22 -0.32 -2.16 -69.05 -329.40 -97.31 -18.60 -12.42 -1.11 -0.08 -19.99 -12.84 -26.78 -192.85 -535.65 -225.74 -73.23 -62.91 -13.77 -3.15 -78.89 -69.32 -99.38 -356.67
0.00 0.00 0.00 0.00 0.00 0.00 0.00 0.00 0.00 0.00 -26.67 -0.80 -0.00 -0.00 -0.00 0.00 -0.00 -0.00 -0.00 -8.08 -148.46 -22.48 -1.43 -0.46 -0.00 -0.00 -1.22 -0.32 -2.16 -69.05 -329.40 -97.31 -18.60 -12.42 -1.11 -0.08 -19.99 -12.84 -26.78 -192.85 -535.65 -225.74 -73.23 -62.91 -13.77 -3.15 -78.89 -69.32 -99.38 -356.67
0.00 0.00 0.00 0.00 0.00 0.00 0.00 0.00 0.00 0.00 -26.67 -0.80 -0.00 -0.00 -0.00 0.00 -0.00 -0.00 -0.00 -8.08 -148.46 -22.48 -1.43 -0.46 -0.00 -0.00 -1.22 -0.32 -2.16 -69.05 -329.40 -97.31 -18.60 -12.42 -1.11 -0.08 -19.99 -12.84 -26.78 -192.85 -535.65 -225.74 -73.23 -62.91 -13.77 -3.15 -78.89 -69.32 -99.38 -356.67
0.00 0.00 0.00 0.00 0.00 0.00 0.00 0.00 0.00 0.00 -26.67 -0.80 -0.00 -0.00 -0.00 0.00 -0.00 -0.00 -0.00 -8.08 -148.46 -22.48 -1.43 -0.46 -0.00 -0.00 -1.22 -0.32 -2.16 -69.05 -329.40 -97.31 -18.60 -12.42 -1.11 -0.08 -19.99 -12.84 -26.78 -192.85 -535.65 -225.74 -73.23 -62.91 -13.77 -3.15 -78.89 -69.32 -99.38 -356.67
0.00 0.00 0.00 0.00 0.00 0.00 0.00 0.00 0.00 0.00 -26.67 -0.80 -0.00 -0.00 -0.00 0.00 -0.00 -0.00 -0.00 -8.08 -148.46 -22.48 -1.43 -0.46 -0.00 -0.00 -1.22 -0.32 -2.16 -69.05 -329.40 -97.31 -18.60 -12.42 -1.11 -0.08 -19.99 -12.84 -26.78 -192.85 -535.65 -225.74 -73.23 -62.91 -13.77 -3.15 -78.89 -69.32 -99.38 -356.67
0.00 0.00 0.00 0.00 0.00 0.00 0.00 0.00 0.00 0.00 -26.67 -0.80 -0.00 -0.00 -0.00 0.00 -0.00 -0.00 -0.00 -8.08 -148.46 -22.48 -1.43 -0.46 -0.00 -0.00 -1.22 -0.32 -2.16 -69.05 -329.40 -97.31 -18.60 -12.42 -1.11 -0.08 -19.99 -12.84 -26.78 -192.85 -535.65 -225.74 -73.23 -62.91 -13.77 -3.15 -78.89 -69.32 -99.38 -356.67
0.00 0.00 0.00 0.00 0.00 0.00 0.00 0.00 0.00 0.00 -26.67 -0.80 -0.00 -0.00 -0.00 0.00 -0.00 -0.00 -0.00 -8.08 -148.46 -22.48 -1.43 -0.46 -0.00 -0.00 -1.22 -0.32 -2.16 -69.05 -329.40 -97.31 -18.60 -12.42 -1.11 -0.08 -19.99 -12.84 -26.78 -192.85 -535.65 -225.74 -73.23 -62.91 -13.77 -3.15 -78.89 -69.32 -99.38 -356.67
0.00 0.00 0.00 0.00 0.00 0.00 0.00 0.00 0.00 0.00 -26.67 -0.80 -0.00 -0.00 -0.00 0.00 -0.00 -0.00 -0.00 -8.08 -148.46 -22.48 -1.43 -0.46 -0.00 -0.00 -1.22 -0.32 -2.16 -69.05 -329.40 -97.31 -18.60 -12.42 -1.11 -0.08 -19.99 -12.84 -26.78 -192.85 -535.65 -225.74 -73.23 -62.91 -13.77 -3.15 -78.89 -69.32 -99.38 -356.67
0.00 0.00 0.00 0.00 0.00 0.00 0.00 0.00 0.00 0.00 -26.67 -0.80 -0.00 -0.00 -0.00 0.00 -0.00 -0.00 -0.00 -8.08 -148.46 -22.48 -1.43 -0.46 -0.00 -0.00 -1.22 -0.32 -2.16 -69.05 -329.40 -97.31 -18.60 -12.42 -1.11 -0.08 -19.99 -12.84 -26.78 -192.85 -535.65 -225.74 -73.23 -62.91 -13.77 -3.15 -78.89 -69.32 -99.38 -356.67
0.00 0.00 0.00 0.00 0.00 0.00 0.00 0.00 0.00 0.00 -26.67 -0.80 -0.00 -0.00 -0.00 0.00 -0.00 -0.00 -0.00 -8.08 -148.46 -22.48 -1.43 -0.46 -0.00 -0.00 -1.22 -0.32 -2.16 -69.05 -329.40 -97.31 -18.60 -12.42 -1.11 -0.08 -19.99 -12.84 -26.78 -192.85 -535.65 -225.74 -73.23 -62.91 -13.77 -3.15 -78.89 -69.32 -99.38 -356.67
0.00 0.00 0.00 0.00 0.00 0.00 0.00 0.00 0.00 0.00 -26.67 -0.80 -0.00 -0.00 -0.00 0.00 -0.00 -0.00 -0.00 -8.08 -148.46 -22.48 -1.43 -0.46 -0.00 -0.00 -1.22 -0.32 -2.16 -69.05 -329.40 -97.31 -18.60 -12.42 -1.11 -0.08 -19.99 -12.84 -26.78 -192.85 -535.65 -225.74 -73.23 -62.91 -13.77 -3.15 -78.89 -69.32 -99.38 -356.67
0.00 0.00 0.00 0.00 0.00 0.00 0.00 0.00 0.00 0.00 -26.67 -0.80 -0.00 -0.00 -0.00 0.00 -0.00 -0.00 -0.00 -8.08 -148.46 -22.48 -1.43 -0.46 -0.00 -0.00 -1.22 -0.32 -2.16 -69.05 -329.40 -97.31 -18.60 -12.42 -1.11 -0.08 -19.99 -12.84 -26.78 -192.85 -535.65 -225.74 -73.23 -62.91 -13.77 -3.15 -78.89 -69.32 -99.38 -356.67
0.00 0.00 0.00 0.00 0.00 0.00 0.00 0.00 0.00 0.00 -26.67 -0.80 -0.00 -0.00 -0.00 0.00 -0.00 -0.00 -0.00 -8.08 -148.46 -22.48 -1.43 -0.46 -0.00 -0.00 -1.22 -0.32 -2.16 -69.05 -329.40 -97.31 -18.60 -12.42 -1.11 -0.08 -19.99 -12.84 -26.78 -192.85 -535.65 -225.74 -73.23 -62.91 -13.77 -3.15 -78.89 -69.32 -99.38 -356.67
0.00 0.00 0.00 0.00 0.00 0.00 0.00 0.00 0.00 0.00 -26.67 -0.80 -0.00 -0.00 -0.00 0.00 -0.00 -0.00 -0.00 -8.08 -148.46 -22.48 -1.43 -0.46 -0.00 -0.00 -1.22 -0.32 -2.16 -69.05 -329.40 -97.31 -18.60 -12.42 -1.11 -0.08 -19.99 -12.84 -26.78 -192.85 -535.65 -225.74 -73.23 -62.91 -13.77 -3.15 -78.89 -69.32 -99.38 -356.67
0.00 0.00 0.00 0.00 0.00 0.00 0.00 0.00 0.00 0.00 -26.67 -0.80 -0.00 -0.00 -0.00 0.00 -0.00 -0.00 -0.00 -8.08 -148.46 -22.48 -1.43 -0.46 -0.00 -0.00 -1.22 -0.32 -2.16 -69.05 -329.40 -97.31 -18.60 -12.42 -1.11 -0.08 -19.99 -12.84 -26.78 -192.85 -535.65 -225.74 -73.23 -62.91 -13.77 -3.15 -78.89 -69.32 -99.38 -356.67
0.00 0.00 0.00 0.00 0.00 0.00 0.00 0.00 0.00 0.00 -26.67 -0.80 -0.00 -0.00 -0.00 0.00 -0.00 -0.00 -0.00 -8.08 -148.46 -22.48 -1.43 -0.46 -0.00 -0.00 -1.22 -0.32 -2.16 -69.05 -329.40 -97.31 -18.60 -12.42 -1.11 -0.08 -19.99 -12.84 -26.78 -192.85 -535.65 -225.74 -73.23 -62.91 -13.77 -3.15 -78.89 -69.32 -99.38 -356.67
0.00 0.00 0.00 0.00 0.00 0.00 0.00 0.00 0.00 0.00 -26.67 -0.80 -0.00 -0.00 -0.00 0.00 -0.00 -0.00 -0.00 -8.08 -148.46 -22.48 -1.43 -0.46 -0.00 -0.00 -1.22 -0.32 -2.16 -69.05 -329.40 -97.31 -18.60 -12.42 -1.11 -0.08 -19.99 -12.84 -26.78 -192.85 -535.65 -225.74 -73.23 -62.91 -13.77 -3.15 -78.89 -69.32 -99.38 -356.67
0.00 0.00 0.00 0.00 0.00 0.00 0.00 0.00 0.00 0.00 -26.67 -0.80 -0.00 -0.00 -0.00 0.00 -0.00 -0.00 -0.00 -8.08 -148.46 -22.48 -1.43 -0.46 -0.00 -0.00 -1.22 -0.32 -2.16 -69.05 -329.40 -97.31 -18.60 -12.42 -1.11 -0.08 -19.99 -12.84 -26.78 -192.85 -535.65 -225.74 -73.23 -62.91 -13.77 -3.15 -78.89 -69.32 -99.38 -356.67
0.00 0.00 0.00 0.00 0.00 0.00 0.00 0.00 0.00 0.00 -26.67 -0.80 -0.00 -0.00 -0.00 0.00 -0.00 -0.00 -0.00 -8.08 -148.46 -22.48 -1.43 -0.46 -0.00 -0.00 -1.22 -0.32 -2.16 -69.05 -329.40 -97.31 -18.60 -12.42 -1.11 -0.08 -19.99 -12.84 -26.78 -192.85 -535.65 -225.74 -73.23 -62.91 -13.77 -3.15 -78.89 -69.32 -99.38 -356.67
0.00 0.00 0.00 0.00 0.00 0.00 0.00 0.00 0.00 0.00 -26.67 -0.80 -0.00 -0.00 -0.00 0.00 -0.00 -0.00 -0.00 -8.08 -148.46 -22.48 -1.43 -0.46 -0.00 -0.00 -1.22 -0.32 -2.16 -69.05 -329.40 -97.31 -18.60 -12.42 -1.11 -0.08 -19.99 -12.84 -26.78 -192.85 -535.65 -225.74 -73.23 -62.91 -13.77 -3.15 -78.89 -69.32 -99.38 -356.67
0.00 0.00 0.00 0.00 0.00 0.00 0.00 0.00 0.00 0.00 -26.67 -0.80 -0.00 -0.00 -0.00 0.00 -0.00 -0.00 -0.00 -8.08 -148.46 -22.48 -1.43 -0.46 -0.00 -0.00 -1.22 -0.32 -2.16 -69.05 -329.40 -97.31 -18.60 -12.42 -1.11 -0.08 -19.99 -12.84 -26.78 -192.85 -535.65 -225.74 -73.23 -62.91 -13.77 -3.15 -78.89 -69.32 -99.38 -356.67
0.00 0.00 0.00 0.00 0.00 0.00 0.00 0.00 0.00 0.00 -26.67 -0.80 -0.00 -0.00 -0.00 0.00 -0.00 -0.00 -0.00 -8.08 -148.46 -22.48 -1.43 -0.46 -0.00 -0.00 -1.22 -0.32 -2.16 -69.05 -329.40 -97.31 -18.60 -12.42 -1.11 -0.08 -19.99 -12.84 -26.78 -192.85 -535.65 -225.74 -73.23 -62.91 -13.77 -3.15 -78.89 -69.32 -99.38 -356.67
0.00 0.00 0.00 0.00 0.00 0.00 0.00 0.00 0.00 0.00 -26.67 -0.80 -0.00 -0.00 -0.00 0.00 -0.00 -0.00 -0.00 -8.08 -148.46 -22.48 -1.43 -0.46 -0.00 -0.00 -1.22 -0.32 -2.16 -69.05 -329.40 -97.31 -18.60 -12.42 -1.11 -0.08 -19.99 -12.84 -26.78 -192.85 -535.65 -225.74 -73.23 -62.91 -13.77 -3.15 -78.89 -69.32 -99.38 -356.67
0.00 0.00 0.00 0.00 0.00 0.00 0.00 0.00 0.00 0.00 -26.67 -0.80 -0.00 -0.00 -0.00 0.00 -0.00 -0.00 -0.00 -8.08 -148.46 -22.48 -1.43 -0.46 -0.00 -0.00 -1.22 -0.32 -2.16 -69.05 -329.40 -97.31 -18.60 -12.42 -1.11 -0.08 -19.99 -12.84 -26.78 -192.85 -535.65 -225.74 -73.23 -62.91 -13.77 -3.15 -78.89 -69.32 -99.38 -356.67
0.00 0.00 0.00 0.00 0.00 0.00 0.00 0.00 0.00 0.00 -26.67 -0.80 -0.00 -0.00 -0.00 0.00 -0.00 -0.00 -0.00 -8.08 -148.46 -22.48 -1.43 -0.46 -0.00 -0.00 -1.22 -0.32 -2.16 -69.05 -329.40 -97.31 -18.60 -12.42 -1.11 -0.08 -19.99 -12.84 -26.78 -192.85 -535.65 -225.74 -73.23 -62.91 -13.77 -3.15 -78.89 -69.32 -99.38 -356.67
0.00 0.00 0.00 0.00 0.00 0.00 0.00 0.00 0.00 0.00 -26.67 -0.80 -0.00 -0.00 -0.00 0.00 -0.00 -0.00 -0.00 -8.08 -148.46 -22.48 -1.43 -0.46 -0.00 -0.00 -1.22 -0.32 -2.16 -69.05 -329.40 -97.31 -18.60 -12.42 -1.11 -0.08 -19.99 -12.84 -26.78 -192.85 -535.65 -225.74 -73.23 -62.91 -13.77 -3.15 -78.89 -69.32 -99.38 -356.67
0.00 0.00 0.00 0.00 0.00 0.00 0.00 0.00 0.00 0.00 -26.67 -0.80 -0.00 -0.00 -0.00 0.00 -0.00 -0.00 -0.00 -8.08 -148.46 -22.48 -1.43 -0.46 -0.00 -0.00 -1.22 -0.32 -2.16 -69.05 -329.40 -97.31 -18.60 -12.42 -1.11 -0.08 -19.99 -12.84 -26.78 -192.85 -535.65 -225.74 -73.23 -62.91 -13.77 -3.15 -78.89 -69.32 -99.38 -356.67
0.00 0.00 0.00 0.00 0.00 0.00 0.00 0.00 0.00 0.00 -26.67 -0.80 -0.00 -0.00 -0.00 0.00 -0.00 -0.00 -0.00 -8.08 -148.46 -22.48 -1.43 -0.46 -0.00 -0.00 -1.22 -0.32 -2.16 -69.05 -329.40 -97.31 -18.60 -12.42 -1.11 -0.08 -19.99 -12.84 -26.78 -192.85 -535.65 -225.74 -73.23 -62.91 -13.77 -3.15 -78.89 -69.32 -99.38 -356.67
0.00 0.00 0.00 0.00 0.00 0.00 0.00 0.00 0.00 0.00 -26.67 -0.80 -0.00 -0.00 -0.00 0.00 -0.00 -0.00 -0.00 -8.08 -148.46 -22.48 -1.43 -0.46 -0.00 -0.00 -1.22 -0.32 -2.16 -69.05 -329.40 -97.31 -18.60 -12.42 -1.11 -0.08 -19.99 -12.84 -26.78 -192.85 -535.65 -225.74 -73.23 -62.91 -13.77 -3.15 -78.89 -69.32 -99.38 -356.67
0.00 0.00 0.00 0.00 0.00 0.00 0.00 0.00 0.00 0.00 -26.67 -0.80 -0.00 -0.00 -0.00 0.00 -0.00 -0.00 -0.00 -8.08 -148.46 -22.48 -1.43 -0.46 -0.00 -0.00 -1.22 -0.32 -2.16 -69.05 -329.40 -97.31 -18.60 -12.42 -1.11 -0.08 -19.99 -12.84 -26.78 -192.85 -535.65 -225.74 -73.23 -62.91 -13.77 -3.15 -78.89 -69.32 -99.38 -356.67
0.00 0.00 0.00 0.00 0.00 0.00 0.00 0.00 0.00 0.00 -26.67 -0.80 -0.00 -0.00 -0.00 0.00 -0.00 -0.00 -0.00 -8.08 -148.46 -22.48 -1.43 -0.46 -0.00 -0.00 -1.22 -0.32 -2.16 -69.05 -329.40 -97.31 -18.60 -12.42 -1.11 -0.08 -19.99 -12.84 -26.78 -192.85 -535.65 -225.74 -73.23 -62.91 -13.77 -3.15 -78.89 -69.32 -99.38 -356.67
0.00 0.00 0.00 0.00 0.00 0.00 0.00 0.00 0.00 0.00 -26.67 -0.80 -0.00 -0.00 -0.00 0.00 -0.00 -0.00 -0.00 -8.08 -148.46 -22.48 -1.43 -0.46 -0.00 -0.00 -1.22 -0.32 -2.16 -69.05 -329.40 -97.31 -18.60 -12.42 -1.11 -0.08 -19.99 -12.84 -26.78 -192.85 -535.65 -225.74 -73.23 -62.91 -13.77 -3.15 -78.89 -69.32 -99.38 -356.67
0.00 0.00 0.00 0.00 0.00 0.00 0.00 0.00 0.00 0.00 -26.67 -0.80 -0.00 -0.00 -0.00 0.00 -0.00 -0.00 -0.00 -8.08 -148.46 -22.48 -1.43 -0.46 -0.00 -0.00 -1.22 -0.32 -2.16 -69.05 -329.40 -97.31 -18.60 -12.42 -1.11 -0.08 -19.99 -12.84 -26.78 -192.85 -535.65 -225.74 -73.23 -62.91 -13.77 -3.15 -78.89 -69.32 -99.38 -356.67
0.00 0.00 0.00 0.00 0.00 0.00 0.00 0.00 0.00 0.00 -26.67 -0.80 -0.00 -0.00 -0.00 0.00 -0.00 -0.00 -0.00 -8.08 -148.46 -22.48 -1.43 -0.46 -0.00 -0.00 -1.22 -0.32 -2.16 -69.05 -329.40 -97.31 -18.60 -12.42 -1.11 -0.08 -19.99 -12.84 -26.78 -192.85 -535.65 -225.74 -73.23 -62.91 -13.77 -3.15 -78.89 -69.32 -99.38 -356.67
0.00 0.00 0.00 0.00 0.00 0.00 0.00 0.00 0.00 0.00 -26.67 -0.80 -0.00 -0.00 -0.00 0.00 -0.00 -0.00 -0.00 -8.08 -148.46 -22.48 -1.43 -0.46 -0.00 -0.00 -1.22 -0.32 -2.16 -69.05 -329.40 -97.31 -18.60 -12.42 -1.11 -0.08 -19.99 -12.84 -26.78 -192.85 -535.65 -225.74 -73.23 -62.91 -13.77 -3.15 -78.89 -69.32 -99.38 -356.67
0.00 0.00 0.00 0.00 0.00 0.00 0.00 0.00 0.00 0.00 -26.67 -0.80 -0.00 -0.00 -0.00 0.00 -0.00 -0.00 -0.00 -8.08 -148.46 -22.48 -1.43 -0.46 -0.00 -0.00 -1.22 -0.32 -2.16 -69.05 -329.40 -97.31 -18.60 -12.42 -1.11 -0.08 -19.99 -12.84 -26.78 -192.85 -535.65 -225.74 -73.23 -62.91 -13.77 -3.15 -78.89 -69.32 -99.38 -356.67
0.00 0.00 0.00 0.00 0.00 0.00 0.00 0.00 0.00 0.00 -26.67 -0.80 -0.00 -0.00 -0.00 0.00 -0.00 -0.00 -0.00 -8.08 -148.46 -22.48 -1.43 -0.46 -0.00 -0.00 -1.22 -0.32 -2.16 -69.05 -329.40 -97.31 -18.60 -12.42 -1.11 -0.08 -19.99 -12.84 -26.78 -192.85 -535.65 -225.74 -73.23 -62.91 -13.77 -3.15 -78.89 -69.32 -99.38 -356.67
0.00 0.00 0.00 0.00 0.00 0.00 0.00 0.00 0.00 0.00 -26.67 -0.80 -0.00 -0.00 -0.00 0.00 -0.00 -0.00 -0.00 -8.08 -148.46 -22.48 -1.43 -0.46 -0.00 -0.00 -1.22 -0.32 -2.16 -69.05 -329.40 -97.31 -18.60 -12.42 -1.11 -0.08 -19.99 -12.84 -26.78 -192.85 -535.65 -225.74 -73.23 -62.91 -13.77 -3.15 -78.89 -69.32 -99.38 -356.67
0.00 0.00 0.00 0.00 0.00 0.00 0.00 0.00 0.00 0.00 -26.67 -0.80 -0.00 -0.00 -0.00 0.00 -0.00 -0.00 -0.00 -8.08 -148.46 -22.48 -1.43 -0.46 -0.00 -0.00 -1.22 -0.32 -2.16 -69.05 -329.40 -97.31 -18.60 -12.42 -1.11 -0.08 -19.99 -12.84 -26.78 -192.85 -535.65 -225.74 -73.23 -62.91 -13.77 -3.15 -78.89 -69.32 -99.38 -356.67
0.00 0.00 0.00 0.00 0.00 0.00 0.00 0.00 0.00 0.00 -26.67 -0.80 -0.00 -0.00 -0.00 0.00 -0.00 -0.00 -0.00 -8.08 -148.46 -22.48 -1.43 -0.46 -0.00 -0.00 -1.22 -0.32 -2.16 -69.05 -329.40 -97.31 -18.60 -12.42 -1.11 -0.08 -19.99 -12.84 -26.78 -192.85 -535.65 -225.74 -73.23 -62.91 -13.77 -3.15 -78.89 -69.32 -99.38 -356.67
0.00 0.00 0.00 0.00 0.00 0.00 0.00 0.00 0.00 0.00 -26.67 -0.80 -0.00 -0.00 -0.00 0.00 -0.00 -0.00 -0.00 -8.08 -148.46 -22.48 -1.43 -0.46 -0.00 -0.00 -1.22 -0.32 -2.16 -69.05 -329.40 -97.31 -18.60 -12.42 -1.11 -0.08 -19.99 -12.84 -26.78 -192.85 -535.65 -225.74 -73.23 -62.91 -13.77 -3.15 -78.89 -69.32 -99.38 -356.67
0.00 0.00 0.00 0.00 0.00 0.00 0.00 0.00 0.00 0.00 -26.67 -0.80 -0.00 -0.00 -0.00 0.00 -0.00 -0.00 -0.00 -8.08 -148.46 -22.48 -1.43 -0.46 -0.00 -0.00 -1.22 -0.32 -2.16 -69.05 -329.40 -97.31 -18.60 -12.42 -1.11 -0.08 -19.99 -12.84 -26.78 -192.85 -535.65 -225.74 -73.23 -62.91 -13.77 -3.15 -78.89 -69.32 -99.38 -356.67
0.00 0.00 0.00 0.00 0.00 0.00 0.00 0.00 0.00 0.00 -26.67 -0.80 -0.00 -0.00 -0.00 0.00 -0.00 -0.00 -0.00 -8.08 -148.46 -22.48 -1.43 -0.46 -0.00 -0.00 -1.22 -0.32 -2.16 -69.05 -329.40 -97.31 -18.60 -12.42 -1.11 -0.08 -19.99 -12.84 -26.78 -192.85 -535.65 -225.74 -73.23 -62.91 -13.77 -3.15 -78.89 -69.32 -99.38 -356.67
0.00 0.00 0.00 0.00 0.00 0.00 0.00 0.00 0.00 0.00 -26.67 -0.80 -0.00 -0.00 -0.00 0.00 -0.00 -0.00 -0.00 -8.08 -148.46 -22.48 -1.43 -0.46 -0.00 -0.00 -1.22 -0.32 -2.16 -69.05 -329.40 -97.31 -18.60 -12.42 -1.11 -0.08 -19.99 -12.84 -26.78 -192.85 -535.65 -225.74 -73.23 -62.91 -13.77 -3.15 -78.89 -69.32 -99.38 -356.67
0.00 0.00 0.00 0.00 0.00 0.00 0.00 0.00 0.00 0.00 -26.67 -0.80 -0.00 -0.00 -0.00 0.00 -0.00 -0.00 -0.00 -8.08 -148.46 -22.48 -1.43 -0.46 -0.00 -0.00 -1.22 -0.32 -2.16 -69.05 -329.40 -97.31 -18.60 -12.42 -1.11 -0.08 -19.99 -12.84 -26.78 -192.85 -535.65 -225.74 -73.23 -62.91 -13.77 -3.15 -78.89 -69.32 -99.38 -356.67
0.00 0.00 0.00 0.00 0.00 0.00 0.00 0.00 0.00 0.00 -26.67 -0.80 -0.00 -0.00 -0.00 0.00 -0.00 -0.00 -0.00 -8.08 -148.46 -22.48 -1.43 -0.46 -0.00 -0.00 -1.22 -0.32 -2.16 -69.05 -329.40 -97.31 -18.60 -12.42 -1.11 -0.08 -19.99 -12.84 -26.78 -192.85 -535.65 -225.74 -73.23 -62.91 -13.77 -3.15 -78.89 -69.32 -99.38 -356.67
0.00 0.00 0.00 0.00 0.00 0.00 0.00 0.00 0.00 0.00 -26.67 -0.80 -0.00 -0.00 -0.00 0.00 -0.00 -0.00 -0.00 -8.08 -148.46 -22.48 -1.43 -0.46 -0.00 -0.00 -1.22 -0.32 -2.16 -69.05 -329.40 -97.31 -18.60 -12.42 -1.11 -0.08 -19.99 -12.84 -26.78 -192.85 -535.65 -225.74 -73.23 -62.91 -13.77 -3.15 -78.89 -69.32 -99.38 -356.67
0.00 0.00 0.00 0.00 0.00 0.00 0.00 0.00 0.00 0.00 -26.67 -0.80 -0.00 -0.00 -0.00 0.00 -0.00 -0.00 -0.00 -8.08 -148.46 -22.48 -1.43 -0.46 -0.00 -0.00 -1.22 -0.32 -2.16 -69.05 -329.40 -97.31 -18.60 -12.42 -1.11 -0.08 -19.99 -12.84 -26.78 -192.85 -535.65 -225.74 -73.23 -62.91 -13.77 -3.15 -78.89 -69.32 -99.38 -356.67
0.00 0.00 0.00 0.00 0.00 0.00 0.00 0.00 0.00 0.00 -26.67 -0.80 -0.00 -0.00 -0.00 0.00 -0.00 -0.00 -0.00 -8.08 -148.46 -22.48 -1.43 -0.46 -0.00 -0.00 -1.22 -0.32 -2.16 -69.05 -329.40 -97.31 -18.60 -12.42 -1.11 -0.08 -19.99 -12.84 -26.78 -192.85 -535.65 -225.74 -73.23 -62.91 -13.77 -3.15 -78.89 -69.32 -99.38 -356.67
0.00 0.00 0.00 0.00 0.00 0.00 0.00 0.00 0.00 0.00 -26.67 -0.80 -0.00 -0.00 -0.00 0.00 -0.00 -0.00 -0.00 -8.08 -148.46 -22.48 -1.43 -0.46 -0.00 -0.00 -1.22 -0.32 -2.16 -69.05 -329.40 -97.31 -18.60 -12.42 -1.11 -0.08 -19.99 -12.84 -26.78 -192.85 -535.65 -225.74 -73.23 -62.91 -13.77 -3.15 -78.89 -69.32 -99.38 -356.67
0.00 0.00 0.00 0.00 0.00 0.00 0.00 0.00 0.00 0.00 -26.67 -0.80 -0.00 -0.00 -0.00 0.00 -0.00 -0.00 -0.00 -8.08 -148.46 -22.48 -1.43 -0.46 -0.00 -0.00 -1.22 -0.32 -2.16 -69.05 -329.40 -97.31 -18.60 -12.42 -1.11 -0.08 -19.99 -12.84 -26.78 -192.85 -535.65 -225.74 -73.23 -62.91 -13.77 -3.15 -78.89 -69.32 -99.38 -356.67
0.00 0.00 0.00 0.00 0.00 0.00 0.00 0.00 0.00 0.00 -26.67 -0.80 -0.00 -0.00 -0.00 0.00 -0.00 -0.00 -0.00 -8.08 -148.46 -22.48 -1.43 -0.46 -0.00 -0.00 -1.22 -0.32 -2.16 -69.05 -329.40 -97.31 -18.60 -12.42 -1.11 -0.08 -19.99 -12.84 -26.78 -192.85 -535.65 -225.74 -73.23 -62.91 -13.77 -3.15 -78.89 -69.32 -99.38 -356.67
0.00 0.00 0.00 0.00 0.00 0.00 0.00 0.00 0.00 0.00 -26.67 -0.80 -0.00 -0.00 -0.00 0.00 -0.00 -0.00 -0.00 -8.08 -148.46 -22.48 -1.43 -0.46 -0.00 -0.00 -1.22 -0.32 -2.16 -69.05 -329.40 -97.31 -18.60 -12.42 -1.11 -0.08 -19.99 -12.84 -26.78 -192.85 -535.65 -225.74 -73.23 -62.91 -13.77 -3.15 -78.89 -69.32 -99.38 -356.67
0.00 0.00 0.00 0.00 0.00 0.00 0.00 0.00 0.00 0.00 -26.67 -0.80 -0.00 -0.00 -0.00 0.00 -0.00 -0.00 -0.00 -8.08 -148.46 -22.48 -1.43 -0.46 -0.00 -0.00 -1.22 -0.32 -2.16 -69.05 -329.40 -97.31 -18.60 -12.42 -1.11 -0.08 -19.99 -12.84 -26.78 -192.85 -535.65 -225.74 -73.23 -62.91 -13.77 -3.15 -78.89 -69.32 -99.38 -356.67
0.00 0.00 0.00 0.00 0.00 0.00 0.00 0.00 0.00 0.00 -26.67 -0.80 -0.00 -0.00 -0.00 0.00 -0.00 -0.00 -0.00 -8.08 -148.46 -22.48 -1.43 -0.46 -0.00 -0.00 -1.22 -0.32 -2.16 -69.05 -329.40 -97.31 -18.60 -12.42 -1.11 -0.08 -19.99 -12.84 -26.78 -192.85 -535.65 -225.74 -73.23 -62.91 -13.77 -3.15 -78.89 -69.32 -99.38 -356.67
0.00 0.00 0.00 0.00 0.00 0.00 0.00 0.00 0.00 0.00 -26.67 -0.80 -0.00 -0.00 -0.00 0.00 -0.00 -0.00 -0.00 -8.08 -148.46 -22.48 -1.43 -0.46 -0.00 -0.00 -1.22 -0.32 -2.16 -69.05 -329.40 -97.31 -18.60 -12.42 -1.11 -0.08 -19.99 -12.84 -26.78 -192.85 -535.65 -225.74 -73.23 -62.91 -13.77 -3.15 -78.89 -69.32 -99.38 -356.67
0.00 0.00 0.00 0.00 0.00 0.00 0.00 0.00 0.00 0.00 -26.67 -0.80 -0.00 -0.00 -0.00 0.00 -0.00 -0.00 -0.00 -8.08 -148.46 -22.48 -1.43 -0.46 -0.00 -0.00 -1.22 -0.32 -2.16 -69.05 -329.40 -97.31 -18.60 -12.42 -1.11 -0.08 -19.99 -12.84 -26.78 -192.85 -535.65 -225.74 -73.23 -62.91 -13.77 -3.15 -78.89 -69.32 -99.38 -356.67
0.00 0.00 0.00 0.00 0.00 0.00 0.00 0.00 0.00 0.00 -26.67 -0.80 -0.00 -0.00 -0.00 0.00 -0.00 -0.00 -0.00 -8.08 -148.46 -22.48 -1.43 -0.46 -0.00 -0.00 -1.22 -0.32 -2.16 -69.05 -329.40 -97.31 -18.60 -12.42 -1.11 -0.08 -19.99 -12.84 -26.78 -192.85 -535.65 -225.74 -73.23 -62.91 -13.77 -3.15 -78.89 -69.32 -99.38 -356.67
0.00 0.00 0.00 0.00 0.00 0.00 0.00 0.00 0.00 0.00 -26.67 -0.80 -0.00 -0.00 -0.00 0.00 -0.00 -0.00 -0.00 -8.08 -148.46 -22.48 -1.43 -0.46 -0.00 -0.00 -1.22 -0.32 -2.16 -69.05 -329.40 -97.31 -18.60 -12.42 -1.11 -0.08 -19.99 -12.84 -26.78 -192.85 -535.65 -225.74 -73.23 -62.91 -13.77 -3.15 -78.89 -69.32 -99.38 -356.67
0.00 0.00 0.00 0.00 0.00 0.00 0.00 0.00 0.00 0.00 -26.67 -0.80 -0.00 -0.00 -0.00 0.00 -0.00 -0.00 -0.00 -8.08 -148.46 -22.48 -1.43 -0.46 -0.00 -0.00 -1.22 -0.32 -2.16 -69.05 -329.40 -97.31 -18.60 -12.42 -1.11 -0.08 -19.99 -12.84 -26.78 -192.85 -535.65 -225.74 -73.23 -62.91 -13.77 -3.15 -78.89 -69.32 -99.38 -356.67
0.00 0.00 0.00 0.00 0.00 0.00 0.00 0.00 0.00 0.00 -26.67 -0.80 -0.00 -0.00 -0.00 0.00 -0.00 -0.00 -0.00 -8.08 -148.46 -22.48 -1.43 -0.46 -0.00 -0.00 -1.22 -0.32 -2.16 -69.05 -329.40 -97.31 -18.60 -12.42 -1.11 -0.08 -19.99 -12.84 -26.78 -192.85 -535.65 -225.74 -73.23 -62.91 -13.77 -3.15 -78.89 -69.32 -99.38 -356.67
0.00 0.00 0.00 0.00 0.00 0.00 0.00 0.00 0.00 0.00 -26.67 -0.80 -0.00 -0.00 -0.00 0.00 -0.00 -0.00 -0.00 -8.08 -148.46 -22.48 -1.43 -0.46 -0.00 -0.00 -1.22 -0.32 -2.16 -69.05 -329.40 -97.31 -18.60 -12.42 -1.11 -0.08 -19.99 -12.84 -26.78 -192.85 -535.65 -225.74 -73.23 -62.91 -13.77 -3.15 -78.89 -69.32 -99.38 -356.67
0.00 0.00 0.00 0.00 0.00 0.00 0.00 0.00 0.00 0.00 -26.67 -0.80 -0.00 -0.00 -0.00 0.00 -0.00 -0.00 -0.00 -8.08 -148.46 -22.48 -1.43 -0.46 -0.00 -0.00 -1.22 -0.32 -2.16 -69.05 -329.40 -97.31 -18.60 -12.42 -1.11 -0.08 -19.99 -12.84 -26.78 -192.85 -535.65 -225.74 -73.23 -62.91 -13.77 -3.15 -78.89 -69.32 -99.38 -356.67
0.00 0.00 0.00 0.00 0.00 0.00 0.00 0.00 0.00 0.00 -26.67 -0.80 -0.00 -0.00 -0.00 0.00 -0.00 -0.00 -0.00 -8.08 -148.46 -22.48 -1.43 -0.46 -0.00 -0.00 -1.22 -0.32 -2.16 -69.05 -329.40 -97.31 -18.60 -12.42 -1.11 -0.08 -19.99 -12.84 -26.78 -192.85 -535.65 -225.74 -73.23 -62.91 -13.77 -3.15 -78.89 -69.32 -99.38 -356.67
0.00 0.00 0.00 0.00 0.00 0.00 0.00 0.00 0.00 0.00 -26.67 -0.80 -0.00 -0.00 -0.00 0.00 -0.00 -0.00 -0.00 -8.08 -148.46 -22.48 -1.43 -0.46 -0.00 -0.00 -1.22 -0.32 -2.16 -69.05 -329.40 -97.31 -18.60 -12.42 -1.11 -0.08 -19.99 -12.84 -26.78 -192.85 -535.65 -225.74 -73.23 -62.91 -13.77 -3.15 -78.89 -69.32 -99.38 -356.67
0.00 0.00 0.00 0.00 0.00 0.00 0.00 0.00 0.00 0.00 -26.67 -0.80 -0.00 -0.00 -0.00 0.00 -0.00 -0.00 -0.00 -8.08 -148.46 -22.48 -1.43 -0.46 -0.00 -0.00 -1.22 -0.32 -2.16 -69.05 -329.40 -97.31 -18.60 -12.42 -1.11 -0.08 -19.99 -12.84 -26.78 -192.85 -535.65 -225.74 -73.23 -62.91 -13.77 -3.15 -78.89 -69.32 -99.38 -356.67
0.00 0.00 0.00 0.00 0.00 0.00 0.00 0.00 0.00 0.00 -26.67 -0.80 -0.00 -0.00 -0.00 0.00 -0.00 -0.00 -0.00 -8.08 -148.46 -22.48 -1.43 -0.46 -0.00 -0.00 -1.22 -0.32 -2.16 -69.05 -329.40 -97.31 -18.60 -12.42 -1.11 -0.08 -19.99 -12.84 -26.78 -192.85 -535.65 -225.74 -73.23 -62.91 -13.77 -3.15 -78.89 -69.32 -99.38 -356.67
0.00 0.00 0.00 0.00 0.00 0.00 0.00 0.00 0.00 0.00 -26.67 -0.80 -0.00 -0.00 -0.00 0.00 -0.00 -0.00 -0.00 -8.08 -148.46 -22.48 -1.43 -0.46 -0.00 -0.00 -1.22 -0.32 -2.16 -69.05 -329.40 -97.31 -18.60 -12.42 -1.11 -0.08 -19.99 -12.84 -26.78 -192.85 -535.65 -225.74 -73.23 -62.91 -13.77 -3.15 -78.89 -69.32 -99.38 -356.67
0.00 0.00 0.00 0.00 0.00 0.00 0.00 0.00 0.00 0.00 -26.67 -0.80 -0.00 -0.00 -0.00 0.00 -0.00 -0.00 -0.00 -8.08 -148.46 -22.48 -1.43 -0.46 -0.00 -0.00 -1.22 -0.32 -2.16 -69.05 -329.40 -97.31 -18.60 -12.42 -1.11 -0.08 -19.99 -12.84 -26.78 -192.85 -535.65 -225.74 -73.23 -62.91 -13.77 -3.15 -78.89 -69.32 -99.38 -356.67
0.00 0.00 0.00 0.00 0.00 0.00 0.00 0.00 0.00 0.00 -26.67 -0.80 -0.00 -0.00 -0.00 0.00 -0.00 -0.00 -0.00 -8.08 -148.46 -22.48 -1.43 -0.46 -0.00 -0.00 -1.22 -0.32 -2.16 -69.05 -329.40 -97.31 -18.60 -12.42 -1.11 -0.08 -19.99 -12.84 -26.78 -192.85 -535.65 -225.74 -73.23 -62.91 -13.77 -3.15 -78.89 -69.32 -99.38 -356.67
0.00 0.00 0.00 0.00 0.00 0.00 0.00 0.00 0.00 0.00 -26.67 -0.80 -0.00 -0.00 -0.00 0.00 -0.00 -0.00 -0.00 -8.08 -148.46 -22.48 -1.43 -0.46 -0.00 -0.00 -1.22 -0.32 -2.16 -69.05 -329.40 -97.31 -18.60 -12.42 -1.11 -0.08 -19.99 -12.84 -26.78 -192.85 -535.65 -225.74 -73.23 -62.91 -13.77 -3.15 -78.89 -69.32 -99.38 -356.67
0.00 0.00 0.00 0.00 0.00 0.00 0.00 0.00 0.00 0.00 -26.67 -0.80 -0.00 -0.00 -0.00 0.00 -0.00 -0.00 -0.00 -8.08 -148.46 -22.48 -1.43 -0.46 -0.00 -0.00 -1.22 -0.32 -2.16 -69.05 -329.40 -97.31 -18.60 -12.42 -1.11 -0.08 -19.99 -12.84 -26.78 -192.85 -535.65 -225.74 -73.23 -62.91 -13.77 -3.15 -78.89 -69.32 -99.38 -356.67
0.00 0.00 0.00 0.00 0.00 0.00 0.00 0.00 0.00 0.00 -26.67 -0.80 -0.00 -0.00 -0.00 0.00 -0.00 -0.00 -0.00 -8.08 -148.46 -22.48 -1.43 -0.46 -0.00 -0.00 -1.22 -0.32 -2.16 -69.05 -329.40 -97.31 -18.60 -12.42 -1.11 -0.08 -19.99 -12.84 -26.78 -192.85 -535.65 -225.74 -73.23 -62.91 -13.77 -3.15 -78.89 -69.32 -99.38 -356.67
0.00 0.00 0.00 0.00 0.00 0.00 0.00 0.00 0.00 0.00 -26.67 -0.80 -0.00 -0.00 -0.00 0.00 -0.00 -0.00 -0.00 -8.08 -148.46 -22.48 -1.43 -0.46 -0.00 -0.00 -1.22 -0.32 -2.16 -69.05 -329.40 -97.31 -18.60 -12.42 -1.11 -0.08 -19.99 -12.84 -26.78 -192.85 -535.65 -225.74 -73.23 -62.91 -13.77 -3.15 -78.89 -69.32 -99.38 -356.67
0.00 0.00 0.00 0.00 0.00 0.00 0.00 0.00 0.00 0.00 -26.67 -0.80 -0.00 -0.00 -0.00 0.00 -0.00 -0.00 -0.00 -8.08 -148.46 -22.48 -1.43 -0.46 -0.00 -0.00 -1.22 -0.32 -2.16 -69.05 -329.40 -97.31 -18.60 -12.42 -1.11 -0.08 -19.99 -12.84 -26.78 -192.85 -535.65 -225.74 -73.23 -62.91 -13.77 -3.15 -78.89 -69.32 -99.38 -356.67
0.00 0.00 0.00 0.00 0.00 0.00 0.00 0.00 0.00 0.00 -26.67 -0.80 -0.00 -0.00 -0.00 0.00 -0.00 -0.00 -0.00 -8.08 -148.46 -22.48 -1.43 -0.46 -0.00 -0.00 -1.22 -0.32 -2.16 -69.05 -329.40 -97.31 -18.60 -12.42 -1.11 -0.08 -19.99 -12.84 -26.78 -192.85 -535.65 -225.74 -73.23 -62.91 -13.77 -3.15 -78.89 -69.32 -99.38 -356.67
0.00 0.00 0.00 0.00 0.00 0.00 0.00 0.00 0.00 0.00 -26.67 -0.80 -0.00 -0.00 -0.00 0.00 -0.00 -0.00 -0.00 -8.08 -148.46 -22.48 -1.43 -0.46 -0.00 -0.00 -1.22 -0.32 -2.16 -69.05 -329.40 -97.31 -18.60 -12.42 -1.11 -0.08 -19.99 -12.84 -26.78 -192.85 -535.65 -225.74 -73.23 -62.91 -13.77 -3.15 -78.89 -69.32 -99.38 -356.67
0.00 0.00 0.00 0.00 0.00 0.00 0.00 0.00 0.00 0.00 -26.67 -0.80 -0.00 -0.00 -0.00 0.00 -0.00 -0.00 -0.00 -8.08 -148.46 -22.48 -1.43 -0.46 -0.00 -0.00 -1.22 -0.32 -2.16 -69.05 -329.40 -97.31 -18.60 -12.42 -1.11 -0.08 -19.99 -12.84 -26.78 -192.85 -535.65 -225.74 -73.23 -62.91 -13.77 -3.15 -78.89 -69.32 -99.38 -356.67
0.00 0.00 0.00 0.00 0.00 0.00 0.00 0.00 0.00 0.00 -26.67 -0.80 -0.00 -0.00 -0.00 0.00 -0.00 -0.00 -0.00 -8.08 -148.46 -22.48 -1.43 -0.46 -0.00 -0.00 -1.22 -0.32 -2.16 -69.05 -329.40 -97.31 -18.60 -12.42 -1.11 -0.08 -19.99 -12.84 -26.78 -192.85 -535.65 -225.74 -73.23 -62.91 -13.77 -3.15 -78.89 -69.32 -99.38 -356.67
0.00 0.00 0.00 0.00 0.00 0.00 0.00 0.00 0.00 0.00 -26.67 -0.80 -0.00 -0.00 -0.00 0.00 -0.00 -0.00 -0.00 -8.08 -148.46 -22.48 -1.43 -0.46 -0.00 -0.00 -1.22 -0.32 -2.16 -69.05 -329.40 -97.31 -18.60 -12.42 -1.11 -0.08 -19.99 -12.84 -26.78 -192.85 -535.65 -225.74 -73.23 -62.91 -13.77 -3.15 -78.89 -69.32 -99.38 -356.67
0.00 0.00 0.00 0.00 0.00 0.00 0.00 0.00 0.00 0.00 -26.67 -0.80 -0.00 -0.00 -0.00 0.00 -0.00 -0.00 -0.00 -8.08 -148.46 -22.48 -1.43 -0.46 -0.00 -0.00 -1.22 -0.32 -2.16 -69.05 -329.40 -97.31 -18.60 -12.42 -1.11 -0.08 -19.99 -12.84 -26.78 -192.85 -535.65 -225.74 -73.23 -62.91 -13.77 -3.15 -78.89 -69.32 -99.38 -356.67
0.00 0.00 0.00 0.00 0.00 0.00 0.00 0.00 0.00 0.00 -26.67 -0.80 -0.00 -0.00 -0.00 0.00 -0.00 -0.00 -0.00 -8.08 -148.46 -22.48 -1.43 -0.46 -0.00 -0.00 -1.22 -0.32 -2.16 -69.05 -329.40 -97.31 -18.60 -12.42 -1.11 -0.08 -19.99 -12.84 -26.78 -192.85 -535.65 -225.74 -73.23 -62.91 -13.77 -3.15 -78.89 -69.32 -99.38 -356.67
0.00 0.00 0.00 0.00 0.00 0.00 0.00 0.00 0.00 0.00 -26.67 -0.80 -0.00 -0.00 -0.00 0.00 -0.00 -0.00 -0.00 -8.08 -148.46 -22.48 -1.43 -0.46 -0.00 -0.00 -1.22 -0.32 -2.16 -69.05 -329.40 -97.31 -18.60 -12.42 -1.11 -0.08 -19.99 -12.84 -26.78 -192.85 -535.65 -225.74 -73.23 -62.91 -13.77 -3.15 -78.89 -69.32 -99.38 -356.67
0.00 0.00 0.00 0.00 0.00 0.00 0.00 0.00 0.00 0.00 -26.67 -0.80 -0.00 -0.00 -0.00 0.00 -0.00 -0.00 -0.00 -8.08 -148.46 -22.48 -1.43 -0.46 -0.00 -0.00 -1.22 -0.32 -2.16 -69.05 -329.40 -97.31 -18.60 -12.42 -1.11 -0.08 -19.99 -12.84 -26.78 -192.85 -535.65 -225.74 -73.23 -62.91 -13.77 -3.15 -78.89 -69.32 -99.38 -356.67
0.00 0.00 0.00 0.00 0.00 0.00 0.00 0.00 0.00 0.00 -26.67 -0.80 -0.00 -0.00 -0.00 0.00 -0.00 -0.00 -0.00 -8.08 -148.46 -22.48 -1.43 -0.46 -0.00 -0.00 -1.22 -0.32 -2.16 -69.05 -329.40 -97.31 -18.60 -12.42 -1.11 -0.08 -19.99 -12.84 -26.78 -192.85 -535.65 -225.74 -73.23 -62.91 -13.77 -3.15 -78.89 -69.32 -99.38 -356.67
0.00 0.00 0.00 0.00 0.00 0.00 0.00 0.00 0.00 0.00 -26.67 -0.80 -0.00 -0.00 -0.00 0.00 -0.00 -0.00 -0.00 -8.08 -148.46 -22.48 -1.43 -0.46 -0.00 -0.00 -1.22 -0.32 -2.16 -69.05 -329.40 -97.31 -18.60 -12.42 -1.11 -0.08 -19.99 -12.84 -26.78 -192.85 -535.65 -225.74 -73.23 -62.91 -13.77 -3.15 -78.89 -69.32 -99.38 -356.67
0.00 0.00 0.00 0.00 0.00 0.00 0.00 0.00 0.00 0.00 -26.67 -0.80 -0.00 -0.00 -0.00 0.00 -0.00 -0.00 -0.00 -8.08 -148.46 -22.48 -1.43 -0.46 -0.00 -0.00 -1.22 -0.32 -2.16 -69.05 -329.40 -97.31 -18.60 -12.42 -1.11 -0.08 -19.99 -12.84 -26.78 -192.85 -535.65 -225.74 -73.23 -62.91 -13.77 -3.15 -78.89 -69.32 -99.38 -356.67
0.00 0.00 0.00 0.00 0.00 0.00 0.00 0.00 0.00 0.00 -26.67 -0.80 -0.00 -0.00 -0.00 0.00 -0.00 -0.00 -0.00 -8.08 -148.46 -22.48 -1.43 -0.46 -0.00 -0.00 -1.22 -0.32 -2.16 -69.05 -329.40 -97.31 -18.60 -12.42 -1.11 -0.08 -19.99 -12.84 -26.78 -192.85 -535.65 -225.74 -73.23 -62.91 -13.77 -3.15 -78.89 -69.32 -99.38 -356.67
0.00 0.00 0.00 0.00 0.00 0.00 0.00 0.00 0.00 0.00 -26.67 -0.80 -0.00 -0.00 -0.00 0.00 -0.00 -0.00 -0.00 -8.08 -148.46 -22.48 -1.43 -0.46 -0.00 -0.00 -1.22 -0.32 -2.16 -69.05 -329.40 -97.31 -18.60 -12.42 -1.11 -0.08 -19.99 -12.84 -26.78 -192.85 -535.65 -225.74 -73.23 -62.91 -13.77 -3.15 -78.89 -69.32 -99.38 -356.67
0.00 0.00 0.00 0.00 0.00 0.00 0.00 0.00 0.00 0.00 -26.67 -0.80 -0.00 -0.00 -0.00 0.00 -0.00 -0.00 -0.00 -8.08 -148.46 -22.48 -1.43 -0.46 -0.00 -0.00 -1.22 -0.32 -2.16 -69.05 -329.40 -97.31 -18.60 -12.42 -1.11 -0.08 -19.99 -12.84 -26.78 -192.85 -535.65 -225.74 -73.23 -62.91 -13.77 -3.15 -78.89 -69.32 -99.38 -356.67
0.00 0.00 0.00 0.00 0.00 0.00 0.00 0.00 0.00 0.00 -26.67 -0.80 -0.00 -0.00 -0.00 0.00 -0.00 -0.00 -0.00 -8.08 -148.46 -22.48 -1.43 -0.46 -0.00 -0.00 -1.22 -0.32 -2.16 -69.05 -329.40 -97.31 -18.60 -12.42 -1.11 -0.08 -19.99 -12.84 -26.78 -192.85 -535.65 -225.74 -73.23 -62.91 -13.77 -3.15 -78.89 -69.32 -99.38 -356.67
0.00 0.00 0.00 0.00 0.00 0.00 0.00 0.00 0.00 0.00 -26.67 -0.80 -0.00 -0.00 -0.00 0.00 -0.00 -0.00 -0.00 -8.08 -148.46 -22.48 -1.43 -0.46 -0.00 -0.00 -1.22 -0.32 -2.16 -69.05 -329.40 -97.31 -18.60 -12.42 -1.11 -0.08 -19.99 -12.84 -26.78 -192.85 -535.65 -225.74 -73.23 -62.91 -13.77 -3.15 -78.89 -69.32 -99.38 -356.67
0.00 0.00 0.00 0.00 0.00 0.00 0.00 0.00 0.00 0.00 -27.00 -0.83 -0.00 -0.00 -0.00 0.00 -0.00 -0.00 -0.00 -8.36 -149.73 -23.07 -1.51 -0.75 -0.00 -0.00 -1.28 -0.19 -1.93 -70.51 -331.44 -99.23 -19.40 -17.72 -0.95 -0.10 -19.93 -7.88 -25.33 -195.59 -538.17 -229.24 -75.82 -78.74 -12.41 -3.19 -82.90 -46.70 -95.54 -360.59
0.00 0.00 0.00 0.00 0.00 0.00 0.00 0.00 0.00 0.00 -27.00 -0.83 -0.00 -0.00 -0.00 0.00 -0.00 -0.00 -0.00 -8.36 -149.73 -23.07 -1.51 -0.75 -0.00 -0.00 -1.28 -0.19 -1.93 -70.51 -331.44 -99.23 -19.40 -17.72 -0.95 -0.10 -19.93 -7.88 -25.33 -195.59 -538.17 -229.24 -75.82 -78.74 -12.41 -3.19 -82.90 -46.70 -95.54 -360.59
0.00 0.00 0.00 0.00 0.00 0.00 0.00 0.00 0.00 0.00 -27.00 -0.83 -0.00 -0.00 -0.00 0.00 -0.00 -0.00 -0.00 -8.36 -149.73 -23.07 -1.51 -0.75 -0.00 -0.00 -1.28 -0.19 -1.93 -70.51 -331.44 -99.23 -19.40 -17.72 -0.95 -0.10 -19.93 -7.88 -25.33 -195.59 -538.17 -229.24 -75.82 -78.74 -12.41 -3.19 -82.90 -46.70 -95.54 -360.59
0.00 0.00 0.00 0.00 0.00 0.00 0.00 0.00 0.00 0.00 -27.00 -0.83 -0.00 -0.00 -0.00 0.00 -0.00 -0.00 -0.00 -8.36 -149.73 -23.07 -1.51 -0.75 -0.00 -0.00 -1.28 -0.19 -1.93 -70.51 -331.44 -99.23 -19.40 -17.72 -0.95 -0.10 -19.93 -7.88 -25.33 -195.59 -538.17 -229.24 -75.82 -78.74 -12.41 -3.19 -82.90 -46.70 -95.54 -360.59
0.00 0.00 0.00 0.00 0.00 0.00 0.00 0.00 0.00 0.00 -27.00 -0.83 -0.00 -0.00 -0.00 0.00 -0.00 -0.00 -0.00 -8.36 -149.73 -23.07 -1.51 -0.75 -0.00 -0.00 -1.28 -0.19 -1.93 -70.51 -331.44 -99.23 -19.40 -17.72 -0.95 -0.10 -19.93 -7.88 -25.33 -195.59 -538.17 -229.24 -75.82 -78.74 -12.41 -3.19 -82.90 -46.70 -95.54 -360.59
0.00 0.00 0.00 0.00 0.00 0.00 0.00 0.00 0.00 0.00 -27.00 -0.83 -0.00 -0.00 -0.00 0.00 -0.00 -0.00 -0.00 -8.36 -149.73 -23.07 -1.51 -0.75 -0.00 -0.00 -1.28 -0.19 -1.93 -70.51 -331.44 -99.23 -19.40 -17.72 -0.95 -0.10 -19.93 -7.88 -25.33 -195.59 -538.17 -229.24 -75.82 -78.74 -12.41 -3.19 -82.90 -46.70 -95.54 -360.59
0.00 0.00 0.00 0.00 0.00 0.00 0.00 0.00 0.00 0.00 -27.00 -0.83 -0.00 -0.00 -0.00 0.00 -0.00 -0.00 -0.00 -8.36 -149.73 -23.07 -1.51 -0.75 -0.00 -0.00 -1.28 -0.19 -1.93 -70.51 -331.44 -99.23 -19.40 -17.72 -0.95 -0.10 -19.93 -7.88 -25.33 -195.59 -538.17 -229.24 -75.82 -78.74 -12.41 -3.19 -82.90 -46.70 -95.54 -360.59
0.00 0.00 0.00 0.00 0.00 0.00 0.00 0.00 0.00 0.00 -27.00 -0.83 -0.00 -0.00 -0.00 0.00 -0.00 -0.00 -0.00 -8.36 -149.73 -23.07 -1.51 -0.75 -0.00 -0.00 -1.28 -0.19 -1.93 -70.51 -331.44 -99.23 -19.40 -17.72 -0.95 -0.10 -19.93 -7.88 -25.33 -195.59 -538.17 -229.24 -75.82 -78.74 -12.41 -3.19 -82.90 -46.70 -95.54 -360.59
0.00 0.00 0.00 0.00 0.00 0.00 0.00 0.00 0.00 0.00 -27.00 -0.83 -0.00 -0.00 -0.00 0.00 -0.00 -0.00 -0.00 -8.36 -149.73 -23.07 -1.51 -0.75 -0.00 -0.00 -1.28 -0.19 -1.93 -70.51 -331.44 -99.23 -19.40 -17.72 -0.95 -0.10 -19.93 -7.88 -25.33 -195.59 -538.17 -229.24 -75.82 -78.74 -12.41 -3.19 -82.90 -46.70 -95.54 -360.59
0.00 0.00 0.00 0.00 0.00 0.00 0.00 0.00 0.00 0.00 -27.00 -0.83 -0.00 -0.00 -0.00 0.00 -0.00 -0.00 -0.00 -8.36 -149.73 -23.07 -1.51 -0.75 -0.00 -0.00 -1.28 -0.19 -1.93 -70.51 -331.44 -99.23 -19.40 -17.72 -0.95 -0.10 -19.93 -7.88 -25.33 -195.59 -538.17 -229.24 -75.82 -78.74 -12.41 -3.19 -82.90 -46.70 -95.54 -360.59
0.00 0.00 0.00 0.00 0.00 0.00 0.00 0.00 0.00 0.00 -27.00 -0.83 -0.00 -0.00 -0.00 0.00 -0.00 -0.00 -0.00 -8.36 -149.73 -23.07 -1.51 -0.75 -0.00 -0.00 -1.28 -0.19 -1.93 -70.51 -331.44 -99.23 -19.40 -17.72 -0.95 -0.10 -19.93 -7.88 -25.33 -195.59 -538.17 -229.24 -75.82 -78.74 -12.41 -3.19 -82.90 -46.70 -95.54 -360.59
0.00 0.00 0.00 0.00 0.00 0.00 0.00 0.00 0.00 0.00 -27.00 -0.83 -0.00 -0.00 -0.00 0.00 -0.00 -0.00 -0.00 -8.36 -149.73 -23.07 -1.51 -0.75 -0.00 -0.00 -1.28 -0.19 -1.93 -70.51 -331.44 -99.23 -19.40 -17.72 -0.95 -0.10 -19.93 -7.88 -25.33 -195.59 -538.17 -229.24 -75.82 -78.74 -12.41 -3.19 -82.90 -46.70 -95.54 -360.59
0.00 0.00 0.00 0.00 0.00 0.00 0.00 0.00 0.00 0.00 -27.00 -0.83 -0.00 -0.00 -0.00 0.00 -0.00 -0.00 -0.00 -8.36 -149.73 -23.07 -1.51 -0.75 -0.00 -0.00 -1.28 -0.19 -1.93 -70.51 -331.44 -99.23 -19.40 -17.72 -0.95 -0.10 -19.93 -7.88 -25.33 -195.59 -538.17 -229.24 -75.82 -78.74 -12.41 -3.19 -82.90 -46.70 -95.54 -360.59
