0.00 0.00 0.00 0.00 0.00 0.00 0.00 0.00 0.00 0.00 0.00 0.00 0.00 0.00 0.00 0.00 0.00 0.00 0.00 0.00 0.00 0.00 0.00 0.00 0.00 0.00 0.00 0.00 0.00 0.00 0.00 0.00 0.00 0.00 0.00 0.00 0.00 0.00 0.00 0.00 0.00 0.00 0.00 0.00 0.00 0.00 0.00 0.00 0.00 0.00
0.00 0.00 0.00 0.00 0.00 0.00 0.00 0.00 0.00 0.00 -162.19 -10.02 -0.07 -0.01 -0.00 0.00 -0.08 -0.02 -0.13 -20.12 -749.61 -191.90 -25.39 -32.61 -2.10 -0.11 -38.80 -30.87 -50.11 -279.61 -1517.98 -664.24 -219.42 -275.78 -71.01 -15.94 -299.35 -268.49 -323.19 -865.16 -2342.40 -1339.89 -664.20 -789.06 -343.20 -138.10 -823.66 -773.94 -851.72 -1612.05
0.00 0.00 0.00 0.00 0.00 0.00 0.00 0.00 0.00 0.00 -141.57 -13.26 -0.15 -0.04 -0.00 -0.00 -0.18 -0.01 -0.40 -24.99 -645.47 -216.61 -37.34 -34.26 -3.61 -0.23 -51.08 -33.37 -62.49 -262.54 -1291.22 -668.52 -255.00 -278.40 -83.90 -24.30 -331.61 -271.25 -351.14 -764.14 -1976.04 -1264.55 -686.70 -753.67 -360.29 -182.92 -838.46 -738.71 -851.06 -1384.17
0.00 0.00 0.00 0.00 0.00 0.00 0.00 0.00 0.00 0.00 -144.39 -17.26 -0.38 -0.21 -0.00 -0.00 -0.37 -0.10 -0.48 -23.21 -617.42 -230.37 -49.54 -96.77 -5.97 -0.63 -60.62 -50.11 -73.30 -277.26 -1203.77 -670.71 -289.18 -469.06 -110.10 -33.92 -336.27 -314.38 -370.47 -769.76 -1818.72 -1227.55 -721.73 -1001.51 -420.65 -206.91 -786.78 -773.27 -849.34 -1353.01
0.00 0.00 0.00 0.00 0.00 0.00 0.00 0.00 0.00 0.00 -84.62 -7.32 -0.14 -0.05 -0.00 -0.00 -0.12 -0.04 -0.08 -11.77 -374.75 -116.60 -26.13 -31.01 -1.30 -0.26 -26.97 -30.79 -18.52 -145.20 -743.64 -366.70 -164.52 -195.32 -40.59 -21.97 -171.85 -194.75 -143.56 -429.76 -1134.69 -703.94 -424.89 -483.34 -184.68 -131.04 -437.80 -481.43 -396.81 -785.09
0.00 0.00 0.00 0.00 0.00 0.00 0.00 0.00 0.00 0.00 -64.71 -6.02 -0.43 -0.02 -0.00 0.00 -0.09 -0.01 -0.20 -21.27 -284.55 -92.44 -35.62 -17.03 -2.78 -0.22 -21.25 -12.91 -29.49 -154.46 -562.37 -285.93 -171.40 -131.41 -48.62 -15.47 -133.95 -107.86 -156.52 -388.66 -856.49 -541.10 -387.20 -343.57 -184.54 -95.14 -340.87 -302.76 -371.68 -665.26
0.00 0.00 0.00 0.00 0.00 0.00 0.00 0.00 0.00 0.00 -50.21 -3.82 -0.15 -0.00 -0.00 -0.00 -0.02 -0.00 -0.10 -22.17 -238.34 -68.24 -18.78 -12.14 -0.62 -0.03 -14.35 -9.33 -21.70 -119.55 -487.70 -226.86 -106.44 -103.08 -21.18 -5.32 -107.48 -94.57 -123.39 -276.08 -755.15 -451.10 -267.82 -279.52 -105.69 -47.56 -287.69 -275.10 -304.95 -497.86
0.00 0.00 0.00 0.00 0.00 0.00 0.00 0.00 0.00 0.00 -50.21 -3.82 -0.15 -0.00 -0.00 -0.00 -0.02 -0.00 -0.10 -22.17 -238.34 -68.24 -18.78 -12.14 -0.62 -0.03 -14.35 -9.33 -21.70 -119.55 -487.70 -226.86 -106.44 -103.08 -21.18 -5.32 -107.48 -94.57 -123.39 -276.08 -755.15 -451.10 -267.82 -279.52 -105.69 -47.56 -287.69 -275.10 -304.95 -497.86
0.00 0.00 0.00 0.00 0.00 0.00 0.00 0.00 0.00 0.00 -52.00 -3.37 -0.04 -0.00 -0.00 -0.00 -0.02 -0.01 -0.02 -5.55 -241.40 -62.43 -7.86 -12.22 -0.79 -0.02 -13.56 -18.53 -11.85 -92.61 -489.61 -215.08 -66.28 -99.03 -24.03 -3.60 -102.22 -123.16 -92.26 -282.61 -756.44 -433.11 -203.76 -270.50 -115.38 -37.94 -277.59 -311.93 -256.75 -524.77
0.00 0.00 0.00 0.00 0.00 0.00 0.00 0.00 0.00 0.00 -52.00 -3.37 -0.04 -0.00 -0.00 -0.00 -0.02 -0.01 -0.02 -5.55 -241.40 -62.43 -7.86 -12.22 -0.79 -0.02 -13.56 -18.53 -11.85 -92.61 -489.61 -215.08 -66.28 -99.03 -24.03 -3.60 -102.22 -123.16 -92.26 -282.61 -756.44 -433.11 -203.76 -270.50 -115.38 -37.94 -277.59 -311.93 -256.75 -524.77
0.00 0.00 0.00 0.00 0.00 0.00 0.00 0.00 0.00 0.00 -52.00 -3.37 -0.04 -0.00 -0.00 -0.00 -0.02 -0.01 -0.02 -5.55 -241.40 -62.43 -7.86 -12.22 -0.79 -0.02 -13.56 -18.53 -11.85 -92.61 -489.61 -215.08 -66.28 -99.03 -24.03 -3.60 -102.22 -123.16 -92.26 -282.61 -756.44 -433.11 -203.76 -270.50 -115.38 -37.94 -277.59 -311.93 -256.75 -524.77
0.00 0.00 0.00 0.00 0.00 0.00 0.00 0.00 0.00 0.00 -41.41 -2.37 -0.02 -0.00 -0.00 0.00 -0.01 -0.00 -0.00 -11.08 -204.21 -48.53 -7.70 -6.58 -0.28 -0.02 -7.12 -6.76 -4.32 -69.02 -425.13 -176.28 -66.45 -68.73 -13.38 -5.85 -64.07 -64.40 -53.62 -190.75 -665.42 -365.78 -197.52 -208.88 -74.43 -47.27 -196.75 -195.98 -179.06 -386.42
0.00 0.00 0.00 0.00 0.00 0.00 0.00 0.00 0.00 0.00 -41.41 -2.37 -0.02 -0.00 -0.00 0.00 -0.01 -0.00 -0.00 -11.08 -204.21 -48.53 -7.70 -6.58 -0.28 -0.02 -7.12 -6.76 -4.32 -69.02 -425.13 -176.28 -66.45 -68.73 -13.38 -5.85 -64.07 -64.40 -53.62 -190.75 -665.42 -365.78 -197.52 -208.88 -74.43 -47.27 -196.75 -195.98 -179.06 -386.42
0.00 0.00 0.00 0.00 0.00 0.00 0.00 0.00 0.00 0.00 -35.20 -1.46 -0.01 -0.00 -0.00 0.00 -0.00 -0.00 -0.00 -2.76 -184.88 -35.32 -3.83 -1.88 -0.03 -0.00 -3.74 -2.26 -2.41 -53.67 -397.09 -140.26 -39.36 -31.24 -3.71 -0.34 -46.02 -34.63 -33.13 -191.95 -632.86 -308.28 -132.02 -121.11 -31.58 -8.31 -152.59 -129.21 -121.55 -388.18
0.00 0.00 0.00 0.00 0.00 0.00 0.00 0.00 0.00 0.00 -35.20 -1.46 -0.01 -0.00 -0.00 0.00 -0.00 -0.00 -0.00 -2.76 -184.88 -35.32 -3.83 -1.88 -0.03 -0.00 -3.74 -2.26 -2.41 -53.67 -397.09 -140.26 -39.36 -31.24 -3.71 -0.34 -46.02 -34.63 -33.13 -191.95 -632.86 -308.28 -132.02 -121.11 -31.58 -8.31 -152.59 -129.21 -121.55 -388.18
0.00 0.00 0.00 0.00 0.00 0.00 0.00 0.00 0.00 0.00 -35.20 -1.46 -0.01 -0.00 -0.00 0.00 -0.00 -0.00 -0.00 -2.76 -184.88 -35.32 -3.83 -1.88 -0.03 -0.00 -3.74 -2.26 -2.41 -53.67 -397.09 -140.26 -39.36 -31.24 -3.71 -0.34 -46.02 -34.63 -33.13 -191.95 -632.86 -308.28 -132.02 -121.11 -31.58 -8.31 -152.59 -129.21 -121.55 -388.18
0.00 0.00 0.00 0.00 0.00 0.00 0.00 0.00 0.00 0.00 -35.20 -1.46 -0.01 -0.00 -0.00 0.00 -0.00 -0.00 -0.00 -2.76 -184.88 -35.32 -3.83 -1.88 -0.03 -0.00 -3.74 -2.26 -2.41 -53.67 -397.09 -140.26 -39.36 -31.24 -3.71 -0.34 -46.02 -34.63 -33.13 -191.95 -632.86 -308.28 -132.02 -121.11 -31.58 -8.31 -152.59 -129.21 -121.55 -388.18
0.00 0.00 0.00 0.00 0.00 0.00 0.00 0.00 0.00 0.00 -35.20 -1.46 -0.01 -0.00 -0.00 0.00 -0.00 -0.00 -0.00 -2.76 -184.88 -35.32 -3.83 -1.88 -0.03 -0.00 -3.74 -2.26 -2.41 -53.67 -397.09 -140.26 -39.36 -31.24 -3.71 -0.34 -46.02 -34.63 -33.13 -191.95 -632.86 -308.28 -132.02 -121.11 -31.58 -8.31 -152.59 -129.21 -121.55 -388.18
0.00 0.00 0.00 0.00 0.00 0.00 0.00 0.00 0.00 0.00 -35.20 -1.46 -0.01 -0.00 -0.00 0.00 -0.00 -0.00 -0.00 -2.76 -184.88 -35.32 -3.83 -1.88 -0.03 -0.00 -3.74 -2.26 -2.41 -53.67 -397.09 -140.26 -39.36 -31.24 -3.71 -0.34 -46.02 -34.63 -33.13 -191.95 -632.86 -308.28 -132.02 -121.11 -31.58 -8.31 -152.59 -129.21 -121.55 -388.18
0.00 0.00 0.00 0.00 0.00 0.00 0.00 0.00 0.00 0.00 -35.20 -1.46 -0.01 -0.00 -0.00 0.00 -0.00 -0.00 -0.00 -2.76 -184.88 -35.32 -3.83 -1.88 -0.03 -0.00 -3.74 -2.26 -2.41 -53.67 -397.09 -140.26 -39.36 -31.24 -3.71 -0.34 -46.02 -34.63 -33.13 -191.95 -632.86 -308.28 -132.02 -121.11 -31.58 -8.31 -152.59 -129.21 -121.55 -388.18
0.00 0.00 0.00 0.00 0.00 0.00 0.00 0.00 0.00 0.00 -35.20 -1.46 -0.01 -0.00 -0.00 0.00 -0.00 -0.00 -0.00 -2.76 -184.88 -35.32 -3.83 -1.88 -0.03 -0.00 -3.74 -2.26 -2.41 -53.67 -397.09 -140.26 -39.36 -31.24 -3.71 -0.34 -46.02 -34.63 -33.13 -191.95 -632.86 -308.28 -132.02 -121.11 -31.58 -8.31 -152.59 -129.21 -121.55 -388.18
0.00 0.00 0.00 0.00 0.00 0.00 0.00 0.00 0.00 0.00 -35.20 -1.46 -0.01 -0.00 -0.00 0.00 -0.00 -0.00 -0.00 -2.76 -184.88 -35.32 -3.83 -1.88 -0.03 -0.00 -3.74 -2.26 -2.41 -53.67 -397.09 -140.26 -39.36 -31.24 -3.71 -0.34 -46.02 -34.63 -33.13 -191.95 -632.86 -308.28 -132.02 -121.11 -31.58 -8.31 -152.59 -129.21 -121.55 -388.18
0.00 0.00 0.00 0.00 0.00 0.00 0.00 0.00 0.00 0.00 -35.20 -1.46 -0.01 -0.00 -0.00 0.00 -0.00 -0.00 -0.00 -2.76 -184.88 -35.32 -3.83 -1.88 -0.03 -0.00 -3.74 -2.26 -2.41 -53.67 -397.09 -140.26 -39.36 -31.24 -3.71 -0.34 -46.02 -34.63 -33.13 -191.95 -632.86 -308.28 -132.02 -121.11 -31.58 -8.31 -152.59 -129.21 -121.55 -388.18
0.00 0.00 0.00 0.00 0.00 0.00 0.00 0.00 0.00 0.00 -35.20 -1.46 -0.01 -0.00 -0.00 0.00 -0.00 -0.00 -0.00 -2.76 -184.88 -35.32 -3.83 -1.88 -0.03 -0.00 -3.74 -2.26 -2.41 -53.67 -397.09 -140.26 -39.36 -31.24 -3.71 -0.34 -46.02 -34.63 -33.13 -191.95 -632.86 -308.28 -132.02 -121.11 -31.58 -8.31 -152.59 -129.21 -121.55 -388.18
0.00 0.00 0.00 0.00 0.00 0.00 0.00 0.00 0.00 0.00 -35.20 -1.46 -0.01 -0.00 -0.00 0.00 -0.00 -0.00 -0.00 -2.76 -184.88 -35.32 -3.83 -1.88 -0.03 -0.00 -3.74 -2.26 -2.41 -53.67 -397.09 -140.26 -39.36 -31.24 -3.71 -0.34 -46.02 -34.63 -33.13 -191.95 -632.86 -308.28 -132.02 -121.11 -31.58 -8.31 -152.59 -129.21 -121.55 -388.18
0.00 0.00 0.00 0.00 0.00 0.00 0.00 0.00 0.00 0.00 -35.20 -1.46 -0.01 -0.00 -0.00 0.00 -0.00 -0.00 -0.00 -2.76 -184.88 -35.32 -3.83 -1.88 -0.03 -0.00 -3.74 -2.26 -2.41 -53.67 -397.09 -140.26 -39.36 -31.24 -3.71 -0.34 -46.02 -34.63 -33.13 -191.95 -632.86 -308.28 -132.02 -121.11 -31.58 -8.31 -152.59 -129.21 -121.55 -388.18
0.00 0.00 0.00 0.00 0.00 0.00 0.00 0.00 0.00 0.00 -35.20 -1.46 -0.01 -0.00 -0.00 0.00 -0.00 -0.00 -0.00 -2.76 -184.88 -35.32 -3.83 -1.88 -0.03 -0.00 -3.74 -2.26 -2.41 -53.67 -397.09 -140.26 -39.36 -31.24 -3.71 -0.34 -46.02 -34.63 -33.13 -191.95 -632.86 -308.28 -132.02 -121.11 -31.58 -8.31 -152.59 -129.21 -121.55 -388.18
0.00 0.00 0.00 0.00 0.00 0.00 0.00 0.00 0.00 0.00 -35.20 -1.46 -0.01 -0.00 -0.00 0.00 -0.00 -0.00 -0.00 -2.76 -184.88 -35.32 -3.83 -1.88 -0.03 -0.00 -3.74 -2.26 -2.41 -53.67 -397.09 -140.26 -39.36 -31.24 -3.71 -0.34 -46.02 -34.63 -33.13 -191.95 -632.86 -308.28 -132.02 -121.11 -31.58 -8.31 -152.59 -129.21 -121.55 -388.18
0.00 0.00 0.00 0.00 0.00 0.00 0.00 0.00 0.00 0.00 -35.20 -1.46 -0.01 -0.00 -0.00 0.00 -0.00 -0.00 -0.00 -2.76 -184.88 -35.32 -3.83 -1.88 -0.03 -0.00 -3.74 -2.26 -2.41 -53.67 -397.09 -140.26 -39.36 -31.24 -3.71 -0.34 -46.02 -34.63 -33.13 -191.95 -632.86 -308.28 -132.02 -121.11 -31.58 -8.31 -152.59 -129.21 -121.55 -388.18
0.00 0.00 0.00 0.00 0.00 0.00 0.00 0.00 0.00 0.00 -35.20 -1.46 -0.01 -0.00 -0.00 0.00 -0.00 -0.00 -0.00 -2.76 -184.88 -35.32 -3.83 -1.88 -0.03 -0.00 -3.74 -2.26 -2.41 -53.67 -397.09 -140.26 -39.36 -31.24 -3.71 -0.34 -46.02 -34.63 -33.13 -191.95 -632.86 -308.28 -132.02 -121.11 -31.58 -8.31 -152.59 -129.21 -121.55 -388.18
0.00 0.00 0.00 0.00 0.00 0.00 0.00 0.00 0.00 0.00 -35.20 -1.46 -0.01 -0.00 -0.00 0.00 -0.00 -0.00 -0.00 -2.76 -184.88 -35.32 -3.83 -1.88 -0.03 -0.00 -3.74 -2.26 -2.41 -53.67 -397.09 -140.26 -39.36 -31.24 -3.71 -0.34 -46.02 -34.63 -33.13 -191.95 -632.86 -308.28 -132.02 -121.11 -31.58 -8.31 -152.59 -129.21 -121.55 -388.18
0.00 0.00 0.00 0.00 0.00 0.00 0.00 0.00 0.00 0.00 -35.20 -1.46 -0.01 -0.00 -0.00 0.00 -0.00 -0.00 -0.00 -2.76 -184.88 -35.32 -3.83 -1.88 -0.03 -0.00 -3.74 -2.26 -2.41 -53.67 -397.09 -140.26 -39.36 -31.24 -3.71 -0.34 -46.02 -34.63 -33.13 -191.95 -632.86 -308.28 -132.02 -121.11 -31.58 -8.31 -152.59 -129.21 -121.55 -388.18
0.00 0.00 0.00 0.00 0.00 0.00 0.00 0.00 0.00 0.00 -35.20 -1.46 -0.01 -0.00 -0.00 0.00 -0.00 -0.00 -0.00 -2.76 -184.88 -35.32 -3.83 -1.88 -0.03 -0.00 -3.74 -2.26 -2.41 -53.67 -397.09 -140.26 -39.36 -31.24 -3.71 -0.34 -46.02 -34.63 -33.13 -191.95 -632.86 -308.28 -132.02 -121.11 -31.58 -8.31 -152.59 -129.21 -121.55 -388.18
0.00 0.00 0.00 0.00 0.00 0.00 0.00 0.00 0.00 0.00 -35.20 -1.46 -0.01 -0.00 -0.00 0.00 -0.00 -0.00 -0.00 -2.76 -184.88 -35.32 -3.83 -1.88 -0.03 -0.00 -3.74 -2.26 -2.41 -53.67 -397.09 -140.26 -39.36 -31.24 -3.71 -0.34 -46.02 -34.63 -33.13 -191.95 -632.86 -308.28 -132.02 -121.11 -31.58 -8.31 -152.59 -129.21 -121.55 -388.18
0.00 0.00 0.00 0.00 0.00 0.00 0.00 0.00 0.00 0.00 -35.20 -1.46 -0.01 -0.00 -0.00 0.00 -0.00 -0.00 -0.00 -2.76 -184.88 -35.32 -3.83 -1.88 -0.03 -0.00 -3.74 -2.26 -2.41 -53.67 -397.09 -140.26 -39.36 -31.24 -3.71 -0.34 -46.02 -34.63 -33.13 -191.95 -632.86 -308.28 -132.02 -121.11 -31.58 -8.31 -152.59 -129.21 -121.55 -388.18
0.00 0.00 0.00 0.00 0.00 0.00 0.00 0.00 0.00 0.00 -35.20 -1.46 -0.01 -0.00 -0.00 0.00 -0.00 -0.00 -0.00 -2.76 -184.88 -35.32 -3.83 -1.88 -0.03 -0.00 -3.74 -2.26 -2.41 -53.67 -397.09 -140.26 -39.36 -31.24 -3.71 -0.34 -46.02 -34.63 -33.13 -191.95 -632.86 -308.28 -132.02 -121.11 -31.58 -8.31 -152.59 -129.21 -121.55 -388.18
0.00 0.00 0.00 0.00 0.00 0.00 0.00 0.00 0.00 0.00 -35.20 -1.46 -0.01 -0.00 -0.00 0.00 -0.00 -0.00 -0.00 -2.76 -184.88 -35.32 -3.83 -1.88 -0.03 -0.00 -3.74 -2.26 -2.41 -53.67 -397.09 -140.26 -39.36 -31.24 -3.71 -0.34 -46.02 -34.63 -33.13 -191.95 -632.86 -308.28 -132.02 -121.11 -31.58 -8.31 -152.59 -129.21 -121.55 -388.18
0.00 0.00 0.00 0.00 0.00 0.00 0.00 0.00 0.00 0.00 -35.20 -1.46 -0.01 -0.00 -0.00 0.00 -0.00 -0.00 -0.00 -2.76 -184.88 -35.32 -3.83 -1.88 -0.03 -0.00 -3.74 -2.26 -2.41 -53.67 -397.09 -140.26 -39.36 -31.24 -3.71 -0.34 -46.02 -34.63 -33.13 -191.95 -632.86 -308.28 -132.02 -121.11 -31.58 -8.31 -152.59 -129.21 -121.55 -388.18
0.00 0.00 0.00 0.00 0.00 0.00 0.00 0.00 0.00 0.00 -35.20 -1.46 -0.01 -0.00 -0.00 0.00 -0.00 -0.00 -0.00 -2.76 -184.88 -35.32 -3.83 -1.88 -0.03 -0.00 -3.74 -2.26 -2.41 -53.67 -397.09 -140.26 -39.36 -31.24 -3.71 -0.34 -46.02 -34.63 -33.13 -191.95 -632.86 -308.28 -132.02 -121.11 -31.58 -8.31 -152.59 -129.21 -121.55 -388.18
0.00 0.00 0.00 0.00 0.00 0.00 0.00 0.00 0.00 0.00 -35.20 -1.46 -0.01 -0.00 -0.00 0.00 -0.00 -0.00 -0.00 -2.76 -184.88 -35.32 -3.83 -1.88 -0.03 -0.00 -3.74 -2.26 -2.41 -53.67 -397.09 -140.26 -39.36 -31.24 -3.71 -0.34 -46.02 -34.63 -33.13 -191.95 -632.86 -308.28 -132.02 -121.11 -31.58 -8.31 -152.59 -129.21 -121.55 -388.18
0.00 0.00 0.00 0.00 0.00 0.00 0.00 0.00 0.00 0.00 -37.39 -1.73 -0.01 -0.00 -0.00 0.00 -0.00 -0.00 -0.00 -3.18 -192.20 -39.50 -5.04 -2.47 -0.07 -0.00 -4.21 -4.61 -2.87 -59.77 -408.03 -152.35 -47.63 -36.88 -6.66 -0.63 -49.61 -51.31 -41.67 -206.40 -645.77 -328.52 -153.87 -138.62 -47.32 -12.90 -167.12 -167.46 -150.27 -408.89
0.00 0.00 0.00 0.00 0.00 0.00 0.00 0.00 0.00 0.00 -37.39 -1.73 -0.01 -0.00 -0.00 0.00 -0.00 -0.00 -0.00 -3.18 -192.20 -39.50 -5.04 -2.47 -0.07 -0.00 -4.21 -4.61 -2.87 -59.77 -408.03 -152.35 -47.63 -36.88 -6.66 -0.63 -49.61 -51.31 -41.67 -206.40 -645.77 -328.52 -153.87 -138.62 -47.32 -12.90 -167.12 -167.46 -150.27 -408.89
0.00 0.00 0.00 0.00 0.00 0.00 0.00 0.00 0.00 0.00 -37.39 -1.73 -0.01 -0.00 -0.00 0.00 -0.00 -0.00 -0.00 -3.18 -192.20 -39.50 -5.04 -2.47 -0.07 -0.00 -4.21 -4.61 -2.87 -59.77 -408.03 -152.35 -47.63 -36.88 -6.66 -0.63 -49.61 -51.31 -41.67 -206.40 -645.77 -328.52 -153.87 -138.62 -47.32 -12.90 -167.12 -167.46 -150.27 -408.89
0.00 0.00 0.00 0.00 0.00 0.00 0.00 0.00 0.00 0.00 -37.39 -1.73 -0.01 -0.00 -0.00 0.00 -0.00 -0.00 -0.00 -3.18 -192.20 -39.50 -5.04 -2.47 -0.07 -0.00 -4.21 -4.61 -2.87 -59.77 -408.03 -152.35 -47.63 -36.88 -6.66 -0.63 -49.61 -51.31 -41.67 -206.40 -645.77 -328.52 -153.87 -138.62 -47.32 -12.90 -167.12 -167.46 -150.27 -408.89
0.00 0.00 0.00 0.00 0.00 0.00 0.00 0.00 0.00 0.00 -37.39 -1.73 -0.01 -0.00 -0.00 0.00 -0.00 -0.00 -0.00 -3.18 -192.20 -39.50 -5.04 -2.47 -0.07 -0.00 -4.21 -4.61 -2.87 -59.77 -408.03 -152.35 -47.63 -36.88 -6.66 -0.63 -49.61 -51.31 -41.67 -206.40 -645.77 -328.52 -153.87 -138.62 -47.32 -12.90 -167.12 -167.46 -150.27 -408.89
0.00 0.00 0.00 0.00 0.00 0.00 0.00 0.00 0.00 0.00 -37.39 -1.73 -0.01 -0.00 -0.00 0.00 -0.00 -0.00 -0.00 -3.18 -192.20 -39.50 -5.04 -2.47 -0.07 -0.00 -4.21 -4.61 -2.87 -59.77 -408.03 -152.35 -47.63 -36.88 -6.66 -0.63 -49.61 -51.31 -41.67 -206.40 -645.77 -328.52 -153.87 -138.62 -47.32 -12.90 -167.12 -167.46 -150.27 -408.89
0.00 0.00 0.00 0.00 0.00 0.00 0.00 0.00 0.00 0.00 -37.39 -1.73 -0.01 -0.00 -0.00 0.00 -0.00 -0.00 -0.00 -3.18 -192.20 -39.50 -5.04 -2.47 -0.07 -0.00 -4.21 -4.61 -2.87 -59.77 -408.03 -152.35 -47.63 -36.88 -6.66 -0.63 -49.61 -51.31 -41.67 -206.40 -645.77 -328.52 -153.87 -138.62 -47.32 -12.90 -167.12 -167.46 -150.27 -408.89
0.00 0.00 0.00 0.00 0.00 0.00 0.00 0.00 0.00 0.00 -37.39 -1.73 -0.01 -0.00 -0.00 0.00 -0.00 -0.00 -0.00 -3.18 -192.20 -39.50 -5.04 -2.47 -0.07 -0.00 -4.21 -4.61 -2.87 -59.77 -408.03 -152.35 -47.63 -36.88 -6.66 -0.63 -49.61 -51.31 -41.67 -206.40 -645.77 -328.52 -153.87 -138.62 -47.32 -12.90 -167.12 -167.46 -150.27 -408.89
0.00 0.00 0.00 0.00 0.00 0.00 0.00 0.00 0.00 0.00 -37.39 -1.73 -0.01 -0.00 -0.00 0.00 -0.00 -0.00 -0.00 -3.18 -192.20 -39.50 -5.04 -2.47 -0.07 -0.00 -4.21 -4.61 -2.87 -59.77 -408.03 -152.35 -47.63 -36.88 -6.66 -0.63 -49.61 -51.31 -41.67 -206.40 -645.77 -328.52 -153.87 -138.62 -47.32 -12.90 -167.12 -167.46 -150.27 -408.89
0.00 0.00 0.00 0.00 0.00 0.00 0.00 0.00 0.00 0.00 -37.39 -1.73 -0.01 -0.00 -0.00 0.00 -0.00 -0.00 -0.00 -3.18 -192.20 -39.50 -5.04 -2.47 -0.07 -0.00 -4.21 -4.61 -2.87 -59.77 -408.03 -152.35 -47.63 -36.88 -6.66 -0.63 -49.61 -51.31 -41.67 -206.40 -645.77 -328.52 -153.87 -138.62 -47.32 -12.90 -167.12 -167.46 -150.27 -408.89
0.00 0.00 0.00 0.00 0.00 0.00 0.00 0.00 0.00 0.00 -37.39 -1.73 -0.01 -0.00 -0.00 0.00 -0.00 -0.00 -0.00 -3.18 -192.20 -39.50 -5.04 -2.47 -0.07 -0.00 -4.21 -4.61 -2.87 -59.77 -408.03 -152.35 -47.63 -36.88 -6.66 -0.63 -49.61 -51.31 -41.67 -206.40 -645.77 -328.52 -153.87 -138.62 -47.32 -12.90 -167.12 -167.46 -150.27 -408.89
0.00 0.00 0.00 0.00 0.00 0.00 0.00 0.00 0.00 0.00 -37.39 -1.73 -0.01 -0.00 -0.00 0.00 -0.00 -0.00 -0.00 -3.18 -192.20 -39.50 -5.04 -2.47 -0.07 -0.00 -4.21 -4.61 -2.87 -59.77 -408.03 -152.35 -47.63 -36.88 -6.66 -0.63 -49.61 -51.31 -41.67 -206.40 -645.77 -328.52 -153.87 -138.62 -47.32 -12.90 -167.12 -167.46 -150.27 -408.89
0.00 0.00 0.00 0.00 0.00 0.00 0.00 0.00 0.00 0.00 -37.39 -1.73 -0.01 -0.00 -0.00 0.00 -0.00 -0.00 -0.00 -3.18 -192.20 -39.50 -5.04 -2.47 -0.07 -0.00 -4.21 -4.61 -2.87 -59.77 -408.03 -152.35 -47.63 -36.88 -6.66 -0.63 -49.61 -51.31 -41.67 -206.40 -645.77 -328.52 -153.87 -138.62 -47.32 -12.90 -167.12 -167.46 -150.27 -408.89
0.00 0.00 0.00 0.00 0.00 0.00 0.00 0.00 0.00 0.00 -37.39 -1.73 -0.01 -0.00 -0.00 0.00 -0.00 -0.00 -0.00 -3.18 -192.20 -39.50 -5.04 -2.47 -0.07 -0.00 -4.21 -4.61 -2.87 -59.77 -408.03 -152.35 -47.63 -36.88 -6.66 -0.63 -49.61 -51.31 -41.67 -206.40 -645.77 -328.52 -153.87 -138.62 -47.32 -12.90 -167.12 -167.46 -150.27 -408.89
0.00 0.00 0.00 0.00 0.00 0.00 0.00 0.00 0.00 0.00 -37.39 -1.73 -0.01 -0.00 -0.00 0.00 -0.00 -0.00 -0.00 -3.18 -192.20 -39.50 -5.04 -2.47 -0.07 -0.00 -4.21 -4.61 -2.87 -59.77 -408.03 -152.35 -47.63 -36.88 -6.66 -0.63 -49.61 -51.31 -41.67 -206.40 -645.77 -328.52 -153.87 -138.62 -47.32 -12.90 -167.12 -167.46 -150.27 -408.89
0.00 0.00 0.00 0.00 0.00 0.00 0.00 0.00 0.00 0.00 -37.39 -1.73 -0.01 -0.00 -0.00 0.00 -0.00 -0.00 -0.00 -3.18 -192.20 -39.50 -5.04 -2.47 -0.07 -0.00 -4.21 -4.61 -2.87 -59.77 -408.03 -152.35 -47.63 -36.88 -6.66 -0.63 -49.61 -51.31 -41.67 -206.40 -645.77 -328.52 -153.87 -138.62 -47.32 -12.90 -167.12 -167.46 -150.27 -408.89
0.00 0.00 0.00 0.00 0.00 0.00 0.00 0.00 0.00 0.00 -37.39 -1.73 -0.01 -0.00 -0.00 0.00 -0.00 -0.00 -0.00 -3.18 -192.20 -39.50 -5.04 -2.47 -0.07 -0.00 -4.21 -4.61 -2.87 -59.77 -408.03 -152.35 -47.63 -36.88 -6.66 -0.63 -49.61 -51.31 -41.67 -206.40 -645.77 -328.52 -153.87 -138.62 -47.32 -12.90 -167.12 -167.46 -150.27 -408.89
0.00 0.00 0.00 0.00 0.00 0.00 0.00 0.00 0.00 0.00 -37.39 -1.73 -0.01 -0.00 -0.00 0.00 -0.00 -0.00 -0.00 -3.18 -192.20 -39.50 -5.04 -2.47 -0.07 -0.00 -4.21 -4.61 -2.87 -59.77 -408.03 -152.35 -47.63 -36.88 -6.66 -0.63 -49.61 -51.31 -41.67 -206.40 -645.77 -328.52 -153.87 -138.62 -47.32 -12.90 -167.12 -167.46 -150.27 -408.89
0.00 0.00 0.00 0.00 0.00 0.00 0.00 0.00 0.00 0.00 -37.39 -1.73 -0.01 -0.00 -0.00 0.00 -0.00 -0.00 -0.00 -3.18 -192.20 -39.50 -5.04 -2.47 -0.07 -0.00 -4.21 -4.61 -2.87 -59.77 -408.03 -152.35 -47.63 -36.88 -6.66 -0.63 -49.61 -51.31 -41.67 -206.40 -645.77 -328.52 -153.87 -138.62 -47.32 -12.90 -167.12 -167.46 -150.27 -408.89
0.00 0.00 0.00 0.00 0.00 0.00 0.00 0.00 0.00 0.00 -37.39 -1.73 -0.01 -0.00 -0.00 0.00 -0.00 -0.00 -0.00 -3.18 -192.20 -39.50 -5.04 -2.47 -0.07 -0.00 -4.21 -4.61 -2.87 -59.77 -408.03 -152.35 -47.63 -36.88 -6.66 -0.63 -49.61 -51.31 -41.67 -206.40 -645.77 -328.52 -153.87 -138.62 -47.32 -12.90 -167.12 -167.46 -150.27 -408.89
0.00 0.00 0.00 0.00 0.00 0.00 0.00 0.00 0.00 0.00 -37.39 -1.73 -0.01 -0.00 -0.00 0.00 -0.00 -0.00 -0.00 -3.18 -192.20 -39.50 -5.04 -2.47 -0.07 -0.00 -4.21 -4.61 -2.87 -59.77 -408.03 -152.35 -47.63 -36.88 -6.66 -0.63 -49.61 -51.31 -41.67 -206.40 -645.77 -328.52 -153.87 -138.62 -47.32 -12.90 -167.12 -167.46 -150.27 -408.89
0.00 0.00 0.00 0.00 0.00 0.00 0.00 0.00 0.00 0.00 -37.39 -1.73 -0.01 -0.00 -0.00 0.00 -0.00 -0.00 -0.00 -3.18 -192.20 -39.50 -5.04 -2.47 -0.07 -0.00 -4.21 -4.61 -2.87 -59.77 -408.03 -152.35 -47.63 -36.88 -6.66 -0.63 -49.61 -51.31 -41.67 -206.40 -645.77 -328.52 -153.87 -138.62 -47.32 -12.90 -167.12 -167.46 -150.27 -408.89
0.00 0.00 0.00 0.00 0.00 0.00 0.00 0.00 0.00 0.00 -37.39 -1.73 -0.01 -0.00 -0.00 0.00 -0.00 -0.00 -0.00 -3.18 -192.20 -39.50 -5.04 -2.47 -0.07 -0.00 -4.21 -4.61 -2.87 -59.77 -408.03 -152.35 -47.63 -36.88 -6.66 -0.63 -49.61 -51.31 -41.67 -206.40 -645.77 -328.52 -153.87 -138.62 -47.32 -12.90 -167.12 -167.46 -150.27 -408.89
0.00 0.00 0.00 0.00 0.00 0.00 0.00 0.00 0.00 0.00 -37.39 -1.73 -0.01 -0.00 -0.00 0.00 -0.00 -0.00 -0.00 -3.18 -192.20 -39.50 -5.04 -2.47 -0.07 -0.00 -4.21 -4.61 -2.87 -59.77 -408.03 -152.35 -47.63 -36.88 -6.66 -0.63 -49.61 -51.31 -41.67 -206.40 -645.77 -328.52 -153.87 -138.62 -47.32 -12.90 -167.12 -167.46 -150.27 -408.89
0.00 0.00 0.00 0.00 0.00 0.00 0.00 0.00 0.00 0.00 -37.39 -1.73 -0.01 -0.00 -0.00 0.00 -0.00 -0.00 -0.00 -3.18 -192.20 -39.50 -5.04 -2.47 -0.07 -0.00 -4.21 -4.61 -2.87 -59.77 -408.03 -152.35 -47.63 -36.88 -6.66 -0.63 -49.61 -51.31 -41.67 -206.40 -645.77 -328.52 -153.87 -138.62 -47.32 -12.90 -167.12 -167.46 -150.27 -408.89
0.00 0.00 0.00 0.00 0.00 0.00 0.00 0.00 0.00 0.00 -37.39 -1.73 -0.01 -0.00 -0.00 0.00 -0.00 -0.00 -0.00 -3.18 -192.20 -39.50 -5.04 -2.47 -0.07 -0.00 -4.21 -4.61 -2.87 -59.77 -408.03 -152.35 -47.63 -36.88 -6.66 -0.63 -49.61 -51.31 -41.67 -206.40 -645.77 -328.52 -153.87 -138.62 -47.32 -12.90 -167.12 -167.46 -150.27 -408.89
0.00 0.00 0.00 0.00 0.00 0.00 0.00 0.00 0.00 0.00 -37.39 -1.73 -0.01 -0.00 -0.00 0.00 -0.00 -0.00 -0.00 -3.18 -192.20 -39.50 -5.04 -2.47 -0.07 -0.00 -4.21 -4.61 -2.87 -59.77 -408.03 -152.35 -47.63 -36.88 -6.66 -0.63 -49.61 -51.31 -41.67 -206.40 -645.77 -328.52 -153.87 -138.62 -47.32 -12.90 -167.12 -167.46 -150.27 -408.89
0.00 0.00 0.00 0.00 0.00 0.00 0.00 0.00 0.00 0.00 -37.39 -1.73 -0.01 -0.00 -0.00 0.00 -0.00 -0.00 -0.00 -3.18 -192.20 -39.50 -5.04 -2.47 -0.07 -0.00 -4.21 -4.61 -2.87 -59.77 -408.03 -152.35 -47.63 -36.88 -6.66 -0.63 -49.61 -51.31 -41.67 -206.40 -645.77 -328.52 -153.87 -138.62 -47.32 -12.90 -167.12 -167.46 -150.27 -408.89
0.00 0.00 0.00 0.00 0.00 0.00 0.00 0.00 0.00 0.00 -37.39 -1.73 -0.01 -0.00 -0.00 0.00 -0.00 -0.00 -0.00 -3.18 -192.20 -39.50 -5.04 -2.47 -0.07 -0.00 -4.21 -4.61 -2.87 -59.77 -408.03 -152.35 -47.63 -36.88 -6.66 -0.63 -49.61 -51.31 -41.67 -206.40 -645.77 -328.52 -153.87 -138.62 -47.32 -12.90 -167.12 -167.46 -150.27 -408.89
0.00 0.00 0.00 0.00 0.00 0.00 0.00 0.00 0.00 0.00 -37.39 -1.73 -0.01 -0.00 -0.00 0.00 -0.00 -0.00 -0.00 -3.18 -192.20 -39.50 -5.04 -2.47 -0.07 -0.00 -4.21 -4.61 -2.87 -59.77 -408.03 -152.35 -47.63 -36.88 -6.66 -0.63 -49.61 -51.31 -41.67 -206.40 -645.77 -328.52 -153.87 -138.62 -47.32 -12.90 -167.12 -167.46 -150.27 -408.89
0.00 0.00 0.00 0.00 0.00 0.00 0.00 0.00 0.00 0.00 -37.39 -1.73 -0.01 -0.00 -0.00 0.00 -0.00 -0.00 -0.00 -3.18 -192.20 -39.50 -5.04 -2.47 -0.07 -0.00 -4.21 -4.61 -2.87 -59.77 -408.03 -152.35 -47.63 -36.88 -6.66 -0.63 -49.61 -51.31 -41.67 -206.40 -645.77 -328.52 -153.87 -138.62 -47.32 -12.90 -167.12 -167.46 -150.27 -408.89
0.00 0.00 0.00 0.00 0.00 0.00 0.00 0.00 0.00 0.00 -37.39 -1.73 -0.01 -0.00 -0.00 0.00 -0.00 -0.00 -0.00 -3.18 -192.20 -39.50 -5.04 -2.47 -0.07 -0.00 -4.21 -4.61 -2.87 -59.77 -408.03 -152.35 -47.63 -36.88 -6.66 -0.63 -49.61 -51.31 -41.67 -206.40 -645.77 -328.52 -153.87 -138.62 -47.32 -12.90 -167.12 -167.46 -150.27 -408.89
0.00 0.00 0.00 0.00 0.00 0.00 0.00 0.00 0.00 0.00 -37.39 -1.73 -0.01 -0.00 -0.00 0.00 -0.00 -0.00 -0.00 -3.18 -192.20 -39.50 -5.04 -2.47 -0.07 -0.00 -4.21 -4.61 -2.87 -59.77 -408.03 -152.35 -47.63 -36.88 -6.66 -0.63 -49.61 -51.31 -41.67 -206.40 -645.77 -328.52 -153.87 -138.62 -47.32 -12.90 -167.12 -167.46 -150.27 -408.89
0.00 0.00 0.00 0.00 0.00 0.00 0.00 0.00 0.00 0.00 -37.39 -1.73 -0.01 -0.00 -0.00 0.00 -0.00 -0.00 -0.00 -3.18 -192.20 -39.50 -5.04 -2.47 -0.07 -0.00 -4.21 -4.61 -2.87 -59.77 -408.03 -152.35 -47.63 -36.88 -6.66 -0.63 -49.61 -51.31 -41.67 -206.40 -645.77 -328.52 -153.87 -138.62 -47.32 -12.90 -167.12 -167.46 -150.27 -408.89
0.00 0.00 0.00 0.00 0.00 0.00 0.00 0.00 0.00 0.00 -37.39 -1.73 -0.01 -0.00 -0.00 0.00 -0.00 -0.00 -0.00 -3.18 -192.20 -39.50 -5.04 -2.47 -0.07 -0.00 -4.21 -4.61 -2.87 -59.77 -408.03 -152.35 -47.63 -36.88 -6.66 -0.63 -49.61 -51.31 -41.67 -206.40 -645.77 -328.52 -153.87 -138.62 -47.32 -12.90 -167.12 -167.46 -150.27 -408.89
0.00 0.00 0.00 0.00 0.00 0.00 0.00 0.00 0.00 0.00 -37.39 -1.73 -0.01 -0.00 -0.00 0.00 -0.00 -0.00 -0.00 -3.18 -192.20 -39.50 -5.04 -2.47 -0.07 -0.00 -4.21 -4.61 -2.87 -59.77 -408.03 -152.35 -47.63 -36.88 -6.66 -0.63 -49.61 -51.31 -41.67 -206.40 -645.77 -328.52 -153.87 -138.62 -47.32 -12.90 -167.12 -167.46 -150.27 -408.89
0.00 0.00 0.00 0.00 0.00 0.00 0.00 0.00 0.00 0.00 -37.39 -1.73 -0.01 -0.00 -0.00 0.00 -0.00 -0.00 -0.00 -3.18 -192.20 -39.50 -5.04 -2.47 -0.07 -0.00 -4.21 -4.61 -2.87 -59.77 -408.03 -152.35 -47.63 -36.88 -6.66 -0.63 -49.61 -51.31 -41.67 -206.40 -645.77 -328.52 -153.87 -138.62 -47.32 -12.90 -167.12 -167.46 -150.27 -408.89
0.00 0.00 0.00 0.00 0.00 0.00 0.00 0.00 0.00 0.00 -37.39 -1.73 -0.01 -0.00 -0.00 0.00 -0.00 -0.00 -0.00 -3.18 -192.20 -39.50 -5.04 -2.47 -0.07 -0.00 -4.21 -4.61 -2.87 -59.77 -408.03 -152.35 -47.63 -36.88 -6.66 -0.63 -49.61 -51.31 -41.67 -206.40 -645.77 -328.52 -153.87 -138.62 -47.32 -12.90 -167.12 -167.46 -150.27 -408.89
0.00 0.00 0.00 0.00 0.00 0.00 0.00 0.00 0.00 0.00 -37.39 -1.73 -0.01 -0.00 -0.00 0.00 -0.00 -0.00 -0.00 -3.18 -192.20 -39.50 -5.04 -2.47 -0.07 -0.00 -4.21 -4.61 -2.87 -59.77 -408.03 -152.35 -47.63 -36.88 -6.66 -0.63 -49.61 -51.31 -41.67 -206.40 -645.77 -328.52 -153.87 -138.62 -47.32 -12.90 -167.12 -167.46 -150.27 -408.89
0.00 0.00 0.00 0.00 0.00 0.00 0.00 0.00 0.00 0.00 -37.39 -1.73 -0.01 -0.00 -0.00 0.00 -0.00 -0.00 -0.00 -3.18 -192.20 -39.50 -5.04 -2.47 -0.07 -0.00 -4.21 -4.61 -2.87 -59.77 -408.03 -152.35 -47.63 -36.88 -6.66 -0.63 -49.61 -51.31 -41.67 -206.40 -645.77 -328.52 -153.87 -138.62 -47.32 -12.90 -167.12 -167.46 -150.27 -408.89
0.00 0.00 0.00 0.00 0.00 0.00 0.00 0.00 0.00 0.00 -37.39 -1.73 -0.01 -0.00 -0.00 0.00 -0.00 -0.00 -0.00 -3.18 -192.20 -39.50 -5.04 -2.47 -0.07 -0.00 -4.21 -4.61 -2.87 -59.77 -408.03 -152.35 -47.63 -36.88 -6.66 -0.63 -49.61 -51.31 -41.67 -206.40 -645.77 -328.52 -153.87 -138.62 -47.32 -12.90 -167.12 -167.46 -150.27 -408.89
0.00 0.00 0.00 0.00 0.00 0.00 0.00 0.00 0.00 0.00 -37.39 -1.73 -0.01 -0.00 -0.00 0.00 -0.00 -0.00 -0.00 -3.18 -192.20 -39.50 -5.04 -2.47 -0.07 -0.00 -4.21 -4.61 -2.87 -59.77 -408.03 -152.35 -47.63 -36.88 -6.66 -0.63 -49.61 -51.31 -41.67 -206.40 -645.77 -328.52 -153.87 -138.62 -47.32 -12.90 -167.12 -167.46 -150.27 -408.89
0.00 0.00 0.00 0.00 0.00 0.00 0.00 0.00 0.00 0.00 -37.39 -1.73 -0.01 -0.00 -0.00 0.00 -0.00 -0.00 -0.00 -3.18 -192.20 -39.50 -5.04 -2.47 -0.07 -0.00 -4.21 -4.61 -2.87 -59.77 -408.03 -152.35 -47.63 -36.88 -6.66 -0.63 -49.61 -51.31 -41.67 -206.40 -645.77 -328.52 -153.87 -138.62 -47.32 -12.90 -167.12 -167.46 -150.27 -408.89
0.00 0.00 0.00 0.00 0.00 0.00 0.00 0.00 0.00 0.00 -37.39 -1.73 -0.01 -0.00 -0.00 0.00 -0.00 -0.00 -0.00 -3.18 -192.20 -39.50 -5.04 -2.47 -0.07 -0.00 -4.21 -4.61 -2.87 -59.77 -408.03 -152.35 -47.63 -36.88 -6.66 -0.63 -49.61 -51.31 -41.67 -206.40 -645.77 -328.52 -153.87 -138.62 -47.32 -12.90 -167.12 -167.46 -150.27 -408.89
0.00 0.00 0.00 0.00 0.00 0.00 0.00 0.00 0.00 0.00 -37.39 -1.73 -0.01 -0.00 -0.00 0.00 -0.00 -0.00 -0.00 -3.18 -192.20 -39.50 -5.04 -2.47 -0.07 -0.00 -4.21 -4.61 -2.87 -59.77 -408.03 -152.35 -47.63 -36.88 -6.66 -0.63 -49.61 -51.31 -41.67 -206.40 -645.77 -328.52 -153.87 -138.62 -47.32 -12.90 -167.12 -167.46 -150.27 -408.89
0.00 0.00 0.00 0.00 0.00 0.00 0.00 0.00 0.00 0.00 -37.39 -1.73 -0.01 -0.00 -0.00 0.00 -0.00 -0.00 -0.00 -3.18 -192.20 -39.50 -5.04 -2.47 -0.07 -0.00 -4.21 -4.61 -2.87 -59.77 -408.03 -152.35 -47.63 -36.88 -6.66 -0.63 -49.61 -51.31 -41.67 -206.40 -645.77 -328.52 -153.87 -138.62 -47.32 -12.90 -167.12 -167.46 -150.27 -408.89
0.00 0.00 0.00 0.00 0.00 0.00 0.00 0.00 0.00 0.00 -37.39 -1.73 -0.01 -0.00 -0.00 0.00 -0.00 -0.00 -0.00 -3.18 -192.20 -39.50 -5.04 -2.47 -0.07 -0.00 -4.21 -4.61 -2.87 -59.77 -408.03 -152.35 -47.63 -36.88 -6.66 -0.63 -49.61 -51.31 -41.67 -206.40 -645.77 -328.52 -153.87 -138.62 -47.32 -12.90 -167.12 -167.46 -150.27 -408.89
0.00 0.00 0.00 0.00 0.00 0.00 0.00 0.00 0.00 0.00 -37.39 -1.73 -0.01 -0.00 -0.00 0.00 -0.00 -0.00 -0.00 -3.18 -192.20 -39.50 -5.04 -2.47 -0.07 -0.00 -4.21 -4.61 -2.87 -59.77 -408.03 -152.35 -47.63 -36.88 -6.66 -0.63 -49.61 -51.31 -41.67 -206.40 -645.77 -328.52 -153.87 -138.62 -47.32 -12.90 -167.12 -167.46 -150.27 -408.89
0.00 0.00 0.00 0.00 0.00 0.00 0.00 0.00 0.00 0.00 -37.39 -1.73 -0.01 -0.00 -0.00 0.00 -0.00 -0.00 -0.00 -3.18 -192.20 -39.50 -5.04 -2.47 -0.07 -0.00 -4.21 -4.61 -2.87 -59.77 -408.03 -152.35 -47.63 -36.88 -6.66 -0.63 -49.61 -51.31 -41.67 -206.40 -645.77 -328.52 -153.87 -138.62 -47.32 -12.90 -167.12 -167.46 -150.27 -408.89
0.00 0.00 0.00 0.00 0.00 0.00 0.00 0.00 0.00 0.00 -37.39 -1.73 -0.01 -0.00 -0.00 0.00 -0.00 -0.00 -0.00 -3.18 -192.20 -39.50 -5.04 -2.47 -0.07 -0.00 -4.21 -4.61 -2.87 -59.77 -408.03 -152.35 -47.63 -36.88 -6.66 -0.63 -49.61 -51.31 -41.67 -206.40 -645.77 -328.52 -153.87 -138.62 -47.32 -12.90 -167.12 -167.46 -150.27 -408.89
0.00 0.00 0.00 0.00 0.00 0.00 0.00 0.00 0.00 0.00 -37.39 -1.73 -0.01 -0.00 -0.00 0.00 -0.00 -0.00 -0.00 -3.18 -192.20 -39.50 -5.04 -2.47 -0.07 -0.00 -4.21 -4.61 -2.87 -59.77 -408.03 -152.35 -47.63 -36.88 -6.66 -0.63 -49.61 -51.31 -41.67 -206.40 -645.77 -328.52 -153.87 -138.62 -47.32 -12.90 -167.12 -167.46 -150.27 -408.89
0.00 0.00 0.00 0.00 0.00 0.00 0.00 0.00 0.00 0.00 -37.39 -1.73 -0.01 -0.00 -0.00 0.00 -0.00 -0.00 -0.00 -3.18 -192.20 -39.50 -5.04 -2.47 -0.07 -0.00 -4.21 -4.61 -2.87 -59.77 -408.03 -152.35 -47.63 -36.88 -6.66 -0.63 -49.61 -51.31 -41.67 -206.40 -645.77 -328.52 -153.87 -138.62 -47.32 -12.90 -167.12 -167.46 -150.27 -408.89
0.00 0.00 0.00 0.00 0.00 0.00 0.00 0.00 0.00 0.00 -37.39 -1.73 -0.01 -0.00 -0.00 0.00 -0.00 -0.00 -0.00 -3.18 -192.20 -39.50 -5.04 -2.47 -0.07 -0.00 -4.21 -4.61 -2.87 -59.77 -408.03 -152.35 -47.63 -36.88 -6.66 -0.63 -49.61 -51.31 -41.67 -206.40 -645.77 -328.52 -153.87 -138.62 -47.32 -12.90 -167.12 -167.46 -150.27 -408.89
0.00 0.00 0.00 0.00 0.00 0.00 0.00 0.00 0.00 0.00 -37.39 -1.73 -0.01 -0.00 -0.00 0.00 -0.00 -0.00 -0.00 -3.18 -192.20 -39.50 -5.04 -2.47 -0.07 -0.00 -4.21 -4.61 -2.87 -59.77 -408.03 -152.35 -47.63 -36.88 -6.66 -0.63 -49.61 -51.31 -41.67 -206.40 -645.77 -328.52 -153.87 -138.62 -47.32 -12.90 -167.12 -167.46 -150.27 -408.89
0.00 0.00 0.00 0.00 0.00 0.00 0.00 0.00 0.00 0.00 -37.39 -1.73 -0.01 -0.00 -0.00 0.00 -0.00 -0.00 -0.00 -3.18 -192.20 -39.50 -5.04 -2.47 -0.07 -0.00 -4.21 -4.61 -2.87 -59.77 -408.03 -152.35 -47.63 -36.88 -6.66 -0.63 -49.61 -51.31 -41.67 -206.40 -645.77 -328.52 -153.87 -138.62 -47.32 -12.90 -167.12 -167.46 -150.27 -408.89
0.00 0.00 0.00 0.00 0.00 0.00 0.00 0.00 0.00 0.00 -37.39 -1.73 -0.01 -0.00 -0.00 0.00 -0.00 -0.00 -0.00 -3.18 -192.20 -39.50 -5.04 -2.47 -0.07 -0.00 -4.21 -4.61 -2.87 -59.77 -408.03 -152.35 -47.63 -36.88 -6.66 -0.63 -49.61 -51.31 -41.67 -206.40 -645.77 -328.52 -153.87 -138.62 -47.32 -12.90 -167.12 -167.46 -150.27 -408.89
0.00 0.00 0.00 0.00 0.00 0.00 0.00 0.00 0.00 0.00 -37.39 -1.73 -0.01 -0.00 -0.00 0.00 -0.00 -0.00 -0.00 -3.18 -192.20 -39.50 -5.04 -2.47 -0.07 -0.00 -4.21 -4.61 -2.87 -59.77 -408.03 -152.35 -47.63 -36.88 -6.66 -0.63 -49.61 -51.31 -41.67 -206.40 -645.77 -328.52 -153.87 -138.62 -47.32 -12.90 -167.12 -167.46 -150.27 -408.89
0.00 0.00 0.00 0.00 0.00 0.00 0.00 0.00 0.00 0.00 -37.39 -1.73 -0.01 -0.00 -0.00 0.00 -0.00 -0.00 -0.00 -3.18 -192.20 -39.50 -5.04 -2.47 -0.07 -0.00 -4.21 -4.61 -2.87 -59.77 -408.03 -152.35 -47.63 -36.88 -6.66 -0.63 -49.61 -51.31 -41.67 -206.40 -645.77 -328.52 -153.87 -138.62 -47.32 -12.90 -167.12 -167.46 -150.27 -408.89
0.00 0.00 0.00 0.00 0.00 0.00 0.00 0.00 0.00 0.00 -37.39 -1.73 -0.01 -0.00 -0.00 0.00 -0.00 -0.00 -0.00 -3.18 -192.20 -39.50 -5.04 -2.47 -0.07 -0.00 -4.21 -4.61 -2.87 -59.77 -408.03 -152.35 -47.63 -36.88 -6.66 -0.63 -49.61 -51.31 -41.67 -206.40 -645.77 -328.52 -153.87 -138.62 -47.32 -12.90 -167.12 -167.46 -150.27 -408.89
0.00 0.00 0.00 0.00 0.00 0.00 0.00 0.00 0.00 0.00 -37.39 -1.73 -0.01 -0.00 -0.00 0.00 -0.00 -0.00 -0.00 -3.18 -192.20 -39.50 -5.04 -2.47 -0.07 -0.00 -4.21 -4.61 -2.87 -59.77 -408.03 -152.35 -47.63 -36.88 -6.66 -0.63 -49.61 -51.31 -41.67 -206.40 -645.77 -328.52 -153.87 -138.62 -47.32 -12.90 -167.12 -167.46 -150.27 -408.89
0.00 0.00 0.00 0.00 0.00 0.00 0.00 0.00 0.00 0.00 -37.39 -1.73 -0.01 -0.00 -0.00 0.00 -0.00 -0.00 -0.00 -3.18 -192.20 -39.50 -5.04 -2.47 -0.07 -0.00 -4.21 -4.61 -2.87 -59.77 -408.03 -152.35 -47.63 -36.88 -6.66 -0.63 -49.61 -51.31 -41.67 -206.40 -645.77 -328.52 -153.87 -138.62 -47.32 -12.90 -167.12 -167.46 -150.27 -408.89
0.00 0.00 0.00 0.00 0.00 0.00 0.00 0.00 0.00 0.00 -37.39 -1.73 -0.01 -0.00 -0.00 0.00 -0.00 -0.00 -0.00 -3.18 -192.20 -39.50 -5.04 -2.47 -0.07 -0.00 -4.21 -4.61 -2.87 -59.77 -408.03 -152.35 -47.63 -36.88 -6.66 -0.63 -49.61 -51.31 -41.67 -206.40 -645.77 -328.52 -153.87 -138.62 -47.32 -12.90 -167.12 -167.46 -150.27 -408.89
0.00 0.00 0.00 0.00 0.00 0.00 0.00 0.00 0.00 0.00 -37.39 -1.73 -0.01 -0.00 -0.00 0.00 -0.00 -0.00 -0.00 -3.18 -192.20 -39.50 -5.04 -2.47 -0.07 -0.00 -4.21 -4.61 -2.87 -59.77 -408.03 -152.35 -47.63 -36.88 -6.66 -0.63 -49.61 -51.31 -41.67 -206.40 -645.77 -328.52 -153.87 -138.62 -47.32 -12.90 -167.12 -167.46 -150.27 -408.89
0.00 0.00 0.00 0.00 0.00 0.00 0.00 0.00 0.00 0.00 -37.39 -1.73 -0.01 -0.00 -0.00 0.00 -0.00 -0.00 -0.00 -3.18 -192.20 -39.50 -5.04 -2.47 -0.07 -0.00 -4.21 -4.61 -2.87 -59.77 -408.03 -152.35 -47.63 -36.88 -6.66 -0.63 -49.61 -51.31 -41.67 -206.40 -645.77 -328.52 -153.87 -138.62 -47.32 -12.90 -167.12 -167.46 -150.27 -408.89
0.00 0.00 0.00 0.00 0.00 0.00 0.00 0.00 0.00 0.00 -37.39 -1.73 -0.01 -0.00 -0.00 0.00 -0.00 -0.00 -0.00 -3.18 -192.20 -39.50 -5.04 -2.47 -0.07 -0.00 -4.21 -4.61 -2.87 -59.77 -408.03 -152.35 -47.63 -36.88 -6.66 -0.63 -49.61 -51.31 -41.67 -206.40 -645.77 -328.52 -153.87 -138.62 -47.32 -12.90 -167.12 -167.46 -150.27 -408.89
0.00 0.00 0.00 0.00 0.00 0.00 0.00 0.00 0.00 0.00 -37.39 -1.73 -0.01 -0.00 -0.00 0.00 -0.00 -0.00 -0.00 -3.18 -192.20 -39.50 -5.04 -2.47 -0.07 -0.00 -4.21 -4.61 -2.87 -59.77 -408.03 -152.35 -47.63 -36.88 -6.66 -0.63 -49.61 -51.31 -41.67 -206.40 -645.77 -328.52 -153.87 -138.62 -47.32 -12.90 -167.12 -167.46 -150.27 -408.89
0.00 0.00 0.00 0.00 0.00 0.00 0.00 0.00 0.00 0.00 -37.39 -1.73 -0.01 -0.00 -0.00 0.00 -0.00 -0.00 -0.00 -3.18 -192.20 -39.50 -5.04 -2.47 -0.07 -0.00 -4.21 -4.61 -2.87 -59.77 -408.03 -152.35 -47.63 -36.88 -6.66 -0.63 -49.61 -51.31 -41.67 -206.40 -645.77 -328.52 -153.87 -138.62 -47.32 -12.90 -167.12 -167.46 -150.27 -408.89
0.00 0.00 0.00 0.00 0.00 0.00 0.00 0.00 0.00 0.00 -37.39 -1.73 -0.01 -0.00 -0.00 0.00 -0.00 -0.00 -0.00 -3.18 -192.20 -39.50 -5.04 -2.47 -0.07 -0.00 -4.21 -4.61 -2.87 -59.77 -408.03 -152.35 -47.63 -36.88 -6.66 -0.63 -49.61 -51.31 -41.67 -206.40 -645.77 -328.52 -153.87 -138.62 -47.32 -12.90 -167.12 -167.46 -150.27 -408.89
0.00 0.00 0.00 0.00 0.00 0.00 0.00 0.00 0.00 0.00 -37.39 -1.73 -0.01 -0.00 -0.00 0.00 -0.00 -0.00 -0.00 -3.18 -192.20 -39.50 -5.04 -2.47 -0.07 -0.00 -4.21 -4.61 -2.87 -59.77 -408.03 -152.35 -47.63 -36.88 -6.66 -0.63 -49.61 -51.31 -41.67 -206.40 -645.77 -328.52 -153.87 -138.62 -47.32 -12.90 -167.12 -167.46 -150.27 -408.89
0.00 0.00 0.00 0.00 0.00 0.00 0.00 0.00 0.00 0.00 -37.39 -1.73 -0.01 -0.00 -0.00 0.00 -0.00 -0.00 -0.00 -3.18 -192.20 -39.50 -5.04 -2.47 -0.07 -0.00 -4.21 -4.61 -2.87 -59.77 -408.03 -152.35 -47.63 -36.88 -6.66 -0.63 -49.61 -51.31 -41.67 -206.40 -645.77 -328.52 -153.87 -138.62 -47.32 -12.90 -167.12 -167.46 -150.27 -408.89
0.00 0.00 0.00 0.00 0.00 0.00 0.00 0.00 0.00 0.00 -37.39 -1.73 -0.01 -0.00 -0.00 0.00 -0.00 -0.00 -0.00 -3.18 -192.20 -39.50 -5.04 -2.47 -0.07 -0.00 -4.21 -4.61 -2.87 -59.77 -408.03 -152.35 -47.63 -36.88 -6.66 -0.63 -49.61 -51.31 -41.67 -206.40 -645.77 -328.52 -153.87 -138.62 -47.32 -12.90 -167.12 -167.46 -150.27 -408.89
0.00 0.00 0.00 0.00 0.00 0.00 0.00 0.00 0.00 0.00 -37.39 -1.73 -0.01 -0.00 -0.00 0.00 -0.00 -0.00 -0.00 -3.18 -192.20 -39.50 -5.04 -2.47 -0.07 -0.00 -4.21 -4.61 -2.87 -59.77 -408.03 -152.35 -47.63 -36.88 -6.66 -0.63 -49.61 -51.31 -41.67 -206.40 -645.77 -328.52 -153.87 -138.62 -47.32 -12.90 -167.12 -167.46 -150.27 -408.89
0.00 0.00 0.00 0.00 0.00 0.00 0.00 0.00 0.00 0.00 -37.39 -1.73 -0.01 -0.00 -0.00 0.00 -0.00 -0.00 -0.00 -3.18 -192.20 -39.50 -5.04 -2.47 -0.07 -0.00 -4.21 -4.61 -2.87 -59.77 -408.03 -152.35 -47.63 -36.88 -6.66 -0.63 -49.61 -51.31 -41.67 -206.40 -645.77 -328.52 -153.87 -138.62 -47.32 -12.90 -167.12 -167.46 -150.27 -408.89
0.00 0.00 0.00 0.00 0.00 0.00 0.00 0.00 0.00 0.00 -37.39 -1.73 -0.01 -0.00 -0.00 0.00 -0.00 -0.00 -0.00 -3.18 -192.20 -39.50 -5.04 -2.47 -0.07 -0.00 -4.21 -4.61 -2.87 -59.77 -408.03 -152.35 -47.63 -36.88 -6.66 -0.63 -49.61 -51.31 -41.67 -206.40 -645.77 -328.52 -153.87 -138.62 -47.32 -12.90 -167.12 -167.46 -150.27 -408.89
0.00 0.00 0.00 0.00 0.00 0.00 0.00 0.00 0.00 0.00 -37.39 -1.73 -0.01 -0.00 -0.00 0.00 -0.00 -0.00 -0.00 -3.18 -192.20 -39.50 -5.04 -2.47 -0.07 -0.00 -4.21 -4.61 -2.87 -59.77 -408.03 -152.35 -47.63 -36.88 -6.66 -0.63 -49.61 -51.31 -41.67 -206.40 -645.77 -328.52 -153.87 -138.62 -47.32 -12.90 -167.12 -167.46 -150.27 -408.89
0.00 0.00 0.00 0.00 0.00 0.00 0.00 0.00 0.00 0.00 -37.39 -1.73 -0.01 -0.00 -0.00 0.00 -0.00 -0.00 -0.00 -3.18 -192.20 -39.50 -5.04 -2.47 -0.07 -0.00 -4.21 -4.61 -2.87 -59.77 -408.03 -152.35 -47.63 -36.88 -6.66 -0.63 -49.61 -51.31 -41.67 -206.40 -645.77 -328.52 -153.87 -138.62 -47.32 -12.90 -167.12 -167.46 -150.27 -408.89
0.00 0.00 0.00 0.00 0.00 0.00 0.00 0.00 0.00 0.00 -37.39 -1.73 -0.01 -0.00 -0.00 0.00 -0.00 -0.00 -0.00 -3.18 -192.20 -39.50 -5.04 -2.47 -0.07 -0.00 -4.21 -4.61 -2.87 -59.77 -408.03 -152.35 -47.63 -36.88 -6.66 -0.63 -49.61 -51.31 -41.67 -206.40 -645.77 -328.52 -153.87 -138.62 -47.32 -12.90 -167.12 -167.46 -150.27 -408.89
0.00 0.00 0.00 0.00 0.00 0.00 0.00 0.00 0.00 0.00 -37.39 -1.73 -0.01 -0.00 -0.00 0.00 -0.00 -0.00 -0.00 -3.18 -192.20 -39.50 -5.04 -2.47 -0.07 -0.00 -4.21 -4.61 -2.87 -59.77 -408.03 -152.35 -47.63 -36.88 -6.66 -0.63 -49.61 -51.31 -41.67 -206.40 -645.77 -328.52 -153.87 -138.62 -47.32 -12.90 -167.12 -167.46 -150.27 -408.89
0.00 0.00 0.00 0.00 0.00 0.00 0.00 0.00 0.00 0.00 -37.39 -1.73 -0.01 -0.00 -0.00 0.00 -0.00 -0.00 -0.00 -3.18 -192.20 -39.50 -5.04 -2.47 -0.07 -0.00 -4.21 -4.61 -2.87 -59.77 -408.03 -152.35 -47.63 -36.88 -6.66 -0.63 -49.61 -51.31 -41.67 -206.40 -645.77 -328.52 -153.87 -138.62 -47.32 -12.90 -167.12 -167.46 -150.27 -408.89
0.00 0.00 0.00 0.00 0.00 0.00 0.00 0.00 0.00 0.00 -37.39 -1.73 -0.01 -0.00 -0.00 0.00 -0.00 -0.00 -0.00 -3.18 -192.20 -39.50 -5.04 -2.47 -0.07 -0.00 -4.21 -4.61 -2.87 -59.77 -408.03 -152.35 -47.63 -36.88 -6.66 -0.63 -49.61 -51.31 -41.67 -206.40 -645.77 -328.52 -153.87 -138.62 -47.32 -12.90 -167.12 -167.46 -150.27 -408.89
0.00 0.00 0.00 0.00 0.00 0.00 0.00 0.00 0.00 0.00 -37.39 -1.73 -0.01 -0.00 -0.00 0.00 -0.00 -0.00 -0.00 -3.18 -192.20 -39.50 -5.04 -2.47 -0.07 -0.00 -4.21 -4.61 -2.87 -59.77 -408.03 -152.35 -47.63 -36.88 -6.66 -0.63 -49.61 -51.31 -41.67 -206.40 -645.77 -328.52 -153.87 -138.62 -47.32 -12.90 -167.12 -167.46 -150.27 -408.89
0.00 0.00 0.00 0.00 0.00 0.00 0.00 0.00 0.00 0.00 -37.39 -1.73 -0.01 -0.00 -0.00 0.00 -0.00 -0.00 -0.00 -3.18 -192.20 -39.50 -5.04 -2.47 -0.07 -0.00 -4.21 -4.61 -2.87 -59.77 -408.03 -152.35 -47.63 -36.88 -6.66 -0.63 -49.61 -51.31 -41.67 -206.40 -645.77 -328.52 -153.87 -138.62 -47.32 -12.90 -167.12 -167.46 -150.27 -408.89
0.00 0.00 0.00 0.00 0.00 0.00 0.00 0.00 0.00 0.00 -37.39 -1.73 -0.01 -0.00 -0.00 0.00 -0.00 -0.00 -0.00 -3.18 -192.20 -39.50 -5.04 -2.47 -0.07 -0.00 -4.21 -4.61 -2.87 -59.77 -408.03 -152.35 -47.63 -36.88 -6.66 -0.63 -49.61 -51.31 -41.67 -206.40 -645.77 -328.52 -153.87 -138.62 -47.32 -12.90 -167.12 -167.46 -150.27 -408.89
0.00 0.00 0.00 0.00 0.00 0.00 0.00 0.00 0.00 0.00 -37.39 -1.73 -0.01 -0.00 -0.00 0.00 -0.00 -0.00 -0.00 -3.18 -192.20 -39.50 -5.04 -2.47 -0.07 -0.00 -4.21 -4.61 -2.87 -59.77 -408.03 -152.35 -47.63 -36.88 -6.66 -0.63 -49.61 -51.31 -41.67 -206.40 -645.77 -328.52 -153.87 -138.62 -47.32 -12.90 -167.12 -167.46 -150.27 -408.89
0.00 0.00 0.00 0.00 0.00 0.00 0.00 0.00 0.00 0.00 -37.39 -1.73 -0.01 -0.00 -0.00 0.00 -0.00 -0.00 -0.00 -3.18 -192.20 -39.50 -5.04 -2.47 -0.07 -0.00 -4.21 -4.61 -2.87 -59.77 -408.03 -152.35 -47.63 -36.88 -6.66 -0.63 -49.61 -51.31 -41.67 -206.40 -645.77 -328.52 -153.87 -138.62 -47.32 -12.90 -167.12 -167.46 -150.27 -408.89
0.00 0.00 0.00 0.00 0.00 0.00 0.00 0.00 0.00 0.00 -37.39 -1.73 -0.01 -0.00 -0.00 0.00 -0.00 -0.00 -0.00 -3.18 -192.20 -39.50 -5.04 -2.47 -0.07 -0.00 -4.21 -4.61 -2.87 -59.77 -408.03 -152.35 -47.63 -36.88 -6.66 -0.63 -49.61 -51.31 -41.67 -206.40 -645.77 -328.52 -153.87 -138.62 -47.32 -12.90 -167.12 -167.46 -150.27 -408.89
0.00 0.00 0.00 0.00 0.00 0.00 0.00 0.00 0.00 0.00 -37.39 -1.73 -0.01 -0.00 -0.00 0.00 -0.00 -0.00 -0.00 -3.18 -192.20 -39.50 -5.04 -2.47 -0.07 -0.00 -4.21 -4.61 -2.87 -59.77 -408.03 -152.35 -47.63 -36.88 -6.66 -0.63 -49.61 -51.31 -41.67 -206.40 -645.77 -328.52 -153.87 -138.62 -47.32 -12.90 -167.12 -167.46 -150.27 -408.89
0.00 0.00 0.00 0.00 0.00 0.00 0.00 0.00 0.00 0.00 -37.39 -1.73 -0.01 -0.00 -0.00 0.00 -0.00 -0.00 -0.00 -3.18 -192.20 -39.50 -5.04 -2.47 -0.07 -0.00 -4.21 -4.61 -2.87 -59.77 -408.03 -152.35 -47.63 -36.88 -6.66 -0.63 -49.61 -51.31 -41.67 -206.40 -645.77 -328.52 -153.87 -138.62 -47.32 -12.90 -167.12 -167.46 -150.27 -408.89
0.00 0.00 0.00 0.00 0.00 0.00 0.00 0.00 0.00 0.00 -37.39 -1.73 -0.01 -0.00 -0.00 0.00 -0.00 -0.00 -0.00 -3.18 -192.20 -39.50 -5.04 -2.47 -0.07 -0.00 -4.21 -4.61 -2.87 -59.77 -408.03 -152.35 -47.63 -36.88 -6.66 -0.63 -49.61 -51.31 -41.67 -206.40 -645.77 -328.52 -153.87 -138.62 -47.32 -12.90 -167.12 -167.46 -150.27 -408.89
0.00 0.00 0.00 0.00 0.00 0.00 0.00 0.00 0.00 0.00 -37.39 -1.73 -0.01 -0.00 -0.00 0.00 -0.00 -0.00 -0.00 -3.18 -192.20 -39.50 -5.04 -2.47 -0.07 -0.00 -4.21 -4.61 -2.87 -59.77 -408.03 -152.35 -47.63 -36.88 -6.66 -0.63 -49.61 -51.31 -41.67 -206.40 -645.77 -328.52 -153.87 -138.62 -47.32 -12.90 -167.12 -167.46 -150.27 -408.89
0.00 0.00 0.00 0.00 0.00 0.00 0.00 0.00 0.00 0.00 -37.39 -1.73 -0.01 -0.00 -0.00 0.00 -0.00 -0.00 -0.00 -3.18 -192.20 -39.50 -5.04 -2.47 -0.07 -0.00 -4.21 -4.61 -2.87 -59.77 -408.03 -152.35 -47.63 -36.88 -6.66 -0.63 -49.61 -51.31 -41.67 -206.40 -645.77 -328.52 -153.87 -138.62 -47.32 -12.90 -167.12 -167.46 -150.27 -408.89
0.00 0.00 0.00 0.00 0.00 0.00 0.00 0.00 0.00 0.00 -37.39 -1.73 -0.01 -0.00 -0.00 0.00 -0.00 -0.00 -0.00 -3.18 -192.20 -39.50 -5.04 -2.47 -0.07 -0.00 -4.21 -4.61 -2.87 -59.77 -408.03 -152.35 -47.63 -36.88 -6.66 -0.63 -49.61 -51.31 -41.67 -206.40 -645.77 -328.52 -153.87 -138.62 -47.32 -12.90 -167.12 -167.46 -150.27 -408.89
0.00 0.00 0.00 0.00 0.00 0.00 0.00 0.00 0.00 0.00 -37.39 -1.73 -0.01 -0.00 -0.00 0.00 -0.00 -0.00 -0.00 -3.18 -192.20 -39.50 -5.04 -2.47 -0.07 -0.00 -4.21 -4.61 -2.87 -59.77 -408.03 -152.35 -47.63 -36.88 -6.66 -0.63 -49.61 -51.31 -41.67 -206.40 -645.77 -328.52 -153.87 -138.62 -47.32 -12.90 -167.12 -167.46 -150.27 -408.89
0.00 0.00 0.00 0.00 0.00 0.00 0.00 0.00 0.00 0.00 -37.39 -1.73 -0.01 -0.00 -0.00 0.00 -0.00 -0.00 -0.00 -3.18 -192.20 -39.50 -5.04 -2.47 -0.07 -0.00 -4.21 -4.61 -2.87 -59.77 -408.03 -152.35 -47.63 -36.88 -6.66 -0.63 -49.61 -51.31 -41.67 -206.40 -645.77 -328.52 -153.87 -138.62 -47.32 -12.90 -167.12 -167.46 -150.27 -408.89
0.00 0.00 0.00 0.00 0.00 0.00 0.00 0.00 0.00 0.00 -37.39 -1.73 -0.01 -0.00 -0.00 0.00 -0.00 -0.00 -0.00 -3.18 -192.20 -39.50 -5.04 -2.47 -0.07 -0.00 -4.21 -4.61 -2.87 -59.77 -408.03 -152.35 -47.63 -36.88 -6.66 -0.63 -49.61 -51.31 -41.67 -206.40 -645.77 -328.52 -153.87 -138.62 -47.32 -12.90 -167.12 -167.46 -150.27 -408.89
0.00 0.00 0.00 0.00 0.00 0.00 0.00 0.00 0.00 0.00 -37.39 -1.73 -0.01 -0.00 -0.00 0.00 -0.00 -0.00 -0.00 -3.18 -192.20 -39.50 -5.04 -2.47 -0.07 -0.00 -4.21 -4.61 -2.87 -59.77 -408.03 -152.35 -47.63 -36.88 -6.66 -0.63 -49.61 -51.31 -41.67 -206.40 -645.77 -328.52 -153.87 -138.62 -47.32 -12.90 -167.12 -167.46 -150.27 -408.89
0.00 0.00 0.00 0.00 0.00 0.00 0.00 0.00 0.00 0.00 -37.39 -1.73 -0.01 -0.00 -0.00 0.00 -0.00 -0.00 -0.00 -3.18 -192.20 -39.50 -5.04 -2.47 -0.07 -0.00 -4.21 -4.61 -2.87 -59.77 -408.03 -152.35 -47.63 -36.88 -6.66 -0.63 -49.61 -51.31 -41.67 -206.40 -645.77 -328.52 -153.87 -138.62 -47.32 -12.90 -167.12 -167.46 -150.27 -408.89
0.00 0.00 0.00 0.00 0.00 0.00 0.00 0.00 0.00 0.00 -37.39 -1.73 -0.01 -0.00 -0.00 0.00 -0.00 -0.00 -0.00 -3.18 -192.20 -39.50 -5.04 -2.47 -0.07 -0.00 -4.21 -4.61 -2.87 -59.77 -408.03 -152.35 -47.63 -36.88 -6.66 -0.63 -49.61 -51.31 -41.67 -206.40 -645.77 -328.52 -153.87 -138.62 -47.32 -12.90 -167.12 -167.46 -150.27 -408.89
0.00 0.00 0.00 0.00 0.00 0.00 0.00 0.00 0.00 0.00 -37.39 -1.73 -0.01 -0.00 -0.00 0.00 -0.00 -0.00 -0.00 -3.18 -192.20 -39.50 -5.04 -2.47 -0.07 -0.00 -4.21 -4.61 -2.87 -59.77 -408.03 -152.35 -47.63 -36.88 -6.66 -0.63 -49.61 -51.31 -41.67 -206.40 -645.77 -328.52 -153.87 -138.62 -47.32 -12.90 -167.12 -167.46 -150.27 -408.89
0.00 0.00 0.00 0.00 0.00 0.00 0.00 0.00 0.00 0.00 -37.39 -1.73 -0.01 -0.00 -0.00 0.00 -0.00 -0.00 -0.00 -3.18 -192.20 -39.50 -5.04 -2.47 -0.07 -0.00 -4.21 -4.61 -2.87 -59.77 -408.03 -152.35 -47.63 -36.88 -6.66 -0.63 -49.61 -51.31 -41.67 -206.40 -645.77 -328.52 -153.87 -138.62 -47.32 -12.90 -167.12 -167.46 -150.27 -408.89
0.00 0.00 0.00 0.00 0.00 0.00 0.00 0.00 0.00 0.00 -37.39 -1.73 -0.01 -0.00 -0.00 0.00 -0.00 -0.00 -0.00 -3.18 -192.20 -39.50 -5.04 -2.47 -0.07 -0.00 -4.21 -4.61 -2.87 -59.77 -408.03 -152.35 -47.63 -36.88 -6.66 -0.63 -49.61 -51.31 -41.67 -206.40 -645.77 -328.52 -153.87 -138.62 -47.32 -12.90 -167.12 -167.46 -150.27 -408.89
0.00 0.00 0.00 0.00 0.00 0.00 0.00 0.00 0.00 0.00 -37.39 -1.73 -0.01 -0.00 -0.00 0.00 -0.00 -0.00 -0.00 -3.18 -192.20 -39.50 -5.04 -2.47 -0.07 -0.00 -4.21 -4.61 -2.87 -59.77 -408.03 -152.35 -47.63 -36.88 -6.66 -0.63 -49.61 -51.31 -41.67 -206.40 -645.77 -328.52 -153.87 -138.62 -47.32 -12.90 -167.12 -167.46 -150.27 -408.89
0.00 0.00 0.00 0.00 0.00 0.00 0.00 0.00 0.00 0.00 -37.39 -1.73 -0.01 -0.00 -0.00 0.00 -0.00 -0.00 -0.00 -3.18 -192.20 -39.50 -5.04 -2.47 -0.07 -0.00 -4.21 -4.61 -2.87 -59.77 -408.03 -152.35 -47.63 -36.88 -6.66 -0.63 -49.61 -51.31 -41.67 -206.40 -645.77 -328.52 -153.87 -138.62 -47.32 -12.90 -167.12 -167.46 -150.27 -408.89
0.00 0.00 0.00 0.00 0.00 0.00 0.00 0.00 0.00 0.00 -37.39 -1.73 -0.01 -0.00 -0.00 0.00 -0.00 -0.00 -0.00 -3.18 -192.20 -39.50 -5.04 -2.47 -0.07 -0.00 -4.21 -4.61 -2.87 -59.77 -408.03 -152.35 -47.63 -36.88 -6.66 -0.63 -49.61 -51.31 -41.67 -206.40 -645.77 -328.52 -153.87 -138.62 -47.32 -12.90 -167.12 -167.46 -150.27 -408.89
0.00 0.00 0.00 0.00 0.00 0.00 0.00 0.00 0.00 0.00 -37.39 -1.73 -0.01 -0.00 -0.00 0.00 -0.00 -0.00 -0.00 -3.18 -192.20 -39.50 -5.04 -2.47 -0.07 -0.00 -4.21 -4.61 -2.87 -59.77 -408.03 -152.35 -47.63 -36.88 -6.66 -0.63 -49.61 -51.31 -41.67 -206.40 -645.77 -328.52 -153.87 -138.62 -47.32 -12.90 -167.12 -167.46 -150.27 -408.89
0.00 0.00 0.00 0.00 0.00 0.00 0.00 0.00 0.00 0.00 -37.39 -1.73 -0.01 -0.00 -0.00 0.00 -0.00 -0.00 -0.00 -3.18 -192.20 -39.50 -5.04 -2.47 -0.07 -0.00 -4.21 -4.61 -2.87 -59.77 -408.03 -152.35 -47.63 -36.88 -6.66 -0.63 -49.61 -51.31 -41.67 -206.40 -645.77 -328.52 -153.87 -138.62 -47.32 -12.90 -167.12 -167.46 -150.27 -408.89
0.00 0.00 0.00 0.00 0.00 0.00 0.00 0.00 0.00 0.00 -37.39 -1.73 -0.01 -0.00 -0.00 0.00 -0.00 -0.00 -0.00 -3.18 -192.20 -39.50 -5.04 -2.47 -0.07 -0.00 -4.21 -4.61 -2.87 -59.77 -408.03 -152.35 -47.63 -36.88 -6.66 -0.63 -49.61 -51.31 -41.67 -206.40 -645.77 -328.52 -153.87 -138.62 -47.32 -12.90 -167.12 -167.46 -150.27 -408.89
0.00 0.00 0.00 0.00 0.00 0.00 0.00 0.00 0.00 0.00 -37.39 -1.73 -0.01 -0.00 -0.00 0.00 -0.00 -0.00 -0.00 -3.18 -192.20 -39.50 -5.04 -2.47 -0.07 -0.00 -4.21 -4.61 -2.87 -59.77 -408.03 -152.35 -47.63 -36.88 -6.66 -0.63 -49.61 -51.31 -41.67 -206.40 -645.77 -328.52 -153.87 -138.62 -47.32 -12.90 -167.12 -167.46 -150.27 -408.89
0.00 0.00 0.00 0.00 0.00 0.00 0.00 0.00 0.00 0.00 -37.39 -1.73 -0.01 -0.00 -0.00 0.00 -0.00 -0.00 -0.00 -3.18 -192.20 -39.50 -5.04 -2.47 -0.07 -0.00 -4.21 -4.61 -2.87 -59.77 -408.03 -152.35 -47.63 -36.88 -6.66 -0.63 -49.61 -51.31 -41.67 -206.40 -645.77 -328.52 -153.87 -138.62 -47.32 -12.90 -167.12 -167.46 -150.27 -408.89
0.00 0.00 0.00 0.00 0.00 0.00 0.00 0.00 0.00 0.00 -37.39 -1.73 -0.01 -0.00 -0.00 0.00 -0.00 -0.00 -0.00 -3.18 -192.20 -39.50 -5.04 -2.47 -0.07 -0.00 -4.21 -4.61 -2.87 -59.77 -408.03 -152.35 -47.63 -36.88 -6.66 -0.63 -49.61 -51.31 -41.67 -206.40 -645.77 -328.52 -153.87 -138.62 -47.32 -12.90 -167.12 -167.46 -150.27 -408.89
0.00 0.00 0.00 0.00 0.00 0.00 0.00 0.00 0.00 0.00 -37.39 -1.73 -0.01 -0.00 -0.00 0.00 -0.00 -0.00 -0.00 -3.18 -192.20 -39.50 -5.04 -2.47 -0.07 -0.00 -4.21 -4.61 -2.87 -59.77 -408.03 -152.35 -47.63 -36.88 -6.66 -0.63 -49.61 -51.31 -41.67 -206.40 -645.77 -328.52 -153.87 -138.62 -47.32 -12.90 -167.12 -167.46 -150.27 -408.89
0.00 0.00 0.00 0.00 0.00 0.00 0.00 0.00 0.00 0.00 -37.39 -1.73 -0.01 -0.00 -0.00 0.00 -0.00 -0.00 -0.00 -3.18 -192.20 -39.50 -5.04 -2.47 -0.07 -0.00 -4.21 -4.61 -2.87 -59.77 -408.03 -152.35 -47.63 -36.88 -6.66 -0.63 -49.61 -51.31 -41.67 -206.40 -645.77 -328.52 -153.87 -138.62 -47.32 -12.90 -167.12 -167.46 -150.27 -408.89
0.00 0.00 0.00 0.00 0.00 0.00 0.00 0.00 0.00 0.00 -37.39 -1.73 -0.01 -0.00 -0.00 0.00 -0.00 -0.00 -0.00 -3.18 -192.20 -39.50 -5.04 -2.47 -0.07 -0.00 -4.21 -4.61 -2.87 -59.77 -408.03 -152.35 -47.63 -36.88 -6.66 -0.63 -49.61 -51.31 -41.67 -206.40 -645.77 -328.52 -153.87 -138.62 -47.32 -12.90 -167.12 -167.46 -150.27 -408.89
0.00 0.00 0.00 0.00 0.00 0.00 0.00 0.00 0.00 0.00 -37.39 -1.73 -0.01 -0.00 -0.00 0.00 -0.00 -0.00 -0.00 -3.18 -192.20 -39.50 -5.04 -2.47 -0.07 -0.00 -4.21 -4.61 -2.87 -59.77 -408.03 -152.35 -47.63 -36.88 -6.66 -0.63 -49.61 -51.31 -41.67 -206.40 -645.77 -328.52 -153.87 -138.62 -47.32 -12.90 -167.12 -167.46 -150.27 -408.89
0.00 0.00 0.00 0.00 0.00 0.00 0.00 0.00 0.00 0.00 -37.39 -1.73 -0.01 -0.00 -0.00 0.00 -0.00 -0.00 -0.00 -3.18 -192.20 -39.50 -5.04 -2.47 -0.07 -0.00 -4.21 -4.61 -2.87 -59.77 -408.03 -152.35 -47.63 -36.88 -6.66 -0.63 -49.61 -51.31 -41.67 -206.40 -645.77 -328.52 -153.87 -138.62 -47.32 -12.90 -167.12 -167.46 -150.27 -408.89
0.00 0.00 0.00 0.00 0.00 0.00 0.00 0.00 0.00 0.00 -37.39 -1.73 -0.01 -0.00 -0.00 0.00 -0.00 -0.00 -0.00 -3.18 -192.20 -39.50 -5.04 -2.47 -0.07 -0.00 -4.21 -4.61 -2.87 -59.77 -408.03 -152.35 -47.63 -36.88 -6.66 -0.63 -49.61 -51.31 -41.67 -206.40 -645.77 -328.52 -153.87 -138.62 -47.32 -12.90 -167.12 -167.46 -150.27 -408.89
0.00 0.00 0.00 0.00 0.00 0.00 0.00 0.00 0.00 0.00 -37.39 -1.73 -0.01 -0.00 -0.00 0.00 -0.00 -0.00 -0.00 -3.18 -192.20 -39.50 -5.04 -2.47 -0.07 -0.00 -4.21 -4.61 -2.87 -59.77 -408.03 -152.35 -47.63 -36.88 -6.66 -0.63 -49.61 -51.31 -41.67 -206.40 -645.77 -328.52 -153.87 -138.62 -47.32 -12.90 -167.12 -167.46 -150.27 -408.89
0.00 0.00 0.00 0.00 0.00 0.00 0.00 0.00 0.00 0.00 -37.39 -1.73 -0.01 -0.00 -0.00 0.00 -0.00 -0.00 -0.00 -3.18 -192.20 -39.50 -5.04 -2.47 -0.07 -0.00 -4.21 -4.61 -2.87 -59.77 -408.03 -152.35 -47.63 -36.88 -6.66 -0.63 -49.61 -51.31 -41.67 -206.40 -645.77 -328.52 -153.87 -138.62 -47.32 -12.90 -167.12 -167.46 -150.27 -408.89
0.00 0.00 0.00 0.00 0.00 0.00 0.00 0.00 0.00 0.00 -37.39 -1.73 -0.01 -0.00 -0.00 0.00 -0.00 -0.00 -0.00 -3.18 -192.20 -39.50 -5.04 -2.47 -0.07 -0.00 -4.21 -4.61 -2.87 -59.77 -408.03 -152.35 -47.63 -36.88 -6.66 -0.63 -49.61 -51.31 -41.67 -206.40 -645.77 -328.52 -153.87 -138.62 -47.32 -12.90 -167.12 -167.46 -150.27 -408.89
0.00 0.00 0.00 0.00 0.00 0.00 0.00 0.00 0.00 0.00 -37.39 -1.73 -0.01 -0.00 -0.00 0.00 -0.00 -0.00 -0.00 -3.18 -192.20 -39.50 -5.04 -2.47 -0.07 -0.00 -4.21 -4.61 -2.87 -59.77 -408.03 -152.35 -47.63 -36.88 -6.66 -0.63 -49.61 -51.31 -41.67 -206.40 -645.77 -328.52 -153.87 -138.62 -47.32 -12.90 -167.12 -167.46 -150.27 -408.89
0.00 0.00 0.00 0.00 0.00 0.00 0.00 0.00 0.00 0.00 -37.39 -1.73 -0.01 -0.00 -0.00 0.00 -0.00 -0.00 -0.00 -3.18 -192.20 -39.50 -5.04 -2.47 -0.07 -0.00 -4.21 -4.61 -2.87 -59.77 -408.03 -152.35 -47.63 -36.88 -6.66 -0.63 -49.61 -51.31 -41.67 -206.40 -645.77 -328.52 -153.87 -138.62 -47.32 -12.90 -167.12 -167.46 -150.27 -408.89
0.00 0.00 0.00 0.00 0.00 0.00 0.00 0.00 0.00 0.00 -37.39 -1.73 -0.01 -0.00 -0.00 0.00 -0.00 -0.00 -0.00 -3.18 -192.20 -39.50 -5.04 -2.47 -0.07 -0.00 -4.21 -4.61 -2.87 -59.77 -408.03 -152.35 -47.63 -36.88 -6.66 -0.63 -49.61 -51.31 -41.67 -206.40 -645.77 -328.52 -153.87 -138.62 -47.32 -12.90 -167.12 -167.46 -150.27 -408.89
0.00 0.00 0.00 0.00 0.00 0.00 0.00 0.00 0.00 0.00 -37.39 -1.73 -0.01 -0.00 -0.00 0.00 -0.00 -0.00 -0.00 -3.18 -192.20 -39.50 -5.04 -2.47 -0.07 -0.00 -4.21 -4.61 -2.87 -59.77 -408.03 -152.35 -47.63 -36.88 -6.66 -0.63 -49.61 -51.31 -41.67 -206.40 -645.77 -328.52 -153.87 -138.62 -47.32 -12.90 -167.12 -167.46 -150.27 -408.89
0.00 0.00 0.00 0.00 0.00 0.00 0.00 0.00 0.00 0.00 -37.39 -1.73 -0.01 -0.00 -0.00 0.00 -0.00 -0.00 -0.00 -3.18 -192.20 -39.50 -5.04 -2.47 -0.07 -0.00 -4.21 -4.61 -2.87 -59.77 -408.03 -152.35 -47.63 -36.88 -6.66 -0.63 -49.61 -51.31 -41.67 -206.40 -645.77 -328.52 -153.87 -138.62 -47.32 -12.90 -167.12 -167.46 -150.27 -408.89
0.00 0.00 0.00 0.00 0.00 0.00 0.00 0.00 0.00 0.00 -37.39 -1.73 -0.01 -0.00 -0.00 0.00 -0.00 -0.00 -0.00 -3.18 -192.20 -39.50 -5.04 -2.47 -0.07 -0.00 -4.21 -4.61 -2.87 -59.77 -408.03 -152.35 -47.63 -36.88 -6.66 -0.63 -49.61 -51.31 -41.67 -206.40 -645.77 -328.52 -153.87 -138.62 -47.32 -12.90 -167.12 -167.46 -150.27 -408.89
0.00 0.00 0.00 0.00 0.00 0.00 0.00 0.00 0.00 0.00 -37.39 -1.73 -0.01 -0.00 -0.00 0.00 -0.00 -0.00 -0.00 -3.18 -192.20 -39.50 -5.04 -2.47 -0.07 -0.00 -4.21 -4.61 -2.87 -59.77 -408.03 -152.35 -47.63 -36.88 -6.66 -0.63 -49.61 -51.31 -41.67 -206.40 -645.77 -328.52 -153.87 -138.62 -47.32 -12.90 -167.12 -167.46 -150.27 -408.89
0.00 0.00 0.00 0.00 0.00 0.00 0.00 0.00 0.00 0.00 -37.39 -1.73 -0.01 -0.00 -0.00 0.00 -0.00 -0.00 -0.00 -3.18 -192.20 -39.50 -5.04 -2.47 -0.07 -0.00 -4.21 -4.61 -2.87 -59.77 -408.03 -152.35 -47.63 -36.88 -6.66 -0.63 -49.61 -51.31 -41.67 -206.40 -645.77 -328.52 -153.87 -138.62 -47.32 -12.90 -167.12 -167.46 -150.27 -408.89
0.00 0.00 0.00 0.00 0.00 0.00 0.00 0.00 0.00 0.00 -37.39 -1.73 -0.01 -0.00 -0.00 0.00 -0.00 -0.00 -0.00 -3.18 -192.20 -39.50 -5.04 -2.47 -0.07 -0.00 -4.21 -4.61 -2.87 -59.77 -408.03 -152.35 -47.63 -36.88 -6.66 -0.63 -49.61 -51.31 -41.67 -206.40 -645.77 -328.52 -153.87 -138.62 -47.32 -12.90 -167.12 -167.46 -150.27 -408.89
0.00 0.00 0.00 0.00 0.00 0.00 0.00 0.00 0.00 0.00 -37.39 -1.73 -0.01 -0.00 -0.00 0.00 -0.00 -0.00 -0.00 -3.18 -192.20 -39.50 -5.04 -2.47 -0.07 -0.00 -4.21 -4.61 -2.87 -59.77 -408.03 -152.35 -47.63 -36.88 -6.66 -0.63 -49.61 -51.31 -41.67 -206.40 -645.77 -328.52 -153.87 -138.62 -47.32 -12.90 -167.12 -167.46 -150.27 -408.89
0.00 0.00 0.00 0.00 0.00 0.00 0.00 0.00 0.00 0.00 -37.39 -1.73 -0.01 -0.00 -0.00 0.00 -0.00 -0.00 -0.00 -3.18 -192.20 -39.50 -5.04 -2.47 -0.07 -0.00 -4.21 -4.61 -2.87 -59.77 -408.03 -152.35 -47.63 -36.88 -6.66 -0.63 -49.61 -51.31 -41.67 -206.40 -645.77 -328.52 -153.87 -138.62 -47.32 -12.90 -167.12 -167.46 -150.27 -408.89
0.00 0.00 0.00 0.00 0.00 0.00 0.00 0.00 0.00 0.00 -37.39 -1.73 -0.01 -0.00 -0.00 0.00 -0.00 -0.00 -0.00 -3.18 -192.20 -39.50 -5.04 -2.47 -0.07 -0.00 -4.21 -4.61 -2.87 -59.77 -408.03 -152.35 -47.63 -36.88 -6.66 -0.63 -49.61 -51.31 -41.67 -206.40 -645.77 -328.52 -153.87 -138.62 -47.32 -12.90 -167.12 -167.46 -150.27 -408.89
0.00 0.00 0.00 0.00 0.00 0.00 0.00 0.00 0.00 0.00 -37.39 -1.73 -0.01 -0.00 -0.00 0.00 -0.00 -0.00 -0.00 -3.18 -192.20 -39.50 -5.04 -2.47 -0.07 -0.00 -4.21 -4.61 -2.87 -59.77 -408.03 -152.35 -47.63 -36.88 -6.66 -0.63 -49.61 -51.31 -41.67 -206.40 -645.77 -328.52 -153.87 -138.62 -47.32 -12.90 -167.12 -167.46 -150.27 -408.89
0.00 0.00 0.00 0.00 0.00 0.00 0.00 0.00 0.00 0.00 -37.39 -1.73 -0.01 -0.00 -0.00 0.00 -0.00 -0.00 -0.00 -3.18 -192.20 -39.50 -5.04 -2.47 -0.07 -0.00 -4.21 -4.61 -2.87 -59.77 -408.03 -152.35 -47.63 -36.88 -6.66 -0.63 -49.61 -51.31 -41.67 -206.40 -645.77 -328.52 -153.87 -138.62 -47.32 -12.90 -167.12 -167.46 -150.27 -408.89
0.00 0.00 0.00 0.00 0.00 0.00 0.00 0.00 0.00 0.00 -37.39 -1.73 -0.01 -0.00 -0.00 0.00 -0.00 -0.00 -0.00 -3.18 -192.20 -39.50 -5.04 -2.47 -0.07 -0.00 -4.21 -4.61 -2.87 -59.77 -408.03 -152.35 -47.63 -36.88 -6.66 -0.63 -49.61 -51.31 -41.67 -206.40 -645.77 -328.52 -153.87 -138.62 -47.32 -12.90 -167.12 -167.46 -150.27 -408.89
0.00 0.00 0.00 0.00 0.00 0.00 0.00 0.00 0.00 0.00 -37.39 -1.73 -0.01 -0.00 -0.00 0.00 -0.00 -0.00 -0.00 -3.18 -192.20 -39.50 -5.04 -2.47 -0.07 -0.00 -4.21 -4.61 -2.87 -59.77 -408.03 -152.35 -47.63 -36.88 -6.66 -0.63 -49.61 -51.31 -41.67 -206.40 -645.77 -328.52 -153.87 -138.62 -47.32 -12.90 -167.12 -167.46 -150.27 -408.89
0.00 0.00 0.00 0.00 0.00 0.00 0.00 0.00 0.00 0.00 -37.39 -1.73 -0.01 -0.00 -0.00 0.00 -0.00 -0.00 -0.00 -3.18 -192.20 -39.50 -5.04 -2.47 -0.07 -0.00 -4.21 -4.61 -2.87 -59.77 -408.03 -152.35 -47.63 -36.88 -6.66 -0.63 -49.61 -51.31 -41.67 -206.40 -645.77 -328.52 -153.87 -138.62 -47.32 -12.90 -167.12 -167.46 -150.27 -408.89
