0.00 0.00 -117917.84 -118239.49 0.00 0.00
1.00 0.00 -117917.84 -120212.13 0.00 0.00
2.00 1.00 -115510.60 -115510.60 129.12 63.95
3.00 1.00 -115510.60 -119828.10 129.12 63.95
4.00 1.00 -115510.60 -118655.96 129.12 63.95
5.00 1.00 -115510.60 -120265.85 129.12 63.95
6.00 1.00 -115510.60 -116666.63 129.12 63.95
7.00 1.00 -115510.60 -119458.84 129.12 63.95
8.00 2.00 -114748.69 -114748.69 121.60 70.54
9.00 2.00 -114748.69 -118399.52 121.60 70.54
10.00 2.00 -114748.69 -122855.95 121.60 70.54
11.00 2.00 -114748.69 -119195.17 121.60 70.54
12.00 2.00 -114748.69 -117482.78 121.60 70.54
13.00 2.00 -114748.69 -118644.19 121.60 70.54
14.00 2.00 -114748.69 -115861.63 121.60 70.54
15.00 2.00 -114748.69 -117574.18 121.60 70.54
16.00 3.00 -111212.83 -111212.83 96.57 77.60
17.00 3.00 -111212.83 -121619.07 96.57 77.60
18.00 3.00 -111212.83 -117873.28 96.57 77.60
19.00 3.00 -111212.83 -117177.13 96.57 77.60
20.00 3.00 -111212.83 -117954.49 96.57 77.60
21.00 3.00 -111212.83 -117634.31 96.57 77.60
22.00 3.00 -111212.83 -117631.47 96.57 77.60
23.00 3.00 -111212.83 -120200.29 96.57 77.60
24.00 3.00 -111212.83 -116494.42 96.57 77.60
25.00 3.00 -111212.83 -120793.06 96.57 77.60
26.00 3.00 -111212.83 -117615.35 96.57 77.60
27.00 3.00 -111212.83 -117525.25 96.57 77.60
28.00 3.00 -111212.83 -117807.73 96.57 77.60
29.00 3.00 -111212.83 -116137.03 96.57 77.60
30.00 3.00 -111212.83 -117115.22 96.57 77.60
31.00 3.00 -111212.83 -120458.63 96.57 77.60
32.00 3.00 -111212.83 -121742.27 96.57 77.60
33.00 3.00 -111212.83 -118089.91 96.57 77.60
34.00 3.00 -111212.83 -118788.16 96.57 77.60
35.00 3.00 -111212.83 -113010.22 96.57 77.60
36.00 3.00 -111212.83 -116782.98 96.57 77.60
37.00 3.00 -111212.83 -115911.45 96.57 77.60
38.00 3.00 -111212.83 -115596.70 96.57 77.60
39.00 3.00 -111212.83 -120596.04 96.57 77.60
40.00 3.00 -111212.83 -116493.27 96.57 77.60
41.00 3.00 -111212.83 -119810.33 96.57 77.60
42.00 3.00 -111212.83 -117792.08 96.57 77.60
43.00 3.00 -111212.83 -119472.63 96.57 77.60
44.00 4.00 -109102.92 -109102.92 86.65 66.92
45.00 4.00 -109102.92 -117298.17 86.65 66.92
46.00 4.00 -109102.92 -115588.20 86.65 66.92
47.00 4.00 -109102.92 -115309.47 86.65 66.92
48.00 4.00 -109102.92 -120859.50 86.65 66.92
49.00 4.00 -109102.92 -113225.75 86.65 66.92
50.00 4.00 -109102.92 -122955.63 86.65 66.92
51.00 4.00 -109102.92 -121738.58 86.65 66.92
52.00 4.00 -109102.92 -115006.31 86.65 66.92
53.00 4.00 -109102.92 -113311.60 86.65 66.92
54.00 4.00 -109102.92 -119820.23 86.65 66.92
55.00 4.00 -109102.92 -115186.26 86.65 66.92
56.00 4.00 -109102.92 -119749.09 86.65 66.92
57.00 4.00 -109102.92 -113366.68 86.65 66.92
58.00 4.00 -109102.92 -119622.79 86.65 66.92
59.00 4.00 -109102.92 -112051.80 86.65 66.92
60.00 4.00 -109102.92 -119882.52 86.65 66.92
61.00 4.00 -109102.92 -114638.99 86.65 66.92
62.00 4.00 -109102.92 -121967.14 86.65 66.92
63.00 5.00 -106304.59 -106304.59 79.09 34.94
64.00 5.00 -106304.59 -116250.71 79.09 34.94
65.00 5.00 -106304.59 -116469.68 79.09 34.94
66.00 5.00 -106304.59 -117527.33 79.09 34.94
67.00 5.00 -106304.59 -119513.22 79.09 34.94
68.00 5.00 -106304.59 -119225.07 79.09 34.94
69.00 5.00 -106304.59 -115247.49 79.09 34.94
70.00 5.00 -106304.59 -107557.83 79.09 34.94
71.00 5.00 -106304.59 -121247.43 79.09 34.94
72.00 5.00 -106304.59 -118693.55 79.09 34.94
73.00 5.00 -106304.59 -115966.63 79.09 34.94
74.00 5.00 -106304.59 -117090.89 79.09 34.94
75.00 5.00 -106304.59 -118693.87 79.09 34.94
76.00 5.00 -106304.59 -115700.21 79.09 34.94
77.00 5.00 -106304.59 -116147.59 79.09 34.94
78.00 5.00 -106304.59 -116199.88 79.09 34.94
79.00 5.00 -106304.59 -122795.20 79.09 34.94
80.00 5.00 -106304.59 -119207.22 79.09 34.94
81.00 5.00 -106304.59 -117240.01 79.09 34.94
82.00 5.00 -106304.59 -120622.00 79.09 34.94
83.00 5.00 -106304.59 -119378.07 79.09 34.94
84.00 5.00 -106304.59 -122024.45 79.09 34.94
85.00 5.00 -106304.59 -121092.55 79.09 34.94
86.00 5.00 -106304.59 -116415.87 79.09 34.94
87.00 5.00 -106304.59 -117261.92 79.09 34.94
88.00 5.00 -106304.59 -116385.61 79.09 34.94
89.00 5.00 -106304.59 -120080.45 79.09 34.94
90.00 5.00 -106304.59 -114756.49 79.09 34.94
91.00 5.00 -106304.59 -113527.58 79.09 34.94
92.00 5.00 -106304.59 -114445.77 79.09 34.94
93.00 5.00 -106304.59 -120913.59 79.09 34.94
94.00 5.00 -106304.59 -114581.09 79.09 34.94
95.00 5.00 -106304.59 -115228.59 79.09 34.94
96.00 5.00 -106304.59 -123152.69 79.09 34.94
97.00 5.00 -106304.59 -117085.29 79.09 34.94
98.00 5.00 -106304.59 -114738.17 79.09 34.94
99.00 5.00 -106304.59 -114274.91 79.09 34.94
100.00 5.00 -106304.59 -113200.89 79.09 34.94
101.00 5.00 -106304.59 -110397.86 79.09 34.94
102.00 5.00 -106304.59 -113163.34 79.09 34.94
103.00 5.00 -106304.59 -123263.74 79.09 34.94
104.00 5.00 -106304.59 -113071.31 79.09 34.94
105.00 5.00 -106304.59 -115169.84 79.09 34.94
106.00 5.00 -106304.59 -115759.60 79.09 34.94
107.00 5.00 -106304.59 -109952.58 79.09 34.94
108.00 5.00 -106304.59 -108615.24 79.09 34.94
109.00 5.00 -106304.59 -115688.72 79.09 34.94
110.00 5.00 -106304.59 -121945.49 79.09 34.94
111.00 5.00 -106304.59 -115791.53 79.09 34.94
112.00 5.00 -106304.59 -122936.72 79.09 34.94
113.00 5.00 -106304.59 -117990.95 79.09 34.94
114.00 5.00 -106304.59 -119269.85 79.09 34.94
115.00 5.00 -106304.59 -120199.83 79.09 34.94
116.00 5.00 -106304.59 -121589.44 79.09 34.94
117.00 5.00 -106304.59 -117256.88 79.09 34.94
118.00 5.00 -106304.59 -111495.36 79.09 34.94
119.00 5.00 -106304.59 -116249.52 79.09 34.94
120.00 5.00 -106304.59 -119244.86 79.09 34.94
121.00 6.00 -106103.66 -106103.66 79.03 30.52
122.00 6.00 -106103.66 -114580.20 79.03 30.52
