0.00 0.00 -79352.82 -80352.04 0.00 0.00
1.00 1.00 -78945.42 -78945.42 146.14 60.65
2.00 2.00 -76471.93 -76471.93 117.44 53.91
3.00 3.00 -75965.37 -75965.37 114.64 42.70
4.00 3.00 -75965.37 -79257.17 114.64 42.70
5.00 3.00 -75965.37 -80037.71 114.64 42.70
6.00 3.00 -75965.37 -81446.56 114.64 42.70
7.00 4.00 -74046.34 -74046.34 92.92 56.33
8.00 4.00 -74046.34 -80715.55 92.92 56.33
9.00 4.00 -74046.34 -75433.62 92.92 56.33
10.00 4.00 -74046.34 -74048.15 92.92 56.33
11.00 4.00 -74046.34 -76296.39 92.92 56.33
12.00 4.00 -74046.34 -80922.07 92.92 56.33
13.00 4.00 -74046.34 -78157.33 92.92 56.33
14.00 4.00 -74046.34 -78613.72 92.92 56.33
15.00 4.00 -74046.34 -82210.38 92.92 56.33
16.00 4.00 -74046.34 -77390.44 92.92 56.33
17.00 4.00 -74046.34 -80468.20 92.92 56.33
18.00 4.00 -74046.34 -79702.12 92.92 56.33
19.00 4.00 -74046.34 -79144.04 92.92 56.33
20.00 4.00 -74046.34 -76454.16 92.92 56.33
21.00 4.00 -74046.34 -78751.50 92.92 56.33
22.00 4.00 -74046.34 -79809.36 92.92 56.33
23.00 4.00 -74046.34 -80408.65 92.92 56.33
24.00 4.00 -74046.34 -79364.17 92.92 56.33
25.00 4.00 -74046.34 -77533.13 92.92 56.33
26.00 5.00 -73328.82 -73328.82 90.38 46.61
27.00 5.00 -73328.82 -77586.22 90.38 46.61
28.00 5.00 -73328.82 -78362.00 90.38 46.61
29.00 5.00 -73328.82 -74199.06 90.38 46.61
30.00 5.00 -73328.82 -76659.91 90.38 46.61
31.00 5.00 -73328.82 -77372.94 90.38 46.61
32.00 5.00 -73328.82 -78713.08 90.38 46.61
33.00 5.00 -73328.82 -77794.07 90.38 46.61
34.00 5.00 -73328.82 -81084.53 90.38 46.61
35.00 5.00 -73328.82 -78642.87 90.38 46.61
36.00 5.00 -73328.82 -78747.11 90.38 46.61
37.00 5.00 -73328.82 -78858.36 90.38 46.61
38.00 5.00 -73328.82 -78687.70 90.38 46.61
39.00 5.00 -73328.82 -78623.56 90.38 46.61
40.00 5.00 -73328.82 -82926.35 90.38 46.61
41.00 5.00 -73328.82 -79394.72 90.38 46.61
42.00 5.00 -73328.82 -79826.13 90.38 46.61
43.00 6.00 -73286.35 -73286.35 85.47 65.03
44.00 6.00 -73286.35 -77878.78 85.47 65.03
45.00 6.00 -73286.35 -80937.68 85.47 65.03
46.00 6.00 -73286.35 -77429.72 85.47 65.03
47.00 6.00 -73286.35 -78065.88 85.47 65.03
48.00 6.00 -73286.35 -78408.81 85.47 65.03
49.00 6.00 -73286.35 -81203.94 85.47 65.03
50.00 7.00 -73286.35 -73286.35 85.47 65.03
51.00 7.00 -73286.35 -75290.15 85.47 65.03
52.00 7.00 -73286.35 -75726.58 85.47 65.03
53.00 7.00 -73286.35 -75169.67 85.47 65.03
54.00 7.00 -73286.35 -73611.47 85.47 65.03
55.00 7.00 -73286.35 -79643.19 85.47 65.03
56.00 7.00 -73286.35 -74777.23 85.47 65.03
57.00 8.00 -73286.35 -73286.35 85.47 65.03
58.00 9.00 -73286.35 -73286.35 85.47 65.03
59.00 9.00 -73286.35 -74113.01 85.47 65.03
60.00 9.00 -73286.35 -79482.00 85.47 65.03
61.00 9.00 -73286.35 -81750.78 85.47 65.03
62.00 9.00 -73286.35 -80948.86 85.47 65.03
63.00 9.00 -73286.35 -77350.69 85.47 65.03
64.00 9.00 -73286.35 -81924.51 85.47 65.03
65.00 9.00 -73286.35 -77070.71 85.47 65.03
66.00 9.00 -73286.35 -74694.57 85.47 65.03
67.00 9.00 -73286.35 -81920.50 85.47 65.03
68.00 9.00 -73286.35 -81000.68 85.47 65.03
69.00 10.00 -73286.35 -73286.35 85.47 65.03
70.00 10.00 -73286.35 -76841.35 85.47 65.03
71.00 11.00 -73286.35 -73286.35 85.47 65.03
72.00 11.00 -73286.35 -80826.31 85.47 65.03
73.00 11.00 -73286.35 -80745.04 85.47 65.03
74.00 11.00 -73286.35 -80091.65 85.47 65.03
75.00 11.00 -73286.35 -78740.64 85.47 65.03
76.00 11.00 -73286.35 -82817.87 85.47 65.03
77.00 11.00 -73286.35 -78174.15 85.47 65.03
78.00 11.00 -73286.35 -78261.93 85.47 65.03
79.00 12.00 -73286.35 -73286.35 85.47 65.03
80.00 12.00 -73286.35 -79276.19 85.47 65.03
81.00 13.00 -73286.35 -73286.35 85.47 65.03
82.00 13.00 -73286.35 -75237.84 85.47 65.03
83.00 14.00 -73286.35 -73286.35 85.47 65.03
84.00 15.00 -73286.35 -73286.35 85.47 65.03
85.00 15.00 -73286.35 -74068.81 85.47 65.03
86.00 15.00 -73286.35 -73440.66 85.47 65.03
87.00 15.00 -73286.35 -82926.39 85.47 65.03
88.00 15.00 -73286.35 -75367.22 85.47 65.03
89.00 15.00 -73286.35 -75620.01 85.47 65.03
90.00 15.00 -73286.35 -76381.71 85.47 65.03
91.00 15.00 -73286.35 -81630.12 85.47 65.03
92.00 15.00 -73286.35 -77084.55 85.47 65.03
93.00 15.00 -73286.35 -82747.84 85.47 65.03
94.00 15.00 -73286.35 -77025.75 85.47 65.03
95.00 15.00 -73286.35 -77076.60 85.47 65.03
96.00 15.00 -73286.35 -78329.88 85.47 65.03
97.00 15.00 -73286.35 -81242.07 85.47 65.03
98.00 15.00 -73286.35 -77533.92 85.47 65.03
99.00 15.00 -73286.35 -81371.48 85.47 65.03
100.00 15.00 -73286.35 -84687.66 85.47 65.03
101.00 15.00 -73286.35 -80662.27 85.47 65.03
102.00 15.00 -73286.35 -80725.65 85.47 65.03
103.00 15.00 -73286.35 -79931.24 85.47 65.03
104.00 15.00 -73286.35 -76276.11 85.47 65.03
105.00 16.00 -73286.35 -73286.35 85.47 65.03
106.00 16.00 -73286.35 -80973.95 85.47 65.03
107.00 16.00 -73286.35 -82661.57 85.47 65.03
108.00 16.00 -73286.35 -76694.52 85.47 65.03
109.00 16.00 -73286.35 -81698.51 85.47 65.03
110.00 16.00 -73286.35 -78574.95 85.47 65.03
111.00 16.00 -73286.35 -78134.17 85.47 65.03
112.00 16.00 -73286.35 -82220.46 85.47 65.03
113.00 17.00 -73286.35 -73286.35 85.47 65.03
114.00 17.00 -73286.35 -77564.61 85.47 65.03
115.00 17.00 -73286.35 -79480.34 85.47 65.03
116.00 17.00 -73286.35 -76982.33 85.47 65.03
117.00 17.00 -73286.35 -77247.39 85.47 65.03
118.00 18.00 -73286.35 -73286.35 85.47 65.03
119.00 18.00 -73286.35 -76314.23 85.47 65.03
120.00 18.00 -73286.35 -80320.39 85.47 65.03
121.00 18.00 -73286.35 -76274.56 85.47 65.03
122.00 18.00 -73286.35 -76766.00 85.47 65.03
