0.00 0.00 -65095.93 -67037.84 0.00 0.00
1.00 0.00 -65095.93 -66099.26 0.00 0.00
2.00 0.00 -65095.93 -65921.71 0.00 0.00
3.00 1.00 -63058.94 -63058.94 122.01 48.33
4.00 1.00 -63058.94 -66287.81 122.01 48.33
5.00 2.00 -62787.40 -62787.40 119.19 46.23
6.00 2.00 -62787.40 -65356.08 119.19 46.23
7.00 2.00 -62787.40 -65040.14 119.19 46.23
8.00 2.00 -62787.40 -63754.06 119.19 46.23
9.00 3.00 -61841.05 -61841.05 108.47 42.46
10.00 3.00 -61841.05 -62961.60 108.47 42.46
11.00 3.00 -61841.05 -66254.85 108.47 42.46
12.00 3.00 -61841.05 -62072.97 108.47 42.46
13.00 3.00 -61841.05 -61955.03 108.47 42.46
14.00 3.00 -61841.05 -67503.00 108.47 42.46
15.00 3.00 -61841.05 -64360.63 108.47 42.46
16.00 3.00 -61841.05 -64631.85 108.47 42.46
17.00 3.00 -61841.05 -66325.02 108.47 42.46
18.00 3.00 -61841.05 -64362.84 108.47 42.46
19.00 3.00 -61841.05 -64787.68 108.47 42.46
20.00 3.00 -61841.05 -65045.64 108.47 42.46
21.00 3.00 -61841.05 -65916.10 108.47 42.46
22.00 3.00 -61841.05 -64988.58 108.47 42.46
23.00 3.00 -61841.05 -65104.09 108.47 42.46
24.00 3.00 -61841.05 -63174.23 108.47 42.46
25.00 3.00 -61841.05 -64315.13 108.47 42.46
26.00 3.00 -61841.05 -63515.90 108.47 42.46
27.00 3.00 -61841.05 -63893.35 108.47 42.46
28.00 3.00 -61841.05 -64070.97 108.47 42.46
29.00 3.00 -61841.05 -65844.73 108.47 42.46
30.00 3.00 -61841.05 -64287.72 108.47 42.46
31.00 3.00 -61841.05 -64441.08 108.47 42.46
32.00 3.00 -61841.05 -64631.42 108.47 42.46
33.00 3.00 -61841.05 -64697.59 108.47 42.46
34.00 3.00 -61841.05 -63779.89 108.47 42.46
35.00 3.00 -61841.05 -63067.84 108.47 42.46
36.00 3.00 -61841.05 -64013.52 108.47 42.46
37.00 3.00 -61841.05 -63742.29 108.47 42.46
38.00 3.00 -61841.05 -62709.21 108.47 42.46
39.00 3.00 -61841.05 -66744.60 108.47 42.46
40.00 3.00 -61841.05 -66388.65 108.47 42.46
41.00 3.00 -61841.05 -63332.40 108.47 42.46
42.00 4.00 -61682.41 -61682.41 99.69 76.56
43.00 4.00 -61682.41 -68819.95 99.69 76.56
44.00 4.00 -61682.41 -65844.21 99.69 76.56
45.00 4.00 -61682.41 -64611.53 99.69 76.56
46.00 5.00 -61682.41 -61682.41 99.69 76.56
47.00 5.00 -61682.41 -63985.52 99.69 76.56
48.00 5.00 -61682.41 -63447.19 99.69 76.56
49.00 6.00 -61334.35 -61334.35 154.20 57.35
50.00 6.00 -61334.35 -62110.12 154.20 57.35
51.00 6.00 -61334.35 -61723.72 154.20 57.35
52.00 6.00 -61334.35 -63093.27 154.20 57.35
53.00 6.00 -61334.35 -61468.83 154.20 57.35
54.00 6.00 -61334.35 -65460.73 154.20 57.35
55.00 6.00 -61334.35 -61739.54 154.20 57.35
56.00 6.00 -61334.35 -67125.08 154.20 57.35
57.00 6.00 -61334.35 -61641.30 154.20 57.35
58.00 6.00 -61334.35 -62246.95 154.20 57.35
59.00 6.00 -61334.35 -66664.37 154.20 57.35
60.00 6.00 -61334.35 -61861.56 154.20 57.35
61.00 6.00 -61334.35 -63132.31 154.20 57.35
62.00 6.00 -61334.35 -65330.46 154.20 57.35
63.00 6.00 -61334.35 -65742.98 154.20 57.35
64.00 6.00 -61334.35 -62695.84 154.20 57.35
65.00 6.00 -61334.35 -63905.07 154.20 57.35
66.00 6.00 -61334.35 -66130.94 154.20 57.35
67.00 6.00 -61334.35 -65332.01 154.20 57.35
68.00 6.00 -61334.35 -63929.02 154.20 57.35
69.00 6.00 -61334.35 -68620.47 154.20 57.35
70.00 6.00 -61334.35 -63482.54 154.20 57.35
71.00 6.00 -61334.35 -63251.95 154.20 57.35
72.00 6.00 -61334.35 -67804.15 154.20 57.35
73.00 6.00 -61334.35 -64007.04 154.20 57.35
74.00 6.00 -61334.35 -66666.65 154.20 57.35
75.00 6.00 -61334.35 -64452.25 154.20 57.35
76.00 6.00 -61334.35 -64975.38 154.20 57.35
77.00 6.00 -61334.35 -63639.14 154.20 57.35
78.00 6.00 -61334.35 -64255.10 154.20 57.35
79.00 6.00 -61334.35 -65330.46 154.20 57.35
80.00 6.00 -61334.35 -63350.22 154.20 57.35
81.00 6.00 -61334.35 -63086.56 154.20 57.35
82.00 6.00 -61334.35 -63425.27 154.20 57.35
83.00 6.00 -61334.35 -65169.24 154.20 57.35
84.00 6.00 -61334.35 -65406.75 154.20 57.35
85.00 6.00 -61334.35 -64436.58 154.20 57.35
86.00 6.00 -61334.35 -67024.84 154.20 57.35
87.00 6.00 -61334.35 -63525.37 154.20 57.35
88.00 6.00 -61334.35 -62731.06 154.20 57.35
89.00 6.00 -61334.35 -63268.91 154.20 57.35
90.00 6.00 -61334.35 -62523.84 154.20 57.35
91.00 6.00 -61334.35 -62590.45 154.20 57.35
92.00 6.00 -61334.35 -66514.91 154.20 57.35
93.00 6.00 -61334.35 -62338.62 154.20 57.35
94.00 6.00 -61334.35 -64168.59 154.20 57.35
95.00 6.00 -61334.35 -62949.16 154.20 57.35
96.00 6.00 -61334.35 -62527.56 154.20 57.35
97.00 6.00 -61334.35 -63202.02 154.20 57.35
98.00 6.00 -61334.35 -65434.57 154.20 57.35
99.00 6.00 -61334.35 -65937.34 154.20 57.35
100.00 6.00 -61334.35 -63823.57 154.20 57.35
101.00 6.00 -61334.35 -62278.05 154.20 57.35
102.00 6.00 -61334.35 -62113.45 154.20 57.35
103.00 6.00 -61334.35 -66471.88 154.20 57.35
104.00 6.00 -61334.35 -66603.56 154.20 57.35
105.00 6.00 -61334.35 -64039.27 154.20 57.35
106.00 6.00 -61334.35 -62316.87 154.20 57.35
107.00 6.00 -61334.35 -65330.46 154.20 57.35
108.00 6.00 -61334.35 -67060.57 154.20 57.35
109.00 6.00 -61334.35 -65197.96 154.20 57.35
110.00 6.00 -61334.35 -63966.89 154.20 57.35
111.00 7.00 -58101.04 -58101.04 74.81 31.48
112.00 7.00 -58101.04 -66894.06 74.81 31.48
113.00 7.00 -58101.04 -63604.25 74.81 31.48
114.00 7.00 -58101.04 -63552.93 74.81 31.48
115.00 7.00 -58101.04 -68207.81 74.81 31.48
116.00 7.00 -58101.04 -61582.99 74.81 31.48
117.00 7.00 -58101.04 -69114.66 74.81 31.48
118.00 7.00 -58101.04 -64992.62 74.81 31.48
119.00 7.00 -58101.04 -64238.10 74.81 31.48
120.00 7.00 -58101.04 -65239.40 74.81 31.48
121.00 7.00 -58101.04 -66890.33 74.81 31.48
122.00 7.00 -58101.04 -64751.53 74.81 31.48
