0.00 1.00 -104230.11 -104230.11 130.89 44.30
1.00 1.00 -104230.11 -107558.09 130.89 44.30
2.00 1.00 -104230.11 -104769.62 130.89 44.30
3.00 1.00 -104230.11 -104768.82 130.89 44.30
4.00 1.00 -104230.11 -105520.81 130.89 44.30
5.00 1.00 -104230.11 -107736.89 130.89 44.30
6.00 2.00 -103660.50 -103660.50 126.34 54.00
7.00 2.00 -103660.50 -109679.75 126.34 54.00
8.00 2.00 -103660.50 -104022.43 126.34 54.00
9.00 2.00 -103660.50 -108185.65 126.34 54.00
10.00 3.00 -100805.56 -100805.56 100.04 59.56
11.00 3.00 -100805.56 -104026.47 100.04 59.56
12.00 4.00 -98612.67 -98612.67 85.61 67.32
13.00 4.00 -98612.67 -103847.37 85.61 67.32
14.00 4.00 -98612.67 -110778.80 85.61 67.32
15.00 4.00 -98612.67 -104988.83 85.61 67.32
16.00 4.00 -98612.67 -105821.20 85.61 67.32
17.00 4.00 -98612.67 -106458.42 85.61 67.32
18.00 4.00 -98612.67 -105150.79 85.61 67.32
19.00 4.00 -98612.67 -106036.11 85.61 67.32
20.00 4.00 -98612.67 -103836.74 85.61 67.32
21.00 4.00 -98612.67 -105546.22 85.61 67.32
22.00 4.00 -98612.67 -105691.34 85.61 67.32
23.00 4.00 -98612.67 -109239.83 85.61 67.32
24.00 4.00 -98612.67 -106453.94 85.61 67.32
25.00 4.00 -98612.67 -108767.97 85.61 67.32
26.00 4.00 -98612.67 -106648.75 85.61 67.32
27.00 4.00 -98612.67 -106517.04 85.61 67.32
28.00 4.00 -98612.67 -106783.92 85.61 67.32
29.00 4.00 -98612.67 -106764.02 85.61 67.32
30.00 4.00 -98612.67 -106475.41 85.61 67.32
31.00 4.00 -98612.67 -106718.86 85.61 67.32
32.00 4.00 -98612.67 -106607.08 85.61 67.32
33.00 4.00 -98612.67 -110962.90 85.61 67.32
34.00 4.00 -98612.67 -108901.28 85.61 67.32
35.00 4.00 -98612.67 -109000.84 85.61 67.32
36.00 4.00 -98612.67 -107505.79 85.61 67.32
37.00 4.00 -98612.67 -107510.16 85.61 67.32
38.00 4.00 -98612.67 -111413.53 85.61 67.32
39.00 4.00 -98612.67 -107132.92 85.61 67.32
40.00 4.00 -98612.67 -108916.95 85.61 67.32
41.00 4.00 -98612.67 -110355.78 85.61 67.32
42.00 4.00 -98612.67 -105312.58 85.61 67.32
43.00 5.00 -98378.32 -98378.32 87.93 52.57
44.00 5.00 -98378.32 -104874.75 87.93 52.57
45.00 5.00 -98378.32 -103551.62 87.93 52.57
46.00 5.00 -98378.32 -111390.03 87.93 52.57
47.00 5.00 -98378.32 -105727.48 87.93 52.57
48.00 5.00 -98378.32 -105486.28 87.93 52.57
49.00 5.00 -98378.32 -104896.45 87.93 52.57
50.00 5.00 -98378.32 -106882.29 87.93 52.57
51.00 5.00 -98378.32 -104506.09 87.93 52.57
52.00 5.00 -98378.32 -109931.24 87.93 52.57
53.00 5.00 -98378.32 -101533.60 87.93 52.57
54.00 5.00 -98378.32 -104175.42 87.93 52.57
55.00 5.00 -98378.32 -102630.32 87.93 52.57
56.00 5.00 -98378.32 -106813.36 87.93 52.57
57.00 5.00 -98378.32 -104000.75 87.93 52.57
58.00 5.00 -98378.32 -102504.80 87.93 52.57
59.00 5.00 -98378.32 -101847.27 87.93 52.57
60.00 5.00 -98378.32 -102308.98 87.93 52.57
61.00 5.00 -98378.32 -106278.51 87.93 52.57
62.00 5.00 -98378.32 -109806.03 87.93 52.57
63.00 5.00 -98378.32 -108674.14 87.93 52.57
64.00 5.00 -98378.32 -104316.70 87.93 52.57
65.00 5.00 -98378.32 -104980.75 87.93 52.57
66.00 5.00 -98378.32 -115996.65 87.93 52.57
67.00 5.00 -98378.32 -106171.23 87.93 52.57
68.00 5.00 -98378.32 -108625.56 87.93 52.57
69.00 5.00 -98378.32 -106898.23 87.93 52.57
70.00 5.00 -98378.32 -106100.69 87.93 52.57
71.00 5.00 -98378.32 -108340.55 87.93 52.57
72.00 5.00 -98378.32 -100068.81 87.93 52.57
73.00 5.00 -98378.32 -104472.61 87.93 52.57
74.00 5.00 -98378.32 -104026.95 87.93 52.57
75.00 5.00 -98378.32 -102129.93 87.93 52.57
76.00 5.00 -98378.32 -103290.50 87.93 52.57
77.00 5.00 -98378.32 -99557.09 87.93 52.57
78.00 5.00 -98378.32 -102702.23 87.93 52.57
79.00 5.00 -98378.32 -102136.98 87.93 52.57
80.00 5.00 -98378.32 -106685.21 87.93 52.57
81.00 5.00 -98378.32 -107368.28 87.93 52.57
82.00 5.00 -98378.32 -103325.29 87.93 52.57
83.00 5.00 -98378.32 -105711.74 87.93 52.57
84.00 5.00 -98378.32 -106952.01 87.93 52.57
85.00 5.00 -98378.32 -103753.98 87.93 52.57
86.00 5.00 -98378.32 -108924.65 87.93 52.57
87.00 5.00 -98378.32 -104967.73 87.93 52.57
88.00 5.00 -98378.32 -104286.78 87.93 52.57
89.00 5.00 -98378.32 -108241.73 87.93 52.57
90.00 5.00 -98378.32 -104945.95 87.93 52.57
91.00 5.00 -98378.32 -107415.24 87.93 52.57
92.00 5.00 -98378.32 -110675.52 87.93 52.57
93.00 5.00 -98378.32 -106851.60 87.93 52.57
94.00 5.00 -98378.32 -112836.82 87.93 52.57
95.00 5.00 -98378.32 -119505.08 87.93 52.57
96.00 5.00 -98378.32 -107182.62 87.93 52.57
97.00 5.00 -98378.32 -109116.32 87.93 52.57
98.00 5.00 -98378.32 -110779.32 87.93 52.57
99.00 5.00 -98378.32 -107800.87 87.93 52.57
100.00 5.00 -98378.32 -110407.26 87.93 52.57
101.00 5.00 -98378.32 -110306.14 87.93 52.57
102.00 5.00 -98378.32 -104841.94 87.93 52.57
103.00 5.00 -98378.32 -103105.71 87.93 52.57
104.00 5.00 -98378.32 -104038.17 87.93 52.57
105.00 5.00 -98378.32 -103441.11 87.93 52.57
106.00 5.00 -98378.32 -102214.87 87.93 52.57
107.00 5.00 -98378.32 -102019.17 87.93 52.57
108.00 5.00 -98378.32 -102022.36 87.93 52.57
109.00 5.00 -98378.32 -103515.05 87.93 52.57
110.00 5.00 -98378.32 -103557.87 87.93 52.57
111.00 5.00 -98378.32 -104406.76 87.93 52.57
112.00 5.00 -98378.32 -104002.13 87.93 52.57
113.00 5.00 -98378.32 -104181.95 87.93 52.57
114.00 5.00 -98378.32 -104216.67 87.93 52.57
115.00 5.00 -98378.32 -102859.45 87.93 52.57
116.00 5.00 -98378.32 -106627.63 87.93 52.57
117.00 5.00 -98378.32 -104753.55 87.93 52.57
118.00 5.00 -98378.32 -108866.59 87.93 52.57
119.00 5.00 -98378.32 -107077.45 87.93 52.57
120.00 5.00 -98378.32 -113836.41 87.93 52.57
121.00 5.00 -98378.32 -108968.02 87.93 52.57
122.00 5.00 -98378.32 -103325.13 87.93 52.57
