0.00 1.00 -68923.68 -68923.68 111.57 62.91
1.00 1.00 -68923.68 -70684.04 111.57 62.91
2.00 1.00 -68923.68 -73896.48 111.57 62.91
3.00 1.00 -68923.68 -71767.68 111.57 62.91
4.00 2.00 -68488.50 -68488.50 112.69 40.35
5.00 2.00 -68488.50 -71411.74 112.69 40.35
6.00 2.00 -68488.50 -74227.44 112.69 40.35
7.00 2.00 -68488.50 -71746.04 112.69 40.35
8.00 2.00 -68488.50 -69435.47 112.69 40.35
9.00 2.00 -68488.50 -71865.82 112.69 40.35
10.00 2.00 -68488.50 -68856.29 112.69 40.35
11.00 2.00 -68488.50 -71718.32 112.69 40.35
12.00 2.00 -68488.50 -71552.44 112.69 40.35
13.00 2.00 -68488.50 -70034.76 112.69 40.35
14.00 3.00 -67622.80 -67622.80 97.90 63.27
15.00 3.00 -67622.80 -70674.04 97.90 63.27
16.00 3.00 -67622.80 -68653.05 97.90 63.27
17.00 3.00 -67622.80 -72495.74 97.90 63.27
18.00 3.00 -67622.80 -70972.75 97.90 63.27
19.00 3.00 -67622.80 -71085.80 97.90 63.27
20.00 3.00 -67622.80 -71345.42 97.90 63.27
21.00 3.00 -67622.80 -71204.31 97.90 63.27
22.00 3.00 -67622.80 -71347.47 97.90 63.27
23.00 3.00 -67622.80 -71323.27 97.90 63.27
24.00 3.00 -67622.80 -71317.20 97.90 63.27
25.00 3.00 -67622.80 -70219.87 97.90 63.27
26.00 3.00 -67622.80 -70002.10 97.90 63.27
27.00 3.00 -67622.80 -70630.05 97.90 63.27
28.00 3.00 -67622.80 -70355.88 97.90 63.27
29.00 3.00 -67622.80 -72567.52 97.90 63.27
30.00 3.00 -67622.80 -71928.50 97.90 63.27
31.00 3.00 -67622.80 -71317.30 97.90 63.27
32.00 3.00 -67622.80 -71439.98 97.90 63.27
33.00 3.00 -67622.80 -71236.47 97.90 63.27
34.00 4.00 -67053.14 -67053.14 95.15 45.56
35.00 4.00 -67053.14 -73303.35 95.15 45.56
36.00 4.00 -67053.14 -70783.47 95.15 45.56
37.00 4.00 -67053.14 -68351.35 95.15 45.56
38.00 4.00 -67053.14 -70755.45 95.15 45.56
39.00 4.00 -67053.14 -73554.06 95.15 45.56
40.00 4.00 -67053.14 -70758.17 95.15 45.56
41.00 5.00 -67053.14 -67053.14 95.15 45.56
42.00 5.00 -67053.14 -74389.03 95.15 45.56
43.00 5.00 -67053.14 -68521.14 95.15 45.56
44.00 5.00 -67053.14 -69985.23 95.15 45.56
45.00 5.00 -67053.14 -70510.83 95.15 45.56
46.00 5.00 -67053.14 -70273.16 95.15 45.56
47.00 5.00 -67053.14 -70377.66 95.15 45.56
48.00 5.00 -67053.14 -70749.22 95.15 45.56
49.00 5.00 -67053.14 -69895.07 95.15 45.56
50.00 5.00 -67053.14 -72336.98 95.15 45.56
51.00 5.00 -67053.14 -68111.42 95.15 45.56
52.00 5.00 -67053.14 -74102.73 95.15 45.56
53.00 5.00 -67053.14 -70070.57 95.15 45.56
54.00 5.00 -67053.14 -71146.49 95.15 45.56
55.00 5.00 -67053.14 -69691.61 95.15 45.56
56.00 5.00 -67053.14 -68562.38 95.15 45.56
57.00 5.00 -67053.14 -72184.42 95.15 45.56
58.00 5.00 -67053.14 -69231.42 95.15 45.56
59.00 5.00 -67053.14 -68689.91 95.15 45.56
60.00 5.00 -67053.14 -72373.36 95.15 45.56
61.00 5.00 -67053.14 -70473.59 95.15 45.56
62.00 5.00 -67053.14 -70337.38 95.15 45.56
63.00 5.00 -67053.14 -75250.81 95.15 45.56
64.00 5.00 -67053.14 -70018.72 95.15 45.56
65.00 5.00 -67053.14 -72425.46 95.15 45.56
66.00 5.00 -67053.14 -70644.06 95.15 45.56
67.00 5.00 -67053.14 -70500.53 95.15 45.56
68.00 5.00 -67053.14 -68475.79 95.15 45.56
69.00 5.00 -67053.14 -74108.47 95.15 45.56
70.00 5.00 -67053.14 -72571.14 95.15 45.56
71.00 5.00 -67053.14 -69904.03 95.15 45.56
72.00 5.00 -67053.14 -73862.68 95.15 45.56
73.00 5.00 -67053.14 -73707.06 95.15 45.56
74.00 5.00 -67053.14 -71158.17 95.15 45.56
75.00 5.00 -67053.14 -72882.09 95.15 45.56
76.00 5.00 -67053.14 -71172.64 95.15 45.56
77.00 5.00 -67053.14 -73760.66 95.15 45.56
78.00 5.00 -67053.14 -70979.70 95.15 45.56
79.00 5.00 -67053.14 -71186.97 95.15 45.56
80.00 5.00 -67053.14 -68653.07 95.15 45.56
81.00 5.00 -67053.14 -70812.70 95.15 45.56
82.00 5.00 -67053.14 -70227.45 95.15 45.56
83.00 5.00 -67053.14 -68569.35 95.15 45.56
84.00 5.00 -67053.14 -69894.66 95.15 45.56
85.00 5.00 -67053.14 -73896.94 95.15 45.56
86.00 5.00 -67053.14 -69403.05 95.15 45.56
87.00 5.00 -67053.14 -67929.17 95.15 45.56
88.00 5.00 -67053.14 -69161.88 95.15 45.56
89.00 5.00 -67053.14 -68938.54 95.15 45.56
90.00 5.00 -67053.14 -68690.16 95.15 45.56
91.00 5.00 -67053.14 -68590.95 95.15 45.56
92.00 5.00 -67053.14 -69964.85 95.15 45.56
93.00 5.00 -67053.14 -72517.28 95.15 45.56
94.00 5.00 -67053.14 -72173.18 95.15 45.56
95.00 6.00 -65538.19 -65538.19 83.31 39.09
96.00 6.00 -65538.19 -68862.16 83.31 39.09
97.00 6.00 -65538.19 -67080.18 83.31 39.09
98.00 6.00 -65538.19 -72063.58 83.31 39.09
99.00 6.00 -65538.19 -74371.24 83.31 39.09
100.00 6.00 -65538.19 -72893.28 83.31 39.09
101.00 6.00 -65538.19 -69489.17 83.31 39.09
102.00 6.00 -65538.19 -69375.25 83.31 39.09
103.00 6.00 -65538.19 -69055.87 83.31 39.09
104.00 6.00 -65538.19 -70080.84 83.31 39.09
105.00 6.00 -65538.19 -69427.88 83.31 39.09
106.00 6.00 -65538.19 -73250.09 83.31 39.09
107.00 6.00 -65538.19 -70941.56 83.31 39.09
108.00 7.00 -65538.19 -65538.19 83.31 39.09
109.00 7.00 -65538.19 -74340.80 83.31 39.09
110.00 7.00 -65538.19 -74073.03 83.31 39.09
111.00 7.00 -65538.19 -73183.87 83.31 39.09
112.00 7.00 -65538.19 -74919.98 83.31 39.09
113.00 7.00 -65538.19 -74935.13 83.31 39.09
114.00 7.00 -65538.19 -69696.56 83.31 39.09
115.00 7.00 -65538.19 -71388.64 83.31 39.09
116.00 7.00 -65538.19 -70803.67 83.31 39.09
117.00 7.00 -65538.19 -70326.12 83.31 39.09
118.00 7.00 -65538.19 -72322.25 83.31 39.09
119.00 7.00 -65538.19 -70692.27 83.31 39.09
120.00 7.00 -65538.19 -71609.88 83.31 39.09
121.00 7.00 -65538.19 -69633.70 83.31 39.09
122.00 7.00 -65538.19 -70262.80 83.31 39.09
