0.00 0.00 -96732.18 -99638.41 0.00 0.00
1.00 0.00 -96732.18 -97035.30 0.00 0.00
2.00 0.00 -96732.18 -97911.06 0.00 0.00
3.00 0.00 -96732.18 -99798.98 0.00 0.00
4.00 0.00 -96732.18 -98577.65 0.00 0.00
5.00 1.00 -95427.18 -95427.18 135.34 65.17
6.00 1.00 -95427.18 -96686.48 135.34 65.17
7.00 2.00 -93573.49 -93573.49 119.90 57.92
8.00 2.00 -93573.49 -96699.88 119.90 57.92
9.00 3.00 -91232.85 -91232.85 105.15 40.56
10.00 4.00 -90864.56 -90864.56 107.52 26.54
11.00 4.00 -90864.56 -92962.72 107.52 26.54
12.00 4.00 -90864.56 -93784.44 107.52 26.54
13.00 4.00 -90864.56 -94600.06 107.52 26.54
14.00 4.00 -90864.56 -101106.12 107.52 26.54
15.00 4.00 -90864.56 -99731.04 107.52 26.54
16.00 4.00 -90864.56 -101794.26 107.52 26.54
17.00 4.00 -90864.56 -98733.15 107.52 26.54
18.00 4.00 -90864.56 -94217.74 107.52 26.54
19.00 4.00 -90864.56 -96600.93 107.52 26.54
20.00 4.00 -90864.56 -97077.02 107.52 26.54
21.00 4.00 -90864.56 -95099.46 107.52 26.54
22.00 4.00 -90864.56 -96497.70 107.52 26.54
23.00 4.00 -90864.56 -96485.25 107.52 26.54
24.00 4.00 -90864.56 -96217.44 107.52 26.54
25.00 4.00 -90864.56 -98184.51 107.52 26.54
26.00 4.00 -90864.56 -96238.11 107.52 26.54
27.00 4.00 -90864.56 -98248.54 107.52 26.54
28.00 4.00 -90864.56 -96771.83 107.52 26.54
29.00 4.00 -90864.56 -97816.88 107.52 26.54
30.00 4.00 -90864.56 -101049.40 107.52 26.54
31.00 4.00 -90864.56 -97265.27 107.52 26.54
32.00 4.00 -90864.56 -95659.94 107.52 26.54
33.00 4.00 -90864.56 -93417.14 107.52 26.54
34.00 4.00 -90864.56 -98640.17 107.52 26.54
35.00 4.00 -90864.56 -99043.55 107.52 26.54
36.00 4.00 -90864.56 -96329.06 107.52 26.54
37.00 4.00 -90864.56 -97192.09 107.52 26.54
38.00 4.00 -90864.56 -96502.17 107.52 26.54
39.00 4.00 -90864.56 -97722.74 107.52 26.54
40.00 4.00 -90864.56 -97781.93 107.52 26.54
41.00 4.00 -90864.56 -95684.14 107.52 26.54
42.00 4.00 -90864.56 -94609.98 107.52 26.54
43.00 4.00 -90864.56 -99155.23 107.52 26.54
44.00 4.00 -90864.56 -93615.13 107.52 26.54
45.00 4.00 -90864.56 -95006.37 107.52 26.54
46.00 4.00 -90864.56 -96025.73 107.52 26.54
47.00 4.00 -90864.56 -107108.08 107.52 26.54
48.00 4.00 -90864.56 -93012.28 107.52 26.54
49.00 4.00 -90864.56 -100771.87 107.52 26.54
50.00 4.00 -90864.56 -96257.54 107.52 26.54
51.00 4.00 -90864.56 -98419.67 107.52 26.54
52.00 4.00 -90864.56 -94968.02 107.52 26.54
53.00 4.00 -90864.56 -94116.02 107.52 26.54
54.00 5.00 -85893.89 -85893.89 70.57 43.61
55.00 5.00 -85893.89 -91761.58 70.57 43.61
56.00 5.00 -85893.89 -93089.19 70.57 43.61
57.00 5.00 -85893.89 -90599.86 70.57 43.61
58.00 5.00 -85893.89 -98294.35 70.57 43.61
59.00 5.00 -85893.89 -105177.47 70.57 43.61
60.00 5.00 -85893.89 -95774.77 70.57 43.61
61.00 5.00 -85893.89 -90867.07 70.57 43.61
62.00 5.00 -85893.89 -98477.64 70.57 43.61
63.00 5.00 -85893.89 -102761.41 70.57 43.61
64.00 5.00 -85893.89 -95586.50 70.57 43.61
65.00 5.00 -85893.89 -95072.42 70.57 43.61
66.00 5.00 -85893.89 -96500.78 70.57 43.61
67.00 5.00 -85893.89 -98053.85 70.57 43.61
68.00 5.00 -85893.89 -94987.02 70.57 43.61
69.00 5.00 -85893.89 -95288.74 70.57 43.61
70.00 5.00 -85893.89 -99879.98 70.57 43.61
71.00 5.00 -85893.89 -97112.00 70.57 43.61
72.00 5.00 -85893.89 -92790.66 70.57 43.61
73.00 5.00 -85893.89 -94987.72 70.57 43.61
74.00 5.00 -85893.89 -99625.01 70.57 43.61
75.00 5.00 -85893.89 -94005.34 70.57 43.61
76.00 5.00 -85893.89 -106521.87 70.57 43.61
77.00 5.00 -85893.89 -97148.05 70.57 43.61
78.00 5.00 -85893.89 -93640.58 70.57 43.61
79.00 5.00 -85893.89 -95762.80 70.57 43.61
80.00 5.00 -85893.89 -94751.09 70.57 43.61
81.00 5.00 -85893.89 -102334.60 70.57 43.61
82.00 5.00 -85893.89 -97258.42 70.57 43.61
83.00 5.00 -85893.89 -98847.46 70.57 43.61
84.00 5.00 -85893.89 -94691.25 70.57 43.61
85.00 5.00 -85893.89 -97779.38 70.57 43.61
86.00 5.00 -85893.89 -95130.48 70.57 43.61
87.00 5.00 -85893.89 -96896.62 70.57 43.61
88.00 5.00 -85893.89 -93600.20 70.57 43.61
89.00 5.00 -85893.89 -100028.91 70.57 43.61
90.00 5.00 -85893.89 -95086.05 70.57 43.61
91.00 5.00 -85893.89 -91132.36 70.57 43.61
92.00 5.00 -85893.89 -93623.55 70.57 43.61
93.00 5.00 -85893.89 -97701.44 70.57 43.61
94.00 5.00 -85893.89 -96483.94 70.57 43.61
95.00 5.00 -85893.89 -94148.80 70.57 43.61
96.00 5.00 -85893.89 -94247.18 70.57 43.61
97.00 5.00 -85893.89 -99226.89 70.57 43.61
98.00 5.00 -85893.89 -97014.34 70.57 43.61
99.00 5.00 -85893.89 -97329.77 70.57 43.61
100.00 5.00 -85893.89 -101144.22 70.57 43.61
101.00 5.00 -85893.89 -93266.84 70.57 43.61
102.00 5.00 -85893.89 -92982.67 70.57 43.61
103.00 5.00 -85893.89 -94473.51 70.57 43.61
104.00 5.00 -85893.89 -95219.76 70.57 43.61
105.00 5.00 -85893.89 -92438.95 70.57 43.61
106.00 5.00 -85893.89 -97130.92 70.57 43.61
107.00 5.00 -85893.89 -93698.28 70.57 43.61
108.00 5.00 -85893.89 -100758.98 70.57 43.61
109.00 5.00 -85893.89 -97944.36 70.57 43.61
110.00 5.00 -85893.89 -95921.57 70.57 43.61
111.00 5.00 -85893.89 -96848.40 70.57 43.61
112.00 5.00 -85893.89 -96697.55 70.57 43.61
113.00 5.00 -85893.89 -97721.73 70.57 43.61
114.00 5.00 -85893.89 -104481.72 70.57 43.61
115.00 5.00 -85893.89 -96939.47 70.57 43.61
116.00 5.00 -85893.89 -103809.36 70.57 43.61
117.00 5.00 -85893.89 -98979.28 70.57 43.61
118.00 5.00 -85893.89 -94792.35 70.57 43.61
119.00 5.00 -85893.89 -101886.03 70.57 43.61
120.00 5.00 -85893.89 -91944.84 70.57 43.61
121.00 5.00 -85893.89 -100916.58 70.57 43.61
122.00 5.00 -85893.89 -96187.72 70.57 43.61
