0.00 0.00 -58958.92 -60006.27 0.00 0.00
1.00 1.00 -58249.05 -58249.05 138.09 57.60
2.00 1.00 -58249.05 -60309.29 138.09 57.60
3.00 2.00 -56687.68 -56687.68 115.25 50.18
4.00 2.00 -56687.68 -59598.55 115.25 50.18
5.00 2.00 -56687.68 -59112.78 115.25 50.18
6.00 2.00 -56687.68 -58174.57 115.25 50.18
7.00 2.00 -56687.68 -60168.26 115.25 50.18
8.00 2.00 -56687.68 -58045.83 115.25 50.18
9.00 2.00 -56687.68 -61351.59 115.25 50.18
10.00 3.00 -55698.98 -55698.98 106.23 38.57
11.00 3.00 -55698.98 -57965.12 106.23 38.57
12.00 3.00 -55698.98 -56172.34 106.23 38.57
13.00 4.00 -54692.42 -54692.42 91.68 46.09
14.00 4.00 -54692.42 -61541.47 91.68 46.09
15.00 4.00 -54692.42 -56390.25 91.68 46.09
16.00 4.00 -54692.42 -58973.54 91.68 46.09
17.00 4.00 -54692.42 -58946.91 91.68 46.09
18.00 4.00 -54692.42 -60957.24 91.68 46.09
19.00 4.00 -54692.42 -58957.45 91.68 46.09
20.00 4.00 -54692.42 -59750.14 91.68 46.09
21.00 4.00 -54692.42 -57235.06 91.68 46.09
22.00 4.00 -54692.42 -58757.68 91.68 46.09
23.00 4.00 -54692.42 -58755.35 91.68 46.09
24.00 4.00 -54692.42 -61625.01 91.68 46.09
25.00 4.00 -54692.42 -60281.91 91.68 46.09
26.00 4.00 -54692.42 -59193.31 91.68 46.09
27.00 4.00 -54692.42 -59513.86 91.68 46.09
28.00 4.00 -54692.42 -58427.62 91.68 46.09
29.00 4.00 -54692.42 -61052.52 91.68 46.09
30.00 4.00 -54692.42 -60241.26 91.68 46.09
31.00 4.00 -54692.42 -59200.69 91.68 46.09
32.00 4.00 -54692.42 -58919.27 91.68 46.09
33.00 4.00 -54692.42 -58979.28 91.68 46.09
34.00 4.00 -54692.42 -58907.68 91.68 46.09
35.00 4.00 -54692.42 -61933.51 91.68 46.09
36.00 4.00 -54692.42 -59379.45 91.68 46.09
37.00 4.00 -54692.42 -57904.55 91.68 46.09
38.00 5.00 -51250.51 -51250.51 64.36 28.21
39.00 5.00 -51250.51 -56816.83 64.36 28.21
40.00 5.00 -51250.51 -57958.41 64.36 28.21
41.00 5.00 -51250.51 -56036.80 64.36 28.21
42.00 5.00 -51250.51 -59409.69 64.36 28.21
43.00 5.00 -51250.51 -58339.07 64.36 28.21
44.00 5.00 -51250.51 -58043.96 64.36 28.21
45.00 5.00 -51250.51 -58648.52 64.36 28.21
46.00 5.00 -51250.51 -60607.46 64.36 28.21
47.00 5.00 -51250.51 -59927.43 64.36 28.21
48.00 5.00 -51250.51 -58964.04 64.36 28.21
49.00 5.00 -51250.51 -57825.21 64.36 28.21
50.00 5.00 -51250.51 -54390.31 64.36 28.21
51.00 5.00 -51250.51 -58595.09 64.36 28.21
52.00 5.00 -51250.51 -59628.22 64.36 28.21
53.00 5.00 -51250.51 -59851.33 64.36 28.21
54.00 5.00 -51250.51 -57129.89 64.36 28.21
55.00 5.00 -51250.51 -54974.73 64.36 28.21
56.00 5.00 -51250.51 -63075.94 64.36 28.21
57.00 5.00 -51250.51 -56638.09 64.36 28.21
58.00 5.00 -51250.51 -54952.54 64.36 28.21
59.00 5.00 -51250.51 -57380.91 64.36 28.21
60.00 5.00 -51250.51 -57565.56 64.36 28.21
61.00 5.00 -51250.51 -61217.83 64.36 28.21
62.00 5.00 -51250.51 -57679.29 64.36 28.21
63.00 5.00 -51250.51 -58903.96 64.36 28.21
64.00 5.00 -51250.51 -57761.13 64.36 28.21
65.00 5.00 -51250.51 -57570.18 64.36 28.21
66.00 5.00 -51250.51 -59793.49 64.36 28.21
67.00 5.00 -51250.51 -59105.14 64.36 28.21
68.00 5.00 -51250.51 -58666.97 64.36 28.21
69.00 5.00 -51250.51 -59354.28 64.36 28.21
70.00 5.00 -51250.51 -54542.19 64.36 28.21
71.00 5.00 -51250.51 -60229.32 64.36 28.21
72.00 5.00 -51250.51 -57842.06 64.36 28.21
73.00 5.00 -51250.51 -60183.75 64.36 28.21
74.00 5.00 -51250.51 -58484.74 64.36 28.21
75.00 5.00 -51250.51 -60097.74 64.36 28.21
76.00 5.00 -51250.51 -62271.61 64.36 28.21
77.00 5.00 -51250.51 -58049.99 64.36 28.21
78.00 5.00 -51250.51 -58952.54 64.36 28.21
79.00 5.00 -51250.51 -61119.23 64.36 28.21
80.00 5.00 -51250.51 -58481.30 64.36 28.21
81.00 5.00 -51250.51 -58935.67 64.36 28.21
82.00 5.00 -51250.51 -58956.86 64.36 28.21
83.00 5.00 -51250.51 -58173.86 64.36 28.21
84.00 5.00 -51250.51 -60935.47 64.36 28.21
85.00 5.00 -51250.51 -60502.57 64.36 28.21
86.00 5.00 -51250.51 -57141.37 64.36 28.21
87.00 5.00 -51250.51 -58517.42 64.36 28.21
88.00 5.00 -51250.51 -62523.11 64.36 28.21
89.00 5.00 -51250.51 -57727.37 64.36 28.21
90.00 5.00 -51250.51 -61242.60 64.36 28.21
91.00 5.00 -51250.51 -57943.20 64.36 28.21
92.00 5.00 -51250.51 -58795.63 64.36 28.21
93.00 5.00 -51250.51 -58410.42 64.36 28.21
94.00 5.00 -51250.51 -59792.25 64.36 28.21
95.00 5.00 -51250.51 -54898.44 64.36 28.21
96.00 5.00 -51250.51 -59385.69 64.36 28.21
97.00 5.00 -51250.51 -56961.19 64.36 28.21
98.00 5.00 -51250.51 -58123.20 64.36 28.21
99.00 5.00 -51250.51 -56159.22 64.36 28.21
100.00 5.00 -51250.51 -56559.55 64.36 28.21
101.00 5.00 -51250.51 -59429.00 64.36 28.21
102.00 5.00 -51250.51 -56177.59 64.36 28.21
103.00 5.00 -51250.51 -56702.05 64.36 28.21
104.00 5.00 -51250.51 -58289.12 64.36 28.21
105.00 5.00 -51250.51 -59598.59 64.36 28.21
106.00 5.00 -51250.51 -58200.14 64.36 28.21
107.00 5.00 -51250.51 -59032.67 64.36 28.21
108.00 5.00 -51250.51 -57384.12 64.36 28.21
109.00 5.00 -51250.51 -58151.43 64.36 28.21
110.00 5.00 -51250.51 -58169.67 64.36 28.21
111.00 5.00 -51250.51 -57838.31 64.36 28.21
112.00 5.00 -51250.51 -61081.94 64.36 28.21
113.00 5.00 -51250.51 -58727.92 64.36 28.21
114.00 5.00 -51250.51 -55182.69 64.36 28.21
115.00 5.00 -51250.51 -60146.64 64.36 28.21
116.00 5.00 -51250.51 -57916.89 64.36 28.21
117.00 5.00 -51250.51 -57737.14 64.36 28.21
118.00 5.00 -51250.51 -58205.01 64.36 28.21
119.00 5.00 -51250.51 -58016.42 64.36 28.21
120.00 5.00 -51250.51 -58135.94 64.36 28.21
121.00 5.00 -51250.51 -57518.91 64.36 28.21
122.00 5.00 -51250.51 -57744.55 64.36 28.21
