0.00
1414.05
1290.91
1150.31
969.43
721.70
331.55
152.90
140.71
140.71
119.03
119.03
119.03
100.73
100.73
100.73
100.73
100.73
100.73
100.73
97.11
100.73
97.11
97.11
97.11
97.11
97.11
97.11
97.11
97.11
97.11
97.11
97.11
97.11
97.11
106.51
106.51
106.51
106.51
106.51
97.11
106.51
106.51
106.51
106.56
106.56
106.56
106.56
106.56
106.56
106.56
106.56
106.56
106.56
106.56
106.56
106.56
106.56
106.56
106.56
106.56
106.56
106.56
106.56
106.56
106.56
106.56
106.56
106.56
106.56
106.56
106.56
106.56
106.56
106.56
106.56
106.56
106.56
106.56
106.56
106.56
106.56
106.56
106.56
106.56
106.56
106.56
106.56
106.56
106.56
106.56
106.56
106.56
106.56
106.56
106.56
106.56
106.56
106.56
106.56
106.56
106.56
106.56
106.56
106.56
106.56
106.56
106.56
106.56
106.56
106.56
106.56
106.56
106.56
106.56
106.56
106.56
106.56
106.56
106.56
106.56
106.56
106.56
106.56
106.56
106.56
106.56
106.56
106.56
106.56
106.56
106.56
107.78
107.78
107.78
107.78
107.78
107.78
107.78
107.78
107.78
107.78
107.78
107.78
107.78
107.78
107.78
107.78
107.78
107.78
107.78
107.78
107.78
107.78
107.78
107.78
107.78
107.78
107.78
107.78
107.78
107.78
107.78
107.78
107.78
107.78
107.78
107.78
107.78
