1591.87
1508.85
1153.68
1153.68
1153.68
965.85
845.15
816.87
676.98
410.58
176.09
176.09
99.43
99.43
99.43
99.43
99.43
99.43
99.43
99.43
99.43
99.43
99.43
99.43
99.43
99.43
99.43
99.43
99.43
99.43
99.43
99.43
99.43
99.43
99.43
99.43
99.43
99.43
99.43
99.43
99.43
99.43
99.43
99.43
99.43
99.43
99.43
99.43
101.19
101.19
101.19
101.19
101.19
101.19
101.19
101.19
101.19
101.19
101.19
95.44
95.44
94.44
94.44
94.44
101.19
94.44
94.44
94.44
94.44
94.44
94.44
94.44
94.44
94.44
94.44
94.44
94.44
94.44
94.44
94.44
94.44
94.44
94.44
94.44
94.44
94.44
94.44
94.44
94.44
94.44
94.44
94.44
94.44
94.44
94.44
94.44
94.44
94.44
94.44
94.44
94.44
94.44
94.44
94.44
94.44
94.44
94.44
94.44
94.44
94.44
94.44
94.44
94.44
94.44
94.44
94.44
94.44
94.44
94.44
94.44
94.44
94.44
94.44
94.44
94.44
94.44
94.44
94.44
94.44
94.44
94.44
94.44
94.44
94.44
94.44
94.44
94.44
94.44
94.44
94.44
94.44
94.44
94.44
94.44
94.44
94.44
94.44
94.44
94.44
94.44
94.44
94.44
94.44
94.44
94.44
94.44
94.44
94.44
94.44
94.44
94.44
94.44
94.44
94.44
94.44
94.44
94.44
94.44
94.44
