0.00
1330.31
755.50
643.59
259.63
119.90
114.72
114.72
114.98
114.98
114.98
114.99
114.99
105.05
105.05
105.05
105.05
105.05
105.05
105.05
105.05
105.05
105.05
105.05
105.05
105.05
105.05
105.05
105.05
105.05
105.05
105.05
105.05
105.05
105.05
105.05
105.05
105.05
105.05
105.05
106.56
105.05
106.56
106.56
106.56
106.56
106.56
106.56
106.56
106.56
106.56
106.56
106.56
106.56
106.56
106.56
106.56
106.56
106.56
106.56
106.56
106.56
106.56
106.56
106.56
106.56
106.56
106.56
106.56
106.56
106.56
106.56
106.56
106.56
106.56
106.56
106.56
106.56
106.56
106.56
106.56
106.56
106.56
106.56
106.56
106.56
106.56
106.56
106.56
106.56
106.56
106.56
106.56
106.56
106.56
106.56
106.56
106.56
106.56
106.56
106.56
106.56
106.56
106.56
106.56
106.56
106.56
106.56
106.56
106.56
106.56
106.56
106.56
106.56
106.56
106.56
106.56
106.56
106.56
106.56
106.56
106.56
106.56
106.56
106.56
106.56
106.56
106.56
106.56
106.56
106.56
106.56
106.56
106.56
106.56
106.56
106.56
106.56
106.56
106.56
106.56
106.56
106.56
106.56
106.56
106.56
106.56
106.56
106.56
106.56
106.56
106.56
106.56
106.56
106.56
106.56
106.56
106.56
106.56
106.56
106.56
106.56
106.56
106.56
106.56
106.56
106.56
106.56
