1433.12
1349.52
1149.39
553.61
348.98
139.03
109.74
109.74
107.73
107.73
107.73
107.73
107.73
107.73
107.73
109.11
109.11
106.95
106.95
106.95
106.95
106.95
106.95
109.11
106.95
106.95
106.95
106.95
106.95
106.95
106.95
106.95
101.28
101.28
101.28
101.28
101.28
101.28
101.28
101.28
101.28
101.28
101.28
101.28
101.28
101.28
101.28
101.28
101.28
101.28
101.28
101.28
101.28
101.28
101.28
101.28
101.28
101.28
101.28
101.28
101.28
101.28
101.28
101.28
101.28
101.28
101.28
101.28
101.28
101.28
101.28
101.28
101.28
101.28
101.28
101.28
101.28
101.28
101.28
101.28
101.28
101.28
101.28
101.28
101.28
101.28
101.28
101.28
101.28
101.28
101.28
101.28
101.28
101.28
101.28
101.28
101.28
101.28
101.28
101.28
101.28
101.28
101.28
101.28
101.28
101.28
101.28
101.28
101.28
101.28
101.28
101.28
101.28
101.28
101.28
101.28
101.28
101.28
101.28
101.28
101.28
101.28
101.28
101.28
101.28
101.28
101.28
101.28
101.28
100.67
100.67
100.67
100.67
100.67
100.67
100.67
100.67
100.67
100.67
100.67
100.67
100.67
100.67
100.67
100.67
100.67
100.67
100.67
100.67
100.67
100.67
100.67
100.67
100.67
100.67
100.67
100.67
100.67
100.67
100.67
100.67
100.67
100.67
100.67
100.67
100.67
100.67
100.67
