1499.73
1499.73
1315.05
1146.66
814.63
112.12
112.12
96.87
96.87
96.87
96.87
95.01
95.01
95.01
95.01
95.01
94.98
94.98
94.98
94.98
94.53
94.53
95.01
94.53
94.53
94.53
94.53
94.53
94.53
94.53
94.53
94.53
94.53
94.53
94.53
94.53
94.53
94.53
94.53
94.53
94.53
94.53
94.53
94.53
94.53
94.53
94.53
94.53
94.53
94.53
94.53
94.53
94.53
94.53
94.53
94.53
94.53
94.53
94.53
94.53
94.53
94.53
94.53
94.53
94.53
94.53
94.53
94.53
94.53
94.53
94.53
94.53
94.53
94.53
94.53
94.53
94.53
94.53
94.53
94.53
94.53
94.53
94.53
94.53
94.53
94.53
94.53
94.53
94.53
94.53
94.53
94.53
94.53
94.53
94.53
94.53
94.53
94.53
94.53
94.53
94.53
94.53
94.53
94.53
94.53
94.53
94.53
94.53
94.53
94.53
94.53
94.53
94.53
94.53
94.53
94.53
94.53
94.53
94.53
94.53
94.53
94.53
94.53
94.53
94.53
94.53
94.53
94.53
94.53
94.53
94.53
94.53
94.53
94.53
94.53
94.53
94.53
94.53
94.53
94.53
94.53
94.53
94.53
94.53
94.53
94.53
94.53
94.53
94.53
94.53
94.53
94.53
94.53
94.53
94.53
94.53
94.58
94.58
94.58
94.58
94.58
94.58
94.58
94.58
94.58
94.58
94.58
94.58
94.58
