1387.98
709.06
341.83
227.06
115.43
103.62
103.62
106.28
105.09
107.22
107.22
107.22
107.22
107.22
107.22
107.22
107.22
107.22
107.22
107.22
107.22
107.22
107.22
107.22
107.22
107.22
107.22
107.22
107.22
107.22
107.22
107.22
107.22
107.22
107.22
107.22
107.22
107.22
107.22
107.22
107.22
107.22
107.22
107.22
107.22
107.22
107.22
107.22
107.22
107.22
107.22
107.22
107.22
107.22
107.22
107.22
107.22
107.22
107.22
107.22
107.22
107.22
107.22
107.22
107.22
107.22
107.22
107.22
107.22
107.22
107.22
107.22
107.22
107.22
107.22
107.22
107.22
107.22
107.22
107.22
107.22
107.22
107.22
107.22
104.45
104.45
104.45
104.45
104.45
104.45
104.45
104.45
104.45
104.45
104.45
104.45
104.45
104.45
104.45
104.45
104.45
104.45
104.45
104.45
104.45
104.45
104.45
104.45
104.45
104.45
104.45
104.45
104.45
104.45
104.45
104.45
104.45
104.45
104.45
104.45
104.45
104.45
104.45
104.45
104.45
104.45
104.45
104.45
104.45
104.45
104.45
104.45
104.45
104.45
104.45
104.45
104.45
104.45
104.45
104.45
104.45
104.45
104.45
104.45
104.45
104.45
104.45
104.45
104.45
104.45
104.45
104.45
104.45
104.45
104.45
104.45
104.45
104.45
104.45
104.45
104.45
104.45
104.45
104.45
104.45
104.45
104.45
104.45
104.45
