1594.16
1355.41
1198.64
1021.57
650.29
523.99
161.27
123.08
123.08
119.95
119.95
119.95
119.95
119.95
116.06
113.31
113.31
113.31
113.31
95.63
95.63
95.63
95.63
95.63
95.63
95.63
95.63
95.63
95.63
95.63
95.63
95.63
95.63
95.63
95.63
95.63
95.63
95.63
95.63
95.63
95.63
95.63
95.63
95.63
95.63
95.63
95.63
95.63
95.63
95.63
95.63
95.63
95.63
95.63
95.63
95.63
95.63
95.63
95.63
95.63
95.63
107.56
107.56
107.56
107.56
107.56
107.56
107.56
107.56
107.56
107.56
107.56
107.56
107.56
107.56
107.56
107.56
107.56
107.56
107.56
107.56
107.56
107.56
107.56
107.56
107.56
107.56
107.56
107.56
107.56
104.90
104.90
104.90
104.90
104.90
104.90
104.90
104.90
104.90
104.90
104.90
104.90
104.90
104.90
104.90
104.90
104.90
104.90
104.90
104.90
104.90
104.90
104.90
104.90
104.90
104.90
104.90
104.90
104.90
104.90
104.90
104.90
104.90
104.90
104.90
104.90
104.90
104.90
104.90
104.90
104.90
104.90
104.90
104.90
104.90
104.90
104.90
104.90
104.90
104.90
104.90
104.90
104.90
104.90
104.90
104.90
104.90
104.90
104.90
104.90
104.90
104.90
104.90
104.90
104.90
104.90
104.90
104.90
104.90
104.90
104.90
104.90
104.90
104.90
104.90
104.90
104.90
104.90
104.90
104.90
104.90
