0.00
1342.69
1270.02
997.06
769.04
409.51
190.12
129.07
125.97
128.79
128.79
128.79
124.15
124.15
124.15
118.84
118.84
110.14
110.14
110.14
97.55
124.15
110.14
97.55
97.55
97.55
97.55
95.03
95.03
95.03
95.03
95.03
95.03
95.03
95.03
95.03
95.03
95.03
95.03
95.03
95.03
95.03
95.03
95.03
95.03
95.03
95.03
95.03
95.03
95.03
95.03
95.03
95.03
95.03
95.03
95.03
95.03
95.03
95.03
95.03
95.03
95.03
95.03
95.03
95.03
95.03
95.03
95.03
95.03
95.03
95.03
95.03
95.03
95.03
95.03
95.03
95.03
95.03
95.03
95.03
95.03
95.03
95.03
95.03
95.03
95.03
95.03
95.03
95.03
95.03
95.03
95.03
95.03
95.03
95.03
95.03
95.03
95.03
95.03
95.03
95.03
95.03
95.03
95.03
95.03
95.03
95.03
95.03
95.03
95.03
95.03
95.03
95.03
95.03
95.03
95.03
95.03
95.03
95.03
95.03
105.14
105.14
105.14
105.14
105.14
105.14
105.14
105.14
105.14
105.14
105.14
105.14
105.14
105.14
105.14
105.14
105.14
105.14
105.14
105.14
105.14
105.14
105.14
105.14
105.14
105.14
106.61
106.61
106.61
106.61
106.61
106.61
106.61
106.61
106.61
106.61
106.61
106.61
106.61
106.61
106.61
106.61
106.61
106.61
106.61
106.61
106.61
106.61
106.61
