269.27
269.27
223.14
223.14
194.62
194.62
194.62
194.62
194.62
194.62
194.62
194.62
194.62
194.62
194.62
194.62
194.62
194.62
194.62
194.62
194.62
194.62
194.62
194.62
194.62
194.62
194.62
194.62
194.62
194.62
194.62
194.62
194.62
194.62
186.81
186.81
186.81
186.81
186.81
186.81
186.81
186.81
186.81
186.81
186.81
186.81
186.81
186.81
186.81
186.81
174.55
174.55
174.55
174.55
174.55
174.55
174.55
174.55
174.55
174.55
174.55
174.55
174.55
174.55
174.55
174.55
174.55
174.55
174.55
174.55
174.55
174.55
174.55
174.55
174.55
174.55
174.55
174.55
174.55
174.55
174.55
174.55
174.55
174.55
174.55
174.55
174.55
174.55
174.55
174.55
174.55
174.55
174.55
174.55
174.55
174.55
174.55
174.55
174.55
174.55
174.55
174.55
174.55
174.55
174.55
174.55
174.55
151.18
151.18
151.18
151.18
151.18
151.18
151.18
151.18
151.18
151.18
151.18
151.18
151.18
151.18
151.18
151.18
151.18
151.18
151.18
151.18
151.18
151.18
151.18
151.18
151.18
151.18
151.18
151.18
151.18
151.18
151.18
151.18
151.18
151.18
151.18
151.18
151.18
151.18
151.18
151.18
151.18
151.18
151.18
151.18
151.18
151.18
151.18
151.18
151.18
151.18
151.18
151.18
151.18
151.18
151.18
151.18
151.18
151.18
151.18
151.18
151.18
151.18
151.18
151.18
151.18
151.18
151.18
151.18
151.18
151.18
151.18
151.18
151.18
151.18
151.18
151.18
151.18
