0.00
225.75
225.75
225.75
225.75
225.75
225.75
225.75
225.75
225.75
192.53
192.53
192.53
182.96
182.96
182.96
182.96
182.96
182.96
182.96
182.96
182.96
182.96
182.96
182.96
182.96
182.96
182.96
182.96
182.96
182.96
182.96
182.96
182.96
182.96
180.38
180.38
180.38
180.38
180.38
180.38
180.38
180.38
180.38
180.38
180.38
180.38
180.38
180.38
180.38
180.38
180.38
180.38
180.38
180.38
180.38
180.38
180.38
180.38
180.38
180.38
180.38
180.38
180.38
180.38
180.38
180.38
180.38
180.38
180.38
180.38
180.38
180.38
180.38
180.38
180.38
180.38
180.38
180.38
180.38
180.38
180.38
180.38
180.38
180.38
180.38
180.38
180.38
180.38
180.38
180.38
180.38
180.38
180.38
180.38
180.38
180.38
180.38
180.38
180.38
180.38
180.38
180.38
180.38
180.38
180.38
180.38
180.38
180.38
180.38
180.38
180.38
180.38
180.38
180.38
180.38
180.38
180.38
180.38
180.38
180.38
180.38
176.97
176.97
176.97
176.97
176.97
176.97
176.97
176.97
176.97
176.97
176.97
176.97
176.97
176.97
176.97
176.97
176.97
176.97
176.97
176.97
176.97
176.97
176.97
176.97
176.97
176.97
176.97
176.97
176.97
176.97
176.97
176.97
176.97
176.97
176.97
176.97
176.97
176.97
176.97
176.97
176.97
176.97
176.97
176.97
176.97
176.97
176.97
176.97
176.97
176.97
176.97
176.97
176.97
176.97
176.97
176.97
176.97
176.97
176.97
176.97
176.97
