230.45
217.50
217.50
217.50
204.47
204.47
204.47
204.47
204.47
204.47
204.47
204.47
204.47
204.47
204.47
170.38
170.38
170.38
170.38
170.38
170.38
170.38
170.38
170.38
170.38
170.38
170.38
170.38
170.38
170.38
170.38
170.38
170.38
170.38
170.38
170.38
170.38
170.38
170.38
170.38
170.38
170.38
170.38
170.38
170.38
170.38
170.38
170.38
170.38
170.38
170.38
170.38
170.38
170.38
170.38
170.38
170.38
170.38
170.38
170.38
170.38
170.38
170.38
170.38
170.38
170.38
170.38
170.38
170.38
170.38
170.38
170.38
170.38
170.38
170.38
170.38
170.38
170.38
170.38
170.38
170.38
170.38
170.38
170.38
170.38
170.38
170.38
170.38
170.38
170.38
170.38
170.38
170.38
170.38
170.38
170.38
170.38
170.38
170.38
170.38
170.38
170.38
170.38
170.38
170.38
170.38
170.38
170.38
167.45
167.45
167.45
167.45
167.45
167.45
167.45
167.45
167.45
167.45
167.45
167.45
167.45
167.45
167.45
167.45
167.45
167.45
167.45
167.45
167.45
167.45
167.45
167.45
167.45
167.45
167.45
167.45
167.45
167.45
167.45
167.45
167.45
167.45
167.45
167.45
167.45
167.45
167.45
167.45
167.45
167.45
167.45
167.45
167.45
167.45
167.45
167.45
159.30
159.30
159.30
159.30
159.30
159.30
159.30
159.30
159.30
159.30
159.30
159.30
159.30
159.30
159.30
159.30
159.30
159.30
159.30
159.30
159.30
159.30
159.30
159.30
159.30
159.30
159.30
