290.33
196.98
196.98
196.98
196.98
196.98
196.98
196.98
196.98
196.98
196.98
196.98
196.98
196.98
196.98
196.98
196.98
196.98
196.98
196.98
196.98
196.98
196.98
196.98
196.98
196.98
196.98
196.98
196.98
196.98
196.98
196.98
196.98
196.98
196.98
196.98
196.98
196.98
196.98
196.98
196.98
196.98
196.98
196.98
196.98
189.74
189.74
189.74
189.74
189.74
189.74
189.74
189.74
189.74
189.74
189.74
189.74
189.74
189.74
177.95
177.95
177.95
177.95
177.95
177.95
177.95
177.95
177.95
177.95
177.95
177.95
177.95
177.95
177.95
177.95
177.95
177.95
177.95
177.95
177.95
163.35
163.35
163.35
163.35
163.35
163.35
163.35
163.35
163.35
163.35
163.35
163.35
163.35
163.35
163.35
163.35
163.35
163.35
163.35
163.35
163.35
163.35
163.35
163.35
163.35
163.35
163.35
163.35
163.35
163.35
163.35
163.35
163.35
163.35
163.35
163.35
163.35
163.35
163.35
163.35
163.35
163.35
163.35
163.35
163.35
163.35
163.35
163.35
163.35
163.35
163.35
163.35
163.35
163.35
163.35
163.35
163.35
163.35
163.35
163.35
163.35
163.35
163.35
163.35
163.35
163.35
163.35
163.35
163.35
163.35
163.35
163.35
163.35
163.35
163.35
163.35
163.35
163.35
163.35
163.35
163.35
163.35
163.35
163.35
163.35
163.35
163.35
163.35
163.35
163.35
163.35
163.35
163.35
163.35
163.35
163.35
163.35
163.35
163.35
163.35
163.35
163.35
163.35
163.35
