254.16
254.16
254.16
254.16
203.81
203.81
203.81
203.81
203.81
203.81
168.81
168.81
168.81
168.81
168.81
168.81
168.81
168.81
168.81
168.81
168.81
168.81
168.81
168.81
168.81
168.81
168.81
168.81
168.81
168.81
168.81
168.81
168.81
168.81
168.81
168.81
168.81
168.81
168.81
168.81
168.81
168.81
168.81
168.81
168.81
168.81
168.81
168.81
168.81
168.81
168.81
168.81
168.81
168.81
168.81
168.81
168.81
168.81
168.81
168.81
168.81
168.81
168.81
168.81
168.81
168.81
168.81
168.81
168.81
168.81
168.81
168.81
168.81
168.81
168.81
168.81
168.81
168.81
168.81
168.81
168.81
168.81
168.81
168.81
168.81
168.81
168.81
168.81
168.81
168.81
168.81
168.81
168.81
168.81
168.81
168.81
168.81
168.81
168.81
168.81
168.81
168.81
168.81
168.81
168.81
168.81
168.81
168.81
168.81
168.81
168.81
168.81
168.81
168.81
168.81
168.81
168.81
168.81
168.81
168.81
168.81
168.81
168.81
168.81
168.81
168.81
168.81
168.81
168.81
168.81
168.81
168.81
168.81
168.81
168.81
168.81
168.81
168.81
168.81
168.81
168.81
168.81
168.81
168.81
168.81
168.81
168.81
168.81
168.81
168.81
168.81
168.81
168.81
168.81
168.81
168.81
168.81
168.81
168.81
168.81
168.81
168.81
168.81
168.81
168.81
168.81
168.81
168.81
168.81
168.81
168.81
168.81
168.81
168.81
168.81
168.81
168.81
168.81
168.81
168.81
168.81
168.81
168.81
168.81
