0.00
220.50
166.51
166.51
166.51
166.51
166.51
166.51
166.51
166.51
166.51
166.51
166.51
166.51
166.51
166.51
166.51
166.51
166.51
166.51
166.51
166.51
166.51
166.51
166.51
166.51
166.51
166.51
166.51
166.51
166.51
166.51
166.51
166.51
166.51
166.51
166.51
166.51
166.51
166.51
166.51
166.51
166.51
166.51
166.51
166.51
166.51
166.51
166.51
166.51
166.51
166.51
166.51
166.51
166.51
166.51
166.51
166.51
166.51
166.51
166.51
166.51
166.51
166.51
166.51
166.51
166.51
166.51
166.51
166.51
166.51
166.51
166.51
166.51
166.51
166.51
166.51
166.51
166.51
166.51
166.51
166.51
166.51
166.51
166.51
166.51
166.51
166.51
166.51
166.51
166.51
166.51
166.51
166.51
166.51
166.51
166.51
166.51
166.51
166.51
166.51
166.51
166.51
166.51
166.51
166.51
166.51
166.51
166.51
166.51
166.51
166.51
166.51
166.51
166.51
166.51
166.51
166.51
166.51
166.51
166.51
166.51
166.51
166.51
166.51
166.51
166.51
166.51
166.51
166.51
166.51
166.51
166.51
166.51
166.51
155.96
155.96
155.96
155.96
155.96
155.96
155.96
155.96
155.96
155.96
155.96
155.96
155.96
155.96
155.96
155.96
155.96
155.96
155.96
155.96
155.96
155.96
155.96
155.96
155.96
155.96
155.96
155.96
155.96
155.96
155.96
155.96
155.96
155.96
155.96
155.96
155.96
155.96
155.96
155.96
155.96
155.96
155.96
155.96
155.96
155.96
155.96
155.96
