216.30
216.30
216.30
216.30
216.30
209.76
185.32
185.32
185.32
185.32
185.32
185.32
185.32
185.32
185.32
185.32
185.32
185.32
185.32
185.32
185.32
185.32
185.32
185.32
185.32
185.32
185.32
185.32
185.32
185.32
185.32
185.32
185.32
185.32
185.32
180.59
180.59
180.59
180.59
180.59
180.59
180.59
180.59
180.59
180.59
180.59
180.59
180.59
180.59
180.59
180.59
180.59
180.59
180.59
180.59
180.59
180.59
180.59
180.59
180.59
180.59
180.59
180.59
180.59
180.59
180.59
180.59
180.59
180.59
180.59
180.59
180.59
180.59
180.59
180.59
180.59
180.59
171.96
171.96
171.96
171.96
171.96
171.96
171.96
171.96
171.96
171.96
171.96
171.96
171.96
171.96
171.96
171.96
171.96
171.96
171.96
171.96
171.96
171.96
171.96
171.96
171.96
171.96
171.96
171.96
171.96
171.96
171.96
171.96
171.96
171.96
171.96
171.96
171.96
171.96
171.96
171.96
171.96
171.96
171.96
171.96
168.56
168.56
168.56
168.56
168.56
168.56
168.56
168.56
168.56
168.56
168.56
168.56
168.56
168.56
168.56
168.56
168.56
168.56
168.56
168.56
168.56
168.56
168.56
168.56
168.56
168.56
168.56
168.56
168.56
168.56
168.56
168.56
168.56
168.56
168.56
168.56
168.56
168.56
168.56
168.56
168.56
168.56
168.56
168.56
168.56
168.56
168.56
168.56
168.56
168.56
168.56
168.56
168.56
168.56
168.56
168.56
168.56
168.56
168.56
168.56
168.56
168.56
168.56
