0.00
198.90
198.90
198.90
198.90
198.90
198.90
198.90
198.90
198.90
198.90
198.90
198.90
198.90
198.90
198.90
198.90
198.90
198.90
198.90
198.90
198.90
198.90
198.90
198.90
198.90
198.90
198.90
185.46
185.46
185.46
185.46
185.46
185.46
185.46
185.46
185.46
185.46
185.46
185.46
185.46
185.46
185.46
185.46
185.46
185.46
185.46
185.46
185.46
185.46
185.46
185.46
185.46
185.46
185.46
185.46
184.44
184.44
184.44
184.44
184.44
184.44
184.44
184.44
184.44
184.44
184.44
184.44
184.44
184.44
184.44
184.44
184.44
184.44
184.44
184.44
184.44
184.44
184.44
184.44
184.44
184.44
184.44
184.44
184.44
184.44
184.44
184.44
184.44
184.44
184.44
184.44
184.44
184.44
184.44
184.44
184.44
184.44
184.44
184.44
184.44
184.44
184.44
184.44
184.44
184.44
184.44
184.44
184.44
184.44
184.44
184.44
184.44
184.44
184.44
184.44
184.44
184.44
184.44
184.44
184.44
184.44
184.44
184.44
184.44
184.44
184.44
184.44
184.44
184.44
180.52
180.52
180.52
180.52
180.52
180.52
180.52
180.52
180.52
180.52
180.52
180.52
180.52
180.52
180.52
169.01
169.01
169.01
169.01
169.01
169.01
169.01
169.01
169.01
169.01
169.01
169.01
169.01
169.01
169.01
169.01
169.01
169.01
169.01
169.01
169.01
169.01
169.01
169.01
169.01
169.01
169.01
169.01
169.01
169.01
169.01
169.01
169.01
169.01
169.01
169.01
169.01
169.01
169.01
