12.00
0.00
86297.92
3.0000 8.0000 1000.0000 206.6991 229.4771 34.3570 30.0800 0.0000 0.0000 0.0000 276.0605 0.0455 nan
12.00
0.60
121900.73
3.0000 8.0000 1000.0000 201.2297 229.5809 28.5511 29.6883 0.0000 0.0000 0.0000 276.0637 0.0442 34742.6439
31.00
0.00
600293.62
3.0000 8.0000 5000.0000 172.6478 233.4200 10.7482 0.0000 151.1800 233.4200 0.0000 276.0415 0.0859 nan
31.00
0.60
221942.42
3.0000 8.0000 5000.0000 179.6707 233.4200 19.7141 0.0000 131.4700 233.4200 0.0000 276.0415 0.0526 1520770.4313
