
31.00
0.20
3082.53 
1.0000 8.0000 5000.0000 75.5337 35.6814 9.8911 10.9394 62.6800 14.7200 0.0000 32.2357 0.0643 86214.7682
31.00
0.40
2450.77 
1.0000 8.0000 5000.0000 80.2239 44.7215 15.6345 16.5284 60.0900 14.3900 0.0000 37.8872 0.0693 91043.6698
31.00
0.60
1859.52 
1.0000 8.0000 5000.0000 82.0416 44.3368 8.2384 13.3732 72.0500 20.9700 0.0000 45.3215 0.0633 86944.6404
31.00
0.80
1149.63 
1.0000 8.0000 5000.0000 79.3052 43.2937 26.7097 18.6828 0.0000 0.0000 0.0000 61.6775 0.0589 86278.8811




62.00
0.20
3075.31 
1.0000 8.0000 5000.0000 76.9229 48.1927 11.5939 11.4608 58.4700 20.9900 0.0000 41.4928 0.0643 88919.9961
62.00
0.40
2494.13 
1.0000 8.0000 5000.0000 82.4358 46.4762 11.5819 12.5503 66.5500 19.6900 0.0000 40.8043 0.0647 91415.1205
62.00
0.60
1934.34 
1.0000 8.0000 5000.0000 80.1283 47.8092 12.0836 19.0585 62.3500 22.0600 0.0000 47.4538 0.0636 86616.3564
62.00
0.80
1148.80 
1.0000 8.0000 5000.0000 88.8119 51.1254 20.6195 14.2665 58.4500 17.9200 0.0000 42.7628 0.0577 91433.3072








93.00
0.20
2914.06 
1.0000 8.0000 5000.0000 44.9065 23.9524 33.5459 19.8636 0.0000 0.0000 0.0000 184.7271 0.0644 88123.4796
93.00
0.40
2495.56 
1.0000 8.0000 5000.0000 73.6461 38.5365 8.0516 10.0221 63.6500 18.7200 0.0000 32.8245 0.0617 87894.8669
93.00
0.60
1986.51 
1.0000 8.0000 5000.0000 83.3841 51.1512 8.4599 19.0791 63.9100 15.8500 0.0000 50.4389 0.0598 85935.6554
93.00
0.80
1294.64 
1.0000 8.0000 5000.0000 84.7376 39.7828 10.0429 14.4470 68.0500 15.3800 0.0000 37.8035 0.0602 88227.8616






93.00
0.00
3243.30 
1.0000 8.0000 5000.0000 78.8047 35.9171 10.0345 11.3609 69.2600 20.5500 0.0000 29.4385 0.0656 nan
1.0000 8.0000 5000.0000 81.4508 49.1176 11.7938 16.0621 60.7000 21.9200 0.0000 50.5761 0.1116 4118.7660
1.0000 8.0000 1000.0000 84.7376 39.7828 10.0429 14.4470 68.0500 15.3800 0.0000 37.8035 0.0628 88227.8616
18.00
0.60
2622.74
1.0000 8.0000 3000.0000 100.7879 51.6824 20.3054 24.1408 66.8100 19.1100 0.0000 39.3278 0.0777 5856.0393
12.00
0.40
1100.79
1.0000 8.0000 1000.0000 92.4547 48.2021 21.8607 15.7201 0.0000 0.0000 0.0000 44.4617 0.0938 3605.4386 
