0.00
0.00
0.00
48.33
48.33
46.23
46.23
46.23
46.23
42.46
42.46
42.46
42.46
42.46
42.46
42.46
42.46
42.46
42.46
42.46
42.46
42.46
42.46
42.46
42.46
42.46
42.46
42.46
42.46
42.46
42.46
42.46
42.46
42.46
42.46
42.46
42.46
42.46
42.46
42.46
42.46
42.46
76.56
76.56
76.56
76.56
76.56
76.56
76.56
57.35
57.35
57.35
57.35
57.35
57.35
57.35
57.35
57.35
57.35
57.35
57.35
57.35
57.35
57.35
57.35
57.35
57.35
57.35
57.35
57.35
57.35
57.35
57.35
57.35
57.35
57.35
57.35
57.35
57.35
57.35
57.35
57.35
57.35
57.35
57.35
57.35
57.35
57.35
57.35
57.35
57.35
57.35
57.35
57.35
57.35
57.35
57.35
57.35
57.35
57.35
57.35
57.35
57.35
57.35
57.35
57.35
57.35
57.35
57.35
57.35
57.35
31.48
31.48
31.48
31.48
31.48
31.48
31.48
31.48
31.48
31.48
31.48
31.48
