0.00
0.00
63.95
63.95
63.95
63.95
63.95
63.95
70.54
70.54
70.54
70.54
70.54
70.54
70.54
70.54
77.60
77.60
77.60
77.60
77.60
77.60
77.60
77.60
77.60
77.60
77.60
77.60
77.60
77.60
77.60
77.60
77.60
77.60
77.60
77.60
77.60
77.60
77.60
77.60
77.60
77.60
77.60
77.60
66.92
66.92
66.92
66.92
66.92
66.92
66.92
66.92
66.92
66.92
66.92
66.92
66.92
66.92
66.92
66.92
66.92
66.92
66.92
34.94
34.94
34.94
34.94
34.94
34.94
34.94
34.94
34.94
34.94
34.94
34.94
34.94
34.94
34.94
34.94
34.94
34.94
34.94
34.94
34.94
34.94
34.94
34.94
34.94
34.94
34.94
34.94
34.94
34.94
34.94
34.94
34.94
34.94
34.94
34.94
34.94
34.94
34.94
34.94
34.94
34.94
34.94
34.94
34.94
34.94
34.94
34.94
34.94
34.94
34.94
34.94
34.94
34.94
34.94
34.94
34.94
34.94
30.52
30.52
