40.98
60.74
60.74
62.97
27.18
27.18
27.18
27.18
27.18
27.18
27.18
27.18
27.18
27.18
27.18
27.18
27.18
27.18
27.18
27.18
27.18
27.18
27.18
27.18
27.18
27.18
27.18
27.18
27.18
27.18
27.18
27.18
27.18
27.18
27.18
27.18
27.18
27.18
27.18
27.18
27.18
27.18
27.18
27.18
27.18
27.18
27.18
27.18
27.18
27.18
27.18
27.18
27.18
27.18
27.18
27.18
27.18
27.18
27.18
27.18
27.18
27.18
27.18
27.18
27.18
27.18
27.18
27.18
27.18
27.18
27.18
27.18
27.18
27.18
27.18
27.18
75.85
75.85
75.85
75.85
75.85
75.85
75.85
75.85
75.85
75.85
75.85
75.85
75.85
75.85
75.85
75.85
75.85
75.85
75.85
75.85
75.85
75.85
75.85
75.85
75.85
75.85
75.85
75.85
75.85
75.85
75.85
75.85
75.85
75.85
75.85
75.85
75.85
75.85
75.85
75.85
75.85
75.85
75.85
75.85
75.85
75.85
75.85
