44.30
44.30
44.30
44.30
44.30
44.30
54.00
54.00
54.00
54.00
59.56
59.56
67.32
67.32
67.32
67.32
67.32
67.32
67.32
67.32
67.32
67.32
67.32
67.32
67.32
67.32
67.32
67.32
67.32
67.32
67.32
67.32
67.32
67.32
67.32
67.32
67.32
67.32
67.32
67.32
67.32
67.32
67.32
52.57
52.57
52.57
52.57
52.57
52.57
52.57
52.57
52.57
52.57
52.57
52.57
52.57
52.57
52.57
52.57
52.57
52.57
52.57
52.57
52.57
52.57
52.57
52.57
52.57
52.57
52.57
52.57
52.57
52.57
52.57
52.57
52.57
52.57
52.57
52.57
52.57
52.57
52.57
52.57
52.57
52.57
52.57
52.57
52.57
52.57
52.57
52.57
52.57
52.57
52.57
52.57
52.57
52.57
52.57
52.57
52.57
52.57
52.57
52.57
52.57
52.57
52.57
52.57
52.57
52.57
52.57
52.57
52.57
52.57
52.57
52.57
52.57
52.57
52.57
52.57
52.57
52.57
52.57
52.57
