0.00
60.65
53.91
42.70
42.70
42.70
42.70
56.33
56.33
56.33
56.33
56.33
56.33
56.33
56.33
56.33
56.33
56.33
56.33
56.33
56.33
56.33
56.33
56.33
56.33
56.33
46.61
46.61
46.61
46.61
46.61
46.61
46.61
46.61
46.61
46.61
46.61
46.61
46.61
46.61
46.61
46.61
46.61
65.03
65.03
65.03
65.03
65.03
65.03
65.03
65.03
65.03
65.03
65.03
65.03
65.03
65.03
65.03
65.03
65.03
65.03
65.03
65.03
65.03
65.03
65.03
65.03
65.03
65.03
65.03
65.03
65.03
65.03
65.03
65.03
65.03
65.03
65.03
65.03
65.03
65.03
65.03
65.03
65.03
65.03
65.03
65.03
65.03
65.03
65.03
65.03
65.03
65.03
65.03
65.03
65.03
65.03
65.03
65.03
65.03
65.03
65.03
65.03
65.03
65.03
65.03
65.03
65.03
65.03
65.03
65.03
65.03
65.03
65.03
65.03
65.03
65.03
65.03
65.03
65.03
65.03
65.03
65.03
