0.00
0.00
0.00
0.00
0.00
65.17
65.17
57.92
57.92
40.56
26.54
26.54
26.54
26.54
26.54
26.54
26.54
26.54
26.54
26.54
26.54
26.54
26.54
26.54
26.54
26.54
26.54
26.54
26.54
26.54
26.54
26.54
26.54
26.54
26.54
26.54
26.54
26.54
26.54
26.54
26.54
26.54
26.54
26.54
26.54
26.54
26.54
26.54
26.54
26.54
26.54
26.54
26.54
26.54
43.61
43.61
43.61
43.61
43.61
43.61
43.61
43.61
43.61
43.61
43.61
43.61
43.61
43.61
43.61
43.61
43.61
43.61
43.61
43.61
43.61
43.61
43.61
43.61
43.61
43.61
43.61
43.61
43.61
43.61
43.61
43.61
43.61
43.61
43.61
43.61
43.61
43.61
43.61
43.61
43.61
43.61
43.61
43.61
43.61
43.61
43.61
43.61
43.61
43.61
43.61
43.61
43.61
43.61
43.61
43.61
43.61
43.61
43.61
43.61
43.61
43.61
43.61
43.61
43.61
43.61
43.61
43.61
43.61
