-1262237.58 nan -1262237.58
-1243665.83 nan -1243665.83
-1244005.18 nan -1244005.18
-1245926.13 nan -1245926.13
-1221613.30 nan -1221613.30
-1258162.26 nan -1258162.26
-1255007.32 nan -1255007.32
-1279907.49 nan -1279907.49
-1240181.98 nan -1240181.98
-1253697.21 nan -1253697.21
0.00 -1251963.50 -1254202.62
-1268036.62 nan -1268036.62
0.00 -1253506.62 -1252234.86
-1252331.18 nan -1252331.18
-1254689.89 nan -1254689.89
0.00 -1255309.25 -1256433.40
0.00 -1225490.00 -1210217.03
0.00 -1239638.00 -1223742.70
0.00 -1237027.38 -1228251.26
0.00 -1229216.88 -1226341.42
-1257986.63 nan -1257986.63
0.00 -1230561.88 -1227245.79
0.00 -1242569.00 -1255052.91
0.00 -1228896.88 -1228384.91
0.00 -1232290.50 -1235280.83
0.00 -1234379.12 -1226142.80
0.00 -1237564.12 -1228437.12
-1244341.21 nan -1244341.21
0.00 -1231753.75 -1225994.37
0.00 -1235085.50 -1246789.83
-1268136.69 nan -1268136.69
-1204439.99 nan -1204439.99
-1234729.67 nan -1234729.67
0.00 -1231625.00 -1230762.97
0.00 -1244644.50 -1253349.22
0.00 -1243623.88 -1256378.98
-1255054.56 nan -1255054.56
-1237078.36 nan -1237078.36
-1222790.28 nan -1222790.28
0.00 -1253509.00 -1256939.35
-1244354.52 nan -1244354.52
0.00 -1240317.25 -1248233.67
0.00 -1237764.75 -1242684.03
0.00 -1238397.50 -1243424.52
0.00 -1232641.25 -1226077.49
-1277548.43 nan -1277548.43
-1204439.99 nan -1204439.99
-1204439.99 nan -1204439.99
-1276741.50 nan -1276741.50
-1271730.33 nan -1271730.33
-1204439.99 nan -1204439.99
-1228259.40 nan -1228259.40
-1204439.99 nan -1204439.99
0.00 -1245766.25 -1237162.00
0.00 -1248675.75 -1248562.41
-1267689.99 nan -1267689.99
-1204439.99 nan -1204439.99
0.00 -1230049.00 -1227567.82
0.00 -1239417.38 -1248651.84
0.00 -1249401.50 -1261884.60
-1293729.86 nan -1293729.86
0.00 -1234268.25 -1233547.56
-1204439.99 nan -1204439.99
0.00 -1229059.00 -1228657.99
0.00 -1232708.62 -1228504.35
-1204439.99 nan -1204439.99
0.00 -1237098.62 -1235974.53
0.00 -1241944.75 -1238926.15
-1259908.20 nan -1259908.20
-1267516.99 nan -1267516.99
0.00 -1252500.75 -1259887.93
0.00 -1250210.00 -1253216.78
-1244766.87 nan -1244766.87
0.00 -1247994.12 -1251595.81
-1258463.01 nan -1258463.01
0.00 -1249370.12 -1250997.60
0.00 -1251334.75 -1253854.45
0.00 -1237619.00 -1231157.63
-1271514.89 nan -1271514.89
0.00 -1253353.00 -1257267.74
0.00 -1252165.00 -1258714.93
-1204439.99 nan -1204439.99
-1269890.87 nan -1269890.87
0.00 -1230676.00 -1251246.84
-1204439.99 nan -1204439.99
0.00 -1220373.25 -1227963.79
0.00 -1218937.00 -1224725.69
0.00 -1224378.75 -1227422.76
0.00 -1218409.00 -1212691.04
-1204439.99 nan -1204439.99
-1197062.69 nan -1197062.69
0.00 -1214045.00 -1209702.23
-1197062.69 nan -1197062.69
0.00 -1235637.50 -1222426.84
0.00 -1243581.38 -1237078.91
-1197062.69 nan -1197062.69
-1282826.64 nan -1282826.64
-1252635.85 nan -1252635.85
0.00 -1230612.88 -1211470.55
-1197062.69 nan -1197062.69
0.00 -1231515.25 -1209945.91
-1267640.16 nan -1267640.16
0.00 -1245418.88 -1245914.31
-1258545.23 nan -1258545.23
-1275076.47 nan -1275076.47
0.00 -1246056.38 -1255487.02
-1253040.35 nan -1253040.35
-1197062.69 nan -1197062.69
0.00 -1224886.62 -1208602.29
0.00 -1221884.38 -1205957.80
-1269949.78 nan -1269949.78
-1265936.51 nan -1265936.51
0.00 -1252969.25 -1273871.35
-1229870.09 nan -1229870.09
-1197062.69 nan -1197062.69
0.00 -1227468.00 -1229880.67
0.00 -1234739.00 -1239911.73
-1280983.71 nan -1280983.71
-1213464.40 nan -1213464.40
-1260734.29 nan -1260734.29
-1191269.34 nan -1191269.34
0.00 -1246071.25 -1240550.55
-1191269.34 nan -1191269.34
0.00 -1221377.50 -1197174.01
0.00 -1239684.75 -1232022.88
0.00 -1238625.00 -1225926.72
0.00 -1230434.25 -1214597.93
-1191269.34 nan -1191269.34
-1191269.34 nan -1191269.34
-1266197.75 nan -1266197.75
-1191269.34 nan -1191269.34
0.00 -1218693.25 -1197755.00
-1191269.34 nan -1191269.34
0.00 -1214552.00 -1200715.05
0.00 -1210887.62 -1196254.57
-1191269.34 nan -1191269.34
0.00 -1209576.25 -1192435.47
-1258865.24 nan -1258865.24
0.00 -1227585.00 -1222402.42
-1253162.01 nan -1253162.01
-1240304.80 nan -1240304.80
-1263363.24 nan -1263363.24
0.00 -1246246.25 -1257333.87
-1191269.34 nan -1191269.34
0.00 -1221091.75 -1215045.75
-1253510.22 nan -1253510.22
-1191269.34 nan -1191269.34
-1204940.74 nan -1204940.74
0.00 -1202008.00 -1196304.82
0.00 -1194559.75 -1181462.75
0.00 -1201544.00 -1192558.23
-1152135.13 nan -1152135.13
0.00 -1195979.25 -1181472.21
0.00 -1198301.00 -1175224.50
-1271283.43 nan -1271283.43
0.00 -1239275.00 -1232108.07
0.00 -1233326.50 -1222262.92
0.00 -1234604.75 -1223262.29
0.00 -1252839.00 -1255629.89
-1297374.83 nan -1297374.83
0.00 -1262457.00 -1277703.11
0.00 -1255894.25 -1265743.34
-1152135.13 nan -1152135.13
-1223323.92 nan -1223323.92
-1229114.89 nan -1229114.89
0.00 -1237678.75 -1231076.17
-1265872.09 nan -1265872.09
0.00 -1240974.38 -1248744.83
0.00 -1225229.62 -1217783.73
0.00 -1217675.38 -1201601.63
0.00 -1218554.00 -1201156.63
-1152135.13 nan -1152135.13
0.00 -1205173.25 -1178639.85
-1152135.13 nan -1152135.13
0.00 -1194206.25 -1159006.72
-1238838.70 nan -1238838.70
-1251919.31 nan -1251919.31
0.00 -1239657.50 -1250849.29
0.00 -1238784.75 -1248819.72
0.00 -1252963.62 -1263251.62
0.00 -1245065.25 -1260559.36
0.00 -1242703.00 -1248226.72
-1211164.69 nan -1211164.69
