-1109051.72 nan -1109051.72
-1132699.73 nan -1132699.73
-1135131.01 nan -1135131.01
-1123053.36 nan -1123053.36
-1130349.77 nan -1130349.77
-1131906.12 nan -1131906.12
-1104425.11 nan -1104425.11
-1136377.33 nan -1136377.33
-1116612.19 nan -1116612.19
-1136910.49 nan -1136910.49
-1153338.88 nan -1153338.88
0.00 -1135377.25 -1139017.95
0.00 -1135918.25 -1139155.96
0.00 -1137854.88 -1141649.43
0.00 -1132072.25 -1133559.33
0.00 -1141139.75 -1149386.03
0.00 -1138775.75 -1145509.13
-1155857.87 nan -1155857.87
0.00 -1136649.25 -1145382.27
0.00 -1135591.75 -1141890.40
-1130482.63 nan -1130482.63
-1135309.45 nan -1135309.45
0.00 -1132177.75 -1135244.06
-1184209.09 nan -1184209.09
0.00 -1139228.50 -1152920.98
0.00 -1134242.00 -1141147.32
0.00 -1128380.00 -1130623.93
0.00 -1136037.25 -1149912.67
-1125579.77 nan -1125579.77
-1100143.12 nan -1100143.12
-1125280.06 nan -1125280.06
0.00 -1128967.50 -1138244.21
-1122653.14 nan -1122653.14
0.00 -1123016.00 -1126385.72
-1149640.83 nan -1149640.83
0.00 -1127591.50 -1131068.69
-1124577.95 nan -1124577.95
-1131394.65 nan -1131394.65
-1140885.96 nan -1140885.96
0.00 -1125912.62 -1119708.46
-1134023.25 nan -1134023.25
0.00 -1141040.62 -1154489.87
0.00 -1144179.25 -1160739.18
-1158093.31 nan -1158093.31
0.00 -1122853.12 -1120514.65
-1139441.06 nan -1139441.06
0.00 -1125830.50 -1128180.36
0.00 -1132475.75 -1130462.86
0.00 -1137473.38 -1142538.59
-1143252.50 nan -1143252.50
0.00 -1138578.00 -1139250.23
-1155477.38 nan -1155477.38
0.00 -1134631.75 -1132283.15
-1111652.51 nan -1111652.51
-1124140.73 nan -1124140.73
0.00 -1134315.88 -1134016.58
-1141378.71 nan -1141378.71
-1129468.61 nan -1129468.61
-1156690.33 nan -1156690.33
0.00 -1121260.00 -1119680.33
0.00 -1125141.50 -1124738.74
0.00 -1134700.25 -1144157.77
0.00 -1124183.75 -1126379.23
-1138222.97 nan -1138222.97
-1150997.33 nan -1150997.33
0.00 -1137190.25 -1142734.13
0.00 -1133734.88 -1140497.83
0.00 -1133401.00 -1140636.71
-1160203.00 nan -1160203.00
0.00 -1139812.00 -1144176.75
0.00 -1127435.75 -1127203.17
0.00 -1125695.50 -1120978.42
0.00 -1125570.00 -1118889.50
-1134255.70 nan -1134255.70
0.00 -1123811.25 -1117343.36
0.00 -1134035.25 -1133479.46
-1128688.55 nan -1128688.55
0.00 -1130583.50 -1126778.65
0.00 -1132392.12 -1132889.77
-1120438.56 nan -1120438.56
-1136011.13 nan -1136011.13
-1144640.01 nan -1144640.01
-1133752.10 nan -1133752.10
-1142257.10 nan -1142257.10
0.00 -1128303.25 -1145560.64
0.00 -1126678.25 -1143747.07
0.00 -1128043.50 -1145061.19
-1141842.14 nan -1141842.14
0.00 -1119648.62 -1131949.87
-1116130.23 nan -1116130.23
0.00 -1122768.62 -1126821.93
0.00 -1122127.25 -1130385.84
0.00 -1135385.25 -1130648.89
0.00 -1136216.25 -1130559.11
0.00 -1136637.38 -1136328.40
-1117806.61 nan -1117806.61
0.00 -1136680.50 -1138775.95
0.00 -1131795.50 -1123124.01
0.00 -1130109.50 -1124468.88
0.00 -1132018.75 -1131038.64
-1146582.49 nan -1146582.49
0.00 -1135983.50 -1141145.13
0.00 -1134763.25 -1139840.10
0.00 -1132589.00 -1134167.68
-1127210.51 nan -1127210.51
0.00 -1135656.25 -1139331.59
0.00 -1131745.50 -1134845.10
0.00 -1130845.38 -1133000.54
0.00 -1137459.25 -1143275.29
0.00 -1137536.25 -1146700.20
-1116019.73 nan -1116019.73
-1128222.87 nan -1128222.87
0.00 -1118594.25 -1122953.72
0.00 -1120218.25 -1125438.49
-1140351.13 nan -1140351.13
-1138436.75 nan -1138436.75
-1098781.17 nan -1098781.17
0.00 -1124323.00 -1133874.33
-1150548.62 nan -1150548.62
0.00 -1139163.75 -1142463.35
0.00 -1139262.25 -1140548.14
0.00 -1119399.25 -1110829.76
0.00 -1137069.75 -1138033.96
-1141109.34 nan -1141109.34
0.00 -1137322.25 -1140457.20
-1123015.86 nan -1123015.86
-1134929.61 nan -1134929.61
-1139729.75 nan -1139729.75
-1139348.85 nan -1139348.85
-1129692.01 nan -1129692.01
0.00 -1125952.75 -1131742.57
0.00 -1120012.00 -1123918.27
0.00 -1116606.50 -1116772.58
0.00 -1121040.00 -1120460.85
-1106176.94 nan -1106176.94
0.00 -1117189.75 -1115434.78
-1143027.71 nan -1143027.71
0.00 -1120996.62 -1121483.69
0.00 -1127135.62 -1126173.04
-1112910.45 nan -1112910.45
-1141590.27 nan -1141590.27
-1128047.32 nan -1128047.32
-1148690.83 nan -1148690.83
-1118678.15 nan -1118678.15
0.00 -1130274.25 -1134121.77
-1140482.97 nan -1140482.97
0.00 -1125294.62 -1127090.00
-1139972.09 nan -1139972.09
-1131567.61 nan -1131567.61
0.00 -1124390.00 -1136031.81
-1149137.15 nan -1149137.15
-1145193.20 nan -1145193.20
-1144723.53 nan -1144723.53
0.00 -1125538.75 -1140640.42
0.00 -1123660.00 -1134524.67
-1116300.43 nan -1116300.43
-1128922.90 nan -1128922.90
-1130230.02 nan -1130230.02
-1149345.23 nan -1149345.23
0.00 -1132139.62 -1128050.46
-1132763.58 nan -1132763.58
-1067985.87 nan -1067985.87
-1124364.49 nan -1124364.49
0.00 -1130043.25 -1122398.44
-1158904.41 nan -1158904.41
-1115293.23 nan -1115293.23
-1139907.47 nan -1139907.47
-1096927.57 nan -1096927.57
-1112430.25 nan -1112430.25
-1139288.86 nan -1139288.86
0.00 -1137027.00 -1148419.09
0.00 -1127085.75 -1125512.29
0.00 -1133232.75 -1143134.45
0.00 -1135696.12 -1147648.74
0.00 -1135326.38 -1148628.54
0.00 -1135227.50 -1145864.97
0.00 -1129691.25 -1136137.51
0.00 -1122855.00 -1117412.87
0.00 -1127028.00 -1133895.12
0.00 -1125416.75 -1131557.19
-1150071.20 nan -1150071.20
0.00 -1136901.12 -1147990.64
-1153278.53 nan -1153278.53
