-1487906.67 nan -1487906.67
-1514798.67 nan -1514798.67
-1526853.88 nan -1526853.88
-1546038.37 nan -1546038.37
-1530881.69 nan -1530881.69
-1515214.24 nan -1515214.24
-1501969.03 nan -1501969.03
-1482267.11 nan -1482267.11
-1529257.57 nan -1529257.57
-1517472.94 nan -1517472.94
-1516182.20 nan -1516182.20
0.00 -1525740.00 -1530292.31
0.00 -1523873.12 -1524329.87
0.00 -1527483.25 -1529038.89
-1535247.89 nan -1535247.89
-1526213.62 nan -1526213.62
0.00 -1510709.00 -1495515.97
-1545613.31 nan -1545613.31
-1516827.24 nan -1516827.24
0.00 -1519577.25 -1520684.08
0.00 -1513876.00 -1522740.38
-1531094.32 nan -1531094.32
0.00 -1511484.50 -1508714.43
0.00 -1503086.00 -1493517.65
-1558180.13 nan -1558180.13
0.00 -1529877.00 -1554049.48
-1540265.26 nan -1540265.26
-1536962.74 nan -1536962.74
0.00 -1520896.00 -1531520.53
0.00 -1513557.25 -1521507.82
0.00 -1523645.62 -1545338.26
0.00 -1521027.50 -1543132.84
0.00 -1513208.50 -1522046.35
-1546768.20 nan -1546768.20
0.00 -1523481.25 -1533131.79
0.00 -1505862.38 -1513341.87
-1553716.22 nan -1553716.22
-1545318.80 nan -1545318.80
0.00 -1519380.25 -1523703.12
0.00 -1512218.50 -1517219.38
0.00 -1517077.88 -1519334.05
-1564719.58 nan -1564719.58
0.00 -1527408.75 -1547280.81
0.00 -1517938.50 -1530684.05
-1577121.85 nan -1577121.85
-1542902.63 nan -1542902.63
0.00 -1538883.50 -1548703.87
-1545198.49 nan -1545198.49
0.00 -1527457.50 -1529483.66
0.00 -1523642.12 -1512629.88
0.00 -1526264.38 -1524858.19
-1542490.49 nan -1542490.49
0.00 -1514742.88 -1504775.90
0.00 -1519218.75 -1508650.95
0.00 -1521084.50 -1509942.64
-1513572.50 nan -1513572.50
-1543940.33 nan -1543940.33
0.00 -1508720.75 -1509087.93
0.00 -1485764.25 -1463326.98
0.00 -1520890.12 -1531805.56
0.00 -1514852.88 -1514671.50
-1530555.47 nan -1530555.47
-1483650.90 nan -1483650.90
-1552856.63 nan -1552856.63
0.00 -1529359.50 -1538579.23
-1543990.05 nan -1543990.05
-1498097.04 nan -1498097.04
0.00 -1521568.62 -1523460.17
0.00 -1511637.25 -1512250.78
0.00 -1518884.50 -1511278.32
-1490910.61 nan -1490910.61
0.00 -1518356.00 -1513722.49
-1559669.00 nan -1559669.00
-1568736.12 nan -1568736.12
0.00 -1531329.00 -1532898.09
0.00 -1528701.50 -1529199.43
0.00 -1527140.88 -1527288.07
-1495517.33 nan -1495517.33
0.00 -1535777.75 -1543360.42
0.00 -1537234.75 -1548852.48
0.00 -1537971.50 -1547697.56
0.00 -1536785.38 -1547312.58
0.00 -1518417.50 -1547461.35
0.00 -1512423.12 -1531251.70
0.00 -1515024.62 -1534056.28
-1565506.99 nan -1565506.99
-1524476.53 nan -1524476.53
0.00 -1502766.50 -1508580.64
-1494415.90 nan -1494415.90
-1471798.20 nan -1471798.20
0.00 -1515661.25 -1518534.55
-1515672.07 nan -1515672.07
-1507128.72 nan -1507128.72
-1547950.05 nan -1547950.05
-1533467.80 nan -1533467.80
0.00 -1517677.75 -1506191.27
-1529562.36 nan -1529562.36
0.00 -1518150.62 -1509846.24
0.00 -1527156.50 -1522942.76
0.00 -1517882.75 -1503006.42
-1544738.28 nan -1544738.28
-1513558.77 nan -1513558.77
0.00 -1522622.00 -1527102.51
0.00 -1517936.00 -1512871.16
-1524862.62 nan -1524862.62
0.00 -1529162.25 -1538618.47
0.00 -1521340.75 -1525019.17
0.00 -1520654.75 -1519435.73
-1522788.90 nan -1522788.90
0.00 -1523345.00 -1530427.41
0.00 -1518437.75 -1530612.88
0.00 -1509557.25 -1512749.01
0.00 -1514174.38 -1516101.48
-1517327.13 nan -1517327.13
0.00 -1507211.75 -1514015.14
-1534903.41 nan -1534903.41
-1505135.68 nan -1505135.68
0.00 -1503322.75 -1501980.46
-1512394.82 nan -1512394.82
-1505555.75 nan -1505555.75
-1511348.83 nan -1511348.83
0.00 -1516058.00 -1506692.38
0.00 -1520732.75 -1514032.42
-1502925.54 nan -1502925.54
-1537004.26 nan -1537004.26
-1521923.82 nan -1521923.82
-1436650.02 nan -1436650.02
0.00 -1514444.88 -1501830.33
0.00 -1497150.25 -1489864.75
0.00 -1500170.75 -1485530.26
0.00 -1499579.00 -1490255.22
-1521100.59 nan -1521100.59
0.00 -1514006.12 -1516624.18
-1571198.64 nan -1571198.64
-1521281.72 nan -1521281.72
0.00 -1504324.50 -1498889.87
-1540816.94 nan -1540816.94
0.00 -1518074.25 -1516607.26
-1537527.22 nan -1537527.22
0.00 -1511526.12 -1510266.36
0.00 -1520005.62 -1525045.38
-1517682.49 nan -1517682.49
0.00 -1510579.00 -1510929.34
0.00 -1518851.12 -1524167.69
-1534202.80 nan -1534202.80
0.00 -1522363.75 -1527941.56
0.00 -1508829.88 -1529404.86
-1550956.44 nan -1550956.44
-1488480.40 nan -1488480.40
0.00 -1500049.25 -1490068.01
0.00 -1505677.75 -1521828.48
0.00 -1504614.38 -1524222.05
-1573838.04 nan -1573838.04
0.00 -1525749.50 -1557813.82
-1547952.51 nan -1547952.51
0.00 -1544267.00 -1551057.06
0.00 -1529028.50 -1530040.38
0.00 -1538733.75 -1550235.56
0.00 -1539192.75 -1548848.76
0.00 -1529751.50 -1533246.01
-1558829.98 nan -1558829.98
0.00 -1532764.75 -1539456.14
0.00 -1532919.50 -1537822.42
-1547721.42 nan -1547721.42
-1509536.33 nan -1509536.33
0.00 -1520823.00 -1523386.27
-1519907.98 nan -1519907.98
-1539732.57 nan -1539732.57
-1577764.26 nan -1577764.26
-1535308.15 nan -1535308.15
0.00 -1521769.75 -1530264.78
-1524551.65 nan -1524551.65
-1535381.13 nan -1535381.13
-1505120.63 nan -1505120.63
0.00 -1517751.00 -1523123.08
0.00 -1521340.25 -1529236.24
0.00 -1522283.75 -1529032.02
-1516759.64 nan -1516759.64
0.00 -1523472.50 -1529806.55
0.00 -1516036.00 -1524831.51
-1525495.98 nan -1525495.98
-1564047.73 nan -1564047.73
-1509560.09 nan -1509560.09
