-2009618.49 nan -2009618.49
-2044174.36 nan -2044174.36
-2074443.66 nan -2074443.66
-2074193.54 nan -2074193.54
-2035859.75 nan -2035859.75
-2031656.30 nan -2031656.30
-2036974.17 nan -2036974.17
-2068382.55 nan -2068382.55
-2004383.05 nan -2004383.05
-1980746.75 nan -1980746.75
-2123262.14 nan -2123262.14
-2050839.23 nan -2050839.23
0.00 -2053888.75 -2048119.41
-2069739.99 nan -2069739.99
0.00 -2055165.75 -2051386.85
0.00 -2056992.75 -2051612.38
0.00 -2055176.25 -2049444.39
0.00 -2050917.00 -2040335.71
0.00 -2046794.75 -2037299.48
0.00 -2048021.75 -2059996.70
-2066717.37 nan -2066717.37
0.00 -2051595.00 -2069418.39
-2105100.10 nan -2105100.10
0.00 -2063647.25 -2073573.79
0.00 -2062372.00 -2075651.57
0.00 -2042657.25 -2037769.42
-2097014.78 nan -2097014.78
-2086733.09 nan -2086733.09
0.00 -2041845.12 -2050293.56
-2091764.47 nan -2091764.47
0.00 -2031651.50 -2029216.25
-2090867.98 nan -2090867.98
0.00 -2055528.62 -2068044.26
-2056463.61 nan -2056463.61
-2071870.76 nan -2071870.76
-2099195.74 nan -2099195.74
0.00 -2054043.75 -2069190.39
-2083899.41 nan -2083899.41
-2006667.16 nan -2006667.16
-2045713.28 nan -2045713.28
0.00 -2049075.88 -2058791.06
0.00 -2060515.12 -2069803.44
0.00 -2050964.88 -2043676.23
0.00 -2048527.25 -2059166.65
0.00 -2055879.50 -2063695.16
0.00 -2058700.50 -2065204.67
0.00 -2063175.75 -2064806.94
-2008305.94 nan -2008305.94
-2103702.53 nan -2103702.53
0.00 -2069390.75 -2072511.03
0.00 -2051721.00 -2043923.72
0.00 -2061372.25 -2060621.87
0.00 -2060768.25 -2056593.13
0.00 -2063279.25 -2068241.93
-2057118.81 nan -2057118.81
0.00 -2055517.62 -2062850.22
0.00 -2059470.88 -2073919.79
0.00 -2070815.25 -2091176.01
0.00 -2063325.00 -2083420.36
-2037448.63 nan -2037448.63
-2077974.80 nan -2077974.80
0.00 -2052848.50 -2064714.94
0.00 -2058159.00 -2071545.69
-2068175.92 nan -2068175.92
-2055321.10 nan -2055321.10
0.00 -2059788.75 -2063342.90
0.00 -2063211.38 -2066332.72
0.00 -2060208.75 -2063623.35
-1980746.75 nan -1980746.75
-2096524.48 nan -2096524.48
0.00 -2057907.00 -2059030.97
-2026629.83 nan -2026629.83
-2025551.73 nan -2025551.73
0.00 -2045882.25 -2031176.92
0.00 -2064823.25 -2065072.40
0.00 -2056453.75 -2050557.89
-2024515.96 nan -2024515.96
0.00 -2058869.75 -2057643.11
0.00 -2040717.00 -2022763.38
0.00 -2055781.75 -2055469.58
0.00 -2045991.00 -2033925.64
0.00 -2044929.50 -2026744.33
0.00 -2034420.75 -2040109.69
0.00 -2034283.38 -2051949.73
-2053217.50 nan -2053217.50
0.00 -2050976.50 -2066377.44
0.00 -2053631.75 -2079037.39
0.00 -2049884.12 -2071213.76
-2062611.21 nan -2062611.21
-2076894.88 nan -2076894.88
-2024020.54 nan -2024020.54
0.00 -2053734.88 -2044004.01
0.00 -2059212.00 -2049169.54
0.00 -2062620.88 -2055568.47
0.00 -2062588.50 -2063338.34
0.00 -2069886.38 -2073977.99
-2090500.22 nan -2090500.22
-2100220.32 nan -2100220.32
-2059698.48 nan -2059698.48
-2045917.02 nan -2045917.02
-2103422.43 nan -2103422.43
-2028167.17 nan -2028167.17
0.00 -2070195.00 -2090915.18
0.00 -2051698.88 -2051483.01
-2056011.41 nan -2056011.41
0.00 -2053272.00 -2054433.42
-2014305.96 nan -2014305.96
0.00 -2041960.50 -2034871.96
-2073885.91 nan -2073885.91
0.00 -2051218.75 -2059565.86
0.00 -2041759.25 -2055822.62
0.00 -2057861.50 -2076933.60
-2067636.78 nan -2067636.78
-2029061.77 nan -2029061.77
0.00 -2045770.50 -2050754.88
0.00 -2036493.25 -2037609.04
-2050136.10 nan -2050136.10
-2018459.69 nan -2018459.69
-2067923.56 nan -2067923.56
0.00 -2048150.25 -2043740.86
-2033712.69 nan -2033712.69
-2049720.44 nan -2049720.44
-2079822.59 nan -2079822.59
0.00 -2056965.38 -2053933.06
-2066200.30 nan -2066200.30
0.00 -2061407.00 -2060953.87
-2026051.16 nan -2026051.16
-2078200.75 nan -2078200.75
0.00 -2047361.25 -2055754.57
0.00 -2027437.12 -2016792.23
-2043988.96 nan -2043988.96
-2071544.78 nan -2071544.78
-2056787.27 nan -2056787.27
0.00 -2048372.50 -2063183.60
0.00 -2035002.75 -2035984.87
-2027790.34 nan -2027790.34
0.00 -2052968.50 -2065511.92
-2036399.44 nan -2036399.44
-2048342.63 nan -2048342.63
0.00 -2042922.75 -2042479.95
-2084347.19 nan -2084347.19
0.00 -2078490.62 -2113361.73
0.00 -2063900.75 -2082136.26
0.00 -2058060.75 -2073571.55
-2043096.64 nan -2043096.64
0.00 -2060384.25 -2065473.82
0.00 -2035146.38 -2061180.25
0.00 -2034762.25 -2052759.35
0.00 -2032896.50 -2060029.95
0.00 -2024453.25 -2032087.68
-2055554.52 nan -2055554.52
-2060288.29 nan -2060288.29
-2057078.82 nan -2057078.82
-2044698.93 nan -2044698.93
0.00 -2029833.25 -2048454.11
0.00 -2060229.75 -2059364.03
0.00 -2065610.50 -2064686.17
-2074298.02 nan -2074298.02
-2020770.28 nan -2020770.28
-2013990.32 nan -2013990.32
0.00 -2032283.75 -1999287.66
0.00 -2063922.50 -2063229.11
0.00 -2055851.25 -2052381.05
-2007893.80 nan -2007893.80
-2066575.52 nan -2066575.52
0.00 -2044529.50 -2046714.73
0.00 -2024944.25 -2013781.57
0.00 -2026723.88 -2019814.80
0.00 -2036838.12 -2040338.26
0.00 -2039465.50 -2042513.10
0.00 -2047173.00 -2051270.59
-1984834.40 nan -1984834.40
0.00 -2034696.50 -2030412.59
-2105790.15 nan -2105790.15
0.00 -2063369.50 -2094074.34
-2057055.30 nan -2057055.30
0.00 -2036212.62 -2041206.22
0.00 -2035525.62 -2044193.44
0.00 -2035357.25 -2039631.35
0.00 -2043738.25 -2038791.33
0.00 -2037581.75 -2040190.84
-2083228.03 nan -2083228.03
