-1672069.60 nan -1672069.60
-1683500.03 nan -1683500.03
-1715080.87 nan -1715080.87
-1701991.64 nan -1701991.64
-1702461.31 nan -1702461.31
-1741514.07 nan -1741514.07
-1680282.98 nan -1680282.98
-1690453.62 nan -1690453.62
-1634940.45 nan -1634940.45
-1684135.57 nan -1684135.57
0.00 -1673712.50 -1668377.86
0.00 -1669269.75 -1660874.13
0.00 -1668179.50 -1658372.89
-1607087.96 nan -1607087.96
0.00 -1675211.25 -1660456.16
-1705165.44 nan -1705165.44
0.00 -1675488.25 -1669536.21
-1675045.43 nan -1675045.43
-1674756.98 nan -1674756.98
-1755594.34 nan -1755594.34
0.00 -1693659.62 -1717429.14
-1694349.88 nan -1694349.88
0.00 -1680127.88 -1690450.45
-1706522.98 nan -1706522.98
0.00 -1654893.75 -1644316.45
0.00 -1669079.12 -1667082.49
-1700204.58 nan -1700204.58
-1658905.39 nan -1658905.39
-1744601.05 nan -1744601.05
0.00 -1693712.00 -1712892.79
0.00 -1663633.25 -1658353.11
0.00 -1677950.75 -1687765.11
-1665198.88 nan -1665198.88
0.00 -1669413.25 -1674367.11
-1647894.54 nan -1647894.54
-1680610.09 nan -1680610.09
0.00 -1683800.50 -1699217.07
-1571764.14 nan -1571764.14
-1726064.33 nan -1726064.33
-1686112.61 nan -1686112.61
0.00 -1684315.62 -1693321.40
0.00 -1678886.75 -1686329.02
0.00 -1674758.50 -1677694.65
0.00 -1681008.88 -1683884.90
0.00 -1676903.25 -1691693.66
0.00 -1672225.75 -1668602.15
-1719959.24 nan -1719959.24
0.00 -1693705.62 -1699891.22
-1666117.76 nan -1666117.76
0.00 -1679888.25 -1675124.28
-1661684.53 nan -1661684.53
0.00 -1674804.00 -1664942.16
0.00 -1686169.75 -1686919.75
-1691507.44 nan -1691507.44
-1692798.14 nan -1692798.14
0.00 -1679804.62 -1676390.29
-1660226.99 nan -1660226.99
0.00 -1664163.88 -1664332.81
0.00 -1674215.50 -1673468.91
-1707504.11 nan -1707504.11
0.00 -1684433.75 -1694326.29
0.00 -1675697.00 -1686897.98
0.00 -1682725.50 -1696280.08
0.00 -1661691.75 -1657841.08
0.00 -1671954.00 -1675834.59
-1709054.22 nan -1709054.22
-1676393.19 nan -1676393.19
0.00 -1676590.25 -1676718.35
-1708508.34 nan -1708508.34
0.00 -1671095.62 -1665375.98
0.00 -1681048.50 -1682016.74
0.00 -1682424.62 -1687140.29
0.00 -1682336.75 -1690321.43
-1695315.04 nan -1695315.04
0.00 -1687309.38 -1693527.22
0.00 -1678408.50 -1673067.81
0.00 -1680457.50 -1673189.53
0.00 -1682962.50 -1681068.90
0.00 -1684146.88 -1681370.14
-1765015.18 nan -1765015.18
0.00 -1685186.00 -1688747.70
0.00 -1691806.25 -1697339.04
0.00 -1685865.25 -1687529.09
0.00 -1684186.50 -1684259.11
0.00 -1666065.88 -1688710.27
-1614809.51 nan -1614809.51
-1629514.02 nan -1629514.02
0.00 -1654794.50 -1653376.19
0.00 -1655994.50 -1665900.80
-1647742.82 nan -1647742.82
0.00 -1654905.25 -1657001.75
-1706158.58 nan -1706158.58
0.00 -1664681.62 -1671996.52
-1719612.67 nan -1719612.67
0.00 -1696689.50 -1699210.99
0.00 -1684818.12 -1674942.01
0.00 -1691531.00 -1691800.72
0.00 -1695527.25 -1704525.74
-1671695.69 nan -1671695.69
-1671238.31 nan -1671238.31
-1728271.74 nan -1728271.74
-1712842.30 nan -1712842.30
0.00 -1686348.75 -1692691.12
0.00 -1688293.12 -1696301.01
0.00 -1669200.88 -1662336.27
0.00 -1676619.75 -1670001.28
-1679766.43 nan -1679766.43
-1688252.20 nan -1688252.20
0.00 -1685853.00 -1692760.27
0.00 -1684765.62 -1691808.12
0.00 -1685887.00 -1691490.73
0.00 -1680842.25 -1691613.56
0.00 -1677945.00 -1687161.07
-1725575.58 nan -1725575.58
0.00 -1653159.00 -1644942.38
-1654320.00 nan -1654320.00
0.00 -1650334.25 -1638755.16
-1662259.13 nan -1662259.13
0.00 -1658381.25 -1653127.69
0.00 -1653196.50 -1650083.88
-1731172.87 nan -1731172.87
0.00 -1696535.75 -1712375.05
-1652377.39 nan -1652377.39
-1635769.96 nan -1635769.96
-1657231.67 nan -1657231.67
0.00 -1675730.25 -1667009.19
0.00 -1682660.75 -1680805.46
0.00 -1659354.00 -1640290.87
-1659753.58 nan -1659753.58
0.00 -1655265.50 -1642938.80
-1670947.09 nan -1670947.09
0.00 -1673487.00 -1686321.53
0.00 -1676720.50 -1685831.75
0.00 -1678080.00 -1686636.45
0.00 -1676871.12 -1686655.05
-1707107.21 nan -1707107.21
0.00 -1670771.00 -1676815.32
0.00 -1667217.25 -1666718.02
-1676968.44 nan -1676968.44
-1667481.78 nan -1667481.78
0.00 -1662526.00 -1651763.68
0.00 -1664449.62 -1655811.61
0.00 -1661892.50 -1650191.38
-1679021.36 nan -1679021.36
-1666327.61 nan -1666327.61
0.00 -1673498.50 -1673899.85
-1686576.04 nan -1686576.04
-1722526.23 nan -1722526.23
0.00 -1672768.88 -1702752.60
-1645572.42 nan -1645572.42
0.00 -1670847.12 -1693087.48
-1721457.24 nan -1721457.24
0.00 -1657488.00 -1672956.25
-1682399.03 nan -1682399.03
0.00 -1657653.50 -1666769.05
0.00 -1660131.25 -1665479.77
0.00 -1653524.00 -1666854.89
-1693079.30 nan -1693079.30
0.00 -1690972.50 -1692502.04
0.00 -1699204.75 -1701587.22
0.00 -1690517.00 -1691739.53
0.00 -1690569.25 -1693952.17
-1678146.19 nan -1678146.19
0.00 -1688414.50 -1682910.04
0.00 -1686862.75 -1685326.57
0.00 -1686279.50 -1686132.08
-1677473.46 nan -1677473.46
0.00 -1677552.00 -1677114.54
0.00 -1679170.50 -1684285.16
0.00 -1662869.88 -1651997.19
0.00 -1682198.38 -1694350.77
-1739227.15 nan -1739227.15
0.00 -1693520.25 -1709629.78
0.00 -1694989.00 -1711177.48
0.00 -1691707.25 -1711693.37
0.00 -1686961.12 -1700894.30
0.00 -1683731.00 -1695540.14
-1707388.70 nan -1707388.70
-1701671.78 nan -1701671.78
0.00 -1658289.75 -1646947.82
0.00 -1669253.25 -1661863.04
-1708223.25 nan -1708223.25
0.00 -1687242.25 -1702456.04
-1658358.69 nan -1658358.69
