-1406538.51 nan -1406538.51
-1347635.97 nan -1347635.97
-1390577.55 nan -1390577.55
-1394943.37 nan -1394943.37
-1351593.18 nan -1351593.18
-1377169.18 nan -1377169.18
-1397927.74 nan -1397927.74
-1365497.50 nan -1365497.50
-1384569.09 nan -1384569.09
-1393635.20 nan -1393635.20
-1367919.37 nan -1367919.37
0.00 -1377303.88 -1377053.06
0.00 -1374959.38 -1373153.94
0.00 -1380994.00 -1385148.32
0.00 -1381182.75 -1384510.93
-1389888.58 nan -1389888.58
-1385395.97 nan -1385395.97
-1395302.46 nan -1395302.46
0.00 -1384720.25 -1387906.37
-1401244.00 nan -1401244.00
0.00 -1380170.75 -1395170.98
-1373271.00 nan -1373271.00
0.00 -1367822.50 -1368388.99
0.00 -1375928.25 -1383202.92
0.00 -1379981.00 -1385980.09
0.00 -1374894.88 -1381582.67
0.00 -1375275.25 -1381686.01
0.00 -1374826.75 -1381713.33
-1378223.78 nan -1378223.78
0.00 -1371661.25 -1379643.48
0.00 -1375105.75 -1380000.58
0.00 -1369483.25 -1371466.57
0.00 -1367636.00 -1370104.56
0.00 -1368699.25 -1375986.46
-1348890.65 nan -1348890.65
0.00 -1370542.00 -1380793.09
-1388067.66 nan -1388067.66
-1387168.97 nan -1387168.97
-1385342.10 nan -1385342.10
0.00 -1380256.25 -1390099.00
0.00 -1376827.00 -1381146.72
-1352677.42 nan -1352677.42
-1375598.83 nan -1375598.83
0.00 -1374017.50 -1376380.74
0.00 -1367914.62 -1359513.62
0.00 -1371748.00 -1371900.31
-1393857.76 nan -1393857.76
-1402291.58 nan -1402291.58
-1399317.85 nan -1399317.85
0.00 -1383310.50 -1381704.28
0.00 -1389129.50 -1396121.76
0.00 -1390277.38 -1398341.88
0.00 -1382846.50 -1382033.79
0.00 -1383504.88 -1384172.56
-1369321.48 nan -1369321.48
-1396700.34 nan -1396700.34
0.00 -1378373.38 -1387551.78
0.00 -1373791.25 -1381665.76
-1366527.31 nan -1366527.31
0.00 -1372741.75 -1373131.07
-1379082.92 nan -1379082.92
0.00 -1373192.75 -1374446.03
0.00 -1358757.50 -1361815.27
0.00 -1355625.00 -1355365.82
-1395888.63 nan -1395888.63
-1404667.19 nan -1404667.19
0.00 -1376250.50 -1381752.96
-1357474.06 nan -1357474.06
0.00 -1379636.75 -1389056.27
0.00 -1380188.00 -1393628.28
0.00 -1383632.00 -1393768.95
0.00 -1388077.38 -1405661.02
-1420349.31 nan -1420349.31
-1368759.08 nan -1368759.08
-1374937.54 nan -1374937.54
-1358965.88 nan -1358965.88
0.00 -1377930.38 -1378796.63
0.00 -1378035.75 -1374253.92
-1358252.81 nan -1358252.81
0.00 -1373359.25 -1368975.41
0.00 -1384666.00 -1389049.01
0.00 -1387719.50 -1399297.66
0.00 -1391897.25 -1400426.28
0.00 -1369921.25 -1399586.89
-1381558.76 nan -1381558.76
0.00 -1364514.50 -1392401.78
-1368349.18 nan -1368349.18
0.00 -1364530.50 -1376363.94
-1336828.18 nan -1336828.18
0.00 -1355193.75 -1358804.99
0.00 -1352395.75 -1353354.37
-1361976.16 nan -1361976.16
0.00 -1376770.38 -1370576.44
0.00 -1395689.12 -1408961.55
0.00 -1391374.00 -1402114.47
-1373002.92 nan -1373002.92
-1423878.56 nan -1423878.56
0.00 -1390653.75 -1400374.19
-1409134.67 nan -1409134.67
0.00 -1382611.12 -1386609.69
-1387629.54 nan -1387629.54
0.00 -1381289.62 -1385267.45
0.00 -1375677.88 -1384746.22
-1385952.91 nan -1385952.91
0.00 -1368699.62 -1367549.50
0.00 -1378377.50 -1388296.50
0.00 -1384605.25 -1393613.45
0.00 -1378709.50 -1385404.84
-1389399.08 nan -1389399.08
0.00 -1379646.75 -1392027.83
-1406048.52 nan -1406048.52
0.00 -1363909.75 -1371957.74
-1376109.77 nan -1376109.77
-1386755.36 nan -1386755.36
0.00 -1358068.50 -1365670.71
0.00 -1365876.25 -1369306.43
0.00 -1368217.88 -1389865.58
-1400803.99 nan -1400803.99
-1384581.94 nan -1384581.94
-1382658.89 nan -1382658.89
-1382934.92 nan -1382934.92
0.00 -1383419.25 -1382057.37
-1398464.68 nan -1398464.68
0.00 -1360157.25 -1343807.82
0.00 -1379310.75 -1378006.19
-1367142.75 nan -1367142.75
0.00 -1360647.75 -1343741.34
-1396176.70 nan -1396176.70
0.00 -1366984.75 -1374701.43
0.00 -1371123.75 -1389327.90
0.00 -1360404.50 -1355054.73
0.00 -1363508.62 -1369445.36
0.00 -1370818.62 -1381734.83
0.00 -1355299.38 -1353249.96
-1345045.75 nan -1345045.75
-1372497.64 nan -1372497.64
0.00 -1360317.00 -1369637.44
0.00 -1371577.75 -1380527.84
-1384049.17 nan -1384049.17
0.00 -1375646.38 -1392180.34
0.00 -1370648.50 -1376277.23
-1381848.04 nan -1381848.04
0.00 -1368440.00 -1376257.20
-1335920.25 nan -1335920.25
-1406447.64 nan -1406447.64
-1377022.49 nan -1377022.49
-1409670.52 nan -1409670.52
-1399839.56 nan -1399839.56
-1405530.92 nan -1405530.92
-1365651.56 nan -1365651.56
-1342599.71 nan -1342599.71
-1385739.28 nan -1385739.28
-1365298.35 nan -1365298.35
0.00 -1355373.00 -1361689.11
-1417176.17 nan -1417176.17
-1386418.65 nan -1386418.65
0.00 -1365922.00 -1395696.84
-1404491.88 nan -1404491.88
-1344517.89 nan -1344517.89
-1405028.57 nan -1405028.57
0.00 -1384579.12 -1389490.62
-1412371.78 nan -1412371.78
0.00 -1392125.75 -1400001.83
0.00 -1394328.75 -1399979.98
0.00 -1391165.25 -1399591.81
-1356426.21 nan -1356426.21
-1358996.83 nan -1358996.83
0.00 -1358446.62 -1352464.90
0.00 -1373411.25 -1383969.65
0.00 -1375374.50 -1381327.67
-1384076.42 nan -1384076.42
0.00 -1366705.25 -1368564.70
0.00 -1376645.62 -1381858.63
-1368662.10 nan -1368662.10
0.00 -1370346.25 -1372757.35
-1419623.86 nan -1419623.86
0.00 -1373180.50 -1383319.06
0.00 -1362785.88 -1355965.19
0.00 -1356502.38 -1353445.77
-1388463.97 nan -1388463.97
0.00 -1373051.00 -1384763.45
-1411136.95 nan -1411136.95
0.00 -1366144.25 -1369502.41
-1402838.04 nan -1402838.04
-1397131.26 nan -1397131.26
