-1034900.58 nan -1034900.58
-1021671.25 nan -1021671.25
-1010304.12 nan -1010304.12
-1030494.64 nan -1030494.64
-1004096.97 nan -1004096.97
-1050338.12 nan -1050338.12
-1043893.23 nan -1043893.23
-1015860.48 nan -1015860.48
-1044510.46 nan -1044510.46
-1027263.15 nan -1027263.15
-1025742.20 nan -1025742.20
-1041372.73 nan -1041372.73
-1002635.69 nan -1002635.69
0.00 -1023330.38 -1025220.82
-1030151.48 nan -1030151.48
-1007841.61 nan -1007841.61
0.00 -1027516.75 -1029481.29
0.00 -1030606.50 -1034333.68
0.00 -1028694.12 -1035951.14
0.00 -1027504.00 -1036216.55
0.00 -1018987.25 -1014462.92
0.00 -1023139.62 -1027241.70
-1018318.40 nan -1018318.40
0.00 -1023579.62 -1030154.93
0.00 -1024679.81 -1032614.97
0.00 -1019797.31 -1017985.12
-999334.83 nan -999334.83
0.00 -1016648.75 -1009525.59
0.00 -1013268.88 -1006867.82
0.00 -1012707.31 -1010731.76
0.00 -1012062.25 -1008885.43
-1030535.79 nan -1030535.79
0.00 -1017490.62 -1018572.31
0.00 -1019280.00 -1019548.36
-1055650.27 nan -1055650.27
-1032558.59 nan -1032558.59
-1037230.83 nan -1037230.83
0.00 -1026865.38 -1035393.56
0.00 -1027475.12 -1030864.82
0.00 -1027807.19 -1035846.14
0.00 -1019823.50 -1023076.32
0.00 -1021634.12 -1026877.50
0.00 -1019303.88 -1019340.36
0.00 -1006731.88 -996766.76
0.00 -1014762.62 -1008431.35
-1029083.48 nan -1029083.48
0.00 -1017024.19 -1003689.49
-1011251.44 nan -1011251.44
-1028795.62 nan -1028795.62
-1046982.09 nan -1046982.09
-1054713.96 nan -1054713.96
-1011831.56 nan -1011831.56
0.00 -1029771.12 -1032526.13
0.00 -1035326.88 -1042253.42
0.00 -1032474.06 -1039593.12
0.00 -1031262.75 -1040316.68
0.00 -1032222.94 -1044119.64
0.00 -1027210.50 -1040273.80
0.00 -1020332.19 -1026864.63
0.00 -1023537.25 -1029953.77
0.00 -1015642.50 -1014359.17
0.00 -1019437.88 -1017634.24
-1019588.35 nan -1019588.35
-1042561.02 nan -1042561.02
0.00 -1027072.94 -1032149.88
0.00 -1025582.25 -1035659.27
0.00 -1029172.75 -1033490.18
0.00 -1021023.06 -1021335.90
-983142.04 nan -983142.04
0.00 -1026063.94 -1030506.39
0.00 -1025506.88 -1032216.30
-1043229.50 nan -1043229.50
-1029327.12 nan -1029327.12
0.00 -1031154.56 -1034472.49
0.00 -1031393.25 -1033745.25
0.00 -1036446.88 -1041944.17
0.00 -1035044.81 -1043893.62
0.00 -1034548.31 -1041562.75
0.00 -1034342.12 -1041187.37
-1026526.45 nan -1026526.45
0.00 -1030212.00 -1035776.67
-1042990.34 nan -1042990.34
0.00 -1021514.12 -1040850.84
-1028504.81 nan -1028504.81
0.00 -1016012.38 -1029262.09
-1024102.66 nan -1024102.66
-1008259.44 nan -1008259.44
0.00 -1013295.75 -1028440.19
0.00 -1012655.12 -1026962.81
-1014220.37 nan -1014220.37
-1025868.43 nan -1025868.43
0.00 -1024542.06 -1022074.76
0.00 -1032434.00 -1035237.57
-1010421.82 nan -1010421.82
0.00 -1019820.62 -1011947.44
0.00 -1020473.50 -1014515.43
0.00 -1019053.62 -1008352.81
-1014532.17 nan -1014532.17
0.00 -1017432.00 -1005107.96
-1011100.04 nan -1011100.04
-1038840.43 nan -1038840.43
0.00 -1029761.00 -1035662.39
-1024827.25 nan -1024827.25
0.00 -1025807.88 -1029075.82
-1021877.21 nan -1021877.21
0.00 -1020961.88 -1019558.02
0.00 -1019587.75 -1019007.15
-1040901.22 nan -1040901.22
-1032879.22 nan -1032879.22
0.00 -1029030.56 -1043538.77
-1043757.65 nan -1043757.65
-1026029.89 nan -1026029.89
-1037118.86 nan -1037118.86
-1016379.71 nan -1016379.71
0.00 -1009966.94 -1005234.22
0.00 -1008333.38 -1008360.69
0.00 -1012581.06 -1017411.85
-1028103.78 nan -1028103.78
0.00 -1027271.88 -1025931.94
-1027709.25 nan -1027709.25
0.00 -1027621.12 -1026362.84
-994115.74 nan -994115.74
-1026453.66 nan -1026453.66
0.00 -1028863.50 -1031310.38
-1001798.62 nan -1001798.62
0.00 -1021873.12 -1016155.67
-1020188.27 nan -1020188.27
-1009603.85 nan -1009603.85
0.00 -1014631.38 -1015041.83
0.00 -1024997.75 -1038448.97
0.00 -1017881.19 -1023798.11
0.00 -1021976.38 -1026653.32
0.00 -1028240.50 -1042056.59
-1032668.87 nan -1032668.87
0.00 -1028725.06 -1039570.89
-1039432.20 nan -1039432.20
-1032418.43 nan -1032418.43
0.00 -1021252.06 -1023996.28
0.00 -1020395.88 -1021385.95
0.00 -1019605.88 -1023940.25
-1040422.66 nan -1040422.66
0.00 -1026684.00 -1036222.09
0.00 -1027190.25 -1036254.17
0.00 -1018827.44 -1019299.89
0.00 -1016206.75 -1013648.46
0.00 -1008382.00 -1015122.47
0.00 -1010641.75 -1016346.54
0.00 -1012438.25 -1017361.61
0.00 -1010844.12 -1017476.28
0.00 -1016498.25 -1025446.27
0.00 -1011800.25 -1018864.84
0.00 -1002620.69 -1001711.11
-1028023.57 nan -1028023.57
-1015902.35 nan -1015902.35
0.00 -1022716.75 -1018142.79
-1039618.95 nan -1039618.95
0.00 -1037034.88 -1046278.67
-1034391.53 nan -1034391.53
0.00 -1027091.75 -1027273.65
0.00 -1029366.75 -1029017.07
0.00 -1027195.88 -1028838.70
0.00 -1028666.12 -1030868.56
-1028076.70 nan -1028076.70
0.00 -1026376.50 -1030486.61
0.00 -1020501.31 -1020994.15
0.00 -1026656.69 -1031571.38
0.00 -1019524.38 -1020451.08
0.00 -1021707.25 -1023850.06
0.00 -1017753.00 -1014501.28
-1005530.26 nan -1005530.26
-1005024.80 nan -1005024.80
-1037486.68 nan -1037486.68
-1020874.96 nan -1020874.96
0.00 -1016979.56 -1016562.48
-1042066.98 nan -1042066.98
0.00 -1013666.62 -1002872.30
0.00 -1019820.62 -1020394.81
0.00 -1025221.50 -1033081.45
0.00 -1019282.12 -1016817.69
0.00 -1024287.56 -1027704.02
-1029835.73 nan -1029835.73
0.00 -1030074.94 -1033295.65
