-1900386.43 nan -1900386.43
-1768487.51 nan -1768487.51
-1889294.17 nan -1889294.17
-1863638.47 nan -1863638.47
-1860799.93 nan -1860799.93
-1886648.24 nan -1886648.24
-1861967.30 nan -1861967.30
-1864591.53 nan -1864591.53
-1899774.93 nan -1899774.93
-1876848.74 nan -1876848.74
-1791190.26 nan -1791190.26
0.00 -1848410.38 -1844795.37
0.00 -1851858.75 -1848595.51
0.00 -1859973.75 -1866753.43
0.00 -1851932.38 -1861532.39
0.00 -1861900.50 -1853530.02
-1842552.40 nan -1842552.40
-1871513.41 nan -1871513.41
0.00 -1865022.38 -1869479.51
-1794888.59 nan -1794888.59
-1848731.43 nan -1848731.43
-1846944.61 nan -1846944.61
0.00 -1839337.75 -1840815.19
-1893011.73 nan -1893011.73
0.00 -1861580.25 -1880417.23
0.00 -1859405.12 -1885262.80
0.00 -1863017.50 -1875437.17
0.00 -1849306.00 -1868134.08
-1873768.08 nan -1873768.08
-1903421.48 nan -1903421.48
-1879524.95 nan -1879524.95
0.00 -1844012.75 -1842505.01
0.00 -1839245.50 -1841946.08
0.00 -1840600.62 -1842499.72
0.00 -1838529.62 -1842410.93
0.00 -1847471.25 -1861140.34
0.00 -1847261.25 -1861553.26
0.00 -1846916.25 -1861690.90
-1873994.05 nan -1873994.05
0.00 -1860177.00 -1867304.19
-1864833.91 nan -1864833.91
0.00 -1849168.50 -1854060.22
-1799845.22 nan -1799845.22
0.00 -1837050.00 -1827198.83
-1898361.41 nan -1898361.41
0.00 -1858478.00 -1867864.33
0.00 -1854182.25 -1857698.63
-1795814.88 nan -1795814.88
-1840125.60 nan -1840125.60
0.00 -1852739.50 -1837194.64
0.00 -1864534.75 -1865919.00
-1863529.49 nan -1863529.49
0.00 -1868015.50 -1876187.72
0.00 -1866795.00 -1868006.98
-1851654.14 nan -1851654.14
0.00 -1863730.12 -1858460.55
0.00 -1850495.25 -1855559.75
0.00 -1849876.12 -1852073.87
0.00 -1855084.00 -1868779.03
0.00 -1842702.00 -1842130.55
0.00 -1838886.50 -1828959.35
0.00 -1854902.25 -1866640.63
0.00 -1858978.50 -1876145.61
0.00 -1842009.50 -1854919.71
0.00 -1848927.75 -1847844.41
-1866740.13 nan -1866740.13
0.00 -1839379.00 -1827545.33
-1844987.26 nan -1844987.26
-1854750.06 nan -1854750.06
-1817874.48 nan -1817874.48
-1839470.38 nan -1839470.38
-1869584.80 nan -1869584.80
0.00 -1850533.38 -1851586.03
0.00 -1852622.50 -1845586.45
0.00 -1851323.75 -1844650.84
0.00 -1872227.12 -1881040.46
0.00 -1859319.25 -1858001.22
0.00 -1860392.50 -1869823.07
0.00 -1857188.75 -1855890.42
0.00 -1855039.00 -1850442.85
0.00 -1848441.25 -1845962.41
0.00 -1853984.50 -1843897.06
-1846167.82 nan -1846167.82
-1856805.31 nan -1856805.31
-1891114.28 nan -1891114.28
0.00 -1851819.50 -1869502.57
0.00 -1857445.88 -1874601.10
-1895761.07 nan -1895761.07
0.00 -1831076.12 -1841272.37
0.00 -1820993.00 -1813867.90
0.00 -1812726.00 -1809960.51
-1867410.81 nan -1867410.81
-1880280.46 nan -1880280.46
0.00 -1866431.75 -1871684.31
-1765603.61 nan -1765603.61
0.00 -1870310.50 -1873615.99
0.00 -1869468.00 -1872922.30
-1808827.91 nan -1808827.91
0.00 -1850834.88 -1833052.11
-1842242.89 nan -1842242.89
-1836734.33 nan -1836734.33
-1817131.80 nan -1817131.80
-1837204.54 nan -1837204.54
-1874685.05 nan -1874685.05
0.00 -1853875.12 -1857848.14
0.00 -1856252.88 -1862468.04
-1886813.15 nan -1886813.15
0.00 -1866574.25 -1878141.09
-1871775.67 nan -1871775.67
-1870935.73 nan -1870935.73
-1880772.61 nan -1880772.61
-1875916.88 nan -1875916.88
0.00 -1847418.50 -1850964.19
0.00 -1817998.25 -1799031.90
0.00 -1823401.38 -1807957.21
-1871606.79 nan -1871606.79
0.00 -1848722.50 -1850993.30
0.00 -1858890.25 -1871865.03
-1824467.50 nan -1824467.50
-1868315.25 nan -1868315.25
0.00 -1860272.75 -1861350.46
0.00 -1843371.25 -1825438.73
0.00 -1835421.12 -1811358.54
-1782904.54 nan -1782904.54
-1919523.12 nan -1919523.12
-1884364.88 nan -1884364.88
-1803127.80 nan -1803127.80
-1856124.87 nan -1856124.87
0.00 -1857476.12 -1851308.91
0.00 -1850391.50 -1853407.24
-1849196.21 nan -1849196.21
0.00 -1853092.75 -1867992.52
0.00 -1841700.25 -1846830.96
0.00 -1849043.38 -1858948.02
-1808695.90 nan -1808695.90
-1830722.18 nan -1830722.18
-1871642.19 nan -1871642.19
-1814323.96 nan -1814323.96
-1840536.22 nan -1840536.22
0.00 -1860234.75 -1870185.69
0.00 -1847590.25 -1849226.25
0.00 -1846648.38 -1841525.86
0.00 -1840928.50 -1847181.45
-1864791.55 nan -1864791.55
-1876437.16 nan -1876437.16
0.00 -1843926.00 -1854086.96
-1858651.59 nan -1858651.59
-1908013.87 nan -1908013.87
-1837376.02 nan -1837376.02
-1869505.12 nan -1869505.12
-1895371.97 nan -1895371.97
0.00 -1833387.88 -1850904.41
0.00 -1840206.25 -1856931.55
0.00 -1831736.50 -1849104.81
0.00 -1858786.50 -1881220.10
0.00 -1852154.50 -1877401.88
-1865166.44 nan -1865166.44
-1850035.15 nan -1850035.15
-1836192.62 nan -1836192.62
0.00 -1857990.00 -1849753.38
0.00 -1864331.38 -1860704.12
-1797577.32 nan -1797577.32
0.00 -1852396.88 -1836871.49
0.00 -1862738.50 -1855189.30
0.00 -1863746.38 -1865496.55
-1846802.23 nan -1846802.23
-1825199.52 nan -1825199.52
0.00 -1853286.25 -1854621.69
0.00 -1859264.25 -1870753.49
0.00 -1839940.88 -1831227.05
-1869638.68 nan -1869638.68
-1912645.31 nan -1912645.31
0.00 -1868460.00 -1880924.96
0.00 -1836926.25 -1828330.87
0.00 -1858811.62 -1860493.94
-1864846.47 nan -1864846.47
-1918024.15 nan -1918024.15
-1795111.96 nan -1795111.96
-1893207.19 nan -1893207.19
0.00 -1865206.50 -1880859.66
-1799451.95 nan -1799451.95
0.00 -1830291.75 -1820710.13
0.00 -1850619.25 -1857714.14
-1919454.56 nan -1919454.56
-1870147.61 nan -1870147.61
