0.00
2.00
5.00
6.00
9.00
10.00
12.00
14.00
14.00
15.00
15.00
15.00
15.00
16.00
17.00
17.00
17.00
17.00
18.00
18.00
18.00
18.00
18.00
18.00
18.00
18.00
18.00
18.00
18.00
18.00
18.00
18.00
18.00
18.00
18.00
18.00
18.00
18.00
18.00
18.00
18.00
18.00
18.00
18.00
18.00
18.00
18.00
18.00
18.00
18.00
18.00
18.00
18.00
18.00
19.00
19.00
19.00
20.00
20.00
20.00
20.00
20.00
20.00
20.00
20.00
20.00
20.00
20.00
20.00
20.00
20.00
20.00
20.00
20.00
20.00
20.00
20.00
20.00
20.00
20.00
20.00
20.00
20.00
20.00
20.00
20.00
20.00
21.00
21.00
21.00
21.00
21.00
21.00
21.00
21.00
21.00
21.00
21.00
21.00
21.00
21.00
21.00
21.00
21.00
21.00
21.00
21.00
21.00
21.00
21.00
21.00
21.00
21.00
21.00
21.00
21.00
21.00
21.00
21.00
21.00
21.00
21.00
21.00
21.00
21.00
21.00
21.00
21.00
21.00
21.00
21.00
21.00
21.00
21.00
21.00
21.00
21.00
21.00
21.00
21.00
21.00
21.00
21.00
21.00
21.00
21.00
21.00
21.00
21.00
21.00
21.00
21.00
21.00
21.00
21.00
21.00
21.00
21.00
21.00
21.00
21.00
21.00
21.00
21.00
21.00
21.00
21.00
21.00
21.00
