0.00
2.00
4.00
8.00
10.00
12.00
13.00
13.00
14.00
14.00
14.00
15.00
15.00
15.00
16.00
16.00
16.00
16.00
16.00
16.00
17.00
17.00
17.00
17.00
17.00
17.00
17.00
17.00
17.00
17.00
17.00
17.00
17.00
17.00
17.00
17.00
17.00
17.00
17.00
17.00
18.00
18.00
18.00
18.00
18.00
18.00
18.00
18.00
18.00
18.00
18.00
18.00
18.00
18.00
18.00
18.00
18.00
18.00
18.00
18.00
18.00
18.00
18.00
18.00
18.00
18.00
18.00
18.00
18.00
18.00
18.00
18.00
18.00
18.00
18.00
18.00
18.00
18.00
18.00
18.00
18.00
18.00
18.00
18.00
18.00
18.00
18.00
18.00
18.00
18.00
18.00
18.00
18.00
18.00
18.00
18.00
18.00
18.00
18.00
18.00
18.00
18.00
18.00
18.00
18.00
18.00
18.00
18.00
18.00
18.00
18.00
18.00
18.00
18.00
18.00
18.00
18.00
18.00
18.00
18.00
18.00
18.00
18.00
18.00
18.00
18.00
18.00
18.00
18.00
18.00
18.00
18.00
18.00
18.00
18.00
18.00
18.00
18.00
18.00
18.00
18.00
18.00
18.00
18.00
18.00
18.00
18.00
18.00
18.00
18.00
18.00
18.00
18.00
18.00
18.00
18.00
18.00
18.00
18.00
18.00
18.00
18.00
18.00
18.00
18.00
18.00
18.00
18.00
18.00
