0.00
1.00
3.00
5.00
8.00
11.00
12.00
13.00
13.00
13.00
13.00
13.00
14.00
14.00
14.00
14.00
14.00
15.00
15.00
15.00
15.00
15.00
16.00
16.00
16.00
16.00
16.00
16.00
16.00
16.00
17.00
17.00
17.00
17.00
17.00
17.00
17.00
17.00
17.00
17.00
17.00
17.00
17.00
17.00
17.00
17.00
17.00
17.00
17.00
17.00
17.00
17.00
17.00
17.00
17.00
17.00
17.00
17.00
17.00
17.00
17.00
17.00
17.00
17.00
17.00
17.00
17.00
17.00
17.00
17.00
17.00
17.00
17.00
17.00
17.00
17.00
18.00
18.00
18.00
18.00
18.00
18.00
18.00
18.00
18.00
18.00
18.00
18.00
18.00
18.00
18.00
18.00
18.00
18.00
18.00
18.00
18.00
18.00
18.00
18.00
18.00
18.00
18.00
18.00
18.00
18.00
18.00
18.00
18.00
18.00
18.00
18.00
18.00
18.00
18.00
18.00
18.00
18.00
18.00
18.00
18.00
18.00
18.00
18.00
18.00
18.00
18.00
18.00
18.00
18.00
18.00
18.00
18.00
18.00
18.00
18.00
18.00
18.00
18.00
18.00
18.00
18.00
18.00
18.00
18.00
18.00
18.00
18.00
18.00
18.00
18.00
18.00
18.00
18.00
18.00
18.00
19.00
19.00
19.00
19.00
19.00
19.00
19.00
19.00
19.00
19.00
19.00
19.00
