0.00
2.00
5.00
5.00
5.00
7.00
8.00
9.00
11.00
15.00
17.00
17.00
19.00
19.00
19.00
19.00
19.00
19.00
19.00
19.00
20.00
20.00
20.00
21.00
21.00
22.00
23.00
23.00
23.00
25.00
25.00
25.00
25.00
25.00
26.00
26.00
26.00
27.00
27.00
27.00
27.00
27.00
27.00
28.00
28.00
28.00
28.00
29.00
30.00
30.00
30.00
30.00
30.00
30.00
30.00
30.00
30.00
30.00
30.00
31.00
31.00
31.00
33.00
33.00
33.00
33.00
33.00
33.00
33.00
33.00
33.00
33.00
33.00
33.00
33.00
33.00
33.00
33.00
33.00
33.00
33.00
33.00
33.00
33.00
33.00
33.00
33.00
33.00
33.00
33.00
33.00
33.00
33.00
33.00
33.00
33.00
33.00
33.00
33.00
33.00
33.00
33.00
33.00
33.00
33.00
33.00
33.00
33.00
33.00
33.00
33.00
33.00
33.00
33.00
33.00
33.00
33.00
33.00
33.00
33.00
33.00
33.00
33.00
33.00
33.00
33.00
33.00
33.00
33.00
33.00
33.00
33.00
33.00
33.00
33.00
33.00
33.00
33.00
33.00
33.00
33.00
33.00
33.00
33.00
33.00
33.00
33.00
33.00
33.00
33.00
33.00
33.00
33.00
33.00
33.00
33.00
33.00
33.00
34.00
34.00
34.00
34.00
34.00
34.00
34.00
34.00
34.00
34.00
34.00
