0.00
34.54
10.54
9.40
9.40
9.40
9.40
9.40
9.40
9.40
9.40
9.40
9.40
9.40
9.40
9.40
9.40
9.40
9.40
9.40
9.40
9.40
9.40
9.40
9.40
9.40
9.40
9.40
9.40
9.40
9.40
9.40
9.40
9.40
9.40
9.40
9.40
9.40
9.40
9.40
9.40
9.40
9.40
9.40
9.40
9.40
9.40
9.40
9.40
9.40
9.40
9.40
9.40
9.40
9.40
9.40
9.40
9.40
9.40
9.40
9.40
9.40
9.40
9.40
9.40
9.40
9.40
9.40
9.40
9.14
9.14
9.14
9.14
9.14
9.14
9.14
9.14
9.14
9.14
9.14
9.14
9.14
9.14
9.14
9.14
9.14
9.14
9.14
9.14
9.14
9.14
9.14
9.14
9.14
9.14
9.14
9.14
9.14
9.14
9.14
9.14
9.14
9.14
9.14
9.14
9.14
9.14
9.14
9.14
9.14
9.14
9.14
9.14
9.14
9.14
9.14
9.14
9.14
9.14
9.14
9.14
9.14
9.14
9.14
9.14
9.14
9.14
9.14
9.14
9.14
9.14
9.14
9.14
9.14
9.14
9.14
9.14
9.59
9.59
9.59
9.59
9.59
9.59
9.59
9.59
9.59
9.59
9.59
9.59
9.59
9.59
9.59
9.59
9.59
9.59
9.59
9.59
9.59
9.59
9.59
9.59
9.59
9.59
9.59
9.59
9.59
9.59
9.59
9.59
9.59
9.59
9.59
9.59
9.59
9.59
9.59
9.59
9.59
9.59
9.59
9.59
9.59
9.59
