0.00
35.77
33.96
33.96
14.62
14.62
8.57
8.57
8.57
8.57
8.57
9.24
9.24
9.24
9.24
9.24
9.24
9.24
9.24
9.24
9.24
9.24
7.30
7.30
7.30
7.30
7.30
7.30
7.30
7.30
7.30
7.30
7.30
7.30
7.30
7.30
7.30
7.30
7.30
7.30
7.30
7.30
7.30
7.30
7.30
7.30
7.30
7.30
7.30
7.30
7.30
7.30
7.30
7.30
7.30
7.30
7.30
7.30
7.30
7.30
7.30
7.30
7.30
7.30
7.30
7.30
7.30
7.30
7.30
7.30
7.30
7.30
7.30
7.30
7.30
7.30
7.30
7.30
7.30
7.30
7.30
7.30
7.30
7.30
7.30
7.30
7.30
7.30
7.30
7.30
7.30
7.30
7.30
7.30
7.30
7.30
7.30
7.30
7.30
7.30
7.30
7.30
7.30
7.30
7.30
7.30
7.30
7.30
7.30
7.30
7.30
7.30
7.30
7.30
7.30
7.30
7.30
7.30
7.30
7.30
7.30
7.30
7.30
7.30
7.30
7.30
7.30
7.30
7.30
7.30
7.30
7.30
7.30
7.30
7.30
7.30
7.30
7.30
7.30
7.30
7.30
7.30
7.30
7.30
7.30
7.30
7.30
7.30
7.30
7.30
7.30
7.30
7.30
7.30
7.30
7.30
7.30
7.30
7.30
7.30
7.30
7.30
7.30
7.30
7.30
7.30
7.30
7.30
7.30
7.30
7.30
7.30
7.30
7.30
7.30
7.30
7.30
7.30
7.30
7.30
7.30
7.30
7.30
7.30
7.30
