0.00
0.00
0.00
5.71
5.71
5.71
5.71
5.71
5.71
5.71
5.71
5.71
5.71
5.71
5.71
5.71
5.71
5.71
5.71
5.71
5.71
5.71
5.71
5.71
5.71
5.71
5.71
5.71
5.71
5.71
5.71
5.71
5.71
5.71
5.71
8.89
8.89
8.89
8.89
8.89
8.89
8.89
8.89
8.89
8.89
8.89
8.89
8.89
8.89
8.89
8.89
8.89
8.89
8.89
8.89
8.89
8.89
8.89
8.89
8.89
8.89
8.89
8.89
8.89
8.89
8.89
8.89
8.89
8.89
8.89
8.89
8.89
8.89
8.89
8.89
8.89
8.89
8.89
8.89
8.89
8.89
8.89
8.89
8.89
8.89
8.89
8.89
8.89
8.89
8.89
8.89
8.89
8.89
8.89
8.89
8.89
8.89
8.89
8.89
8.89
8.89
8.89
8.89
8.89
8.89
8.89
8.89
8.89
8.89
8.89
8.89
8.89
8.89
8.89
8.89
8.29
8.29
8.29
8.29
8.29
8.29
8.29
8.29
8.29
8.29
8.29
8.29
8.29
8.29
8.29
8.29
8.29
8.29
8.29
8.29
8.29
8.29
8.29
8.29
8.29
8.29
8.29
8.29
8.29
8.29
8.29
8.29
8.29
8.29
8.29
8.29
8.29
8.29
8.29
8.29
8.29
8.29
8.29
8.29
8.29
8.29
8.29
8.29
8.29
8.29
8.29
8.29
8.29
8.29
8.29
8.29
8.29
8.29
8.29
8.29
8.29
8.29
8.29
8.29
8.29
8.29
8.29
