20.68
13.67
13.67
13.67
13.67
13.67
13.67
13.67
13.67
13.67
13.67
13.67
13.67
13.67
13.67
13.67
9.44
9.44
9.44
9.44
9.44
9.44
9.44
9.44
9.44
9.44
9.44
9.44
9.44
9.44
9.44
9.44
9.44
9.44
9.44
9.44
9.44
9.44
9.44
9.44
9.44
9.44
9.44
9.44
9.44
9.44
9.44
10.52
10.52
10.52
10.52
10.52
10.52
10.52
10.52
10.52
10.52
10.52
10.52
10.52
10.52
10.52
10.52
10.52
10.52
10.52
10.52
10.52
10.52
10.52
10.52
10.52
10.52
10.52
10.52
10.52
10.52
10.52
10.52
10.52
10.52
10.52
10.52
10.52
10.52
10.52
10.52
10.52
10.52
10.52
10.52
10.52
10.52
10.52
10.52
10.52
10.52
10.52
10.52
10.52
10.52
10.52
10.52
10.52
10.52
10.52
10.52
10.52
10.52
10.52
10.52
10.52
10.52
10.52
10.52
10.52
10.52
10.52
10.52
10.52
10.52
10.52
10.52
10.52
10.52
10.52
10.52
10.52
10.52
10.52
10.52
10.52
10.52
10.52
10.52
10.52
10.52
10.52
10.52
10.52
10.52
10.52
10.52
10.52
10.52
10.52
10.52
10.52
10.52
10.52
10.52
10.52
10.52
10.52
10.52
10.52
10.52
10.52
10.52
10.52
10.52
10.52
10.52
10.52
10.52
10.52
10.52
10.52
10.52
10.52
10.52
10.52
10.52
10.52
10.52
10.52
10.52
10.52
10.52
10.52
10.52
10.52
10.52
10.52
