40.60
40.60
26.90
26.90
8.58
8.58
8.58
8.58
8.58
8.58
8.58
8.58
8.58
8.58
8.58
8.58
8.58
8.58
8.58
8.58
8.58
8.58
8.58
8.58
8.58
8.58
8.58
8.58
8.58
8.58
8.58
8.58
8.58
8.58
8.58
8.58
8.58
8.58
8.58
8.58
8.58
8.58
8.58
8.58
8.58
8.58
8.58
8.58
8.58
8.58
8.58
8.58
8.58
8.58
8.58
8.58
8.58
8.58
8.58
8.58
8.58
8.58
8.58
8.58
8.58
8.58
8.58
8.58
8.58
8.58
8.58
8.58
8.58
8.58
8.58
8.58
8.58
8.58
8.58
8.58
8.58
8.58
8.58
8.58
8.58
8.58
8.58
8.58
8.58
8.58
8.58
8.58
8.58
8.58
8.58
8.58
8.58
8.58
8.58
8.58
8.58
8.58
8.58
8.58
8.58
8.58
8.58
8.58
8.58
8.58
8.58
8.58
8.58
8.58
8.58
8.58
8.58
8.58
8.58
8.58
8.58
8.58
8.58
8.58
8.58
8.58
8.58
8.58
8.58
8.58
8.58
8.58
8.58
8.58
8.58
8.58
8.58
8.58
8.58
8.58
8.58
8.58
8.58
8.58
8.58
8.58
8.58
8.58
8.58
8.58
8.58
8.58
8.58
8.58
8.58
8.58
8.58
8.58
8.58
8.58
8.58
8.58
8.58
8.58
8.58
8.58
8.58
8.58
8.58
8.58
8.58
8.58
8.58
8.58
8.58
8.58
8.58
8.58
8.58
8.58
8.58
8.58
8.58
8.58
8.58
8.58
8.58
