0.00
0.00
0.00
0.00
0.00
25.87
25.87
25.87
0.00
25.87
25.87
25.87
25.87
25.87
25.87
25.87
25.87
25.87
25.87
25.87
25.87
25.87
25.87
25.87
25.87
25.87
25.87
25.87
25.87
25.87
25.87
34.28
34.28
34.28
34.28
34.28
34.28
34.28
34.28
34.28
34.28
34.28
34.28
34.28
34.28
34.28
34.28
34.28
34.28
34.28
34.28
34.28
34.28
34.28
34.28
34.28
34.28
34.28
34.28
34.28
34.28
34.28
34.28
34.28
34.28
34.28
34.28
34.28
34.28
34.28
34.28
34.28
34.28
34.28
34.28
34.28
34.28
34.28
34.28
34.28
34.28
34.28
34.28
34.28
34.28
34.28
34.28
34.28
34.28
36.36
36.36
36.36
36.36
36.36
36.36
36.36
36.36
36.36
51.47
51.47
51.47
51.47
51.47
51.47
51.47
51.47
51.47
51.47
51.47
51.47
51.47
51.47
51.47
51.47
51.47
51.47
51.47
51.47
51.47
51.47
51.47
51.47
51.47
51.47
32.05
32.05
32.05
32.05
32.05
32.05
32.05
32.05
32.05
32.05
32.05
32.05
32.05
32.05
32.05
32.05
32.05
32.05
32.05
32.05
32.05
32.05
22.58
22.58
22.58
22.58
22.58
22.58
22.58
22.58
22.58
22.58
22.58
22.58
22.58
22.58
22.58
22.58
22.58
22.58
22.58
22.58
22.58
22.58
22.58
22.58
22.58
22.58
22.58
22.58
22.58
22.58
22.58
22.58
22.58
22.58
22.58
22.58
22.58
22.58
22.58
