0.00
26.54
20.70
7.75
8.57
8.57
8.57
8.57
27.99
9.86
9.86
9.86
9.86
9.86
9.86
9.86
9.86
9.86
9.86
9.86
9.86
9.86
9.86
9.86
9.86
9.86
9.86
9.86
9.86
9.86
9.86
9.86
9.86
9.86
9.86
9.86
9.86
9.86
9.86
9.86
9.86
9.86
9.86
9.86
9.86
9.86
9.86
9.86
9.86
9.86
9.86
9.86
9.86
9.86
9.86
9.86
9.86
9.86
9.86
9.86
9.86
9.86
9.86
9.86
9.86
9.86
9.86
9.86
9.86
9.86
9.86
9.86
9.86
9.86
9.86
9.86
9.86
9.86
9.86
9.86
9.86
9.86
9.86
9.86
9.86
9.86
9.86
9.86
9.86
9.86
9.86
9.86
9.86
9.86
9.86
9.86
8.28
8.28
8.28
8.28
8.28
8.28
8.28
8.28
8.28
8.28
8.28
8.28
8.28
8.28
8.28
8.28
8.28
8.28
8.28
8.28
8.28
8.28
8.28
8.28
8.28
8.28
8.28
8.28
8.28
8.28
8.28
8.28
8.28
8.28
8.28
8.28
8.28
8.28
8.28
8.28
8.28
8.28
8.28
8.28
8.28
8.28
8.28
8.28
8.28
8.28
8.28
8.28
8.28
8.28
8.28
8.28
8.28
8.28
8.28
8.28
8.28
8.28
8.28
8.28
8.28
8.28
8.28
8.28
8.28
8.28
8.28
8.28
8.28
8.28
8.28
8.28
8.28
8.28
8.28
8.28
8.28
8.28
8.28
8.28
8.28
8.28
8.28
