0.00
138.09
138.09
115.25
115.25
115.25
115.25
115.25
115.25
115.25
106.23
106.23
106.23
91.68
91.68
91.68
91.68
91.68
91.68
91.68
91.68
91.68
91.68
91.68
91.68
91.68
91.68
91.68
91.68
91.68
91.68
91.68
91.68
91.68
91.68
91.68
91.68
91.68
64.36
64.36
64.36
64.36
64.36
64.36
64.36
64.36
64.36
64.36
64.36
64.36
64.36
64.36
64.36
64.36
64.36
64.36
64.36
64.36
64.36
64.36
64.36
64.36
64.36
64.36
64.36
64.36
64.36
64.36
64.36
64.36
64.36
64.36
64.36
64.36
64.36
64.36
64.36
64.36
64.36
64.36
64.36
64.36
64.36
64.36
64.36
64.36
64.36
64.36
64.36
64.36
64.36
64.36
64.36
64.36
64.36
64.36
64.36
64.36
64.36
64.36
64.36
64.36
64.36
64.36
64.36
64.36
64.36
64.36
64.36
64.36
64.36
64.36
64.36
64.36
64.36
64.36
64.36
64.36
64.36
64.36
64.36
64.36
64.36
