0.00
0.00
0.00
0.00
0.00
135.34
135.34
119.90
119.90
105.15
107.52
107.52
107.52
107.52
107.52
107.52
107.52
107.52
107.52
107.52
107.52
107.52
107.52
107.52
107.52
107.52
107.52
107.52
107.52
107.52
107.52
107.52
107.52
107.52
107.52
107.52
107.52
107.52
107.52
107.52
107.52
107.52
107.52
107.52
107.52
107.52
107.52
107.52
107.52
107.52
107.52
107.52
107.52
107.52
70.57
70.57
70.57
70.57
70.57
70.57
70.57
70.57
70.57
70.57
70.57
70.57
70.57
70.57
70.57
70.57
70.57
70.57
70.57
70.57
70.57
70.57
70.57
70.57
70.57
70.57
70.57
70.57
70.57
70.57
70.57
70.57
70.57
70.57
70.57
70.57
70.57
70.57
70.57
70.57
70.57
70.57
70.57
70.57
70.57
70.57
70.57
70.57
70.57
70.57
70.57
70.57
70.57
70.57
70.57
70.57
70.57
70.57
70.57
70.57
70.57
70.57
70.57
70.57
70.57
70.57
70.57
70.57
70.57
