0.00
0.00
0.00
122.01
122.01
119.19
119.19
119.19
119.19
108.47
108.47
108.47
108.47
108.47
108.47
108.47
108.47
108.47
108.47
108.47
108.47
108.47
108.47
108.47
108.47
108.47
108.47
108.47
108.47
108.47
108.47
108.47
108.47
108.47
108.47
108.47
108.47
108.47
108.47
108.47
108.47
108.47
99.69
99.69
99.69
99.69
99.69
99.69
99.69
154.20
154.20
154.20
154.20
154.20
154.20
154.20
154.20
154.20
154.20
154.20
154.20
154.20
154.20
154.20
154.20
154.20
154.20
154.20
154.20
154.20
154.20
154.20
154.20
154.20
154.20
154.20
154.20
154.20
154.20
154.20
154.20
154.20
154.20
154.20
154.20
154.20
154.20
154.20
154.20
154.20
154.20
154.20
154.20
154.20
154.20
154.20
154.20
154.20
154.20
154.20
154.20
154.20
154.20
154.20
154.20
154.20
154.20
154.20
154.20
154.20
154.20
74.81
74.81
74.81
74.81
74.81
74.81
74.81
74.81
74.81
74.81
74.81
74.81
