111.57
111.57
111.57
111.57
112.69
112.69
112.69
112.69
112.69
112.69
112.69
112.69
112.69
112.69
97.90
97.90
97.90
97.90
97.90
97.90
97.90
97.90
97.90
97.90
97.90
97.90
97.90
97.90
97.90
97.90
97.90
97.90
97.90
97.90
95.15
95.15
95.15
95.15
95.15
95.15
95.15
95.15
95.15
95.15
95.15
95.15
95.15
95.15
95.15
95.15
95.15
95.15
95.15
95.15
95.15
95.15
95.15
95.15
95.15
95.15
95.15
95.15
95.15
95.15
95.15
95.15
95.15
95.15
95.15
95.15
95.15
95.15
95.15
95.15
95.15
95.15
95.15
95.15
95.15
95.15
95.15
95.15
95.15
95.15
95.15
95.15
95.15
95.15
95.15
95.15
95.15
95.15
95.15
95.15
95.15
83.31
83.31
83.31
83.31
83.31
83.31
83.31
83.31
83.31
83.31
83.31
83.31
83.31
83.31
83.31
83.31
83.31
83.31
83.31
83.31
83.31
83.31
83.31
83.31
83.31
83.31
83.31
83.31
