130.89
130.89
130.89
130.89
130.89
130.89
126.34
126.34
126.34
126.34
100.04
100.04
85.61
85.61
85.61
85.61
85.61
85.61
85.61
85.61
85.61
85.61
85.61
85.61
85.61
85.61
85.61
85.61
85.61
85.61
85.61
85.61
85.61
85.61
85.61
85.61
85.61
85.61
85.61
85.61
85.61
85.61
85.61
87.93
87.93
87.93
87.93
87.93
87.93
87.93
87.93
87.93
87.93
87.93
87.93
87.93
87.93
87.93
87.93
87.93
87.93
87.93
87.93
87.93
87.93
87.93
87.93
87.93
87.93
87.93
87.93
87.93
87.93
87.93
87.93
87.93
87.93
87.93
87.93
87.93
87.93
87.93
87.93
87.93
87.93
87.93
87.93
87.93
87.93
87.93
87.93
87.93
87.93
87.93
87.93
87.93
87.93
87.93
87.93
87.93
87.93
87.93
87.93
87.93
87.93
87.93
87.93
87.93
87.93
87.93
87.93
87.93
87.93
87.93
87.93
87.93
87.93
87.93
87.93
87.93
87.93
87.93
87.93
