0.00
146.14
117.44
114.64
114.64
114.64
114.64
92.92
92.92
92.92
92.92
92.92
92.92
92.92
92.92
92.92
92.92
92.92
92.92
92.92
92.92
92.92
92.92
92.92
92.92
92.92
90.38
90.38
90.38
90.38
90.38
90.38
90.38
90.38
90.38
90.38
90.38
90.38
90.38
90.38
90.38
90.38
90.38
85.47
85.47
85.47
85.47
85.47
85.47
85.47
85.47
85.47
85.47
85.47
85.47
85.47
85.47
85.47
85.47
85.47
85.47
85.47
85.47
85.47
85.47
85.47
85.47
85.47
85.47
85.47
85.47
85.47
85.47
85.47
85.47
85.47
85.47
85.47
85.47
85.47
85.47
85.47
85.47
85.47
85.47
85.47
85.47
85.47
85.47
85.47
85.47
85.47
85.47
85.47
85.47
85.47
85.47
85.47
85.47
85.47
85.47
85.47
85.47
85.47
85.47
85.47
85.47
85.47
85.47
85.47
85.47
85.47
85.47
85.47
85.47
85.47
85.47
85.47
85.47
85.47
85.47
85.47
85.47
