0.00
0.00
129.12
129.12
129.12
129.12
129.12
129.12
121.60
121.60
121.60
121.60
121.60
121.60
121.60
121.60
96.57
96.57
96.57
96.57
96.57
96.57
96.57
96.57
96.57
96.57
96.57
96.57
96.57
96.57
96.57
96.57
96.57
96.57
96.57
96.57
96.57
96.57
96.57
96.57
96.57
96.57
96.57
96.57
86.65
86.65
86.65
86.65
86.65
86.65
86.65
86.65
86.65
86.65
86.65
86.65
86.65
86.65
86.65
86.65
86.65
86.65
86.65
79.09
79.09
79.09
79.09
79.09
79.09
79.09
79.09
79.09
79.09
79.09
79.09
79.09
79.09
79.09
79.09
79.09
79.09
79.09
79.09
79.09
79.09
79.09
79.09
79.09
79.09
79.09
79.09
79.09
79.09
79.09
79.09
79.09
79.09
79.09
79.09
79.09
79.09
79.09
79.09
79.09
79.09
79.09
79.09
79.09
79.09
79.09
79.09
79.09
79.09
79.09
79.09
79.09
79.09
79.09
79.09
79.09
79.09
79.03
79.03
