148.42
137.57
137.57
131.18
94.48
94.48
94.48
94.48
94.48
94.48
94.48
94.48
94.48
94.48
94.48
94.48
94.48
94.48
94.48
94.48
94.48
94.48
94.48
94.48
94.48
94.48
94.48
94.48
94.48
94.48
94.48
94.48
94.48
94.48
94.48
94.48
94.48
94.48
94.48
94.48
94.48
94.48
94.48
94.48
94.48
94.48
94.48
94.48
94.48
94.48
94.48
94.48
94.48
94.48
94.48
94.48
94.48
94.48
94.48
94.48
94.48
94.48
94.48
94.48
94.48
94.48
94.48
94.48
94.48
94.48
94.48
94.48
94.48
94.48
94.48
94.48
76.50
76.50
76.50
76.50
76.50
76.50
76.50
76.50
76.50
76.50
76.50
76.50
76.50
76.50
76.50
76.50
76.50
76.50
76.50
76.50
76.50
76.50
76.50
76.50
76.50
76.50
76.50
76.50
76.50
76.50
76.50
76.50
76.50
76.50
76.50
76.50
76.50
76.50
76.50
76.50
76.50
76.50
76.50
76.50
76.50
76.50
76.50
