0.00 0.00 -120751.51 -120913.96 0.00 0.00
1.00 0.00 -120751.51 -125780.46 0.00 0.00
2.00 0.00 -120751.51 -123797.24 0.00 0.00
3.00 0.00 -120751.51 -126024.85 0.00 0.00
4.00 0.00 -120751.51 -128004.09 0.00 0.00
5.00 0.00 -120751.51 -124063.32 0.00 0.00
6.00 0.00 -120751.51 -121810.43 0.00 0.00
7.00 0.00 -120751.51 -129116.09 0.00 0.00
8.00 0.00 -120751.51 -121980.09 0.00 0.00
9.00 0.00 -120751.51 -122043.99 0.00 0.00
10.00 0.00 -120751.51 -121367.42 0.00 0.00
11.00 1.00 -119428.22 -119428.22 149.34 118.73
12.00 1.00 -119428.22 -121908.84 149.34 118.73
13.00 1.00 -119428.22 -122403.79 149.34 118.73
14.00 1.00 -119428.22 -120033.43 149.34 118.73
15.00 1.00 -119428.22 -125962.43 149.34 118.73
16.00 2.00 -114677.93 -114677.93 118.97 72.72
17.00 2.00 -114677.93 -116357.33 118.97 72.72
18.00 3.00 -114159.36 -114159.36 119.21 56.12
19.00 3.00 -114159.36 -118138.05 119.21 56.12
20.00 3.00 -114159.36 -117098.72 119.21 56.12
21.00 3.00 -114159.36 -120721.14 119.21 56.12
22.00 3.00 -114159.36 -119528.58 119.21 56.12
23.00 3.00 -114159.36 -116493.07 119.21 56.12
24.00 3.00 -114159.36 -120495.00 119.21 56.12
25.00 3.00 -114159.36 -120748.79 119.21 56.12
26.00 3.00 -114159.36 -119943.26 119.21 56.12
27.00 3.00 -114159.36 -123493.00 119.21 56.12
28.00 3.00 -114159.36 -122192.66 119.21 56.12
29.00 3.00 -114159.36 -120669.10 119.21 56.12
30.00 3.00 -114159.36 -122902.68 119.21 56.12
31.00 3.00 -114159.36 -115756.59 119.21 56.12
32.00 3.00 -114159.36 -116523.38 119.21 56.12
33.00 3.00 -114159.36 -117600.30 119.21 56.12
34.00 3.00 -114159.36 -116780.96 119.21 56.12
35.00 3.00 -114159.36 -117956.68 119.21 56.12
36.00 3.00 -114159.36 -120491.97 119.21 56.12
37.00 3.00 -114159.36 -120788.43 119.21 56.12
38.00 3.00 -114159.36 -117587.04 119.21 56.12
39.00 3.00 -114159.36 -118860.48 119.21 56.12
40.00 3.00 -114159.36 -119543.53 119.21 56.12
41.00 3.00 -114159.36 -114754.26 119.21 56.12
42.00 3.00 -114159.36 -117270.52 119.21 56.12
43.00 3.00 -114159.36 -115146.19 119.21 56.12
44.00 3.00 -114159.36 -119293.95 119.21 56.12
45.00 3.00 -114159.36 -115083.42 119.21 56.12
46.00 3.00 -114159.36 -125438.35 119.21 56.12
47.00 3.00 -114159.36 -124101.81 119.21 56.12
48.00 3.00 -114159.36 -120546.31 119.21 56.12
49.00 4.00 -114159.36 -114159.36 119.21 56.12
50.00 4.00 -114159.36 -115904.11 119.21 56.12
51.00 4.00 -114159.36 -122963.46 119.21 56.12
52.00 4.00 -114159.36 -115053.77 119.21 56.12
53.00 4.00 -114159.36 -132429.45 119.21 56.12
54.00 4.00 -114159.36 -125169.64 119.21 56.12
55.00 5.00 -112393.23 -112393.23 112.53 41.71
56.00 6.00 -109969.06 -109969.06 95.27 45.27
57.00 6.00 -109969.06 -122909.04 95.27 45.27
58.00 6.00 -109969.06 -110947.82 95.27 45.27
59.00 6.00 -109969.06 -112326.61 95.27 45.27
60.00 6.00 -109969.06 -118826.20 95.27 45.27
61.00 7.00 -109969.06 -109969.06 95.27 45.27
62.00 7.00 -109969.06 -122057.57 95.27 45.27
63.00 7.00 -109969.06 -116037.97 95.27 45.27
64.00 7.00 -109969.06 -122243.78 95.27 45.27
65.00 7.00 -109969.06 -116085.96 95.27 45.27
66.00 7.00 -109969.06 -112601.70 95.27 45.27
67.00 7.00 -109969.06 -116529.02 95.27 45.27
68.00 7.00 -109969.06 -117367.23 95.27 45.27
69.00 7.00 -109969.06 -114484.51 95.27 45.27
70.00 8.00 -109969.06 -109969.06 95.27 45.27
71.00 8.00 -109969.06 -121888.74 95.27 45.27
72.00 8.00 -109969.06 -120119.22 95.27 45.27
73.00 8.00 -109969.06 -128285.04 95.27 45.27
74.00 8.00 -109969.06 -121000.89 95.27 45.27
75.00 8.00 -109969.06 -120916.26 95.27 45.27
76.00 9.00 -108099.41 -108099.41 83.84 50.49
77.00 9.00 -108099.41 -119768.33 83.84 50.49
78.00 9.00 -108099.41 -117475.42 83.84 50.49
79.00 9.00 -108099.41 -112236.94 83.84 50.49
80.00 9.00 -108099.41 -121932.27 83.84 50.49
81.00 9.00 -108099.41 -115851.52 83.84 50.49
82.00 10.00 -108099.41 -108099.41 83.84 50.49
83.00 10.00 -108099.41 -116598.85 83.84 50.49
84.00 10.00 -108099.41 -116884.37 83.84 50.49
85.00 10.00 -108099.41 -130853.55 83.84 50.49
86.00 10.00 -108099.41 -122635.70 83.84 50.49
87.00 10.00 -108099.41 -121854.19 83.84 50.49
88.00 10.00 -108099.41 -116500.06 83.84 50.49
89.00 10.00 -108099.41 -116690.02 83.84 50.49
90.00 10.00 -108099.41 -117368.53 83.84 50.49
91.00 10.00 -108099.41 -116635.75 83.84 50.49
92.00 10.00 -108099.41 -116587.98 83.84 50.49
93.00 10.00 -108099.41 -121990.45 83.84 50.49
94.00 10.00 -108099.41 -117714.83 83.84 50.49
95.00 10.00 -108099.41 -113166.87 83.84 50.49
96.00 10.00 -108099.41 -120469.23 83.84 50.49
97.00 10.00 -108099.41 -123516.20 83.84 50.49
98.00 10.00 -108099.41 -116252.52 83.84 50.49
99.00 10.00 -108099.41 -120787.75 83.84 50.49
100.00 10.00 -108099.41 -122047.26 83.84 50.49
101.00 10.00 -108099.41 -121036.80 83.84 50.49
102.00 10.00 -108099.41 -122940.26 83.84 50.49
103.00 10.00 -108099.41 -126923.22 83.84 50.49
104.00 10.00 -108099.41 -121583.51 83.84 50.49
105.00 10.00 -108099.41 -116285.29 83.84 50.49
106.00 10.00 -108099.41 -110202.07 83.84 50.49
107.00 10.00 -108099.41 -111788.42 83.84 50.49
108.00 10.00 -108099.41 -116445.03 83.84 50.49
109.00 10.00 -108099.41 -113204.18 83.84 50.49
110.00 10.00 -108099.41 -118911.11 83.84 50.49
111.00 10.00 -108099.41 -118061.10 83.84 50.49
112.00 10.00 -108099.41 -120227.16 83.84 50.49
113.00 10.00 -108099.41 -116852.69 83.84 50.49
114.00 10.00 -108099.41 -118390.37 83.84 50.49
115.00 11.00 -108099.41 -108099.41 83.84 50.49
116.00 12.00 -108099.41 -108099.41 83.84 50.49
117.00 12.00 -108099.41 -114821.86 83.84 50.49
118.00 12.00 -108099.41 -117302.38 83.84 50.49
119.00 12.00 -108099.41 -115191.41 83.84 50.49
120.00 12.00 -108099.41 -118065.62 83.84 50.49
121.00 12.00 -108099.41 -113728.75 83.84 50.49
122.00 12.00 -108099.41 -120673.67 83.84 50.49
123.00 12.00 -108099.41 -120544.88 83.84 50.49
124.00 12.00 -108099.41 -135297.09 83.84 50.49
125.00 12.00 -108099.41 -108480.70 83.84 50.49
126.00 12.00 -108099.41 -117986.98 83.84 50.49
127.00 12.00 -108099.41 -115736.04 83.84 50.49
128.00 12.00 -108099.41 -118704.30 83.84 50.49
129.00 12.00 -108099.41 -119667.70 83.84 50.49
130.00 12.00 -108099.41 -111206.77 83.84 50.49
131.00 12.00 -108099.41 -122558.16 83.84 50.49
132.00 12.00 -108099.41 -130262.36 83.84 50.49
133.00 12.00 -108099.41 -117410.80 83.84 50.49
134.00 13.00 -108099.41 -108099.41 83.84 50.49
135.00 13.00 -108099.41 -120591.05 83.84 50.49
136.00 13.00 -108099.41 -116168.67 83.84 50.49
137.00 13.00 -108099.41 -125024.88 83.84 50.49
138.00 13.00 -108099.41 -116141.66 83.84 50.49
139.00 13.00 -108099.41 -122794.85 83.84 50.49
140.00 13.00 -108099.41 -124210.45 83.84 50.49
141.00 13.00 -108099.41 -117792.17 83.84 50.49
142.00 14.00 -107678.67 -107678.67 87.52 29.00
143.00 14.00 -107678.67 -115227.35 87.52 29.00
144.00 15.00 -107678.67 -107678.67 87.52 29.00
145.00 15.00 -107678.67 -121217.54 87.52 29.00
146.00 16.00 -107678.67 -107678.67 87.52 29.00
147.00 16.00 -107678.67 -111832.10 87.52 29.00
148.00 16.00 -107678.67 -122521.39 87.52 29.00
149.00 16.00 -107678.67 -116327.08 87.52 29.00
150.00 16.00 -107678.67 -115778.37 87.52 29.00
151.00 16.00 -107678.67 -117241.49 87.52 29.00
152.00 16.00 -107678.67 -113418.83 87.52 29.00
153.00 16.00 -107678.67 -116235.86 87.52 29.00
154.00 16.00 -107678.67 -113177.47 87.52 29.00
155.00 16.00 -107678.67 -115589.73 87.52 29.00
156.00 16.00 -107678.67 -117537.98 87.52 29.00
157.00 16.00 -107678.67 -119281.52 87.52 29.00
158.00 16.00 -107678.67 -120099.51 87.52 29.00
159.00 16.00 -107678.67 -118250.25 87.52 29.00
160.00 16.00 -107678.67 -119245.22 87.52 29.00
161.00 16.00 -107678.67 -115270.11 87.52 29.00
162.00 16.00 -107678.67 -114858.57 87.52 29.00
163.00 16.00 -107678.67 -121810.99 87.52 29.00
164.00 16.00 -107678.67 -119108.06 87.52 29.00
165.00 16.00 -107678.67 -117467.66 87.52 29.00
166.00 16.00 -107678.67 -117160.18 87.52 29.00
167.00 16.00 -107678.67 -117263.08 87.52 29.00
168.00 16.00 -107678.67 -115913.26 87.52 29.00
169.00 16.00 -107678.67 -120528.64 87.52 29.00
170.00 16.00 -107678.67 -115981.09 87.52 29.00
171.00 16.00 -107678.67 -121989.02 87.52 29.00
172.00 16.00 -107678.67 -118781.37 87.52 29.00
173.00 16.00 -107678.67 -110899.68 87.52 29.00
174.00 16.00 -107678.67 -118515.89 87.52 29.00
175.00 16.00 -107678.67 -111490.98 87.52 29.00
176.00 16.00 -107678.67 -116300.76 87.52 29.00
177.00 16.00 -107678.67 -108544.30 87.52 29.00
178.00 16.00 -107678.67 -112997.95 87.52 29.00
179.00 16.00 -107678.67 -118971.20 87.52 29.00
180.00 16.00 -107678.67 -115718.16 87.52 29.00
181.00 16.00 -107678.67 -113544.95 87.52 29.00
182.00 16.00 -107678.67 -118646.16 87.52 29.00
183.00 16.00 -107678.67 -117993.97 87.52 29.00
184.00 16.00 -107678.67 -116950.51 87.52 29.00
185.00 16.00 -107678.67 -117922.03 87.52 29.00
186.00 16.00 -107678.67 -113380.59 87.52 29.00
187.00 16.00 -107678.67 -120544.54 87.52 29.00
188.00 16.00 -107678.67 -117624.91 87.52 29.00
189.00 16.00 -107678.67 -121695.84 87.52 29.00
190.00 16.00 -107678.67 -115085.58 87.52 29.00
191.00 16.00 -107678.67 -129293.67 87.52 29.00
192.00 16.00 -107678.67 -113894.70 87.52 29.00
193.00 16.00 -107678.67 -122006.79 87.52 29.00
194.00 16.00 -107678.67 -120301.98 87.52 29.00
195.00 16.00 -107678.67 -119936.77 87.52 29.00
196.00 16.00 -107678.67 -120681.41 87.52 29.00
197.00 16.00 -107678.67 -109419.31 87.52 29.00
198.00 16.00 -107678.67 -116373.88 87.52 29.00
199.00 16.00 -107678.67 -121590.11 87.52 29.00
200.00 16.00 -107678.67 -114891.88 87.52 29.00
201.00 16.00 -107678.67 -119522.08 87.52 29.00
202.00 16.00 -107678.67 -117181.24 87.52 29.00
203.00 16.00 -107678.67 -117256.22 87.52 29.00
204.00 16.00 -107678.67 -118786.13 87.52 29.00
205.00 16.00 -107678.67 -117365.37 87.52 29.00
206.00 16.00 -107678.67 -114968.22 87.52 29.00
207.00 16.00 -107678.67 -109384.30 87.52 29.00
208.00 16.00 -107678.67 -118920.35 87.52 29.00
209.00 16.00 -107678.67 -120560.11 87.52 29.00
210.00 16.00 -107678.67 -115803.93 87.52 29.00
211.00 16.00 -107678.67 -121812.49 87.52 29.00
212.00 16.00 -107678.67 -111350.34 87.52 29.00
213.00 16.00 -107678.67 -117478.18 87.52 29.00
214.00 16.00 -107678.67 -116319.34 87.52 29.00
215.00 16.00 -107678.67 -118890.07 87.52 29.00
216.00 16.00 -107678.67 -116285.39 87.52 29.00
217.00 16.00 -107678.67 -119212.90 87.52 29.00
218.00 16.00 -107678.67 -110788.79 87.52 29.00
219.00 16.00 -107678.67 -113080.99 87.52 29.00
220.00 16.00 -107678.67 -125899.91 87.52 29.00
221.00 16.00 -107678.67 -119345.35 87.52 29.00
222.00 16.00 -107678.67 -120362.96 87.52 29.00
223.00 16.00 -107678.67 -118674.22 87.52 29.00
224.00 16.00 -107678.67 -114305.02 87.52 29.00
225.00 16.00 -107678.67 -115094.68 87.52 29.00
226.00 16.00 -107678.67 -117669.17 87.52 29.00
227.00 16.00 -107678.67 -117944.01 87.52 29.00
228.00 16.00 -107678.67 -114638.80 87.52 29.00
229.00 16.00 -107678.67 -119929.31 87.52 29.00
230.00 16.00 -107678.67 -117144.40 87.52 29.00
231.00 16.00 -107678.67 -116931.09 87.52 29.00
232.00 16.00 -107678.67 -117612.27 87.52 29.00
233.00 16.00 -107678.67 -121951.55 87.52 29.00
234.00 16.00 -107678.67 -121497.86 87.52 29.00
235.00 16.00 -107678.67 -122757.19 87.52 29.00
236.00 17.00 -107678.67 -107678.67 87.52 29.00
237.00 17.00 -107678.67 -124802.62 87.52 29.00
238.00 17.00 -107678.67 -115254.73 87.52 29.00
239.00 17.00 -107678.67 -114829.97 87.52 29.00
240.00 17.00 -107678.67 -118698.78 87.52 29.00
241.00 17.00 -107678.67 -122767.21 87.52 29.00
242.00 17.00 -107678.67 -121381.39 87.52 29.00
243.00 17.00 -107678.67 -114645.02 87.52 29.00
244.00 17.00 -107678.67 -114237.78 87.52 29.00
245.00 17.00 -107678.67 -118679.82 87.52 29.00
246.00 17.00 -107678.67 -113779.67 87.52 29.00
247.00 17.00 -107678.67 -107984.81 87.52 29.00
248.00 17.00 -107678.67 -114580.75 87.52 29.00
249.00 17.00 -107678.67 -117910.25 87.52 29.00
250.00 18.00 -107678.67 -107678.67 87.52 29.00
251.00 18.00 -107678.67 -118296.43 87.52 29.00
252.00 18.00 -107678.67 -117499.15 87.52 29.00
253.00 19.00 -107678.67 -107678.67 87.52 29.00
254.00 19.00 -107678.67 -110103.89 87.52 29.00
255.00 19.00 -107678.67 -121105.32 87.52 29.00
256.00 19.00 -107678.67 -121070.16 87.52 29.00
257.00 19.00 -107678.67 -118520.65 87.52 29.00
258.00 19.00 -107678.67 -114577.42 87.52 29.00
259.00 19.00 -107678.67 -122095.50 87.52 29.00
260.00 19.00 -107678.67 -117359.88 87.52 29.00
261.00 19.00 -107678.67 -114155.66 87.52 29.00
262.00 19.00 -107678.67 -120107.70 87.52 29.00
263.00 19.00 -107678.67 -118115.88 87.52 29.00
264.00 20.00 -104678.08 -104678.08 71.76 35.21
265.00 20.00 -104678.08 -115790.68 71.76 35.21
266.00 20.00 -104678.08 -132206.64 71.76 35.21
267.00 20.00 -104678.08 -121160.71 71.76 35.21
268.00 21.00 -104678.08 -104678.08 71.76 35.21
269.00 21.00 -104678.08 -118959.81 71.76 35.21
270.00 21.00 -104678.08 -116984.64 71.76 35.21
271.00 21.00 -104678.08 -118914.08 71.76 35.21
272.00 21.00 -104678.08 -120143.81 71.76 35.21
273.00 21.00 -104678.08 -118720.40 71.76 35.21
274.00 21.00 -104678.08 -116328.70 71.76 35.21
275.00 22.00 -104678.08 -104678.08 71.76 35.21
276.00 22.00 -104678.08 -120860.36 71.76 35.21
277.00 23.00 -104678.08 -104678.08 71.76 35.21
278.00 23.00 -104678.08 -117099.92 71.76 35.21
279.00 24.00 -104678.08 -104678.08 71.76 35.21
280.00 24.00 -104678.08 -115833.12 71.76 35.21
281.00 24.00 -104678.08 -122608.62 71.76 35.21
282.00 24.00 -104678.08 -117666.50 71.76 35.21
283.00 24.00 -104678.08 -122479.16 71.76 35.21
284.00 24.00 -104678.08 -113861.97 71.76 35.21
285.00 24.00 -104678.08 -112249.09 71.76 35.21
286.00 24.00 -104678.08 -119666.38 71.76 35.21
287.00 25.00 -104678.08 -104678.08 71.76 35.21
288.00 25.00 -104678.08 -120091.80 71.76 35.21
289.00 25.00 -104678.08 -119418.78 71.76 35.21
290.00 25.00 -104678.08 -116006.53 71.76 35.21
291.00 25.00 -104678.08 -116887.89 71.76 35.21
292.00 25.00 -104678.08 -119449.77 71.76 35.21
293.00 25.00 -104678.08 -115775.18 71.76 35.21
294.00 25.00 -104678.08 -116719.60 71.76 35.21
295.00 26.00 -104678.08 -104678.08 71.76 35.21
296.00 26.00 -104678.08 -116743.34 71.76 35.21
297.00 26.00 -104678.08 -112720.08 71.76 35.21
298.00 26.00 -104678.08 -120263.74 71.76 35.21
299.00 26.00 -104678.08 -118726.90 71.76 35.21
300.00 26.00 -104678.08 -118624.04 71.76 35.21
301.00 26.00 -104678.08 -121542.34 71.76 35.21
302.00 26.00 -104678.08 -120809.78 71.76 35.21
303.00 26.00 -104678.08 -111961.18 71.76 35.21
304.00 27.00 -104678.08 -104678.08 71.76 35.21
305.00 27.00 -104678.08 -118742.52 71.76 35.21
306.00 27.00 -104678.08 -117509.05 71.76 35.21
307.00 27.00 -104678.08 -123998.91 71.76 35.21
308.00 27.00 -104678.08 -114568.76 71.76 35.21
309.00 28.00 -104678.08 -104678.08 71.76 35.21
310.00 29.00 -104678.08 -104678.08 71.76 35.21
311.00 29.00 -104678.08 -117801.05 71.76 35.21
312.00 29.00 -104678.08 -120030.82 71.76 35.21
313.00 29.00 -104678.08 -122128.17 71.76 35.21
314.00 29.00 -104678.08 -114551.47 71.76 35.21
315.00 29.00 -104678.08 -118209.15 71.76 35.21
316.00 29.00 -104678.08 -123562.25 71.76 35.21
317.00 30.00 -104678.08 -104678.08 71.76 35.21
318.00 30.00 -104678.08 -122225.13 71.76 35.21
319.00 30.00 -104678.08 -122634.38 71.76 35.21
320.00 30.00 -104678.08 -119560.94 71.76 35.21
321.00 30.00 -104678.08 -115972.53 71.76 35.21
322.00 30.00 -104678.08 -124049.62 71.76 35.21
323.00 30.00 -104678.08 -116482.94 71.76 35.21
324.00 30.00 -104678.08 -121144.56 71.76 35.21
325.00 30.00 -104678.08 -121305.43 71.76 35.21
326.00 30.00 -104678.08 -114583.00 71.76 35.21
327.00 31.00 -104678.08 -104678.08 71.76 35.21
328.00 31.00 -104678.08 -121142.63 71.76 35.21
329.00 31.00 -104678.08 -122086.74 71.76 35.21
330.00 31.00 -104678.08 -119518.55 71.76 35.21
331.00 31.00 -104678.08 -116979.72 71.76 35.21
332.00 31.00 -104678.08 -122866.47 71.76 35.21
333.00 31.00 -104678.08 -113945.18 71.76 35.21
334.00 31.00 -104678.08 -119935.56 71.76 35.21
335.00 31.00 -104678.08 -113989.40 71.76 35.21
336.00 31.00 -104678.08 -112609.04 71.76 35.21
337.00 31.00 -104678.08 -122184.80 71.76 35.21
338.00 31.00 -104678.08 -110186.10 71.76 35.21
339.00 31.00 -104678.08 -116032.33 71.76 35.21
340.00 31.00 -104678.08 -120725.96 71.76 35.21
341.00 31.00 -104678.08 -125569.80 71.76 35.21
342.00 31.00 -104678.08 -109060.89 71.76 35.21
343.00 31.00 -104678.08 -109843.29 71.76 35.21
344.00 31.00 -104678.08 -117023.07 71.76 35.21
345.00 31.00 -104678.08 -117614.06 71.76 35.21
346.00 31.00 -104678.08 -113522.42 71.76 35.21
347.00 31.00 -104678.08 -124940.46 71.76 35.21
348.00 32.00 -104678.08 -104678.08 71.76 35.21
349.00 32.00 -104678.08 -117266.24 71.76 35.21
350.00 32.00 -104678.08 -116449.86 71.76 35.21
351.00 32.00 -104678.08 -122415.21 71.76 35.21
352.00 32.00 -104678.08 -118784.03 71.76 35.21
353.00 32.00 -104678.08 -114036.90 71.76 35.21
354.00 32.00 -104678.08 -114142.36 71.76 35.21
355.00 32.00 -104678.08 -114424.92 71.76 35.21
356.00 32.00 -104678.08 -120812.19 71.76 35.21
357.00 32.00 -104678.08 -120026.78 71.76 35.21
358.00 33.00 -104678.08 -104678.08 71.76 35.21
359.00 33.00 -104678.08 -117403.72 71.76 35.21
360.00 33.00 -104678.08 -119447.20 71.76 35.21
361.00 33.00 -104678.08 -118840.70 71.76 35.21
362.00 33.00 -104678.08 -114549.54 71.76 35.21
363.00 33.00 -104678.08 -115078.87 71.76 35.21
364.00 33.00 -104678.08 -114472.35 71.76 35.21
365.00 33.00 -104678.08 -117196.29 71.76 35.21
366.00 33.00 -104678.08 -113681.67 71.76 35.21
367.00 33.00 -104678.08 -116345.38 71.76 35.21
368.00 33.00 -104678.08 -114365.55 71.76 35.21
369.00 33.00 -104678.08 -119728.45 71.76 35.21
370.00 33.00 -104678.08 -116448.67 71.76 35.21
371.00 33.00 -104678.08 -122547.40 71.76 35.21
372.00 33.00 -104678.08 -116460.10 71.76 35.21
373.00 33.00 -104678.08 -108092.73 71.76 35.21
374.00 34.00 -104678.08 -104678.08 71.76 35.21
375.00 34.00 -104678.08 -120264.09 71.76 35.21
376.00 34.00 -104678.08 -116977.59 71.76 35.21
377.00 34.00 -104678.08 -120284.00 71.76 35.21
378.00 34.00 -104678.08 -110491.85 71.76 35.21
379.00 34.00 -104678.08 -120145.41 71.76 35.21
380.00 34.00 -104678.08 -121622.12 71.76 35.21
381.00 34.00 -104678.08 -121160.80 71.76 35.21
382.00 34.00 -104678.08 -114721.75 71.76 35.21
383.00 34.00 -104678.08 -117628.20 71.76 35.21
384.00 34.00 -104678.08 -118132.36 71.76 35.21
385.00 34.00 -104678.08 -122563.06 71.76 35.21
386.00 34.00 -104678.08 -112061.97 71.76 35.21
387.00 34.00 -104678.08 -117223.69 71.76 35.21
388.00 34.00 -104678.08 -113836.00 71.76 35.21
389.00 34.00 -104678.08 -121038.40 71.76 35.21
390.00 34.00 -104678.08 -117565.47 71.76 35.21
391.00 34.00 -104678.08 -111738.98 71.76 35.21
392.00 34.00 -104678.08 -114888.16 71.76 35.21
393.00 34.00 -104678.08 -116988.06 71.76 35.21
394.00 34.00 -104678.08 -117047.42 71.76 35.21
395.00 34.00 -104678.08 -121794.93 71.76 35.21
396.00 35.00 -104678.08 -104678.08 71.76 35.21
397.00 35.00 -104678.08 -120138.49 71.76 35.21
398.00 35.00 -104678.08 -119453.81 71.76 35.21
399.00 35.00 -104678.08 -122915.23 71.76 35.21
400.00 35.00 -104678.08 -119865.15 71.76 35.21
401.00 35.00 -104678.08 -118928.75 71.76 35.21
402.00 35.00 -104678.08 -120900.33 71.76 35.21
403.00 35.00 -104678.08 -120869.06 71.76 35.21
404.00 35.00 -104678.08 -119716.55 71.76 35.21
405.00 35.00 -104678.08 -112301.42 71.76 35.21
406.00 36.00 -104678.08 -104678.08 71.76 35.21
407.00 36.00 -104678.08 -115646.36 71.76 35.21
408.00 36.00 -104678.08 -119694.40 71.76 35.21
409.00 36.00 -104678.08 -117350.23 71.76 35.21
410.00 36.00 -104678.08 -122366.45 71.76 35.21
411.00 36.00 -104678.08 -117037.21 71.76 35.21
412.00 36.00 -104678.08 -118856.23 71.76 35.21
413.00 36.00 -104678.08 -110590.63 71.76 35.21
414.00 36.00 -104678.08 -123655.69 71.76 35.21
415.00 36.00 -104678.08 -121185.39 71.76 35.21
416.00 36.00 -104678.08 -114128.47 71.76 35.21
417.00 36.00 -104678.08 -121908.09 71.76 35.21
418.00 36.00 -104678.08 -120917.89 71.76 35.21
419.00 36.00 -104678.08 -118158.35 71.76 35.21
420.00 36.00 -104678.08 -114373.47 71.76 35.21
421.00 36.00 -104678.08 -110726.93 71.76 35.21
422.00 36.00 -104678.08 -118759.87 71.76 35.21
423.00 36.00 -104678.08 -122787.49 71.76 35.21
424.00 36.00 -104678.08 -116966.95 71.76 35.21
425.00 36.00 -104678.08 -121967.67 71.76 35.21
426.00 36.00 -104678.08 -125681.55 71.76 35.21
427.00 36.00 -104678.08 -115671.35 71.76 35.21
428.00 36.00 -104678.08 -121712.95 71.76 35.21
429.00 36.00 -104678.08 -118878.02 71.76 35.21
430.00 36.00 -104678.08 -118905.68 71.76 35.21
431.00 36.00 -104678.08 -116076.86 71.76 35.21
432.00 36.00 -104678.08 -112443.23 71.76 35.21
433.00 36.00 -104678.08 -117047.89 71.76 35.21
434.00 36.00 -104678.08 -118703.95 71.76 35.21
435.00 36.00 -104678.08 -118168.74 71.76 35.21
436.00 36.00 -104678.08 -119432.57 71.76 35.21
437.00 36.00 -104678.08 -116174.58 71.76 35.21
438.00 36.00 -104678.08 -116642.40 71.76 35.21
439.00 36.00 -104678.08 -120423.48 71.76 35.21
440.00 36.00 -104678.08 -117569.61 71.76 35.21
441.00 37.00 -104678.08 -104678.08 71.76 35.21
442.00 37.00 -104678.08 -116768.19 71.76 35.21
443.00 37.00 -104678.08 -124122.91 71.76 35.21
444.00 37.00 -104678.08 -115265.68 71.76 35.21
445.00 37.00 -104678.08 -121619.95 71.76 35.21
446.00 37.00 -104678.08 -119671.41 71.76 35.21
447.00 37.00 -104678.08 -111453.56 71.76 35.21
448.00 37.00 -104678.08 -120120.68 71.76 35.21
449.00 37.00 -104678.08 -120715.47 71.76 35.21
450.00 37.00 -104678.08 -115322.84 71.76 35.21
451.00 37.00 -104678.08 -121202.91 71.76 35.21
452.00 37.00 -104678.08 -120370.54 71.76 35.21
453.00 37.00 -104678.08 -118140.34 71.76 35.21
454.00 37.00 -104678.08 -118923.53 71.76 35.21
455.00 37.00 -104678.08 -114511.32 71.76 35.21
456.00 37.00 -104678.08 -116323.58 71.76 35.21
457.00 37.00 -104678.08 -113629.66 71.76 35.21
458.00 37.00 -104678.08 -116207.96 71.76 35.21
459.00 37.00 -104678.08 -114479.68 71.76 35.21
460.00 37.00 -104678.08 -125287.16 71.76 35.21
461.00 37.00 -104678.08 -122529.67 71.76 35.21
462.00 37.00 -104678.08 -116152.52 71.76 35.21
463.00 37.00 -104678.08 -118558.77 71.76 35.21
464.00 37.00 -104678.08 -119249.63 71.76 35.21
465.00 37.00 -104678.08 -121282.89 71.76 35.21
466.00 37.00 -104678.08 -112981.95 71.76 35.21
467.00 37.00 -104678.08 -114065.95 71.76 35.21
468.00 37.00 -104678.08 -120065.47 71.76 35.21
469.00 37.00 -104678.08 -121582.36 71.76 35.21
470.00 37.00 -104678.08 -123475.83 71.76 35.21
471.00 38.00 -104678.08 -104678.08 71.76 35.21
472.00 38.00 -104678.08 -121403.31 71.76 35.21
473.00 38.00 -104678.08 -113718.86 71.76 35.21
474.00 38.00 -104678.08 -115928.65 71.76 35.21
475.00 38.00 -104678.08 -122880.30 71.76 35.21
476.00 38.00 -104678.08 -112930.93 71.76 35.21
477.00 38.00 -104678.08 -113116.00 71.76 35.21
478.00 38.00 -104678.08 -119167.94 71.76 35.21
479.00 38.00 -104678.08 -119780.11 71.76 35.21
480.00 38.00 -104678.08 -117744.88 71.76 35.21
481.00 38.00 -104678.08 -125154.39 71.76 35.21
482.00 38.00 -104678.08 -115409.07 71.76 35.21
483.00 38.00 -104678.08 -111963.21 71.76 35.21
484.00 38.00 -104678.08 -118018.38 71.76 35.21
485.00 38.00 -104678.08 -106930.79 71.76 35.21
486.00 38.00 -104678.08 -123389.91 71.76 35.21
487.00 38.00 -104678.08 -120056.81 71.76 35.21
488.00 38.00 -104678.08 -120387.12 71.76 35.21
489.00 38.00 -104678.08 -118473.40 71.76 35.21
490.00 38.00 -104678.08 -121036.97 71.76 35.21
491.00 38.00 -104678.08 -123463.81 71.76 35.21
492.00 38.00 -104678.08 -119459.95 71.76 35.21
493.00 38.00 -104678.08 -120902.22 71.76 35.21
494.00 38.00 -104678.08 -117028.53 71.76 35.21
495.00 38.00 -104678.08 -116383.12 71.76 35.21
496.00 38.00 -104678.08 -118850.01 71.76 35.21
497.00 38.00 -104678.08 -124812.49 71.76 35.21
498.00 38.00 -104678.08 -118594.87 71.76 35.21
499.00 38.00 -104678.08 -117411.49 71.76 35.21
500.00 38.00 -104678.08 -110712.34 71.76 35.21
501.00 39.00 -104678.08 -104678.08 71.76 35.21
502.00 39.00 -104678.08 -121892.42 71.76 35.21
503.00 39.00 -104678.08 -113576.40 71.76 35.21
504.00 40.00 -104678.08 -104678.08 71.76 35.21
505.00 40.00 -104678.08 -121408.36 71.76 35.21
506.00 40.00 -104678.08 -121562.97 71.76 35.21
507.00 40.00 -104678.08 -110502.47 71.76 35.21
508.00 40.00 -104678.08 -118802.83 71.76 35.21
509.00 40.00 -104678.08 -115546.73 71.76 35.21
510.00 41.00 -104400.64 -104400.64 69.26 42.13
511.00 41.00 -104400.64 -122849.99 69.26 42.13
512.00 41.00 -104400.64 -120203.13 69.26 42.13
513.00 41.00 -104400.64 -120474.47 69.26 42.13
514.00 41.00 -104400.64 -120330.78 69.26 42.13
515.00 41.00 -104400.64 -117173.61 69.26 42.13
516.00 41.00 -104400.64 -115000.72 69.26 42.13
517.00 41.00 -104400.64 -122269.34 69.26 42.13
518.00 41.00 -104400.64 -117374.56 69.26 42.13
519.00 41.00 -104400.64 -121022.29 69.26 42.13
520.00 41.00 -104400.64 -121607.30 69.26 42.13
521.00 41.00 -104400.64 -112558.58 69.26 42.13
522.00 41.00 -104400.64 -120231.02 69.26 42.13
523.00 41.00 -104400.64 -116466.73 69.26 42.13
524.00 41.00 -104400.64 -120295.28 69.26 42.13
525.00 41.00 -104400.64 -120146.09 69.26 42.13
526.00 41.00 -104400.64 -120792.64 69.26 42.13
527.00 41.00 -104400.64 -116698.33 69.26 42.13
528.00 41.00 -104400.64 -115310.82 69.26 42.13
529.00 41.00 -104400.64 -113925.38 69.26 42.13
530.00 41.00 -104400.64 -120210.52 69.26 42.13
531.00 41.00 -104400.64 -118545.24 69.26 42.13
532.00 41.00 -104400.64 -121623.15 69.26 42.13
533.00 41.00 -104400.64 -117872.08 69.26 42.13
534.00 41.00 -104400.64 -116285.76 69.26 42.13
535.00 41.00 -104400.64 -121018.75 69.26 42.13
536.00 41.00 -104400.64 -118272.45 69.26 42.13
537.00 41.00 -104400.64 -111202.77 69.26 42.13
538.00 41.00 -104400.64 -118605.39 69.26 42.13
539.00 41.00 -104400.64 -119622.30 69.26 42.13
540.00 41.00 -104400.64 -118256.57 69.26 42.13
541.00 41.00 -104400.64 -119652.93 69.26 42.13
542.00 41.00 -104400.64 -119449.64 69.26 42.13
543.00 41.00 -104400.64 -122124.25 69.26 42.13
544.00 41.00 -104400.64 -117970.61 69.26 42.13
545.00 41.00 -104400.64 -121312.96 69.26 42.13
546.00 41.00 -104400.64 -111681.57 69.26 42.13
547.00 41.00 -104400.64 -111554.38 69.26 42.13
548.00 41.00 -104400.64 -118425.60 69.26 42.13
549.00 41.00 -104400.64 -110643.69 69.26 42.13
550.00 41.00 -104400.64 -118733.19 69.26 42.13
551.00 41.00 -104400.64 -117477.86 69.26 42.13
552.00 41.00 -104400.64 -116709.96 69.26 42.13
553.00 41.00 -104400.64 -114188.58 69.26 42.13
554.00 41.00 -104400.64 -117318.35 69.26 42.13
555.00 41.00 -104400.64 -117603.10 69.26 42.13
556.00 41.00 -104400.64 -119114.80 69.26 42.13
557.00 41.00 -104400.64 -120069.34 69.26 42.13
558.00 41.00 -104400.64 -113153.13 69.26 42.13
559.00 42.00 -104400.64 -104400.64 69.26 42.13
560.00 42.00 -104400.64 -113628.36 69.26 42.13
561.00 42.00 -104400.64 -121485.79 69.26 42.13
562.00 42.00 -104400.64 -119194.64 69.26 42.13
563.00 42.00 -104400.64 -112352.28 69.26 42.13
564.00 42.00 -104400.64 -114680.30 69.26 42.13
565.00 42.00 -104400.64 -116486.76 69.26 42.13
566.00 42.00 -104400.64 -118676.15 69.26 42.13
567.00 42.00 -104400.64 -121829.94 69.26 42.13
568.00 42.00 -104400.64 -115971.06 69.26 42.13
569.00 42.00 -104400.64 -117305.77 69.26 42.13
570.00 42.00 -104400.64 -115843.81 69.26 42.13
571.00 42.00 -104400.64 -105384.90 69.26 42.13
572.00 42.00 -104400.64 -122758.47 69.26 42.13
573.00 42.00 -104400.64 -116633.29 69.26 42.13
574.00 42.00 -104400.64 -121218.22 69.26 42.13
575.00 42.00 -104400.64 -119076.69 69.26 42.13
576.00 42.00 -104400.64 -116026.01 69.26 42.13
577.00 42.00 -104400.64 -112121.98 69.26 42.13
578.00 42.00 -104400.64 -113741.81 69.26 42.13
579.00 42.00 -104400.64 -112314.16 69.26 42.13
580.00 42.00 -104400.64 -110673.56 69.26 42.13
581.00 42.00 -104400.64 -120751.07 69.26 42.13
582.00 42.00 -104400.64 -120419.64 69.26 42.13
583.00 42.00 -104400.64 -118487.29 69.26 42.13
584.00 42.00 -104400.64 -121061.80 69.26 42.13
585.00 42.00 -104400.64 -120933.60 69.26 42.13
586.00 42.00 -104400.64 -118517.62 69.26 42.13
587.00 42.00 -104400.64 -117109.77 69.26 42.13
588.00 42.00 -104400.64 -118775.82 69.26 42.13
589.00 42.00 -104400.64 -121915.64 69.26 42.13
590.00 42.00 -104400.64 -116729.21 69.26 42.13
591.00 42.00 -104400.64 -121560.26 69.26 42.13
592.00 42.00 -104400.64 -117180.32 69.26 42.13
593.00 42.00 -104400.64 -119898.64 69.26 42.13
594.00 42.00 -104400.64 -120385.16 69.26 42.13
595.00 42.00 -104400.64 -111621.90 69.26 42.13
596.00 42.00 -104400.64 -116015.29 69.26 42.13
597.00 42.00 -104400.64 -117659.37 69.26 42.13
598.00 42.00 -104400.64 -123750.55 69.26 42.13
599.00 42.00 -104400.64 -121825.44 69.26 42.13
600.00 42.00 -104400.64 -116269.38 69.26 42.13
601.00 42.00 -104400.64 -113193.58 69.26 42.13
602.00 42.00 -104400.64 -113888.25 69.26 42.13
603.00 42.00 -104400.64 -118677.79 69.26 42.13
604.00 42.00 -104400.64 -116765.02 69.26 42.13
605.00 42.00 -104400.64 -113456.39 69.26 42.13
606.00 42.00 -104400.64 -121976.32 69.26 42.13
607.00 42.00 -104400.64 -112985.68 69.26 42.13
608.00 42.00 -104400.64 -119047.45 69.26 42.13
609.00 42.00 -104400.64 -120366.27 69.26 42.13
610.00 42.00 -104400.64 -118697.28 69.26 42.13
611.00 42.00 -104400.64 -117520.34 69.26 42.13
612.00 42.00 -104400.64 -119923.25 69.26 42.13
613.00 42.00 -104400.64 -118343.56 69.26 42.13
614.00 42.00 -104400.64 -119967.49 69.26 42.13
615.00 42.00 -104400.64 -115309.41 69.26 42.13
616.00 42.00 -104400.64 -112586.36 69.26 42.13
617.00 42.00 -104400.64 -120011.85 69.26 42.13
618.00 42.00 -104400.64 -122396.77 69.26 42.13
619.00 42.00 -104400.64 -113777.40 69.26 42.13
620.00 42.00 -104400.64 -118794.38 69.26 42.13
621.00 42.00 -104400.64 -114301.59 69.26 42.13
622.00 42.00 -104400.64 -124564.08 69.26 42.13
623.00 42.00 -104400.64 -114532.53 69.26 42.13
