0.00 0.00 -73598.87 -77214.91 0.00 0.00
1.00 0.00 -73598.87 -73763.86 0.00 0.00
2.00 0.00 -73598.87 -76442.76 0.00 0.00
3.00 1.00 -73347.31 -73347.31 158.32 115.18
4.00 2.00 -73318.06 -73318.06 160.04 103.21
5.00 3.00 -71959.66 -71959.66 143.98 82.35
6.00 4.00 -71769.24 -71769.24 140.41 87.25
7.00 4.00 -71769.24 -73338.17 140.41 87.25
8.00 4.00 -71769.24 -74658.57 140.41 87.25
9.00 4.00 -71769.24 -72719.48 140.41 87.25
10.00 4.00 -71769.24 -73861.06 140.41 87.25
11.00 5.00 -71257.43 -71257.43 133.70 86.28
12.00 5.00 -71257.43 -74292.96 133.70 86.28
13.00 5.00 -71257.43 -74567.47 133.70 86.28
14.00 5.00 -71257.43 -72579.90 133.70 86.28
15.00 5.00 -71257.43 -76109.38 133.70 86.28
16.00 5.00 -71257.43 -71341.66 133.70 86.28
17.00 5.00 -71257.43 -75820.04 133.70 86.28
18.00 5.00 -71257.43 -74486.06 133.70 86.28
19.00 5.00 -71257.43 -72504.03 133.70 86.28
20.00 5.00 -71257.43 -74794.55 133.70 86.28
21.00 5.00 -71257.43 -73374.19 133.70 86.28
22.00 5.00 -71257.43 -73075.51 133.70 86.28
23.00 5.00 -71257.43 -74161.52 133.70 86.28
24.00 5.00 -71257.43 -73433.63 133.70 86.28
25.00 5.00 -71257.43 -73076.45 133.70 86.28
26.00 5.00 -71257.43 -73739.69 133.70 86.28
27.00 5.00 -71257.43 -73458.18 133.70 86.28
28.00 6.00 -70455.93 -70455.93 124.45 80.91
29.00 6.00 -70455.93 -72795.08 124.45 80.91
30.00 6.00 -70455.93 -73020.15 124.45 80.91
31.00 7.00 -70260.80 -70260.80 123.18 74.53
32.00 7.00 -70260.80 -70989.76 123.18 74.53
33.00 7.00 -70260.80 -71091.89 123.18 74.53
34.00 7.00 -70260.80 -75026.99 123.18 74.53
35.00 7.00 -70260.80 -70922.97 123.18 74.53
36.00 7.00 -70260.80 -74621.74 123.18 74.53
37.00 7.00 -70260.80 -73141.38 123.18 74.53
38.00 7.00 -70260.80 -73025.58 123.18 74.53
39.00 7.00 -70260.80 -71682.51 123.18 74.53
40.00 7.00 -70260.80 -73886.40 123.18 74.53
41.00 7.00 -70260.80 -73771.19 123.18 74.53
42.00 7.00 -70260.80 -73303.49 123.18 74.53
43.00 7.00 -70260.80 -76421.44 123.18 74.53
44.00 7.00 -70260.80 -74143.77 123.18 74.53
45.00 7.00 -70260.80 -70536.21 123.18 74.53
46.00 7.00 -70260.80 -71667.00 123.18 74.53
47.00 7.00 -70260.80 -75465.12 123.18 74.53
48.00 7.00 -70260.80 -75343.56 123.18 74.53
49.00 7.00 -70260.80 -70605.65 123.18 74.53
50.00 7.00 -70260.80 -71172.52 123.18 74.53
51.00 7.00 -70260.80 -71601.03 123.18 74.53
52.00 7.00 -70260.80 -72705.78 123.18 74.53
53.00 7.00 -70260.80 -70835.10 123.18 74.53
54.00 7.00 -70260.80 -72351.22 123.18 74.53
55.00 7.00 -70260.80 -71394.83 123.18 74.53
56.00 7.00 -70260.80 -71096.31 123.18 74.53
57.00 7.00 -70260.80 -75671.15 123.18 74.53
58.00 7.00 -70260.80 -75875.43 123.18 74.53
59.00 8.00 -68623.90 -68623.90 110.32 49.40
60.00 8.00 -68623.90 -69501.51 110.32 49.40
61.00 9.00 -66749.70 -66749.70 96.67 31.14
62.00 9.00 -66749.70 -70610.68 96.67 31.14
63.00 9.00 -66749.70 -69936.86 96.67 31.14
64.00 9.00 -66749.70 -67967.80 96.67 31.14
65.00 9.00 -66749.70 -73723.95 96.67 31.14
66.00 9.00 -66749.70 -68661.45 96.67 31.14
67.00 9.00 -66749.70 -72003.23 96.67 31.14
68.00 9.00 -66749.70 -69696.64 96.67 31.14
69.00 9.00 -66749.70 -68979.30 96.67 31.14
70.00 9.00 -66749.70 -74393.26 96.67 31.14
71.00 9.00 -66749.70 -70640.36 96.67 31.14
72.00 9.00 -66749.70 -72867.33 96.67 31.14
73.00 9.00 -66749.70 -73660.10 96.67 31.14
74.00 9.00 -66749.70 -69353.46 96.67 31.14
75.00 9.00 -66749.70 -74777.60 96.67 31.14
76.00 9.00 -66749.70 -72904.66 96.67 31.14
77.00 9.00 -66749.70 -69491.66 96.67 31.14
78.00 9.00 -66749.70 -72410.05 96.67 31.14
79.00 9.00 -66749.70 -71184.09 96.67 31.14
80.00 9.00 -66749.70 -74773.20 96.67 31.14
81.00 10.00 -64705.15 -64705.15 78.91 33.37
82.00 10.00 -64705.15 -70708.09 78.91 33.37
83.00 10.00 -64705.15 -71017.88 78.91 33.37
84.00 10.00 -64705.15 -73804.96 78.91 33.37
85.00 10.00 -64705.15 -71109.71 78.91 33.37
86.00 10.00 -64705.15 -69876.75 78.91 33.37
87.00 10.00 -64705.15 -73374.82 78.91 33.37
88.00 10.00 -64705.15 -72264.29 78.91 33.37
89.00 10.00 -64705.15 -68470.19 78.91 33.37
90.00 10.00 -64705.15 -72421.82 78.91 33.37
91.00 10.00 -64705.15 -71443.31 78.91 33.37
92.00 10.00 -64705.15 -72168.23 78.91 33.37
93.00 10.00 -64705.15 -71335.20 78.91 33.37
94.00 10.00 -64705.15 -72888.20 78.91 33.37
95.00 10.00 -64705.15 -76519.43 78.91 33.37
96.00 10.00 -64705.15 -76959.38 78.91 33.37
97.00 10.00 -64705.15 -72863.64 78.91 33.37
98.00 10.00 -64705.15 -69916.51 78.91 33.37
99.00 10.00 -64705.15 -69530.44 78.91 33.37
100.00 10.00 -64705.15 -70610.24 78.91 33.37
101.00 10.00 -64705.15 -75804.09 78.91 33.37
102.00 10.00 -64705.15 -71505.34 78.91 33.37
103.00 10.00 -64705.15 -73862.74 78.91 33.37
104.00 10.00 -64705.15 -69716.68 78.91 33.37
105.00 11.00 -64705.15 -64705.15 78.91 33.37
106.00 11.00 -64705.15 -69240.07 78.91 33.37
107.00 11.00 -64705.15 -71454.09 78.91 33.37
108.00 11.00 -64705.15 -70203.33 78.91 33.37
109.00 11.00 -64705.15 -73501.76 78.91 33.37
110.00 11.00 -64705.15 -72270.81 78.91 33.37
111.00 11.00 -64705.15 -70917.25 78.91 33.37
112.00 11.00 -64705.15 -70818.97 78.91 33.37
113.00 11.00 -64705.15 -68578.98 78.91 33.37
114.00 11.00 -64705.15 -69500.02 78.91 33.37
115.00 11.00 -64705.15 -72470.51 78.91 33.37
116.00 11.00 -64705.15 -68270.04 78.91 33.37
117.00 11.00 -64705.15 -70141.75 78.91 33.37
118.00 11.00 -64705.15 -76013.32 78.91 33.37
119.00 11.00 -64705.15 -70323.76 78.91 33.37
120.00 11.00 -64705.15 -69817.89 78.91 33.37
121.00 11.00 -64705.15 -73227.59 78.91 33.37
122.00 11.00 -64705.15 -68781.18 78.91 33.37
123.00 11.00 -64705.15 -72456.71 78.91 33.37
124.00 11.00 -64705.15 -75210.89 78.91 33.37
125.00 11.00 -64705.15 -70069.07 78.91 33.37
126.00 11.00 -64705.15 -73833.21 78.91 33.37
127.00 11.00 -64705.15 -72858.53 78.91 33.37
128.00 11.00 -64705.15 -73747.92 78.91 33.37
129.00 11.00 -64705.15 -72266.53 78.91 33.37
130.00 11.00 -64705.15 -69924.06 78.91 33.37
131.00 11.00 -64705.15 -71927.88 78.91 33.37
132.00 11.00 -64705.15 -71411.16 78.91 33.37
133.00 11.00 -64705.15 -73408.31 78.91 33.37
134.00 11.00 -64705.15 -67540.13 78.91 33.37
135.00 11.00 -64705.15 -72680.64 78.91 33.37
136.00 11.00 -64705.15 -71394.57 78.91 33.37
137.00 11.00 -64705.15 -69427.72 78.91 33.37
138.00 11.00 -64705.15 -72604.10 78.91 33.37
139.00 11.00 -64705.15 -70316.96 78.91 33.37
140.00 11.00 -64705.15 -72059.61 78.91 33.37
141.00 11.00 -64705.15 -72411.51 78.91 33.37
142.00 11.00 -64705.15 -72248.86 78.91 33.37
143.00 11.00 -64705.15 -72157.73 78.91 33.37
144.00 11.00 -64705.15 -74319.51 78.91 33.37
145.00 11.00 -64705.15 -70822.46 78.91 33.37
146.00 11.00 -64705.15 -73554.44 78.91 33.37
147.00 11.00 -64705.15 -72869.97 78.91 33.37
148.00 11.00 -64705.15 -69986.98 78.91 33.37
149.00 11.00 -64705.15 -68979.18 78.91 33.37
150.00 11.00 -64705.15 -73648.07 78.91 33.37
151.00 11.00 -64705.15 -73375.40 78.91 33.37
152.00 11.00 -64705.15 -71852.97 78.91 33.37
153.00 11.00 -64705.15 -68576.65 78.91 33.37
154.00 11.00 -64705.15 -71271.41 78.91 33.37
155.00 11.00 -64705.15 -72178.32 78.91 33.37
156.00 11.00 -64705.15 -72218.96 78.91 33.37
157.00 11.00 -64705.15 -69706.32 78.91 33.37
158.00 12.00 -64705.15 -64705.15 78.91 33.37
159.00 13.00 -64705.15 -64705.15 78.91 33.37
160.00 13.00 -64705.15 -70326.10 78.91 33.37
161.00 13.00 -64705.15 -72999.48 78.91 33.37
162.00 13.00 -64705.15 -68898.18 78.91 33.37
163.00 13.00 -64705.15 -71144.81 78.91 33.37
164.00 13.00 -64705.15 -70634.47 78.91 33.37
165.00 14.00 -64705.15 -64705.15 78.91 33.37
166.00 14.00 -64705.15 -74250.85 78.91 33.37
167.00 14.00 -64705.15 -72154.59 78.91 33.37
168.00 14.00 -64705.15 -71868.25 78.91 33.37
169.00 14.00 -64705.15 -74862.79 78.91 33.37
170.00 14.00 -64705.15 -70333.29 78.91 33.37
171.00 14.00 -64705.15 -67048.44 78.91 33.37
172.00 14.00 -64705.15 -73405.99 78.91 33.37
173.00 14.00 -64705.15 -73071.53 78.91 33.37
174.00 14.00 -64705.15 -71627.14 78.91 33.37
175.00 14.00 -64705.15 -72732.30 78.91 33.37
176.00 14.00 -64705.15 -65952.38 78.91 33.37
177.00 14.00 -64705.15 -74321.95 78.91 33.37
178.00 14.00 -64705.15 -72626.23 78.91 33.37
179.00 14.00 -64705.15 -69019.79 78.91 33.37
180.00 14.00 -64705.15 -74078.56 78.91 33.37
181.00 14.00 -64705.15 -72616.99 78.91 33.37
182.00 14.00 -64705.15 -71262.50 78.91 33.37
183.00 14.00 -64705.15 -70824.61 78.91 33.37
184.00 14.00 -64705.15 -71335.59 78.91 33.37
185.00 14.00 -64705.15 -74621.89 78.91 33.37
186.00 14.00 -64705.15 -71283.15 78.91 33.37
187.00 14.00 -64705.15 -73574.19 78.91 33.37
188.00 14.00 -64705.15 -73936.84 78.91 33.37
189.00 14.00 -64705.15 -71535.64 78.91 33.37
190.00 14.00 -64705.15 -67513.93 78.91 33.37
191.00 14.00 -64705.15 -70036.61 78.91 33.37
192.00 14.00 -64705.15 -66930.79 78.91 33.37
193.00 14.00 -64705.15 -69845.97 78.91 33.37
194.00 14.00 -64705.15 -72388.39 78.91 33.37
195.00 14.00 -64705.15 -76929.97 78.91 33.37
196.00 14.00 -64705.15 -72726.08 78.91 33.37
197.00 14.00 -64705.15 -72792.30 78.91 33.37
198.00 14.00 -64705.15 -73198.47 78.91 33.37
199.00 14.00 -64705.15 -71969.14 78.91 33.37
200.00 14.00 -64705.15 -75316.42 78.91 33.37
201.00 14.00 -64705.15 -71807.65 78.91 33.37
202.00 14.00 -64705.15 -68226.54 78.91 33.37
203.00 14.00 -64705.15 -71784.80 78.91 33.37
204.00 14.00 -64705.15 -70436.27 78.91 33.37
205.00 14.00 -64705.15 -70562.34 78.91 33.37
206.00 14.00 -64705.15 -68368.72 78.91 33.37
207.00 14.00 -64705.15 -71102.07 78.91 33.37
208.00 14.00 -64705.15 -71595.27 78.91 33.37
209.00 14.00 -64705.15 -74374.93 78.91 33.37
210.00 15.00 -64705.15 -64705.15 78.91 33.37
211.00 15.00 -64705.15 -66956.50 78.91 33.37
212.00 15.00 -64705.15 -73466.05 78.91 33.37
213.00 15.00 -64705.15 -73115.34 78.91 33.37
214.00 15.00 -64705.15 -73017.24 78.91 33.37
215.00 15.00 -64705.15 -69586.15 78.91 33.37
216.00 15.00 -64705.15 -74849.76 78.91 33.37
217.00 15.00 -64705.15 -71033.81 78.91 33.37
218.00 15.00 -64705.15 -73233.76 78.91 33.37
219.00 16.00 -64705.15 -64705.15 78.91 33.37
220.00 16.00 -64705.15 -74278.48 78.91 33.37
221.00 16.00 -64705.15 -71715.02 78.91 33.37
222.00 16.00 -64705.15 -76405.46 78.91 33.37
223.00 16.00 -64705.15 -73307.25 78.91 33.37
224.00 16.00 -64705.15 -73966.68 78.91 33.37
225.00 16.00 -64705.15 -72618.87 78.91 33.37
226.00 16.00 -64705.15 -73512.22 78.91 33.37
227.00 16.00 -64705.15 -74647.34 78.91 33.37
228.00 16.00 -64705.15 -71035.00 78.91 33.37
229.00 16.00 -64705.15 -70418.91 78.91 33.37
230.00 16.00 -64705.15 -73869.84 78.91 33.37
231.00 16.00 -64705.15 -71471.36 78.91 33.37
232.00 16.00 -64705.15 -69215.61 78.91 33.37
233.00 16.00 -64705.15 -71941.74 78.91 33.37
234.00 16.00 -64705.15 -71212.74 78.91 33.37
235.00 16.00 -64705.15 -71697.96 78.91 33.37
236.00 16.00 -64705.15 -76681.81 78.91 33.37
237.00 16.00 -64705.15 -68037.12 78.91 33.37
238.00 16.00 -64705.15 -71305.06 78.91 33.37
239.00 16.00 -64705.15 -72130.56 78.91 33.37
240.00 16.00 -64705.15 -69159.47 78.91 33.37
241.00 16.00 -64705.15 -75341.79 78.91 33.37
242.00 16.00 -64705.15 -70233.34 78.91 33.37
243.00 16.00 -64705.15 -73543.90 78.91 33.37
244.00 16.00 -64705.15 -74225.66 78.91 33.37
245.00 16.00 -64705.15 -76368.84 78.91 33.37
246.00 16.00 -64705.15 -73402.07 78.91 33.37
247.00 16.00 -64705.15 -69525.85 78.91 33.37
248.00 16.00 -64705.15 -70754.52 78.91 33.37
249.00 17.00 -64705.15 -64705.15 78.91 33.37
250.00 17.00 -64705.15 -71864.03 78.91 33.37
251.00 17.00 -64705.15 -69876.48 78.91 33.37
252.00 17.00 -64705.15 -68463.70 78.91 33.37
253.00 17.00 -64705.15 -78099.64 78.91 33.37
254.00 17.00 -64705.15 -72214.83 78.91 33.37
255.00 17.00 -64705.15 -73800.02 78.91 33.37
256.00 17.00 -64705.15 -73633.83 78.91 33.37
257.00 17.00 -64705.15 -72937.79 78.91 33.37
258.00 17.00 -64705.15 -72550.10 78.91 33.37
259.00 17.00 -64705.15 -68505.16 78.91 33.37
260.00 17.00 -64705.15 -70784.96 78.91 33.37
261.00 17.00 -64705.15 -74264.89 78.91 33.37
262.00 17.00 -64705.15 -71078.80 78.91 33.37
263.00 17.00 -64705.15 -69191.22 78.91 33.37
264.00 17.00 -64705.15 -65438.43 78.91 33.37
265.00 17.00 -64705.15 -75567.58 78.91 33.37
266.00 17.00 -64705.15 -71971.17 78.91 33.37
267.00 17.00 -64705.15 -70930.93 78.91 33.37
268.00 17.00 -64705.15 -72796.50 78.91 33.37
269.00 17.00 -64705.15 -72249.06 78.91 33.37
270.00 17.00 -64705.15 -74591.75 78.91 33.37
271.00 17.00 -64705.15 -73800.56 78.91 33.37
272.00 17.00 -64705.15 -76668.29 78.91 33.37
273.00 17.00 -64705.15 -72164.89 78.91 33.37
274.00 17.00 -64705.15 -72015.15 78.91 33.37
275.00 17.00 -64705.15 -72674.59 78.91 33.37
276.00 17.00 -64705.15 -71529.64 78.91 33.37
277.00 17.00 -64705.15 -66898.59 78.91 33.37
278.00 17.00 -64705.15 -74639.39 78.91 33.37
279.00 17.00 -64705.15 -72863.37 78.91 33.37
280.00 17.00 -64705.15 -68490.24 78.91 33.37
281.00 17.00 -64705.15 -73582.88 78.91 33.37
282.00 17.00 -64705.15 -69580.97 78.91 33.37
283.00 17.00 -64705.15 -65245.80 78.91 33.37
284.00 17.00 -64705.15 -68535.06 78.91 33.37
285.00 17.00 -64705.15 -70530.81 78.91 33.37
286.00 17.00 -64705.15 -73598.17 78.91 33.37
287.00 17.00 -64705.15 -71219.36 78.91 33.37
288.00 17.00 -64705.15 -78707.21 78.91 33.37
289.00 17.00 -64705.15 -74822.36 78.91 33.37
290.00 17.00 -64705.15 -69997.03 78.91 33.37
291.00 17.00 -64705.15 -72189.03 78.91 33.37
292.00 17.00 -64705.15 -73525.85 78.91 33.37
293.00 17.00 -64705.15 -70555.62 78.91 33.37
294.00 17.00 -64705.15 -70969.79 78.91 33.37
295.00 17.00 -64705.15 -69518.82 78.91 33.37
296.00 17.00 -64705.15 -69508.53 78.91 33.37
297.00 17.00 -64705.15 -75225.69 78.91 33.37
298.00 17.00 -64705.15 -70199.98 78.91 33.37
299.00 17.00 -64705.15 -71916.99 78.91 33.37
300.00 17.00 -64705.15 -72860.37 78.91 33.37
301.00 17.00 -64705.15 -71675.80 78.91 33.37
302.00 17.00 -64705.15 -69991.01 78.91 33.37
303.00 17.00 -64705.15 -70925.00 78.91 33.37
304.00 17.00 -64705.15 -71146.59 78.91 33.37
305.00 17.00 -64705.15 -66931.88 78.91 33.37
306.00 17.00 -64705.15 -73626.30 78.91 33.37
307.00 17.00 -64705.15 -67519.36 78.91 33.37
308.00 17.00 -64705.15 -72788.54 78.91 33.37
309.00 17.00 -64705.15 -76045.07 78.91 33.37
310.00 17.00 -64705.15 -74812.82 78.91 33.37
311.00 17.00 -64705.15 -70486.99 78.91 33.37
312.00 17.00 -64705.15 -73358.91 78.91 33.37
313.00 17.00 -64705.15 -71501.11 78.91 33.37
314.00 17.00 -64705.15 -69826.71 78.91 33.37
315.00 18.00 -64705.15 -64705.15 78.91 33.37
316.00 18.00 -64705.15 -73539.90 78.91 33.37
317.00 18.00 -64705.15 -75045.11 78.91 33.37
318.00 18.00 -64705.15 -74344.04 78.91 33.37
319.00 18.00 -64705.15 -72497.97 78.91 33.37
320.00 18.00 -64705.15 -77427.55 78.91 33.37
321.00 18.00 -64705.15 -69949.10 78.91 33.37
322.00 18.00 -64705.15 -72741.86 78.91 33.37
323.00 18.00 -64705.15 -73503.47 78.91 33.37
324.00 18.00 -64705.15 -73558.90 78.91 33.37
325.00 18.00 -64705.15 -71660.26 78.91 33.37
326.00 18.00 -64705.15 -71855.00 78.91 33.37
327.00 18.00 -64705.15 -68945.61 78.91 33.37
328.00 18.00 -64705.15 -72689.14 78.91 33.37
329.00 18.00 -64705.15 -67696.90 78.91 33.37
330.00 18.00 -64705.15 -73342.47 78.91 33.37
331.00 18.00 -64705.15 -67277.86 78.91 33.37
332.00 18.00 -64705.15 -73644.54 78.91 33.37
333.00 18.00 -64705.15 -70253.53 78.91 33.37
334.00 18.00 -64705.15 -71779.37 78.91 33.37
335.00 18.00 -64705.15 -70926.20 78.91 33.37
336.00 18.00 -64705.15 -69005.24 78.91 33.37
337.00 18.00 -64705.15 -73649.00 78.91 33.37
338.00 18.00 -64705.15 -72103.92 78.91 33.37
339.00 18.00 -64705.15 -69265.56 78.91 33.37
340.00 18.00 -64705.15 -72507.88 78.91 33.37
341.00 18.00 -64705.15 -73318.95 78.91 33.37
342.00 18.00 -64705.15 -74314.12 78.91 33.37
343.00 18.00 -64705.15 -73667.20 78.91 33.37
344.00 18.00 -64705.15 -72466.13 78.91 33.37
345.00 18.00 -64705.15 -70168.89 78.91 33.37
346.00 18.00 -64705.15 -78445.27 78.91 33.37
347.00 18.00 -64705.15 -72479.27 78.91 33.37
348.00 18.00 -64705.15 -68825.56 78.91 33.37
349.00 18.00 -64705.15 -69879.00 78.91 33.37
350.00 18.00 -64705.15 -73039.43 78.91 33.37
351.00 18.00 -64705.15 -70060.13 78.91 33.37
352.00 18.00 -64705.15 -70943.51 78.91 33.37
353.00 18.00 -64705.15 -74231.60 78.91 33.37
354.00 18.00 -64705.15 -73038.63 78.91 33.37
355.00 18.00 -64705.15 -69731.39 78.91 33.37
356.00 18.00 -64705.15 -72239.19 78.91 33.37
357.00 18.00 -64705.15 -77800.35 78.91 33.37
358.00 18.00 -64705.15 -69945.49 78.91 33.37
359.00 18.00 -64705.15 -72651.63 78.91 33.37
360.00 18.00 -64705.15 -73240.69 78.91 33.37
361.00 18.00 -64705.15 -72956.58 78.91 33.37
362.00 18.00 -64705.15 -72030.04 78.91 33.37
363.00 18.00 -64705.15 -72534.87 78.91 33.37
364.00 18.00 -64705.15 -70805.38 78.91 33.37
365.00 18.00 -64705.15 -69728.37 78.91 33.37
366.00 18.00 -64705.15 -73891.37 78.91 33.37
367.00 18.00 -64705.15 -69254.44 78.91 33.37
368.00 18.00 -64705.15 -73385.44 78.91 33.37
369.00 18.00 -64705.15 -70598.09 78.91 33.37
370.00 18.00 -64705.15 -74611.85 78.91 33.37
371.00 18.00 -64705.15 -76814.27 78.91 33.37
372.00 18.00 -64705.15 -72099.03 78.91 33.37
373.00 18.00 -64705.15 -74177.11 78.91 33.37
374.00 18.00 -64705.15 -75128.79 78.91 33.37
375.00 18.00 -64705.15 -73920.34 78.91 33.37
376.00 18.00 -64705.15 -70220.86 78.91 33.37
377.00 19.00 -64705.15 -64705.15 78.91 33.37
378.00 19.00 -64705.15 -73038.56 78.91 33.37
379.00 19.00 -64705.15 -68157.29 78.91 33.37
380.00 19.00 -64705.15 -65538.17 78.91 33.37
381.00 19.00 -64705.15 -72903.62 78.91 33.37
382.00 19.00 -64705.15 -73726.83 78.91 33.37
383.00 19.00 -64705.15 -69714.60 78.91 33.37
384.00 19.00 -64705.15 -72418.46 78.91 33.37
385.00 19.00 -64705.15 -73552.25 78.91 33.37
386.00 19.00 -64705.15 -71968.00 78.91 33.37
387.00 19.00 -64705.15 -72610.27 78.91 33.37
388.00 20.00 -64705.15 -64705.15 78.91 33.37
389.00 20.00 -64705.15 -72194.82 78.91 33.37
390.00 20.00 -64705.15 -71205.44 78.91 33.37
391.00 20.00 -64705.15 -67485.47 78.91 33.37
392.00 20.00 -64705.15 -69535.41 78.91 33.37
393.00 20.00 -64705.15 -67120.58 78.91 33.37
394.00 20.00 -64705.15 -70661.24 78.91 33.37
395.00 20.00 -64705.15 -73521.45 78.91 33.37
396.00 20.00 -64705.15 -70021.50 78.91 33.37
397.00 20.00 -64705.15 -68878.14 78.91 33.37
398.00 20.00 -64705.15 -74372.22 78.91 33.37
399.00 20.00 -64705.15 -71832.44 78.91 33.37
400.00 20.00 -64705.15 -74427.27 78.91 33.37
401.00 20.00 -64705.15 -71657.15 78.91 33.37
402.00 20.00 -64705.15 -65963.59 78.91 33.37
403.00 20.00 -64705.15 -73430.97 78.91 33.37
404.00 20.00 -64705.15 -68947.62 78.91 33.37
405.00 20.00 -64705.15 -73623.94 78.91 33.37
406.00 20.00 -64705.15 -70532.29 78.91 33.37
407.00 20.00 -64705.15 -73673.70 78.91 33.37
408.00 20.00 -64705.15 -71786.03 78.91 33.37
409.00 20.00 -64705.15 -69695.92 78.91 33.37
410.00 20.00 -64705.15 -75990.47 78.91 33.37
411.00 20.00 -64705.15 -69137.24 78.91 33.37
412.00 20.00 -64705.15 -74884.83 78.91 33.37
413.00 20.00 -64705.15 -69706.89 78.91 33.37
414.00 20.00 -64705.15 -74133.72 78.91 33.37
415.00 20.00 -64705.15 -71386.86 78.91 33.37
416.00 20.00 -64705.15 -69330.98 78.91 33.37
417.00 20.00 -64705.15 -74299.75 78.91 33.37
418.00 20.00 -64705.15 -74750.53 78.91 33.37
419.00 20.00 -64705.15 -73687.48 78.91 33.37
420.00 20.00 -64705.15 -70985.86 78.91 33.37
421.00 20.00 -64705.15 -68883.95 78.91 33.37
422.00 20.00 -64705.15 -74224.98 78.91 33.37
423.00 20.00 -64705.15 -72103.31 78.91 33.37
424.00 20.00 -64705.15 -74972.23 78.91 33.37
425.00 20.00 -64705.15 -70383.43 78.91 33.37
426.00 20.00 -64705.15 -69504.21 78.91 33.37
427.00 20.00 -64705.15 -76017.72 78.91 33.37
428.00 20.00 -64705.15 -68096.59 78.91 33.37
429.00 20.00 -64705.15 -70116.13 78.91 33.37
430.00 20.00 -64705.15 -74069.14 78.91 33.37
431.00 20.00 -64705.15 -70153.65 78.91 33.37
432.00 20.00 -64705.15 -75005.42 78.91 33.37
433.00 20.00 -64705.15 -72568.99 78.91 33.37
434.00 20.00 -64705.15 -67365.83 78.91 33.37
435.00 20.00 -64705.15 -73378.93 78.91 33.37
436.00 20.00 -64705.15 -70524.15 78.91 33.37
437.00 20.00 -64705.15 -73450.66 78.91 33.37
438.00 20.00 -64705.15 -72016.84 78.91 33.37
439.00 20.00 -64705.15 -72222.18 78.91 33.37
440.00 20.00 -64705.15 -74306.99 78.91 33.37
441.00 20.00 -64705.15 -67934.87 78.91 33.37
442.00 20.00 -64705.15 -71478.25 78.91 33.37
443.00 20.00 -64705.15 -66657.77 78.91 33.37
444.00 20.00 -64705.15 -68243.38 78.91 33.37
445.00 20.00 -64705.15 -74180.38 78.91 33.37
446.00 20.00 -64705.15 -68047.74 78.91 33.37
447.00 20.00 -64705.15 -73552.41 78.91 33.37
448.00 20.00 -64705.15 -71857.10 78.91 33.37
449.00 20.00 -64705.15 -73049.55 78.91 33.37
450.00 20.00 -64705.15 -73360.04 78.91 33.37
451.00 20.00 -64705.15 -71534.56 78.91 33.37
452.00 20.00 -64705.15 -72764.32 78.91 33.37
453.00 20.00 -64705.15 -67677.05 78.91 33.37
454.00 20.00 -64705.15 -71048.19 78.91 33.37
455.00 20.00 -64705.15 -71523.89 78.91 33.37
456.00 20.00 -64705.15 -71341.24 78.91 33.37
457.00 20.00 -64705.15 -71881.02 78.91 33.37
458.00 20.00 -64705.15 -71139.97 78.91 33.37
459.00 20.00 -64705.15 -74271.82 78.91 33.37
460.00 20.00 -64705.15 -72310.48 78.91 33.37
461.00 20.00 -64705.15 -73070.78 78.91 33.37
462.00 20.00 -64705.15 -72769.58 78.91 33.37
463.00 20.00 -64705.15 -71838.38 78.91 33.37
464.00 20.00 -64705.15 -72562.99 78.91 33.37
465.00 20.00 -64705.15 -70529.54 78.91 33.37
466.00 20.00 -64705.15 -70929.14 78.91 33.37
467.00 20.00 -64705.15 -68508.96 78.91 33.37
468.00 20.00 -64705.15 -73803.81 78.91 33.37
469.00 20.00 -64705.15 -68153.57 78.91 33.37
470.00 20.00 -64705.15 -68801.21 78.91 33.37
471.00 20.00 -64705.15 -70272.26 78.91 33.37
472.00 20.00 -64705.15 -68679.46 78.91 33.37
473.00 20.00 -64705.15 -73449.81 78.91 33.37
474.00 20.00 -64705.15 -72401.29 78.91 33.37
475.00 20.00 -64705.15 -69602.51 78.91 33.37
476.00 20.00 -64705.15 -73791.50 78.91 33.37
477.00 20.00 -64705.15 -73096.47 78.91 33.37
478.00 20.00 -64705.15 -75682.94 78.91 33.37
479.00 20.00 -64705.15 -72977.60 78.91 33.37
480.00 20.00 -64705.15 -70937.29 78.91 33.37
481.00 20.00 -64705.15 -69461.43 78.91 33.37
482.00 20.00 -64705.15 -73434.16 78.91 33.37
483.00 20.00 -64705.15 -74241.52 78.91 33.37
484.00 20.00 -64705.15 -73530.33 78.91 33.37
485.00 20.00 -64705.15 -71493.18 78.91 33.37
486.00 20.00 -64705.15 -72062.95 78.91 33.37
487.00 20.00 -64705.15 -73434.23 78.91 33.37
488.00 20.00 -64705.15 -67061.43 78.91 33.37
489.00 20.00 -64705.15 -68567.07 78.91 33.37
490.00 20.00 -64705.15 -65815.49 78.91 33.37
491.00 20.00 -64705.15 -74080.02 78.91 33.37
492.00 20.00 -64705.15 -71738.74 78.91 33.37
493.00 20.00 -64705.15 -72628.58 78.91 33.37
494.00 20.00 -64705.15 -71580.24 78.91 33.37
495.00 20.00 -64705.15 -73119.85 78.91 33.37
496.00 20.00 -64705.15 -72606.97 78.91 33.37
497.00 20.00 -64705.15 -69779.47 78.91 33.37
498.00 20.00 -64705.15 -72375.58 78.91 33.37
499.00 20.00 -64705.15 -68560.94 78.91 33.37
500.00 20.00 -64705.15 -72678.74 78.91 33.37
501.00 20.00 -64705.15 -71772.26 78.91 33.37
502.00 20.00 -64705.15 -71831.18 78.91 33.37
503.00 21.00 -64620.25 -64620.25 77.39 34.39
504.00 22.00 -64259.01 -64259.01 77.05 26.69
505.00 22.00 -64259.01 -67526.26 77.05 26.69
506.00 22.00 -64259.01 -70748.92 77.05 26.69
507.00 22.00 -64259.01 -70096.78 77.05 26.69
508.00 22.00 -64259.01 -65743.80 77.05 26.69
509.00 22.00 -64259.01 -74013.10 77.05 26.69
510.00 22.00 -64259.01 -69922.73 77.05 26.69
511.00 22.00 -64259.01 -72255.03 77.05 26.69
512.00 22.00 -64259.01 -74170.89 77.05 26.69
513.00 22.00 -64259.01 -70026.58 77.05 26.69
514.00 22.00 -64259.01 -74437.79 77.05 26.69
515.00 22.00 -64259.01 -71488.32 77.05 26.69
516.00 23.00 -64259.01 -64259.01 77.05 26.69
517.00 23.00 -64259.01 -75921.96 77.05 26.69
518.00 23.00 -64259.01 -72666.63 77.05 26.69
519.00 23.00 -64259.01 -73442.57 77.05 26.69
520.00 23.00 -64259.01 -75979.20 77.05 26.69
521.00 23.00 -64259.01 -73464.15 77.05 26.69
522.00 23.00 -64259.01 -71466.23 77.05 26.69
523.00 23.00 -64259.01 -68103.62 77.05 26.69
524.00 23.00 -64259.01 -69960.50 77.05 26.69
525.00 23.00 -64259.01 -70965.82 77.05 26.69
526.00 23.00 -64259.01 -67850.49 77.05 26.69
527.00 23.00 -64259.01 -73617.64 77.05 26.69
528.00 23.00 -64259.01 -71223.35 77.05 26.69
529.00 23.00 -64259.01 -68473.52 77.05 26.69
530.00 23.00 -64259.01 -68450.66 77.05 26.69
531.00 23.00 -64259.01 -73924.77 77.05 26.69
532.00 23.00 -64259.01 -68045.25 77.05 26.69
533.00 23.00 -64259.01 -71422.06 77.05 26.69
534.00 23.00 -64259.01 -70254.86 77.05 26.69
535.00 23.00 -64259.01 -74712.42 77.05 26.69
536.00 23.00 -64259.01 -69503.43 77.05 26.69
537.00 23.00 -64259.01 -71771.56 77.05 26.69
538.00 23.00 -64259.01 -74688.47 77.05 26.69
539.00 23.00 -64259.01 -66563.00 77.05 26.69
540.00 23.00 -64259.01 -74158.24 77.05 26.69
541.00 23.00 -64259.01 -73972.17 77.05 26.69
542.00 23.00 -64259.01 -72985.91 77.05 26.69
543.00 23.00 -64259.01 -74291.32 77.05 26.69
544.00 23.00 -64259.01 -68213.60 77.05 26.69
545.00 23.00 -64259.01 -68059.93 77.05 26.69
546.00 23.00 -64259.01 -70884.93 77.05 26.69
547.00 23.00 -64259.01 -69783.99 77.05 26.69
548.00 23.00 -64259.01 -73957.54 77.05 26.69
549.00 23.00 -64259.01 -70665.49 77.05 26.69
550.00 23.00 -64259.01 -71240.38 77.05 26.69
551.00 23.00 -64259.01 -74461.58 77.05 26.69
552.00 23.00 -64259.01 -66159.07 77.05 26.69
553.00 23.00 -64259.01 -69957.63 77.05 26.69
554.00 24.00 -64259.01 -64259.01 77.05 26.69
555.00 24.00 -64259.01 -72740.17 77.05 26.69
556.00 24.00 -64259.01 -66832.25 77.05 26.69
557.00 24.00 -64259.01 -75572.39 77.05 26.69
558.00 24.00 -64259.01 -66183.06 77.05 26.69
559.00 24.00 -64259.01 -73975.24 77.05 26.69
560.00 24.00 -64259.01 -70815.11 77.05 26.69
561.00 24.00 -64259.01 -70406.41 77.05 26.69
562.00 24.00 -64259.01 -73278.53 77.05 26.69
563.00 24.00 -64259.01 -71972.32 77.05 26.69
564.00 24.00 -64259.01 -69010.92 77.05 26.69
565.00 24.00 -64259.01 -72693.16 77.05 26.69
566.00 24.00 -64259.01 -71497.10 77.05 26.69
567.00 24.00 -64259.01 -73018.63 77.05 26.69
568.00 24.00 -64259.01 -70311.63 77.05 26.69
569.00 24.00 -64259.01 -69731.04 77.05 26.69
570.00 24.00 -64259.01 -71424.32 77.05 26.69
571.00 24.00 -64259.01 -70361.93 77.05 26.69
572.00 24.00 -64259.01 -71656.23 77.05 26.69
573.00 24.00 -64259.01 -68274.51 77.05 26.69
574.00 24.00 -64259.01 -71665.04 77.05 26.69
575.00 24.00 -64259.01 -74328.98 77.05 26.69
576.00 24.00 -64259.01 -71429.26 77.05 26.69
577.00 24.00 -64259.01 -70647.86 77.05 26.69
578.00 24.00 -64259.01 -71344.34 77.05 26.69
579.00 24.00 -64259.01 -71882.98 77.05 26.69
580.00 24.00 -64259.01 -70148.80 77.05 26.69
581.00 24.00 -64259.01 -69188.64 77.05 26.69
582.00 24.00 -64259.01 -73626.19 77.05 26.69
583.00 24.00 -64259.01 -72999.69 77.05 26.69
584.00 24.00 -64259.01 -75919.22 77.05 26.69
585.00 24.00 -64259.01 -71915.12 77.05 26.69
586.00 24.00 -64259.01 -66479.16 77.05 26.69
587.00 24.00 -64259.01 -73188.32 77.05 26.69
588.00 24.00 -64259.01 -71388.67 77.05 26.69
589.00 24.00 -64259.01 -73745.63 77.05 26.69
590.00 24.00 -64259.01 -67298.00 77.05 26.69
591.00 24.00 -64259.01 -69917.17 77.05 26.69
592.00 24.00 -64259.01 -73462.16 77.05 26.69
593.00 24.00 -64259.01 -73753.96 77.05 26.69
594.00 24.00 -64259.01 -70720.33 77.05 26.69
595.00 24.00 -64259.01 -64614.53 77.05 26.69
596.00 24.00 -64259.01 -73480.03 77.05 26.69
597.00 24.00 -64259.01 -70136.44 77.05 26.69
598.00 24.00 -64259.01 -75153.67 77.05 26.69
599.00 24.00 -64259.01 -72972.78 77.05 26.69
600.00 24.00 -64259.01 -69698.77 77.05 26.69
601.00 24.00 -64259.01 -71829.72 77.05 26.69
602.00 24.00 -64259.01 -70372.54 77.05 26.69
603.00 24.00 -64259.01 -71772.47 77.05 26.69
604.00 24.00 -64259.01 -72589.37 77.05 26.69
605.00 24.00 -64259.01 -71155.57 77.05 26.69
606.00 24.00 -64259.01 -70159.33 77.05 26.69
607.00 24.00 -64259.01 -67247.95 77.05 26.69
608.00 25.00 -64259.01 -64259.01 77.05 26.69
609.00 25.00 -64259.01 -73950.83 77.05 26.69
610.00 25.00 -64259.01 -69178.28 77.05 26.69
611.00 25.00 -64259.01 -76217.98 77.05 26.69
612.00 25.00 -64259.01 -68849.62 77.05 26.69
613.00 25.00 -64259.01 -69301.96 77.05 26.69
614.00 25.00 -64259.01 -73561.48 77.05 26.69
615.00 25.00 -64259.01 -71241.42 77.05 26.69
616.00 25.00 -64259.01 -69321.62 77.05 26.69
617.00 25.00 -64259.01 -72732.56 77.05 26.69
618.00 25.00 -64259.01 -72547.52 77.05 26.69
619.00 25.00 -64259.01 -71530.36 77.05 26.69
620.00 25.00 -64259.01 -70247.07 77.05 26.69
621.00 25.00 -64259.01 -72925.95 77.05 26.69
622.00 25.00 -64259.01 -72892.39 77.05 26.69
