0.00 0.00 -89718.02 -92647.34 0.00 0.00
1.00 1.00 -89610.03 -89610.03 161.92 109.63
2.00 1.00 -89610.03 -89865.96 161.92 109.63
3.00 1.00 -89610.03 -92674.07 161.92 109.63
4.00 2.00 -87509.08 -87509.08 139.30 94.14
5.00 2.00 -87509.08 -90487.88 139.30 94.14
6.00 3.00 -86207.44 -86207.44 127.37 82.95
7.00 3.00 -86207.44 -91193.13 127.37 82.95
8.00 4.00 -83623.12 -83623.12 108.96 52.15
9.00 4.00 -83623.12 -87736.99 108.96 52.15
10.00 4.00 -83623.12 -87963.78 108.96 52.15
11.00 5.00 -81195.96 -81195.96 90.50 48.31
12.00 5.00 -81195.96 -84854.68 90.50 48.31
13.00 5.00 -81195.96 -89872.91 90.50 48.31
14.00 5.00 -81195.96 -90043.36 90.50 48.31
15.00 5.00 -81195.96 -87438.96 90.50 48.31
16.00 5.00 -81195.96 -87582.09 90.50 48.31
17.00 5.00 -81195.96 -89480.18 90.50 48.31
18.00 5.00 -81195.96 -87206.24 90.50 48.31
19.00 5.00 -81195.96 -85345.82 90.50 48.31
20.00 5.00 -81195.96 -85887.59 90.50 48.31
21.00 5.00 -81195.96 -90566.37 90.50 48.31
22.00 5.00 -81195.96 -85698.63 90.50 48.31
23.00 5.00 -81195.96 -86836.32 90.50 48.31
24.00 5.00 -81195.96 -93126.92 90.50 48.31
25.00 5.00 -81195.96 -88263.04 90.50 48.31
26.00 5.00 -81195.96 -87144.41 90.50 48.31
27.00 5.00 -81195.96 -87368.69 90.50 48.31
28.00 5.00 -81195.96 -87041.85 90.50 48.31
29.00 5.00 -81195.96 -89471.25 90.50 48.31
30.00 5.00 -81195.96 -91944.83 90.50 48.31
31.00 5.00 -81195.96 -84891.56 90.50 48.31
32.00 5.00 -81195.96 -88276.99 90.50 48.31
33.00 5.00 -81195.96 -82526.12 90.50 48.31
34.00 5.00 -81195.96 -85795.74 90.50 48.31
35.00 5.00 -81195.96 -84045.76 90.50 48.31
36.00 5.00 -81195.96 -83847.30 90.50 48.31
37.00 5.00 -81195.96 -87369.74 90.50 48.31
38.00 5.00 -81195.96 -88577.86 90.50 48.31
39.00 5.00 -81195.96 -84440.85 90.50 48.31
40.00 5.00 -81195.96 -86693.31 90.50 48.31
41.00 5.00 -81195.96 -92636.12 90.50 48.31
42.00 5.00 -81195.96 -89873.36 90.50 48.31
43.00 5.00 -81195.96 -93961.57 90.50 48.31
44.00 5.00 -81195.96 -88961.94 90.50 48.31
45.00 5.00 -81195.96 -84599.04 90.50 48.31
46.00 5.00 -81195.96 -89164.43 90.50 48.31
47.00 5.00 -81195.96 -91059.95 90.50 48.31
48.00 5.00 -81195.96 -86457.03 90.50 48.31
49.00 5.00 -81195.96 -84835.13 90.50 48.31
50.00 5.00 -81195.96 -87312.62 90.50 48.31
51.00 5.00 -81195.96 -83245.89 90.50 48.31
52.00 5.00 -81195.96 -83661.00 90.50 48.31
53.00 5.00 -81195.96 -88854.14 90.50 48.31
54.00 5.00 -81195.96 -91110.97 90.50 48.31
55.00 5.00 -81195.96 -89352.40 90.50 48.31
56.00 5.00 -81195.96 -91986.56 90.50 48.31
57.00 5.00 -81195.96 -88801.34 90.50 48.31
58.00 5.00 -81195.96 -87906.85 90.50 48.31
59.00 5.00 -81195.96 -82019.04 90.50 48.31
60.00 5.00 -81195.96 -88893.15 90.50 48.31
61.00 5.00 -81195.96 -89727.08 90.50 48.31
62.00 5.00 -81195.96 -91656.00 90.50 48.31
63.00 5.00 -81195.96 -91456.62 90.50 48.31
64.00 5.00 -81195.96 -86646.87 90.50 48.31
65.00 5.00 -81195.96 -92219.89 90.50 48.31
66.00 5.00 -81195.96 -87912.59 90.50 48.31
67.00 5.00 -81195.96 -85788.44 90.50 48.31
68.00 5.00 -81195.96 -87650.79 90.50 48.31
69.00 5.00 -81195.96 -86727.46 90.50 48.31
70.00 5.00 -81195.96 -88625.13 90.50 48.31
71.00 5.00 -81195.96 -88458.61 90.50 48.31
72.00 5.00 -81195.96 -86794.66 90.50 48.31
73.00 5.00 -81195.96 -89379.33 90.50 48.31
74.00 6.00 -81195.96 -81195.96 90.50 48.31
75.00 6.00 -81195.96 -91909.42 90.50 48.31
76.00 6.00 -81195.96 -92883.57 90.50 48.31
77.00 6.00 -81195.96 -87451.88 90.50 48.31
78.00 7.00 -78688.05 -78688.05 75.88 42.64
79.00 7.00 -78688.05 -89222.80 75.88 42.64
80.00 7.00 -78688.05 -87731.43 75.88 42.64
81.00 7.00 -78688.05 -89284.86 75.88 42.64
82.00 7.00 -78688.05 -90038.51 75.88 42.64
83.00 7.00 -78688.05 -84194.66 75.88 42.64
84.00 7.00 -78688.05 -88795.31 75.88 42.64
85.00 7.00 -78688.05 -88558.39 75.88 42.64
86.00 7.00 -78688.05 -85572.31 75.88 42.64
87.00 7.00 -78688.05 -89028.36 75.88 42.64
88.00 7.00 -78688.05 -90237.74 75.88 42.64
89.00 7.00 -78688.05 -86234.86 75.88 42.64
90.00 7.00 -78688.05 -85339.97 75.88 42.64
91.00 7.00 -78688.05 -91257.31 75.88 42.64
92.00 7.00 -78688.05 -85875.64 75.88 42.64
93.00 7.00 -78688.05 -91293.61 75.88 42.64
94.00 7.00 -78688.05 -85252.47 75.88 42.64
95.00 7.00 -78688.05 -89178.56 75.88 42.64
96.00 7.00 -78688.05 -84099.48 75.88 42.64
97.00 7.00 -78688.05 -86785.21 75.88 42.64
98.00 7.00 -78688.05 -83622.64 75.88 42.64
99.00 7.00 -78688.05 -87539.18 75.88 42.64
100.00 7.00 -78688.05 -83511.23 75.88 42.64
101.00 7.00 -78688.05 -87942.38 75.88 42.64
102.00 7.00 -78688.05 -86332.52 75.88 42.64
103.00 7.00 -78688.05 -85721.16 75.88 42.64
104.00 7.00 -78688.05 -88491.19 75.88 42.64
105.00 7.00 -78688.05 -89436.12 75.88 42.64
106.00 7.00 -78688.05 -85421.60 75.88 42.64
107.00 7.00 -78688.05 -87198.04 75.88 42.64
108.00 7.00 -78688.05 -84341.81 75.88 42.64
109.00 7.00 -78688.05 -85015.97 75.88 42.64
110.00 7.00 -78688.05 -90581.52 75.88 42.64
111.00 7.00 -78688.05 -83200.93 75.88 42.64
112.00 7.00 -78688.05 -86043.98 75.88 42.64
113.00 7.00 -78688.05 -82989.18 75.88 42.64
114.00 7.00 -78688.05 -87392.89 75.88 42.64
115.00 7.00 -78688.05 -90500.49 75.88 42.64
116.00 7.00 -78688.05 -85152.07 75.88 42.64
117.00 7.00 -78688.05 -89701.33 75.88 42.64
118.00 7.00 -78688.05 -86009.72 75.88 42.64
119.00 7.00 -78688.05 -92210.71 75.88 42.64
120.00 7.00 -78688.05 -83977.18 75.88 42.64
121.00 7.00 -78688.05 -88046.11 75.88 42.64
122.00 7.00 -78688.05 -90620.70 75.88 42.64
123.00 7.00 -78688.05 -89839.68 75.88 42.64
124.00 7.00 -78688.05 -79471.20 75.88 42.64
125.00 7.00 -78688.05 -87727.29 75.88 42.64
126.00 7.00 -78688.05 -86325.76 75.88 42.64
127.00 7.00 -78688.05 -85974.23 75.88 42.64
128.00 7.00 -78688.05 -87609.17 75.88 42.64
129.00 7.00 -78688.05 -82220.88 75.88 42.64
130.00 7.00 -78688.05 -85577.28 75.88 42.64
131.00 7.00 -78688.05 -88025.51 75.88 42.64
132.00 7.00 -78688.05 -88069.46 75.88 42.64
133.00 7.00 -78688.05 -86555.94 75.88 42.64
134.00 7.00 -78688.05 -88979.79 75.88 42.64
135.00 7.00 -78688.05 -84409.68 75.88 42.64
136.00 7.00 -78688.05 -87735.77 75.88 42.64
137.00 7.00 -78688.05 -93388.42 75.88 42.64
138.00 7.00 -78688.05 -82902.17 75.88 42.64
139.00 7.00 -78688.05 -86687.09 75.88 42.64
140.00 7.00 -78688.05 -91652.53 75.88 42.64
141.00 7.00 -78688.05 -87593.60 75.88 42.64
142.00 7.00 -78688.05 -83231.84 75.88 42.64
143.00 7.00 -78688.05 -90072.40 75.88 42.64
144.00 7.00 -78688.05 -88513.96 75.88 42.64
145.00 7.00 -78688.05 -84128.66 75.88 42.64
146.00 7.00 -78688.05 -86862.88 75.88 42.64
147.00 7.00 -78688.05 -88421.48 75.88 42.64
148.00 7.00 -78688.05 -83183.14 75.88 42.64
149.00 7.00 -78688.05 -90074.77 75.88 42.64
150.00 7.00 -78688.05 -90766.58 75.88 42.64
151.00 7.00 -78688.05 -82813.10 75.88 42.64
152.00 7.00 -78688.05 -83225.43 75.88 42.64
153.00 7.00 -78688.05 -98420.18 75.88 42.64
154.00 7.00 -78688.05 -90074.47 75.88 42.64
155.00 7.00 -78688.05 -84550.13 75.88 42.64
156.00 7.00 -78688.05 -90973.36 75.88 42.64
157.00 7.00 -78688.05 -88286.35 75.88 42.64
158.00 7.00 -78688.05 -85966.84 75.88 42.64
159.00 7.00 -78688.05 -92514.76 75.88 42.64
160.00 7.00 -78688.05 -87840.20 75.88 42.64
161.00 7.00 -78688.05 -80307.83 75.88 42.64
162.00 7.00 -78688.05 -87737.74 75.88 42.64
163.00 7.00 -78688.05 -87331.59 75.88 42.64
164.00 7.00 -78688.05 -87432.12 75.88 42.64
165.00 7.00 -78688.05 -85271.32 75.88 42.64
166.00 7.00 -78688.05 -88093.32 75.88 42.64
167.00 7.00 -78688.05 -81343.47 75.88 42.64
168.00 7.00 -78688.05 -89439.53 75.88 42.64
169.00 7.00 -78688.05 -85771.46 75.88 42.64
170.00 7.00 -78688.05 -90146.56 75.88 42.64
171.00 7.00 -78688.05 -88098.82 75.88 42.64
172.00 7.00 -78688.05 -88645.89 75.88 42.64
173.00 7.00 -78688.05 -86786.00 75.88 42.64
174.00 7.00 -78688.05 -89668.21 75.88 42.64
175.00 7.00 -78688.05 -89310.94 75.88 42.64
176.00 7.00 -78688.05 -85240.05 75.88 42.64
177.00 7.00 -78688.05 -89222.12 75.88 42.64
178.00 7.00 -78688.05 -87302.23 75.88 42.64
179.00 7.00 -78688.05 -87680.41 75.88 42.64
180.00 7.00 -78688.05 -90179.29 75.88 42.64
181.00 7.00 -78688.05 -88469.62 75.88 42.64
182.00 7.00 -78688.05 -84427.99 75.88 42.64
183.00 7.00 -78688.05 -81993.00 75.88 42.64
184.00 7.00 -78688.05 -87868.61 75.88 42.64
185.00 7.00 -78688.05 -90443.35 75.88 42.64
186.00 7.00 -78688.05 -88745.99 75.88 42.64
187.00 7.00 -78688.05 -87854.98 75.88 42.64
188.00 7.00 -78688.05 -84169.73 75.88 42.64
189.00 7.00 -78688.05 -85448.88 75.88 42.64
190.00 7.00 -78688.05 -86284.89 75.88 42.64
191.00 7.00 -78688.05 -89873.12 75.88 42.64
192.00 7.00 -78688.05 -87359.21 75.88 42.64
193.00 7.00 -78688.05 -89661.73 75.88 42.64
194.00 7.00 -78688.05 -82256.25 75.88 42.64
195.00 7.00 -78688.05 -88607.31 75.88 42.64
196.00 7.00 -78688.05 -85552.30 75.88 42.64
197.00 7.00 -78688.05 -99373.55 75.88 42.64
198.00 7.00 -78688.05 -86652.75 75.88 42.64
199.00 7.00 -78688.05 -90727.19 75.88 42.64
200.00 7.00 -78688.05 -89082.65 75.88 42.64
201.00 7.00 -78688.05 -89555.57 75.88 42.64
202.00 7.00 -78688.05 -85389.44 75.88 42.64
203.00 7.00 -78688.05 -83888.96 75.88 42.64
204.00 7.00 -78688.05 -84583.14 75.88 42.64
205.00 7.00 -78688.05 -89343.66 75.88 42.64
206.00 7.00 -78688.05 -88078.62 75.88 42.64
207.00 7.00 -78688.05 -87353.32 75.88 42.64
208.00 7.00 -78688.05 -85073.63 75.88 42.64
209.00 7.00 -78688.05 -91156.36 75.88 42.64
210.00 7.00 -78688.05 -89009.22 75.88 42.64
211.00 7.00 -78688.05 -85247.21 75.88 42.64
212.00 7.00 -78688.05 -92636.46 75.88 42.64
213.00 7.00 -78688.05 -87048.74 75.88 42.64
214.00 7.00 -78688.05 -86781.59 75.88 42.64
215.00 7.00 -78688.05 -90308.75 75.88 42.64
216.00 7.00 -78688.05 -89891.71 75.88 42.64
217.00 7.00 -78688.05 -87343.28 75.88 42.64
218.00 7.00 -78688.05 -89607.49 75.88 42.64
219.00 7.00 -78688.05 -87128.40 75.88 42.64
220.00 7.00 -78688.05 -84717.94 75.88 42.64
221.00 7.00 -78688.05 -80004.28 75.88 42.64
222.00 7.00 -78688.05 -86513.93 75.88 42.64
223.00 7.00 -78688.05 -89873.60 75.88 42.64
224.00 7.00 -78688.05 -80148.11 75.88 42.64
225.00 7.00 -78688.05 -89236.44 75.88 42.64
226.00 7.00 -78688.05 -85853.61 75.88 42.64
227.00 7.00 -78688.05 -87592.95 75.88 42.64
228.00 8.00 -77758.79 -77758.79 75.00 28.49
229.00 8.00 -77758.79 -87825.34 75.00 28.49
230.00 8.00 -77758.79 -83470.20 75.00 28.49
231.00 8.00 -77758.79 -88971.08 75.00 28.49
232.00 8.00 -77758.79 -86414.68 75.00 28.49
233.00 8.00 -77758.79 -82893.78 75.00 28.49
234.00 8.00 -77758.79 -84707.61 75.00 28.49
235.00 8.00 -77758.79 -85895.00 75.00 28.49
236.00 8.00 -77758.79 -89221.14 75.00 28.49
237.00 8.00 -77758.79 -82794.24 75.00 28.49
238.00 8.00 -77758.79 -85326.68 75.00 28.49
239.00 8.00 -77758.79 -84348.78 75.00 28.49
240.00 8.00 -77758.79 -90629.12 75.00 28.49
241.00 8.00 -77758.79 -88736.75 75.00 28.49
242.00 8.00 -77758.79 -83240.54 75.00 28.49
243.00 8.00 -77758.79 -89753.52 75.00 28.49
244.00 8.00 -77758.79 -90110.75 75.00 28.49
245.00 8.00 -77758.79 -89283.12 75.00 28.49
246.00 8.00 -77758.79 -87592.78 75.00 28.49
247.00 8.00 -77758.79 -90260.08 75.00 28.49
248.00 8.00 -77758.79 -88391.61 75.00 28.49
249.00 8.00 -77758.79 -89815.13 75.00 28.49
250.00 8.00 -77758.79 -84694.56 75.00 28.49
251.00 8.00 -77758.79 -88034.26 75.00 28.49
252.00 8.00 -77758.79 -89668.65 75.00 28.49
253.00 8.00 -77758.79 -86566.57 75.00 28.49
254.00 8.00 -77758.79 -82991.28 75.00 28.49
255.00 8.00 -77758.79 -85354.28 75.00 28.49
256.00 8.00 -77758.79 -86319.59 75.00 28.49
257.00 8.00 -77758.79 -84277.10 75.00 28.49
258.00 8.00 -77758.79 -85180.07 75.00 28.49
259.00 8.00 -77758.79 -85120.05 75.00 28.49
260.00 8.00 -77758.79 -87342.66 75.00 28.49
261.00 8.00 -77758.79 -84956.85 75.00 28.49
262.00 8.00 -77758.79 -87987.60 75.00 28.49
263.00 8.00 -77758.79 -84513.78 75.00 28.49
264.00 8.00 -77758.79 -85089.23 75.00 28.49
265.00 8.00 -77758.79 -78612.74 75.00 28.49
266.00 8.00 -77758.79 -85061.32 75.00 28.49
267.00 8.00 -77758.79 -85624.97 75.00 28.49
268.00 8.00 -77758.79 -86435.83 75.00 28.49
269.00 8.00 -77758.79 -91246.23 75.00 28.49
270.00 8.00 -77758.79 -89005.78 75.00 28.49
271.00 8.00 -77758.79 -82994.33 75.00 28.49
272.00 8.00 -77758.79 -85290.04 75.00 28.49
273.00 8.00 -77758.79 -88223.04 75.00 28.49
274.00 8.00 -77758.79 -87107.41 75.00 28.49
275.00 8.00 -77758.79 -84580.96 75.00 28.49
276.00 8.00 -77758.79 -92665.43 75.00 28.49
277.00 8.00 -77758.79 -87814.26 75.00 28.49
278.00 8.00 -77758.79 -89767.66 75.00 28.49
279.00 8.00 -77758.79 -88999.01 75.00 28.49
280.00 8.00 -77758.79 -85139.39 75.00 28.49
281.00 8.00 -77758.79 -87340.02 75.00 28.49
282.00 8.00 -77758.79 -78567.89 75.00 28.49
283.00 8.00 -77758.79 -87800.52 75.00 28.49
284.00 8.00 -77758.79 -87636.92 75.00 28.49
285.00 8.00 -77758.79 -81728.57 75.00 28.49
286.00 8.00 -77758.79 -84511.40 75.00 28.49
287.00 8.00 -77758.79 -83952.37 75.00 28.49
288.00 8.00 -77758.79 -88024.98 75.00 28.49
289.00 8.00 -77758.79 -87232.62 75.00 28.49
290.00 8.00 -77758.79 -85124.01 75.00 28.49
291.00 8.00 -77758.79 -86618.35 75.00 28.49
292.00 8.00 -77758.79 -90844.20 75.00 28.49
293.00 8.00 -77758.79 -92152.92 75.00 28.49
294.00 8.00 -77758.79 -88086.26 75.00 28.49
295.00 8.00 -77758.79 -89142.59 75.00 28.49
296.00 8.00 -77758.79 -82656.51 75.00 28.49
297.00 8.00 -77758.79 -89436.42 75.00 28.49
298.00 8.00 -77758.79 -86121.22 75.00 28.49
299.00 8.00 -77758.79 -90890.40 75.00 28.49
300.00 8.00 -77758.79 -87277.93 75.00 28.49
301.00 8.00 -77758.79 -90707.63 75.00 28.49
302.00 8.00 -77758.79 -87474.96 75.00 28.49
303.00 8.00 -77758.79 -85578.54 75.00 28.49
304.00 8.00 -77758.79 -88614.05 75.00 28.49
305.00 8.00 -77758.79 -86932.95 75.00 28.49
306.00 8.00 -77758.79 -83634.87 75.00 28.49
307.00 8.00 -77758.79 -85609.88 75.00 28.49
308.00 8.00 -77758.79 -82411.49 75.00 28.49
309.00 8.00 -77758.79 -83543.93 75.00 28.49
310.00 8.00 -77758.79 -89502.70 75.00 28.49
311.00 8.00 -77758.79 -90195.13 75.00 28.49
312.00 8.00 -77758.79 -86027.49 75.00 28.49
313.00 8.00 -77758.79 -89792.35 75.00 28.49
314.00 8.00 -77758.79 -81807.04 75.00 28.49
315.00 8.00 -77758.79 -86336.87 75.00 28.49
316.00 8.00 -77758.79 -84841.49 75.00 28.49
317.00 8.00 -77758.79 -83516.17 75.00 28.49
318.00 8.00 -77758.79 -85019.38 75.00 28.49
319.00 8.00 -77758.79 -82166.60 75.00 28.49
320.00 8.00 -77758.79 -78853.50 75.00 28.49
321.00 8.00 -77758.79 -84115.60 75.00 28.49
322.00 8.00 -77758.79 -86285.99 75.00 28.49
323.00 8.00 -77758.79 -86261.71 75.00 28.49
324.00 8.00 -77758.79 -86303.76 75.00 28.49
325.00 8.00 -77758.79 -83555.98 75.00 28.49
326.00 8.00 -77758.79 -89035.30 75.00 28.49
327.00 8.00 -77758.79 -87577.61 75.00 28.49
328.00 8.00 -77758.79 -87935.12 75.00 28.49
329.00 8.00 -77758.79 -85682.06 75.00 28.49
330.00 8.00 -77758.79 -81758.72 75.00 28.49
331.00 8.00 -77758.79 -85912.80 75.00 28.49
332.00 8.00 -77758.79 -86559.84 75.00 28.49
333.00 8.00 -77758.79 -88509.33 75.00 28.49
334.00 8.00 -77758.79 -91098.92 75.00 28.49
335.00 8.00 -77758.79 -91066.40 75.00 28.49
336.00 8.00 -77758.79 -89095.62 75.00 28.49
337.00 8.00 -77758.79 -89080.94 75.00 28.49
338.00 8.00 -77758.79 -88801.80 75.00 28.49
339.00 8.00 -77758.79 -87475.27 75.00 28.49
340.00 8.00 -77758.79 -87268.79 75.00 28.49
341.00 8.00 -77758.79 -91464.53 75.00 28.49
342.00 8.00 -77758.79 -80097.42 75.00 28.49
343.00 8.00 -77758.79 -84221.95 75.00 28.49
344.00 8.00 -77758.79 -86978.66 75.00 28.49
345.00 8.00 -77758.79 -89982.04 75.00 28.49
346.00 8.00 -77758.79 -92854.52 75.00 28.49
347.00 8.00 -77758.79 -88914.00 75.00 28.49
348.00 8.00 -77758.79 -85320.87 75.00 28.49
349.00 8.00 -77758.79 -89552.30 75.00 28.49
350.00 8.00 -77758.79 -80133.03 75.00 28.49
351.00 8.00 -77758.79 -92281.44 75.00 28.49
352.00 8.00 -77758.79 -88318.33 75.00 28.49
353.00 8.00 -77758.79 -83006.52 75.00 28.49
354.00 8.00 -77758.79 -84422.11 75.00 28.49
355.00 8.00 -77758.79 -80618.40 75.00 28.49
356.00 8.00 -77758.79 -88453.62 75.00 28.49
357.00 8.00 -77758.79 -89578.01 75.00 28.49
358.00 8.00 -77758.79 -85018.21 75.00 28.49
359.00 8.00 -77758.79 -88275.46 75.00 28.49
360.00 8.00 -77758.79 -90589.42 75.00 28.49
361.00 8.00 -77758.79 -83750.89 75.00 28.49
362.00 8.00 -77758.79 -88740.91 75.00 28.49
363.00 8.00 -77758.79 -85771.82 75.00 28.49
364.00 8.00 -77758.79 -88629.66 75.00 28.49
365.00 8.00 -77758.79 -81220.53 75.00 28.49
366.00 8.00 -77758.79 -83761.75 75.00 28.49
367.00 8.00 -77758.79 -87669.45 75.00 28.49
368.00 8.00 -77758.79 -87065.16 75.00 28.49
369.00 8.00 -77758.79 -92436.73 75.00 28.49
370.00 8.00 -77758.79 -87938.87 75.00 28.49
371.00 8.00 -77758.79 -93766.67 75.00 28.49
372.00 8.00 -77758.79 -86961.56 75.00 28.49
373.00 8.00 -77758.79 -84218.02 75.00 28.49
374.00 8.00 -77758.79 -84394.13 75.00 28.49
375.00 8.00 -77758.79 -86859.92 75.00 28.49
376.00 8.00 -77758.79 -82947.58 75.00 28.49
377.00 8.00 -77758.79 -89593.31 75.00 28.49
378.00 8.00 -77758.79 -87918.60 75.00 28.49
379.00 8.00 -77758.79 -88959.47 75.00 28.49
380.00 8.00 -77758.79 -90931.60 75.00 28.49
381.00 8.00 -77758.79 -87101.19 75.00 28.49
382.00 8.00 -77758.79 -87285.21 75.00 28.49
383.00 8.00 -77758.79 -84294.71 75.00 28.49
384.00 8.00 -77758.79 -86034.13 75.00 28.49
385.00 8.00 -77758.79 -85516.45 75.00 28.49
386.00 8.00 -77758.79 -90327.67 75.00 28.49
387.00 8.00 -77758.79 -87950.43 75.00 28.49
388.00 8.00 -77758.79 -87459.99 75.00 28.49
389.00 8.00 -77758.79 -86861.78 75.00 28.49
390.00 8.00 -77758.79 -88790.99 75.00 28.49
391.00 8.00 -77758.79 -79274.12 75.00 28.49
392.00 8.00 -77758.79 -87704.75 75.00 28.49
393.00 8.00 -77758.79 -87205.53 75.00 28.49
394.00 8.00 -77758.79 -86731.83 75.00 28.49
395.00 8.00 -77758.79 -87124.74 75.00 28.49
396.00 8.00 -77758.79 -82751.07 75.00 28.49
397.00 8.00 -77758.79 -90153.78 75.00 28.49
398.00 8.00 -77758.79 -86725.19 75.00 28.49
399.00 8.00 -77758.79 -92355.42 75.00 28.49
400.00 8.00 -77758.79 -89032.69 75.00 28.49
401.00 9.00 -77758.79 -77758.79 75.00 28.49
402.00 9.00 -77758.79 -88943.90 75.00 28.49
403.00 9.00 -77758.79 -88750.95 75.00 28.49
404.00 9.00 -77758.79 -91507.62 75.00 28.49
405.00 9.00 -77758.79 -83744.03 75.00 28.49
406.00 9.00 -77758.79 -88108.31 75.00 28.49
407.00 9.00 -77758.79 -90231.15 75.00 28.49
408.00 9.00 -77758.79 -86722.62 75.00 28.49
409.00 10.00 -77669.05 -77669.05 72.78 28.90
410.00 10.00 -77669.05 -89170.80 72.78 28.90
411.00 10.00 -77669.05 -87419.44 72.78 28.90
412.00 10.00 -77669.05 -91513.34 72.78 28.90
413.00 10.00 -77669.05 -91903.78 72.78 28.90
414.00 10.00 -77669.05 -89561.48 72.78 28.90
415.00 10.00 -77669.05 -89981.28 72.78 28.90
416.00 10.00 -77669.05 -87061.64 72.78 28.90
417.00 10.00 -77669.05 -92326.84 72.78 28.90
418.00 10.00 -77669.05 -83031.75 72.78 28.90
419.00 10.00 -77669.05 -84259.58 72.78 28.90
420.00 10.00 -77669.05 -87399.14 72.78 28.90
421.00 10.00 -77669.05 -88019.46 72.78 28.90
422.00 10.00 -77669.05 -89027.53 72.78 28.90
423.00 10.00 -77669.05 -89982.58 72.78 28.90
424.00 10.00 -77669.05 -87701.31 72.78 28.90
425.00 10.00 -77669.05 -81408.67 72.78 28.90
426.00 10.00 -77669.05 -92986.00 72.78 28.90
427.00 10.00 -77669.05 -87071.12 72.78 28.90
428.00 10.00 -77669.05 -85035.08 72.78 28.90
429.00 10.00 -77669.05 -87137.70 72.78 28.90
430.00 10.00 -77669.05 -86981.53 72.78 28.90
431.00 10.00 -77669.05 -88945.01 72.78 28.90
432.00 10.00 -77669.05 -88328.49 72.78 28.90
433.00 10.00 -77669.05 -82886.60 72.78 28.90
434.00 10.00 -77669.05 -86471.56 72.78 28.90
435.00 10.00 -77669.05 -83029.50 72.78 28.90
436.00 10.00 -77669.05 -85447.43 72.78 28.90
437.00 10.00 -77669.05 -90190.97 72.78 28.90
438.00 10.00 -77669.05 -88916.87 72.78 28.90
439.00 10.00 -77669.05 -87708.14 72.78 28.90
440.00 10.00 -77669.05 -83966.36 72.78 28.90
441.00 10.00 -77669.05 -89556.42 72.78 28.90
442.00 10.00 -77669.05 -87339.39 72.78 28.90
443.00 10.00 -77669.05 -88987.15 72.78 28.90
444.00 10.00 -77669.05 -89431.47 72.78 28.90
445.00 10.00 -77669.05 -90025.36 72.78 28.90
446.00 10.00 -77669.05 -86112.01 72.78 28.90
447.00 10.00 -77669.05 -89170.78 72.78 28.90
448.00 10.00 -77669.05 -86655.52 72.78 28.90
449.00 10.00 -77669.05 -87764.01 72.78 28.90
450.00 10.00 -77669.05 -89975.44 72.78 28.90
451.00 10.00 -77669.05 -91369.97 72.78 28.90
452.00 10.00 -77669.05 -89650.96 72.78 28.90
453.00 10.00 -77669.05 -89109.38 72.78 28.90
454.00 10.00 -77669.05 -92929.02 72.78 28.90
455.00 10.00 -77669.05 -84198.57 72.78 28.90
456.00 10.00 -77669.05 -79924.57 72.78 28.90
457.00 10.00 -77669.05 -86872.35 72.78 28.90
458.00 10.00 -77669.05 -91279.74 72.78 28.90
459.00 10.00 -77669.05 -91191.19 72.78 28.90
460.00 10.00 -77669.05 -89851.41 72.78 28.90
461.00 10.00 -77669.05 -83306.69 72.78 28.90
462.00 10.00 -77669.05 -85105.70 72.78 28.90
463.00 10.00 -77669.05 -88376.41 72.78 28.90
464.00 10.00 -77669.05 -89726.51 72.78 28.90
465.00 10.00 -77669.05 -91420.06 72.78 28.90
466.00 10.00 -77669.05 -89655.33 72.78 28.90
467.00 10.00 -77669.05 -91269.64 72.78 28.90
468.00 10.00 -77669.05 -86269.87 72.78 28.90
469.00 10.00 -77669.05 -86588.68 72.78 28.90
470.00 10.00 -77669.05 -83283.16 72.78 28.90
471.00 10.00 -77669.05 -85271.13 72.78 28.90
472.00 10.00 -77669.05 -80962.69 72.78 28.90
473.00 10.00 -77669.05 -83983.59 72.78 28.90
474.00 10.00 -77669.05 -90222.87 72.78 28.90
475.00 10.00 -77669.05 -87999.44 72.78 28.90
476.00 10.00 -77669.05 -90066.85 72.78 28.90
477.00 10.00 -77669.05 -86250.41 72.78 28.90
478.00 10.00 -77669.05 -87695.46 72.78 28.90
479.00 10.00 -77669.05 -90688.04 72.78 28.90
480.00 10.00 -77669.05 -84054.34 72.78 28.90
481.00 10.00 -77669.05 -87486.57 72.78 28.90
482.00 10.00 -77669.05 -88514.10 72.78 28.90
483.00 10.00 -77669.05 -89485.80 72.78 28.90
484.00 10.00 -77669.05 -89369.72 72.78 28.90
485.00 10.00 -77669.05 -85331.51 72.78 28.90
486.00 10.00 -77669.05 -88095.59 72.78 28.90
487.00 10.00 -77669.05 -86171.41 72.78 28.90
488.00 10.00 -77669.05 -92486.91 72.78 28.90
489.00 10.00 -77669.05 -87426.15 72.78 28.90
490.00 10.00 -77669.05 -80298.65 72.78 28.90
491.00 10.00 -77669.05 -83063.23 72.78 28.90
492.00 10.00 -77669.05 -89826.37 72.78 28.90
493.00 10.00 -77669.05 -89528.63 72.78 28.90
494.00 10.00 -77669.05 -82607.12 72.78 28.90
495.00 10.00 -77669.05 -88164.71 72.78 28.90
496.00 10.00 -77669.05 -89962.04 72.78 28.90
497.00 10.00 -77669.05 -88626.37 72.78 28.90
498.00 10.00 -77669.05 -88422.90 72.78 28.90
499.00 10.00 -77669.05 -85347.23 72.78 28.90
500.00 10.00 -77669.05 -86652.14 72.78 28.90
501.00 10.00 -77669.05 -82785.86 72.78 28.90
502.00 10.00 -77669.05 -87977.13 72.78 28.90
503.00 10.00 -77669.05 -86519.24 72.78 28.90
504.00 10.00 -77669.05 -82329.91 72.78 28.90
505.00 10.00 -77669.05 -85454.12 72.78 28.90
506.00 10.00 -77669.05 -87193.70 72.78 28.90
507.00 10.00 -77669.05 -88267.96 72.78 28.90
508.00 10.00 -77669.05 -88231.35 72.78 28.90
509.00 10.00 -77669.05 -86183.73 72.78 28.90
510.00 10.00 -77669.05 -84512.39 72.78 28.90
511.00 10.00 -77669.05 -86429.06 72.78 28.90
512.00 10.00 -77669.05 -91673.53 72.78 28.90
513.00 10.00 -77669.05 -84732.45 72.78 28.90
514.00 10.00 -77669.05 -84410.92 72.78 28.90
515.00 10.00 -77669.05 -89191.68 72.78 28.90
516.00 10.00 -77669.05 -85315.86 72.78 28.90
517.00 10.00 -77669.05 -93574.38 72.78 28.90
518.00 10.00 -77669.05 -85343.89 72.78 28.90
519.00 10.00 -77669.05 -81908.35 72.78 28.90
520.00 10.00 -77669.05 -85825.02 72.78 28.90
521.00 10.00 -77669.05 -86246.25 72.78 28.90
522.00 10.00 -77669.05 -84717.62 72.78 28.90
523.00 10.00 -77669.05 -90707.25 72.78 28.90
524.00 10.00 -77669.05 -88859.51 72.78 28.90
525.00 10.00 -77669.05 -81578.88 72.78 28.90
526.00 10.00 -77669.05 -88521.20 72.78 28.90
527.00 10.00 -77669.05 -86898.32 72.78 28.90
528.00 10.00 -77669.05 -84548.26 72.78 28.90
529.00 10.00 -77669.05 -81959.66 72.78 28.90
530.00 10.00 -77669.05 -91774.17 72.78 28.90
531.00 10.00 -77669.05 -82996.35 72.78 28.90
532.00 10.00 -77669.05 -90176.03 72.78 28.90
533.00 10.00 -77669.05 -86808.16 72.78 28.90
534.00 10.00 -77669.05 -86854.31 72.78 28.90
535.00 10.00 -77669.05 -83965.95 72.78 28.90
536.00 10.00 -77669.05 -87712.22 72.78 28.90
537.00 10.00 -77669.05 -86493.08 72.78 28.90
538.00 10.00 -77669.05 -88986.93 72.78 28.90
539.00 10.00 -77669.05 -90904.09 72.78 28.90
540.00 10.00 -77669.05 -88278.73 72.78 28.90
541.00 10.00 -77669.05 -84072.53 72.78 28.90
542.00 10.00 -77669.05 -81721.32 72.78 28.90
543.00 10.00 -77669.05 -90970.08 72.78 28.90
544.00 10.00 -77669.05 -84860.37 72.78 28.90
545.00 10.00 -77669.05 -88165.09 72.78 28.90
546.00 10.00 -77669.05 -85138.11 72.78 28.90
547.00 10.00 -77669.05 -83703.10 72.78 28.90
548.00 10.00 -77669.05 -90184.22 72.78 28.90
549.00 10.00 -77669.05 -86711.56 72.78 28.90
550.00 10.00 -77669.05 -90176.15 72.78 28.90
551.00 10.00 -77669.05 -90914.94 72.78 28.90
552.00 10.00 -77669.05 -85073.58 72.78 28.90
553.00 10.00 -77669.05 -88098.60 72.78 28.90
554.00 10.00 -77669.05 -88449.73 72.78 28.90
555.00 10.00 -77669.05 -88238.97 72.78 28.90
556.00 10.00 -77669.05 -84586.20 72.78 28.90
557.00 10.00 -77669.05 -80355.41 72.78 28.90
558.00 10.00 -77669.05 -85776.63 72.78 28.90
559.00 10.00 -77669.05 -87304.99 72.78 28.90
560.00 10.00 -77669.05 -89435.97 72.78 28.90
561.00 10.00 -77669.05 -89949.95 72.78 28.90
562.00 10.00 -77669.05 -84192.47 72.78 28.90
563.00 10.00 -77669.05 -83388.50 72.78 28.90
564.00 10.00 -77669.05 -90334.25 72.78 28.90
565.00 10.00 -77669.05 -87350.42 72.78 28.90
566.00 10.00 -77669.05 -87612.43 72.78 28.90
567.00 10.00 -77669.05 -90110.13 72.78 28.90
568.00 10.00 -77669.05 -89166.87 72.78 28.90
569.00 10.00 -77669.05 -89341.48 72.78 28.90
570.00 10.00 -77669.05 -92363.02 72.78 28.90
571.00 10.00 -77669.05 -85757.88 72.78 28.90
572.00 10.00 -77669.05 -83974.72 72.78 28.90
573.00 10.00 -77669.05 -90145.87 72.78 28.90
574.00 10.00 -77669.05 -85248.15 72.78 28.90
575.00 10.00 -77669.05 -88869.15 72.78 28.90
576.00 10.00 -77669.05 -86659.55 72.78 28.90
577.00 10.00 -77669.05 -80000.99 72.78 28.90
578.00 10.00 -77669.05 -89548.91 72.78 28.90
579.00 10.00 -77669.05 -85480.55 72.78 28.90
580.00 10.00 -77669.05 -83793.40 72.78 28.90
581.00 10.00 -77669.05 -89727.80 72.78 28.90
582.00 10.00 -77669.05 -84243.44 72.78 28.90
583.00 10.00 -77669.05 -77794.50 72.78 28.90
584.00 10.00 -77669.05 -85233.69 72.78 28.90
585.00 10.00 -77669.05 -84346.26 72.78 28.90
586.00 10.00 -77669.05 -83725.01 72.78 28.90
587.00 10.00 -77669.05 -82446.42 72.78 28.90
588.00 10.00 -77669.05 -84666.03 72.78 28.90
589.00 10.00 -77669.05 -83887.49 72.78 28.90
590.00 10.00 -77669.05 -84646.96 72.78 28.90
591.00 10.00 -77669.05 -87015.19 72.78 28.90
592.00 10.00 -77669.05 -83417.07 72.78 28.90
593.00 10.00 -77669.05 -86305.80 72.78 28.90
594.00 10.00 -77669.05 -90651.29 72.78 28.90
595.00 10.00 -77669.05 -88414.96 72.78 28.90
596.00 10.00 -77669.05 -86553.25 72.78 28.90
597.00 10.00 -77669.05 -91364.07 72.78 28.90
598.00 10.00 -77669.05 -86512.66 72.78 28.90
599.00 10.00 -77669.05 -88211.87 72.78 28.90
600.00 10.00 -77669.05 -87561.76 72.78 28.90
601.00 10.00 -77669.05 -88796.16 72.78 28.90
602.00 10.00 -77669.05 -84897.89 72.78 28.90
603.00 10.00 -77669.05 -89975.26 72.78 28.90
604.00 10.00 -77669.05 -83504.91 72.78 28.90
605.00 10.00 -77669.05 -86376.30 72.78 28.90
606.00 10.00 -77669.05 -88494.62 72.78 28.90
607.00 10.00 -77669.05 -86361.09 72.78 28.90
608.00 10.00 -77669.05 -89916.79 72.78 28.90
609.00 10.00 -77669.05 -89846.31 72.78 28.90
610.00 10.00 -77669.05 -86572.95 72.78 28.90
611.00 10.00 -77669.05 -84023.89 72.78 28.90
612.00 10.00 -77669.05 -89490.87 72.78 28.90
613.00 10.00 -77669.05 -88152.59 72.78 28.90
614.00 10.00 -77669.05 -87442.60 72.78 28.90
615.00 10.00 -77669.05 -90342.20 72.78 28.90
616.00 10.00 -77669.05 -88269.53 72.78 28.90
617.00 10.00 -77669.05 -86385.55 72.78 28.90
618.00 10.00 -77669.05 -86921.44 72.78 28.90
619.00 10.00 -77669.05 -89797.99 72.78 28.90
620.00 10.00 -77669.05 -85129.23 72.78 28.90
621.00 10.00 -77669.05 -89321.75 72.78 28.90
622.00 10.00 -77669.05 -85089.69 72.78 28.90
