0.00 0.00 -99056.73 -100392.18 0.00 0.00
1.00 0.00 -99056.73 -101069.28 0.00 0.00
2.00 0.00 -99056.73 -100453.10 0.00 0.00
3.00 1.00 -97680.68 -97680.68 147.37 110.74
4.00 1.00 -97680.68 -101560.07 147.37 110.74
5.00 1.00 -97680.68 -98667.85 147.37 110.74
6.00 1.00 -97680.68 -99435.31 147.37 110.74
7.00 1.00 -97680.68 -98312.75 147.37 110.74
8.00 2.00 -97433.35 -97433.35 145.67 105.52
9.00 2.00 -97433.35 -98963.28 145.67 105.52
10.00 2.00 -97433.35 -99999.79 145.67 105.52
11.00 2.00 -97433.35 -97987.87 145.67 105.52
12.00 3.00 -94566.22 -94566.22 125.64 63.86
13.00 4.00 -91984.48 -91984.48 102.82 75.72
14.00 4.00 -91984.48 -93885.76 102.82 75.72
15.00 4.00 -91984.48 -95494.38 102.82 75.72
16.00 4.00 -91984.48 -94740.21 102.82 75.72
17.00 4.00 -91984.48 -95096.14 102.82 75.72
18.00 4.00 -91984.48 -98215.44 102.82 75.72
19.00 4.00 -91984.48 -95959.24 102.82 75.72
20.00 4.00 -91984.48 -99960.27 102.82 75.72
21.00 4.00 -91984.48 -102025.88 102.82 75.72
22.00 4.00 -91984.48 -93849.86 102.82 75.72
23.00 4.00 -91984.48 -99311.48 102.82 75.72
24.00 5.00 -91919.45 -91919.45 101.91 74.70
25.00 5.00 -91919.45 -93932.09 101.91 74.70
26.00 6.00 -91674.46 -91674.46 105.83 44.94
27.00 6.00 -91674.46 -100674.37 105.83 44.94
28.00 6.00 -91674.46 -94794.06 105.83 44.94
29.00 6.00 -91674.46 -93388.54 105.83 44.94
30.00 6.00 -91674.46 -97576.93 105.83 44.94
31.00 6.00 -91674.46 -99497.33 105.83 44.94
32.00 6.00 -91674.46 -98974.11 105.83 44.94
33.00 6.00 -91674.46 -96959.84 105.83 44.94
34.00 6.00 -91674.46 -95969.27 105.83 44.94
35.00 6.00 -91674.46 -98930.63 105.83 44.94
36.00 6.00 -91674.46 -97894.72 105.83 44.94
37.00 6.00 -91674.46 -96565.97 105.83 44.94
38.00 6.00 -91674.46 -99986.49 105.83 44.94
39.00 6.00 -91674.46 -94747.84 105.83 44.94
40.00 6.00 -91674.46 -96732.52 105.83 44.94
41.00 6.00 -91674.46 -98214.74 105.83 44.94
42.00 7.00 -90862.22 -90862.22 102.24 41.10
43.00 7.00 -90862.22 -97719.49 102.24 41.10
44.00 7.00 -90862.22 -99645.38 102.24 41.10
45.00 8.00 -90432.33 -90432.33 101.00 32.17
46.00 8.00 -90432.33 -99556.91 101.00 32.17
47.00 8.00 -90432.33 -97573.96 101.00 32.17
48.00 8.00 -90432.33 -95647.84 101.00 32.17
49.00 8.00 -90432.33 -98576.03 101.00 32.17
50.00 8.00 -90432.33 -91557.56 101.00 32.17
51.00 8.00 -90432.33 -97557.74 101.00 32.17
52.00 8.00 -90432.33 -92812.94 101.00 32.17
53.00 8.00 -90432.33 -104999.99 101.00 32.17
54.00 8.00 -90432.33 -90815.11 101.00 32.17
55.00 8.00 -90432.33 -93694.37 101.00 32.17
56.00 9.00 -89561.62 -89561.62 98.89 24.01
57.00 9.00 -89561.62 -97802.77 98.89 24.01
58.00 9.00 -89561.62 -100882.60 98.89 24.01
59.00 9.00 -89561.62 -101898.83 98.89 24.01
60.00 9.00 -89561.62 -100934.88 98.89 24.01
61.00 9.00 -89561.62 -96626.37 98.89 24.01
62.00 10.00 -87981.64 -87981.64 84.28 38.99
63.00 10.00 -87981.64 -97199.81 84.28 38.99
64.00 10.00 -87981.64 -99371.37 84.28 38.99
65.00 10.00 -87981.64 -96987.82 84.28 38.99
66.00 10.00 -87981.64 -93900.88 84.28 38.99
67.00 10.00 -87981.64 -97333.40 84.28 38.99
68.00 10.00 -87981.64 -96393.20 84.28 38.99
69.00 10.00 -87981.64 -97624.29 84.28 38.99
70.00 10.00 -87981.64 -99711.93 84.28 38.99
71.00 10.00 -87981.64 -98635.08 84.28 38.99
72.00 10.00 -87981.64 -100402.66 84.28 38.99
73.00 11.00 -87981.64 -87981.64 84.28 38.99
74.00 11.00 -87981.64 -98191.71 84.28 38.99
75.00 11.00 -87981.64 -93865.47 84.28 38.99
76.00 11.00 -87981.64 -101111.12 84.28 38.99
77.00 11.00 -87981.64 -98538.14 84.28 38.99
78.00 11.00 -87981.64 -105206.44 84.28 38.99
79.00 11.00 -87981.64 -100464.38 84.28 38.99
80.00 11.00 -87981.64 -95190.55 84.28 38.99
81.00 11.00 -87981.64 -107609.48 84.28 38.99
82.00 11.00 -87981.64 -94717.73 84.28 38.99
83.00 11.00 -87981.64 -96910.60 84.28 38.99
84.00 11.00 -87981.64 -97958.50 84.28 38.99
85.00 11.00 -87981.64 -93028.00 84.28 38.99
86.00 12.00 -86058.29 -86058.29 75.00 27.09
87.00 12.00 -86058.29 -102277.72 75.00 27.09
88.00 12.00 -86058.29 -97607.56 75.00 27.09
89.00 12.00 -86058.29 -88855.40 75.00 27.09
90.00 12.00 -86058.29 -94181.37 75.00 27.09
91.00 12.00 -86058.29 -95224.39 75.00 27.09
92.00 12.00 -86058.29 -97750.40 75.00 27.09
93.00 12.00 -86058.29 -96806.39 75.00 27.09
94.00 12.00 -86058.29 -98233.37 75.00 27.09
95.00 12.00 -86058.29 -98245.27 75.00 27.09
96.00 12.00 -86058.29 -99055.83 75.00 27.09
97.00 12.00 -86058.29 -96301.34 75.00 27.09
98.00 12.00 -86058.29 -98055.71 75.00 27.09
99.00 12.00 -86058.29 -93937.05 75.00 27.09
100.00 12.00 -86058.29 -99815.21 75.00 27.09
101.00 12.00 -86058.29 -99544.83 75.00 27.09
102.00 12.00 -86058.29 -87492.85 75.00 27.09
103.00 12.00 -86058.29 -93276.61 75.00 27.09
104.00 12.00 -86058.29 -98011.51 75.00 27.09
105.00 13.00 -86058.29 -86058.29 75.00 27.09
106.00 13.00 -86058.29 -97627.99 75.00 27.09
107.00 13.00 -86058.29 -100074.87 75.00 27.09
108.00 13.00 -86058.29 -96121.11 75.00 27.09
109.00 13.00 -86058.29 -94185.90 75.00 27.09
110.00 13.00 -86058.29 -97937.22 75.00 27.09
111.00 13.00 -86058.29 -98945.39 75.00 27.09
112.00 13.00 -86058.29 -91187.11 75.00 27.09
113.00 13.00 -86058.29 -94384.69 75.00 27.09
114.00 13.00 -86058.29 -97896.94 75.00 27.09
115.00 13.00 -86058.29 -100131.15 75.00 27.09
116.00 13.00 -86058.29 -102647.43 75.00 27.09
117.00 13.00 -86058.29 -95005.92 75.00 27.09
118.00 13.00 -86058.29 -95217.95 75.00 27.09
119.00 13.00 -86058.29 -98613.28 75.00 27.09
120.00 13.00 -86058.29 -98901.43 75.00 27.09
121.00 13.00 -86058.29 -97364.82 75.00 27.09
122.00 13.00 -86058.29 -97118.96 75.00 27.09
123.00 13.00 -86058.29 -90016.71 75.00 27.09
124.00 13.00 -86058.29 -97334.90 75.00 27.09
125.00 13.00 -86058.29 -99859.06 75.00 27.09
126.00 13.00 -86058.29 -99026.47 75.00 27.09
127.00 13.00 -86058.29 -95641.12 75.00 27.09
128.00 13.00 -86058.29 -95951.59 75.00 27.09
129.00 13.00 -86058.29 -95897.24 75.00 27.09
130.00 13.00 -86058.29 -94939.66 75.00 27.09
131.00 13.00 -86058.29 -93205.40 75.00 27.09
132.00 13.00 -86058.29 -104625.63 75.00 27.09
133.00 13.00 -86058.29 -97708.69 75.00 27.09
134.00 13.00 -86058.29 -90484.87 75.00 27.09
135.00 13.00 -86058.29 -98418.61 75.00 27.09
136.00 13.00 -86058.29 -86563.53 75.00 27.09
137.00 13.00 -86058.29 -99861.55 75.00 27.09
138.00 13.00 -86058.29 -94537.05 75.00 27.09
139.00 13.00 -86058.29 -98704.70 75.00 27.09
140.00 13.00 -86058.29 -95909.14 75.00 27.09
141.00 13.00 -86058.29 -91745.22 75.00 27.09
142.00 13.00 -86058.29 -94971.71 75.00 27.09
143.00 13.00 -86058.29 -90703.40 75.00 27.09
144.00 13.00 -86058.29 -99117.46 75.00 27.09
145.00 13.00 -86058.29 -86226.35 75.00 27.09
146.00 13.00 -86058.29 -89847.69 75.00 27.09
147.00 13.00 -86058.29 -100359.43 75.00 27.09
148.00 13.00 -86058.29 -98008.40 75.00 27.09
149.00 13.00 -86058.29 -101834.08 75.00 27.09
150.00 13.00 -86058.29 -98790.12 75.00 27.09
151.00 13.00 -86058.29 -91145.07 75.00 27.09
152.00 13.00 -86058.29 -98012.71 75.00 27.09
153.00 13.00 -86058.29 -97645.87 75.00 27.09
154.00 13.00 -86058.29 -97958.70 75.00 27.09
155.00 13.00 -86058.29 -96565.74 75.00 27.09
156.00 13.00 -86058.29 -99751.76 75.00 27.09
157.00 13.00 -86058.29 -97622.71 75.00 27.09
158.00 13.00 -86058.29 -102119.58 75.00 27.09
159.00 13.00 -86058.29 -101187.85 75.00 27.09
160.00 13.00 -86058.29 -99656.23 75.00 27.09
161.00 13.00 -86058.29 -99961.38 75.00 27.09
162.00 13.00 -86058.29 -98459.39 75.00 27.09
163.00 13.00 -86058.29 -96920.97 75.00 27.09
164.00 13.00 -86058.29 -92945.31 75.00 27.09
165.00 13.00 -86058.29 -99222.54 75.00 27.09
166.00 13.00 -86058.29 -94805.13 75.00 27.09
167.00 13.00 -86058.29 -93580.62 75.00 27.09
168.00 13.00 -86058.29 -93553.58 75.00 27.09
169.00 13.00 -86058.29 -98617.77 75.00 27.09
170.00 13.00 -86058.29 -98426.35 75.00 27.09
171.00 13.00 -86058.29 -102583.22 75.00 27.09
172.00 13.00 -86058.29 -103679.09 75.00 27.09
173.00 13.00 -86058.29 -95477.28 75.00 27.09
174.00 13.00 -86058.29 -91783.54 75.00 27.09
175.00 13.00 -86058.29 -98137.04 75.00 27.09
176.00 13.00 -86058.29 -94478.28 75.00 27.09
177.00 13.00 -86058.29 -98471.42 75.00 27.09
178.00 13.00 -86058.29 -99985.54 75.00 27.09
179.00 13.00 -86058.29 -95807.21 75.00 27.09
180.00 13.00 -86058.29 -103371.08 75.00 27.09
181.00 13.00 -86058.29 -95308.91 75.00 27.09
182.00 13.00 -86058.29 -98940.77 75.00 27.09
183.00 13.00 -86058.29 -100400.70 75.00 27.09
184.00 13.00 -86058.29 -97378.89 75.00 27.09
185.00 13.00 -86058.29 -99676.95 75.00 27.09
186.00 13.00 -86058.29 -96767.60 75.00 27.09
187.00 13.00 -86058.29 -97710.43 75.00 27.09
188.00 13.00 -86058.29 -97784.74 75.00 27.09
189.00 13.00 -86058.29 -94330.78 75.00 27.09
190.00 13.00 -86058.29 -95701.70 75.00 27.09
191.00 13.00 -86058.29 -96296.59 75.00 27.09
192.00 13.00 -86058.29 -96812.07 75.00 27.09
193.00 13.00 -86058.29 -98361.85 75.00 27.09
194.00 13.00 -86058.29 -96610.44 75.00 27.09
195.00 13.00 -86058.29 -97061.03 75.00 27.09
196.00 13.00 -86058.29 -94496.67 75.00 27.09
197.00 13.00 -86058.29 -96435.87 75.00 27.09
198.00 13.00 -86058.29 -96910.41 75.00 27.09
199.00 13.00 -86058.29 -113691.97 75.00 27.09
200.00 13.00 -86058.29 -98986.50 75.00 27.09
201.00 13.00 -86058.29 -90383.56 75.00 27.09
202.00 13.00 -86058.29 -95884.07 75.00 27.09
203.00 13.00 -86058.29 -93056.63 75.00 27.09
204.00 13.00 -86058.29 -97499.63 75.00 27.09
205.00 13.00 -86058.29 -100038.21 75.00 27.09
206.00 13.00 -86058.29 -104001.32 75.00 27.09
207.00 13.00 -86058.29 -97144.73 75.00 27.09
208.00 13.00 -86058.29 -95872.95 75.00 27.09
209.00 13.00 -86058.29 -94460.72 75.00 27.09
210.00 13.00 -86058.29 -99727.64 75.00 27.09
211.00 13.00 -86058.29 -95803.68 75.00 27.09
212.00 13.00 -86058.29 -97855.09 75.00 27.09
213.00 13.00 -86058.29 -100073.83 75.00 27.09
214.00 13.00 -86058.29 -99716.69 75.00 27.09
215.00 13.00 -86058.29 -96148.86 75.00 27.09
216.00 13.00 -86058.29 -89358.28 75.00 27.09
217.00 13.00 -86058.29 -99973.45 75.00 27.09
218.00 13.00 -86058.29 -95589.17 75.00 27.09
219.00 13.00 -86058.29 -91205.78 75.00 27.09
220.00 13.00 -86058.29 -96400.63 75.00 27.09
221.00 13.00 -86058.29 -95357.87 75.00 27.09
222.00 13.00 -86058.29 -94524.93 75.00 27.09
223.00 13.00 -86058.29 -91584.12 75.00 27.09
224.00 13.00 -86058.29 -91687.08 75.00 27.09
225.00 13.00 -86058.29 -98733.12 75.00 27.09
226.00 13.00 -86058.29 -91390.36 75.00 27.09
227.00 13.00 -86058.29 -95770.25 75.00 27.09
228.00 13.00 -86058.29 -90651.84 75.00 27.09
229.00 13.00 -86058.29 -90777.56 75.00 27.09
230.00 13.00 -86058.29 -99537.14 75.00 27.09
231.00 13.00 -86058.29 -96711.22 75.00 27.09
232.00 13.00 -86058.29 -97587.82 75.00 27.09
233.00 13.00 -86058.29 -95510.05 75.00 27.09
234.00 13.00 -86058.29 -102513.80 75.00 27.09
235.00 13.00 -86058.29 -93769.12 75.00 27.09
236.00 13.00 -86058.29 -89293.82 75.00 27.09
237.00 13.00 -86058.29 -101687.35 75.00 27.09
238.00 13.00 -86058.29 -90009.42 75.00 27.09
239.00 13.00 -86058.29 -98032.91 75.00 27.09
240.00 13.00 -86058.29 -97676.41 75.00 27.09
241.00 13.00 -86058.29 -94311.47 75.00 27.09
242.00 13.00 -86058.29 -99207.05 75.00 27.09
243.00 13.00 -86058.29 -98146.07 75.00 27.09
244.00 13.00 -86058.29 -97174.86 75.00 27.09
245.00 13.00 -86058.29 -98494.76 75.00 27.09
246.00 13.00 -86058.29 -102228.61 75.00 27.09
247.00 13.00 -86058.29 -97359.21 75.00 27.09
248.00 13.00 -86058.29 -95471.81 75.00 27.09
249.00 13.00 -86058.29 -92865.87 75.00 27.09
250.00 13.00 -86058.29 -98551.77 75.00 27.09
251.00 13.00 -86058.29 -95650.62 75.00 27.09
252.00 13.00 -86058.29 -91734.53 75.00 27.09
253.00 13.00 -86058.29 -91223.94 75.00 27.09
254.00 13.00 -86058.29 -97879.95 75.00 27.09
255.00 13.00 -86058.29 -97959.77 75.00 27.09
256.00 13.00 -86058.29 -98494.72 75.00 27.09
257.00 13.00 -86058.29 -97979.50 75.00 27.09
258.00 13.00 -86058.29 -95025.35 75.00 27.09
259.00 13.00 -86058.29 -105234.01 75.00 27.09
260.00 13.00 -86058.29 -97702.91 75.00 27.09
261.00 13.00 -86058.29 -98820.06 75.00 27.09
262.00 13.00 -86058.29 -96866.02 75.00 27.09
263.00 13.00 -86058.29 -90167.18 75.00 27.09
264.00 13.00 -86058.29 -97209.53 75.00 27.09
265.00 13.00 -86058.29 -97058.75 75.00 27.09
266.00 13.00 -86058.29 -95364.81 75.00 27.09
267.00 13.00 -86058.29 -98193.11 75.00 27.09
268.00 13.00 -86058.29 -96239.62 75.00 27.09
269.00 13.00 -86058.29 -98328.52 75.00 27.09
270.00 13.00 -86058.29 -97094.71 75.00 27.09
271.00 13.00 -86058.29 -97253.39 75.00 27.09
272.00 13.00 -86058.29 -90638.42 75.00 27.09
273.00 13.00 -86058.29 -98584.64 75.00 27.09
274.00 13.00 -86058.29 -98536.84 75.00 27.09
275.00 13.00 -86058.29 -91919.83 75.00 27.09
276.00 13.00 -86058.29 -98546.33 75.00 27.09
277.00 13.00 -86058.29 -97584.06 75.00 27.09
278.00 13.00 -86058.29 -95481.57 75.00 27.09
279.00 13.00 -86058.29 -95514.81 75.00 27.09
280.00 13.00 -86058.29 -98425.51 75.00 27.09
281.00 13.00 -86058.29 -93091.72 75.00 27.09
282.00 13.00 -86058.29 -95902.47 75.00 27.09
283.00 13.00 -86058.29 -96737.85 75.00 27.09
284.00 13.00 -86058.29 -99079.55 75.00 27.09
285.00 13.00 -86058.29 -94022.41 75.00 27.09
286.00 13.00 -86058.29 -98845.34 75.00 27.09
287.00 13.00 -86058.29 -98240.06 75.00 27.09
288.00 13.00 -86058.29 -98064.95 75.00 27.09
289.00 13.00 -86058.29 -98326.95 75.00 27.09
290.00 13.00 -86058.29 -96507.35 75.00 27.09
291.00 13.00 -86058.29 -97662.76 75.00 27.09
292.00 13.00 -86058.29 -95165.89 75.00 27.09
293.00 13.00 -86058.29 -94381.18 75.00 27.09
294.00 13.00 -86058.29 -99290.55 75.00 27.09
295.00 13.00 -86058.29 -97446.14 75.00 27.09
296.00 13.00 -86058.29 -96602.93 75.00 27.09
297.00 13.00 -86058.29 -98656.02 75.00 27.09
298.00 13.00 -86058.29 -94294.14 75.00 27.09
299.00 13.00 -86058.29 -91764.31 75.00 27.09
300.00 13.00 -86058.29 -99606.13 75.00 27.09
301.00 13.00 -86058.29 -92525.37 75.00 27.09
302.00 13.00 -86058.29 -90595.54 75.00 27.09
303.00 13.00 -86058.29 -100795.29 75.00 27.09
304.00 13.00 -86058.29 -99828.36 75.00 27.09
305.00 13.00 -86058.29 -97331.69 75.00 27.09
306.00 13.00 -86058.29 -97125.66 75.00 27.09
307.00 13.00 -86058.29 -92474.26 75.00 27.09
308.00 13.00 -86058.29 -97610.33 75.00 27.09
309.00 13.00 -86058.29 -97918.34 75.00 27.09
310.00 13.00 -86058.29 -93422.93 75.00 27.09
311.00 13.00 -86058.29 -95167.20 75.00 27.09
312.00 13.00 -86058.29 -102168.27 75.00 27.09
313.00 13.00 -86058.29 -98289.81 75.00 27.09
314.00 13.00 -86058.29 -94752.96 75.00 27.09
315.00 13.00 -86058.29 -102984.25 75.00 27.09
316.00 13.00 -86058.29 -94881.72 75.00 27.09
317.00 13.00 -86058.29 -99421.54 75.00 27.09
318.00 13.00 -86058.29 -96910.65 75.00 27.09
319.00 13.00 -86058.29 -95310.95 75.00 27.09
320.00 13.00 -86058.29 -95719.33 75.00 27.09
321.00 13.00 -86058.29 -94412.74 75.00 27.09
322.00 13.00 -86058.29 -98395.41 75.00 27.09
323.00 13.00 -86058.29 -96733.79 75.00 27.09
324.00 13.00 -86058.29 -98596.24 75.00 27.09
325.00 13.00 -86058.29 -96613.83 75.00 27.09
326.00 13.00 -86058.29 -94663.04 75.00 27.09
327.00 13.00 -86058.29 -90962.76 75.00 27.09
328.00 13.00 -86058.29 -96399.58 75.00 27.09
329.00 13.00 -86058.29 -88482.40 75.00 27.09
330.00 13.00 -86058.29 -91435.73 75.00 27.09
331.00 13.00 -86058.29 -96616.51 75.00 27.09
332.00 13.00 -86058.29 -98152.51 75.00 27.09
333.00 13.00 -86058.29 -92400.89 75.00 27.09
334.00 13.00 -86058.29 -98532.97 75.00 27.09
335.00 13.00 -86058.29 -98390.25 75.00 27.09
336.00 13.00 -86058.29 -93548.05 75.00 27.09
337.00 13.00 -86058.29 -100325.94 75.00 27.09
338.00 13.00 -86058.29 -93301.36 75.00 27.09
339.00 13.00 -86058.29 -98838.62 75.00 27.09
340.00 13.00 -86058.29 -93915.35 75.00 27.09
341.00 13.00 -86058.29 -95025.96 75.00 27.09
342.00 13.00 -86058.29 -93809.20 75.00 27.09
343.00 13.00 -86058.29 -97512.31 75.00 27.09
344.00 13.00 -86058.29 -99370.81 75.00 27.09
345.00 13.00 -86058.29 -99158.94 75.00 27.09
346.00 13.00 -86058.29 -96119.80 75.00 27.09
347.00 13.00 -86058.29 -95102.81 75.00 27.09
348.00 13.00 -86058.29 -93493.90 75.00 27.09
349.00 13.00 -86058.29 -96178.35 75.00 27.09
350.00 13.00 -86058.29 -95838.08 75.00 27.09
351.00 13.00 -86058.29 -94705.73 75.00 27.09
352.00 13.00 -86058.29 -98253.18 75.00 27.09
353.00 13.00 -86058.29 -96607.93 75.00 27.09
354.00 13.00 -86058.29 -96131.94 75.00 27.09
355.00 13.00 -86058.29 -98908.07 75.00 27.09
356.00 13.00 -86058.29 -96267.71 75.00 27.09
357.00 13.00 -86058.29 -99865.25 75.00 27.09
358.00 13.00 -86058.29 -96749.89 75.00 27.09
359.00 13.00 -86058.29 -95740.56 75.00 27.09
360.00 13.00 -86058.29 -94527.05 75.00 27.09
361.00 13.00 -86058.29 -94391.65 75.00 27.09
362.00 13.00 -86058.29 -99054.36 75.00 27.09
363.00 13.00 -86058.29 -94510.11 75.00 27.09
364.00 13.00 -86058.29 -100979.99 75.00 27.09
365.00 13.00 -86058.29 -96260.86 75.00 27.09
366.00 13.00 -86058.29 -97569.78 75.00 27.09
367.00 13.00 -86058.29 -96303.19 75.00 27.09
368.00 13.00 -86058.29 -94245.37 75.00 27.09
369.00 13.00 -86058.29 -89796.98 75.00 27.09
370.00 13.00 -86058.29 -97927.45 75.00 27.09
371.00 13.00 -86058.29 -98547.82 75.00 27.09
372.00 13.00 -86058.29 -95287.72 75.00 27.09
373.00 13.00 -86058.29 -100118.91 75.00 27.09
374.00 13.00 -86058.29 -95537.70 75.00 27.09
375.00 13.00 -86058.29 -100666.17 75.00 27.09
376.00 13.00 -86058.29 -102995.67 75.00 27.09
377.00 13.00 -86058.29 -94647.29 75.00 27.09
378.00 13.00 -86058.29 -92292.51 75.00 27.09
379.00 13.00 -86058.29 -93289.08 75.00 27.09
380.00 13.00 -86058.29 -100071.35 75.00 27.09
381.00 13.00 -86058.29 -99143.64 75.00 27.09
382.00 13.00 -86058.29 -103390.14 75.00 27.09
383.00 13.00 -86058.29 -95891.54 75.00 27.09
384.00 13.00 -86058.29 -91036.50 75.00 27.09
385.00 13.00 -86058.29 -93928.75 75.00 27.09
386.00 13.00 -86058.29 -97996.71 75.00 27.09
387.00 13.00 -86058.29 -92063.83 75.00 27.09
388.00 13.00 -86058.29 -98521.03 75.00 27.09
389.00 13.00 -86058.29 -100234.95 75.00 27.09
390.00 13.00 -86058.29 -93963.78 75.00 27.09
391.00 13.00 -86058.29 -95367.28 75.00 27.09
392.00 13.00 -86058.29 -98658.04 75.00 27.09
393.00 13.00 -86058.29 -98941.17 75.00 27.09
394.00 13.00 -86058.29 -99983.48 75.00 27.09
395.00 13.00 -86058.29 -90428.72 75.00 27.09
396.00 13.00 -86058.29 -91694.39 75.00 27.09
397.00 13.00 -86058.29 -94934.20 75.00 27.09
398.00 13.00 -86058.29 -88610.32 75.00 27.09
399.00 13.00 -86058.29 -95229.46 75.00 27.09
400.00 13.00 -86058.29 -94651.84 75.00 27.09
401.00 13.00 -86058.29 -97056.68 75.00 27.09
402.00 13.00 -86058.29 -96367.44 75.00 27.09
403.00 13.00 -86058.29 -100145.67 75.00 27.09
404.00 13.00 -86058.29 -94290.11 75.00 27.09
405.00 13.00 -86058.29 -97359.17 75.00 27.09
406.00 13.00 -86058.29 -98857.27 75.00 27.09
407.00 13.00 -86058.29 -93333.89 75.00 27.09
408.00 13.00 -86058.29 -94980.00 75.00 27.09
409.00 13.00 -86058.29 -98475.94 75.00 27.09
410.00 13.00 -86058.29 -93914.63 75.00 27.09
411.00 13.00 -86058.29 -95664.80 75.00 27.09
412.00 13.00 -86058.29 -96841.87 75.00 27.09
413.00 13.00 -86058.29 -96257.65 75.00 27.09
414.00 13.00 -86058.29 -101159.76 75.00 27.09
415.00 13.00 -86058.29 -93605.95 75.00 27.09
416.00 13.00 -86058.29 -103728.73 75.00 27.09
417.00 13.00 -86058.29 -92215.00 75.00 27.09
418.00 13.00 -86058.29 -91340.86 75.00 27.09
419.00 13.00 -86058.29 -101928.98 75.00 27.09
420.00 13.00 -86058.29 -99234.79 75.00 27.09
421.00 13.00 -86058.29 -91887.38 75.00 27.09
422.00 13.00 -86058.29 -94574.86 75.00 27.09
423.00 13.00 -86058.29 -95660.64 75.00 27.09
424.00 13.00 -86058.29 -95338.36 75.00 27.09
425.00 13.00 -86058.29 -97315.03 75.00 27.09
426.00 13.00 -86058.29 -99475.86 75.00 27.09
427.00 13.00 -86058.29 -96469.59 75.00 27.09
428.00 13.00 -86058.29 -99638.61 75.00 27.09
429.00 13.00 -86058.29 -98596.20 75.00 27.09
430.00 13.00 -86058.29 -99511.57 75.00 27.09
431.00 13.00 -86058.29 -100799.28 75.00 27.09
432.00 13.00 -86058.29 -97905.54 75.00 27.09
433.00 13.00 -86058.29 -94534.01 75.00 27.09
434.00 13.00 -86058.29 -98559.47 75.00 27.09
435.00 13.00 -86058.29 -92100.75 75.00 27.09
436.00 13.00 -86058.29 -95421.84 75.00 27.09
437.00 13.00 -86058.29 -93527.42 75.00 27.09
438.00 13.00 -86058.29 -99143.83 75.00 27.09
439.00 13.00 -86058.29 -99453.40 75.00 27.09
440.00 13.00 -86058.29 -92992.44 75.00 27.09
441.00 13.00 -86058.29 -100472.22 75.00 27.09
442.00 13.00 -86058.29 -100070.25 75.00 27.09
443.00 13.00 -86058.29 -101631.16 75.00 27.09
444.00 13.00 -86058.29 -94508.26 75.00 27.09
445.00 13.00 -86058.29 -92745.97 75.00 27.09
446.00 13.00 -86058.29 -102461.01 75.00 27.09
447.00 13.00 -86058.29 -91678.58 75.00 27.09
448.00 13.00 -86058.29 -99007.51 75.00 27.09
449.00 13.00 -86058.29 -95521.99 75.00 27.09
450.00 13.00 -86058.29 -94925.40 75.00 27.09
451.00 13.00 -86058.29 -96835.59 75.00 27.09
452.00 13.00 -86058.29 -97436.66 75.00 27.09
453.00 13.00 -86058.29 -94537.31 75.00 27.09
454.00 13.00 -86058.29 -98567.60 75.00 27.09
455.00 13.00 -86058.29 -93179.10 75.00 27.09
456.00 13.00 -86058.29 -94376.19 75.00 27.09
457.00 13.00 -86058.29 -95330.86 75.00 27.09
458.00 13.00 -86058.29 -92124.14 75.00 27.09
459.00 13.00 -86058.29 -98660.39 75.00 27.09
460.00 13.00 -86058.29 -97229.45 75.00 27.09
461.00 13.00 -86058.29 -97867.37 75.00 27.09
462.00 13.00 -86058.29 -90801.10 75.00 27.09
463.00 13.00 -86058.29 -102625.19 75.00 27.09
464.00 13.00 -86058.29 -96852.62 75.00 27.09
465.00 13.00 -86058.29 -99785.65 75.00 27.09
466.00 13.00 -86058.29 -97077.19 75.00 27.09
467.00 13.00 -86058.29 -97324.90 75.00 27.09
468.00 13.00 -86058.29 -98577.21 75.00 27.09
469.00 13.00 -86058.29 -100185.93 75.00 27.09
470.00 13.00 -86058.29 -100907.98 75.00 27.09
471.00 13.00 -86058.29 -98546.01 75.00 27.09
472.00 13.00 -86058.29 -88231.80 75.00 27.09
473.00 13.00 -86058.29 -98887.44 75.00 27.09
474.00 13.00 -86058.29 -95721.83 75.00 27.09
475.00 13.00 -86058.29 -98051.70 75.00 27.09
476.00 13.00 -86058.29 -92767.81 75.00 27.09
477.00 13.00 -86058.29 -96202.27 75.00 27.09
478.00 13.00 -86058.29 -93073.70 75.00 27.09
479.00 13.00 -86058.29 -89534.48 75.00 27.09
480.00 13.00 -86058.29 -100031.18 75.00 27.09
481.00 13.00 -86058.29 -94671.96 75.00 27.09
482.00 13.00 -86058.29 -94066.76 75.00 27.09
483.00 13.00 -86058.29 -94503.52 75.00 27.09
484.00 13.00 -86058.29 -102542.86 75.00 27.09
485.00 13.00 -86058.29 -100210.22 75.00 27.09
486.00 13.00 -86058.29 -94461.93 75.00 27.09
487.00 13.00 -86058.29 -97393.05 75.00 27.09
488.00 13.00 -86058.29 -98816.39 75.00 27.09
489.00 13.00 -86058.29 -99259.56 75.00 27.09
490.00 13.00 -86058.29 -96775.45 75.00 27.09
491.00 13.00 -86058.29 -99258.74 75.00 27.09
492.00 13.00 -86058.29 -95301.48 75.00 27.09
493.00 13.00 -86058.29 -90888.68 75.00 27.09
494.00 13.00 -86058.29 -92326.43 75.00 27.09
495.00 13.00 -86058.29 -100825.64 75.00 27.09
496.00 13.00 -86058.29 -98129.53 75.00 27.09
497.00 13.00 -86058.29 -98541.43 75.00 27.09
498.00 13.00 -86058.29 -99794.71 75.00 27.09
499.00 13.00 -86058.29 -93693.97 75.00 27.09
500.00 13.00 -86058.29 -93172.77 75.00 27.09
501.00 13.00 -86058.29 -92541.04 75.00 27.09
502.00 13.00 -86058.29 -90554.75 75.00 27.09
503.00 13.00 -86058.29 -98104.07 75.00 27.09
504.00 13.00 -86058.29 -94081.17 75.00 27.09
505.00 13.00 -86058.29 -95726.12 75.00 27.09
506.00 13.00 -86058.29 -94923.95 75.00 27.09
507.00 13.00 -86058.29 -93253.80 75.00 27.09
508.00 13.00 -86058.29 -95135.69 75.00 27.09
509.00 13.00 -86058.29 -96143.68 75.00 27.09
510.00 13.00 -86058.29 -100580.83 75.00 27.09
511.00 13.00 -86058.29 -96699.64 75.00 27.09
512.00 13.00 -86058.29 -94775.17 75.00 27.09
513.00 13.00 -86058.29 -95977.14 75.00 27.09
514.00 13.00 -86058.29 -98787.24 75.00 27.09
515.00 13.00 -86058.29 -100158.17 75.00 27.09
516.00 13.00 -86058.29 -96531.22 75.00 27.09
517.00 13.00 -86058.29 -96531.37 75.00 27.09
518.00 13.00 -86058.29 -100974.35 75.00 27.09
519.00 13.00 -86058.29 -94469.12 75.00 27.09
520.00 13.00 -86058.29 -97352.92 75.00 27.09
521.00 13.00 -86058.29 -94812.75 75.00 27.09
522.00 13.00 -86058.29 -93332.16 75.00 27.09
523.00 13.00 -86058.29 -99649.85 75.00 27.09
524.00 13.00 -86058.29 -95759.74 75.00 27.09
525.00 13.00 -86058.29 -99541.09 75.00 27.09
526.00 13.00 -86058.29 -98893.38 75.00 27.09
527.00 13.00 -86058.29 -95166.63 75.00 27.09
528.00 13.00 -86058.29 -97787.99 75.00 27.09
529.00 13.00 -86058.29 -92268.18 75.00 27.09
530.00 13.00 -86058.29 -98712.81 75.00 27.09
531.00 13.00 -86058.29 -96527.14 75.00 27.09
532.00 13.00 -86058.29 -92257.09 75.00 27.09
533.00 13.00 -86058.29 -98020.05 75.00 27.09
534.00 13.00 -86058.29 -96050.31 75.00 27.09
535.00 13.00 -86058.29 -96172.76 75.00 27.09
536.00 13.00 -86058.29 -95886.13 75.00 27.09
537.00 13.00 -86058.29 -99736.45 75.00 27.09
538.00 13.00 -86058.29 -87501.38 75.00 27.09
539.00 13.00 -86058.29 -99064.86 75.00 27.09
540.00 13.00 -86058.29 -93026.43 75.00 27.09
541.00 13.00 -86058.29 -98583.42 75.00 27.09
542.00 13.00 -86058.29 -109863.38 75.00 27.09
543.00 13.00 -86058.29 -103112.76 75.00 27.09
544.00 13.00 -86058.29 -96181.21 75.00 27.09
545.00 13.00 -86058.29 -96736.79 75.00 27.09
546.00 13.00 -86058.29 -95685.87 75.00 27.09
547.00 13.00 -86058.29 -97568.22 75.00 27.09
548.00 13.00 -86058.29 -97230.87 75.00 27.09
549.00 13.00 -86058.29 -94115.34 75.00 27.09
550.00 13.00 -86058.29 -97524.26 75.00 27.09
551.00 13.00 -86058.29 -98555.49 75.00 27.09
552.00 13.00 -86058.29 -97186.78 75.00 27.09
553.00 13.00 -86058.29 -100454.19 75.00 27.09
554.00 13.00 -86058.29 -96335.79 75.00 27.09
555.00 13.00 -86058.29 -98612.98 75.00 27.09
556.00 13.00 -86058.29 -94647.85 75.00 27.09
557.00 13.00 -86058.29 -99351.57 75.00 27.09
558.00 13.00 -86058.29 -92656.72 75.00 27.09
559.00 13.00 -86058.29 -95471.62 75.00 27.09
560.00 13.00 -86058.29 -98839.94 75.00 27.09
561.00 13.00 -86058.29 -97498.78 75.00 27.09
562.00 13.00 -86058.29 -94118.01 75.00 27.09
563.00 13.00 -86058.29 -97211.94 75.00 27.09
564.00 13.00 -86058.29 -97215.65 75.00 27.09
565.00 13.00 -86058.29 -98493.55 75.00 27.09
566.00 13.00 -86058.29 -98974.32 75.00 27.09
567.00 13.00 -86058.29 -92944.10 75.00 27.09
568.00 13.00 -86058.29 -99489.13 75.00 27.09
569.00 13.00 -86058.29 -101716.07 75.00 27.09
570.00 13.00 -86058.29 -97562.88 75.00 27.09
571.00 13.00 -86058.29 -98061.46 75.00 27.09
572.00 13.00 -86058.29 -96338.20 75.00 27.09
573.00 13.00 -86058.29 -96184.92 75.00 27.09
574.00 13.00 -86058.29 -90537.12 75.00 27.09
575.00 13.00 -86058.29 -97004.52 75.00 27.09
576.00 13.00 -86058.29 -97220.64 75.00 27.09
577.00 13.00 -86058.29 -101655.98 75.00 27.09
578.00 13.00 -86058.29 -93425.80 75.00 27.09
579.00 13.00 -86058.29 -97676.14 75.00 27.09
580.00 13.00 -86058.29 -98800.31 75.00 27.09
581.00 13.00 -86058.29 -95510.98 75.00 27.09
582.00 13.00 -86058.29 -103202.05 75.00 27.09
583.00 13.00 -86058.29 -98610.91 75.00 27.09
584.00 13.00 -86058.29 -91628.98 75.00 27.09
585.00 13.00 -86058.29 -99829.37 75.00 27.09
586.00 13.00 -86058.29 -96210.29 75.00 27.09
587.00 13.00 -86058.29 -99232.51 75.00 27.09
588.00 13.00 -86058.29 -98183.37 75.00 27.09
589.00 13.00 -86058.29 -99453.89 75.00 27.09
590.00 13.00 -86058.29 -99554.87 75.00 27.09
591.00 13.00 -86058.29 -98633.21 75.00 27.09
592.00 13.00 -86058.29 -94111.16 75.00 27.09
593.00 13.00 -86058.29 -94811.95 75.00 27.09
594.00 13.00 -86058.29 -101958.80 75.00 27.09
595.00 13.00 -86058.29 -97077.00 75.00 27.09
596.00 13.00 -86058.29 -98111.80 75.00 27.09
597.00 13.00 -86058.29 -99950.50 75.00 27.09
598.00 13.00 -86058.29 -89188.24 75.00 27.09
599.00 13.00 -86058.29 -97622.15 75.00 27.09
600.00 13.00 -86058.29 -95281.39 75.00 27.09
601.00 13.00 -86058.29 -94434.67 75.00 27.09
602.00 13.00 -86058.29 -94794.76 75.00 27.09
603.00 13.00 -86058.29 -95983.79 75.00 27.09
604.00 13.00 -86058.29 -95021.18 75.00 27.09
605.00 13.00 -86058.29 -97569.55 75.00 27.09
606.00 13.00 -86058.29 -98175.84 75.00 27.09
607.00 13.00 -86058.29 -99646.48 75.00 27.09
608.00 13.00 -86058.29 -97011.08 75.00 27.09
609.00 13.00 -86058.29 -91083.55 75.00 27.09
610.00 13.00 -86058.29 -97085.82 75.00 27.09
611.00 13.00 -86058.29 -95689.65 75.00 27.09
612.00 13.00 -86058.29 -99447.64 75.00 27.09
613.00 13.00 -86058.29 -95936.62 75.00 27.09
614.00 13.00 -86058.29 -93010.66 75.00 27.09
615.00 13.00 -86058.29 -92367.10 75.00 27.09
616.00 13.00 -86058.29 -95393.51 75.00 27.09
617.00 13.00 -86058.29 -94459.60 75.00 27.09
618.00 13.00 -86058.29 -98369.47 75.00 27.09
619.00 13.00 -86058.29 -92095.33 75.00 27.09
620.00 13.00 -86058.29 -100670.73 75.00 27.09
621.00 13.00 -86058.29 -98185.01 75.00 27.09
622.00 13.00 -86058.29 -90950.58 75.00 27.09
