0.00 0.00 -66660.24 -66857.07 0.00 0.00
1.00 0.00 -66660.24 -67951.45 0.00 0.00
2.00 0.00 -66660.24 -68506.95 0.00 0.00
3.00 0.00 -66660.24 -67275.04 0.00 0.00
4.00 0.00 -66660.24 -67591.41 0.00 0.00
5.00 1.00 -66158.18 -66158.18 153.99 114.04
6.00 1.00 -66158.18 -68633.20 153.99 114.04
7.00 1.00 -66158.18 -69698.77 153.99 114.04
8.00 1.00 -66158.18 -67440.75 153.99 114.04
9.00 2.00 -65866.90 -65866.90 152.20 98.24
10.00 2.00 -65866.90 -66987.82 152.20 98.24
11.00 3.00 -64420.84 -64420.84 133.45 78.82
12.00 3.00 -64420.84 -67169.79 133.45 78.82
13.00 3.00 -64420.84 -65059.17 133.45 78.82
14.00 3.00 -64420.84 -67686.45 133.45 78.82
15.00 4.00 -64409.08 -64409.08 136.22 65.95
16.00 4.00 -64409.08 -66292.87 136.22 65.95
17.00 4.00 -64409.08 -67413.31 136.22 65.95
18.00 4.00 -64409.08 -65642.35 136.22 65.95
19.00 4.00 -64409.08 -65572.40 136.22 65.95
20.00 4.00 -64409.08 -66542.26 136.22 65.95
21.00 4.00 -64409.08 -66144.75 136.22 65.95
22.00 4.00 -64409.08 -65194.26 136.22 65.95
23.00 4.00 -64409.08 -66522.64 136.22 65.95
24.00 4.00 -64409.08 -66842.83 136.22 65.95
25.00 4.00 -64409.08 -67024.50 136.22 65.95
26.00 4.00 -64409.08 -65254.29 136.22 65.95
27.00 5.00 -62508.36 -62508.36 108.59 75.56
28.00 5.00 -62508.36 -65260.24 108.59 75.56
29.00 5.00 -62508.36 -65954.04 108.59 75.56
30.00 5.00 -62508.36 -65611.42 108.59 75.56
31.00 5.00 -62508.36 -64574.71 108.59 75.56
32.00 5.00 -62508.36 -66865.30 108.59 75.56
33.00 5.00 -62508.36 -65196.63 108.59 75.56
34.00 5.00 -62508.36 -65645.71 108.59 75.56
35.00 5.00 -62508.36 -66662.61 108.59 75.56
36.00 5.00 -62508.36 -63735.37 108.59 75.56
37.00 5.00 -62508.36 -66733.88 108.59 75.56
38.00 5.00 -62508.36 -64659.00 108.59 75.56
39.00 6.00 -61820.28 -61820.28 104.62 54.94
40.00 6.00 -61820.28 -62230.47 104.62 54.94
41.00 6.00 -61820.28 -67999.03 104.62 54.94
42.00 6.00 -61820.28 -66462.67 104.62 54.94
43.00 6.00 -61820.28 -66092.71 104.62 54.94
44.00 6.00 -61820.28 -64293.97 104.62 54.94
45.00 6.00 -61820.28 -65079.55 104.62 54.94
46.00 6.00 -61820.28 -64868.80 104.62 54.94
47.00 6.00 -61820.28 -62844.44 104.62 54.94
48.00 6.00 -61820.28 -67137.55 104.62 54.94
49.00 6.00 -61820.28 -67369.92 104.62 54.94
50.00 6.00 -61820.28 -64347.62 104.62 54.94
51.00 6.00 -61820.28 -64213.40 104.62 54.94
52.00 6.00 -61820.28 -66332.38 104.62 54.94
53.00 6.00 -61820.28 -67497.55 104.62 54.94
54.00 6.00 -61820.28 -67842.02 104.62 54.94
55.00 6.00 -61820.28 -65090.65 104.62 54.94
56.00 6.00 -61820.28 -65432.25 104.62 54.94
57.00 6.00 -61820.28 -62163.29 104.62 54.94
58.00 6.00 -61820.28 -64714.79 104.62 54.94
59.00 6.00 -61820.28 -63625.68 104.62 54.94
60.00 6.00 -61820.28 -63809.87 104.62 54.94
61.00 6.00 -61820.28 -72746.65 104.62 54.94
62.00 6.00 -61820.28 -64560.46 104.62 54.94
63.00 6.00 -61820.28 -65872.27 104.62 54.94
64.00 6.00 -61820.28 -66347.09 104.62 54.94
65.00 6.00 -61820.28 -64857.46 104.62 54.94
66.00 6.00 -61820.28 -66012.20 104.62 54.94
67.00 6.00 -61820.28 -67672.93 104.62 54.94
68.00 6.00 -61820.28 -64351.42 104.62 54.94
69.00 6.00 -61820.28 -64854.92 104.62 54.94
70.00 6.00 -61820.28 -65884.35 104.62 54.94
71.00 6.00 -61820.28 -66016.93 104.62 54.94
72.00 6.00 -61820.28 -66523.05 104.62 54.94
73.00 7.00 -58668.14 -58668.14 79.29 33.09
74.00 7.00 -58668.14 -67332.13 79.29 33.09
75.00 7.00 -58668.14 -67159.71 79.29 33.09
76.00 7.00 -58668.14 -64919.64 79.29 33.09
77.00 7.00 -58668.14 -59685.45 79.29 33.09
78.00 7.00 -58668.14 -65740.07 79.29 33.09
79.00 7.00 -58668.14 -60821.14 79.29 33.09
80.00 7.00 -58668.14 -65549.71 79.29 33.09
81.00 7.00 -58668.14 -64978.84 79.29 33.09
82.00 7.00 -58668.14 -68016.37 79.29 33.09
83.00 7.00 -58668.14 -63737.63 79.29 33.09
84.00 7.00 -58668.14 -66620.96 79.29 33.09
85.00 7.00 -58668.14 -66862.88 79.29 33.09
86.00 7.00 -58668.14 -64232.97 79.29 33.09
87.00 7.00 -58668.14 -61037.27 79.29 33.09
88.00 7.00 -58668.14 -67792.70 79.29 33.09
89.00 7.00 -58668.14 -63890.05 79.29 33.09
90.00 7.00 -58668.14 -62053.94 79.29 33.09
91.00 7.00 -58668.14 -64217.10 79.29 33.09
92.00 7.00 -58668.14 -67141.28 79.29 33.09
93.00 7.00 -58668.14 -61802.08 79.29 33.09
94.00 7.00 -58668.14 -66951.27 79.29 33.09
95.00 7.00 -58668.14 -60708.54 79.29 33.09
96.00 7.00 -58668.14 -64336.38 79.29 33.09
97.00 7.00 -58668.14 -66651.99 79.29 33.09
98.00 7.00 -58668.14 -61668.13 79.29 33.09
99.00 7.00 -58668.14 -64131.67 79.29 33.09
100.00 7.00 -58668.14 -62055.23 79.29 33.09
101.00 7.00 -58668.14 -67175.06 79.29 33.09
102.00 7.00 -58668.14 -66609.62 79.29 33.09
103.00 7.00 -58668.14 -65753.11 79.29 33.09
104.00 7.00 -58668.14 -65726.65 79.29 33.09
105.00 7.00 -58668.14 -65080.74 79.29 33.09
106.00 7.00 -58668.14 -64240.23 79.29 33.09
107.00 7.00 -58668.14 -67047.70 79.29 33.09
108.00 7.00 -58668.14 -65369.84 79.29 33.09
109.00 7.00 -58668.14 -65966.54 79.29 33.09
110.00 7.00 -58668.14 -65607.22 79.29 33.09
111.00 7.00 -58668.14 -66813.67 79.29 33.09
112.00 7.00 -58668.14 -64938.63 79.29 33.09
113.00 7.00 -58668.14 -66990.37 79.29 33.09
114.00 7.00 -58668.14 -66230.04 79.29 33.09
115.00 7.00 -58668.14 -65159.48 79.29 33.09
116.00 7.00 -58668.14 -70770.32 79.29 33.09
117.00 7.00 -58668.14 -72322.56 79.29 33.09
118.00 7.00 -58668.14 -66372.52 79.29 33.09
119.00 7.00 -58668.14 -64838.51 79.29 33.09
120.00 7.00 -58668.14 -66158.55 79.29 33.09
121.00 7.00 -58668.14 -67493.26 79.29 33.09
122.00 7.00 -58668.14 -65828.05 79.29 33.09
123.00 7.00 -58668.14 -68775.07 79.29 33.09
124.00 7.00 -58668.14 -62626.28 79.29 33.09
125.00 7.00 -58668.14 -64780.71 79.29 33.09
126.00 7.00 -58668.14 -66226.21 79.29 33.09
127.00 7.00 -58668.14 -66341.24 79.29 33.09
128.00 7.00 -58668.14 -64710.55 79.29 33.09
129.00 7.00 -58668.14 -64976.96 79.29 33.09
130.00 7.00 -58668.14 -65936.33 79.29 33.09
131.00 7.00 -58668.14 -66890.06 79.29 33.09
132.00 7.00 -58668.14 -62553.96 79.29 33.09
133.00 7.00 -58668.14 -67626.57 79.29 33.09
134.00 7.00 -58668.14 -65118.87 79.29 33.09
135.00 7.00 -58668.14 -66039.06 79.29 33.09
136.00 7.00 -58668.14 -67441.64 79.29 33.09
137.00 7.00 -58668.14 -67521.45 79.29 33.09
138.00 7.00 -58668.14 -66137.43 79.29 33.09
139.00 7.00 -58668.14 -65615.35 79.29 33.09
140.00 7.00 -58668.14 -65147.34 79.29 33.09
141.00 7.00 -58668.14 -64692.99 79.29 33.09
142.00 7.00 -58668.14 -65529.05 79.29 33.09
143.00 7.00 -58668.14 -62152.82 79.29 33.09
144.00 7.00 -58668.14 -64084.83 79.29 33.09
145.00 7.00 -58668.14 -76788.42 79.29 33.09
146.00 7.00 -58668.14 -67376.48 79.29 33.09
147.00 7.00 -58668.14 -65645.76 79.29 33.09
148.00 7.00 -58668.14 -60169.03 79.29 33.09
149.00 7.00 -58668.14 -68011.51 79.29 33.09
150.00 7.00 -58668.14 -66587.55 79.29 33.09
151.00 7.00 -58668.14 -70656.52 79.29 33.09
152.00 7.00 -58668.14 -64716.61 79.29 33.09
153.00 7.00 -58668.14 -64916.62 79.29 33.09
154.00 7.00 -58668.14 -62144.29 79.29 33.09
155.00 7.00 -58668.14 -67174.68 79.29 33.09
156.00 7.00 -58668.14 -65302.06 79.29 33.09
157.00 7.00 -58668.14 -66938.48 79.29 33.09
158.00 7.00 -58668.14 -64998.93 79.29 33.09
159.00 7.00 -58668.14 -66279.33 79.29 33.09
160.00 7.00 -58668.14 -64486.88 79.29 33.09
161.00 7.00 -58668.14 -65003.19 79.29 33.09
162.00 7.00 -58668.14 -65855.04 79.29 33.09
163.00 7.00 -58668.14 -62084.98 79.29 33.09
164.00 7.00 -58668.14 -68033.51 79.29 33.09
165.00 7.00 -58668.14 -66291.65 79.29 33.09
166.00 7.00 -58668.14 -64526.11 79.29 33.09
167.00 7.00 -58668.14 -65805.81 79.29 33.09
168.00 7.00 -58668.14 -65946.32 79.29 33.09
169.00 7.00 -58668.14 -68071.74 79.29 33.09
170.00 7.00 -58668.14 -65627.31 79.29 33.09
171.00 7.00 -58668.14 -66014.18 79.29 33.09
172.00 7.00 -58668.14 -70852.09 79.29 33.09
173.00 7.00 -58668.14 -65328.77 79.29 33.09
174.00 7.00 -58668.14 -66980.66 79.29 33.09
175.00 7.00 -58668.14 -64482.90 79.29 33.09
176.00 7.00 -58668.14 -61297.22 79.29 33.09
177.00 7.00 -58668.14 -65050.04 79.29 33.09
178.00 7.00 -58668.14 -65258.13 79.29 33.09
179.00 7.00 -58668.14 -63519.17 79.29 33.09
180.00 7.00 -58668.14 -65223.78 79.29 33.09
181.00 7.00 -58668.14 -63429.68 79.29 33.09
182.00 7.00 -58668.14 -62958.25 79.29 33.09
183.00 7.00 -58668.14 -62395.01 79.29 33.09
184.00 7.00 -58668.14 -64823.68 79.29 33.09
185.00 7.00 -58668.14 -66659.55 79.29 33.09
186.00 7.00 -58668.14 -64878.71 79.29 33.09
187.00 7.00 -58668.14 -65200.74 79.29 33.09
188.00 7.00 -58668.14 -64277.69 79.29 33.09
189.00 7.00 -58668.14 -64077.91 79.29 33.09
190.00 8.00 -58505.27 -58505.27 79.75 27.54
191.00 8.00 -58505.27 -66027.63 79.75 27.54
192.00 8.00 -58505.27 -66046.57 79.75 27.54
193.00 8.00 -58505.27 -62350.93 79.75 27.54
194.00 8.00 -58505.27 -67107.99 79.75 27.54
195.00 8.00 -58505.27 -64981.64 79.75 27.54
196.00 8.00 -58505.27 -68937.93 79.75 27.54
197.00 8.00 -58505.27 -61115.12 79.75 27.54
198.00 8.00 -58505.27 -66605.23 79.75 27.54
199.00 8.00 -58505.27 -64602.47 79.75 27.54
200.00 8.00 -58505.27 -68858.14 79.75 27.54
201.00 8.00 -58505.27 -63507.98 79.75 27.54
202.00 8.00 -58505.27 -66723.44 79.75 27.54
203.00 8.00 -58505.27 -67160.96 79.75 27.54
204.00 8.00 -58505.27 -67341.42 79.75 27.54
205.00 8.00 -58505.27 -65114.57 79.75 27.54
206.00 8.00 -58505.27 -63554.10 79.75 27.54
207.00 8.00 -58505.27 -64662.15 79.75 27.54
208.00 8.00 -58505.27 -63673.94 79.75 27.54
209.00 8.00 -58505.27 -64861.46 79.75 27.54
210.00 8.00 -58505.27 -66999.41 79.75 27.54
211.00 8.00 -58505.27 -65190.59 79.75 27.54
212.00 8.00 -58505.27 -65001.52 79.75 27.54
213.00 8.00 -58505.27 -62931.64 79.75 27.54
214.00 8.00 -58505.27 -66612.87 79.75 27.54
215.00 8.00 -58505.27 -64731.00 79.75 27.54
216.00 8.00 -58505.27 -64746.57 79.75 27.54
217.00 8.00 -58505.27 -61498.00 79.75 27.54
218.00 8.00 -58505.27 -65570.76 79.75 27.54
219.00 8.00 -58505.27 -66448.83 79.75 27.54
220.00 8.00 -58505.27 -65487.90 79.75 27.54
221.00 8.00 -58505.27 -64818.27 79.75 27.54
222.00 8.00 -58505.27 -61679.14 79.75 27.54
223.00 8.00 -58505.27 -61546.91 79.75 27.54
224.00 8.00 -58505.27 -65770.50 79.75 27.54
225.00 8.00 -58505.27 -62171.20 79.75 27.54
226.00 8.00 -58505.27 -64013.61 79.75 27.54
227.00 8.00 -58505.27 -61714.45 79.75 27.54
228.00 8.00 -58505.27 -67311.17 79.75 27.54
229.00 8.00 -58505.27 -61832.40 79.75 27.54
230.00 8.00 -58505.27 -67166.98 79.75 27.54
231.00 8.00 -58505.27 -66415.31 79.75 27.54
232.00 8.00 -58505.27 -64758.95 79.75 27.54
233.00 8.00 -58505.27 -64728.83 79.75 27.54
234.00 8.00 -58505.27 -67426.73 79.75 27.54
235.00 8.00 -58505.27 -65163.13 79.75 27.54
236.00 8.00 -58505.27 -59740.17 79.75 27.54
237.00 8.00 -58505.27 -64274.38 79.75 27.54
238.00 8.00 -58505.27 -64425.17 79.75 27.54
239.00 8.00 -58505.27 -67627.07 79.75 27.54
240.00 8.00 -58505.27 -68403.69 79.75 27.54
241.00 8.00 -58505.27 -63426.57 79.75 27.54
242.00 8.00 -58505.27 -62180.75 79.75 27.54
243.00 8.00 -58505.27 -58630.62 79.75 27.54
244.00 8.00 -58505.27 -66578.29 79.75 27.54
245.00 8.00 -58505.27 -62894.09 79.75 27.54
246.00 8.00 -58505.27 -64023.33 79.75 27.54
247.00 8.00 -58505.27 -63612.34 79.75 27.54
248.00 8.00 -58505.27 -66824.99 79.75 27.54
249.00 8.00 -58505.27 -63092.87 79.75 27.54
250.00 8.00 -58505.27 -63061.19 79.75 27.54
251.00 8.00 -58505.27 -61451.38 79.75 27.54
252.00 8.00 -58505.27 -65636.98 79.75 27.54
253.00 8.00 -58505.27 -64218.51 79.75 27.54
254.00 8.00 -58505.27 -67984.97 79.75 27.54
255.00 8.00 -58505.27 -62249.34 79.75 27.54
256.00 8.00 -58505.27 -66891.87 79.75 27.54
257.00 8.00 -58505.27 -61982.02 79.75 27.54
258.00 8.00 -58505.27 -65841.90 79.75 27.54
259.00 8.00 -58505.27 -67740.29 79.75 27.54
260.00 8.00 -58505.27 -63649.38 79.75 27.54
261.00 8.00 -58505.27 -66391.94 79.75 27.54
262.00 8.00 -58505.27 -63448.83 79.75 27.54
263.00 8.00 -58505.27 -64370.66 79.75 27.54
264.00 8.00 -58505.27 -61698.40 79.75 27.54
265.00 8.00 -58505.27 -63336.51 79.75 27.54
266.00 8.00 -58505.27 -67361.61 79.75 27.54
267.00 8.00 -58505.27 -64247.51 79.75 27.54
268.00 8.00 -58505.27 -64917.38 79.75 27.54
269.00 8.00 -58505.27 -64526.99 79.75 27.54
270.00 8.00 -58505.27 -67896.76 79.75 27.54
271.00 8.00 -58505.27 -65610.43 79.75 27.54
272.00 8.00 -58505.27 -60850.83 79.75 27.54
273.00 8.00 -58505.27 -66700.37 79.75 27.54
274.00 8.00 -58505.27 -61237.55 79.75 27.54
275.00 8.00 -58505.27 -63939.65 79.75 27.54
276.00 8.00 -58505.27 -61809.88 79.75 27.54
277.00 8.00 -58505.27 -62470.35 79.75 27.54
278.00 8.00 -58505.27 -62597.83 79.75 27.54
279.00 8.00 -58505.27 -63095.48 79.75 27.54
280.00 8.00 -58505.27 -65610.81 79.75 27.54
281.00 8.00 -58505.27 -62092.20 79.75 27.54
282.00 8.00 -58505.27 -67198.85 79.75 27.54
283.00 8.00 -58505.27 -66013.59 79.75 27.54
284.00 8.00 -58505.27 -63087.58 79.75 27.54
285.00 8.00 -58505.27 -65395.72 79.75 27.54
286.00 8.00 -58505.27 -64631.94 79.75 27.54
287.00 8.00 -58505.27 -58643.37 79.75 27.54
288.00 8.00 -58505.27 -67059.93 79.75 27.54
289.00 8.00 -58505.27 -62943.73 79.75 27.54
290.00 8.00 -58505.27 -63197.52 79.75 27.54
291.00 8.00 -58505.27 -67088.89 79.75 27.54
292.00 8.00 -58505.27 -62199.02 79.75 27.54
293.00 8.00 -58505.27 -63285.23 79.75 27.54
294.00 8.00 -58505.27 -65105.26 79.75 27.54
295.00 8.00 -58505.27 -66058.98 79.75 27.54
296.00 8.00 -58505.27 -66885.69 79.75 27.54
297.00 8.00 -58505.27 -66126.12 79.75 27.54
298.00 8.00 -58505.27 -65603.24 79.75 27.54
299.00 8.00 -58505.27 -63594.36 79.75 27.54
300.00 8.00 -58505.27 -65859.17 79.75 27.54
301.00 8.00 -58505.27 -64255.19 79.75 27.54
302.00 8.00 -58505.27 -66176.04 79.75 27.54
303.00 8.00 -58505.27 -64459.05 79.75 27.54
304.00 8.00 -58505.27 -61794.68 79.75 27.54
305.00 8.00 -58505.27 -63944.85 79.75 27.54
306.00 8.00 -58505.27 -67259.27 79.75 27.54
307.00 8.00 -58505.27 -68037.90 79.75 27.54
308.00 8.00 -58505.27 -63741.29 79.75 27.54
309.00 8.00 -58505.27 -63747.13 79.75 27.54
310.00 8.00 -58505.27 -67907.31 79.75 27.54
311.00 8.00 -58505.27 -65352.14 79.75 27.54
312.00 8.00 -58505.27 -66938.53 79.75 27.54
313.00 8.00 -58505.27 -67749.57 79.75 27.54
314.00 8.00 -58505.27 -63362.66 79.75 27.54
315.00 8.00 -58505.27 -63955.86 79.75 27.54
316.00 8.00 -58505.27 -64311.56 79.75 27.54
317.00 8.00 -58505.27 -66429.23 79.75 27.54
318.00 8.00 -58505.27 -62671.51 79.75 27.54
319.00 8.00 -58505.27 -63883.08 79.75 27.54
320.00 8.00 -58505.27 -66816.25 79.75 27.54
321.00 8.00 -58505.27 -61351.36 79.75 27.54
322.00 8.00 -58505.27 -60640.86 79.75 27.54
323.00 8.00 -58505.27 -63962.26 79.75 27.54
324.00 8.00 -58505.27 -65893.44 79.75 27.54
325.00 8.00 -58505.27 -63710.71 79.75 27.54
326.00 8.00 -58505.27 -64483.06 79.75 27.54
327.00 8.00 -58505.27 -65688.50 79.75 27.54
328.00 8.00 -58505.27 -64480.16 79.75 27.54
329.00 8.00 -58505.27 -64513.34 79.75 27.54
330.00 8.00 -58505.27 -69471.30 79.75 27.54
331.00 8.00 -58505.27 -67322.63 79.75 27.54
332.00 8.00 -58505.27 -66452.17 79.75 27.54
333.00 8.00 -58505.27 -61525.29 79.75 27.54
334.00 8.00 -58505.27 -64991.57 79.75 27.54
335.00 8.00 -58505.27 -61239.28 79.75 27.54
336.00 8.00 -58505.27 -63109.05 79.75 27.54
337.00 8.00 -58505.27 -64798.65 79.75 27.54
338.00 8.00 -58505.27 -65781.55 79.75 27.54
339.00 8.00 -58505.27 -61510.67 79.75 27.54
340.00 8.00 -58505.27 -67024.67 79.75 27.54
341.00 8.00 -58505.27 -65331.99 79.75 27.54
342.00 8.00 -58505.27 -64935.04 79.75 27.54
343.00 8.00 -58505.27 -59800.78 79.75 27.54
344.00 8.00 -58505.27 -66314.32 79.75 27.54
345.00 8.00 -58505.27 -62572.82 79.75 27.54
346.00 8.00 -58505.27 -62985.24 79.75 27.54
347.00 8.00 -58505.27 -63041.88 79.75 27.54
348.00 8.00 -58505.27 -65341.71 79.75 27.54
349.00 8.00 -58505.27 -65015.79 79.75 27.54
350.00 8.00 -58505.27 -65906.42 79.75 27.54
351.00 8.00 -58505.27 -67001.40 79.75 27.54
352.00 8.00 -58505.27 -67258.32 79.75 27.54
353.00 8.00 -58505.27 -62130.63 79.75 27.54
354.00 8.00 -58505.27 -69118.74 79.75 27.54
355.00 8.00 -58505.27 -65519.11 79.75 27.54
356.00 8.00 -58505.27 -67510.58 79.75 27.54
357.00 8.00 -58505.27 -62421.51 79.75 27.54
358.00 8.00 -58505.27 -66152.77 79.75 27.54
359.00 8.00 -58505.27 -60283.30 79.75 27.54
360.00 8.00 -58505.27 -66373.93 79.75 27.54
361.00 8.00 -58505.27 -66061.34 79.75 27.54
362.00 8.00 -58505.27 -67547.68 79.75 27.54
363.00 8.00 -58505.27 -65352.14 79.75 27.54
364.00 8.00 -58505.27 -65708.02 79.75 27.54
365.00 8.00 -58505.27 -63426.67 79.75 27.54
366.00 8.00 -58505.27 -64806.69 79.75 27.54
367.00 8.00 -58505.27 -61646.09 79.75 27.54
368.00 8.00 -58505.27 -63833.29 79.75 27.54
369.00 8.00 -58505.27 -69673.55 79.75 27.54
370.00 8.00 -58505.27 -62302.97 79.75 27.54
371.00 8.00 -58505.27 -63105.97 79.75 27.54
372.00 8.00 -58505.27 -67929.48 79.75 27.54
373.00 8.00 -58505.27 -64421.07 79.75 27.54
374.00 8.00 -58505.27 -68505.81 79.75 27.54
375.00 8.00 -58505.27 -63661.99 79.75 27.54
376.00 8.00 -58505.27 -65095.31 79.75 27.54
377.00 8.00 -58505.27 -65847.22 79.75 27.54
378.00 8.00 -58505.27 -66783.59 79.75 27.54
379.00 8.00 -58505.27 -64382.62 79.75 27.54
380.00 8.00 -58505.27 -65375.37 79.75 27.54
381.00 8.00 -58505.27 -65869.25 79.75 27.54
382.00 8.00 -58505.27 -66589.81 79.75 27.54
383.00 8.00 -58505.27 -66619.56 79.75 27.54
384.00 8.00 -58505.27 -63584.15 79.75 27.54
385.00 8.00 -58505.27 -62870.29 79.75 27.54
386.00 8.00 -58505.27 -65152.78 79.75 27.54
387.00 8.00 -58505.27 -66471.80 79.75 27.54
388.00 8.00 -58505.27 -59508.87 79.75 27.54
389.00 8.00 -58505.27 -63004.90 79.75 27.54
390.00 8.00 -58505.27 -62385.44 79.75 27.54
391.00 8.00 -58505.27 -65639.79 79.75 27.54
392.00 8.00 -58505.27 -67584.85 79.75 27.54
393.00 8.00 -58505.27 -65731.83 79.75 27.54
394.00 8.00 -58505.27 -64694.19 79.75 27.54
395.00 8.00 -58505.27 -67850.35 79.75 27.54
396.00 8.00 -58505.27 -62528.99 79.75 27.54
397.00 8.00 -58505.27 -67111.71 79.75 27.54
398.00 8.00 -58505.27 -65207.83 79.75 27.54
399.00 8.00 -58505.27 -64495.85 79.75 27.54
400.00 8.00 -58505.27 -68152.42 79.75 27.54
401.00 8.00 -58505.27 -63791.74 79.75 27.54
402.00 8.00 -58505.27 -65454.25 79.75 27.54
403.00 8.00 -58505.27 -65023.51 79.75 27.54
404.00 8.00 -58505.27 -64901.93 79.75 27.54
405.00 8.00 -58505.27 -61526.88 79.75 27.54
406.00 8.00 -58505.27 -66780.57 79.75 27.54
407.00 8.00 -58505.27 -64101.09 79.75 27.54
408.00 8.00 -58505.27 -68559.21 79.75 27.54
409.00 8.00 -58505.27 -69476.26 79.75 27.54
410.00 8.00 -58505.27 -59410.88 79.75 27.54
411.00 8.00 -58505.27 -64637.18 79.75 27.54
412.00 8.00 -58505.27 -67324.55 79.75 27.54
413.00 8.00 -58505.27 -63932.37 79.75 27.54
414.00 8.00 -58505.27 -64518.91 79.75 27.54
415.00 8.00 -58505.27 -67093.37 79.75 27.54
416.00 8.00 -58505.27 -66641.56 79.75 27.54
417.00 8.00 -58505.27 -63281.81 79.75 27.54
418.00 8.00 -58505.27 -66856.22 79.75 27.54
419.00 8.00 -58505.27 -59982.02 79.75 27.54
420.00 8.00 -58505.27 -64679.86 79.75 27.54
421.00 8.00 -58505.27 -65730.52 79.75 27.54
422.00 8.00 -58505.27 -65701.52 79.75 27.54
423.00 8.00 -58505.27 -66910.42 79.75 27.54
424.00 8.00 -58505.27 -66099.84 79.75 27.54
425.00 8.00 -58505.27 -67053.38 79.75 27.54
426.00 8.00 -58505.27 -65568.97 79.75 27.54
427.00 8.00 -58505.27 -64483.15 79.75 27.54
428.00 8.00 -58505.27 -64648.43 79.75 27.54
429.00 8.00 -58505.27 -66605.57 79.75 27.54
430.00 8.00 -58505.27 -63319.56 79.75 27.54
431.00 8.00 -58505.27 -65712.94 79.75 27.54
432.00 8.00 -58505.27 -64308.27 79.75 27.54
433.00 8.00 -58505.27 -63547.70 79.75 27.54
434.00 8.00 -58505.27 -68856.51 79.75 27.54
435.00 8.00 -58505.27 -63876.43 79.75 27.54
436.00 8.00 -58505.27 -64403.62 79.75 27.54
437.00 8.00 -58505.27 -62378.38 79.75 27.54
438.00 8.00 -58505.27 -66116.04 79.75 27.54
439.00 8.00 -58505.27 -65971.52 79.75 27.54
440.00 8.00 -58505.27 -65131.54 79.75 27.54
441.00 8.00 -58505.27 -63056.28 79.75 27.54
442.00 8.00 -58505.27 -63581.66 79.75 27.54
443.00 8.00 -58505.27 -63746.41 79.75 27.54
444.00 8.00 -58505.27 -62000.26 79.75 27.54
445.00 8.00 -58505.27 -65827.64 79.75 27.54
446.00 8.00 -58505.27 -64180.37 79.75 27.54
447.00 8.00 -58505.27 -69122.58 79.75 27.54
448.00 8.00 -58505.27 -64096.37 79.75 27.54
449.00 8.00 -58505.27 -68570.36 79.75 27.54
450.00 8.00 -58505.27 -65980.49 79.75 27.54
451.00 8.00 -58505.27 -62850.98 79.75 27.54
452.00 8.00 -58505.27 -63380.22 79.75 27.54
453.00 8.00 -58505.27 -64986.83 79.75 27.54
454.00 8.00 -58505.27 -63320.80 79.75 27.54
455.00 8.00 -58505.27 -62932.40 79.75 27.54
456.00 8.00 -58505.27 -69279.01 79.75 27.54
457.00 8.00 -58505.27 -63449.29 79.75 27.54
458.00 8.00 -58505.27 -65582.78 79.75 27.54
459.00 8.00 -58505.27 -65343.20 79.75 27.54
460.00 8.00 -58505.27 -65060.68 79.75 27.54
461.00 8.00 -58505.27 -67963.77 79.75 27.54
462.00 8.00 -58505.27 -66097.79 79.75 27.54
463.00 8.00 -58505.27 -66612.98 79.75 27.54
464.00 8.00 -58505.27 -64050.67 79.75 27.54
465.00 8.00 -58505.27 -61682.66 79.75 27.54
466.00 8.00 -58505.27 -68315.78 79.75 27.54
467.00 8.00 -58505.27 -67934.03 79.75 27.54
468.00 8.00 -58505.27 -65575.20 79.75 27.54
469.00 8.00 -58505.27 -66495.79 79.75 27.54
470.00 8.00 -58505.27 -62457.53 79.75 27.54
471.00 8.00 -58505.27 -62641.36 79.75 27.54
472.00 8.00 -58505.27 -65177.12 79.75 27.54
473.00 8.00 -58505.27 -62095.24 79.75 27.54
474.00 8.00 -58505.27 -65331.42 79.75 27.54
475.00 8.00 -58505.27 -66029.50 79.75 27.54
476.00 8.00 -58505.27 -60683.33 79.75 27.54
477.00 8.00 -58505.27 -64226.05 79.75 27.54
478.00 8.00 -58505.27 -64493.54 79.75 27.54
479.00 8.00 -58505.27 -65731.54 79.75 27.54
480.00 8.00 -58505.27 -65792.51 79.75 27.54
481.00 8.00 -58505.27 -63671.35 79.75 27.54
482.00 8.00 -58505.27 -67924.69 79.75 27.54
483.00 8.00 -58505.27 -64526.16 79.75 27.54
484.00 8.00 -58505.27 -66837.07 79.75 27.54
485.00 8.00 -58505.27 -66371.62 79.75 27.54
486.00 8.00 -58505.27 -66907.15 79.75 27.54
487.00 8.00 -58505.27 -63907.21 79.75 27.54
488.00 8.00 -58505.27 -69267.32 79.75 27.54
489.00 8.00 -58505.27 -64356.23 79.75 27.54
490.00 8.00 -58505.27 -65795.01 79.75 27.54
491.00 8.00 -58505.27 -65470.26 79.75 27.54
492.00 8.00 -58505.27 -59578.57 79.75 27.54
493.00 8.00 -58505.27 -65133.28 79.75 27.54
494.00 8.00 -58505.27 -61421.94 79.75 27.54
495.00 8.00 -58505.27 -69492.77 79.75 27.54
496.00 8.00 -58505.27 -64168.56 79.75 27.54
497.00 8.00 -58505.27 -66880.72 79.75 27.54
498.00 8.00 -58505.27 -64435.61 79.75 27.54
499.00 8.00 -58505.27 -66428.64 79.75 27.54
500.00 8.00 -58505.27 -65263.42 79.75 27.54
501.00 8.00 -58505.27 -64365.97 79.75 27.54
502.00 8.00 -58505.27 -65633.81 79.75 27.54
503.00 8.00 -58505.27 -67575.64 79.75 27.54
504.00 8.00 -58505.27 -67912.18 79.75 27.54
505.00 8.00 -58505.27 -63839.57 79.75 27.54
506.00 8.00 -58505.27 -66416.17 79.75 27.54
507.00 8.00 -58505.27 -67244.43 79.75 27.54
508.00 8.00 -58505.27 -64887.82 79.75 27.54
509.00 8.00 -58505.27 -62218.16 79.75 27.54
510.00 8.00 -58505.27 -63404.61 79.75 27.54
511.00 8.00 -58505.27 -65551.53 79.75 27.54
512.00 8.00 -58505.27 -65784.81 79.75 27.54
513.00 8.00 -58505.27 -62110.27 79.75 27.54
514.00 8.00 -58505.27 -66396.02 79.75 27.54
515.00 8.00 -58505.27 -63597.54 79.75 27.54
516.00 8.00 -58505.27 -64691.23 79.75 27.54
517.00 8.00 -58505.27 -65480.95 79.75 27.54
518.00 8.00 -58505.27 -67884.93 79.75 27.54
519.00 9.00 -58062.41 -58062.41 74.81 38.66
520.00 9.00 -58062.41 -61661.30 74.81 38.66
521.00 9.00 -58062.41 -66967.24 74.81 38.66
522.00 9.00 -58062.41 -63894.85 74.81 38.66
523.00 9.00 -58062.41 -62007.68 74.81 38.66
524.00 9.00 -58062.41 -67081.13 74.81 38.66
525.00 9.00 -58062.41 -63340.79 74.81 38.66
526.00 9.00 -58062.41 -59053.25 74.81 38.66
527.00 9.00 -58062.41 -65187.03 74.81 38.66
528.00 9.00 -58062.41 -66744.54 74.81 38.66
529.00 9.00 -58062.41 -64328.83 74.81 38.66
530.00 9.00 -58062.41 -60103.13 74.81 38.66
531.00 9.00 -58062.41 -67147.26 74.81 38.66
532.00 9.00 -58062.41 -60450.91 74.81 38.66
533.00 9.00 -58062.41 -62697.09 74.81 38.66
534.00 9.00 -58062.41 -63915.54 74.81 38.66
535.00 9.00 -58062.41 -65351.72 74.81 38.66
536.00 9.00 -58062.41 -63962.65 74.81 38.66
537.00 9.00 -58062.41 -65099.59 74.81 38.66
538.00 9.00 -58062.41 -65380.59 74.81 38.66
539.00 9.00 -58062.41 -67107.33 74.81 38.66
540.00 9.00 -58062.41 -66827.48 74.81 38.66
541.00 9.00 -58062.41 -63168.77 74.81 38.66
542.00 9.00 -58062.41 -65106.01 74.81 38.66
543.00 9.00 -58062.41 -62877.38 74.81 38.66
544.00 9.00 -58062.41 -67509.27 74.81 38.66
545.00 9.00 -58062.41 -67588.26 74.81 38.66
546.00 9.00 -58062.41 -60197.90 74.81 38.66
547.00 9.00 -58062.41 -66001.49 74.81 38.66
548.00 9.00 -58062.41 -67460.81 74.81 38.66
549.00 10.00 -58062.41 -58062.41 74.81 38.66
550.00 10.00 -58062.41 -66249.06 74.81 38.66
551.00 10.00 -58062.41 -66797.88 74.81 38.66
552.00 10.00 -58062.41 -63646.95 74.81 38.66
553.00 11.00 -58039.30 -58039.30 75.21 31.48
554.00 11.00 -58039.30 -65680.85 75.21 31.48
555.00 11.00 -58039.30 -62448.53 75.21 31.48
556.00 11.00 -58039.30 -61868.94 75.21 31.48
557.00 11.00 -58039.30 -63057.78 75.21 31.48
558.00 11.00 -58039.30 -61070.60 75.21 31.48
559.00 11.00 -58039.30 -65888.32 75.21 31.48
560.00 11.00 -58039.30 -65521.99 75.21 31.48
561.00 11.00 -58039.30 -61239.18 75.21 31.48
562.00 11.00 -58039.30 -67561.75 75.21 31.48
563.00 11.00 -58039.30 -66303.36 75.21 31.48
564.00 11.00 -58039.30 -65692.76 75.21 31.48
565.00 11.00 -58039.30 -62646.82 75.21 31.48
566.00 11.00 -58039.30 -62079.53 75.21 31.48
567.00 11.00 -58039.30 -65158.34 75.21 31.48
568.00 11.00 -58039.30 -65477.84 75.21 31.48
569.00 11.00 -58039.30 -65721.61 75.21 31.48
570.00 11.00 -58039.30 -64085.38 75.21 31.48
571.00 11.00 -58039.30 -66653.15 75.21 31.48
572.00 11.00 -58039.30 -63361.54 75.21 31.48
573.00 11.00 -58039.30 -65658.54 75.21 31.48
574.00 11.00 -58039.30 -67148.26 75.21 31.48
575.00 11.00 -58039.30 -60424.85 75.21 31.48
576.00 11.00 -58039.30 -63591.09 75.21 31.48
577.00 11.00 -58039.30 -65090.56 75.21 31.48
578.00 11.00 -58039.30 -65919.40 75.21 31.48
579.00 11.00 -58039.30 -68178.56 75.21 31.48
580.00 11.00 -58039.30 -64354.56 75.21 31.48
581.00 11.00 -58039.30 -65568.92 75.21 31.48
582.00 11.00 -58039.30 -62551.49 75.21 31.48
583.00 11.00 -58039.30 -62752.31 75.21 31.48
584.00 11.00 -58039.30 -60684.42 75.21 31.48
585.00 11.00 -58039.30 -66750.77 75.21 31.48
586.00 11.00 -58039.30 -65379.34 75.21 31.48
587.00 11.00 -58039.30 -65946.36 75.21 31.48
588.00 11.00 -58039.30 -62925.86 75.21 31.48
589.00 11.00 -58039.30 -62156.27 75.21 31.48
590.00 11.00 -58039.30 -65074.12 75.21 31.48
591.00 11.00 -58039.30 -68747.35 75.21 31.48
592.00 11.00 -58039.30 -64757.85 75.21 31.48
593.00 11.00 -58039.30 -63153.24 75.21 31.48
594.00 11.00 -58039.30 -71714.92 75.21 31.48
595.00 11.00 -58039.30 -63535.16 75.21 31.48
596.00 11.00 -58039.30 -67019.89 75.21 31.48
597.00 11.00 -58039.30 -65241.69 75.21 31.48
598.00 11.00 -58039.30 -65120.12 75.21 31.48
599.00 11.00 -58039.30 -64297.93 75.21 31.48
600.00 11.00 -58039.30 -65210.00 75.21 31.48
601.00 11.00 -58039.30 -62004.16 75.21 31.48
602.00 11.00 -58039.30 -65497.46 75.21 31.48
603.00 11.00 -58039.30 -65180.59 75.21 31.48
604.00 11.00 -58039.30 -67520.73 75.21 31.48
605.00 11.00 -58039.30 -63245.96 75.21 31.48
606.00 11.00 -58039.30 -59789.09 75.21 31.48
607.00 11.00 -58039.30 -69634.15 75.21 31.48
608.00 11.00 -58039.30 -62845.13 75.21 31.48
609.00 11.00 -58039.30 -63972.45 75.21 31.48
610.00 11.00 -58039.30 -67883.10 75.21 31.48
611.00 11.00 -58039.30 -65646.85 75.21 31.48
612.00 11.00 -58039.30 -67423.62 75.21 31.48
613.00 11.00 -58039.30 -65144.56 75.21 31.48
614.00 11.00 -58039.30 -65404.20 75.21 31.48
615.00 11.00 -58039.30 -65598.27 75.21 31.48
616.00 11.00 -58039.30 -66531.34 75.21 31.48
617.00 11.00 -58039.30 -64898.33 75.21 31.48
618.00 11.00 -58039.30 -65358.91 75.21 31.48
619.00 11.00 -58039.30 -63812.13 75.21 31.48
620.00 11.00 -58039.30 -64889.95 75.21 31.48
621.00 11.00 -58039.30 -63818.07 75.21 31.48
622.00 11.00 -58039.30 -64178.45 75.21 31.48
