0.00 0.00 -60375.75 -60593.40 0.00 0.00
1.00 0.00 -60375.75 -60713.53 0.00 0.00
2.00 0.00 -60375.75 -61990.41 0.00 0.00
3.00 0.00 -60375.75 -63843.18 0.00 0.00
4.00 0.00 -60375.75 -62482.28 0.00 0.00
5.00 0.00 -60375.75 -63480.62 0.00 0.00
6.00 0.00 -60375.75 -60956.99 0.00 0.00
7.00 0.00 -60375.75 -62759.29 0.00 0.00
8.00 0.00 -60375.75 -63883.65 0.00 0.00
9.00 0.00 -60375.75 -60702.81 0.00 0.00
10.00 0.00 -60375.75 -62283.26 0.00 0.00
11.00 0.00 -60375.75 -62986.44 0.00 0.00
12.00 0.00 -60375.75 -61490.05 0.00 0.00
13.00 0.00 -60375.75 -62212.75 0.00 0.00
14.00 0.00 -60375.75 -62149.18 0.00 0.00
15.00 1.00 -59970.04 -59970.04 159.12 92.43
16.00 1.00 -59970.04 -60932.97 159.12 92.43
17.00 1.00 -59970.04 -61308.24 159.12 92.43
18.00 1.00 -59970.04 -61058.87 159.12 92.43
19.00 2.00 -59323.66 -59323.66 148.56 85.54
20.00 3.00 -59318.65 -59318.65 150.21 76.39
21.00 3.00 -59318.65 -60243.90 150.21 76.39
22.00 4.00 -58072.56 -58072.56 133.02 60.93
23.00 4.00 -58072.56 -59889.14 133.02 60.93
24.00 4.00 -58072.56 -58262.49 133.02 60.93
25.00 5.00 -57927.20 -57927.20 127.64 81.03
26.00 5.00 -57927.20 -59305.26 127.64 81.03
27.00 5.00 -57927.20 -59186.95 127.64 81.03
28.00 5.00 -57927.20 -60509.86 127.64 81.03
29.00 5.00 -57927.20 -61838.62 127.64 81.03
30.00 5.00 -57927.20 -58775.31 127.64 81.03
31.00 5.00 -57927.20 -61017.00 127.64 81.03
32.00 5.00 -57927.20 -58855.26 127.64 81.03
33.00 5.00 -57927.20 -59757.15 127.64 81.03
34.00 5.00 -57927.20 -58515.80 127.64 81.03
35.00 5.00 -57927.20 -58047.98 127.64 81.03
36.00 5.00 -57927.20 -60066.65 127.64 81.03
37.00 5.00 -57927.20 -58316.20 127.64 81.03
38.00 5.00 -57927.20 -59427.74 127.64 81.03
39.00 6.00 -56701.13 -56701.13 112.55 61.44
40.00 6.00 -56701.13 -60944.06 112.55 61.44
41.00 6.00 -56701.13 -59855.88 112.55 61.44
42.00 6.00 -56701.13 -59660.07 112.55 61.44
43.00 6.00 -56701.13 -63641.21 112.55 61.44
44.00 6.00 -56701.13 -60699.09 112.55 61.44
45.00 6.00 -56701.13 -58242.74 112.55 61.44
46.00 6.00 -56701.13 -56854.48 112.55 61.44
47.00 6.00 -56701.13 -58114.12 112.55 61.44
48.00 7.00 -54542.50 -54542.50 95.61 28.29
49.00 7.00 -54542.50 -58024.07 95.61 28.29
50.00 7.00 -54542.50 -58430.48 95.61 28.29
51.00 7.00 -54542.50 -61016.86 95.61 28.29
52.00 7.00 -54542.50 -58307.14 95.61 28.29
53.00 7.00 -54542.50 -59857.48 95.61 28.29
54.00 7.00 -54542.50 -61241.52 95.61 28.29
55.00 7.00 -54542.50 -58025.17 95.61 28.29
56.00 7.00 -54542.50 -59145.73 95.61 28.29
57.00 8.00 -54291.56 -54291.56 88.43 44.02
58.00 8.00 -54291.56 -61652.02 88.43 44.02
59.00 8.00 -54291.56 -56837.35 88.43 44.02
60.00 8.00 -54291.56 -56277.54 88.43 44.02
61.00 8.00 -54291.56 -54459.32 88.43 44.02
62.00 9.00 -54291.56 -54291.56 88.43 44.02
63.00 9.00 -54291.56 -58082.30 88.43 44.02
64.00 9.00 -54291.56 -57127.53 88.43 44.02
65.00 9.00 -54291.56 -56524.37 88.43 44.02
66.00 9.00 -54291.56 -60167.61 88.43 44.02
67.00 9.00 -54291.56 -61580.82 88.43 44.02
68.00 9.00 -54291.56 -58340.63 88.43 44.02
69.00 10.00 -51923.37 -51923.37 69.86 31.17
70.00 10.00 -51923.37 -62066.77 69.86 31.17
71.00 10.00 -51923.37 -60153.00 69.86 31.17
72.00 10.00 -51923.37 -58820.12 69.86 31.17
73.00 10.00 -51923.37 -58430.60 69.86 31.17
74.00 10.00 -51923.37 -60720.02 69.86 31.17
75.00 10.00 -51923.37 -62772.12 69.86 31.17
76.00 10.00 -51923.37 -60182.66 69.86 31.17
77.00 10.00 -51923.37 -57602.59 69.86 31.17
78.00 10.00 -51923.37 -55495.85 69.86 31.17
79.00 10.00 -51923.37 -60305.82 69.86 31.17
80.00 10.00 -51923.37 -56951.73 69.86 31.17
81.00 10.00 -51923.37 -61327.16 69.86 31.17
82.00 10.00 -51923.37 -60005.63 69.86 31.17
83.00 10.00 -51923.37 -59449.65 69.86 31.17
84.00 10.00 -51923.37 -60466.60 69.86 31.17
85.00 10.00 -51923.37 -59164.14 69.86 31.17
86.00 10.00 -51923.37 -59464.12 69.86 31.17
87.00 10.00 -51923.37 -59115.96 69.86 31.17
88.00 10.00 -51923.37 -61622.59 69.86 31.17
89.00 10.00 -51923.37 -62103.71 69.86 31.17
90.00 10.00 -51923.37 -62166.00 69.86 31.17
91.00 10.00 -51923.37 -57029.81 69.86 31.17
92.00 10.00 -51923.37 -57892.73 69.86 31.17
93.00 11.00 -51923.37 -51923.37 69.86 31.17
94.00 11.00 -51923.37 -57983.32 69.86 31.17
95.00 11.00 -51923.37 -60857.74 69.86 31.17
96.00 11.00 -51923.37 -59476.44 69.86 31.17
97.00 11.00 -51923.37 -61010.70 69.86 31.17
98.00 11.00 -51923.37 -63673.20 69.86 31.17
99.00 12.00 -51923.37 -51923.37 69.86 31.17
100.00 12.00 -51923.37 -59096.74 69.86 31.17
101.00 12.00 -51923.37 -58710.57 69.86 31.17
102.00 12.00 -51923.37 -58603.86 69.86 31.17
103.00 12.00 -51923.37 -61734.45 69.86 31.17
104.00 13.00 -51923.37 -51923.37 69.86 31.17
105.00 13.00 -51923.37 -58866.47 69.86 31.17
106.00 13.00 -51923.37 -55638.85 69.86 31.17
107.00 13.00 -51923.37 -61293.05 69.86 31.17
108.00 13.00 -51923.37 -60003.75 69.86 31.17
109.00 13.00 -51923.37 -57717.00 69.86 31.17
110.00 13.00 -51923.37 -61811.27 69.86 31.17
111.00 13.00 -51923.37 -58552.91 69.86 31.17
112.00 13.00 -51923.37 -58945.51 69.86 31.17
113.00 13.00 -51923.37 -56884.05 69.86 31.17
114.00 13.00 -51923.37 -57843.56 69.86 31.17
115.00 14.00 -51923.37 -51923.37 69.86 31.17
116.00 14.00 -51923.37 -56441.12 69.86 31.17
117.00 14.00 -51923.37 -57980.53 69.86 31.17
118.00 14.00 -51923.37 -57115.45 69.86 31.17
119.00 14.00 -51923.37 -58347.63 69.86 31.17
120.00 15.00 -51923.37 -51923.37 69.86 31.17
121.00 15.00 -51923.37 -57126.67 69.86 31.17
122.00 15.00 -51923.37 -54661.07 69.86 31.17
123.00 15.00 -51923.37 -60666.17 69.86 31.17
124.00 15.00 -51923.37 -62144.27 69.86 31.17
125.00 15.00 -51923.37 -55884.09 69.86 31.17
126.00 15.00 -51923.37 -59896.95 69.86 31.17
127.00 15.00 -51923.37 -56309.93 69.86 31.17
128.00 15.00 -51923.37 -62400.90 69.86 31.17
129.00 15.00 -51923.37 -58139.90 69.86 31.17
130.00 15.00 -51923.37 -59588.72 69.86 31.17
131.00 15.00 -51923.37 -57932.73 69.86 31.17
132.00 15.00 -51923.37 -55568.70 69.86 31.17
133.00 15.00 -51923.37 -60714.18 69.86 31.17
134.00 15.00 -51923.37 -61130.36 69.86 31.17
135.00 15.00 -51923.37 -59269.95 69.86 31.17
136.00 15.00 -51923.37 -59990.19 69.86 31.17
137.00 15.00 -51923.37 -54229.95 69.86 31.17
138.00 15.00 -51923.37 -59297.96 69.86 31.17
139.00 15.00 -51923.37 -60658.83 69.86 31.17
140.00 15.00 -51923.37 -58229.06 69.86 31.17
141.00 16.00 -51923.37 -51923.37 69.86 31.17
142.00 16.00 -51923.37 -58725.32 69.86 31.17
143.00 16.00 -51923.37 -58068.38 69.86 31.17
144.00 16.00 -51923.37 -59263.85 69.86 31.17
145.00 16.00 -51923.37 -64456.29 69.86 31.17
146.00 17.00 -51923.37 -51923.37 69.86 31.17
147.00 17.00 -51923.37 -61174.43 69.86 31.17
148.00 17.00 -51923.37 -58984.43 69.86 31.17
149.00 17.00 -51923.37 -58802.25 69.86 31.17
150.00 17.00 -51923.37 -57078.32 69.86 31.17
151.00 17.00 -51923.37 -57497.58 69.86 31.17
152.00 17.00 -51923.37 -58566.65 69.86 31.17
153.00 17.00 -51923.37 -59529.43 69.86 31.17
154.00 17.00 -51923.37 -57359.60 69.86 31.17
155.00 17.00 -51923.37 -58800.37 69.86 31.17
156.00 17.00 -51923.37 -60030.77 69.86 31.17
157.00 17.00 -51923.37 -57263.51 69.86 31.17
158.00 17.00 -51923.37 -57708.13 69.86 31.17
159.00 17.00 -51923.37 -55172.65 69.86 31.17
160.00 17.00 -51923.37 -61033.91 69.86 31.17
161.00 17.00 -51923.37 -56316.82 69.86 31.17
162.00 18.00 -51923.37 -51923.37 69.86 31.17
163.00 18.00 -51923.37 -61745.13 69.86 31.17
164.00 18.00 -51923.37 -60145.83 69.86 31.17
165.00 18.00 -51923.37 -59529.80 69.86 31.17
166.00 18.00 -51923.37 -62188.40 69.86 31.17
167.00 18.00 -51923.37 -60255.17 69.86 31.17
168.00 18.00 -51923.37 -58639.76 69.86 31.17
169.00 19.00 -51923.37 -51923.37 69.86 31.17
170.00 19.00 -51923.37 -56766.90 69.86 31.17
171.00 19.00 -51923.37 -61913.52 69.86 31.17
172.00 19.00 -51923.37 -58969.74 69.86 31.17
173.00 19.00 -51923.37 -57420.06 69.86 31.17
174.00 19.00 -51923.37 -62651.85 69.86 31.17
175.00 19.00 -51923.37 -56973.20 69.86 31.17
176.00 19.00 -51923.37 -60554.16 69.86 31.17
177.00 19.00 -51923.37 -58173.11 69.86 31.17
178.00 19.00 -51923.37 -57974.57 69.86 31.17
179.00 19.00 -51923.37 -59608.92 69.86 31.17
180.00 19.00 -51923.37 -60897.47 69.86 31.17
181.00 19.00 -51923.37 -64467.73 69.86 31.17
182.00 19.00 -51923.37 -58366.15 69.86 31.17
183.00 19.00 -51923.37 -60775.55 69.86 31.17
184.00 19.00 -51923.37 -59706.28 69.86 31.17
185.00 19.00 -51923.37 -56549.81 69.86 31.17
186.00 19.00 -51923.37 -58513.48 69.86 31.17
187.00 19.00 -51923.37 -58420.25 69.86 31.17
188.00 19.00 -51923.37 -58108.79 69.86 31.17
189.00 19.00 -51923.37 -59465.28 69.86 31.17
190.00 19.00 -51923.37 -56668.59 69.86 31.17
191.00 19.00 -51923.37 -60818.83 69.86 31.17
192.00 19.00 -51923.37 -60088.26 69.86 31.17
193.00 19.00 -51923.37 -57005.80 69.86 31.17
194.00 19.00 -51923.37 -59013.33 69.86 31.17
195.00 19.00 -51923.37 -60773.64 69.86 31.17
196.00 19.00 -51923.37 -60042.72 69.86 31.17
197.00 19.00 -51923.37 -59804.03 69.86 31.17
198.00 19.00 -51923.37 -59836.67 69.86 31.17
199.00 19.00 -51923.37 -55496.69 69.86 31.17
200.00 19.00 -51923.37 -56560.67 69.86 31.17
201.00 19.00 -51923.37 -58597.75 69.86 31.17
202.00 19.00 -51923.37 -56204.66 69.86 31.17
203.00 19.00 -51923.37 -58970.39 69.86 31.17
204.00 19.00 -51923.37 -59789.53 69.86 31.17
205.00 19.00 -51923.37 -55322.51 69.86 31.17
206.00 19.00 -51923.37 -57959.25 69.86 31.17
207.00 19.00 -51923.37 -59181.26 69.86 31.17
208.00 19.00 -51923.37 -55665.12 69.86 31.17
209.00 19.00 -51923.37 -59248.61 69.86 31.17
210.00 19.00 -51923.37 -58140.10 69.86 31.17
211.00 19.00 -51923.37 -60488.65 69.86 31.17
212.00 19.00 -51923.37 -58692.58 69.86 31.17
213.00 19.00 -51923.37 -60931.14 69.86 31.17
214.00 19.00 -51923.37 -57542.06 69.86 31.17
215.00 19.00 -51923.37 -57182.20 69.86 31.17
216.00 19.00 -51923.37 -59593.70 69.86 31.17
217.00 19.00 -51923.37 -60192.06 69.86 31.17
218.00 19.00 -51923.37 -57022.64 69.86 31.17
219.00 19.00 -51923.37 -57563.85 69.86 31.17
220.00 19.00 -51923.37 -60681.61 69.86 31.17
221.00 19.00 -51923.37 -58298.45 69.86 31.17
222.00 19.00 -51923.37 -60702.94 69.86 31.17
223.00 19.00 -51923.37 -63830.59 69.86 31.17
224.00 19.00 -51923.37 -57744.93 69.86 31.17
225.00 19.00 -51923.37 -61362.77 69.86 31.17
226.00 19.00 -51923.37 -55627.58 69.86 31.17
227.00 19.00 -51923.37 -54992.44 69.86 31.17
228.00 19.00 -51923.37 -60872.64 69.86 31.17
229.00 19.00 -51923.37 -56477.38 69.86 31.17
230.00 19.00 -51923.37 -60552.49 69.86 31.17
231.00 19.00 -51923.37 -59541.96 69.86 31.17
232.00 19.00 -51923.37 -59988.07 69.86 31.17
233.00 19.00 -51923.37 -60654.72 69.86 31.17
234.00 19.00 -51923.37 -59414.42 69.86 31.17
235.00 19.00 -51923.37 -57638.86 69.86 31.17
236.00 19.00 -51923.37 -60394.30 69.86 31.17
237.00 19.00 -51923.37 -57221.60 69.86 31.17
238.00 19.00 -51923.37 -60243.82 69.86 31.17
239.00 19.00 -51923.37 -57386.48 69.86 31.17
240.00 19.00 -51923.37 -59306.97 69.86 31.17
241.00 19.00 -51923.37 -58641.72 69.86 31.17
242.00 19.00 -51923.37 -55517.21 69.86 31.17
243.00 19.00 -51923.37 -58863.23 69.86 31.17
244.00 19.00 -51923.37 -60787.92 69.86 31.17
245.00 19.00 -51923.37 -55695.56 69.86 31.17
246.00 19.00 -51923.37 -57534.95 69.86 31.17
247.00 19.00 -51923.37 -58270.63 69.86 31.17
248.00 19.00 -51923.37 -59972.64 69.86 31.17
249.00 19.00 -51923.37 -57906.77 69.86 31.17
250.00 19.00 -51923.37 -55727.94 69.86 31.17
251.00 19.00 -51923.37 -59871.53 69.86 31.17
252.00 19.00 -51923.37 -60056.14 69.86 31.17
253.00 19.00 -51923.37 -57794.74 69.86 31.17
254.00 19.00 -51923.37 -60310.11 69.86 31.17
255.00 19.00 -51923.37 -54168.11 69.86 31.17
256.00 19.00 -51923.37 -62631.76 69.86 31.17
257.00 19.00 -51923.37 -58235.27 69.86 31.17
258.00 19.00 -51923.37 -59608.64 69.86 31.17
259.00 19.00 -51923.37 -58589.50 69.86 31.17
260.00 19.00 -51923.37 -59500.92 69.86 31.17
261.00 19.00 -51923.37 -59920.76 69.86 31.17
262.00 19.00 -51923.37 -60031.70 69.86 31.17
263.00 19.00 -51923.37 -58328.75 69.86 31.17
264.00 19.00 -51923.37 -59999.46 69.86 31.17
265.00 19.00 -51923.37 -61704.32 69.86 31.17
266.00 19.00 -51923.37 -60541.85 69.86 31.17
267.00 19.00 -51923.37 -55996.64 69.86 31.17
268.00 19.00 -51923.37 -57441.98 69.86 31.17
269.00 19.00 -51923.37 -57104.20 69.86 31.17
270.00 19.00 -51923.37 -56509.97 69.86 31.17
271.00 19.00 -51923.37 -59709.27 69.86 31.17
272.00 19.00 -51923.37 -60077.41 69.86 31.17
273.00 19.00 -51923.37 -56472.34 69.86 31.17
274.00 19.00 -51923.37 -58278.89 69.86 31.17
275.00 19.00 -51923.37 -59977.61 69.86 31.17
276.00 19.00 -51923.37 -58467.32 69.86 31.17
277.00 19.00 -51923.37 -58772.77 69.86 31.17
278.00 19.00 -51923.37 -61683.49 69.86 31.17
279.00 19.00 -51923.37 -59358.76 69.86 31.17
280.00 19.00 -51923.37 -57672.74 69.86 31.17
281.00 19.00 -51923.37 -57789.82 69.86 31.17
282.00 19.00 -51923.37 -59007.04 69.86 31.17
283.00 19.00 -51923.37 -56583.24 69.86 31.17
284.00 19.00 -51923.37 -56213.62 69.86 31.17
285.00 19.00 -51923.37 -59876.32 69.86 31.17
286.00 19.00 -51923.37 -59541.61 69.86 31.17
287.00 19.00 -51923.37 -60788.53 69.86 31.17
288.00 19.00 -51923.37 -59654.19 69.86 31.17
289.00 19.00 -51923.37 -60464.13 69.86 31.17
290.00 19.00 -51923.37 -59473.11 69.86 31.17
291.00 19.00 -51923.37 -59396.40 69.86 31.17
292.00 19.00 -51923.37 -58061.70 69.86 31.17
293.00 19.00 -51923.37 -57669.28 69.86 31.17
294.00 19.00 -51923.37 -60107.72 69.86 31.17
295.00 19.00 -51923.37 -61557.34 69.86 31.17
296.00 19.00 -51923.37 -57416.17 69.86 31.17
297.00 19.00 -51923.37 -59463.26 69.86 31.17
298.00 19.00 -51923.37 -58521.67 69.86 31.17
299.00 19.00 -51923.37 -59854.58 69.86 31.17
300.00 19.00 -51923.37 -57643.92 69.86 31.17
301.00 19.00 -51923.37 -57664.85 69.86 31.17
302.00 19.00 -51923.37 -57340.99 69.86 31.17
303.00 19.00 -51923.37 -59831.85 69.86 31.17
304.00 19.00 -51923.37 -57600.89 69.86 31.17
305.00 19.00 -51923.37 -57993.44 69.86 31.17
306.00 19.00 -51923.37 -56708.64 69.86 31.17
307.00 19.00 -51923.37 -58152.02 69.86 31.17
308.00 19.00 -51923.37 -59103.76 69.86 31.17
309.00 19.00 -51923.37 -57988.59 69.86 31.17
310.00 19.00 -51923.37 -58583.48 69.86 31.17
311.00 19.00 -51923.37 -58307.57 69.86 31.17
312.00 19.00 -51923.37 -56156.60 69.86 31.17
313.00 19.00 -51923.37 -60973.44 69.86 31.17
314.00 19.00 -51923.37 -57848.08 69.86 31.17
315.00 19.00 -51923.37 -58539.82 69.86 31.17
316.00 19.00 -51923.37 -60177.21 69.86 31.17
317.00 19.00 -51923.37 -56716.56 69.86 31.17
318.00 19.00 -51923.37 -55943.53 69.86 31.17
319.00 19.00 -51923.37 -59650.14 69.86 31.17
320.00 19.00 -51923.37 -59947.04 69.86 31.17
321.00 19.00 -51923.37 -58243.77 69.86 31.17
322.00 19.00 -51923.37 -59768.40 69.86 31.17
323.00 19.00 -51923.37 -59667.97 69.86 31.17
324.00 19.00 -51923.37 -60928.60 69.86 31.17
325.00 19.00 -51923.37 -59760.64 69.86 31.17
326.00 19.00 -51923.37 -54823.19 69.86 31.17
327.00 19.00 -51923.37 -56024.05 69.86 31.17
328.00 19.00 -51923.37 -62525.76 69.86 31.17
329.00 19.00 -51923.37 -58748.61 69.86 31.17
330.00 19.00 -51923.37 -58344.76 69.86 31.17
331.00 19.00 -51923.37 -61904.21 69.86 31.17
332.00 19.00 -51923.37 -58137.75 69.86 31.17
333.00 19.00 -51923.37 -60017.74 69.86 31.17
334.00 19.00 -51923.37 -59583.75 69.86 31.17
335.00 19.00 -51923.37 -59503.92 69.86 31.17
336.00 19.00 -51923.37 -58928.51 69.86 31.17
337.00 19.00 -51923.37 -57513.57 69.86 31.17
338.00 19.00 -51923.37 -57520.97 69.86 31.17
339.00 19.00 -51923.37 -60093.76 69.86 31.17
340.00 19.00 -51923.37 -56159.49 69.86 31.17
341.00 19.00 -51923.37 -60153.74 69.86 31.17
342.00 19.00 -51923.37 -60527.87 69.86 31.17
343.00 19.00 -51923.37 -59169.66 69.86 31.17
344.00 19.00 -51923.37 -59496.54 69.86 31.17
345.00 19.00 -51923.37 -58137.20 69.86 31.17
346.00 19.00 -51923.37 -59305.36 69.86 31.17
347.00 19.00 -51923.37 -61997.93 69.86 31.17
348.00 19.00 -51923.37 -57947.21 69.86 31.17
349.00 19.00 -51923.37 -53191.66 69.86 31.17
350.00 19.00 -51923.37 -55987.02 69.86 31.17
351.00 19.00 -51923.37 -62300.49 69.86 31.17
352.00 19.00 -51923.37 -58051.76 69.86 31.17
353.00 19.00 -51923.37 -60144.30 69.86 31.17
354.00 19.00 -51923.37 -58373.62 69.86 31.17
355.00 19.00 -51923.37 -58936.70 69.86 31.17
356.00 19.00 -51923.37 -60897.51 69.86 31.17
357.00 19.00 -51923.37 -60040.80 69.86 31.17
358.00 19.00 -51923.37 -59165.29 69.86 31.17
359.00 19.00 -51923.37 -57444.29 69.86 31.17
360.00 19.00 -51923.37 -58223.01 69.86 31.17
361.00 19.00 -51923.37 -59502.73 69.86 31.17
362.00 19.00 -51923.37 -59462.77 69.86 31.17
363.00 19.00 -51923.37 -52078.61 69.86 31.17
364.00 19.00 -51923.37 -55440.83 69.86 31.17
365.00 19.00 -51923.37 -59518.64 69.86 31.17
366.00 19.00 -51923.37 -60071.82 69.86 31.17
367.00 19.00 -51923.37 -61574.03 69.86 31.17
368.00 19.00 -51923.37 -60834.71 69.86 31.17
369.00 19.00 -51923.37 -58918.96 69.86 31.17
370.00 19.00 -51923.37 -53179.10 69.86 31.17
371.00 19.00 -51923.37 -57426.78 69.86 31.17
372.00 19.00 -51923.37 -58980.73 69.86 31.17
373.00 19.00 -51923.37 -54796.21 69.86 31.17
374.00 20.00 -51923.37 -51923.37 69.86 31.17
375.00 20.00 -51923.37 -54689.27 69.86 31.17
376.00 20.00 -51923.37 -59051.55 69.86 31.17
377.00 20.00 -51923.37 -59831.38 69.86 31.17
378.00 20.00 -51923.37 -57231.78 69.86 31.17
379.00 20.00 -51923.37 -58072.36 69.86 31.17
380.00 20.00 -51923.37 -57227.08 69.86 31.17
381.00 20.00 -51923.37 -59331.15 69.86 31.17
382.00 20.00 -51923.37 -56835.57 69.86 31.17
383.00 20.00 -51923.37 -64046.56 69.86 31.17
384.00 20.00 -51923.37 -60723.33 69.86 31.17
385.00 20.00 -51923.37 -59092.56 69.86 31.17
386.00 20.00 -51923.37 -59391.79 69.86 31.17
387.00 20.00 -51923.37 -57782.56 69.86 31.17
388.00 20.00 -51923.37 -61700.69 69.86 31.17
389.00 20.00 -51923.37 -56952.18 69.86 31.17
390.00 20.00 -51923.37 -61212.98 69.86 31.17
391.00 20.00 -51923.37 -60633.04 69.86 31.17
392.00 20.00 -51923.37 -60587.23 69.86 31.17
393.00 20.00 -51923.37 -57636.85 69.86 31.17
394.00 20.00 -51923.37 -62050.87 69.86 31.17
395.00 20.00 -51923.37 -59330.40 69.86 31.17
396.00 20.00 -51923.37 -60121.88 69.86 31.17
397.00 20.00 -51923.37 -60008.10 69.86 31.17
398.00 20.00 -51923.37 -57905.40 69.86 31.17
399.00 20.00 -51923.37 -58230.64 69.86 31.17
400.00 20.00 -51923.37 -57443.74 69.86 31.17
401.00 20.00 -51923.37 -56771.06 69.86 31.17
402.00 20.00 -51923.37 -57913.34 69.86 31.17
403.00 20.00 -51923.37 -58188.65 69.86 31.17
404.00 20.00 -51923.37 -59271.13 69.86 31.17
405.00 20.00 -51923.37 -60314.21 69.86 31.17
406.00 20.00 -51923.37 -58271.71 69.86 31.17
407.00 20.00 -51923.37 -58532.80 69.86 31.17
408.00 20.00 -51923.37 -60042.88 69.86 31.17
409.00 20.00 -51923.37 -58632.01 69.86 31.17
410.00 20.00 -51923.37 -59238.12 69.86 31.17
411.00 20.00 -51923.37 -61275.73 69.86 31.17
412.00 20.00 -51923.37 -60031.39 69.86 31.17
413.00 20.00 -51923.37 -55773.49 69.86 31.17
414.00 20.00 -51923.37 -57136.47 69.86 31.17
415.00 20.00 -51923.37 -59578.00 69.86 31.17
416.00 20.00 -51923.37 -56582.24 69.86 31.17
417.00 20.00 -51923.37 -60802.64 69.86 31.17
418.00 20.00 -51923.37 -59799.65 69.86 31.17
419.00 20.00 -51923.37 -56675.23 69.86 31.17
420.00 20.00 -51923.37 -58237.68 69.86 31.17
421.00 20.00 -51923.37 -56386.47 69.86 31.17
422.00 20.00 -51923.37 -59381.17 69.86 31.17
423.00 20.00 -51923.37 -61259.91 69.86 31.17
424.00 20.00 -51923.37 -55181.53 69.86 31.17
425.00 20.00 -51923.37 -55890.83 69.86 31.17
426.00 20.00 -51923.37 -55941.14 69.86 31.17
427.00 20.00 -51923.37 -59921.36 69.86 31.17
428.00 20.00 -51923.37 -58346.55 69.86 31.17
429.00 20.00 -51923.37 -56812.62 69.86 31.17
430.00 20.00 -51923.37 -59885.79 69.86 31.17
431.00 20.00 -51923.37 -55964.76 69.86 31.17
432.00 21.00 -51923.37 -51923.37 69.86 31.17
433.00 21.00 -51923.37 -60268.90 69.86 31.17
434.00 21.00 -51923.37 -57462.65 69.86 31.17
435.00 21.00 -51923.37 -54048.26 69.86 31.17
436.00 21.00 -51923.37 -60680.75 69.86 31.17
437.00 21.00 -51923.37 -60657.93 69.86 31.17
438.00 21.00 -51923.37 -59037.65 69.86 31.17
439.00 21.00 -51923.37 -58417.48 69.86 31.17
440.00 21.00 -51923.37 -59151.31 69.86 31.17
441.00 21.00 -51923.37 -56732.25 69.86 31.17
442.00 21.00 -51923.37 -61594.88 69.86 31.17
443.00 21.00 -51923.37 -58657.33 69.86 31.17
444.00 21.00 -51923.37 -56420.79 69.86 31.17
445.00 21.00 -51923.37 -58937.00 69.86 31.17
446.00 21.00 -51923.37 -60159.54 69.86 31.17
447.00 21.00 -51923.37 -60607.62 69.86 31.17
448.00 21.00 -51923.37 -61768.77 69.86 31.17
449.00 21.00 -51923.37 -57624.65 69.86 31.17
450.00 21.00 -51923.37 -60274.84 69.86 31.17
451.00 21.00 -51923.37 -60396.81 69.86 31.17
452.00 21.00 -51923.37 -58274.59 69.86 31.17
453.00 21.00 -51923.37 -59743.45 69.86 31.17
454.00 21.00 -51923.37 -59028.77 69.86 31.17
455.00 21.00 -51923.37 -56692.74 69.86 31.17
456.00 21.00 -51923.37 -59298.67 69.86 31.17
457.00 21.00 -51923.37 -58793.36 69.86 31.17
458.00 21.00 -51923.37 -58565.81 69.86 31.17
459.00 21.00 -51923.37 -59553.33 69.86 31.17
460.00 21.00 -51923.37 -59624.24 69.86 31.17
461.00 21.00 -51923.37 -55619.17 69.86 31.17
462.00 21.00 -51923.37 -61168.49 69.86 31.17
463.00 21.00 -51923.37 -56849.71 69.86 31.17
464.00 21.00 -51923.37 -60682.23 69.86 31.17
465.00 21.00 -51923.37 -59281.71 69.86 31.17
466.00 21.00 -51923.37 -56303.34 69.86 31.17
467.00 21.00 -51923.37 -56756.10 69.86 31.17
468.00 21.00 -51923.37 -58560.56 69.86 31.17
469.00 21.00 -51923.37 -60226.89 69.86 31.17
470.00 21.00 -51923.37 -56613.16 69.86 31.17
471.00 21.00 -51923.37 -58493.36 69.86 31.17
472.00 21.00 -51923.37 -59467.62 69.86 31.17
473.00 21.00 -51923.37 -55150.52 69.86 31.17
474.00 21.00 -51923.37 -62775.49 69.86 31.17
475.00 21.00 -51923.37 -57426.82 69.86 31.17
476.00 21.00 -51923.37 -57516.67 69.86 31.17
477.00 21.00 -51923.37 -54870.27 69.86 31.17
478.00 21.00 -51923.37 -54179.72 69.86 31.17
479.00 21.00 -51923.37 -57983.99 69.86 31.17
480.00 21.00 -51923.37 -56920.16 69.86 31.17
481.00 21.00 -51923.37 -57474.32 69.86 31.17
482.00 21.00 -51923.37 -60821.72 69.86 31.17
483.00 21.00 -51923.37 -59285.22 69.86 31.17
484.00 21.00 -51923.37 -59027.87 69.86 31.17
485.00 22.00 -51923.37 -51923.37 69.86 31.17
486.00 22.00 -51923.37 -58244.85 69.86 31.17
487.00 22.00 -51923.37 -56096.96 69.86 31.17
488.00 22.00 -51923.37 -61809.79 69.86 31.17
489.00 22.00 -51923.37 -59904.03 69.86 31.17
490.00 22.00 -51923.37 -59108.75 69.86 31.17
491.00 22.00 -51923.37 -60846.40 69.86 31.17
492.00 22.00 -51923.37 -58232.71 69.86 31.17
493.00 22.00 -51923.37 -55229.84 69.86 31.17
494.00 22.00 -51923.37 -57958.18 69.86 31.17
495.00 22.00 -51923.37 -57908.38 69.86 31.17
496.00 22.00 -51923.37 -56753.41 69.86 31.17
497.00 22.00 -51923.37 -56250.69 69.86 31.17
498.00 22.00 -51923.37 -59680.04 69.86 31.17
499.00 22.00 -51923.37 -63126.93 69.86 31.17
500.00 22.00 -51923.37 -59105.57 69.86 31.17
501.00 22.00 -51923.37 -55714.37 69.86 31.17
502.00 22.00 -51923.37 -59296.04 69.86 31.17
503.00 22.00 -51923.37 -55601.79 69.86 31.17
504.00 22.00 -51923.37 -59026.33 69.86 31.17
505.00 22.00 -51923.37 -57425.02 69.86 31.17
506.00 22.00 -51923.37 -57518.06 69.86 31.17
507.00 22.00 -51923.37 -61609.26 69.86 31.17
508.00 22.00 -51923.37 -58345.73 69.86 31.17
509.00 22.00 -51923.37 -61233.38 69.86 31.17
510.00 22.00 -51923.37 -56630.48 69.86 31.17
511.00 22.00 -51923.37 -59779.79 69.86 31.17
512.00 22.00 -51923.37 -55609.47 69.86 31.17
513.00 22.00 -51923.37 -56355.76 69.86 31.17
514.00 22.00 -51923.37 -55947.99 69.86 31.17
515.00 22.00 -51923.37 -58493.26 69.86 31.17
516.00 22.00 -51923.37 -59261.63 69.86 31.17
517.00 22.00 -51923.37 -60564.71 69.86 31.17
518.00 22.00 -51923.37 -57969.15 69.86 31.17
519.00 22.00 -51923.37 -57212.45 69.86 31.17
520.00 22.00 -51923.37 -60222.23 69.86 31.17
521.00 22.00 -51923.37 -61076.01 69.86 31.17
522.00 22.00 -51923.37 -60078.55 69.86 31.17
523.00 22.00 -51923.37 -58569.02 69.86 31.17
524.00 22.00 -51923.37 -60606.99 69.86 31.17
525.00 22.00 -51923.37 -60707.94 69.86 31.17
526.00 22.00 -51923.37 -55446.56 69.86 31.17
527.00 22.00 -51923.37 -58004.69 69.86 31.17
528.00 22.00 -51923.37 -57694.71 69.86 31.17
529.00 22.00 -51923.37 -59580.40 69.86 31.17
530.00 22.00 -51923.37 -59784.49 69.86 31.17
531.00 22.00 -51923.37 -59414.31 69.86 31.17
532.00 22.00 -51923.37 -58356.92 69.86 31.17
533.00 22.00 -51923.37 -60751.21 69.86 31.17
534.00 22.00 -51923.37 -56666.68 69.86 31.17
535.00 22.00 -51923.37 -57072.18 69.86 31.17
536.00 22.00 -51923.37 -60987.34 69.86 31.17
537.00 22.00 -51923.37 -57608.35 69.86 31.17
538.00 22.00 -51923.37 -61560.09 69.86 31.17
539.00 22.00 -51923.37 -61394.09 69.86 31.17
540.00 22.00 -51923.37 -57787.14 69.86 31.17
541.00 22.00 -51923.37 -55121.82 69.86 31.17
542.00 22.00 -51923.37 -59006.46 69.86 31.17
543.00 22.00 -51923.37 -60259.50 69.86 31.17
544.00 22.00 -51923.37 -58084.85 69.86 31.17
545.00 22.00 -51923.37 -58648.10 69.86 31.17
546.00 22.00 -51923.37 -61613.52 69.86 31.17
547.00 22.00 -51923.37 -58621.00 69.86 31.17
548.00 23.00 -51923.37 -51923.37 69.86 31.17
549.00 23.00 -51923.37 -61275.59 69.86 31.17
550.00 23.00 -51923.37 -57691.55 69.86 31.17
551.00 23.00 -51923.37 -59223.81 69.86 31.17
552.00 23.00 -51923.37 -60354.64 69.86 31.17
553.00 23.00 -51923.37 -56012.16 69.86 31.17
554.00 23.00 -51923.37 -61096.08 69.86 31.17
555.00 23.00 -51923.37 -59177.94 69.86 31.17
556.00 23.00 -51923.37 -56761.98 69.86 31.17
557.00 23.00 -51923.37 -60076.26 69.86 31.17
558.00 23.00 -51923.37 -57730.73 69.86 31.17
559.00 23.00 -51923.37 -58605.55 69.86 31.17
560.00 23.00 -51923.37 -54091.26 69.86 31.17
561.00 23.00 -51923.37 -58990.81 69.86 31.17
562.00 23.00 -51923.37 -60376.88 69.86 31.17
563.00 23.00 -51923.37 -59933.62 69.86 31.17
564.00 23.00 -51923.37 -60454.00 69.86 31.17
565.00 23.00 -51923.37 -56558.85 69.86 31.17
566.00 23.00 -51923.37 -59906.30 69.86 31.17
567.00 23.00 -51923.37 -55818.16 69.86 31.17
568.00 23.00 -51923.37 -61116.66 69.86 31.17
569.00 23.00 -51923.37 -55899.91 69.86 31.17
570.00 23.00 -51923.37 -57485.71 69.86 31.17
571.00 23.00 -51923.37 -57410.08 69.86 31.17
572.00 23.00 -51923.37 -59374.43 69.86 31.17
573.00 23.00 -51923.37 -55560.09 69.86 31.17
574.00 23.00 -51923.37 -58763.47 69.86 31.17
575.00 23.00 -51923.37 -58675.15 69.86 31.17
576.00 23.00 -51923.37 -58808.55 69.86 31.17
577.00 23.00 -51923.37 -55035.98 69.86 31.17
578.00 23.00 -51923.37 -54225.34 69.86 31.17
579.00 23.00 -51923.37 -60238.63 69.86 31.17
580.00 23.00 -51923.37 -56639.72 69.86 31.17
581.00 23.00 -51923.37 -58349.52 69.86 31.17
582.00 23.00 -51923.37 -59336.30 69.86 31.17
583.00 23.00 -51923.37 -58948.35 69.86 31.17
584.00 23.00 -51923.37 -57014.22 69.86 31.17
585.00 23.00 -51923.37 -54749.22 69.86 31.17
586.00 23.00 -51923.37 -59943.14 69.86 31.17
587.00 23.00 -51923.37 -63218.00 69.86 31.17
588.00 23.00 -51923.37 -53894.55 69.86 31.17
589.00 23.00 -51923.37 -56104.68 69.86 31.17
590.00 23.00 -51923.37 -53439.00 69.86 31.17
591.00 23.00 -51923.37 -56315.42 69.86 31.17
592.00 23.00 -51923.37 -57467.59 69.86 31.17
593.00 23.00 -51923.37 -56353.39 69.86 31.17
594.00 23.00 -51923.37 -58328.91 69.86 31.17
595.00 23.00 -51923.37 -57551.48 69.86 31.17
596.00 23.00 -51923.37 -57287.87 69.86 31.17
597.00 23.00 -51923.37 -57436.25 69.86 31.17
598.00 23.00 -51923.37 -58066.07 69.86 31.17
599.00 23.00 -51923.37 -57603.88 69.86 31.17
600.00 23.00 -51923.37 -58022.42 69.86 31.17
601.00 23.00 -51923.37 -57677.97 69.86 31.17
602.00 23.00 -51923.37 -61287.98 69.86 31.17
603.00 23.00 -51923.37 -59200.53 69.86 31.17
604.00 23.00 -51923.37 -57933.48 69.86 31.17
605.00 23.00 -51923.37 -58208.68 69.86 31.17
606.00 23.00 -51923.37 -59931.06 69.86 31.17
607.00 23.00 -51923.37 -59046.79 69.86 31.17
608.00 23.00 -51923.37 -54570.02 69.86 31.17
609.00 23.00 -51923.37 -55717.78 69.86 31.17
610.00 23.00 -51923.37 -59694.29 69.86 31.17
611.00 23.00 -51923.37 -61173.73 69.86 31.17
612.00 23.00 -51923.37 -56691.78 69.86 31.17
613.00 23.00 -51923.37 -55264.98 69.86 31.17
614.00 23.00 -51923.37 -60940.79 69.86 31.17
615.00 23.00 -51923.37 -61169.28 69.86 31.17
616.00 23.00 -51923.37 -57604.02 69.86 31.17
617.00 23.00 -51923.37 -54531.05 69.86 31.17
618.00 23.00 -51923.37 -55322.67 69.86 31.17
619.00 23.00 -51923.37 -60043.38 69.86 31.17
620.00 23.00 -51923.37 -59250.58 69.86 31.17
621.00 23.00 -51923.37 -58010.85 69.86 31.17
622.00 23.00 -51923.37 -60327.32 69.86 31.17
