0.00 0.00 -109367.50 -112795.84 0.00 0.00
1.00 0.00 -109367.50 -117713.91 0.00 0.00
2.00 0.00 -109367.50 -110109.61 0.00 0.00
3.00 1.00 -108741.73 -108741.73 154.77 121.63
4.00 1.00 -108741.73 -111511.50 154.77 121.63
5.00 1.00 -108741.73 -111265.48 154.77 121.63
6.00 2.00 -107714.41 -107714.41 151.09 86.65
7.00 3.00 -104374.23 -104374.23 124.70 67.93
8.00 3.00 -104374.23 -112555.67 124.70 67.93
9.00 3.00 -104374.23 -108965.92 124.70 67.93
10.00 3.00 -104374.23 -105841.76 124.70 67.93
11.00 3.00 -104374.23 -106110.02 124.70 67.93
12.00 3.00 -104374.23 -111074.74 124.70 67.93
13.00 4.00 -99431.39 -99431.39 90.97 59.55
14.00 4.00 -99431.39 -107761.60 90.97 59.55
15.00 4.00 -99431.39 -102408.63 90.97 59.55
16.00 4.00 -99431.39 -103859.55 90.97 59.55
17.00 4.00 -99431.39 -107339.94 90.97 59.55
18.00 4.00 -99431.39 -108406.74 90.97 59.55
19.00 4.00 -99431.39 -108683.72 90.97 59.55
20.00 4.00 -99431.39 -106950.18 90.97 59.55
21.00 4.00 -99431.39 -109251.29 90.97 59.55
22.00 4.00 -99431.39 -104071.14 90.97 59.55
23.00 4.00 -99431.39 -103363.54 90.97 59.55
24.00 4.00 -99431.39 -105464.84 90.97 59.55
25.00 4.00 -99431.39 -109966.41 90.97 59.55
26.00 4.00 -99431.39 -104243.60 90.97 59.55
27.00 4.00 -99431.39 -104577.07 90.97 59.55
28.00 4.00 -99431.39 -106987.93 90.97 59.55
29.00 4.00 -99431.39 -105077.89 90.97 59.55
30.00 4.00 -99431.39 -108848.36 90.97 59.55
31.00 4.00 -99431.39 -106034.81 90.97 59.55
32.00 4.00 -99431.39 -105569.48 90.97 59.55
33.00 4.00 -99431.39 -106595.11 90.97 59.55
34.00 4.00 -99431.39 -106502.21 90.97 59.55
35.00 4.00 -99431.39 -110360.09 90.97 59.55
36.00 4.00 -99431.39 -110485.30 90.97 59.55
37.00 4.00 -99431.39 -104085.25 90.97 59.55
38.00 4.00 -99431.39 -109361.50 90.97 59.55
39.00 4.00 -99431.39 -106409.32 90.97 59.55
40.00 4.00 -99431.39 -107427.94 90.97 59.55
41.00 4.00 -99431.39 -107153.57 90.97 59.55
42.00 4.00 -99431.39 -109221.57 90.97 59.55
43.00 4.00 -99431.39 -101068.30 90.97 59.55
44.00 4.00 -99431.39 -121956.44 90.97 59.55
45.00 4.00 -99431.39 -108339.03 90.97 59.55
46.00 4.00 -99431.39 -106209.23 90.97 59.55
47.00 4.00 -99431.39 -106415.75 90.97 59.55
48.00 4.00 -99431.39 -110723.44 90.97 59.55
49.00 4.00 -99431.39 -106645.17 90.97 59.55
50.00 4.00 -99431.39 -110911.64 90.97 59.55
51.00 4.00 -99431.39 -106558.97 90.97 59.55
52.00 4.00 -99431.39 -110976.77 90.97 59.55
53.00 4.00 -99431.39 -109726.48 90.97 59.55
54.00 4.00 -99431.39 -112733.39 90.97 59.55
55.00 4.00 -99431.39 -106167.17 90.97 59.55
56.00 4.00 -99431.39 -106274.69 90.97 59.55
57.00 4.00 -99431.39 -104601.92 90.97 59.55
58.00 4.00 -99431.39 -104157.85 90.97 59.55
59.00 4.00 -99431.39 -109417.95 90.97 59.55
60.00 4.00 -99431.39 -105896.93 90.97 59.55
61.00 4.00 -99431.39 -113918.13 90.97 59.55
62.00 4.00 -99431.39 -100969.09 90.97 59.55
63.00 4.00 -99431.39 -104034.69 90.97 59.55
64.00 4.00 -99431.39 -109417.68 90.97 59.55
65.00 4.00 -99431.39 -111035.59 90.97 59.55
66.00 4.00 -99431.39 -103862.67 90.97 59.55
67.00 4.00 -99431.39 -105430.25 90.97 59.55
68.00 4.00 -99431.39 -110580.76 90.97 59.55
69.00 4.00 -99431.39 -105701.19 90.97 59.55
70.00 4.00 -99431.39 -104026.44 90.97 59.55
71.00 4.00 -99431.39 -108300.12 90.97 59.55
72.00 4.00 -99431.39 -105589.54 90.97 59.55
73.00 4.00 -99431.39 -107478.42 90.97 59.55
74.00 4.00 -99431.39 -110621.96 90.97 59.55
75.00 5.00 -99431.39 -99431.39 90.97 59.55
76.00 5.00 -99431.39 -103510.99 90.97 59.55
77.00 5.00 -99431.39 -109671.18 90.97 59.55
78.00 5.00 -99431.39 -110400.15 90.97 59.55
79.00 5.00 -99431.39 -109203.49 90.97 59.55
80.00 5.00 -99431.39 -105039.83 90.97 59.55
81.00 5.00 -99431.39 -99964.89 90.97 59.55
82.00 5.00 -99431.39 -105927.11 90.97 59.55
83.00 5.00 -99431.39 -103378.71 90.97 59.55
84.00 5.00 -99431.39 -112041.85 90.97 59.55
85.00 5.00 -99431.39 -104723.58 90.97 59.55
86.00 5.00 -99431.39 -106204.14 90.97 59.55
87.00 5.00 -99431.39 -108688.55 90.97 59.55
88.00 5.00 -99431.39 -108812.66 90.97 59.55
89.00 5.00 -99431.39 -110984.81 90.97 59.55
90.00 5.00 -99431.39 -102784.38 90.97 59.55
91.00 5.00 -99431.39 -106179.97 90.97 59.55
92.00 5.00 -99431.39 -109102.14 90.97 59.55
93.00 5.00 -99431.39 -110505.20 90.97 59.55
94.00 5.00 -99431.39 -107141.46 90.97 59.55
95.00 5.00 -99431.39 -107393.03 90.97 59.55
96.00 5.00 -99431.39 -105649.41 90.97 59.55
97.00 5.00 -99431.39 -108173.13 90.97 59.55
98.00 6.00 -96210.93 -96210.93 80.57 30.70
99.00 6.00 -96210.93 -108601.69 80.57 30.70
100.00 6.00 -96210.93 -110334.43 80.57 30.70
101.00 6.00 -96210.93 -108499.26 80.57 30.70
102.00 6.00 -96210.93 -106872.56 80.57 30.70
103.00 6.00 -96210.93 -104578.11 80.57 30.70
104.00 6.00 -96210.93 -98781.25 80.57 30.70
105.00 6.00 -96210.93 -102071.07 80.57 30.70
106.00 6.00 -96210.93 -104578.38 80.57 30.70
107.00 6.00 -96210.93 -105585.74 80.57 30.70
108.00 6.00 -96210.93 -108542.30 80.57 30.70
109.00 6.00 -96210.93 -101315.53 80.57 30.70
110.00 6.00 -96210.93 -102811.78 80.57 30.70
111.00 6.00 -96210.93 -104339.48 80.57 30.70
112.00 6.00 -96210.93 -98359.98 80.57 30.70
113.00 6.00 -96210.93 -103577.89 80.57 30.70
114.00 6.00 -96210.93 -105856.84 80.57 30.70
115.00 6.00 -96210.93 -108423.31 80.57 30.70
116.00 6.00 -96210.93 -108755.14 80.57 30.70
117.00 7.00 -96210.93 -96210.93 80.57 30.70
118.00 7.00 -96210.93 -105026.07 80.57 30.70
119.00 7.00 -96210.93 -105068.35 80.57 30.70
120.00 7.00 -96210.93 -108262.42 80.57 30.70
121.00 7.00 -96210.93 -103444.27 80.57 30.70
122.00 7.00 -96210.93 -101547.59 80.57 30.70
123.00 7.00 -96210.93 -108654.25 80.57 30.70
124.00 7.00 -96210.93 -101781.46 80.57 30.70
125.00 7.00 -96210.93 -103604.93 80.57 30.70
126.00 7.00 -96210.93 -108609.16 80.57 30.70
127.00 7.00 -96210.93 -110775.41 80.57 30.70
128.00 7.00 -96210.93 -104441.15 80.57 30.70
129.00 7.00 -96210.93 -105828.48 80.57 30.70
130.00 7.00 -96210.93 -108091.59 80.57 30.70
131.00 7.00 -96210.93 -107705.26 80.57 30.70
132.00 7.00 -96210.93 -105894.32 80.57 30.70
133.00 7.00 -96210.93 -109595.43 80.57 30.70
134.00 7.00 -96210.93 -104641.03 80.57 30.70
135.00 7.00 -96210.93 -106809.67 80.57 30.70
136.00 7.00 -96210.93 -100788.38 80.57 30.70
137.00 7.00 -96210.93 -106102.18 80.57 30.70
138.00 7.00 -96210.93 -108383.67 80.57 30.70
139.00 7.00 -96210.93 -108869.48 80.57 30.70
140.00 7.00 -96210.93 -109021.11 80.57 30.70
141.00 7.00 -96210.93 -104512.19 80.57 30.70
142.00 7.00 -96210.93 -105746.65 80.57 30.70
143.00 7.00 -96210.93 -102309.43 80.57 30.70
144.00 7.00 -96210.93 -101033.01 80.57 30.70
145.00 7.00 -96210.93 -101942.68 80.57 30.70
146.00 7.00 -96210.93 -105396.00 80.57 30.70
147.00 7.00 -96210.93 -107719.15 80.57 30.70
148.00 7.00 -96210.93 -112262.94 80.57 30.70
149.00 7.00 -96210.93 -108638.61 80.57 30.70
150.00 7.00 -96210.93 -105450.43 80.57 30.70
151.00 7.00 -96210.93 -107276.77 80.57 30.70
152.00 7.00 -96210.93 -103584.33 80.57 30.70
153.00 7.00 -96210.93 -105970.58 80.57 30.70
154.00 7.00 -96210.93 -103943.47 80.57 30.70
155.00 7.00 -96210.93 -102844.00 80.57 30.70
156.00 7.00 -96210.93 -104343.64 80.57 30.70
157.00 7.00 -96210.93 -103324.70 80.57 30.70
158.00 7.00 -96210.93 -106109.20 80.57 30.70
159.00 7.00 -96210.93 -103869.85 80.57 30.70
160.00 7.00 -96210.93 -103075.54 80.57 30.70
161.00 7.00 -96210.93 -102719.97 80.57 30.70
162.00 7.00 -96210.93 -106037.00 80.57 30.70
163.00 7.00 -96210.93 -105817.04 80.57 30.70
164.00 7.00 -96210.93 -107695.18 80.57 30.70
165.00 7.00 -96210.93 -102204.76 80.57 30.70
166.00 7.00 -96210.93 -107737.97 80.57 30.70
167.00 7.00 -96210.93 -113057.16 80.57 30.70
168.00 7.00 -96210.93 -109193.60 80.57 30.70
169.00 7.00 -96210.93 -101362.55 80.57 30.70
170.00 7.00 -96210.93 -105520.81 80.57 30.70
171.00 7.00 -96210.93 -105567.49 80.57 30.70
172.00 7.00 -96210.93 -108199.48 80.57 30.70
173.00 7.00 -96210.93 -100458.68 80.57 30.70
174.00 7.00 -96210.93 -103984.45 80.57 30.70
175.00 7.00 -96210.93 -108077.32 80.57 30.70
176.00 7.00 -96210.93 -107746.11 80.57 30.70
177.00 7.00 -96210.93 -107255.66 80.57 30.70
178.00 7.00 -96210.93 -103256.01 80.57 30.70
179.00 7.00 -96210.93 -107448.60 80.57 30.70
180.00 7.00 -96210.93 -108173.48 80.57 30.70
181.00 7.00 -96210.93 -101750.73 80.57 30.70
182.00 7.00 -96210.93 -106997.29 80.57 30.70
183.00 7.00 -96210.93 -106241.40 80.57 30.70
184.00 7.00 -96210.93 -103454.48 80.57 30.70
185.00 7.00 -96210.93 -104763.64 80.57 30.70
186.00 7.00 -96210.93 -101640.15 80.57 30.70
187.00 7.00 -96210.93 -111577.17 80.57 30.70
188.00 7.00 -96210.93 -103048.76 80.57 30.70
189.00 7.00 -96210.93 -111692.03 80.57 30.70
190.00 7.00 -96210.93 -101960.55 80.57 30.70
191.00 7.00 -96210.93 -111296.20 80.57 30.70
192.00 7.00 -96210.93 -105522.00 80.57 30.70
193.00 7.00 -96210.93 -104728.61 80.57 30.70
194.00 7.00 -96210.93 -106271.09 80.57 30.70
195.00 7.00 -96210.93 -113624.04 80.57 30.70
196.00 7.00 -96210.93 -97976.74 80.57 30.70
197.00 7.00 -96210.93 -108460.62 80.57 30.70
198.00 7.00 -96210.93 -108893.32 80.57 30.70
199.00 7.00 -96210.93 -103402.60 80.57 30.70
200.00 7.00 -96210.93 -106498.82 80.57 30.70
201.00 7.00 -96210.93 -100933.53 80.57 30.70
202.00 7.00 -96210.93 -110281.95 80.57 30.70
203.00 7.00 -96210.93 -114957.78 80.57 30.70
204.00 7.00 -96210.93 -103154.50 80.57 30.70
205.00 7.00 -96210.93 -98668.19 80.57 30.70
206.00 7.00 -96210.93 -103138.92 80.57 30.70
207.00 7.00 -96210.93 -114899.88 80.57 30.70
208.00 7.00 -96210.93 -109224.75 80.57 30.70
209.00 7.00 -96210.93 -107517.24 80.57 30.70
210.00 7.00 -96210.93 -110553.95 80.57 30.70
211.00 7.00 -96210.93 -107310.15 80.57 30.70
212.00 7.00 -96210.93 -105117.59 80.57 30.70
213.00 7.00 -96210.93 -114518.98 80.57 30.70
214.00 7.00 -96210.93 -101748.65 80.57 30.70
215.00 7.00 -96210.93 -109912.16 80.57 30.70
216.00 7.00 -96210.93 -111179.95 80.57 30.70
217.00 7.00 -96210.93 -105676.58 80.57 30.70
218.00 7.00 -96210.93 -108042.39 80.57 30.70
219.00 7.00 -96210.93 -104305.91 80.57 30.70
220.00 7.00 -96210.93 -108186.03 80.57 30.70
221.00 7.00 -96210.93 -105714.07 80.57 30.70
222.00 7.00 -96210.93 -104023.01 80.57 30.70
223.00 7.00 -96210.93 -100356.59 80.57 30.70
224.00 7.00 -96210.93 -108436.28 80.57 30.70
225.00 7.00 -96210.93 -111712.28 80.57 30.70
226.00 7.00 -96210.93 -108018.92 80.57 30.70
227.00 7.00 -96210.93 -101014.93 80.57 30.70
228.00 7.00 -96210.93 -110005.44 80.57 30.70
229.00 7.00 -96210.93 -111283.43 80.57 30.70
230.00 7.00 -96210.93 -107524.36 80.57 30.70
231.00 7.00 -96210.93 -103980.58 80.57 30.70
232.00 7.00 -96210.93 -101289.16 80.57 30.70
233.00 7.00 -96210.93 -109081.13 80.57 30.70
234.00 7.00 -96210.93 -105886.04 80.57 30.70
235.00 7.00 -96210.93 -101516.35 80.57 30.70
236.00 7.00 -96210.93 -108314.44 80.57 30.70
237.00 7.00 -96210.93 -99335.40 80.57 30.70
238.00 7.00 -96210.93 -103134.52 80.57 30.70
239.00 7.00 -96210.93 -101387.21 80.57 30.70
240.00 7.00 -96210.93 -102725.32 80.57 30.70
241.00 7.00 -96210.93 -104095.19 80.57 30.70
242.00 7.00 -96210.93 -115819.67 80.57 30.70
243.00 7.00 -96210.93 -111520.66 80.57 30.70
244.00 7.00 -96210.93 -108800.26 80.57 30.70
245.00 7.00 -96210.93 -105380.67 80.57 30.70
246.00 7.00 -96210.93 -108375.32 80.57 30.70
247.00 7.00 -96210.93 -106282.74 80.57 30.70
248.00 7.00 -96210.93 -106846.36 80.57 30.70
249.00 7.00 -96210.93 -108409.13 80.57 30.70
250.00 7.00 -96210.93 -107268.16 80.57 30.70
251.00 7.00 -96210.93 -104573.25 80.57 30.70
252.00 7.00 -96210.93 -106379.20 80.57 30.70
253.00 8.00 -96210.93 -96210.93 80.57 30.70
254.00 8.00 -96210.93 -109619.81 80.57 30.70
255.00 8.00 -96210.93 -103769.85 80.57 30.70
256.00 8.00 -96210.93 -105320.47 80.57 30.70
257.00 8.00 -96210.93 -107556.38 80.57 30.70
258.00 8.00 -96210.93 -110695.71 80.57 30.70
259.00 8.00 -96210.93 -108859.92 80.57 30.70
260.00 8.00 -96210.93 -106119.71 80.57 30.70
261.00 8.00 -96210.93 -107884.34 80.57 30.70
262.00 8.00 -96210.93 -106441.20 80.57 30.70
263.00 8.00 -96210.93 -105037.08 80.57 30.70
264.00 8.00 -96210.93 -104420.97 80.57 30.70
265.00 8.00 -96210.93 -105877.07 80.57 30.70
266.00 8.00 -96210.93 -102973.77 80.57 30.70
267.00 8.00 -96210.93 -100770.52 80.57 30.70
268.00 8.00 -96210.93 -104728.08 80.57 30.70
269.00 8.00 -96210.93 -100514.34 80.57 30.70
270.00 8.00 -96210.93 -110719.79 80.57 30.70
271.00 8.00 -96210.93 -103193.42 80.57 30.70
272.00 8.00 -96210.93 -108242.56 80.57 30.70
273.00 8.00 -96210.93 -109497.95 80.57 30.70
274.00 8.00 -96210.93 -99540.03 80.57 30.70
275.00 8.00 -96210.93 -110288.91 80.57 30.70
276.00 8.00 -96210.93 -108728.50 80.57 30.70
277.00 8.00 -96210.93 -99926.72 80.57 30.70
278.00 8.00 -96210.93 -109370.10 80.57 30.70
279.00 8.00 -96210.93 -105587.34 80.57 30.70
280.00 8.00 -96210.93 -111373.54 80.57 30.70
281.00 8.00 -96210.93 -107809.99 80.57 30.70
282.00 8.00 -96210.93 -108690.22 80.57 30.70
283.00 8.00 -96210.93 -101652.06 80.57 30.70
284.00 8.00 -96210.93 -105325.03 80.57 30.70
285.00 9.00 -96210.93 -96210.93 80.57 30.70
286.00 9.00 -96210.93 -110333.03 80.57 30.70
287.00 9.00 -96210.93 -108867.63 80.57 30.70
288.00 9.00 -96210.93 -104716.44 80.57 30.70
289.00 9.00 -96210.93 -101881.47 80.57 30.70
290.00 9.00 -96210.93 -97459.60 80.57 30.70
291.00 9.00 -96210.93 -102410.42 80.57 30.70
292.00 9.00 -96210.93 -101006.73 80.57 30.70
293.00 9.00 -96210.93 -105272.93 80.57 30.70
294.00 9.00 -96210.93 -108845.14 80.57 30.70
295.00 9.00 -96210.93 -109820.80 80.57 30.70
296.00 9.00 -96210.93 -108375.38 80.57 30.70
297.00 9.00 -96210.93 -107347.92 80.57 30.70
298.00 9.00 -96210.93 -111256.86 80.57 30.70
299.00 9.00 -96210.93 -104213.13 80.57 30.70
300.00 9.00 -96210.93 -109546.07 80.57 30.70
301.00 9.00 -96210.93 -108413.38 80.57 30.70
302.00 9.00 -96210.93 -108466.96 80.57 30.70
303.00 9.00 -96210.93 -108520.84 80.57 30.70
304.00 9.00 -96210.93 -103095.63 80.57 30.70
305.00 9.00 -96210.93 -111819.29 80.57 30.70
306.00 9.00 -96210.93 -103802.57 80.57 30.70
307.00 9.00 -96210.93 -108250.04 80.57 30.70
308.00 9.00 -96210.93 -105726.54 80.57 30.70
309.00 9.00 -96210.93 -106684.65 80.57 30.70
310.00 9.00 -96210.93 -110604.87 80.57 30.70
311.00 9.00 -96210.93 -103946.86 80.57 30.70
312.00 9.00 -96210.93 -104220.26 80.57 30.70
313.00 9.00 -96210.93 -103060.70 80.57 30.70
314.00 9.00 -96210.93 -105118.28 80.57 30.70
315.00 9.00 -96210.93 -103202.21 80.57 30.70
316.00 9.00 -96210.93 -104605.84 80.57 30.70
317.00 9.00 -96210.93 -108929.11 80.57 30.70
318.00 9.00 -96210.93 -110600.45 80.57 30.70
319.00 9.00 -96210.93 -109917.81 80.57 30.70
320.00 9.00 -96210.93 -105961.24 80.57 30.70
321.00 10.00 -96210.93 -96210.93 80.57 30.70
322.00 10.00 -96210.93 -106780.69 80.57 30.70
323.00 10.00 -96210.93 -107400.05 80.57 30.70
324.00 10.00 -96210.93 -103703.01 80.57 30.70
325.00 10.00 -96210.93 -102883.50 80.57 30.70
326.00 10.00 -96210.93 -101959.79 80.57 30.70
327.00 10.00 -96210.93 -105522.61 80.57 30.70
328.00 10.00 -96210.93 -108966.98 80.57 30.70
329.00 10.00 -96210.93 -109482.70 80.57 30.70
330.00 10.00 -96210.93 -103846.57 80.57 30.70
331.00 10.00 -96210.93 -105764.14 80.57 30.70
332.00 10.00 -96210.93 -101830.05 80.57 30.70
333.00 10.00 -96210.93 -108552.88 80.57 30.70
334.00 10.00 -96210.93 -105695.14 80.57 30.70
335.00 10.00 -96210.93 -104255.63 80.57 30.70
336.00 10.00 -96210.93 -109368.53 80.57 30.70
337.00 10.00 -96210.93 -110353.91 80.57 30.70
338.00 10.00 -96210.93 -103737.86 80.57 30.70
339.00 10.00 -96210.93 -105397.10 80.57 30.70
340.00 10.00 -96210.93 -103990.04 80.57 30.70
341.00 10.00 -96210.93 -107515.37 80.57 30.70
342.00 10.00 -96210.93 -98239.97 80.57 30.70
343.00 10.00 -96210.93 -108872.07 80.57 30.70
344.00 10.00 -96210.93 -109320.20 80.57 30.70
345.00 10.00 -96210.93 -106117.69 80.57 30.70
346.00 10.00 -96210.93 -112220.10 80.57 30.70
347.00 10.00 -96210.93 -102262.81 80.57 30.70
348.00 10.00 -96210.93 -107927.19 80.57 30.70
349.00 10.00 -96210.93 -107518.03 80.57 30.70
350.00 10.00 -96210.93 -105746.17 80.57 30.70
351.00 10.00 -96210.93 -104468.05 80.57 30.70
352.00 10.00 -96210.93 -108317.65 80.57 30.70
353.00 10.00 -96210.93 -110229.97 80.57 30.70
354.00 10.00 -96210.93 -98343.55 80.57 30.70
355.00 10.00 -96210.93 -110220.20 80.57 30.70
356.00 10.00 -96210.93 -117325.07 80.57 30.70
357.00 10.00 -96210.93 -109306.35 80.57 30.70
358.00 10.00 -96210.93 -107886.44 80.57 30.70
359.00 10.00 -96210.93 -107970.51 80.57 30.70
360.00 10.00 -96210.93 -106180.03 80.57 30.70
361.00 10.00 -96210.93 -99502.42 80.57 30.70
362.00 10.00 -96210.93 -107885.67 80.57 30.70
363.00 10.00 -96210.93 -106079.15 80.57 30.70
364.00 10.00 -96210.93 -105357.35 80.57 30.70
365.00 10.00 -96210.93 -106635.54 80.57 30.70
366.00 10.00 -96210.93 -115233.50 80.57 30.70
367.00 10.00 -96210.93 -109290.69 80.57 30.70
368.00 10.00 -96210.93 -105263.97 80.57 30.70
369.00 10.00 -96210.93 -105594.17 80.57 30.70
370.00 10.00 -96210.93 -110289.83 80.57 30.70
371.00 10.00 -96210.93 -110041.59 80.57 30.70
372.00 10.00 -96210.93 -107797.01 80.57 30.70
373.00 10.00 -96210.93 -102597.74 80.57 30.70
374.00 10.00 -96210.93 -112996.27 80.57 30.70
375.00 10.00 -96210.93 -109838.11 80.57 30.70
376.00 10.00 -96210.93 -104108.20 80.57 30.70
377.00 10.00 -96210.93 -107617.74 80.57 30.70
378.00 10.00 -96210.93 -99213.15 80.57 30.70
379.00 10.00 -96210.93 -104367.59 80.57 30.70
380.00 10.00 -96210.93 -106710.71 80.57 30.70
381.00 10.00 -96210.93 -103271.62 80.57 30.70
382.00 10.00 -96210.93 -105932.85 80.57 30.70
383.00 10.00 -96210.93 -105395.73 80.57 30.70
384.00 10.00 -96210.93 -109591.33 80.57 30.70
385.00 10.00 -96210.93 -109007.38 80.57 30.70
386.00 10.00 -96210.93 -106385.52 80.57 30.70
387.00 10.00 -96210.93 -108534.58 80.57 30.70
388.00 10.00 -96210.93 -102842.12 80.57 30.70
389.00 10.00 -96210.93 -109000.91 80.57 30.70
390.00 10.00 -96210.93 -101152.81 80.57 30.70
391.00 10.00 -96210.93 -106143.21 80.57 30.70
392.00 10.00 -96210.93 -106531.63 80.57 30.70
393.00 10.00 -96210.93 -101912.87 80.57 30.70
394.00 10.00 -96210.93 -105166.61 80.57 30.70
395.00 10.00 -96210.93 -104941.52 80.57 30.70
396.00 10.00 -96210.93 -108464.87 80.57 30.70
397.00 10.00 -96210.93 -101886.92 80.57 30.70
398.00 10.00 -96210.93 -106756.68 80.57 30.70
399.00 10.00 -96210.93 -105236.04 80.57 30.70
400.00 10.00 -96210.93 -106200.72 80.57 30.70
401.00 10.00 -96210.93 -106441.68 80.57 30.70
402.00 10.00 -96210.93 -108878.52 80.57 30.70
403.00 10.00 -96210.93 -99826.63 80.57 30.70
404.00 10.00 -96210.93 -104374.90 80.57 30.70
405.00 10.00 -96210.93 -102682.54 80.57 30.70
406.00 10.00 -96210.93 -101618.13 80.57 30.70
407.00 10.00 -96210.93 -107242.93 80.57 30.70
408.00 10.00 -96210.93 -113420.91 80.57 30.70
409.00 10.00 -96210.93 -108084.94 80.57 30.70
410.00 10.00 -96210.93 -105535.55 80.57 30.70
411.00 10.00 -96210.93 -113194.32 80.57 30.70
412.00 10.00 -96210.93 -103936.67 80.57 30.70
413.00 10.00 -96210.93 -102138.51 80.57 30.70
414.00 10.00 -96210.93 -108362.93 80.57 30.70
415.00 10.00 -96210.93 -110568.92 80.57 30.70
416.00 10.00 -96210.93 -106715.38 80.57 30.70
417.00 10.00 -96210.93 -107429.94 80.57 30.70
418.00 10.00 -96210.93 -106259.37 80.57 30.70
419.00 10.00 -96210.93 -101703.76 80.57 30.70
420.00 10.00 -96210.93 -97398.69 80.57 30.70
421.00 10.00 -96210.93 -104629.81 80.57 30.70
422.00 10.00 -96210.93 -103221.36 80.57 30.70
423.00 10.00 -96210.93 -107858.41 80.57 30.70
424.00 10.00 -96210.93 -107746.95 80.57 30.70
425.00 10.00 -96210.93 -114242.67 80.57 30.70
426.00 10.00 -96210.93 -103203.23 80.57 30.70
427.00 10.00 -96210.93 -106892.68 80.57 30.70
428.00 10.00 -96210.93 -108074.75 80.57 30.70
429.00 10.00 -96210.93 -110114.54 80.57 30.70
430.00 10.00 -96210.93 -102157.63 80.57 30.70
431.00 10.00 -96210.93 -111907.77 80.57 30.70
432.00 10.00 -96210.93 -106490.74 80.57 30.70
433.00 10.00 -96210.93 -111366.30 80.57 30.70
434.00 10.00 -96210.93 -111573.78 80.57 30.70
435.00 10.00 -96210.93 -109072.59 80.57 30.70
436.00 10.00 -96210.93 -102454.57 80.57 30.70
437.00 10.00 -96210.93 -103744.60 80.57 30.70
438.00 10.00 -96210.93 -106556.92 80.57 30.70
439.00 10.00 -96210.93 -106056.07 80.57 30.70
440.00 10.00 -96210.93 -104574.24 80.57 30.70
441.00 10.00 -96210.93 -108052.39 80.57 30.70
442.00 10.00 -96210.93 -114142.65 80.57 30.70
443.00 10.00 -96210.93 -108301.16 80.57 30.70
444.00 10.00 -96210.93 -104575.72 80.57 30.70
445.00 10.00 -96210.93 -104544.66 80.57 30.70
446.00 10.00 -96210.93 -107357.02 80.57 30.70
447.00 10.00 -96210.93 -100021.17 80.57 30.70
448.00 10.00 -96210.93 -105326.50 80.57 30.70
449.00 10.00 -96210.93 -109176.46 80.57 30.70
450.00 10.00 -96210.93 -112003.86 80.57 30.70
451.00 10.00 -96210.93 -105047.37 80.57 30.70
452.00 10.00 -96210.93 -103473.69 80.57 30.70
453.00 10.00 -96210.93 -114270.29 80.57 30.70
454.00 10.00 -96210.93 -103151.33 80.57 30.70
455.00 10.00 -96210.93 -108280.60 80.57 30.70
456.00 10.00 -96210.93 -109885.39 80.57 30.70
457.00 10.00 -96210.93 -101522.04 80.57 30.70
458.00 10.00 -96210.93 -103136.60 80.57 30.70
459.00 10.00 -96210.93 -102112.79 80.57 30.70
460.00 10.00 -96210.93 -109431.04 80.57 30.70
461.00 10.00 -96210.93 -106349.59 80.57 30.70
462.00 10.00 -96210.93 -103535.93 80.57 30.70
463.00 10.00 -96210.93 -103959.09 80.57 30.70
464.00 10.00 -96210.93 -102244.42 80.57 30.70
465.00 10.00 -96210.93 -111732.80 80.57 30.70
466.00 10.00 -96210.93 -98577.39 80.57 30.70
467.00 10.00 -96210.93 -102047.77 80.57 30.70
468.00 10.00 -96210.93 -105537.04 80.57 30.70
469.00 10.00 -96210.93 -105959.28 80.57 30.70
470.00 10.00 -96210.93 -106878.04 80.57 30.70
471.00 10.00 -96210.93 -108250.03 80.57 30.70
472.00 10.00 -96210.93 -104909.50 80.57 30.70
473.00 10.00 -96210.93 -109958.28 80.57 30.70
474.00 10.00 -96210.93 -109141.99 80.57 30.70
475.00 10.00 -96210.93 -106398.21 80.57 30.70
476.00 10.00 -96210.93 -105371.54 80.57 30.70
477.00 10.00 -96210.93 -112750.95 80.57 30.70
478.00 10.00 -96210.93 -110668.64 80.57 30.70
479.00 10.00 -96210.93 -106184.10 80.57 30.70
480.00 10.00 -96210.93 -106918.79 80.57 30.70
481.00 10.00 -96210.93 -107225.95 80.57 30.70
482.00 10.00 -96210.93 -107488.05 80.57 30.70
483.00 11.00 -95466.43 -95466.43 75.55 32.21
484.00 11.00 -95466.43 -110626.83 75.55 32.21
485.00 11.00 -95466.43 -102694.17 75.55 32.21
486.00 11.00 -95466.43 -100450.05 75.55 32.21
487.00 11.00 -95466.43 -106775.17 75.55 32.21
488.00 11.00 -95466.43 -106892.46 75.55 32.21
489.00 11.00 -95466.43 -101002.24 75.55 32.21
490.00 11.00 -95466.43 -107687.46 75.55 32.21
491.00 11.00 -95466.43 -107919.67 75.55 32.21
492.00 11.00 -95466.43 -106289.76 75.55 32.21
493.00 11.00 -95466.43 -102022.32 75.55 32.21
494.00 11.00 -95466.43 -110844.22 75.55 32.21
495.00 11.00 -95466.43 -106147.66 75.55 32.21
496.00 11.00 -95466.43 -107201.43 75.55 32.21
497.00 11.00 -95466.43 -99610.86 75.55 32.21
498.00 11.00 -95466.43 -102957.92 75.55 32.21
499.00 11.00 -95466.43 -109246.27 75.55 32.21
500.00 11.00 -95466.43 -110999.55 75.55 32.21
501.00 11.00 -95466.43 -100700.06 75.55 32.21
502.00 11.00 -95466.43 -107232.24 75.55 32.21
503.00 11.00 -95466.43 -109763.81 75.55 32.21
504.00 11.00 -95466.43 -101736.40 75.55 32.21
505.00 11.00 -95466.43 -111100.47 75.55 32.21
506.00 11.00 -95466.43 -111857.36 75.55 32.21
507.00 11.00 -95466.43 -108298.60 75.55 32.21
508.00 11.00 -95466.43 -103584.27 75.55 32.21
509.00 11.00 -95466.43 -112874.22 75.55 32.21
510.00 11.00 -95466.43 -107285.96 75.55 32.21
511.00 11.00 -95466.43 -107856.90 75.55 32.21
512.00 11.00 -95466.43 -103663.03 75.55 32.21
513.00 11.00 -95466.43 -104448.95 75.55 32.21
514.00 11.00 -95466.43 -102704.17 75.55 32.21
515.00 11.00 -95466.43 -105699.37 75.55 32.21
516.00 11.00 -95466.43 -106311.07 75.55 32.21
517.00 11.00 -95466.43 -99959.13 75.55 32.21
518.00 11.00 -95466.43 -110260.15 75.55 32.21
519.00 11.00 -95466.43 -101001.65 75.55 32.21
520.00 11.00 -95466.43 -105816.71 75.55 32.21
521.00 11.00 -95466.43 -103448.49 75.55 32.21
522.00 11.00 -95466.43 -106801.69 75.55 32.21
523.00 11.00 -95466.43 -104102.11 75.55 32.21
524.00 11.00 -95466.43 -110249.03 75.55 32.21
525.00 11.00 -95466.43 -111063.13 75.55 32.21
526.00 11.00 -95466.43 -113340.22 75.55 32.21
527.00 11.00 -95466.43 -105066.42 75.55 32.21
528.00 12.00 -95466.43 -95466.43 75.55 32.21
529.00 12.00 -95466.43 -108502.48 75.55 32.21
530.00 12.00 -95466.43 -108299.49 75.55 32.21
531.00 12.00 -95466.43 -107695.14 75.55 32.21
532.00 12.00 -95466.43 -101856.94 75.55 32.21
533.00 12.00 -95466.43 -105739.43 75.55 32.21
534.00 12.00 -95466.43 -108222.88 75.55 32.21
535.00 12.00 -95466.43 -103673.17 75.55 32.21
536.00 13.00 -95466.43 -95466.43 75.55 32.21
537.00 13.00 -95466.43 -103781.17 75.55 32.21
538.00 13.00 -95466.43 -113486.43 75.55 32.21
539.00 13.00 -95466.43 -97889.78 75.55 32.21
540.00 13.00 -95466.43 -99768.76 75.55 32.21
541.00 13.00 -95466.43 -107193.01 75.55 32.21
542.00 13.00 -95466.43 -102847.88 75.55 32.21
543.00 13.00 -95466.43 -104045.72 75.55 32.21
544.00 13.00 -95466.43 -107255.90 75.55 32.21
545.00 13.00 -95466.43 -108935.59 75.55 32.21
546.00 13.00 -95466.43 -101742.22 75.55 32.21
547.00 13.00 -95466.43 -102750.54 75.55 32.21
548.00 13.00 -95466.43 -106418.59 75.55 32.21
549.00 13.00 -95466.43 -104532.41 75.55 32.21
550.00 13.00 -95466.43 -110953.43 75.55 32.21
551.00 13.00 -95466.43 -105581.39 75.55 32.21
552.00 13.00 -95466.43 -107041.46 75.55 32.21
553.00 13.00 -95466.43 -95980.23 75.55 32.21
554.00 13.00 -95466.43 -105107.54 75.55 32.21
555.00 13.00 -95466.43 -107566.41 75.55 32.21
556.00 13.00 -95466.43 -107303.79 75.55 32.21
557.00 13.00 -95466.43 -107889.66 75.55 32.21
558.00 13.00 -95466.43 -110958.43 75.55 32.21
559.00 13.00 -95466.43 -108866.01 75.55 32.21
560.00 13.00 -95466.43 -103040.14 75.55 32.21
561.00 13.00 -95466.43 -106025.99 75.55 32.21
562.00 13.00 -95466.43 -104402.72 75.55 32.21
563.00 13.00 -95466.43 -108010.79 75.55 32.21
564.00 13.00 -95466.43 -106925.72 75.55 32.21
565.00 13.00 -95466.43 -105202.20 75.55 32.21
566.00 13.00 -95466.43 -103964.20 75.55 32.21
567.00 13.00 -95466.43 -106314.26 75.55 32.21
568.00 13.00 -95466.43 -106616.44 75.55 32.21
569.00 13.00 -95466.43 -108607.76 75.55 32.21
570.00 13.00 -95466.43 -101690.48 75.55 32.21
571.00 13.00 -95466.43 -107586.79 75.55 32.21
572.00 13.00 -95466.43 -105337.73 75.55 32.21
573.00 13.00 -95466.43 -101002.18 75.55 32.21
574.00 13.00 -95466.43 -102091.08 75.55 32.21
575.00 13.00 -95466.43 -110496.34 75.55 32.21
576.00 13.00 -95466.43 -98591.06 75.55 32.21
577.00 13.00 -95466.43 -113176.93 75.55 32.21
578.00 13.00 -95466.43 -109496.27 75.55 32.21
579.00 13.00 -95466.43 -108181.50 75.55 32.21
580.00 13.00 -95466.43 -108266.11 75.55 32.21
581.00 14.00 -95466.43 -95466.43 75.55 32.21
582.00 14.00 -95466.43 -107535.71 75.55 32.21
583.00 14.00 -95466.43 -107495.01 75.55 32.21
584.00 14.00 -95466.43 -109409.53 75.55 32.21
585.00 14.00 -95466.43 -106592.00 75.55 32.21
586.00 14.00 -95466.43 -104103.85 75.55 32.21
587.00 14.00 -95466.43 -106707.65 75.55 32.21
588.00 14.00 -95466.43 -107120.03 75.55 32.21
589.00 14.00 -95466.43 -106226.92 75.55 32.21
590.00 14.00 -95466.43 -108798.32 75.55 32.21
591.00 14.00 -95466.43 -102826.97 75.55 32.21
592.00 14.00 -95466.43 -108523.43 75.55 32.21
593.00 14.00 -95466.43 -112769.16 75.55 32.21
594.00 14.00 -95466.43 -108375.48 75.55 32.21
595.00 14.00 -95466.43 -103639.79 75.55 32.21
596.00 14.00 -95466.43 -109490.53 75.55 32.21
597.00 14.00 -95466.43 -104582.90 75.55 32.21
598.00 14.00 -95466.43 -107511.69 75.55 32.21
599.00 14.00 -95466.43 -110716.60 75.55 32.21
600.00 15.00 -95466.43 -95466.43 75.55 32.21
601.00 15.00 -95466.43 -104140.07 75.55 32.21
602.00 15.00 -95466.43 -101197.86 75.55 32.21
603.00 15.00 -95466.43 -109353.74 75.55 32.21
604.00 15.00 -95466.43 -106580.61 75.55 32.21
605.00 15.00 -95466.43 -108859.66 75.55 32.21
606.00 15.00 -95466.43 -108719.13 75.55 32.21
607.00 15.00 -95466.43 -108056.18 75.55 32.21
608.00 15.00 -95466.43 -107759.19 75.55 32.21
609.00 15.00 -95466.43 -106553.20 75.55 32.21
610.00 15.00 -95466.43 -99020.38 75.55 32.21
611.00 15.00 -95466.43 -106258.58 75.55 32.21
612.00 15.00 -95466.43 -108813.26 75.55 32.21
613.00 15.00 -95466.43 -106813.11 75.55 32.21
614.00 15.00 -95466.43 -109393.31 75.55 32.21
615.00 15.00 -95466.43 -105423.26 75.55 32.21
616.00 15.00 -95466.43 -110012.93 75.55 32.21
617.00 15.00 -95466.43 -107896.74 75.55 32.21
618.00 15.00 -95466.43 -106157.92 75.55 32.21
619.00 15.00 -95466.43 -108694.30 75.55 32.21
620.00 15.00 -95466.43 -114347.99 75.55 32.21
621.00 15.00 -95466.43 -105354.14 75.55 32.21
622.00 15.00 -95466.43 -104424.82 75.55 32.21
