1.242885045940056443e-04
1.270383654627948999e-04
1.098670763894915581e-04
1.011899803415872157e-04
1.130525779444724321e-04
1.157042424893006682e-04
1.216576274600811303e-04
1.215042357216589153e-04
1.307538332184776664e-04
9.590774425305426121e-05
1.083509778254665434e-04
1.140236417995765805e-04
1.254914677701890469e-04
1.153030971181578934e-04
1.299763534916564822e-04
1.065680044121108949e-04
9.008198685478419065e-05
1.019857154460623860e-04
1.046079196385107934e-04
1.053279047482647002e-04
