-98723.91000 -121049.11000 -179997.25000 -198380.99000 -145305.63000 -132268.91000 -159306.85000 -109080.36000
-98172.86000 -120694.69000 -176924.88000 -194251.17000 -144440.25000 -133715.18000 -146627.25000 -109345.82000
-97949.37000 -111005.00000 -176595.89000 -196552.04000 -141621.45000 -132225.21000 -131933.12000 -107404.10000
-92231.60000 -107507.86000 -171816.45000 -184641.43000 -131423.98000 -124046.41000 -137561.20000 -105736.11000
-90965.88000 -96115.75000 -169774.38000 -182995.72000 -121247.20000 -124942.03000 -129990.00000 -106358.96000
-87910.24000 -90576.28000 -164378.46000 -169563.29000 -105735.94000 -91785.08000 -110793.71000 -104751.21000
-73210.41000 -85821.28000 -148979.14000 -152281.46000 -111113.56000 -99002.69000 -116765.10000 -102900.74000
-74061.95000 -87495.55000 -138486.07000 -144097.94000 -101180.70000 -90326.21000 -109702.21000 -100189.12000
-70029.59000 -84898.11000 -134295.13000 -145309.21000 -105488.64000 -95279.91000 -109477.79000 -98193.28000
-72296.02000 -86484.46000 -133444.88000 -142708.46000 -102460.22000 -91219.55000 -125965.98000 -94789.52000
-70746.44000 -93787.26000 -128516.34000 -153983.26000 -109448.40000 -102015.42000 -126530.26000 -85456.37000
-79795.58000 -91386.93000 -134596.98000 -188302.23000 -129736.54000 -131024.07000 -140514.44000 -75884.22000
-79928.37000 -83310.65000 -150370.98000 -146313.41000 -131493.77000 -99132.03000 -135405.00000 -79926.03000
-82404.33000 -81475.78000 -140584.20000 -179940.80000 -137859.70000 -101534.29000 -110742.53000 -76229.04000
-89792.64000 -114076.99000 -162599.95000 -143206.30000 -118669.99000 -117489.02000 -138095.15000 -76348.64000
-86727.83000 -108701.97000 -174471.90000 -158969.63000 -99484.70000 -109165.81000 -138927.47000 -106764.96000
-94581.30000 -89220.29000 -144804.43000 -137883.45000 -103256.44000 -90153.86000 -121844.66000 -93935.83000
-83699.61000 -93991.18000 -143359.43000 -139430.85000 -109441.86000 -113558.22000 -132391.53000 -87315.40000
-80121.03000 -94620.85000 -144861.80000 -135090.51000 -104637.60000 -103134.48000 -119464.43000 -93425.04000
-86498.98000 -106054.29000 -162668.67000 -165520.28000 -127046.87000 -94075.47000 -144099.97000 -75045.36000
-73552.48000 -104826.35000 -164061.69000 -177199.36000 -104872.59000 -112570.12000 -131857.21000 -98251.70000
-77224.23000 -111975.59000 -145534.03000 -178321.24000 -119036.62000 -90032.54000 -135242.82000 -99977.86000
-68862.53000 -85465.73000 -121501.63000 -173202.85000 -104719.37000 -90883.59000 -139950.57000 -91918.99000
-82907.41000 -98078.93000 -147047.26000 -162324.61000 -142825.77000 -91378.09000 -113204.43000 -75229.84000
-81927.79000 -103991.27000 -156476.02000 -144991.52000 -104121.83000 -92118.65000 -111093.25000 -81208.15000
-70778.57000 -89532.68000 -179491.18000 -173165.32000 -101523.14000 -94249.06000 -123768.74000 -75045.36000
-85107.61000 -90515.29000 -151574.73000 -149140.25000 -116886.65000 -130528.07000 -111338.07000 -98534.08000
-74810.15000 -104287.25000 -123787.79000 -142438.68000 -135496.77000 -127291.75000 -135646.80000 -90144.74000
-76539.80000 -112636.12000 -142334.27000 -184879.82000 -131270.21000 -106453.75000 -131619.19000 -75045.36000
-73346.97000 -94937.42000 -140723.53000 -183301.94000 -116029.87000 -109002.46000 -131926.05000 -85439.60000
-75247.62000 -115367.24000 -154396.52000 -175645.17000 -98891.14000 -97351.53000 -113773.21000 -76078.52000
-67556.35000 -104224.39000 -150170.83000 -167478.50000 -101990.29000 -126328.59000 -131162.52000 -87749.53000
-72258.17000 -81715.40000 -157543.67000 -165239.92000 -132350.63000 -91771.44000 -113983.64000 -92711.53000
-70927.81000 -93513.95000 -129098.13000 -139293.49000 -127838.33000 -114694.68000 -141508.78000 -102765.24000
-80783.79000 -92358.46000 -152264.22000 -149893.02000 -129158.65000 -127693.37000 -109486.35000 -75688.23000
-81888.02000 -99787.94000 -131277.45000 -200416.24000 -115502.71000 -117425.98000 -114342.69000 -88901.87000
-76689.63000 -102076.40000 -121377.66000 -182822.65000 -127833.31000 -109901.16000 -128085.66000 -87061.12000
-84082.24000 -87505.88000 -149760.14000 -153685.17000 -120004.27000 -108354.67000 -135103.62000 -106591.72000
-85487.92000 -91492.91000 -164417.99000 -133908.24000 -133885.27000 -105525.70000 -126096.73000 -94527.61000
-68738.86000 -81285.41000 -167881.82000 -152720.64000 -102407.84000 -111542.43000 -111137.91000 -87746.66000
-70381.54000 -85009.41000 -148915.84000 -179632.47000 -130471.85000 -107340.29000 -120789.06000 -76269.11000
-68133.84000 -90440.02000 -149237.18000 -187114.94000 -123240.66000 -108968.31000 -109477.79000 -91384.92000
-74803.34000 -85883.06000 -123065.18000 -166538.55000 -107412.47000 -118280.36000 -109477.79000 -75638.96000
-87194.67000 -105506.43000 -152062.66000 -186040.61000 -122025.15000 -125089.99000 -112957.49000 -85635.02000
-75087.73000 -84431.36000 -131912.83000 -138124.63000 -103237.25000 -102486.45000 -118909.12000 -75919.82000
-76091.54000 -85479.93000 -130046.08000 -141083.05000 -122823.60000 -106798.42000 -131864.18000 -77347.05000
-84642.19000 -84676.09000 -163069.00000 -158236.49000 -120588.19000 -91269.90000 -132092.93000 -78164.79000
-92193.10000 -99872.29000 -121200.21000 -154655.74000 -134226.50000 -112037.55000 -135120.74000 -74355.08000
-69495.10000 -110649.49000 -134993.40000 -147038.11000 -104042.11000 -99220.50000 -135094.66000 -86802.75000
-73100.31000 -95548.29000 -134679.39000 -150703.47000 -125330.86000 -98781.42000 -113219.76000 -91686.32000
-70996.66000 -89806.96000 -148698.66000 -141512.93000 -133834.32000 -97717.93000 -145969.28000 -92166.34000
-86277.93000 -96468.86000 -141837.11000 -138124.63000 -129393.30000 -99319.05000 -135094.66000 -82908.30000
-68313.79000 -83808.63000 -123430.41000 -162468.12000 -127586.60000 -91311.99000 -140015.90000 -87225.01000
-72323.49000 -98014.90000 -139710.53000 -151175.97000 -112114.39000 -102551.51000 -151045.56000 -96789.47000
-67815.99000 -96496.19000 -136956.16000 -158776.62000 -99091.67000 -112455.80000 -116746.51000 -82194.92000
-69182.30000 -101737.09000 -136665.84000 -135879.55000 -104134.21000 -109485.67000 -114324.72000 -103488.86000
-80293.64000 -91292.46000 -161715.25000 -141618.11000 -127216.38000 -90605.61000 -109477.79000 -74884.93000
-88353.43000 -82378.49000 -165560.95000 -133908.24000 -99485.10000 -104332.37000 -113219.76000 -103214.61000
-75465.59000 -96805.09000 -152212.62000 -169107.58000 -122750.08000 -90597.13000 -109477.79000 -76283.34000
-67840.15000 -87561.33000 -138784.31000 -151791.91000 -100945.79000 -92104.87000 -113178.54000 -87187.38000
-69258.27000 -100887.58000 -137862.95000 -142493.69000 -109078.03000 -128583.80000 -112395.88000 -77783.98000
-67273.49000 -106358.50000 -130104.17000 -181390.92000 -117116.02000 -110210.31000 -109477.79000 -73838.44000
-84456.62000 -82328.02000 -129880.13000 -133908.24000 -113517.38000 -128555.78000 -113840.53000 -80200.77000
-74827.47000 -84252.99000 -138353.81000 -170916.39000 -107032.00000 -129555.11000 -132915.30000 -92165.67000
-83316.54000 -90066.58000 -158479.59000 -142085.36000 -106681.81000 -90081.81000 -118866.76000 -106305.87000
-86624.86000 -110600.38000 -121200.21000 -149399.03000 -101413.29000 -105436.05000 -111185.23000 -106051.59000
-72777.39000 -97376.83000 -153972.90000 -153525.71000 -116123.39000 -125371.97000 -135859.10000 -76706.36000
-70336.03000 -103500.02000 -159678.45000 -149879.18000 -109182.00000 -100657.60000 -135026.57000 -99630.73000
-80376.21000 -82043.66000 -152213.74000 -156072.74000 -110929.64000 -91789.90000 -111318.83000 -101079.68000
-78429.26000 -83310.70000 -141329.89000 -133908.24000 -117062.96000 -94549.65000 -131857.21000 -100525.28000
-85483.41000 -92708.80000 -154059.20000 -143393.61000 -129676.52000 -90402.61000 -119685.36000 -86309.80000
-76105.09000 -81979.29000 -125326.89000 -171201.84000 -99137.11000 -107654.37000 -135961.69000 -94178.96000
-70780.46000 -99203.06000 -143263.43000 -142605.29000 -137035.84000 -114697.47000 -149504.55000 -86593.67000
-83804.65000 -82284.09000 -142236.21000 -162369.81000 -120000.03000 -96646.46000 -118102.31000 -81826.95000
-96244.36000 -92771.26000 -138085.68000 -159506.27000 -109644.00000 -104008.77000 -127997.04000 -89283.56000
-77651.10000 -112391.58000 -126093.18000 -142310.58000 -113265.60000 -90032.54000 -136433.29000 -75196.80000
-81605.86000 -97079.17000 -153989.41000 -165981.46000 -111127.11000 -101780.91000 -124974.29000 -96541.81000
-83348.97000 -82247.24000 -136913.94000 -157941.89000 -99674.12000 -90603.47000 -109477.79000 -87930.74000
-85169.68000 -81380.39000 -147216.63000 -186708.47000 -102990.28000 -116014.22000 -110257.38000 -74055.85000
-76094.05000 -83890.36000 -125025.54000 -134611.63000 -128860.54000 -112411.45000 -140366.52000 -81365.05000
-72475.56000 -81392.12000 -162108.86000 -134197.98000 -117151.01000 -94486.71000 -137983.57000 -83593.54000
-75675.25000 -106294.07000 -137896.89000 -150094.41000 -123484.21000 -112888.01000 -128163.64000 -104375.50000
-85641.13000 -95507.92000 -156757.44000 -141094.80000 -99913.77000 -120620.10000 -127019.67000 -98422.42000
-81454.92000 -97824.93000 -137979.32000 -171284.80000 -121774.09000 -109600.36000 -113889.21000 -98016.43000
-76221.98000 -95975.13000 -149160.18000 -138706.06000 -129122.00000 -95577.39000 -122962.25000 -95707.12000
-83990.28000 -85040.99000 -150380.38000 -156788.80000 -101288.06000 -110014.39000 -110407.23000 -77561.77000
-73327.73000 -99066.08000 -156100.77000 -161274.74000 -128956.98000 -90288.04000 -128571.80000 -87168.31000
-86824.96000 -92939.00000 -150757.67000 -134957.28000 -127549.05000 -99312.82000 -127134.64000 -99531.09000
-79792.73000 -84438.21000 -143845.95000 -146850.99000 -100820.93000 -115286.02000 -118979.32000 -81500.45000
-76220.55000 -100447.63000 -137172.04000 -166453.59000 -99524.13000 -91972.77000 -111436.42000 -76964.65000
-70991.05000 -101397.88000 -150720.66000 -179264.38000 -127722.78000 -100690.58000 -130367.74000 -83282.99000
-77814.33000 -91734.83000 -137154.62000 -137282.94000 -120453.78000 -96668.84000 -132334.02000 -91148.04000
-85029.35000 -99750.66000 -139476.52000 -147811.01000 -112129.24000 -112027.69000 -113213.62000 -83052.23000
-68342.79000 -98120.41000 -123500.23000 -157042.46000 -99489.07000 -113376.40000 -137129.54000 -94054.70000
-75178.75000 -102307.01000 -125739.54000 -170659.55000 -99983.05000 -98713.11000 -131825.18000 -89428.55000
-67042.97000 -86467.34000 -143945.31000 -151016.55000 -112368.19000 -93848.26000 -110790.43000 -76493.57000
-83233.91000 -104076.86000 -137505.95000 -134563.16000 -99642.62000 -109638.61000 -127140.76000 -82703.48000
-79568.91000 -88793.09000 -153038.20000 -162290.22000 -130361.73000 -93272.41000 -126642.03000 -93956.29000
-82341.57000 -92104.66000 -121200.21000 -169790.55000 -117158.43000 -99633.96000 -136649.51000 -94061.80000
-80179.33000 -104063.10000 -125656.55000 -150149.58000 -101116.02000 -118963.73000 -130781.52000 -92859.30000
-77194.38000 -109105.21000 -136725.96000 -150953.20000 -125319.90000 -90304.87000 -142016.05000 -78184.68000
-80235.60000 -96056.49000 -134216.93000 -159898.78000 -122618.71000 -104407.51000 -157710.00000 -74062.58000
-83350.35000 -87445.35000 -129075.13000 -140887.10000 -121574.57000 -117602.46000 -121100.75000 -81958.68000
-75352.46000 -81445.46000 -123275.89000 -138284.70000 -115112.88000 -97657.09000 -130414.83000 -81025.15000
-77600.81000 -85203.93000 -153296.02000 -163245.76000 -126848.29000 -95526.26000 -127312.14000 -89693.70000
-70829.10000 -98760.39000 -145544.54000 -175245.92000 -99309.65000 -112507.72000 -119609.52000 -82074.82000
-74024.93000 -92927.40000 -157742.23000 -170767.71000 -130916.92000 -119543.67000 -127082.85000 -80835.74000
-83909.08000 -104472.03000 -133644.26000 -139126.58000 -113825.21000 -117043.95000 -113740.10000 -95966.58000
-85300.81000 -85998.66000 -122347.21000 -141194.13000 -121374.45000 -114580.36000 -113330.21000 -83398.44000
-75390.92000 -83446.63000 -132916.31000 -149322.12000 -120740.80000 -112488.17000 -135534.06000 -99181.69000
-80750.40000 -81546.83000 -126099.04000 -147897.70000 -105434.02000 -93322.56000 -114985.18000 -76651.61000
-66940.29000 -90259.57000 -137779.02000 -161336.17000 -119205.56000 -104248.45000 -140042.80000 -101036.54000
-86643.14000 -95082.04000 -128967.68000 -140423.88000 -124803.44000 -91611.28000 -114504.89000 -92275.22000
-84601.74000 -90353.87000 -149412.46000 -133908.24000 -109278.66000 -99645.08000 -137811.40000 -98528.11000
-76117.23000 -89364.27000 -140211.94000 -161842.83000 -115225.45000 -112521.97000 -138484.86000 -94167.66000
-72380.89000 -93255.77000 -153648.26000 -166647.39000 -110007.81000 -109467.62000 -115223.14000 -87892.78000
-74657.52000 -89894.78000 -148628.75000 -161382.17000 -117352.47000 -114678.51000 -134341.46000 -88951.15000
-68688.06000 -100002.85000 -126544.44000 -143881.97000 -103127.16000 -120326.62000 -128209.76000 -90646.18000
-75339.15000 -88323.91000 -148933.94000 -138453.24000 -110275.10000 -94874.30000 -135895.16000 -74608.22000
-85229.98000 -99992.49000 -145205.24000 -167371.00000 -103119.29000 -102023.19000 -109559.84000 -75070.93000
-83740.44000 -81710.36000 -125699.21000 -156204.50000 -112858.16000 -92556.27000 -143749.54000 -80031.51000
-83011.19000 -102648.71000 -130723.58000 -165397.08000 -132828.68000 -90833.62000 -121489.19000 -99544.86000
-83589.42000 -106183.38000 -158297.05000 -150841.40000 -122361.32000 -106674.06000 -118647.26000 -89549.03000
-87039.90000 -88384.51000 -127872.57000 -184492.01000 -119898.22000 -90212.46000 -135472.40000 -74924.01000
-83279.33000 -97746.82000 -144039.52000 -157612.54000 -112781.57000 -90705.82000 -149953.24000 -77976.29000
-69242.66000 -103333.74000 -154732.45000 -146156.75000 -124652.36000 -90360.99000 -140264.94000 -94248.96000
-67084.20000 -102112.20000 -148719.42000 -173565.47000 -118783.66000 -104968.20000 -128986.86000 -87680.35000
-75402.80000 -99811.93000 -156019.90000 -162440.84000 -104348.41000 -103094.51000 -134741.07000 -94202.18000
-69519.96000 -105852.20000 -132156.27000 -172726.82000 -111265.40000 -125450.75000 -134554.80000 -78327.97000
-77246.08000 -101297.80000 -136765.41000 -158988.06000 -100627.04000 -102814.37000 -127218.54000 -92147.90000
-85596.13000 -94252.30000 -125279.98000 -160381.67000 -103228.86000 -111191.64000 -111719.31000 -94159.91000
-76523.44000 -83851.57000 -128400.72000 -150762.25000 -122998.32000 -112342.35000 -140358.37000 -88815.82000
-77705.17000 -101877.08000 -154948.87000 -174040.16000 -115814.62000 -109005.22000 -150253.11000 -76027.48000
-76756.83000 -90396.95000 -138403.32000 -142560.11000 -110122.98000 -106283.60000 -137525.20000 -93561.87000
-80080.99000 -97442.56000 -143099.36000 -156789.72000 -125432.16000 -110354.45000 -126494.28000 -76356.05000
-79445.67000 -84700.71000 -121130.46000 -174214.81000 -127132.03000 -127814.28000 -141412.51000 -89739.00000
-82205.88000 -86692.57000 -121113.09000 -179832.93000 -124538.12000 -105568.00000 -135274.77000 -74634.95000
-67073.07000 -98097.95000 -147392.17000 -150342.48000 -124331.93000 -93115.15000 -113993.06000 -74298.43000
-91001.90000 -97552.38000 -146763.60000 -144941.44000 -127603.21000 -91729.45000 -134729.27000 -92131.33000
-85191.05000 -84339.82000 -158505.73000 -165788.56000 -107820.70000 -107416.27000 -137863.36000 -86653.74000
-79008.64000 -85750.70000 -135068.34000 -175813.87000 -105853.64000 -96836.41000 -117630.56000 -77783.37000
-77257.46000 -93324.89000 -122899.35000 -180773.58000 -102536.64000 -90514.73000 -120361.40000 -83382.87000
-83668.70000 -81763.01000 -151538.98000 -135823.26000 -126453.62000 -90255.24000 -142466.45000 -101325.49000
-74438.86000 -101023.33000 -147032.41000 -179916.52000 -103929.47000 -108155.18000 -128278.20000 -94910.84000
-79813.92000 -83936.11000 -142664.86000 -156066.98000 -104425.91000 -105529.13000 -125417.88000 -83901.06000
-70099.76000 -92181.89000 -151819.17000 -145708.76000 -120002.10000 -99674.39000 -129643.12000 -94408.38000
-68744.77000 -97454.79000 -150395.27000 -138528.73000 -131852.70000 -94311.29000 -123992.41000 -101199.19000
-79107.06000 -105444.06000 -140026.31000 -170990.23000 -102410.29000 -93316.22000 -139319.95000 -86572.03000
-82417.06000 -98041.56000 -154603.03000 -156801.46000 -100500.10000 -115052.13000 -122622.21000 -84805.34000
-71112.63000 -84733.58000 -157815.02000 -168891.67000 -125643.34000 -109955.30000 -139557.94000 -82589.78000
-83852.30000 -98593.19000 -138435.61000 -165277.75000 -99668.54000 -91171.04000 -114474.64000 -83962.35000
-86970.28000 -83886.82000 -141149.77000 -146548.41000 -130722.45000 -103076.60000 -131736.33000 -95135.24000
-67990.45000 -102478.77000 -159887.55000 -148072.77000 -113730.31000 -91099.54000 -136236.06000 -76939.11000
-88766.73000 -90671.83000 -144144.42000 -160398.30000 -124839.87000 -109707.97000 -131645.71000 -78387.46000
-77362.36000 -95082.09000 -154442.90000 -158434.48000 -121641.95000 -91253.65000 -125655.62000 -101385.94000
-75647.80000 -87029.99000 -124964.90000 -145896.39000 -119549.49000 -102613.65000 -120116.05000 -93919.91000
-78551.46000 -85506.75000 -148701.84000 -140741.42000 -117149.47000 -92012.23000 -113986.85000 -87222.44000
-82407.56000 -84414.24000 -154676.68000 -168336.89000 -99983.38000 -107921.32000 -134573.34000 -73837.87000
-79132.01000 -91032.03000 -149161.06000 -152010.73000 -125015.49000 -92032.02000 -120557.71000 -92800.71000
-75173.62000 -105872.91000 -146763.60000 -155490.43000 -119519.88000 -93518.69000 -133036.02000 -80903.10000
-75273.01000 -96302.16000 -139921.47000 -142043.74000 -113569.11000 -112145.34000 -128901.15000 -74454.11000
-69051.76000 -95267.89000 -161941.25000 -145712.05000 -133425.59000 -94758.02000 -110818.17000 -82372.19000
-78958.05000 -97092.15000 -122368.92000 -137576.85000 -101389.81000 -109407.77000 -134168.25000 -91733.25000
-67349.93000 -98960.52000 -144981.63000 -148101.24000 -102533.50000 -90377.00000 -128529.66000 -91993.44000
-80570.28000 -101487.74000 -138289.27000 -141033.13000 -122496.81000 -107458.51000 -112965.16000 -94090.62000
-83919.66000 -84525.97000 -154108.11000 -134604.59000 -135857.45000 -110405.88000 -140845.38000 -92390.16000
