-67037.84 nan -67037.84
-66099.26 nan -66099.26
-65921.71 nan -65921.71
-63058.94 nan -63058.94
-66287.81 nan -66287.81
-62787.40 nan -62787.40
-65356.08 nan -65356.08
-65040.14 nan -65040.14
-63754.06 nan -63754.06
-61841.05 nan -61841.05
-62961.60 nan -62961.60
-66254.85 nan -66254.85
-62072.97 nan -62072.97
-61955.03 nan -61955.03
-67503.00 nan -67503.00
-63959.47 -64360.63 -63843.67
-64046.33 -64631.85 -64433.90
-66325.02 nan -66325.02
-64362.84 nan -64362.84
-64787.68 nan -64787.68
-63978.65 -65045.64 -65158.51
-65916.10 nan -65916.10
-64988.58 nan -64988.58
-64752.35 -65104.09 -65354.39
-63174.23 nan -63174.23
-65524.03 -64315.13 -64505.73
-63515.90 nan -63515.90
-63101.36 -63893.35 -63731.96
-62773.98 -64070.97 -63917.87
-65844.73 nan -65844.73
-62601.33 -64287.72 -64498.18
-64606.44 -64441.08 -64753.59
-61999.80 -64631.42 -65032.17
-64697.59 nan -64697.59
-63779.89 nan -63779.89
-63067.84 nan -63067.84
-64553.25 -64013.52 -63848.44
-64012.73 -63742.29 -63565.39
-62709.21 nan -62709.21
-66744.60 nan -66744.60
-66388.65 nan -66388.65
-63332.40 nan -63332.40
-61682.41 nan -61682.41
-68819.95 nan -68819.95
-65844.21 nan -65844.21
-66311.28 -64611.53 -65448.86
-61682.41 nan -61682.41
-63963.65 -63985.52 -64325.16
-61682.41 -63447.19 -63818.81
-65330.46 -61334.35 -63275.46
-62626.27 -62110.12 -63806.48
-66455.77 -61723.72 -63633.58
-63093.27 nan -63093.27
-61858.45 -61468.83 -63511.11
-65460.73 nan -65460.73
-67161.52 -61739.54 -64021.70
-67125.08 nan -67125.08
-61641.30 nan -61641.30
-66152.44 -62246.95 -64262.69
-66664.37 nan -66664.37
-64167.49 -61861.56 -64189.46
-66263.43 -63132.31 -65038.84
-65330.46 nan -65330.46
-65742.98 nan -65742.98
-65871.73 -62695.84 -65370.76
-61958.72 -63905.07 -65481.40
-66130.94 nan -66130.94
-65332.01 nan -65332.01
-63295.83 -63929.02 -65648.12
-68620.47 nan -68620.47
-65883.19 -63482.54 -66533.53
-68435.74 -63251.95 -66934.04
-67804.15 nan -67804.15
-64007.04 nan -64007.04
-66666.65 nan -66666.65
-65202.55 -64452.25 -66159.28
-64975.38 nan -64975.38
-62836.70 -63639.14 -65933.77
-64255.10 nan -64255.10
-65330.46 nan -65330.46
-67075.49 -63350.22 -65173.11
-67117.61 -63086.56 -64919.55
-63952.55 -63425.27 -65141.04
-65169.24 nan -65169.24
-65406.75 nan -65406.75
-64436.58 nan -64436.58
-67024.84 nan -67024.84
-60551.14 -63525.37 -65622.72
-63491.71 -62731.06 -65694.72
-67057.65 -63268.91 -66114.09
-62523.84 nan -62523.84
-66039.24 -62590.45 -64777.55
-66514.91 nan -66514.91
-64858.26 -62338.62 -64605.44
-64168.59 nan -64168.59
-65616.70 -62949.16 -65096.31
-63232.76 -62527.56 -64623.45
-63789.96 -63202.02 -64629.45
-65434.57 nan -65434.57
-65937.34 nan -65937.34
-63823.57 nan -63823.57
-66988.23 -62278.05 -65065.16
-65113.80 -62113.45 -64942.02
-66471.88 nan -66471.88
-66603.56 nan -66603.56
-64039.27 nan -64039.27
-64982.16 -62316.87 -65704.90
-65330.46 nan -65330.46
-67060.57 nan -67060.57
-68852.25 -65197.96 -66031.98
-63966.89 nan -63966.89
-58101.04 nan -58101.04
-66894.06 nan -66894.06
-63791.30 -63604.25 -62987.33
-66143.91 -63552.93 -62660.81
-68207.81 nan -68207.81
-61582.99 nan -61582.99
-69114.66 nan -69114.66
-66862.37 -64992.62 -66301.82
-62510.62 -64238.10 -65666.49
-63373.64 -65239.40 -67027.66
-66890.33 nan -66890.33
-62389.84 -64751.53 -66528.16
