-80352.04 nan -80352.04
-78945.42 nan -78945.42
-76471.93 nan -76471.93
-75965.37 nan -75965.37
-79257.17 nan -79257.17
-80037.71 nan -80037.71
-81446.56 nan -81446.56
-74046.34 nan -74046.34
-80715.55 nan -80715.55
-75433.62 nan -75433.62
-74048.15 nan -74048.15
-76296.39 nan -76296.39
-80922.07 nan -80922.07
-81539.28 -78157.33 -77088.87
-83329.07 -78613.72 -78102.44
-82210.38 nan -82210.38
-77390.44 nan -77390.44
-80468.20 nan -80468.20
-79702.12 nan -79702.12
-74860.27 -79144.04 -79186.92
-76454.16 nan -76454.16
-80066.96 -78751.50 -78447.73
-79809.36 nan -79809.36
-80408.65 nan -80408.65
-81921.11 -79364.17 -79555.25
-77533.13 nan -77533.13
-73328.82 nan -73328.82
-77813.62 -77586.22 -76805.73
-78362.00 nan -78362.00
-74199.06 nan -74199.06
-76659.91 nan -76659.91
-78816.30 -77372.94 -76406.99
-78713.08 nan -78713.08
-80003.03 -77794.07 -77259.99
-81084.53 nan -81084.53
-79061.50 -78642.87 -79019.20
-81450.73 -78747.11 -79121.24
-76149.22 -78858.36 -79741.66
-76351.32 -78687.70 -79294.03
-78853.36 -78623.56 -79385.64
-82926.35 nan -82926.35
-80440.42 -79394.72 -80535.34
-80240.77 -79826.13 -80949.11
-73286.35 nan -73286.35
-82517.25 -77878.78 -78256.94
-80937.68 nan -80937.68
-83323.71 -77429.72 -77493.66
-73286.35 -78065.88 -78896.09
-78964.64 -78408.81 -79109.14
-81203.94 nan -81203.94
-73286.35 nan -73286.35
-75290.15 nan -75290.15
-73897.77 -75726.58 -76593.48
-80206.99 -75169.67 -75056.66
-80335.80 -73611.47 -75646.76
-79643.19 nan -79643.19
-80256.01 -74777.23 -76782.20
-73286.35 nan -73286.35
-73286.35 nan -73286.35
-83826.86 -74113.01 -74451.64
-79482.00 nan -79482.00
-81750.78 nan -81750.78
-80948.86 nan -80948.86
-77350.69 nan -77350.69
-81924.51 nan -81924.51
-81117.51 -77070.71 -80074.69
-74694.57 nan -74694.57
-81920.50 nan -81920.50
-81000.68 nan -81000.68
-73286.35 nan -73286.35
-80823.25 -76841.35 -78735.84
-73286.35 nan -73286.35
-80826.31 nan -80826.31
-80745.04 nan -80745.04
-80091.65 nan -80091.65
-81520.78 -78740.64 -80554.33
-82817.87 nan -82817.87
-81464.73 -78174.15 -81154.61
-78261.93 nan -78261.93
-73286.35 nan -73286.35
-79276.19 nan -79276.19
-73286.35 nan -73286.35
-73286.35 -75237.84 -75282.97
-73286.35 nan -73286.35
-73286.35 nan -73286.35
-80949.58 -74068.81 -73951.89
-73286.35 -73440.66 -73508.20
-82926.39 nan -82926.39
-82021.24 -75367.22 -76795.49
-79721.23 -75620.01 -77743.36
-83412.57 -76381.71 -79155.08
-81630.12 nan -81630.12
-77202.46 -77084.55 -79509.52
-82747.84 nan -82747.84
-73286.35 -77025.75 -81295.83
-73286.35 -77076.60 -81184.39
-81297.77 -78329.88 -81742.69
-81242.07 nan -81242.07
-77533.92 nan -77533.92
-81371.48 nan -81371.48
-84687.66 nan -84687.66
-80662.27 nan -80662.27
-80725.65 nan -80725.65
-79931.24 nan -79931.24
-79879.80 -76276.11 -80439.72
-73286.35 nan -73286.35
-80973.95 nan -80973.95
-82661.57 nan -82661.57
-76694.52 nan -76694.52
-81698.51 nan -81698.51
-77572.06 -78574.95 -80351.54
-73942.49 -78134.17 -79581.52
-82220.46 nan -82220.46
-73286.35 nan -73286.35
-82025.84 -77564.61 -78362.78
-79480.34 nan -79480.34
-80811.62 -76982.33 -77043.16
-81150.45 -77247.39 -78295.43
-73286.35 nan -73286.35
-83842.63 -76314.23 -76208.31
-80320.39 nan -80320.39
-80716.97 -76274.56 -76605.02
-77327.06 -76766.00 -77711.24
