-118239.49 nan -118239.49
-120212.13 nan -120212.13
-115510.60 nan -115510.60
-119828.10 nan -119828.10
-118655.96 nan -118655.96
-120265.85 nan -120265.85
-116666.63 nan -116666.63
-119458.84 nan -119458.84
-114748.69 nan -114748.69
-118399.52 nan -118399.52
-122855.95 nan -122855.95
-119195.17 nan -119195.17
-117482.78 nan -117482.78
-119376.36 -118644.19 -119844.63
-115861.63 nan -115861.63
-116126.20 -117574.18 -117729.68
-111212.83 nan -111212.83
-121619.07 nan -121619.07
-117873.28 nan -117873.28
-115716.83 -117177.13 -116901.73
-121604.02 -117954.49 -118798.02
-115554.33 -117634.31 -117857.68
-119722.38 -117631.47 -117852.48
-120200.29 nan -120200.29
-116494.42 nan -116494.42
-120793.06 nan -120793.06
-113609.45 -117615.35 -119162.59
-115701.72 -117525.25 -118816.69
-123370.32 -117807.73 -119590.78
-116137.03 nan -116137.03
-114642.75 -117115.22 -118181.50
-120458.63 nan -120458.63
-121742.27 nan -121742.27
-120608.81 -118089.91 -120127.47
-118788.16 nan -118788.16
-113010.22 nan -113010.22
-115458.78 -116782.98 -117308.62
-119136.03 -115911.45 -116369.00
-115294.25 -115596.70 -115562.61
-120596.04 nan -120596.04
-111814.30 -116493.27 -117509.22
-119810.33 nan -119810.33
-114379.94 -117792.08 -119305.20
-119472.63 nan -119472.63
-109102.92 nan -109102.92
-117298.17 nan -117298.17
-116381.29 -115588.20 -115291.24
-116792.40 -115309.47 -113897.44
-120859.50 nan -120859.50
-116519.27 -113225.75 -116682.73
-122955.63 nan -122955.63
-121738.58 nan -121738.58
-122379.09 -115006.31 -120458.98
-113311.60 nan -113311.60
-119820.23 nan -119820.23
-115186.26 nan -115186.26
-119749.09 nan -119749.09
-109102.92 -113366.68 -118251.86
-119622.79 nan -119622.79
-112051.80 nan -112051.80
-119882.52 nan -119882.52
-119300.28 -114638.99 -117185.70
-121967.14 nan -121967.14
-106304.59 nan -106304.59
-116250.71 nan -116250.71
-116469.68 nan -116469.68
-117527.33 nan -117527.33
-119513.22 nan -119513.22
-119225.07 nan -119225.07
-119910.41 -115247.49 -118755.20
-107557.83 nan -107557.83
-121247.43 nan -121247.43
-118693.55 nan -118693.55
-115966.63 nan -115966.63
-125303.62 -117090.89 -118635.87
-118693.87 nan -118693.87
-113764.11 -115700.21 -117765.45
-117704.38 -116147.59 -118365.06
-106304.59 -116199.88 -118274.79
-122795.20 nan -122795.20
-119207.22 nan -119207.22
-117240.01 nan -117240.01
-120622.00 nan -120622.00
-119378.07 nan -119378.07
-122024.45 nan -122024.45
-121092.55 nan -121092.55
-122531.02 -116415.87 -120831.69
-121924.10 -117261.92 -121316.23
-118347.10 -116385.61 -121080.16
-120080.45 nan -120080.45
-114756.49 nan -114756.49
-113527.58 nan -113527.58
-114114.18 -114445.77 -116121.51
-120913.59 nan -120913.59
-121522.32 -114581.09 -116854.22
-121486.32 -115228.59 -117963.11
-123152.69 nan -123152.69
-117085.29 nan -117085.29
-118864.34 -114738.17 -119400.36
-114274.91 nan -114274.91
-114094.71 -113200.89 -116920.19
-110397.86 nan -110397.86
-117558.19 -113163.34 -113864.32
-123263.74 nan -123263.74
-129174.19 -113071.31 -115841.97
-119441.08 -115169.84 -117656.68
-126016.14 -115759.60 -118920.79
-109952.58 nan -109952.58
-108615.24 nan -108615.24
-115688.72 nan -115688.72
-121945.49 nan -121945.49
-115791.53 nan -115791.53
-122936.72 nan -122936.72
-121937.42 -117990.95 -120224.58
-119269.85 nan -119269.85
-120199.83 nan -120199.83
-121589.44 nan -121589.44
-109060.28 -117256.88 -120353.04
-111495.36 nan -111495.36
-116025.60 -116249.52 -117812.61
-119244.86 nan -119244.86
-106103.66 nan -106103.66
-114156.37 -114580.20 -114387.05
