-104230.11 nan -104230.11
-107558.09 nan -107558.09
-104769.62 nan -104769.62
-104768.82 nan -104768.82
-105520.81 nan -105520.81
-107736.89 nan -107736.89
-103660.50 nan -103660.50
-109679.75 nan -109679.75
-104022.43 nan -104022.43
-108185.65 nan -108185.65
-100805.56 nan -100805.56
-104026.47 nan -104026.47
-98612.67 nan -98612.67
-100683.44 -103847.37 -101148.24
-110778.80 nan -110778.80
-103365.90 -104988.83 -103513.24
-102574.96 -105821.20 -105146.76
-98078.90 -106458.42 -106479.60
-105150.79 nan -105150.79
-98684.32 -106036.11 -105592.38
-103836.74 nan -103836.74
-106782.72 -105546.22 -104859.97
-107272.10 -105691.34 -104763.03
-109239.83 nan -109239.83
-108242.38 -106453.94 -106287.61
-108767.97 nan -108767.97
-110161.87 -106648.75 -108098.47
-110522.11 -106517.04 -107718.01
-103393.24 -106783.92 -108194.82
-107387.43 -106764.02 -108003.77
-108631.03 -106475.41 -107972.20
-108103.00 -106718.86 -108056.93
-109667.94 -106607.08 -108010.96
-110962.90 nan -110962.90
-108901.28 nan -108901.28
-109000.84 nan -109000.84
-102833.51 -107505.79 -109621.67
-107510.16 nan -107510.16
-111413.53 nan -111413.53
-110555.18 -107132.92 -109515.12
-108916.95 nan -108916.95
-110355.78 nan -110355.78
-105312.58 nan -105312.58
-98378.32 nan -98378.32
-100104.87 -104874.75 -104682.23
-107145.84 -103551.62 -102791.04
-111390.03 nan -111390.03
-110243.49 -105727.48 -106287.77
-109190.56 -105486.28 -106822.95
-104896.45 nan -104896.45
-106882.29 nan -106882.29
-106794.72 -104506.09 -106200.56
-109931.24 nan -109931.24
-101533.60 nan -101533.60
-104175.42 nan -104175.42
-102630.32 nan -102630.32
-106813.36 nan -106813.36
-104000.75 nan -104000.75
-106759.27 -102504.80 -104481.48
-104991.46 -101847.27 -105098.53
-100702.72 -102308.98 -104526.92
-106278.51 nan -106278.51
-109806.03 nan -109806.03
-108674.14 nan -108674.14
-108384.87 -104316.70 -108252.89
-106184.88 -104980.75 -108911.02
-115996.65 nan -115996.65
-105693.22 -106171.23 -111053.52
-108625.56 nan -108625.56
-108956.92 -106898.23 -111891.91
-109437.43 -106100.69 -110523.66
-108340.55 nan -108340.55
-100068.81 nan -100068.81
-108604.52 -104472.61 -106311.01
-107471.64 -104026.95 -104906.79
-102129.93 nan -102129.93
-110461.10 -103290.50 -104449.24
-99557.09 nan -99557.09
-100891.42 -102702.23 -102045.42
-106198.49 -102136.98 -102017.25
-106685.21 nan -106685.21
-107368.28 nan -107368.28
-103325.29 nan -103325.29
-105711.74 nan -105711.74
-106952.01 nan -106952.01
-109556.13 -103753.98 -105329.68
-108924.65 nan -108924.65
-108189.06 -104967.73 -107068.78
-103632.96 -104286.78 -107107.70
-108241.73 nan -108241.73
-108472.69 -104945.95 -107472.74
-107415.24 nan -107415.24
-110675.52 nan -110675.52
-106851.60 nan -106851.60
-112836.82 nan -112836.82
-119505.08 nan -119505.08
-108834.91 -107182.62 -113064.50
-109116.32 nan -109116.32
-110779.32 nan -110779.32
-107800.87 nan -107800.87
-110407.26 nan -110407.26
-110306.14 nan -110306.14
-104841.94 nan -104841.94
-103105.71 nan -103105.71
-108369.25 -104038.17 -106084.60
-113031.38 -103441.11 -104677.42
-102214.87 nan -102214.87
-99579.09 -102019.17 -104325.63
-109815.17 -102022.36 -103739.31
-111763.24 -103515.05 -103426.60
-103557.87 nan -103557.87
-103213.52 -104406.76 -103574.59
-99041.06 -104002.13 -103519.69
-103422.43 -104181.95 -103550.72
-101019.26 -104216.67 -103548.33
-102859.45 nan -102859.45
-106627.63 nan -106627.63
-108712.51 -104753.55 -104345.14
-108866.59 nan -108866.59
-107077.45 nan -107077.45
-113836.41 nan -113836.41
-108968.02 nan -108968.02
-103325.13 nan -103325.13
