-60006.27 nan -60006.27
-58249.05 nan -58249.05
-60309.29 nan -60309.29
-56687.68 nan -56687.68
-59598.55 nan -59598.55
-59112.78 nan -59112.78
-58174.57 nan -58174.57
-60168.26 nan -60168.26
-58045.83 nan -58045.83
-61351.59 nan -61351.59
-55698.98 nan -55698.98
-57965.12 nan -57965.12
-56172.34 nan -56172.34
-54692.42 nan -54692.42
-61541.47 nan -61541.47
-56390.25 nan -56390.25
-58973.54 nan -58973.54
-60446.50 -58946.91 -58968.42
-60957.24 nan -60957.24
-58957.45 nan -58957.45
-59750.14 nan -59750.14
-57235.06 nan -57235.06
-59495.84 -58757.68 -58647.55
-57325.00 -58755.35 -58544.25
-61625.01 nan -61625.01
-60281.91 nan -60281.91
-59040.90 -59193.31 -60150.39
-59270.22 -59513.86 -60685.77
-58427.62 nan -58427.62
-61052.52 nan -61052.52
-60241.26 nan -60241.26
-58971.94 -59200.69 -59907.14
-58919.27 nan -58919.27
-60787.52 -58979.28 -59689.22
-59577.30 -58907.68 -59505.21
-61933.51 nan -61933.51
-59598.16 -59379.45 -60375.98
-57904.55 nan -57904.55
-51250.51 nan -51250.51
-56816.83 nan -56816.83
-57958.41 nan -57958.41
-56036.80 nan -56036.80
-59409.69 nan -59409.69
-58339.07 nan -58339.07
-59295.24 -58043.96 -57928.52
-61604.89 -58648.52 -58559.09
-60607.46 nan -60607.46
-59927.43 nan -59927.43
-58235.93 -58964.04 -59697.99
-59125.77 -57825.21 -60077.63
-54390.31 nan -54390.31
-58595.09 nan -58595.09
-59628.22 nan -59628.22
-59851.33 nan -59851.33
-57129.89 nan -57129.89
-54974.73 nan -54974.73
-63075.94 nan -63075.94
-59334.60 -56638.09 -58393.52
-54952.54 nan -54952.54
-57380.91 nan -57380.91
-57565.56 nan -57565.56
-61217.83 nan -61217.83
-57679.29 nan -57679.29
-58903.96 nan -58903.96
-59463.21 -57761.13 -59267.03
-56280.35 -57570.18 -58616.76
-59793.49 nan -59793.49
-59105.14 nan -59105.14
-58666.97 nan -58666.97
-59354.28 nan -59354.28
-54542.19 nan -54542.19
-60229.32 nan -60229.32
-59479.20 -57842.06 -58041.93
-60183.75 nan -60183.75
-59777.02 -58484.74 -59485.00
-60097.74 nan -60097.74
-62271.61 nan -62271.61
-58049.99 nan -58049.99
-58412.93 -58952.54 -60139.78
-61119.23 nan -61119.23
-57670.58 -58481.30 -59769.67
-58935.67 nan -58935.67
-62199.95 -58956.86 -59941.52
-60786.10 -58173.86 -59548.95
-60935.47 nan -60935.47
-60502.57 nan -60502.57
-57141.37 nan -57141.37
-58517.42 nan -58517.42
-62523.11 nan -62523.11
-55430.28 -57727.37 -59393.97
-61242.60 nan -61242.60
-56953.05 -57943.20 -61053.22
-58795.63 nan -58795.63
-60662.41 -58410.42 -60363.82
-59792.25 nan -59792.25
-54898.44 nan -54898.44
-59385.69 nan -59385.69
-61074.05 -56961.19 -58025.46
-58123.20 nan -58123.20
-56159.22 nan -56159.22
-56733.68 -56559.55 -57435.96
-59429.00 nan -59429.00
-58504.00 -56177.59 -57674.73
-58986.50 -56702.05 -58179.90
-58289.12 nan -58289.12
-59598.59 nan -59598.59
-58200.14 nan -58200.14
-59032.67 nan -59032.67
-57384.12 nan -57384.12
-58679.03 -58151.43 -58205.64
-59397.36 -58169.67 -58207.48
-60466.06 -57838.31 -57932.41
-61081.94 nan -61081.94
-60916.80 -58727.92 -59073.94
-55182.69 nan -55182.69
-60146.64 nan -60146.64
-61624.97 -57916.89 -58134.42
-59723.30 -57737.14 -57821.25
-59822.63 -58205.01 -58700.77
-58974.59 -58016.42 -58218.82
-60308.35 -58135.94 -58246.95
-60964.05 -57518.91 -58388.84
-58696.55 -57744.55 -58284.87
