-99638.41 nan -99638.41
-97035.30 nan -97035.30
-97911.06 nan -97911.06
-99798.98 nan -99798.98
-98577.65 nan -98577.65
-95427.18 nan -95427.18
-96686.48 nan -96686.48
-93573.49 nan -93573.49
-96699.88 nan -96699.88
-91232.85 nan -91232.85
-90864.56 nan -90864.56
-92962.72 nan -92962.72
-93784.44 nan -93784.44
-92099.12 -94600.06 -92537.24
-101106.12 nan -101106.12
-99731.04 nan -99731.04
-101794.26 nan -101794.26
-93799.01 -98733.15 -100877.14
-94217.74 nan -94217.74
-96600.93 nan -96600.93
-97077.02 nan -97077.02
-95099.46 nan -95099.46
-96615.01 -96497.70 -96259.14
-93316.74 -96485.25 -96145.21
-96177.84 -96217.44 -95834.60
-98184.51 nan -98184.51
-97449.88 -96238.11 -96721.44
-98248.54 nan -98248.54
-97693.99 -96771.83 -97718.16
-97816.88 nan -97816.88
-101049.40 nan -101049.40
-100680.71 -97265.27 -98861.48
-95659.94 nan -95659.94
-93417.14 nan -93417.14
-98640.17 nan -98640.17
-99043.55 nan -99043.55
-99078.70 -96329.06 -97033.62
-97192.09 nan -97192.09
-93818.27 -96502.17 -97756.42
-97722.74 nan -97722.74
-97781.93 nan -97781.93
-95684.14 nan -95684.14
-94609.98 nan -94609.98
-99155.23 nan -99155.23
-93615.13 nan -93615.13
-97527.90 -95006.37 -95793.45
-99138.96 -96025.73 -96187.94
-107108.08 nan -107108.08
-93012.28 nan -93012.28
-100771.87 nan -100771.87
-96257.54 nan -96257.54
-98419.67 nan -98419.67
-98959.52 -94968.02 -98483.02
-98002.76 -94116.02 -97720.08
-85893.89 nan -85893.89
-97510.61 -91761.58 -94032.33
-93089.19 nan -93089.19
-98282.19 -90599.86 -91005.14
-98294.35 nan -98294.35
-105177.47 nan -105177.47
-95774.77 nan -95774.77
-90867.07 nan -90867.07
-98477.64 nan -98477.64
-102761.41 nan -102761.41
-98907.07 -95586.50 -97368.71
-93060.83 -95072.42 -99535.92
-98814.56 -96500.78 -99888.68
-98053.85 nan -98053.85
-91786.65 -94987.02 -99159.48
-96390.01 -95288.74 -99034.00
-99879.98 nan -99879.98
-97112.00 nan -97112.00
-92790.66 nan -92790.66
-93230.73 -94987.72 -96594.21
-99625.01 nan -99625.01
-94587.71 -94005.34 -96336.62
-106521.87 nan -106521.87
-92812.50 -97148.05 -100827.83
-93640.58 nan -93640.58
-95762.80 nan -95762.80
-100887.90 -94751.09 -96743.74
-102334.60 nan -102334.60
-97258.42 nan -97258.42
-98847.46 nan -98847.46
-94691.25 nan -94691.25
-97779.38 nan -97779.38
-95130.48 nan -95130.48
-96896.62 nan -96896.62
-93377.75 -93600.20 -96602.16
-100028.91 nan -100028.91
-93831.19 -95086.05 -97842.56
-91132.36 nan -91132.36
-94797.02 -93623.55 -96334.61
-97701.44 nan -97701.44
-96483.94 nan -96483.94
-95994.03 -94148.80 -96840.00
-94605.71 -94247.18 -97008.46
-99226.89 nan -99226.89
-97014.34 nan -97014.34
-97329.77 nan -97329.77
-101144.22 nan -101144.22
-97894.45 -93266.84 -98496.11
-92982.67 nan -92982.67
-94473.51 nan -94473.51
-95219.76 nan -95219.76
-96826.82 -92438.95 -94225.31
-97130.92 nan -97130.92
-99579.66 -93698.28 -95525.33
-100758.98 nan -100758.98
-97944.36 nan -97944.36
-98689.52 -95921.57 -98076.23
-98816.84 -96848.40 -98926.52
-94061.40 -96697.55 -98315.70
-97721.73 nan -97721.73
-104481.72 nan -104481.72
-96036.90 -96939.47 -100173.05
-103809.36 nan -103809.36
-99673.12 -98979.28 -102821.38
-94792.35 nan -94792.35
-101886.03 nan -101886.03
-91944.84 nan -91944.84
-100916.58 nan -100916.58
-92527.06 -96187.72 -98249.15
