-86954.52 nan -86954.52
-86666.15 nan -86666.15
-86948.28 nan -86948.28
-86153.68 nan -86153.68
-80831.89 nan -80831.89
-89471.24 nan -89471.24
-88698.10 nan -88698.10
-87610.31 nan -87610.31
-88252.34 nan -88252.34
-83434.72 nan -83434.72
-86758.37 nan -86758.37
-90184.71 nan -90184.71
-86895.29 nan -86895.29
-88376.59 -87652.12 -87946.13
-86973.05 nan -86973.05
-88900.53 nan -88900.53
-89517.11 nan -89517.11
-88817.78 nan -88817.78
-88791.95 -88243.52 -89078.47
-89276.68 -88260.42 -89137.78
-83556.68 nan -83556.68
-88922.64 nan -88922.64
-92520.06 nan -92520.06
-87723.92 nan -87723.92
-88925.12 -88539.88 -89722.21
-88295.89 nan -88295.89
-89114.89 -87473.40 -88580.67
-87136.25 nan -87136.25
-86166.64 nan -86166.64
-85491.53 nan -85491.53
-81321.90 nan -81321.90
-89230.34 -85415.41 -84326.69
-87715.87 -85199.67 -83713.37
-84993.63 nan -84993.63
-83855.38 -85392.48 -84344.56
-86502.83 nan -86502.83
-86337.74 nan -86337.74
-89861.91 nan -89861.91
-90689.52 nan -90689.52
-85895.66 -87455.34 -88963.06
-88708.65 -87903.30 -89838.16
-90746.04 nan -90746.04
-89533.89 -88174.64 -89849.09
-88572.72 nan -88572.72
-90096.96 nan -90096.96
-84908.42 nan -84908.42
-83771.22 nan -83771.22
-85737.51 -86321.29 -86258.87
-86739.95 nan -86739.95
-89581.86 -83527.47 -85590.01
-84762.40 nan -84762.40
-88498.12 -83567.31 -85697.45
-92301.89 -83437.58 -85349.95
-83368.19 -82890.27 -85269.94
-89197.62 -83654.13 -85439.11
-86443.54 nan -86443.54
-87319.01 nan -87319.01
-88445.71 nan -88445.71
-85451.79 -84343.25 -87402.75
-90200.34 nan -90200.34
-91496.03 nan -91496.03
-85540.06 nan -85540.06
-86410.55 nan -86410.55
-90696.16 -85177.17 -87815.55
-86911.67 -85178.09 -86588.72
-88533.06 nan -88533.06
-90109.96 nan -90109.96
-89405.78 nan -89405.78
-87463.04 -86175.26 -89349.60
-84584.68 -86005.81 -89621.78
-82482.69 nan -82482.69
-87536.40 nan -87536.40
-86069.30 -84559.37 -86546.96
-85509.80 -85400.44 -85522.02
-91219.10 nan -91219.10
-81776.36 nan -81776.36
-79728.61 nan -79728.61
-90490.66 nan -90490.66
-81961.20 -84484.91 -83998.54
-90986.58 nan -90986.58
-79728.61 -86220.56 -88491.93
-89141.20 nan -89141.20
-91874.91 nan -91874.91
-90290.56 nan -90290.56
-90984.94 -87234.86 -90435.56
-90142.28 nan -90142.28
-90243.41 nan -90243.41
-86231.59 -86601.31 -90273.75
-89759.39 nan -89759.39
-90177.60 nan -90177.60
-87498.39 nan -87498.39
-79728.61 nan -79728.61
-79728.61 -84100.05 -85801.53
-86303.66 nan -86303.66
-86419.17 nan -86419.17
-88700.58 nan -88700.58
-94147.88 nan -94147.88
-89874.45 nan -89874.45
-83722.74 nan -83722.74
-86619.29 -85659.92 -89248.36
-91594.78 -84798.79 -87615.18
-85732.92 nan -85732.92
-90668.48 nan -90668.48
-91428.50 nan -91428.50
-86715.25 -85446.48 -89276.63
-89927.55 nan -89927.55
-91247.21 -86584.54 -90210.89
-87048.54 nan -87048.54
-87490.82 -85309.65 -89062.33
-89072.05 nan -89072.05
-92600.01 -86402.94 -88394.31
-94044.54 -86957.67 -88842.89
-88635.99 nan -88635.99
-79728.61 nan -79728.61
-90168.98 -85524.05 -85735.83
-84334.04 -84883.98 -84700.14
-85221.71 -84175.77 -83388.19
-79728.61 nan -79728.61
-91234.77 nan -91234.77
-87788.95 -85201.30 -84783.86
-83053.32 -85361.25 -85249.08
-90251.39 -85669.14 -87089.23
-79728.61 -84991.83 -85707.39
