-68923.68 nan -68923.68
-70684.04 nan -70684.04
-73896.48 nan -73896.48
-71767.68 nan -71767.68
-68488.50 nan -68488.50
-71411.74 nan -71411.74
-74227.44 nan -74227.44
-71746.04 nan -71746.04
-69435.47 nan -69435.47
-71865.82 nan -71865.82
-68856.29 nan -68856.29
-71718.32 nan -71718.32
-71552.44 nan -71552.44
-70034.76 nan -70034.76
-67622.80 nan -67622.80
-70776.63 -70674.04 -69736.67
-68653.05 nan -68653.05
-72495.74 nan -72495.74
-73584.47 -70972.75 -70295.15
-73270.64 -71085.80 -70481.31
-69157.22 -71345.42 -71090.73
-71204.31 nan -71204.31
-71877.43 -71347.47 -70925.45
-67930.93 -71323.27 -71073.50
-72705.55 -71317.20 -71067.75
-70219.87 nan -70219.87
-70002.10 nan -70002.10
-69570.64 -70630.05 -70429.91
-70355.88 nan -70355.88
-72567.52 nan -72567.52
-71928.50 nan -71928.50
-73199.02 -71317.30 -71617.30
-72522.43 -71439.98 -72037.77
-69756.28 -71236.47 -71861.19
-67053.14 nan -67053.14
-73303.35 nan -73303.35
-70404.91 -70783.47 -70739.23
-68351.35 nan -68351.35
-71850.94 -70755.45 -70797.98
-73554.06 nan -73554.06
-69402.26 -70758.17 -70901.13
-67053.14 nan -67053.14
-74389.03 nan -74389.03
-68521.14 nan -68521.14
-73983.53 -69985.23 -69987.77
-73123.23 -70510.83 -70965.98
-70584.79 -70273.16 -69824.96
-69106.02 -70377.66 -70259.57
-74161.61 -70749.22 -70350.17
-69895.07 nan -69895.07
-72336.98 nan -72336.98
-66723.57 -68111.42 -70860.74
-74102.73 nan -74102.73
-71703.32 -70070.57 -72433.48
-71146.49 nan -71146.49
-69242.67 -69691.61 -72560.90
-77690.91 -68562.38 -72046.96
-72184.42 nan -72184.42
-71349.85 -69231.42 -72264.09
-75361.40 -68689.91 -72165.16
-72373.36 nan -72373.36
-67459.75 -70473.59 -72267.54
-70527.87 -70337.38 -72268.68
-75250.81 nan -75250.81
-71118.73 -70018.72 -73262.34
-72425.46 nan -72425.46
-71200.60 -70644.06 -73646.20
-70500.53 nan -70500.53
-68475.79 nan -68475.79
-74108.47 nan -74108.47
-72571.14 nan -72571.14
-69904.03 nan -69904.03
-73862.68 nan -73862.68
-73707.06 nan -73707.06
-69003.23 -71158.17 -72491.26
-72882.09 nan -72882.09
-64554.27 -71172.64 -73026.80
-73760.66 nan -73760.66
-72579.94 -70979.70 -73223.18
-69843.90 -71186.97 -73336.88
-68653.07 nan -68653.07
-71994.53 -70812.70 -71737.71
-69455.10 -70227.45 -71242.55
-68569.35 nan -68569.35
-70391.37 -69894.66 -70516.54
-73896.94 nan -73896.94
-71468.74 -69403.05 -70994.27
-67929.17 nan -67929.17
-73005.30 -69161.88 -70940.13
-74577.21 -68938.54 -69954.53
-74971.22 -68690.16 -69607.94
-73601.50 -68590.95 -70167.53
-69964.85 nan -69964.85
-72517.28 nan -72517.28
-72173.18 nan -72173.18
-65538.19 nan -65538.19
-73281.95 -68862.16 -70076.22
-73747.25 -67080.18 -69262.53
-72063.58 nan -72063.58
-74371.24 nan -74371.24
-72893.28 nan -72893.28
-71057.98 -69489.17 -73109.37
-72463.63 -69375.25 -73457.96
-74239.48 -69055.87 -73153.54
-70080.84 nan -70080.84
-75021.65 -69427.88 -72230.78
-73250.09 nan -73250.09
-70941.56 nan -70941.56
-65538.19 nan -65538.19
-74340.80 nan -74340.80
-74073.03 nan -74073.03
-73183.87 nan -73183.87
-74919.98 nan -74919.98
-74935.13 nan -74935.13
-69696.56 nan -69696.56
-71388.64 nan -71388.64
-69015.89 -70803.67 -72006.77
-69843.52 -70326.12 -71030.66
-72322.25 nan -72322.25
-68460.19 -70692.27 -71786.56
-71609.88 nan -71609.88
-69633.70 nan -69633.70
-70262.80 nan -70262.80
