0.00
116.87
113.13
113.13
109.87
109.87
109.87
95.24
109.87
104.93
104.93
104.93
104.93
104.93
104.93
104.93
104.93
104.93
104.93
104.93
104.93
104.93
104.93
104.93
104.93
104.93
104.93
104.93
104.93
104.93
104.93
104.93
104.93
104.93
104.93
104.93
104.93
104.93
104.93
104.93
104.93
104.93
104.93
104.93
104.93
104.93
104.93
104.93
104.93
104.93
104.93
104.93
104.93
104.93
104.93
104.93
104.93
104.93
104.93
104.93
104.93
104.93
104.93
104.93
104.93
104.93
104.93
104.93
104.93
104.93
104.93
104.93
104.93
104.93
104.93
104.93
104.93
104.93
104.93
104.93
104.93
104.93
104.93
104.93
104.93
104.93
104.93
104.93
104.93
104.93
104.93
104.93
104.93
104.93
104.93
106.18
106.18
106.18
106.18
106.18
106.18
106.18
106.18
106.18
106.18
106.18
106.18
106.18
106.18
106.18
106.18
106.18
106.18
106.18
106.18
106.18
106.18
106.18
106.18
106.18
106.18
106.18
106.18
106.18
106.18
106.18
106.18
106.18
106.18
106.18
106.18
106.18
106.18
106.18
106.18
106.18
106.18
106.18
106.18
106.18
106.18
106.18
106.18
106.18
106.18
106.18
106.18
106.18
106.18
106.18
106.18
106.18
106.18
106.18
106.18
106.18
106.18
106.18
106.18
106.18
106.18
106.18
106.18
106.18
106.18
106.18
106.18
106.18
106.18
106.18
106.18
106.18
106.18
106.18
106.18
106.18
106.18
106.18
106.18
106.18
106.18
106.18
106.18
