0.00
0.00
0.00
108.18
108.18
108.18
108.18
108.18
108.18
108.18
108.18
108.18
108.18
108.18
108.18
108.18
108.18
108.18
108.18
108.18
108.18
108.18
108.18
108.18
108.18
108.18
108.18
108.18
108.18
108.18
108.18
108.18
108.18
108.18
105.14
108.18
105.14
105.14
105.14
105.14
105.14
105.14
105.14
105.14
105.14
105.14
105.14
105.14
105.14
105.14
105.14
105.14
105.14
105.14
105.14
105.14
105.14
105.14
105.14
105.14
105.14
105.14
105.14
105.14
105.14
105.14
105.14
105.14
105.14
105.14
105.14
105.14
105.14
105.14
105.14
105.14
105.14
105.14
105.14
105.14
105.14
105.14
105.14
105.14
105.14
105.14
105.14
105.14
105.14
105.14
105.14
105.14
105.14
105.14
105.14
105.14
105.14
105.14
105.14
105.14
105.14
105.14
105.14
105.14
105.14
105.14
105.14
105.14
105.14
105.14
105.14
105.14
105.14
105.14
105.14
105.14
106.58
106.58
106.58
106.58
106.58
106.58
106.58
106.58
106.58
106.58
106.58
106.58
106.58
106.58
106.58
106.58
106.58
106.58
106.58
106.58
106.58
106.58
106.58
106.58
106.58
106.58
106.58
106.58
106.58
106.58
106.58
106.58
106.58
106.58
106.58
106.58
106.58
106.58
106.58
106.58
106.58
106.58
106.58
106.58
106.58
106.58
106.58
106.58
106.58
106.58
106.58
106.58
106.58
106.58
106.58
106.58
106.58
106.58
106.58
106.58
106.58
106.58
106.58
106.58
106.58
106.58
