0.00
109.85
108.91
108.91
101.22
101.22
109.85
109.85
109.85
109.85
109.85
107.23
107.23
107.23
107.23
107.23
107.23
107.23
107.23
107.23
107.23
107.23
102.49
102.49
102.49
102.49
102.49
102.49
102.49
102.49
102.49
102.49
102.49
102.49
102.49
102.49
102.49
102.49
102.49
102.49
102.49
102.49
102.49
102.49
102.49
102.49
102.49
102.49
102.49
102.49
102.49
102.49
102.49
102.49
102.49
102.49
102.49
102.49
102.49
102.49
102.49
102.49
102.49
102.49
102.49
102.49
102.49
102.49
102.49
102.49
102.49
102.49
102.49
102.49
102.49
102.49
102.49
102.49
102.49
102.49
102.49
102.49
102.49
102.49
102.49
102.49
102.49
102.49
102.49
102.49
102.49
102.49
102.49
102.49
102.49
102.49
102.49
102.49
102.49
102.49
102.49
102.49
102.49
102.49
102.49
102.49
102.49
102.49
102.49
102.49
102.49
102.49
102.49
102.49
102.49
102.49
102.49
102.49
102.49
102.49
102.49
102.49
102.49
102.49
102.49
102.49
102.49
102.49
102.49
102.49
102.49
102.49
102.49
102.49
102.49
102.49
102.49
102.49
102.49
102.49
102.49
102.49
102.49
102.49
102.49
102.49
102.49
102.49
102.49
102.49
102.49
102.49
102.49
102.49
102.49
102.49
102.49
102.49
102.49
102.49
102.49
102.49
102.49
102.49
102.49
102.49
102.49
102.49
102.49
102.49
102.49
102.49
102.49
102.49
102.49
102.49
102.49
102.49
102.49
102.49
102.49
102.49
102.49
102.49
102.49
102.49
