0.00
0.00
0.00
0.00
0.00
0.00
114.96
114.96
114.96
114.96
114.96
114.96
114.96
114.96
114.96
114.96
114.96
114.96
114.96
114.96
114.96
114.96
114.96
114.96
114.96
114.96
114.96
114.96
114.96
114.96
102.30
102.30
102.30
102.30
102.30
102.30
102.30
102.30
102.30
102.30
102.30
102.30
102.30
102.30
102.30
102.30
102.30
102.30
102.30
102.30
102.30
102.30
102.30
102.30
102.30
102.30
102.30
102.30
102.30
102.30
102.30
102.30
102.30
102.30
102.30
102.30
102.30
102.30
102.30
102.30
102.30
102.30
102.30
102.30
102.30
102.30
102.30
102.30
102.30
102.30
102.30
102.30
102.30
102.30
102.30
102.30
102.30
102.30
101.63
101.63
101.63
101.63
101.63
101.63
101.63
101.63
101.63
97.50
97.50
97.50
97.50
97.50
97.50
97.50
97.50
97.50
97.50
97.50
97.50
97.50
97.50
97.50
97.50
97.50
97.50
97.50
97.50
97.50
97.50
97.50
97.50
97.50
97.50
99.81
99.81
99.81
99.81
99.81
99.81
99.81
99.81
99.81
99.81
99.81
99.81
99.81
99.81
99.81
99.81
99.81
99.81
99.81
99.81
99.81
99.81
99.81
98.66
98.66
98.66
98.66
98.66
98.66
98.66
98.66
98.66
98.66
98.66
98.66
98.66
98.66
98.66
98.66
98.66
98.66
98.66
98.66
98.66
98.66
98.66
98.66
98.66
98.66
98.66
98.66
98.66
98.66
98.66
98.66
98.66
98.66
98.66
98.66
98.66
98.66
98.66
