111.29
106.57
106.57
106.57
106.57
106.57
106.57
106.57
106.57
106.57
106.57
106.57
106.57
106.57
106.57
106.57
106.42
106.42
106.42
106.42
106.42
106.42
106.42
106.42
106.42
106.42
106.42
106.42
106.42
106.42
106.42
106.42
106.42
106.42
106.42
106.42
106.42
106.42
106.42
106.42
106.42
106.42
106.42
106.42
106.42
106.42
106.42
104.97
104.97
104.97
104.97
104.97
104.97
104.97
104.97
104.97
104.97
104.97
104.97
104.97
104.97
104.97
104.97
104.97
104.97
104.97
104.97
104.97
104.97
104.97
104.97
104.97
104.97
104.97
104.97
104.97
104.97
104.97
104.97
104.97
104.97
104.97
104.97
104.97
104.97
104.97
104.97
104.97
104.97
104.97
104.97
104.97
104.97
104.97
104.97
104.97
104.97
104.97
104.97
104.97
104.97
104.97
104.97
104.97
104.97
104.97
104.97
104.97
104.97
104.97
104.97
104.97
104.97
104.97
104.97
104.97
104.97
104.97
104.97
104.97
104.97
104.97
104.97
104.97
104.97
104.97
104.97
104.97
104.97
104.97
104.97
104.97
104.97
104.97
104.97
104.97
104.97
104.97
104.97
104.97
104.97
104.97
104.97
104.97
104.97
104.97
104.97
104.97
104.97
104.97
104.97
104.97
104.97
104.97
104.97
104.97
104.97
104.97
104.97
104.97
104.97
104.97
104.97
104.97
104.97
104.97
104.97
104.97
104.97
104.97
104.97
104.97
104.97
104.97
104.97
104.97
104.97
104.97
104.97
104.97
104.97
104.97
104.97
104.97
104.97
104.97
