115.32
115.32
114.81
114.81
106.74
106.74
106.74
106.74
106.74
106.74
106.74
106.74
106.74
106.74
106.74
106.74
106.74
106.74
106.74
106.74
106.74
106.74
106.74
106.74
106.74
106.74
106.74
106.74
106.74
106.74
106.74
106.74
106.74
106.74
106.74
106.74
106.74
106.74
106.74
106.74
106.74
106.74
106.74
106.74
106.74
106.74
106.74
106.74
106.74
106.74
106.74
106.74
106.74
106.74
106.74
106.74
106.74
106.74
106.74
106.74
106.74
106.74
106.74
106.74
106.74
106.74
106.74
106.74
106.74
106.74
106.74
106.74
106.74
106.74
106.74
106.74
106.74
106.74
106.74
106.74
106.74
106.74
106.74
106.74
106.74
106.74
106.74
106.74
106.74
106.74
106.74
106.74
106.74
106.74
106.74
106.74
106.74
106.74
106.74
106.74
106.74
106.74
106.74
106.74
106.74
106.74
106.74
106.74
106.74
106.74
106.74
106.74
106.74
106.74
106.74
106.74
106.74
106.74
106.74
106.74
106.74
106.74
106.74
106.74
106.74
106.74
106.74
106.74
106.74
106.74
106.74
106.74
106.74
106.74
106.74
106.74
106.74
106.74
106.74
106.74
106.74
106.74
106.74
106.74
106.74
106.74
106.74
106.74
106.74
106.74
106.74
106.74
106.74
106.74
106.74
106.74
106.74
106.74
106.74
106.74
106.74
106.74
106.74
106.74
106.74
106.74
106.74
106.74
106.74
106.74
106.74
106.74
106.74
106.74
106.74
106.74
106.74
106.74
106.74
106.74
106.74
106.74
106.74
106.74
106.74
