0.00
118.20
110.79
110.79
107.78
107.78
107.78
107.78
107.78
107.78
107.78
107.78
107.78
107.78
107.78
107.78
107.78
107.78
107.78
107.78
107.78
107.78
107.78
107.78
107.78
107.78
107.78
107.78
107.78
107.78
107.78
107.78
107.78
107.78
107.78
107.78
107.78
107.78
107.78
107.78
107.78
107.78
107.78
107.78
107.78
107.78
107.78
107.78
107.78
107.78
107.78
107.78
107.78
107.78
107.78
107.78
107.78
107.78
107.78
107.78
107.78
107.78
107.78
107.78
107.78
107.78
107.78
107.78
107.78
107.15
107.15
107.15
107.15
107.15
107.15
107.15
107.15
107.15
107.15
107.15
107.15
107.15
107.15
107.15
107.15
107.15
107.15
107.15
107.15
107.15
107.15
107.15
107.15
107.15
107.15
107.15
107.15
107.15
107.15
107.15
107.15
107.15
107.15
107.15
107.15
107.15
107.15
107.15
107.15
107.15
107.15
107.15
107.15
107.15
107.15
107.15
107.15
107.15
107.15
107.15
107.15
107.15
107.15
107.15
107.15
107.15
107.15
107.15
107.15
107.15
107.15
107.15
107.15
107.15
107.15
107.15
107.15
104.48
104.48
104.48
104.48
104.48
104.48
104.48
104.48
104.48
104.48
104.48
104.48
104.48
104.48
104.48
104.48
104.48
104.48
104.48
104.48
104.48
104.48
104.48
104.48
104.48
104.48
104.48
104.48
104.48
104.48
104.48
104.48
104.48
104.48
104.48
104.48
104.48
104.48
104.48
104.48
104.48
104.48
104.48
104.48
104.48
104.48
