51.37
51.37
62.32
62.32
62.32
60.20
50.74
50.74
64.72
51.50
51.50
51.50
51.50
51.50
51.50
51.50
51.50
51.50
51.50
51.50
51.50
51.50
51.50
51.50
51.50
51.50
51.50
51.50
51.50
51.50
51.50
51.50
51.50
51.50
51.50
51.50
51.50
51.50
51.50
51.50
51.50
51.50
51.50
51.50
51.50
51.50
51.50
51.50
51.50
51.50
51.50
51.50
51.50
51.50
51.50
51.50
51.50
51.50
51.50
51.50
51.50
51.50
51.50
51.50
51.50
51.50
51.50
51.50
51.50
51.50
51.50
51.50
51.50
51.50
51.50
51.50
51.50
51.50
51.50
51.50
31.59
31.59
31.59
31.59
31.59
31.59
31.59
31.59
31.59
31.59
31.59
31.59
31.59
31.59
31.59
31.59
31.59
31.59
31.59
31.59
31.59
31.59
31.59
27.85
27.85
27.85
27.85
27.85
27.85
27.85
27.85
27.85
27.85
27.85
27.85
27.85
27.85
27.85
27.85
27.85
27.85
27.85
27.85
27.85
