0.00
78.62
78.62
78.62
80.63
80.63
85.78
85.78
89.71
89.71
82.53
82.53
82.53
82.53
82.53
82.53
82.53
82.53
82.53
82.53
82.53
82.53
82.53
82.53
82.53
82.53
82.53
67.82
67.82
67.82
67.82
67.82
67.82
67.82
67.82
67.82
67.82
67.82
67.82
67.82
65.83
65.83
65.83
71.06
71.06
71.06
71.06
71.06
61.23
61.23
61.23
61.23
61.23
61.23
61.23
61.23
61.23
61.23
61.23
61.23
61.23
61.23
61.23
48.19
48.19
48.19
48.19
48.19
38.76
38.76
38.76
38.76
38.76
38.76
38.76
38.76
38.76
54.95
54.95
54.95
54.95
54.95
54.95
54.95
54.95
54.95
54.95
54.95
54.95
54.95
54.95
54.95
54.95
54.95
31.04
31.04
31.04
31.04
31.04
31.04
31.04
31.04
31.04
20.99
20.99
20.99
20.99
20.99
20.99
20.99
20.99
20.99
20.99
20.99
20.99
20.99
20.99
20.99
20.99
20.99
20.99
20.99
20.99
