0.00
0.00
56.09
56.09
70.30
76.97
61.59
61.59
61.59
61.59
79.49
79.49
79.49
79.49
79.49
77.17
77.17
77.17
77.17
73.16
73.16
70.66
70.66
70.20
70.20
70.20
70.20
70.20
70.20
70.20
70.20
70.20
70.20
70.20
64.59
64.59
64.59
64.59
64.59
64.59
53.42
53.42
53.42
53.42
53.42
53.42
53.42
53.42
39.57
39.57
39.57
39.57
39.57
39.57
39.57
39.57
39.57
39.57
39.57
50.97
50.97
50.97
50.97
50.97
50.97
50.97
50.97
50.97
50.97
50.97
50.97
50.97
50.97
50.97
50.97
50.97
50.97
50.97
50.97
50.97
50.97
50.97
50.97
50.97
50.97
50.97
50.97
50.97
50.97
50.97
50.97
50.97
50.97
50.97
50.97
50.97
21.42
21.42
21.42
21.42
21.42
21.42
21.42
21.42
21.42
21.42
21.42
21.42
21.42
21.42
21.42
21.42
21.42
21.42
21.42
21.42
21.42
21.42
21.42
21.42
21.42
21.42
21.42
