80.26
86.13
86.13
76.00
67.62
67.62
67.62
76.39
80.04
80.04
80.04
80.04
63.78
63.78
67.48
67.48
67.48
67.48
67.48
67.48
67.48
67.48
67.48
67.48
67.48
67.48
67.48
67.48
67.48
67.48
67.48
67.48
67.48
67.48
67.48
67.48
67.48
67.48
67.48
67.48
67.48
40.40
40.40
40.40
40.40
40.40
40.40
40.40
40.40
40.40
40.40
40.40
40.40
40.40
40.40
18.60
17.45
17.45
17.45
17.45
17.45
17.45
17.45
17.45
17.45
17.45
17.45
17.45
17.45
17.45
17.45
17.45
17.45
17.45
17.45
17.45
17.45
17.45
17.45
20.22
20.22
20.22
20.22
20.22
20.22
20.22
20.22
20.22
20.22
20.22
20.22
20.22
20.22
20.22
20.22
20.22
20.22
20.22
20.22
20.22
20.22
20.22
20.22
20.22
20.22
20.22
20.22
20.22
20.22
20.22
20.22
20.22
20.22
20.22
20.22
20.22
20.22
20.22
20.22
20.22
20.22
20.22
20.22
