0.00
69.59
63.84
63.84
63.84
62.01
70.45
70.45
77.05
77.05
68.16
68.22
68.22
68.22
68.22
68.22
66.92
66.92
66.92
66.92
66.92
66.92
66.92
49.11
49.11
49.11
49.11
49.11
49.11
49.11
49.11
49.11
49.11
49.11
49.11
49.11
49.11
49.11
53.06
53.06
53.06
53.06
53.06
53.06
53.06
53.06
53.06
53.06
53.06
53.06
53.06
53.06
53.06
53.06
53.06
53.06
53.06
53.06
53.06
53.06
53.06
53.06
53.06
53.06
53.06
53.06
53.06
53.06
53.06
53.06
53.06
53.06
53.06
53.06
53.06
53.06
53.06
53.06
53.06
53.06
53.06
53.06
53.06
53.06
53.06
53.06
53.06
53.06
53.06
53.06
53.06
53.06
53.06
53.06
53.06
53.06
53.06
53.06
34.44
34.44
30.75
30.75
30.75
30.75
30.75
30.75
30.75
30.75
30.75
30.75
30.75
30.75
22.49
22.49
22.49
22.49
22.49
22.49
22.49
22.49
22.49
22.49
22.49
