0.00
0.00
63.69
71.19
85.09
78.40
78.40
78.40
78.40
78.40
78.40
78.40
78.40
69.18
69.18
69.18
69.18
69.18
69.18
69.18
69.18
69.18
72.81
65.06
65.06
65.06
65.06
65.06
65.06
65.06
65.06
65.06
65.06
65.06
65.06
65.06
65.06
65.06
65.06
56.03
56.03
56.03
56.03
56.03
58.04
58.04
58.04
58.04
58.04
58.04
58.04
58.04
58.04
58.04
58.04
58.04
58.04
58.04
58.04
58.04
58.04
58.04
58.04
58.04
58.04
48.58
48.58
48.58
48.58
48.58
48.58
51.35
51.35
51.35
51.35
51.35
51.35
51.35
51.35
51.35
51.35
51.35
51.35
51.35
51.35
51.35
51.35
51.35
51.35
32.19
32.19
9.40
9.40
9.40
9.40
9.40
9.40
9.40
9.40
9.40
9.40
9.40
9.40
9.40
9.40
9.40
9.40
9.40
9.40
9.40
9.40
9.40
9.40
9.40
9.40
9.40
9.40
9.40
9.40
9.40
9.40
9.40
9.40
