66.52
66.52
72.47
69.59
69.59
77.77
77.77
82.80
82.80
82.80
82.80
82.80
82.80
82.80
82.80
82.80
82.80
82.80
82.80
79.88
79.88
79.88
79.88
79.88
79.88
79.88
76.78
76.78
76.78
76.78
69.14
71.18
71.18
71.18
67.31
67.31
67.31
67.31
67.31
67.31
67.31
67.31
67.31
67.31
67.31
67.31
67.31
67.31
67.31
67.31
67.31
67.31
67.31
67.31
67.31
67.31
67.31
67.31
67.31
67.31
67.31
67.31
67.31
67.31
67.31
67.31
67.31
49.15
49.15
49.15
49.15
49.15
49.15
49.15
49.15
49.15
49.15
49.15
49.15
49.15
49.15
49.15
49.15
49.15
49.15
49.15
49.15
49.15
16.74
16.74
16.74
16.74
16.74
16.74
16.74
16.74
16.74
16.74
16.74
16.74
16.74
16.74
16.74
16.74
16.74
16.74
16.74
16.74
16.74
16.74
16.74
16.74
16.74
16.74
16.74
16.74
16.74
16.74
16.74
16.74
16.74
11.17
11.17
