47.46
46.75
46.75
46.75
58.94
58.94
49.31
65.29
65.29
65.29
65.29
76.81
84.30
71.03
71.03
72.71
72.71
72.71
72.71
63.95
63.95
63.95
63.95
63.95
63.95
66.34
66.34
61.57
61.57
61.57
61.57
61.57
61.57
61.57
61.57
61.57
61.57
61.57
61.57
61.57
61.57
61.57
61.57
61.57
61.57
61.57
61.57
61.57
61.57
61.57
61.57
61.57
58.31
58.31
58.31
58.31
58.31
43.60
43.60
19.63
19.63
19.63
10.19
10.19
10.19
10.19
10.19
10.19
10.19
10.19
10.19
10.19
10.19
10.19
10.19
10.19
10.19
10.19
10.19
10.19
10.19
10.19
10.19
10.19
10.19
10.19
10.19
10.19
10.19
10.19
10.19
10.19
10.19
10.19
10.19
10.19
10.19
10.19
10.19
10.19
10.19
10.19
10.19
10.19
10.19
10.19
10.19
10.19
10.19
10.19
10.19
10.19
10.19
10.19
10.19
10.19
10.19
10.19
10.19
10.19
10.19
10.19
10.19
10.19
