6.060526939108967781e-04
1.156576094217598438e-03
1.442689681425690651e-03
1.094949198886752129e-03
1.277177594602108002e-03
1.282811630517244339e-03
1.104554277844727039e-03
1.152346143499016762e-03
1.200548140332102776e-03
1.206398359499871731e-03
1.029382459819316864e-03
9.220140636898577213e-04
8.406070992350578308e-04
8.913546334952116013e-04
7.062764489091932774e-04
8.655427955090999603e-04
5.773769225925207138e-04
5.618798895739018917e-04
4.071606963407248259e-04
4.345839552115648985e-04
