-2122777.96
-2070057.00
-2107567.76
-2089161.67
-2115795.16
-2058226.25
-2094649.83
-2012582.57
-2038798.92
-2039128.69
-2055949.73
-1989726.10
-2053583.85
-2148380.89
-2054932.99
-2123706.56
-2003994.69
-2090053.88
-2087266.70
-2006370.74
-2078382.40
-2032630.53
-2069776.47
-2118225.24
-2015210.85
-2037577.29
-2052546.54
-2017981.59
-2092665.99
-2022737.67
-2124918.59
-2080697.13
-2068396.61
-1954896.01
-2084236.60
-2072800.82
-2058954.87
-2062882.37
-2009165.17
-2121771.15
-2028512.70
-2085614.91
-2068426.24
-2097839.93
-2083296.97
-2083259.40
-2030192.89
-2062169.06
-2030102.42
-2046989.74
-2062081.07
-2006642.46
-2081554.44
-2032254.68
-2043722.97
-2062699.64
-1935086.64
-2067348.44
-2106415.47
-1935086.64
-2045793.80
-2074568.48
-2075147.35
-1935086.64
-2115867.88
-2092438.47
-2116566.99
-1977688.88
-1999395.46
-2063599.56
-1935086.64
-2098141.78
-2094633.11
-2093413.31
-1991193.20
-2108149.12
-1971927.24
-2019583.69
-2055355.02
-2041534.88
-2082763.74
-2041285.50
-2081935.28
-2066110.06
-1935086.64
-2139161.16
-2059437.68
-2065463.86
-2047290.35
-2043783.39
-2048660.43
-2138872.78
-2039411.78
-2013870.92
-2033106.88
-1990350.97
-2058738.13
-2026063.81
-2039375.93
-2034233.83
-2116343.21
-2054132.50
-2078669.41
-2020540.62
-2030086.82
-2101696.01
-2098854.88
-1952610.75
-2088051.14
-1893115.11
-2144597.17
-2071271.68
-2086179.66
-2123569.67
-2036295.53
-2060176.78
-2043004.29
-1893115.11
-2017766.26
-2120656.64
-2011249.65
-1988533.23
-2036598.67
-2024988.43
-2060658.13
-2034257.80
-2112005.30
-2037743.85
-2051979.85
-1893115.11
-1984593.36
-2021077.13
-2075829.25
-2044219.70
-2077174.00
-2075613.94
-2078049.89
-2080775.62
-2091776.04
-2028780.05
-1987244.26
-2129776.60
-2068473.04
-2066103.85
-2110323.87
-2093573.33
-2094498.71
-2045182.94
-2085572.00
-2029578.65
-2017953.35
-2000501.90
-1995326.16
-2104751.97
-2164805.89
-2086963.26
-2138748.50
-2061559.10
-2030521.24
-2096240.95
-2101051.39
-2084586.38
-2021498.70
-2130185.66
-2098328.84
-2036668.62
-2066851.46
-2072542.53
-2064286.66
-2048617.46
-2002619.87
-2122120.16
-2089846.60
-2084525.20
-1998361.54
-2043335.03
-2107911.22
-2123889.25
-2036264.55
-2078033.93
-2142414.57
