-1176907.65
-1105909.68
-1060648.70
-1141910.95
-1147583.39
-1158844.71
-1126296.26
-1142853.22
-1147211.75
-1119660.84
-1110652.80
-1149001.83
-1157135.30
-1130192.80
-1132819.57
-1128835.26
-1148008.93
-1140203.81
-1137422.27
-1119275.23
-1132345.18
-1173174.00
-1115777.16
-1153127.22
-1155025.20
-1145241.48
-1153669.97
-1116625.81
-1151918.21
-1123410.74
-1171387.65
-1127623.92
-1108982.18
-1121428.66
-1143304.30
-1183918.35
-1137143.10
-1114958.87
-1102925.81
-1116864.48
-1196394.45
-1176736.51
-1152998.64
-1128487.91
-1165492.32
-1131386.03
-1117311.79
-1138205.78
-1176104.21
-1136915.44
-1168158.40
-1114838.55
-1154895.38
-1117735.43
-1191555.80
-1161805.49
-1104660.45
-1137902.02
-1104798.57
-1151255.80
-1167367.93
-1168203.52
-1177351.51
-1135822.74
-1126210.63
-1133227.18
-1157038.28
-1132028.11
-1145350.55
-1125309.20
-1161698.69
-1148533.10
-1172686.77
-1154945.07
-1134790.73
-1156481.91
-1146705.47
-1168812.20
-1163643.60
-1113478.78
-1100984.86
-1151948.83
-1114598.98
-1103574.88
-1184615.36
-1134369.43
-1125704.15
-1136125.92
-1143824.99
-1152472.59
-1155660.87
-1131791.09
-1155781.19
-1152721.07
-1172393.13
-1166516.94
-1133486.89
-1128294.13
-1140373.28
-1105326.88
-1137975.87
-1183050.93
-1186443.77
-1148108.80
-1182221.77
-1143960.33
-1083466.41
-1151101.24
-1129782.90
-1060648.70
-1174976.14
-1120169.75
-1162520.99
-1167699.85
-1107044.62
-1153656.45
-1076094.85
-1100049.51
-1183064.44
-1165589.58
-1148022.13
-1080723.33
-1154832.99
-1143935.79
-1175812.92
-1146550.74
-1161904.46
-1163841.89
-1168567.66
-1172756.93
-1169947.50
-1158161.16
-1114319.27
-1135694.12
-1139633.12
-1143942.72
-1131007.81
-1118429.91
-1159180.26
-1170092.84
-1120094.54
-1162605.00
-1175191.48
-1131081.33
-1132236.53
-1129628.79
-1164357.69
-1151869.11
-1118748.53
-1149065.87
-1101757.03
-1104446.01
-1163114.55
-1150790.86
-1116762.03
-1135484.98
-1120966.83
-1120104.42
-1050106.61
-1154326.16
-1158378.05
-1137815.19
-1089236.92
-1158225.04
-1157784.43
-1101099.83
-1141809.06
-1139428.35
-1171141.09
-1187365.15
-1161913.71
-1177206.62
-1150658.33
-1137074.58
-1104930.86
-1120138.34
-1165971.11
-1089391.54
-1138464.96
-1144876.13
-1136261.58
