-1327860.27
-1351562.92
-1344252.90
-1394737.13
-1355979.52
-1417228.95
-1391908.22
-1409388.29
-1385488.18
-1414664.98
-1351882.43
-1344829.63
-1400573.59
-1396283.83
-1447690.08
-1405835.44
-1376850.27
-1430059.83
-1436243.18
-1410910.35
-1357537.03
-1427683.91
-1377688.98
-1449131.22
-1389038.94
-1397428.45
-1375560.54
-1314116.53
-1426492.19
-1443175.55
-1381389.40
-1399622.42
-1356875.46
-1381722.82
-1428365.50
-1415172.62
-1366786.63
-1375538.59
-1404239.67
-1375048.14
-1431211.60
-1415500.24
-1383652.88
-1438541.40
-1397758.48
-1353515.67
-1415166.82
-1383958.40
-1389260.03
-1413287.42
-1410442.47
-1427908.98
-1384225.99
-1381886.94
-1347994.99
-1421027.63
-1413249.16
-1415059.83
-1397419.78
-1399755.32
-1382533.66
-1465640.83
-1390019.68
-1444050.07
-1373173.48
-1385654.95
-1390987.02
-1380041.56
-1370020.44
-1407082.94
-1403499.55
-1386443.59
-1353250.21
-1408520.65
-1437197.62
-1441090.96
-1364199.15
-1353044.73
-1392703.79
-1419088.38
-1424696.75
-1373248.05
-1378615.72
-1401034.37
-1370936.39
-1384935.77
-1407368.60
-1371348.02
-1383172.18
-1354342.56
-1376094.85
-1372908.72
-1439461.14
-1381061.37
-1394286.29
-1415272.79
-1417799.51
-1400638.10
-1395573.22
-1454401.61
-1404130.51
-1368018.16
-1419105.60
-1402524.00
-1402931.99
-1408680.66
-1453896.58
-1422987.34
-1343320.99
-1385301.08
-1413000.15
-1423539.98
-1441105.87
-1428355.56
-1412467.64
-1417517.77
-1351948.44
-1380629.69
-1387995.45
-1421796.70
-1444890.89
-1399502.86
-1395333.40
-1440128.67
-1389681.95
-1355569.53
-1394821.85
-1403986.80
-1308814.12
-1357964.17
-1411509.80
-1404640.84
-1397895.39
-1348403.71
-1405533.30
-1435799.91
-1409817.99
-1444136.57
-1427317.74
-1352238.56
-1361117.76
-1436729.18
-1407883.03
-1400476.28
-1417868.36
-1410967.77
-1449831.72
-1402448.46
-1398699.48
-1392636.26
-1344945.18
-1295875.75
-1437625.42
-1382803.90
-1368593.06
-1361536.26
-1415434.74
-1385029.09
-1399627.88
-1407204.18
-1376898.05
-1394701.92
-1384188.24
-1405521.33
-1404782.92
-1337982.93
-1357713.24
-1311607.14
-1383580.41
-1376013.45
-1340277.57
-1365883.70
-1446169.51
-1402454.86
-1398034.14
-1400838.60
-1429675.67
-1391345.07
-1381827.91
-1389381.35
-1425421.19
