0.00 0.00 0.00 0.00 0.00 0.00 0.00 0.00 0.00 0.00 0.00 0.00 0.00 0.00 0.00 0.00 0.00 0.00 0.00 0.00 0.00 0.00 0.00 0.00 0.00 0.00 0.00 0.00 0.00 0.00 0.00 0.00 0.00 0.00 0.00 0.00 0.00 0.00 0.00 0.00 0.00 0.00 0.00 0.00 0.00 0.00 0.00 0.00 0.00 0.00
0.00 0.00 0.00 0.00 0.00 0.00 0.00 0.00 0.00 0.00 0.00 0.00 0.00 0.00 0.00 0.00 0.00 0.00 0.00 0.00 0.00 0.00 0.00 0.00 0.00 0.00 0.00 0.00 0.00 0.00 0.00 0.00 0.00 0.00 0.00 0.00 0.00 0.00 0.00 0.00 0.00 0.00 0.00 0.00 0.00 0.00 0.00 0.00 0.00 0.00
0.00 0.00 0.00 0.00 0.00 0.00 0.00 0.00 0.00 0.00 0.00 0.00 0.00 0.00 0.00 0.00 0.00 0.00 0.00 0.00 0.00 0.00 0.00 0.00 0.00 0.00 0.00 0.00 0.00 0.00 0.00 0.00 0.00 0.00 0.00 0.00 0.00 0.00 0.00 0.00 0.00 0.00 0.00 0.00 0.00 0.00 0.00 0.00 0.00 0.00
0.00 0.00 0.00 0.00 0.00 0.00 0.00 0.00 0.00 0.00 -41.45 -1.97 -0.01 -0.00 -0.00 0.00 -0.00 -0.00 -0.00 -6.23 -202.71 -42.95 -5.52 -2.72 -0.12 -0.01 -5.29 -4.68 -6.42 -52.08 -421.80 -161.38 -50.55 -42.90 -7.80 -2.53 -47.75 -57.88 -61.38 -185.69 -660.99 -342.86 -162.30 -154.85 -51.86 -27.77 -156.84 -187.53 -190.45 -380.63
0.00 0.00 0.00 0.00 0.00 0.00 0.00 0.00 0.00 0.00 -41.45 -1.97 -0.01 -0.00 -0.00 0.00 -0.00 -0.00 -0.00 -6.23 -202.71 -42.95 -5.52 -2.72 -0.12 -0.01 -5.29 -4.68 -6.42 -52.08 -421.80 -161.38 -50.55 -42.90 -7.80 -2.53 -47.75 -57.88 -61.38 -185.69 -660.99 -342.86 -162.30 -154.85 -51.86 -27.77 -156.84 -187.53 -190.45 -380.63
0.00 0.00 0.00 0.00 0.00 0.00 0.00 0.00 0.00 0.00 -41.45 -1.97 -0.01 -0.00 -0.00 0.00 -0.00 -0.00 -0.00 -6.23 -202.71 -42.95 -5.52 -2.72 -0.12 -0.01 -5.29 -4.68 -6.42 -52.08 -421.80 -161.38 -50.55 -42.90 -7.80 -2.53 -47.75 -57.88 -61.38 -185.69 -660.99 -342.86 -162.30 -154.85 -51.86 -27.77 -156.84 -187.53 -190.45 -380.63
0.00 0.00 0.00 0.00 0.00 0.00 0.00 0.00 0.00 0.00 -41.45 -1.97 -0.01 -0.00 -0.00 0.00 -0.00 -0.00 -0.00 -6.23 -202.71 -42.95 -5.52 -2.72 -0.12 -0.01 -5.29 -4.68 -6.42 -52.08 -421.80 -161.38 -50.55 -42.90 -7.80 -2.53 -47.75 -57.88 -61.38 -185.69 -660.99 -342.86 -162.30 -154.85 -51.86 -27.77 -156.84 -187.53 -190.45 -380.63
0.00 0.00 0.00 0.00 0.00 0.00 0.00 0.00 0.00 0.00 -41.45 -1.97 -0.01 -0.00 -0.00 0.00 -0.00 -0.00 -0.00 -6.23 -202.71 -42.95 -5.52 -2.72 -0.12 -0.01 -5.29 -4.68 -6.42 -52.08 -421.80 -161.38 -50.55 -42.90 -7.80 -2.53 -47.75 -57.88 -61.38 -185.69 -660.99 -342.86 -162.30 -154.85 -51.86 -27.77 -156.84 -187.53 -190.45 -380.63
0.00 0.00 0.00 0.00 0.00 0.00 0.00 0.00 0.00 0.00 -41.45 -1.97 -0.01 -0.00 -0.00 0.00 -0.00 -0.00 -0.00 -6.23 -202.71 -42.95 -5.52 -2.72 -0.12 -0.01 -5.29 -4.68 -6.42 -52.08 -421.80 -161.38 -50.55 -42.90 -7.80 -2.53 -47.75 -57.88 -61.38 -185.69 -660.99 -342.86 -162.30 -154.85 -51.86 -27.77 -156.84 -187.53 -190.45 -380.63
0.00 0.00 0.00 0.00 0.00 0.00 0.00 0.00 0.00 0.00 -41.45 -1.97 -0.01 -0.00 -0.00 0.00 -0.00 -0.00 -0.00 -6.23 -202.71 -42.95 -5.52 -2.72 -0.12 -0.01 -5.29 -4.68 -6.42 -52.08 -421.80 -161.38 -50.55 -42.90 -7.80 -2.53 -47.75 -57.88 -61.38 -185.69 -660.99 -342.86 -162.30 -154.85 -51.86 -27.77 -156.84 -187.53 -190.45 -380.63
0.00 0.00 0.00 0.00 0.00 0.00 0.00 0.00 0.00 0.00 -41.45 -1.97 -0.01 -0.00 -0.00 0.00 -0.00 -0.00 -0.00 -6.23 -202.71 -42.95 -5.52 -2.72 -0.12 -0.01 -5.29 -4.68 -6.42 -52.08 -421.80 -161.38 -50.55 -42.90 -7.80 -2.53 -47.75 -57.88 -61.38 -185.69 -660.99 -342.86 -162.30 -154.85 -51.86 -27.77 -156.84 -187.53 -190.45 -380.63
0.00 0.00 0.00 0.00 0.00 0.00 0.00 0.00 0.00 0.00 -41.45 -1.97 -0.01 -0.00 -0.00 0.00 -0.00 -0.00 -0.00 -6.23 -202.71 -42.95 -5.52 -2.72 -0.12 -0.01 -5.29 -4.68 -6.42 -52.08 -421.80 -161.38 -50.55 -42.90 -7.80 -2.53 -47.75 -57.88 -61.38 -185.69 -660.99 -342.86 -162.30 -154.85 -51.86 -27.77 -156.84 -187.53 -190.45 -380.63
0.00 0.00 0.00 0.00 0.00 0.00 0.00 0.00 0.00 0.00 -41.45 -1.97 -0.01 -0.00 -0.00 0.00 -0.00 -0.00 -0.00 -6.23 -202.71 -42.95 -5.52 -2.72 -0.12 -0.01 -5.29 -4.68 -6.42 -52.08 -421.80 -161.38 -50.55 -42.90 -7.80 -2.53 -47.75 -57.88 -61.38 -185.69 -660.99 -342.86 -162.30 -154.85 -51.86 -27.77 -156.84 -187.53 -190.45 -380.63
0.00 0.00 0.00 0.00 0.00 0.00 0.00 0.00 0.00 0.00 -41.45 -1.97 -0.01 -0.00 -0.00 0.00 -0.00 -0.00 -0.00 -6.23 -202.71 -42.95 -5.52 -2.72 -0.12 -0.01 -5.29 -4.68 -6.42 -52.08 -421.80 -161.38 -50.55 -42.90 -7.80 -2.53 -47.75 -57.88 -61.38 -185.69 -660.99 -342.86 -162.30 -154.85 -51.86 -27.77 -156.84 -187.53 -190.45 -380.63
0.00 0.00 0.00 0.00 0.00 0.00 0.00 0.00 0.00 0.00 -41.45 -1.97 -0.01 -0.00 -0.00 0.00 -0.00 -0.00 -0.00 -6.23 -202.71 -42.95 -5.52 -2.72 -0.12 -0.01 -5.29 -4.68 -6.42 -52.08 -421.80 -161.38 -50.55 -42.90 -7.80 -2.53 -47.75 -57.88 -61.38 -185.69 -660.99 -342.86 -162.30 -154.85 -51.86 -27.77 -156.84 -187.53 -190.45 -380.63
0.00 0.00 0.00 0.00 0.00 0.00 0.00 0.00 0.00 0.00 -41.45 -1.97 -0.01 -0.00 -0.00 0.00 -0.00 -0.00 -0.00 -6.23 -202.71 -42.95 -5.52 -2.72 -0.12 -0.01 -5.29 -4.68 -6.42 -52.08 -421.80 -161.38 -50.55 -42.90 -7.80 -2.53 -47.75 -57.88 -61.38 -185.69 -660.99 -342.86 -162.30 -154.85 -51.86 -27.77 -156.84 -187.53 -190.45 -380.63
0.00 0.00 0.00 0.00 0.00 0.00 0.00 0.00 0.00 0.00 -41.45 -1.97 -0.01 -0.00 -0.00 0.00 -0.00 -0.00 -0.00 -6.23 -202.71 -42.95 -5.52 -2.72 -0.12 -0.01 -5.29 -4.68 -6.42 -52.08 -421.80 -161.38 -50.55 -42.90 -7.80 -2.53 -47.75 -57.88 -61.38 -185.69 -660.99 -342.86 -162.30 -154.85 -51.86 -27.77 -156.84 -187.53 -190.45 -380.63
0.00 0.00 0.00 0.00 0.00 0.00 0.00 0.00 0.00 0.00 -41.45 -1.97 -0.01 -0.00 -0.00 0.00 -0.00 -0.00 -0.00 -6.23 -202.71 -42.95 -5.52 -2.72 -0.12 -0.01 -5.29 -4.68 -6.42 -52.08 -421.80 -161.38 -50.55 -42.90 -7.80 -2.53 -47.75 -57.88 -61.38 -185.69 -660.99 -342.86 -162.30 -154.85 -51.86 -27.77 -156.84 -187.53 -190.45 -380.63
0.00 0.00 0.00 0.00 0.00 0.00 0.00 0.00 0.00 0.00 -41.45 -1.97 -0.01 -0.00 -0.00 0.00 -0.00 -0.00 -0.00 -6.23 -202.71 -42.95 -5.52 -2.72 -0.12 -0.01 -5.29 -4.68 -6.42 -52.08 -421.80 -161.38 -50.55 -42.90 -7.80 -2.53 -47.75 -57.88 -61.38 -185.69 -660.99 -342.86 -162.30 -154.85 -51.86 -27.77 -156.84 -187.53 -190.45 -380.63
0.00 0.00 0.00 0.00 0.00 0.00 0.00 0.00 0.00 0.00 -41.45 -1.97 -0.01 -0.00 -0.00 0.00 -0.00 -0.00 -0.00 -6.23 -202.71 -42.95 -5.52 -2.72 -0.12 -0.01 -5.29 -4.68 -6.42 -52.08 -421.80 -161.38 -50.55 -42.90 -7.80 -2.53 -47.75 -57.88 -61.38 -185.69 -660.99 -342.86 -162.30 -154.85 -51.86 -27.77 -156.84 -187.53 -190.45 -380.63
0.00 0.00 0.00 0.00 0.00 0.00 0.00 0.00 0.00 0.00 -41.45 -1.97 -0.01 -0.00 -0.00 0.00 -0.00 -0.00 -0.00 -6.23 -202.71 -42.95 -5.52 -2.72 -0.12 -0.01 -5.29 -4.68 -6.42 -52.08 -421.80 -161.38 -50.55 -42.90 -7.80 -2.53 -47.75 -57.88 -61.38 -185.69 -660.99 -342.86 -162.30 -154.85 -51.86 -27.77 -156.84 -187.53 -190.45 -380.63
0.00 0.00 0.00 0.00 0.00 0.00 0.00 0.00 0.00 0.00 -41.45 -1.97 -0.01 -0.00 -0.00 0.00 -0.00 -0.00 -0.00 -6.23 -202.71 -42.95 -5.52 -2.72 -0.12 -0.01 -5.29 -4.68 -6.42 -52.08 -421.80 -161.38 -50.55 -42.90 -7.80 -2.53 -47.75 -57.88 -61.38 -185.69 -660.99 -342.86 -162.30 -154.85 -51.86 -27.77 -156.84 -187.53 -190.45 -380.63
0.00 0.00 0.00 0.00 0.00 0.00 0.00 0.00 0.00 0.00 -41.45 -1.97 -0.01 -0.00 -0.00 0.00 -0.00 -0.00 -0.00 -6.23 -202.71 -42.95 -5.52 -2.72 -0.12 -0.01 -5.29 -4.68 -6.42 -52.08 -421.80 -161.38 -50.55 -42.90 -7.80 -2.53 -47.75 -57.88 -61.38 -185.69 -660.99 -342.86 -162.30 -154.85 -51.86 -27.77 -156.84 -187.53 -190.45 -380.63
0.00 0.00 0.00 0.00 0.00 0.00 0.00 0.00 0.00 0.00 -41.45 -1.97 -0.01 -0.00 -0.00 0.00 -0.00 -0.00 -0.00 -6.23 -202.71 -42.95 -5.52 -2.72 -0.12 -0.01 -5.29 -4.68 -6.42 -52.08 -421.80 -161.38 -50.55 -42.90 -7.80 -2.53 -47.75 -57.88 -61.38 -185.69 -660.99 -342.86 -162.30 -154.85 -51.86 -27.77 -156.84 -187.53 -190.45 -380.63
0.00 0.00 0.00 0.00 0.00 0.00 0.00 0.00 0.00 0.00 -41.45 -1.97 -0.01 -0.00 -0.00 0.00 -0.00 -0.00 -0.00 -6.23 -202.71 -42.95 -5.52 -2.72 -0.12 -0.01 -5.29 -4.68 -6.42 -52.08 -421.80 -161.38 -50.55 -42.90 -7.80 -2.53 -47.75 -57.88 -61.38 -185.69 -660.99 -342.86 -162.30 -154.85 -51.86 -27.77 -156.84 -187.53 -190.45 -380.63
0.00 0.00 0.00 0.00 0.00 0.00 0.00 0.00 0.00 0.00 -41.45 -1.97 -0.01 -0.00 -0.00 0.00 -0.00 -0.00 -0.00 -6.23 -202.71 -42.95 -5.52 -2.72 -0.12 -0.01 -5.29 -4.68 -6.42 -52.08 -421.80 -161.38 -50.55 -42.90 -7.80 -2.53 -47.75 -57.88 -61.38 -185.69 -660.99 -342.86 -162.30 -154.85 -51.86 -27.77 -156.84 -187.53 -190.45 -380.63
0.00 0.00 0.00 0.00 0.00 0.00 0.00 0.00 0.00 0.00 -41.45 -1.97 -0.01 -0.00 -0.00 0.00 -0.00 -0.00 -0.00 -6.23 -202.71 -42.95 -5.52 -2.72 -0.12 -0.01 -5.29 -4.68 -6.42 -52.08 -421.80 -161.38 -50.55 -42.90 -7.80 -2.53 -47.75 -57.88 -61.38 -185.69 -660.99 -342.86 -162.30 -154.85 -51.86 -27.77 -156.84 -187.53 -190.45 -380.63
0.00 0.00 0.00 0.00 0.00 0.00 0.00 0.00 0.00 0.00 -41.45 -1.97 -0.01 -0.00 -0.00 0.00 -0.00 -0.00 -0.00 -6.23 -202.71 -42.95 -5.52 -2.72 -0.12 -0.01 -5.29 -4.68 -6.42 -52.08 -421.80 -161.38 -50.55 -42.90 -7.80 -2.53 -47.75 -57.88 -61.38 -185.69 -660.99 -342.86 -162.30 -154.85 -51.86 -27.77 -156.84 -187.53 -190.45 -380.63
0.00 0.00 0.00 0.00 0.00 0.00 0.00 0.00 0.00 0.00 -41.45 -1.97 -0.01 -0.00 -0.00 0.00 -0.00 -0.00 -0.00 -6.23 -202.71 -42.95 -5.52 -2.72 -0.12 -0.01 -5.29 -4.68 -6.42 -52.08 -421.80 -161.38 -50.55 -42.90 -7.80 -2.53 -47.75 -57.88 -61.38 -185.69 -660.99 -342.86 -162.30 -154.85 -51.86 -27.77 -156.84 -187.53 -190.45 -380.63
0.00 0.00 0.00 0.00 0.00 0.00 0.00 0.00 0.00 0.00 -41.45 -1.97 -0.01 -0.00 -0.00 0.00 -0.00 -0.00 -0.00 -6.23 -202.71 -42.95 -5.52 -2.72 -0.12 -0.01 -5.29 -4.68 -6.42 -52.08 -421.80 -161.38 -50.55 -42.90 -7.80 -2.53 -47.75 -57.88 -61.38 -185.69 -660.99 -342.86 -162.30 -154.85 -51.86 -27.77 -156.84 -187.53 -190.45 -380.63
0.00 0.00 0.00 0.00 0.00 0.00 0.00 0.00 0.00 0.00 -41.45 -1.97 -0.01 -0.00 -0.00 0.00 -0.00 -0.00 -0.00 -6.23 -202.71 -42.95 -5.52 -2.72 -0.12 -0.01 -5.29 -4.68 -6.42 -52.08 -421.80 -161.38 -50.55 -42.90 -7.80 -2.53 -47.75 -57.88 -61.38 -185.69 -660.99 -342.86 -162.30 -154.85 -51.86 -27.77 -156.84 -187.53 -190.45 -380.63
0.00 0.00 0.00 0.00 0.00 0.00 0.00 0.00 0.00 0.00 -41.45 -1.97 -0.01 -0.00 -0.00 0.00 -0.00 -0.00 -0.00 -6.23 -202.71 -42.95 -5.52 -2.72 -0.12 -0.01 -5.29 -4.68 -6.42 -52.08 -421.80 -161.38 -50.55 -42.90 -7.80 -2.53 -47.75 -57.88 -61.38 -185.69 -660.99 -342.86 -162.30 -154.85 -51.86 -27.77 -156.84 -187.53 -190.45 -380.63
0.00 0.00 0.00 0.00 0.00 0.00 0.00 0.00 0.00 0.00 -41.45 -1.97 -0.01 -0.00 -0.00 0.00 -0.00 -0.00 -0.00 -6.23 -202.71 -42.95 -5.52 -2.72 -0.12 -0.01 -5.29 -4.68 -6.42 -52.08 -421.80 -161.38 -50.55 -42.90 -7.80 -2.53 -47.75 -57.88 -61.38 -185.69 -660.99 -342.86 -162.30 -154.85 -51.86 -27.77 -156.84 -187.53 -190.45 -380.63
0.00 0.00 0.00 0.00 0.00 0.00 0.00 0.00 0.00 0.00 -41.45 -1.97 -0.01 -0.00 -0.00 0.00 -0.00 -0.00 -0.00 -6.23 -202.71 -42.95 -5.52 -2.72 -0.12 -0.01 -5.29 -4.68 -6.42 -52.08 -421.80 -161.38 -50.55 -42.90 -7.80 -2.53 -47.75 -57.88 -61.38 -185.69 -660.99 -342.86 -162.30 -154.85 -51.86 -27.77 -156.84 -187.53 -190.45 -380.63
0.00 0.00 0.00 0.00 0.00 0.00 0.00 0.00 0.00 0.00 -41.45 -1.97 -0.01 -0.00 -0.00 0.00 -0.00 -0.00 -0.00 -6.23 -202.71 -42.95 -5.52 -2.72 -0.12 -0.01 -5.29 -4.68 -6.42 -52.08 -421.80 -161.38 -50.55 -42.90 -7.80 -2.53 -47.75 -57.88 -61.38 -185.69 -660.99 -342.86 -162.30 -154.85 -51.86 -27.77 -156.84 -187.53 -190.45 -380.63
0.00 0.00 0.00 0.00 0.00 0.00 0.00 0.00 0.00 0.00 -41.45 -1.97 -0.01 -0.00 -0.00 0.00 -0.00 -0.00 -0.00 -6.23 -202.71 -42.95 -5.52 -2.72 -0.12 -0.01 -5.29 -4.68 -6.42 -52.08 -421.80 -161.38 -50.55 -42.90 -7.80 -2.53 -47.75 -57.88 -61.38 -185.69 -660.99 -342.86 -162.30 -154.85 -51.86 -27.77 -156.84 -187.53 -190.45 -380.63
0.00 0.00 0.00 0.00 0.00 0.00 0.00 0.00 0.00 0.00 -35.29 -1.47 -0.01 -0.00 -0.00 0.00 -0.00 -0.00 -0.00 -2.77 -185.18 -35.49 -3.87 -1.69 -0.07 -0.00 -3.45 -2.11 -4.21 -54.23 -397.53 -140.75 -39.93 -30.76 -5.63 -0.35 -43.95 -31.26 -44.28 -193.13 -633.38 -309.10 -134.01 -124.67 -41.60 -7.76 -148.57 -122.78 -149.01 -389.77
0.00 0.00 0.00 0.00 0.00 0.00 0.00 0.00 0.00 0.00 -35.29 -1.47 -0.01 -0.00 -0.00 0.00 -0.00 -0.00 -0.00 -2.77 -185.18 -35.49 -3.87 -1.69 -0.07 -0.00 -3.45 -2.11 -4.21 -54.23 -397.53 -140.75 -39.93 -30.76 -5.63 -0.35 -43.95 -31.26 -44.28 -193.13 -633.38 -309.10 -134.01 -124.67 -41.60 -7.76 -148.57 -122.78 -149.01 -389.77
0.00 0.00 0.00 0.00 0.00 0.00 0.00 0.00 0.00 0.00 -35.29 -1.47 -0.01 -0.00 -0.00 0.00 -0.00 -0.00 -0.00 -2.77 -185.18 -35.49 -3.87 -1.69 -0.07 -0.00 -3.45 -2.11 -4.21 -54.23 -397.53 -140.75 -39.93 -30.76 -5.63 -0.35 -43.95 -31.26 -44.28 -193.13 -633.38 -309.10 -134.01 -124.67 -41.60 -7.76 -148.57 -122.78 -149.01 -389.77
0.00 0.00 0.00 0.00 0.00 0.00 0.00 0.00 0.00 0.00 -35.29 -1.47 -0.01 -0.00 -0.00 0.00 -0.00 -0.00 -0.00 -2.77 -185.18 -35.49 -3.87 -1.69 -0.07 -0.00 -3.45 -2.11 -4.21 -54.23 -397.53 -140.75 -39.93 -30.76 -5.63 -0.35 -43.95 -31.26 -44.28 -193.13 -633.38 -309.10 -134.01 -124.67 -41.60 -7.76 -148.57 -122.78 -149.01 -389.77
0.00 0.00 0.00 0.00 0.00 0.00 0.00 0.00 0.00 0.00 -35.29 -1.47 -0.01 -0.00 -0.00 0.00 -0.00 -0.00 -0.00 -2.77 -185.18 -35.49 -3.87 -1.69 -0.07 -0.00 -3.45 -2.11 -4.21 -54.23 -397.53 -140.75 -39.93 -30.76 -5.63 -0.35 -43.95 -31.26 -44.28 -193.13 -633.38 -309.10 -134.01 -124.67 -41.60 -7.76 -148.57 -122.78 -149.01 -389.77
0.00 0.00 0.00 0.00 0.00 0.00 0.00 0.00 0.00 0.00 -35.29 -1.47 -0.01 -0.00 -0.00 0.00 -0.00 -0.00 -0.00 -2.77 -185.18 -35.49 -3.87 -1.69 -0.07 -0.00 -3.45 -2.11 -4.21 -54.23 -397.53 -140.75 -39.93 -30.76 -5.63 -0.35 -43.95 -31.26 -44.28 -193.13 -633.38 -309.10 -134.01 -124.67 -41.60 -7.76 -148.57 -122.78 -149.01 -389.77
0.00 0.00 0.00 0.00 0.00 0.00 0.00 0.00 0.00 0.00 -35.29 -1.47 -0.01 -0.00 -0.00 0.00 -0.00 -0.00 -0.00 -2.77 -185.18 -35.49 -3.87 -1.69 -0.07 -0.00 -3.45 -2.11 -4.21 -54.23 -397.53 -140.75 -39.93 -30.76 -5.63 -0.35 -43.95 -31.26 -44.28 -193.13 -633.38 -309.10 -134.01 -124.67 -41.60 -7.76 -148.57 -122.78 -149.01 -389.77
0.00 0.00 0.00 0.00 0.00 0.00 0.00 0.00 0.00 0.00 -35.29 -1.47 -0.01 -0.00 -0.00 0.00 -0.00 -0.00 -0.00 -2.77 -185.18 -35.49 -3.87 -1.69 -0.07 -0.00 -3.45 -2.11 -4.21 -54.23 -397.53 -140.75 -39.93 -30.76 -5.63 -0.35 -43.95 -31.26 -44.28 -193.13 -633.38 -309.10 -134.01 -124.67 -41.60 -7.76 -148.57 -122.78 -149.01 -389.77
0.00 0.00 0.00 0.00 0.00 0.00 0.00 0.00 0.00 0.00 -35.29 -1.47 -0.01 -0.00 -0.00 0.00 -0.00 -0.00 -0.00 -2.77 -185.18 -35.49 -3.87 -1.69 -0.07 -0.00 -3.45 -2.11 -4.21 -54.23 -397.53 -140.75 -39.93 -30.76 -5.63 -0.35 -43.95 -31.26 -44.28 -193.13 -633.38 -309.10 -134.01 -124.67 -41.60 -7.76 -148.57 -122.78 -149.01 -389.77
0.00 0.00 0.00 0.00 0.00 0.00 0.00 0.00 0.00 0.00 -35.29 -1.47 -0.01 -0.00 -0.00 0.00 -0.00 -0.00 -0.00 -2.77 -185.18 -35.49 -3.87 -1.69 -0.07 -0.00 -3.45 -2.11 -4.21 -54.23 -397.53 -140.75 -39.93 -30.76 -5.63 -0.35 -43.95 -31.26 -44.28 -193.13 -633.38 -309.10 -134.01 -124.67 -41.60 -7.76 -148.57 -122.78 -149.01 -389.77
0.00 0.00 0.00 0.00 0.00 0.00 0.00 0.00 0.00 0.00 -35.29 -1.47 -0.01 -0.00 -0.00 0.00 -0.00 -0.00 -0.00 -2.77 -185.18 -35.49 -3.87 -1.69 -0.07 -0.00 -3.45 -2.11 -4.21 -54.23 -397.53 -140.75 -39.93 -30.76 -5.63 -0.35 -43.95 -31.26 -44.28 -193.13 -633.38 -309.10 -134.01 -124.67 -41.60 -7.76 -148.57 -122.78 -149.01 -389.77
0.00 0.00 0.00 0.00 0.00 0.00 0.00 0.00 0.00 0.00 -35.29 -1.47 -0.01 -0.00 -0.00 0.00 -0.00 -0.00 -0.00 -2.77 -185.18 -35.49 -3.87 -1.69 -0.07 -0.00 -3.45 -2.11 -4.21 -54.23 -397.53 -140.75 -39.93 -30.76 -5.63 -0.35 -43.95 -31.26 -44.28 -193.13 -633.38 -309.10 -134.01 -124.67 -41.60 -7.76 -148.57 -122.78 -149.01 -389.77
0.00 0.00 0.00 0.00 0.00 0.00 0.00 0.00 0.00 0.00 -35.29 -1.47 -0.01 -0.00 -0.00 0.00 -0.00 -0.00 -0.00 -2.77 -185.18 -35.49 -3.87 -1.69 -0.07 -0.00 -3.45 -2.11 -4.21 -54.23 -397.53 -140.75 -39.93 -30.76 -5.63 -0.35 -43.95 -31.26 -44.28 -193.13 -633.38 -309.10 -134.01 -124.67 -41.60 -7.76 -148.57 -122.78 -149.01 -389.77
0.00 0.00 0.00 0.00 0.00 0.00 0.00 0.00 0.00 0.00 -35.29 -1.47 -0.01 -0.00 -0.00 0.00 -0.00 -0.00 -0.00 -2.77 -185.18 -35.49 -3.87 -1.69 -0.07 -0.00 -3.45 -2.11 -4.21 -54.23 -397.53 -140.75 -39.93 -30.76 -5.63 -0.35 -43.95 -31.26 -44.28 -193.13 -633.38 -309.10 -134.01 -124.67 -41.60 -7.76 -148.57 -122.78 -149.01 -389.77
0.00 0.00 0.00 0.00 0.00 0.00 0.00 0.00 0.00 0.00 -35.29 -1.47 -0.01 -0.00 -0.00 0.00 -0.00 -0.00 -0.00 -2.77 -185.18 -35.49 -3.87 -1.69 -0.07 -0.00 -3.45 -2.11 -4.21 -54.23 -397.53 -140.75 -39.93 -30.76 -5.63 -0.35 -43.95 -31.26 -44.28 -193.13 -633.38 -309.10 -134.01 -124.67 -41.60 -7.76 -148.57 -122.78 -149.01 -389.77
0.00 0.00 0.00 0.00 0.00 0.00 0.00 0.00 0.00 0.00 -35.29 -1.47 -0.01 -0.00 -0.00 0.00 -0.00 -0.00 -0.00 -2.77 -185.18 -35.49 -3.87 -1.69 -0.07 -0.00 -3.45 -2.11 -4.21 -54.23 -397.53 -140.75 -39.93 -30.76 -5.63 -0.35 -43.95 -31.26 -44.28 -193.13 -633.38 -309.10 -134.01 -124.67 -41.60 -7.76 -148.57 -122.78 -149.01 -389.77
0.00 0.00 0.00 0.00 0.00 0.00 0.00 0.00 0.00 0.00 -35.29 -1.47 -0.01 -0.00 -0.00 0.00 -0.00 -0.00 -0.00 -2.77 -185.18 -35.49 -3.87 -1.69 -0.07 -0.00 -3.45 -2.11 -4.21 -54.23 -397.53 -140.75 -39.93 -30.76 -5.63 -0.35 -43.95 -31.26 -44.28 -193.13 -633.38 -309.10 -134.01 -124.67 -41.60 -7.76 -148.57 -122.78 -149.01 -389.77
0.00 0.00 0.00 0.00 0.00 0.00 0.00 0.00 0.00 0.00 -35.29 -1.47 -0.01 -0.00 -0.00 0.00 -0.00 -0.00 -0.00 -2.77 -185.18 -35.49 -3.87 -1.69 -0.07 -0.00 -3.45 -2.11 -4.21 -54.23 -397.53 -140.75 -39.93 -30.76 -5.63 -0.35 -43.95 -31.26 -44.28 -193.13 -633.38 -309.10 -134.01 -124.67 -41.60 -7.76 -148.57 -122.78 -149.01 -389.77
0.00 0.00 0.00 0.00 0.00 0.00 0.00 0.00 0.00 0.00 -35.29 -1.47 -0.01 -0.00 -0.00 0.00 -0.00 -0.00 -0.00 -2.77 -185.18 -35.49 -3.87 -1.69 -0.07 -0.00 -3.45 -2.11 -4.21 -54.23 -397.53 -140.75 -39.93 -30.76 -5.63 -0.35 -43.95 -31.26 -44.28 -193.13 -633.38 -309.10 -134.01 -124.67 -41.60 -7.76 -148.57 -122.78 -149.01 -389.77
0.00 0.00 0.00 0.00 0.00 0.00 0.00 0.00 0.00 0.00 -35.29 -1.47 -0.01 -0.00 -0.00 0.00 -0.00 -0.00 -0.00 -2.77 -185.18 -35.49 -3.87 -1.69 -0.07 -0.00 -3.45 -2.11 -4.21 -54.23 -397.53 -140.75 -39.93 -30.76 -5.63 -0.35 -43.95 -31.26 -44.28 -193.13 -633.38 -309.10 -134.01 -124.67 -41.60 -7.76 -148.57 -122.78 -149.01 -389.77
0.00 0.00 0.00 0.00 0.00 0.00 0.00 0.00 0.00 0.00 -35.29 -1.47 -0.01 -0.00 -0.00 0.00 -0.00 -0.00 -0.00 -2.77 -185.18 -35.49 -3.87 -1.69 -0.07 -0.00 -3.45 -2.11 -4.21 -54.23 -397.53 -140.75 -39.93 -30.76 -5.63 -0.35 -43.95 -31.26 -44.28 -193.13 -633.38 -309.10 -134.01 -124.67 -41.60 -7.76 -148.57 -122.78 -149.01 -389.77
0.00 0.00 0.00 0.00 0.00 0.00 0.00 0.00 0.00 0.00 -35.29 -1.47 -0.01 -0.00 -0.00 0.00 -0.00 -0.00 -0.00 -2.77 -185.18 -35.49 -3.87 -1.69 -0.07 -0.00 -3.45 -2.11 -4.21 -54.23 -397.53 -140.75 -39.93 -30.76 -5.63 -0.35 -43.95 -31.26 -44.28 -193.13 -633.38 -309.10 -134.01 -124.67 -41.60 -7.76 -148.57 -122.78 -149.01 -389.77
0.00 0.00 0.00 0.00 0.00 0.00 0.00 0.00 0.00 0.00 -35.29 -1.47 -0.01 -0.00 -0.00 0.00 -0.00 -0.00 -0.00 -2.77 -185.18 -35.49 -3.87 -1.69 -0.07 -0.00 -3.45 -2.11 -4.21 -54.23 -397.53 -140.75 -39.93 -30.76 -5.63 -0.35 -43.95 -31.26 -44.28 -193.13 -633.38 -309.10 -134.01 -124.67 -41.60 -7.76 -148.57 -122.78 -149.01 -389.77
0.00 0.00 0.00 0.00 0.00 0.00 0.00 0.00 0.00 0.00 -35.29 -1.47 -0.01 -0.00 -0.00 0.00 -0.00 -0.00 -0.00 -2.77 -185.18 -35.49 -3.87 -1.69 -0.07 -0.00 -3.45 -2.11 -4.21 -54.23 -397.53 -140.75 -39.93 -30.76 -5.63 -0.35 -43.95 -31.26 -44.28 -193.13 -633.38 -309.10 -134.01 -124.67 -41.60 -7.76 -148.57 -122.78 -149.01 -389.77
0.00 0.00 0.00 0.00 0.00 0.00 0.00 0.00 0.00 0.00 -35.29 -1.47 -0.01 -0.00 -0.00 0.00 -0.00 -0.00 -0.00 -2.77 -185.18 -35.49 -3.87 -1.69 -0.07 -0.00 -3.45 -2.11 -4.21 -54.23 -397.53 -140.75 -39.93 -30.76 -5.63 -0.35 -43.95 -31.26 -44.28 -193.13 -633.38 -309.10 -134.01 -124.67 -41.60 -7.76 -148.57 -122.78 -149.01 -389.77
0.00 0.00 0.00 0.00 0.00 0.00 0.00 0.00 0.00 0.00 -35.29 -1.47 -0.01 -0.00 -0.00 0.00 -0.00 -0.00 -0.00 -2.77 -185.18 -35.49 -3.87 -1.69 -0.07 -0.00 -3.45 -2.11 -4.21 -54.23 -397.53 -140.75 -39.93 -30.76 -5.63 -0.35 -43.95 -31.26 -44.28 -193.13 -633.38 -309.10 -134.01 -124.67 -41.60 -7.76 -148.57 -122.78 -149.01 -389.77
0.00 0.00 0.00 0.00 0.00 0.00 0.00 0.00 0.00 0.00 -35.29 -1.47 -0.01 -0.00 -0.00 0.00 -0.00 -0.00 -0.00 -2.77 -185.18 -35.49 -3.87 -1.69 -0.07 -0.00 -3.45 -2.11 -4.21 -54.23 -397.53 -140.75 -39.93 -30.76 -5.63 -0.35 -43.95 -31.26 -44.28 -193.13 -633.38 -309.10 -134.01 -124.67 -41.60 -7.76 -148.57 -122.78 -149.01 -389.77
0.00 0.00 0.00 0.00 0.00 0.00 0.00 0.00 0.00 0.00 -35.29 -1.47 -0.01 -0.00 -0.00 0.00 -0.00 -0.00 -0.00 -2.77 -185.18 -35.49 -3.87 -1.69 -0.07 -0.00 -3.45 -2.11 -4.21 -54.23 -397.53 -140.75 -39.93 -30.76 -5.63 -0.35 -43.95 -31.26 -44.28 -193.13 -633.38 -309.10 -134.01 -124.67 -41.60 -7.76 -148.57 -122.78 -149.01 -389.77
0.00 0.00 0.00 0.00 0.00 0.00 0.00 0.00 0.00 0.00 -35.29 -1.47 -0.01 -0.00 -0.00 0.00 -0.00 -0.00 -0.00 -2.77 -185.18 -35.49 -3.87 -1.69 -0.07 -0.00 -3.45 -2.11 -4.21 -54.23 -397.53 -140.75 -39.93 -30.76 -5.63 -0.35 -43.95 -31.26 -44.28 -193.13 -633.38 -309.10 -134.01 -124.67 -41.60 -7.76 -148.57 -122.78 -149.01 -389.77
0.00 0.00 0.00 0.00 0.00 0.00 0.00 0.00 0.00 0.00 -35.29 -1.47 -0.01 -0.00 -0.00 0.00 -0.00 -0.00 -0.00 -2.77 -185.18 -35.49 -3.87 -1.69 -0.07 -0.00 -3.45 -2.11 -4.21 -54.23 -397.53 -140.75 -39.93 -30.76 -5.63 -0.35 -43.95 -31.26 -44.28 -193.13 -633.38 -309.10 -134.01 -124.67 -41.60 -7.76 -148.57 -122.78 -149.01 -389.77
0.00 0.00 0.00 0.00 0.00 0.00 0.00 0.00 0.00 0.00 -35.29 -1.47 -0.01 -0.00 -0.00 0.00 -0.00 -0.00 -0.00 -2.77 -185.18 -35.49 -3.87 -1.69 -0.07 -0.00 -3.45 -2.11 -4.21 -54.23 -397.53 -140.75 -39.93 -30.76 -5.63 -0.35 -43.95 -31.26 -44.28 -193.13 -633.38 -309.10 -134.01 -124.67 -41.60 -7.76 -148.57 -122.78 -149.01 -389.77
0.00 0.00 0.00 0.00 0.00 0.00 0.00 0.00 0.00 0.00 -35.29 -1.47 -0.01 -0.00 -0.00 0.00 -0.00 -0.00 -0.00 -2.77 -185.18 -35.49 -3.87 -1.69 -0.07 -0.00 -3.45 -2.11 -4.21 -54.23 -397.53 -140.75 -39.93 -30.76 -5.63 -0.35 -43.95 -31.26 -44.28 -193.13 -633.38 -309.10 -134.01 -124.67 -41.60 -7.76 -148.57 -122.78 -149.01 -389.77
0.00 0.00 0.00 0.00 0.00 0.00 0.00 0.00 0.00 0.00 -35.29 -1.47 -0.01 -0.00 -0.00 0.00 -0.00 -0.00 -0.00 -2.77 -185.18 -35.49 -3.87 -1.69 -0.07 -0.00 -3.45 -2.11 -4.21 -54.23 -397.53 -140.75 -39.93 -30.76 -5.63 -0.35 -43.95 -31.26 -44.28 -193.13 -633.38 -309.10 -134.01 -124.67 -41.60 -7.76 -148.57 -122.78 -149.01 -389.77
0.00 0.00 0.00 0.00 0.00 0.00 0.00 0.00 0.00 0.00 -35.29 -1.47 -0.01 -0.00 -0.00 0.00 -0.00 -0.00 -0.00 -2.77 -185.18 -35.49 -3.87 -1.69 -0.07 -0.00 -3.45 -2.11 -4.21 -54.23 -397.53 -140.75 -39.93 -30.76 -5.63 -0.35 -43.95 -31.26 -44.28 -193.13 -633.38 -309.10 -134.01 -124.67 -41.60 -7.76 -148.57 -122.78 -149.01 -389.77
0.00 0.00 0.00 0.00 0.00 0.00 0.00 0.00 0.00 0.00 -35.29 -1.47 -0.01 -0.00 -0.00 0.00 -0.00 -0.00 -0.00 -2.77 -185.18 -35.49 -3.87 -1.69 -0.07 -0.00 -3.45 -2.11 -4.21 -54.23 -397.53 -140.75 -39.93 -30.76 -5.63 -0.35 -43.95 -31.26 -44.28 -193.13 -633.38 -309.10 -134.01 -124.67 -41.60 -7.76 -148.57 -122.78 -149.01 -389.77
0.00 0.00 0.00 0.00 0.00 0.00 0.00 0.00 0.00 0.00 -35.29 -1.47 -0.01 -0.00 -0.00 0.00 -0.00 -0.00 -0.00 -2.77 -185.18 -35.49 -3.87 -1.69 -0.07 -0.00 -3.45 -2.11 -4.21 -54.23 -397.53 -140.75 -39.93 -30.76 -5.63 -0.35 -43.95 -31.26 -44.28 -193.13 -633.38 -309.10 -134.01 -124.67 -41.60 -7.76 -148.57 -122.78 -149.01 -389.77
0.00 0.00 0.00 0.00 0.00 0.00 0.00 0.00 0.00 0.00 -35.29 -1.47 -0.01 -0.00 -0.00 0.00 -0.00 -0.00 -0.00 -2.77 -185.18 -35.49 -3.87 -1.69 -0.07 -0.00 -3.45 -2.11 -4.21 -54.23 -397.53 -140.75 -39.93 -30.76 -5.63 -0.35 -43.95 -31.26 -44.28 -193.13 -633.38 -309.10 -134.01 -124.67 -41.60 -7.76 -148.57 -122.78 -149.01 -389.77
0.00 0.00 0.00 0.00 0.00 0.00 0.00 0.00 0.00 0.00 -35.29 -1.47 -0.01 -0.00 -0.00 0.00 -0.00 -0.00 -0.00 -2.77 -185.18 -35.49 -3.87 -1.69 -0.07 -0.00 -3.45 -2.11 -4.21 -54.23 -397.53 -140.75 -39.93 -30.76 -5.63 -0.35 -43.95 -31.26 -44.28 -193.13 -633.38 -309.10 -134.01 -124.67 -41.60 -7.76 -148.57 -122.78 -149.01 -389.77
0.00 0.00 0.00 0.00 0.00 0.00 0.00 0.00 0.00 0.00 -35.29 -1.47 -0.01 -0.00 -0.00 0.00 -0.00 -0.00 -0.00 -2.77 -185.18 -35.49 -3.87 -1.69 -0.07 -0.00 -3.45 -2.11 -4.21 -54.23 -397.53 -140.75 -39.93 -30.76 -5.63 -0.35 -43.95 -31.26 -44.28 -193.13 -633.38 -309.10 -134.01 -124.67 -41.60 -7.76 -148.57 -122.78 -149.01 -389.77
0.00 0.00 0.00 0.00 0.00 0.00 0.00 0.00 0.00 0.00 -35.29 -1.47 -0.01 -0.00 -0.00 0.00 -0.00 -0.00 -0.00 -2.77 -185.18 -35.49 -3.87 -1.69 -0.07 -0.00 -3.45 -2.11 -4.21 -54.23 -397.53 -140.75 -39.93 -30.76 -5.63 -0.35 -43.95 -31.26 -44.28 -193.13 -633.38 -309.10 -134.01 -124.67 -41.60 -7.76 -148.57 -122.78 -149.01 -389.77
0.00 0.00 0.00 0.00 0.00 0.00 0.00 0.00 0.00 0.00 -35.29 -1.47 -0.01 -0.00 -0.00 0.00 -0.00 -0.00 -0.00 -2.77 -185.18 -35.49 -3.87 -1.69 -0.07 -0.00 -3.45 -2.11 -4.21 -54.23 -397.53 -140.75 -39.93 -30.76 -5.63 -0.35 -43.95 -31.26 -44.28 -193.13 -633.38 -309.10 -134.01 -124.67 -41.60 -7.76 -148.57 -122.78 -149.01 -389.77
0.00 0.00 0.00 0.00 0.00 0.00 0.00 0.00 0.00 0.00 -35.29 -1.47 -0.01 -0.00 -0.00 0.00 -0.00 -0.00 -0.00 -2.77 -185.18 -35.49 -3.87 -1.69 -0.07 -0.00 -3.45 -2.11 -4.21 -54.23 -397.53 -140.75 -39.93 -30.76 -5.63 -0.35 -43.95 -31.26 -44.28 -193.13 -633.38 -309.10 -134.01 -124.67 -41.60 -7.76 -148.57 -122.78 -149.01 -389.77
0.00 0.00 0.00 0.00 0.00 0.00 0.00 0.00 0.00 0.00 -35.29 -1.47 -0.01 -0.00 -0.00 0.00 -0.00 -0.00 -0.00 -2.77 -185.18 -35.49 -3.87 -1.69 -0.07 -0.00 -3.45 -2.11 -4.21 -54.23 -397.53 -140.75 -39.93 -30.76 -5.63 -0.35 -43.95 -31.26 -44.28 -193.13 -633.38 -309.10 -134.01 -124.67 -41.60 -7.76 -148.57 -122.78 -149.01 -389.77
0.00 0.00 0.00 0.00 0.00 0.00 0.00 0.00 0.00 0.00 -35.29 -1.47 -0.01 -0.00 -0.00 0.00 -0.00 -0.00 -0.00 -2.77 -185.18 -35.49 -3.87 -1.69 -0.07 -0.00 -3.45 -2.11 -4.21 -54.23 -397.53 -140.75 -39.93 -30.76 -5.63 -0.35 -43.95 -31.26 -44.28 -193.13 -633.38 -309.10 -134.01 -124.67 -41.60 -7.76 -148.57 -122.78 -149.01 -389.77
0.00 0.00 0.00 0.00 0.00 0.00 0.00 0.00 0.00 0.00 -35.29 -1.47 -0.01 -0.00 -0.00 0.00 -0.00 -0.00 -0.00 -2.77 -185.18 -35.49 -3.87 -1.69 -0.07 -0.00 -3.45 -2.11 -4.21 -54.23 -397.53 -140.75 -39.93 -30.76 -5.63 -0.35 -43.95 -31.26 -44.28 -193.13 -633.38 -309.10 -134.01 -124.67 -41.60 -7.76 -148.57 -122.78 -149.01 -389.77
0.00 0.00 0.00 0.00 0.00 0.00 0.00 0.00 0.00 0.00 -35.29 -1.47 -0.01 -0.00 -0.00 0.00 -0.00 -0.00 -0.00 -2.77 -185.18 -35.49 -3.87 -1.69 -0.07 -0.00 -3.45 -2.11 -4.21 -54.23 -397.53 -140.75 -39.93 -30.76 -5.63 -0.35 -43.95 -31.26 -44.28 -193.13 -633.38 -309.10 -134.01 -124.67 -41.60 -7.76 -148.57 -122.78 -149.01 -389.77
0.00 0.00 0.00 0.00 0.00 0.00 0.00 0.00 0.00 0.00 -35.29 -1.47 -0.01 -0.00 -0.00 0.00 -0.00 -0.00 -0.00 -2.77 -185.18 -35.49 -3.87 -1.69 -0.07 -0.00 -3.45 -2.11 -4.21 -54.23 -397.53 -140.75 -39.93 -30.76 -5.63 -0.35 -43.95 -31.26 -44.28 -193.13 -633.38 -309.10 -134.01 -124.67 -41.60 -7.76 -148.57 -122.78 -149.01 -389.77
0.00 0.00 0.00 0.00 0.00 0.00 0.00 0.00 0.00 0.00 -35.29 -1.47 -0.01 -0.00 -0.00 0.00 -0.00 -0.00 -0.00 -2.77 -185.18 -35.49 -3.87 -1.69 -0.07 -0.00 -3.45 -2.11 -4.21 -54.23 -397.53 -140.75 -39.93 -30.76 -5.63 -0.35 -43.95 -31.26 -44.28 -193.13 -633.38 -309.10 -134.01 -124.67 -41.60 -7.76 -148.57 -122.78 -149.01 -389.77
0.00 0.00 0.00 0.00 0.00 0.00 0.00 0.00 0.00 0.00 -35.29 -1.47 -0.01 -0.00 -0.00 0.00 -0.00 -0.00 -0.00 -2.77 -185.18 -35.49 -3.87 -1.69 -0.07 -0.00 -3.45 -2.11 -4.21 -54.23 -397.53 -140.75 -39.93 -30.76 -5.63 -0.35 -43.95 -31.26 -44.28 -193.13 -633.38 -309.10 -134.01 -124.67 -41.60 -7.76 -148.57 -122.78 -149.01 -389.77
0.00 0.00 0.00 0.00 0.00 0.00 0.00 0.00 0.00 0.00 -35.29 -1.47 -0.01 -0.00 -0.00 0.00 -0.00 -0.00 -0.00 -2.77 -185.18 -35.49 -3.87 -1.69 -0.07 -0.00 -3.45 -2.11 -4.21 -54.23 -397.53 -140.75 -39.93 -30.76 -5.63 -0.35 -43.95 -31.26 -44.28 -193.13 -633.38 -309.10 -134.01 -124.67 -41.60 -7.76 -148.57 -122.78 -149.01 -389.77
0.00 0.00 0.00 0.00 0.00 0.00 0.00 0.00 0.00 0.00 -35.29 -1.47 -0.01 -0.00 -0.00 0.00 -0.00 -0.00 -0.00 -2.77 -185.18 -35.49 -3.87 -1.69 -0.07 -0.00 -3.45 -2.11 -4.21 -54.23 -397.53 -140.75 -39.93 -30.76 -5.63 -0.35 -43.95 -31.26 -44.28 -193.13 -633.38 -309.10 -134.01 -124.67 -41.60 -7.76 -148.57 -122.78 -149.01 -389.77
0.00 0.00 0.00 0.00 0.00 0.00 0.00 0.00 0.00 0.00 -35.29 -1.47 -0.01 -0.00 -0.00 0.00 -0.00 -0.00 -0.00 -2.77 -185.18 -35.49 -3.87 -1.69 -0.07 -0.00 -3.45 -2.11 -4.21 -54.23 -397.53 -140.75 -39.93 -30.76 -5.63 -0.35 -43.95 -31.26 -44.28 -193.13 -633.38 -309.10 -134.01 -124.67 -41.60 -7.76 -148.57 -122.78 -149.01 -389.77
0.00 0.00 0.00 0.00 0.00 0.00 0.00 0.00 0.00 0.00 -35.29 -1.47 -0.01 -0.00 -0.00 0.00 -0.00 -0.00 -0.00 -2.77 -185.18 -35.49 -3.87 -1.69 -0.07 -0.00 -3.45 -2.11 -4.21 -54.23 -397.53 -140.75 -39.93 -30.76 -5.63 -0.35 -43.95 -31.26 -44.28 -193.13 -633.38 -309.10 -134.01 -124.67 -41.60 -7.76 -148.57 -122.78 -149.01 -389.77
0.00 0.00 0.00 0.00 0.00 0.00 0.00 0.00 0.00 0.00 -35.29 -1.47 -0.01 -0.00 -0.00 0.00 -0.00 -0.00 -0.00 -2.77 -185.18 -35.49 -3.87 -1.69 -0.07 -0.00 -3.45 -2.11 -4.21 -54.23 -397.53 -140.75 -39.93 -30.76 -5.63 -0.35 -43.95 -31.26 -44.28 -193.13 -633.38 -309.10 -134.01 -124.67 -41.60 -7.76 -148.57 -122.78 -149.01 -389.77
0.00 0.00 0.00 0.00 0.00 0.00 0.00 0.00 0.00 0.00 -35.29 -1.47 -0.01 -0.00 -0.00 0.00 -0.00 -0.00 -0.00 -2.77 -185.18 -35.49 -3.87 -1.69 -0.07 -0.00 -3.45 -2.11 -4.21 -54.23 -397.53 -140.75 -39.93 -30.76 -5.63 -0.35 -43.95 -31.26 -44.28 -193.13 -633.38 -309.10 -134.01 -124.67 -41.60 -7.76 -148.57 -122.78 -149.01 -389.77
0.00 0.00 0.00 0.00 0.00 0.00 0.00 0.00 0.00 0.00 -35.29 -1.47 -0.01 -0.00 -0.00 0.00 -0.00 -0.00 -0.00 -2.77 -185.18 -35.49 -3.87 -1.69 -0.07 -0.00 -3.45 -2.11 -4.21 -54.23 -397.53 -140.75 -39.93 -30.76 -5.63 -0.35 -43.95 -31.26 -44.28 -193.13 -633.38 -309.10 -134.01 -124.67 -41.60 -7.76 -148.57 -122.78 -149.01 -389.77
0.00 0.00 0.00 0.00 0.00 0.00 0.00 0.00 0.00 0.00 -35.29 -1.47 -0.01 -0.00 -0.00 0.00 -0.00 -0.00 -0.00 -2.77 -185.18 -35.49 -3.87 -1.69 -0.07 -0.00 -3.45 -2.11 -4.21 -54.23 -397.53 -140.75 -39.93 -30.76 -5.63 -0.35 -43.95 -31.26 -44.28 -193.13 -633.38 -309.10 -134.01 -124.67 -41.60 -7.76 -148.57 -122.78 -149.01 -389.77
0.00 0.00 0.00 0.00 0.00 0.00 0.00 0.00 0.00 0.00 -35.29 -1.47 -0.01 -0.00 -0.00 0.00 -0.00 -0.00 -0.00 -2.77 -185.18 -35.49 -3.87 -1.69 -0.07 -0.00 -3.45 -2.11 -4.21 -54.23 -397.53 -140.75 -39.93 -30.76 -5.63 -0.35 -43.95 -31.26 -44.28 -193.13 -633.38 -309.10 -134.01 -124.67 -41.60 -7.76 -148.57 -122.78 -149.01 -389.77
0.00 0.00 0.00 0.00 0.00 0.00 0.00 0.00 0.00 0.00 -35.29 -1.47 -0.01 -0.00 -0.00 0.00 -0.00 -0.00 -0.00 -2.77 -185.18 -35.49 -3.87 -1.69 -0.07 -0.00 -3.45 -2.11 -4.21 -54.23 -397.53 -140.75 -39.93 -30.76 -5.63 -0.35 -43.95 -31.26 -44.28 -193.13 -633.38 -309.10 -134.01 -124.67 -41.60 -7.76 -148.57 -122.78 -149.01 -389.77
0.00 0.00 0.00 0.00 0.00 0.00 0.00 0.00 0.00 0.00 -35.29 -1.47 -0.01 -0.00 -0.00 0.00 -0.00 -0.00 -0.00 -2.77 -185.18 -35.49 -3.87 -1.69 -0.07 -0.00 -3.45 -2.11 -4.21 -54.23 -397.53 -140.75 -39.93 -30.76 -5.63 -0.35 -43.95 -31.26 -44.28 -193.13 -633.38 -309.10 -134.01 -124.67 -41.60 -7.76 -148.57 -122.78 -149.01 -389.77
0.00 0.00 0.00 0.00 0.00 0.00 0.00 0.00 0.00 0.00 -35.29 -1.47 -0.01 -0.00 -0.00 0.00 -0.00 -0.00 -0.00 -2.77 -185.18 -35.49 -3.87 -1.69 -0.07 -0.00 -3.45 -2.11 -4.21 -54.23 -397.53 -140.75 -39.93 -30.76 -5.63 -0.35 -43.95 -31.26 -44.28 -193.13 -633.38 -309.10 -134.01 -124.67 -41.60 -7.76 -148.57 -122.78 -149.01 -389.77
0.00 0.00 0.00 0.00 0.00 0.00 0.00 0.00 0.00 0.00 -35.29 -1.47 -0.01 -0.00 -0.00 0.00 -0.00 -0.00 -0.00 -2.77 -185.18 -35.49 -3.87 -1.69 -0.07 -0.00 -3.45 -2.11 -4.21 -54.23 -397.53 -140.75 -39.93 -30.76 -5.63 -0.35 -43.95 -31.26 -44.28 -193.13 -633.38 -309.10 -134.01 -124.67 -41.60 -7.76 -148.57 -122.78 -149.01 -389.77
0.00 0.00 0.00 0.00 0.00 0.00 0.00 0.00 0.00 0.00 -35.29 -1.47 -0.01 -0.00 -0.00 0.00 -0.00 -0.00 -0.00 -2.77 -185.18 -35.49 -3.87 -1.69 -0.07 -0.00 -3.45 -2.11 -4.21 -54.23 -397.53 -140.75 -39.93 -30.76 -5.63 -0.35 -43.95 -31.26 -44.28 -193.13 -633.38 -309.10 -134.01 -124.67 -41.60 -7.76 -148.57 -122.78 -149.01 -389.77
0.00 0.00 0.00 0.00 0.00 0.00 0.00 0.00 0.00 0.00 -35.29 -1.47 -0.01 -0.00 -0.00 0.00 -0.00 -0.00 -0.00 -2.77 -185.18 -35.49 -3.87 -1.69 -0.07 -0.00 -3.45 -2.11 -4.21 -54.23 -397.53 -140.75 -39.93 -30.76 -5.63 -0.35 -43.95 -31.26 -44.28 -193.13 -633.38 -309.10 -134.01 -124.67 -41.60 -7.76 -148.57 -122.78 -149.01 -389.77
0.00 0.00 0.00 0.00 0.00 0.00 0.00 0.00 0.00 0.00 -35.29 -1.47 -0.01 -0.00 -0.00 0.00 -0.00 -0.00 -0.00 -2.77 -185.18 -35.49 -3.87 -1.69 -0.07 -0.00 -3.45 -2.11 -4.21 -54.23 -397.53 -140.75 -39.93 -30.76 -5.63 -0.35 -43.95 -31.26 -44.28 -193.13 -633.38 -309.10 -134.01 -124.67 -41.60 -7.76 -148.57 -122.78 -149.01 -389.77
0.00 0.00 0.00 0.00 0.00 0.00 0.00 0.00 0.00 0.00 -35.29 -1.47 -0.01 -0.00 -0.00 0.00 -0.00 -0.00 -0.00 -2.77 -185.18 -35.49 -3.87 -1.69 -0.07 -0.00 -3.45 -2.11 -4.21 -54.23 -397.53 -140.75 -39.93 -30.76 -5.63 -0.35 -43.95 -31.26 -44.28 -193.13 -633.38 -309.10 -134.01 -124.67 -41.60 -7.76 -148.57 -122.78 -149.01 -389.77
0.00 0.00 0.00 0.00 0.00 0.00 0.00 0.00 0.00 0.00 -35.29 -1.47 -0.01 -0.00 -0.00 0.00 -0.00 -0.00 -0.00 -2.77 -185.18 -35.49 -3.87 -1.69 -0.07 -0.00 -3.45 -2.11 -4.21 -54.23 -397.53 -140.75 -39.93 -30.76 -5.63 -0.35 -43.95 -31.26 -44.28 -193.13 -633.38 -309.10 -134.01 -124.67 -41.60 -7.76 -148.57 -122.78 -149.01 -389.77
0.00 0.00 0.00 0.00 0.00 0.00 0.00 0.00 0.00 0.00 -35.29 -1.47 -0.01 -0.00 -0.00 0.00 -0.00 -0.00 -0.00 -2.77 -185.18 -35.49 -3.87 -1.69 -0.07 -0.00 -3.45 -2.11 -4.21 -54.23 -397.53 -140.75 -39.93 -30.76 -5.63 -0.35 -43.95 -31.26 -44.28 -193.13 -633.38 -309.10 -134.01 -124.67 -41.60 -7.76 -148.57 -122.78 -149.01 -389.77
0.00 0.00 0.00 0.00 0.00 0.00 0.00 0.00 0.00 0.00 -35.29 -1.47 -0.01 -0.00 -0.00 0.00 -0.00 -0.00 -0.00 -2.77 -185.18 -35.49 -3.87 -1.69 -0.07 -0.00 -3.45 -2.11 -4.21 -54.23 -397.53 -140.75 -39.93 -30.76 -5.63 -0.35 -43.95 -31.26 -44.28 -193.13 -633.38 -309.10 -134.01 -124.67 -41.60 -7.76 -148.57 -122.78 -149.01 -389.77
0.00 0.00 0.00 0.00 0.00 0.00 0.00 0.00 0.00 0.00 -35.29 -1.47 -0.01 -0.00 -0.00 0.00 -0.00 -0.00 -0.00 -2.77 -185.18 -35.49 -3.87 -1.69 -0.07 -0.00 -3.45 -2.11 -4.21 -54.23 -397.53 -140.75 -39.93 -30.76 -5.63 -0.35 -43.95 -31.26 -44.28 -193.13 -633.38 -309.10 -134.01 -124.67 -41.60 -7.76 -148.57 -122.78 -149.01 -389.77
0.00 0.00 0.00 0.00 0.00 0.00 0.00 0.00 0.00 0.00 -35.29 -1.47 -0.01 -0.00 -0.00 0.00 -0.00 -0.00 -0.00 -2.77 -185.18 -35.49 -3.87 -1.69 -0.07 -0.00 -3.45 -2.11 -4.21 -54.23 -397.53 -140.75 -39.93 -30.76 -5.63 -0.35 -43.95 -31.26 -44.28 -193.13 -633.38 -309.10 -134.01 -124.67 -41.60 -7.76 -148.57 -122.78 -149.01 -389.77
0.00 0.00 0.00 0.00 0.00 0.00 0.00 0.00 0.00 0.00 -35.29 -1.47 -0.01 -0.00 -0.00 0.00 -0.00 -0.00 -0.00 -2.77 -185.18 -35.49 -3.87 -1.69 -0.07 -0.00 -3.45 -2.11 -4.21 -54.23 -397.53 -140.75 -39.93 -30.76 -5.63 -0.35 -43.95 -31.26 -44.28 -193.13 -633.38 -309.10 -134.01 -124.67 -41.60 -7.76 -148.57 -122.78 -149.01 -389.77
0.00 0.00 0.00 0.00 0.00 0.00 0.00 0.00 0.00 0.00 -35.29 -1.47 -0.01 -0.00 -0.00 0.00 -0.00 -0.00 -0.00 -2.77 -185.18 -35.49 -3.87 -1.69 -0.07 -0.00 -3.45 -2.11 -4.21 -54.23 -397.53 -140.75 -39.93 -30.76 -5.63 -0.35 -43.95 -31.26 -44.28 -193.13 -633.38 -309.10 -134.01 -124.67 -41.60 -7.76 -148.57 -122.78 -149.01 -389.77
0.00 0.00 0.00 0.00 0.00 0.00 0.00 0.00 0.00 0.00 -35.29 -1.47 -0.01 -0.00 -0.00 0.00 -0.00 -0.00 -0.00 -2.77 -185.18 -35.49 -3.87 -1.69 -0.07 -0.00 -3.45 -2.11 -4.21 -54.23 -397.53 -140.75 -39.93 -30.76 -5.63 -0.35 -43.95 -31.26 -44.28 -193.13 -633.38 -309.10 -134.01 -124.67 -41.60 -7.76 -148.57 -122.78 -149.01 -389.77
0.00 0.00 0.00 0.00 0.00 0.00 0.00 0.00 0.00 0.00 -35.29 -1.47 -0.01 -0.00 -0.00 0.00 -0.00 -0.00 -0.00 -2.77 -185.18 -35.49 -3.87 -1.69 -0.07 -0.00 -3.45 -2.11 -4.21 -54.23 -397.53 -140.75 -39.93 -30.76 -5.63 -0.35 -43.95 -31.26 -44.28 -193.13 -633.38 -309.10 -134.01 -124.67 -41.60 -7.76 -148.57 -122.78 -149.01 -389.77
0.00 0.00 0.00 0.00 0.00 0.00 0.00 0.00 0.00 0.00 -35.29 -1.47 -0.01 -0.00 -0.00 0.00 -0.00 -0.00 -0.00 -2.77 -185.18 -35.49 -3.87 -1.69 -0.07 -0.00 -3.45 -2.11 -4.21 -54.23 -397.53 -140.75 -39.93 -30.76 -5.63 -0.35 -43.95 -31.26 -44.28 -193.13 -633.38 -309.10 -134.01 -124.67 -41.60 -7.76 -148.57 -122.78 -149.01 -389.77
0.00 0.00 0.00 0.00 0.00 0.00 0.00 0.00 0.00 0.00 -35.29 -1.47 -0.01 -0.00 -0.00 0.00 -0.00 -0.00 -0.00 -2.77 -185.18 -35.49 -3.87 -1.69 -0.07 -0.00 -3.45 -2.11 -4.21 -54.23 -397.53 -140.75 -39.93 -30.76 -5.63 -0.35 -43.95 -31.26 -44.28 -193.13 -633.38 -309.10 -134.01 -124.67 -41.60 -7.76 -148.57 -122.78 -149.01 -389.77
0.00 0.00 0.00 0.00 0.00 0.00 0.00 0.00 0.00 0.00 -35.29 -1.47 -0.01 -0.00 -0.00 0.00 -0.00 -0.00 -0.00 -2.77 -185.18 -35.49 -3.87 -1.69 -0.07 -0.00 -3.45 -2.11 -4.21 -54.23 -397.53 -140.75 -39.93 -30.76 -5.63 -0.35 -43.95 -31.26 -44.28 -193.13 -633.38 -309.10 -134.01 -124.67 -41.60 -7.76 -148.57 -122.78 -149.01 -389.77
0.00 0.00 0.00 0.00 0.00 0.00 0.00 0.00 0.00 0.00 -35.29 -1.47 -0.01 -0.00 -0.00 0.00 -0.00 -0.00 -0.00 -2.77 -185.18 -35.49 -3.87 -1.69 -0.07 -0.00 -3.45 -2.11 -4.21 -54.23 -397.53 -140.75 -39.93 -30.76 -5.63 -0.35 -43.95 -31.26 -44.28 -193.13 -633.38 -309.10 -134.01 -124.67 -41.60 -7.76 -148.57 -122.78 -149.01 -389.77
0.00 0.00 0.00 0.00 0.00 0.00 0.00 0.00 0.00 0.00 -35.29 -1.47 -0.01 -0.00 -0.00 0.00 -0.00 -0.00 -0.00 -2.77 -185.18 -35.49 -3.87 -1.69 -0.07 -0.00 -3.45 -2.11 -4.21 -54.23 -397.53 -140.75 -39.93 -30.76 -5.63 -0.35 -43.95 -31.26 -44.28 -193.13 -633.38 -309.10 -134.01 -124.67 -41.60 -7.76 -148.57 -122.78 -149.01 -389.77
0.00 0.00 0.00 0.00 0.00 0.00 0.00 0.00 0.00 0.00 -35.29 -1.47 -0.01 -0.00 -0.00 0.00 -0.00 -0.00 -0.00 -2.77 -185.18 -35.49 -3.87 -1.69 -0.07 -0.00 -3.45 -2.11 -4.21 -54.23 -397.53 -140.75 -39.93 -30.76 -5.63 -0.35 -43.95 -31.26 -44.28 -193.13 -633.38 -309.10 -134.01 -124.67 -41.60 -7.76 -148.57 -122.78 -149.01 -389.77
0.00 0.00 0.00 0.00 0.00 0.00 0.00 0.00 0.00 0.00 -37.36 -1.73 -0.01 -0.00 -0.00 0.00 -0.00 -0.00 -0.00 -3.17 -192.10 -39.43 -5.03 -2.44 -0.07 -0.00 -4.31 -4.59 -2.86 -59.68 -407.87 -152.17 -47.52 -36.55 -6.62 -0.63 -50.30 -51.28 -41.58 -206.19 -645.59 -328.22 -153.57 -138.00 -47.13 -12.83 -168.88 -167.89 -150.17 -408.56
0.00 0.00 0.00 0.00 0.00 0.00 0.00 0.00 0.00 0.00 -37.36 -1.73 -0.01 -0.00 -0.00 0.00 -0.00 -0.00 -0.00 -3.17 -192.10 -39.43 -5.03 -2.44 -0.07 -0.00 -4.31 -4.59 -2.86 -59.68 -407.87 -152.17 -47.52 -36.55 -6.62 -0.63 -50.30 -51.28 -41.58 -206.19 -645.59 -328.22 -153.57 -138.00 -47.13 -12.83 -168.88 -167.89 -150.17 -408.56
0.00 0.00 0.00 0.00 0.00 0.00 0.00 0.00 0.00 0.00 -37.36 -1.73 -0.01 -0.00 -0.00 0.00 -0.00 -0.00 -0.00 -3.17 -192.10 -39.43 -5.03 -2.44 -0.07 -0.00 -4.31 -4.59 -2.86 -59.68 -407.87 -152.17 -47.52 -36.55 -6.62 -0.63 -50.30 -51.28 -41.58 -206.19 -645.59 -328.22 -153.57 -138.00 -47.13 -12.83 -168.88 -167.89 -150.17 -408.56
0.00 0.00 0.00 0.00 0.00 0.00 0.00 0.00 0.00 0.00 -37.36 -1.73 -0.01 -0.00 -0.00 0.00 -0.00 -0.00 -0.00 -3.17 -192.10 -39.43 -5.03 -2.44 -0.07 -0.00 -4.31 -4.59 -2.86 -59.68 -407.87 -152.17 -47.52 -36.55 -6.62 -0.63 -50.30 -51.28 -41.58 -206.19 -645.59 -328.22 -153.57 -138.00 -47.13 -12.83 -168.88 -167.89 -150.17 -408.56
0.00 0.00 0.00 0.00 0.00 0.00 0.00 0.00 0.00 0.00 -37.36 -1.73 -0.01 -0.00 -0.00 0.00 -0.00 -0.00 -0.00 -3.17 -192.10 -39.43 -5.03 -2.44 -0.07 -0.00 -4.31 -4.59 -2.86 -59.68 -407.87 -152.17 -47.52 -36.55 -6.62 -0.63 -50.30 -51.28 -41.58 -206.19 -645.59 -328.22 -153.57 -138.00 -47.13 -12.83 -168.88 -167.89 -150.17 -408.56
0.00 0.00 0.00 0.00 0.00 0.00 0.00 0.00 0.00 0.00 -37.36 -1.73 -0.01 -0.00 -0.00 0.00 -0.00 -0.00 -0.00 -3.17 -192.10 -39.43 -5.03 -2.44 -0.07 -0.00 -4.31 -4.59 -2.86 -59.68 -407.87 -152.17 -47.52 -36.55 -6.62 -0.63 -50.30 -51.28 -41.58 -206.19 -645.59 -328.22 -153.57 -138.00 -47.13 -12.83 -168.88 -167.89 -150.17 -408.56
0.00 0.00 0.00 0.00 0.00 0.00 0.00 0.00 0.00 0.00 -37.36 -1.73 -0.01 -0.00 -0.00 0.00 -0.00 -0.00 -0.00 -3.17 -192.10 -39.43 -5.03 -2.44 -0.07 -0.00 -4.31 -4.59 -2.86 -59.68 -407.87 -152.17 -47.52 -36.55 -6.62 -0.63 -50.30 -51.28 -41.58 -206.19 -645.59 -328.22 -153.57 -138.00 -47.13 -12.83 -168.88 -167.89 -150.17 -408.56
0.00 0.00 0.00 0.00 0.00 0.00 0.00 0.00 0.00 0.00 -37.36 -1.73 -0.01 -0.00 -0.00 0.00 -0.00 -0.00 -0.00 -3.17 -192.10 -39.43 -5.03 -2.44 -0.07 -0.00 -4.31 -4.59 -2.86 -59.68 -407.87 -152.17 -47.52 -36.55 -6.62 -0.63 -50.30 -51.28 -41.58 -206.19 -645.59 -328.22 -153.57 -138.00 -47.13 -12.83 -168.88 -167.89 -150.17 -408.56
0.00 0.00 0.00 0.00 0.00 0.00 0.00 0.00 0.00 0.00 -37.36 -1.73 -0.01 -0.00 -0.00 0.00 -0.00 -0.00 -0.00 -3.17 -192.10 -39.43 -5.03 -2.44 -0.07 -0.00 -4.31 -4.59 -2.86 -59.68 -407.87 -152.17 -47.52 -36.55 -6.62 -0.63 -50.30 -51.28 -41.58 -206.19 -645.59 -328.22 -153.57 -138.00 -47.13 -12.83 -168.88 -167.89 -150.17 -408.56
0.00 0.00 0.00 0.00 0.00 0.00 0.00 0.00 0.00 0.00 -37.36 -1.73 -0.01 -0.00 -0.00 0.00 -0.00 -0.00 -0.00 -3.17 -192.10 -39.43 -5.03 -2.44 -0.07 -0.00 -4.31 -4.59 -2.86 -59.68 -407.87 -152.17 -47.52 -36.55 -6.62 -0.63 -50.30 -51.28 -41.58 -206.19 -645.59 -328.22 -153.57 -138.00 -47.13 -12.83 -168.88 -167.89 -150.17 -408.56
0.00 0.00 0.00 0.00 0.00 0.00 0.00 0.00 0.00 0.00 -37.36 -1.73 -0.01 -0.00 -0.00 0.00 -0.00 -0.00 -0.00 -3.17 -192.10 -39.43 -5.03 -2.44 -0.07 -0.00 -4.31 -4.59 -2.86 -59.68 -407.87 -152.17 -47.52 -36.55 -6.62 -0.63 -50.30 -51.28 -41.58 -206.19 -645.59 -328.22 -153.57 -138.00 -47.13 -12.83 -168.88 -167.89 -150.17 -408.56
0.00 0.00 0.00 0.00 0.00 0.00 0.00 0.00 0.00 0.00 -37.36 -1.73 -0.01 -0.00 -0.00 0.00 -0.00 -0.00 -0.00 -3.17 -192.10 -39.43 -5.03 -2.44 -0.07 -0.00 -4.31 -4.59 -2.86 -59.68 -407.87 -152.17 -47.52 -36.55 -6.62 -0.63 -50.30 -51.28 -41.58 -206.19 -645.59 -328.22 -153.57 -138.00 -47.13 -12.83 -168.88 -167.89 -150.17 -408.56
0.00 0.00 0.00 0.00 0.00 0.00 0.00 0.00 0.00 0.00 -37.36 -1.73 -0.01 -0.00 -0.00 0.00 -0.00 -0.00 -0.00 -3.17 -192.10 -39.43 -5.03 -2.44 -0.07 -0.00 -4.31 -4.59 -2.86 -59.68 -407.87 -152.17 -47.52 -36.55 -6.62 -0.63 -50.30 -51.28 -41.58 -206.19 -645.59 -328.22 -153.57 -138.00 -47.13 -12.83 -168.88 -167.89 -150.17 -408.56
0.00 0.00 0.00 0.00 0.00 0.00 0.00 0.00 0.00 0.00 -37.36 -1.73 -0.01 -0.00 -0.00 0.00 -0.00 -0.00 -0.00 -3.17 -192.10 -39.43 -5.03 -2.44 -0.07 -0.00 -4.31 -4.59 -2.86 -59.68 -407.87 -152.17 -47.52 -36.55 -6.62 -0.63 -50.30 -51.28 -41.58 -206.19 -645.59 -328.22 -153.57 -138.00 -47.13 -12.83 -168.88 -167.89 -150.17 -408.56
0.00 0.00 0.00 0.00 0.00 0.00 0.00 0.00 0.00 0.00 -37.36 -1.73 -0.01 -0.00 -0.00 0.00 -0.00 -0.00 -0.00 -3.17 -192.10 -39.43 -5.03 -2.44 -0.07 -0.00 -4.31 -4.59 -2.86 -59.68 -407.87 -152.17 -47.52 -36.55 -6.62 -0.63 -50.30 -51.28 -41.58 -206.19 -645.59 -328.22 -153.57 -138.00 -47.13 -12.83 -168.88 -167.89 -150.17 -408.56
0.00 0.00 0.00 0.00 0.00 0.00 0.00 0.00 0.00 0.00 -37.36 -1.73 -0.01 -0.00 -0.00 0.00 -0.00 -0.00 -0.00 -3.17 -192.10 -39.43 -5.03 -2.44 -0.07 -0.00 -4.31 -4.59 -2.86 -59.68 -407.87 -152.17 -47.52 -36.55 -6.62 -0.63 -50.30 -51.28 -41.58 -206.19 -645.59 -328.22 -153.57 -138.00 -47.13 -12.83 -168.88 -167.89 -150.17 -408.56
0.00 0.00 0.00 0.00 0.00 0.00 0.00 0.00 0.00 0.00 -37.36 -1.73 -0.01 -0.00 -0.00 0.00 -0.00 -0.00 -0.00 -3.17 -192.10 -39.43 -5.03 -2.44 -0.07 -0.00 -4.31 -4.59 -2.86 -59.68 -407.87 -152.17 -47.52 -36.55 -6.62 -0.63 -50.30 -51.28 -41.58 -206.19 -645.59 -328.22 -153.57 -138.00 -47.13 -12.83 -168.88 -167.89 -150.17 -408.56
0.00 0.00 0.00 0.00 0.00 0.00 0.00 0.00 0.00 0.00 -37.36 -1.73 -0.01 -0.00 -0.00 0.00 -0.00 -0.00 -0.00 -3.17 -192.10 -39.43 -5.03 -2.44 -0.07 -0.00 -4.31 -4.59 -2.86 -59.68 -407.87 -152.17 -47.52 -36.55 -6.62 -0.63 -50.30 -51.28 -41.58 -206.19 -645.59 -328.22 -153.57 -138.00 -47.13 -12.83 -168.88 -167.89 -150.17 -408.56
0.00 0.00 0.00 0.00 0.00 0.00 0.00 0.00 0.00 0.00 -37.36 -1.73 -0.01 -0.00 -0.00 0.00 -0.00 -0.00 -0.00 -3.17 -192.10 -39.43 -5.03 -2.44 -0.07 -0.00 -4.31 -4.59 -2.86 -59.68 -407.87 -152.17 -47.52 -36.55 -6.62 -0.63 -50.30 -51.28 -41.58 -206.19 -645.59 -328.22 -153.57 -138.00 -47.13 -12.83 -168.88 -167.89 -150.17 -408.56
0.00 0.00 0.00 0.00 0.00 0.00 0.00 0.00 0.00 0.00 -37.36 -1.73 -0.01 -0.00 -0.00 0.00 -0.00 -0.00 -0.00 -3.17 -192.10 -39.43 -5.03 -2.44 -0.07 -0.00 -4.31 -4.59 -2.86 -59.68 -407.87 -152.17 -47.52 -36.55 -6.62 -0.63 -50.30 -51.28 -41.58 -206.19 -645.59 -328.22 -153.57 -138.00 -47.13 -12.83 -168.88 -167.89 -150.17 -408.56
0.00 0.00 0.00 0.00 0.00 0.00 0.00 0.00 0.00 0.00 -37.36 -1.73 -0.01 -0.00 -0.00 0.00 -0.00 -0.00 -0.00 -3.17 -192.10 -39.43 -5.03 -2.44 -0.07 -0.00 -4.31 -4.59 -2.86 -59.68 -407.87 -152.17 -47.52 -36.55 -6.62 -0.63 -50.30 -51.28 -41.58 -206.19 -645.59 -328.22 -153.57 -138.00 -47.13 -12.83 -168.88 -167.89 -150.17 -408.56
0.00 0.00 0.00 0.00 0.00 0.00 0.00 0.00 0.00 0.00 -37.36 -1.73 -0.01 -0.00 -0.00 0.00 -0.00 -0.00 -0.00 -3.17 -192.10 -39.43 -5.03 -2.44 -0.07 -0.00 -4.31 -4.59 -2.86 -59.68 -407.87 -152.17 -47.52 -36.55 -6.62 -0.63 -50.30 -51.28 -41.58 -206.19 -645.59 -328.22 -153.57 -138.00 -47.13 -12.83 -168.88 -167.89 -150.17 -408.56
0.00 0.00 0.00 0.00 0.00 0.00 0.00 0.00 0.00 0.00 -37.36 -1.73 -0.01 -0.00 -0.00 0.00 -0.00 -0.00 -0.00 -3.17 -192.10 -39.43 -5.03 -2.44 -0.07 -0.00 -4.31 -4.59 -2.86 -59.68 -407.87 -152.17 -47.52 -36.55 -6.62 -0.63 -50.30 -51.28 -41.58 -206.19 -645.59 -328.22 -153.57 -138.00 -47.13 -12.83 -168.88 -167.89 -150.17 -408.56
0.00 0.00 0.00 0.00 0.00 0.00 0.00 0.00 0.00 0.00 -37.36 -1.73 -0.01 -0.00 -0.00 0.00 -0.00 -0.00 -0.00 -3.17 -192.10 -39.43 -5.03 -2.44 -0.07 -0.00 -4.31 -4.59 -2.86 -59.68 -407.87 -152.17 -47.52 -36.55 -6.62 -0.63 -50.30 -51.28 -41.58 -206.19 -645.59 -328.22 -153.57 -138.00 -47.13 -12.83 -168.88 -167.89 -150.17 -408.56
0.00 0.00 0.00 0.00 0.00 0.00 0.00 0.00 0.00 0.00 -37.36 -1.73 -0.01 -0.00 -0.00 0.00 -0.00 -0.00 -0.00 -3.17 -192.10 -39.43 -5.03 -2.44 -0.07 -0.00 -4.31 -4.59 -2.86 -59.68 -407.87 -152.17 -47.52 -36.55 -6.62 -0.63 -50.30 -51.28 -41.58 -206.19 -645.59 -328.22 -153.57 -138.00 -47.13 -12.83 -168.88 -167.89 -150.17 -408.56
0.00 0.00 0.00 0.00 0.00 0.00 0.00 0.00 0.00 0.00 -37.36 -1.73 -0.01 -0.00 -0.00 0.00 -0.00 -0.00 -0.00 -3.17 -192.10 -39.43 -5.03 -2.44 -0.07 -0.00 -4.31 -4.59 -2.86 -59.68 -407.87 -152.17 -47.52 -36.55 -6.62 -0.63 -50.30 -51.28 -41.58 -206.19 -645.59 -328.22 -153.57 -138.00 -47.13 -12.83 -168.88 -167.89 -150.17 -408.56
0.00 0.00 0.00 0.00 0.00 0.00 0.00 0.00 0.00 0.00 -37.36 -1.73 -0.01 -0.00 -0.00 0.00 -0.00 -0.00 -0.00 -3.17 -192.10 -39.43 -5.03 -2.44 -0.07 -0.00 -4.31 -4.59 -2.86 -59.68 -407.87 -152.17 -47.52 -36.55 -6.62 -0.63 -50.30 -51.28 -41.58 -206.19 -645.59 -328.22 -153.57 -138.00 -47.13 -12.83 -168.88 -167.89 -150.17 -408.56
0.00 0.00 0.00 0.00 0.00 0.00 0.00 0.00 0.00 0.00 -37.36 -1.73 -0.01 -0.00 -0.00 0.00 -0.00 -0.00 -0.00 -3.17 -192.10 -39.43 -5.03 -2.44 -0.07 -0.00 -4.31 -4.59 -2.86 -59.68 -407.87 -152.17 -47.52 -36.55 -6.62 -0.63 -50.30 -51.28 -41.58 -206.19 -645.59 -328.22 -153.57 -138.00 -47.13 -12.83 -168.88 -167.89 -150.17 -408.56
0.00 0.00 0.00 0.00 0.00 0.00 0.00 0.00 0.00 0.00 -37.36 -1.73 -0.01 -0.00 -0.00 0.00 -0.00 -0.00 -0.00 -3.17 -192.10 -39.43 -5.03 -2.44 -0.07 -0.00 -4.31 -4.59 -2.86 -59.68 -407.87 -152.17 -47.52 -36.55 -6.62 -0.63 -50.30 -51.28 -41.58 -206.19 -645.59 -328.22 -153.57 -138.00 -47.13 -12.83 -168.88 -167.89 -150.17 -408.56
0.00 0.00 0.00 0.00 0.00 0.00 0.00 0.00 0.00 0.00 -37.36 -1.73 -0.01 -0.00 -0.00 0.00 -0.00 -0.00 -0.00 -3.17 -192.10 -39.43 -5.03 -2.44 -0.07 -0.00 -4.31 -4.59 -2.86 -59.68 -407.87 -152.17 -47.52 -36.55 -6.62 -0.63 -50.30 -51.28 -41.58 -206.19 -645.59 -328.22 -153.57 -138.00 -47.13 -12.83 -168.88 -167.89 -150.17 -408.56
0.00 0.00 0.00 0.00 0.00 0.00 0.00 0.00 0.00 0.00 -37.36 -1.73 -0.01 -0.00 -0.00 0.00 -0.00 -0.00 -0.00 -3.17 -192.10 -39.43 -5.03 -2.44 -0.07 -0.00 -4.31 -4.59 -2.86 -59.68 -407.87 -152.17 -47.52 -36.55 -6.62 -0.63 -50.30 -51.28 -41.58 -206.19 -645.59 -328.22 -153.57 -138.00 -47.13 -12.83 -168.88 -167.89 -150.17 -408.56
0.00 0.00 0.00 0.00 0.00 0.00 0.00 0.00 0.00 0.00 -37.36 -1.73 -0.01 -0.00 -0.00 0.00 -0.00 -0.00 -0.00 -3.17 -192.10 -39.43 -5.03 -2.44 -0.07 -0.00 -4.31 -4.59 -2.86 -59.68 -407.87 -152.17 -47.52 -36.55 -6.62 -0.63 -50.30 -51.28 -41.58 -206.19 -645.59 -328.22 -153.57 -138.00 -47.13 -12.83 -168.88 -167.89 -150.17 -408.56
0.00 0.00 0.00 0.00 0.00 0.00 0.00 0.00 0.00 0.00 -37.36 -1.73 -0.01 -0.00 -0.00 0.00 -0.00 -0.00 -0.00 -3.17 -192.10 -39.43 -5.03 -2.44 -0.07 -0.00 -4.31 -4.59 -2.86 -59.68 -407.87 -152.17 -47.52 -36.55 -6.62 -0.63 -50.30 -51.28 -41.58 -206.19 -645.59 -328.22 -153.57 -138.00 -47.13 -12.83 -168.88 -167.89 -150.17 -408.56
0.00 0.00 0.00 0.00 0.00 0.00 0.00 0.00 0.00 0.00 -37.36 -1.73 -0.01 -0.00 -0.00 0.00 -0.00 -0.00 -0.00 -3.17 -192.10 -39.43 -5.03 -2.44 -0.07 -0.00 -4.31 -4.59 -2.86 -59.68 -407.87 -152.17 -47.52 -36.55 -6.62 -0.63 -50.30 -51.28 -41.58 -206.19 -645.59 -328.22 -153.57 -138.00 -47.13 -12.83 -168.88 -167.89 -150.17 -408.56
0.00 0.00 0.00 0.00 0.00 0.00 0.00 0.00 0.00 0.00 -37.36 -1.73 -0.01 -0.00 -0.00 0.00 -0.00 -0.00 -0.00 -3.17 -192.10 -39.43 -5.03 -2.44 -0.07 -0.00 -4.31 -4.59 -2.86 -59.68 -407.87 -152.17 -47.52 -36.55 -6.62 -0.63 -50.30 -51.28 -41.58 -206.19 -645.59 -328.22 -153.57 -138.00 -47.13 -12.83 -168.88 -167.89 -150.17 -408.56
0.00 0.00 0.00 0.00 0.00 0.00 0.00 0.00 0.00 0.00 -37.36 -1.73 -0.01 -0.00 -0.00 0.00 -0.00 -0.00 -0.00 -3.17 -192.10 -39.43 -5.03 -2.44 -0.07 -0.00 -4.31 -4.59 -2.86 -59.68 -407.87 -152.17 -47.52 -36.55 -6.62 -0.63 -50.30 -51.28 -41.58 -206.19 -645.59 -328.22 -153.57 -138.00 -47.13 -12.83 -168.88 -167.89 -150.17 -408.56
0.00 0.00 0.00 0.00 0.00 0.00 0.00 0.00 0.00 0.00 -37.36 -1.73 -0.01 -0.00 -0.00 0.00 -0.00 -0.00 -0.00 -3.17 -192.10 -39.43 -5.03 -2.44 -0.07 -0.00 -4.31 -4.59 -2.86 -59.68 -407.87 -152.17 -47.52 -36.55 -6.62 -0.63 -50.30 -51.28 -41.58 -206.19 -645.59 -328.22 -153.57 -138.00 -47.13 -12.83 -168.88 -167.89 -150.17 -408.56
0.00 0.00 0.00 0.00 0.00 0.00 0.00 0.00 0.00 0.00 -37.36 -1.73 -0.01 -0.00 -0.00 0.00 -0.00 -0.00 -0.00 -3.17 -192.10 -39.43 -5.03 -2.44 -0.07 -0.00 -4.31 -4.59 -2.86 -59.68 -407.87 -152.17 -47.52 -36.55 -6.62 -0.63 -50.30 -51.28 -41.58 -206.19 -645.59 -328.22 -153.57 -138.00 -47.13 -12.83 -168.88 -167.89 -150.17 -408.56
0.00 0.00 0.00 0.00 0.00 0.00 0.00 0.00 0.00 0.00 -37.36 -1.73 -0.01 -0.00 -0.00 0.00 -0.00 -0.00 -0.00 -3.17 -192.10 -39.43 -5.03 -2.44 -0.07 -0.00 -4.31 -4.59 -2.86 -59.68 -407.87 -152.17 -47.52 -36.55 -6.62 -0.63 -50.30 -51.28 -41.58 -206.19 -645.59 -328.22 -153.57 -138.00 -47.13 -12.83 -168.88 -167.89 -150.17 -408.56
0.00 0.00 0.00 0.00 0.00 0.00 0.00 0.00 0.00 0.00 -37.36 -1.73 -0.01 -0.00 -0.00 0.00 -0.00 -0.00 -0.00 -3.17 -192.10 -39.43 -5.03 -2.44 -0.07 -0.00 -4.31 -4.59 -2.86 -59.68 -407.87 -152.17 -47.52 -36.55 -6.62 -0.63 -50.30 -51.28 -41.58 -206.19 -645.59 -328.22 -153.57 -138.00 -47.13 -12.83 -168.88 -167.89 -150.17 -408.56
0.00 0.00 0.00 0.00 0.00 0.00 0.00 0.00 0.00 0.00 -37.36 -1.73 -0.01 -0.00 -0.00 0.00 -0.00 -0.00 -0.00 -3.17 -192.10 -39.43 -5.03 -2.44 -0.07 -0.00 -4.31 -4.59 -2.86 -59.68 -407.87 -152.17 -47.52 -36.55 -6.62 -0.63 -50.30 -51.28 -41.58 -206.19 -645.59 -328.22 -153.57 -138.00 -47.13 -12.83 -168.88 -167.89 -150.17 -408.56
0.00 0.00 0.00 0.00 0.00 0.00 0.00 0.00 0.00 0.00 -37.36 -1.73 -0.01 -0.00 -0.00 0.00 -0.00 -0.00 -0.00 -3.17 -192.10 -39.43 -5.03 -2.44 -0.07 -0.00 -4.31 -4.59 -2.86 -59.68 -407.87 -152.17 -47.52 -36.55 -6.62 -0.63 -50.30 -51.28 -41.58 -206.19 -645.59 -328.22 -153.57 -138.00 -47.13 -12.83 -168.88 -167.89 -150.17 -408.56
0.00 0.00 0.00 0.00 0.00 0.00 0.00 0.00 0.00 0.00 -37.36 -1.73 -0.01 -0.00 -0.00 0.00 -0.00 -0.00 -0.00 -3.17 -192.10 -39.43 -5.03 -2.44 -0.07 -0.00 -4.31 -4.59 -2.86 -59.68 -407.87 -152.17 -47.52 -36.55 -6.62 -0.63 -50.30 -51.28 -41.58 -206.19 -645.59 -328.22 -153.57 -138.00 -47.13 -12.83 -168.88 -167.89 -150.17 -408.56
0.00 0.00 0.00 0.00 0.00 0.00 0.00 0.00 0.00 0.00 -37.36 -1.73 -0.01 -0.00 -0.00 0.00 -0.00 -0.00 -0.00 -3.17 -192.10 -39.43 -5.03 -2.44 -0.07 -0.00 -4.31 -4.59 -2.86 -59.68 -407.87 -152.17 -47.52 -36.55 -6.62 -0.63 -50.30 -51.28 -41.58 -206.19 -645.59 -328.22 -153.57 -138.00 -47.13 -12.83 -168.88 -167.89 -150.17 -408.56
0.00 0.00 0.00 0.00 0.00 0.00 0.00 0.00 0.00 0.00 -37.36 -1.73 -0.01 -0.00 -0.00 0.00 -0.00 -0.00 -0.00 -3.17 -192.10 -39.43 -5.03 -2.44 -0.07 -0.00 -4.31 -4.59 -2.86 -59.68 -407.87 -152.17 -47.52 -36.55 -6.62 -0.63 -50.30 -51.28 -41.58 -206.19 -645.59 -328.22 -153.57 -138.00 -47.13 -12.83 -168.88 -167.89 -150.17 -408.56
0.00 0.00 0.00 0.00 0.00 0.00 0.00 0.00 0.00 0.00 -37.36 -1.73 -0.01 -0.00 -0.00 0.00 -0.00 -0.00 -0.00 -3.17 -192.10 -39.43 -5.03 -2.44 -0.07 -0.00 -4.31 -4.59 -2.86 -59.68 -407.87 -152.17 -47.52 -36.55 -6.62 -0.63 -50.30 -51.28 -41.58 -206.19 -645.59 -328.22 -153.57 -138.00 -47.13 -12.83 -168.88 -167.89 -150.17 -408.56
0.00 0.00 0.00 0.00 0.00 0.00 0.00 0.00 0.00 0.00 -37.36 -1.73 -0.01 -0.00 -0.00 0.00 -0.00 -0.00 -0.00 -3.17 -192.10 -39.43 -5.03 -2.44 -0.07 -0.00 -4.31 -4.59 -2.86 -59.68 -407.87 -152.17 -47.52 -36.55 -6.62 -0.63 -50.30 -51.28 -41.58 -206.19 -645.59 -328.22 -153.57 -138.00 -47.13 -12.83 -168.88 -167.89 -150.17 -408.56
0.00 0.00 0.00 0.00 0.00 0.00 0.00 0.00 0.00 0.00 -37.36 -1.73 -0.01 -0.00 -0.00 0.00 -0.00 -0.00 -0.00 -3.17 -192.10 -39.43 -5.03 -2.44 -0.07 -0.00 -4.31 -4.59 -2.86 -59.68 -407.87 -152.17 -47.52 -36.55 -6.62 -0.63 -50.30 -51.28 -41.58 -206.19 -645.59 -328.22 -153.57 -138.00 -47.13 -12.83 -168.88 -167.89 -150.17 -408.56
0.00 0.00 0.00 0.00 0.00 0.00 0.00 0.00 0.00 0.00 -37.36 -1.73 -0.01 -0.00 -0.00 0.00 -0.00 -0.00 -0.00 -3.17 -192.10 -39.43 -5.03 -2.44 -0.07 -0.00 -4.31 -4.59 -2.86 -59.68 -407.87 -152.17 -47.52 -36.55 -6.62 -0.63 -50.30 -51.28 -41.58 -206.19 -645.59 -328.22 -153.57 -138.00 -47.13 -12.83 -168.88 -167.89 -150.17 -408.56
0.00 0.00 0.00 0.00 0.00 0.00 0.00 0.00 0.00 0.00 -37.36 -1.73 -0.01 -0.00 -0.00 0.00 -0.00 -0.00 -0.00 -3.17 -192.10 -39.43 -5.03 -2.44 -0.07 -0.00 -4.31 -4.59 -2.86 -59.68 -407.87 -152.17 -47.52 -36.55 -6.62 -0.63 -50.30 -51.28 -41.58 -206.19 -645.59 -328.22 -153.57 -138.00 -47.13 -12.83 -168.88 -167.89 -150.17 -408.56
0.00 0.00 0.00 0.00 0.00 0.00 0.00 0.00 0.00 0.00 -37.36 -1.73 -0.01 -0.00 -0.00 0.00 -0.00 -0.00 -0.00 -3.17 -192.10 -39.43 -5.03 -2.44 -0.07 -0.00 -4.31 -4.59 -2.86 -59.68 -407.87 -152.17 -47.52 -36.55 -6.62 -0.63 -50.30 -51.28 -41.58 -206.19 -645.59 -328.22 -153.57 -138.00 -47.13 -12.83 -168.88 -167.89 -150.17 -408.56
0.00 0.00 0.00 0.00 0.00 0.00 0.00 0.00 0.00 0.00 -37.36 -1.73 -0.01 -0.00 -0.00 0.00 -0.00 -0.00 -0.00 -3.17 -192.10 -39.43 -5.03 -2.44 -0.07 -0.00 -4.31 -4.59 -2.86 -59.68 -407.87 -152.17 -47.52 -36.55 -6.62 -0.63 -50.30 -51.28 -41.58 -206.19 -645.59 -328.22 -153.57 -138.00 -47.13 -12.83 -168.88 -167.89 -150.17 -408.56
0.00 0.00 0.00 0.00 0.00 0.00 0.00 0.00 0.00 0.00 -37.36 -1.73 -0.01 -0.00 -0.00 0.00 -0.00 -0.00 -0.00 -3.17 -192.10 -39.43 -5.03 -2.44 -0.07 -0.00 -4.31 -4.59 -2.86 -59.68 -407.87 -152.17 -47.52 -36.55 -6.62 -0.63 -50.30 -51.28 -41.58 -206.19 -645.59 -328.22 -153.57 -138.00 -47.13 -12.83 -168.88 -167.89 -150.17 -408.56
0.00 0.00 0.00 0.00 0.00 0.00 0.00 0.00 0.00 0.00 -37.36 -1.73 -0.01 -0.00 -0.00 0.00 -0.00 -0.00 -0.00 -3.17 -192.10 -39.43 -5.03 -2.44 -0.07 -0.00 -4.31 -4.59 -2.86 -59.68 -407.87 -152.17 -47.52 -36.55 -6.62 -0.63 -50.30 -51.28 -41.58 -206.19 -645.59 -328.22 -153.57 -138.00 -47.13 -12.83 -168.88 -167.89 -150.17 -408.56
0.00 0.00 0.00 0.00 0.00 0.00 0.00 0.00 0.00 0.00 -37.36 -1.73 -0.01 -0.00 -0.00 0.00 -0.00 -0.00 -0.00 -3.17 -192.10 -39.43 -5.03 -2.44 -0.07 -0.00 -4.31 -4.59 -2.86 -59.68 -407.87 -152.17 -47.52 -36.55 -6.62 -0.63 -50.30 -51.28 -41.58 -206.19 -645.59 -328.22 -153.57 -138.00 -47.13 -12.83 -168.88 -167.89 -150.17 -408.56
0.00 0.00 0.00 0.00 0.00 0.00 0.00 0.00 0.00 0.00 -37.36 -1.73 -0.01 -0.00 -0.00 0.00 -0.00 -0.00 -0.00 -3.17 -192.10 -39.43 -5.03 -2.44 -0.07 -0.00 -4.31 -4.59 -2.86 -59.68 -407.87 -152.17 -47.52 -36.55 -6.62 -0.63 -50.30 -51.28 -41.58 -206.19 -645.59 -328.22 -153.57 -138.00 -47.13 -12.83 -168.88 -167.89 -150.17 -408.56
0.00 0.00 0.00 0.00 0.00 0.00 0.00 0.00 0.00 0.00 -37.36 -1.73 -0.01 -0.00 -0.00 0.00 -0.00 -0.00 -0.00 -3.17 -192.10 -39.43 -5.03 -2.44 -0.07 -0.00 -4.31 -4.59 -2.86 -59.68 -407.87 -152.17 -47.52 -36.55 -6.62 -0.63 -50.30 -51.28 -41.58 -206.19 -645.59 -328.22 -153.57 -138.00 -47.13 -12.83 -168.88 -167.89 -150.17 -408.56
0.00 0.00 0.00 0.00 0.00 0.00 0.00 0.00 0.00 0.00 -37.36 -1.73 -0.01 -0.00 -0.00 0.00 -0.00 -0.00 -0.00 -3.17 -192.10 -39.43 -5.03 -2.44 -0.07 -0.00 -4.31 -4.59 -2.86 -59.68 -407.87 -152.17 -47.52 -36.55 -6.62 -0.63 -50.30 -51.28 -41.58 -206.19 -645.59 -328.22 -153.57 -138.00 -47.13 -12.83 -168.88 -167.89 -150.17 -408.56
0.00 0.00 0.00 0.00 0.00 0.00 0.00 0.00 0.00 0.00 -37.36 -1.73 -0.01 -0.00 -0.00 0.00 -0.00 -0.00 -0.00 -3.17 -192.10 -39.43 -5.03 -2.44 -0.07 -0.00 -4.31 -4.59 -2.86 -59.68 -407.87 -152.17 -47.52 -36.55 -6.62 -0.63 -50.30 -51.28 -41.58 -206.19 -645.59 -328.22 -153.57 -138.00 -47.13 -12.83 -168.88 -167.89 -150.17 -408.56
0.00 0.00 0.00 0.00 0.00 0.00 0.00 0.00 0.00 0.00 -37.36 -1.73 -0.01 -0.00 -0.00 0.00 -0.00 -0.00 -0.00 -3.17 -192.10 -39.43 -5.03 -2.44 -0.07 -0.00 -4.31 -4.59 -2.86 -59.68 -407.87 -152.17 -47.52 -36.55 -6.62 -0.63 -50.30 -51.28 -41.58 -206.19 -645.59 -328.22 -153.57 -138.00 -47.13 -12.83 -168.88 -167.89 -150.17 -408.56
0.00 0.00 0.00 0.00 0.00 0.00 0.00 0.00 0.00 0.00 -37.36 -1.73 -0.01 -0.00 -0.00 0.00 -0.00 -0.00 -0.00 -3.17 -192.10 -39.43 -5.03 -2.44 -0.07 -0.00 -4.31 -4.59 -2.86 -59.68 -407.87 -152.17 -47.52 -36.55 -6.62 -0.63 -50.30 -51.28 -41.58 -206.19 -645.59 -328.22 -153.57 -138.00 -47.13 -12.83 -168.88 -167.89 -150.17 -408.56
0.00 0.00 0.00 0.00 0.00 0.00 0.00 0.00 0.00 0.00 -37.36 -1.73 -0.01 -0.00 -0.00 0.00 -0.00 -0.00 -0.00 -3.17 -192.10 -39.43 -5.03 -2.44 -0.07 -0.00 -4.31 -4.59 -2.86 -59.68 -407.87 -152.17 -47.52 -36.55 -6.62 -0.63 -50.30 -51.28 -41.58 -206.19 -645.59 -328.22 -153.57 -138.00 -47.13 -12.83 -168.88 -167.89 -150.17 -408.56
0.00 0.00 0.00 0.00 0.00 0.00 0.00 0.00 0.00 0.00 -37.36 -1.73 -0.01 -0.00 -0.00 0.00 -0.00 -0.00 -0.00 -3.17 -192.10 -39.43 -5.03 -2.44 -0.07 -0.00 -4.31 -4.59 -2.86 -59.68 -407.87 -152.17 -47.52 -36.55 -6.62 -0.63 -50.30 -51.28 -41.58 -206.19 -645.59 -328.22 -153.57 -138.00 -47.13 -12.83 -168.88 -167.89 -150.17 -408.56
0.00 0.00 0.00 0.00 0.00 0.00 0.00 0.00 0.00 0.00 -37.36 -1.73 -0.01 -0.00 -0.00 0.00 -0.00 -0.00 -0.00 -3.17 -192.10 -39.43 -5.03 -2.44 -0.07 -0.00 -4.31 -4.59 -2.86 -59.68 -407.87 -152.17 -47.52 -36.55 -6.62 -0.63 -50.30 -51.28 -41.58 -206.19 -645.59 -328.22 -153.57 -138.00 -47.13 -12.83 -168.88 -167.89 -150.17 -408.56
0.00 0.00 0.00 0.00 0.00 0.00 0.00 0.00 0.00 0.00 -37.36 -1.73 -0.01 -0.00 -0.00 0.00 -0.00 -0.00 -0.00 -3.17 -192.10 -39.43 -5.03 -2.44 -0.07 -0.00 -4.31 -4.59 -2.86 -59.68 -407.87 -152.17 -47.52 -36.55 -6.62 -0.63 -50.30 -51.28 -41.58 -206.19 -645.59 -328.22 -153.57 -138.00 -47.13 -12.83 -168.88 -167.89 -150.17 -408.56
0.00 0.00 0.00 0.00 0.00 0.00 0.00 0.00 0.00 0.00 -37.36 -1.73 -0.01 -0.00 -0.00 0.00 -0.00 -0.00 -0.00 -3.17 -192.10 -39.43 -5.03 -2.44 -0.07 -0.00 -4.31 -4.59 -2.86 -59.68 -407.87 -152.17 -47.52 -36.55 -6.62 -0.63 -50.30 -51.28 -41.58 -206.19 -645.59 -328.22 -153.57 -138.00 -47.13 -12.83 -168.88 -167.89 -150.17 -408.56
0.00 0.00 0.00 0.00 0.00 0.00 0.00 0.00 0.00 0.00 -37.36 -1.73 -0.01 -0.00 -0.00 0.00 -0.00 -0.00 -0.00 -3.17 -192.10 -39.43 -5.03 -2.44 -0.07 -0.00 -4.31 -4.59 -2.86 -59.68 -407.87 -152.17 -47.52 -36.55 -6.62 -0.63 -50.30 -51.28 -41.58 -206.19 -645.59 -328.22 -153.57 -138.00 -47.13 -12.83 -168.88 -167.89 -150.17 -408.56
0.00 0.00 0.00 0.00 0.00 0.00 0.00 0.00 0.00 0.00 -37.36 -1.73 -0.01 -0.00 -0.00 0.00 -0.00 -0.00 -0.00 -3.17 -192.10 -39.43 -5.03 -2.44 -0.07 -0.00 -4.31 -4.59 -2.86 -59.68 -407.87 -152.17 -47.52 -36.55 -6.62 -0.63 -50.30 -51.28 -41.58 -206.19 -645.59 -328.22 -153.57 -138.00 -47.13 -12.83 -168.88 -167.89 -150.17 -408.56
0.00 0.00 0.00 0.00 0.00 0.00 0.00 0.00 0.00 0.00 -37.36 -1.73 -0.01 -0.00 -0.00 0.00 -0.00 -0.00 -0.00 -3.17 -192.10 -39.43 -5.03 -2.44 -0.07 -0.00 -4.31 -4.59 -2.86 -59.68 -407.87 -152.17 -47.52 -36.55 -6.62 -0.63 -50.30 -51.28 -41.58 -206.19 -645.59 -328.22 -153.57 -138.00 -47.13 -12.83 -168.88 -167.89 -150.17 -408.56
0.00 0.00 0.00 0.00 0.00 0.00 0.00 0.00 0.00 0.00 -37.36 -1.73 -0.01 -0.00 -0.00 0.00 -0.00 -0.00 -0.00 -3.17 -192.10 -39.43 -5.03 -2.44 -0.07 -0.00 -4.31 -4.59 -2.86 -59.68 -407.87 -152.17 -47.52 -36.55 -6.62 -0.63 -50.30 -51.28 -41.58 -206.19 -645.59 -328.22 -153.57 -138.00 -47.13 -12.83 -168.88 -167.89 -150.17 -408.56
