0.00 0.00 0.00 0.00 0.00 0.00 0.00 0.00 0.00 0.00 0.00 0.00 0.00 0.00 0.00 0.00 0.00 0.00 0.00 0.00 0.00 0.00 0.00 0.00 0.00 0.00 0.00 0.00 0.00 0.00 0.00 0.00 0.00 0.00 0.00 0.00 0.00 0.00 0.00 0.00 0.00 0.00 0.00 0.00 0.00 0.00 0.00 0.00 0.00 0.00
0.00 0.00 0.00 0.00 0.00 0.00 0.00 0.00 0.00 0.00 -51.33 -3.70 -0.03 -0.00 -0.00 -0.00 -0.02 -0.01 -0.02 -5.26 -239.45 -66.04 -10.19 -7.10 -0.69 -0.02 -10.92 -17.96 -10.98 -90.58 -486.49 -222.18 -75.23 -72.81 -21.18 -4.00 -83.51 -119.48 -88.22 -278.64 -752.31 -440.93 -220.70 -224.89 -102.30 -38.41 -241.02 -305.94 -249.20 -519.73
0.00 0.00 0.00 0.00 0.00 0.00 0.00 0.00 0.00 0.00 -49.37 -3.59 -0.02 -0.00 -0.00 -0.00 -0.01 -0.00 -0.02 -4.75 -233.93 -67.72 -8.64 -9.16 -0.74 -0.02 -10.69 -15.37 -9.30 -85.30 -478.83 -227.37 -68.37 -83.91 -24.98 -4.18 -90.12 -111.30 -79.11 -267.54 -743.69 -448.38 -204.11 -241.95 -116.77 -39.82 -253.07 -290.76 -229.62 -504.64
0.00 0.00 0.00 0.00 0.00 0.00 0.00 0.00 0.00 0.00 -49.37 -3.59 -0.02 -0.00 -0.00 -0.00 -0.01 -0.00 -0.02 -4.75 -233.93 -67.72 -8.64 -9.16 -0.74 -0.02 -10.69 -15.37 -9.30 -85.30 -478.83 -227.37 -68.37 -83.91 -24.98 -4.18 -90.12 -111.30 -79.11 -267.54 -743.69 -448.38 -204.11 -241.95 -116.77 -39.82 -253.07 -290.76 -229.62 -504.64
0.00 0.00 0.00 0.00 0.00 0.00 0.00 0.00 0.00 0.00 -39.90 -2.10 -0.02 -0.00 -0.00 0.00 -0.00 -0.00 -0.02 -17.30 -200.17 -44.75 -7.41 -3.17 -0.24 -0.01 -5.84 -3.48 -10.41 -100.63 -419.64 -165.99 -61.64 -44.35 -11.56 -2.78 -57.69 -51.79 -76.80 -241.69 -659.26 -350.37 -184.15 -157.82 -66.90 -33.96 -180.68 -176.83 -212.26 -414.32
0.00 0.00 0.00 0.00 0.00 0.00 0.00 0.00 0.00 0.00 -39.90 -2.10 -0.02 -0.00 -0.00 0.00 -0.00 -0.00 -0.02 -17.30 -200.17 -44.75 -7.41 -3.17 -0.24 -0.01 -5.84 -3.48 -10.41 -100.63 -419.64 -165.99 -61.64 -44.35 -11.56 -2.78 -57.69 -51.79 -76.80 -241.69 -659.26 -350.37 -184.15 -157.82 -66.90 -33.96 -180.68 -176.83 -212.26 -414.32
0.00 0.00 0.00 0.00 0.00 0.00 0.00 0.00 0.00 0.00 -37.58 -1.76 -0.01 -0.00 -0.00 0.00 -0.00 -0.00 -0.00 -3.17 -192.78 -39.87 -5.15 -2.28 -0.13 -0.00 -4.87 -5.57 -3.32 -60.81 -408.87 -153.32 -48.45 -39.95 -8.51 -0.64 -53.90 -61.17 -45.10 -208.55 -646.77 -330.09 -155.92 -142.19 -54.40 -12.93 -171.51 -186.97 -156.93 -411.98
0.00 0.00 0.00 0.00 0.00 0.00 0.00 0.00 0.00 0.00 -37.58 -1.76 -0.01 -0.00 -0.00 0.00 -0.00 -0.00 -0.00 -3.17 -192.78 -39.87 -5.15 -2.28 -0.13 -0.00 -4.87 -5.57 -3.32 -60.81 -408.87 -153.32 -48.45 -39.95 -8.51 -0.64 -53.90 -61.17 -45.10 -208.55 -646.77 -330.09 -155.92 -142.19 -54.40 -12.93 -171.51 -186.97 -156.93 -411.98
0.00 0.00 0.00 0.00 0.00 0.00 0.00 0.00 0.00 0.00 -37.58 -1.76 -0.01 -0.00 -0.00 0.00 -0.00 -0.00 -0.00 -3.17 -192.78 -39.87 -5.15 -2.28 -0.13 -0.00 -4.87 -5.57 -3.32 -60.81 -408.87 -153.32 -48.45 -39.95 -8.51 -0.64 -53.90 -61.17 -45.10 -208.55 -646.77 -330.09 -155.92 -142.19 -54.40 -12.93 -171.51 -186.97 -156.93 -411.98
0.00 0.00 0.00 0.00 0.00 0.00 0.00 0.00 0.00 0.00 -37.58 -1.76 -0.01 -0.00 -0.00 0.00 -0.00 -0.00 -0.00 -3.17 -192.78 -39.87 -5.15 -2.28 -0.13 -0.00 -4.87 -5.57 -3.32 -60.81 -408.87 -153.32 -48.45 -39.95 -8.51 -0.64 -53.90 -61.17 -45.10 -208.55 -646.77 -330.09 -155.92 -142.19 -54.40 -12.93 -171.51 -186.97 -156.93 -411.98
0.00 0.00 0.00 0.00 0.00 0.00 0.00 0.00 0.00 0.00 -37.58 -1.76 -0.01 -0.00 -0.00 0.00 -0.00 -0.00 -0.00 -3.17 -192.78 -39.87 -5.15 -2.28 -0.13 -0.00 -4.87 -5.57 -3.32 -60.81 -408.87 -153.32 -48.45 -39.95 -8.51 -0.64 -53.90 -61.17 -45.10 -208.55 -646.77 -330.09 -155.92 -142.19 -54.40 -12.93 -171.51 -186.97 -156.93 -411.98
0.00 0.00 0.00 0.00 0.00 0.00 0.00 0.00 0.00 0.00 -37.46 -1.74 -0.01 -0.00 -0.00 0.00 -0.00 -0.00 -0.00 -3.20 -192.44 -39.65 -5.08 -2.53 -0.11 -0.00 -4.26 -4.38 -2.49 -60.04 -408.38 -152.75 -47.91 -37.40 -7.90 -0.63 -49.79 -52.59 -35.64 -206.90 -646.18 -329.17 -154.54 -139.92 -53.48 -11.44 -167.36 -173.77 -134.20 -409.54
0.00 0.00 0.00 0.00 0.00 0.00 0.00 0.00 0.00 0.00 -37.46 -1.74 -0.01 -0.00 -0.00 0.00 -0.00 -0.00 -0.00 -3.20 -192.44 -39.65 -5.08 -2.53 -0.11 -0.00 -4.26 -4.38 -2.49 -60.04 -408.38 -152.75 -47.91 -37.40 -7.90 -0.63 -49.79 -52.59 -35.64 -206.90 -646.18 -329.17 -154.54 -139.92 -53.48 -11.44 -167.36 -173.77 -134.20 -409.54
0.00 0.00 0.00 0.00 0.00 0.00 0.00 0.00 0.00 0.00 -37.46 -1.74 -0.01 -0.00 -0.00 0.00 -0.00 -0.00 -0.00 -3.20 -192.44 -39.65 -5.08 -2.53 -0.11 -0.00 -4.26 -4.38 -2.49 -60.04 -408.38 -152.75 -47.91 -37.40 -7.90 -0.63 -49.79 -52.59 -35.64 -206.90 -646.18 -329.17 -154.54 -139.92 -53.48 -11.44 -167.36 -173.77 -134.20 -409.54
0.00 0.00 0.00 0.00 0.00 0.00 0.00 0.00 0.00 0.00 -37.46 -1.74 -0.01 -0.00 -0.00 0.00 -0.00 -0.00 -0.00 -3.20 -192.44 -39.65 -5.08 -2.53 -0.11 -0.00 -4.26 -4.38 -2.49 -60.04 -408.38 -152.75 -47.91 -37.40 -7.90 -0.63 -49.79 -52.59 -35.64 -206.90 -646.18 -329.17 -154.54 -139.92 -53.48 -11.44 -167.36 -173.77 -134.20 -409.54
0.00 0.00 0.00 0.00 0.00 0.00 0.00 0.00 0.00 0.00 -37.46 -1.74 -0.01 -0.00 -0.00 0.00 -0.00 -0.00 -0.00 -3.20 -192.44 -39.65 -5.08 -2.53 -0.11 -0.00 -4.26 -4.38 -2.49 -60.04 -408.38 -152.75 -47.91 -37.40 -7.90 -0.63 -49.79 -52.59 -35.64 -206.90 -646.18 -329.17 -154.54 -139.92 -53.48 -11.44 -167.36 -173.77 -134.20 -409.54
0.00 0.00 0.00 0.00 0.00 0.00 0.00 0.00 0.00 0.00 -37.46 -1.74 -0.01 -0.00 -0.00 0.00 -0.00 -0.00 -0.00 -3.20 -192.44 -39.65 -5.08 -2.53 -0.11 -0.00 -4.26 -4.38 -2.49 -60.04 -408.38 -152.75 -47.91 -37.40 -7.90 -0.63 -49.79 -52.59 -35.64 -206.90 -646.18 -329.17 -154.54 -139.92 -53.48 -11.44 -167.36 -173.77 -134.20 -409.54
0.00 0.00 0.00 0.00 0.00 0.00 0.00 0.00 0.00 0.00 -37.46 -1.74 -0.01 -0.00 -0.00 0.00 -0.00 -0.00 -0.00 -3.20 -192.44 -39.65 -5.08 -2.53 -0.11 -0.00 -4.26 -4.38 -2.49 -60.04 -408.38 -152.75 -47.91 -37.40 -7.90 -0.63 -49.79 -52.59 -35.64 -206.90 -646.18 -329.17 -154.54 -139.92 -53.48 -11.44 -167.36 -173.77 -134.20 -409.54
0.00 0.00 0.00 0.00 0.00 0.00 0.00 0.00 0.00 0.00 -37.46 -1.74 -0.01 -0.00 -0.00 0.00 -0.00 -0.00 -0.00 -3.20 -192.44 -39.65 -5.08 -2.53 -0.11 -0.00 -4.26 -4.38 -2.49 -60.04 -408.38 -152.75 -47.91 -37.40 -7.90 -0.63 -49.79 -52.59 -35.64 -206.90 -646.18 -329.17 -154.54 -139.92 -53.48 -11.44 -167.36 -173.77 -134.20 -409.54
0.00 0.00 0.00 0.00 0.00 0.00 0.00 0.00 0.00 0.00 -37.46 -1.74 -0.01 -0.00 -0.00 0.00 -0.00 -0.00 -0.00 -3.20 -192.44 -39.65 -5.08 -2.53 -0.11 -0.00 -4.26 -4.38 -2.49 -60.04 -408.38 -152.75 -47.91 -37.40 -7.90 -0.63 -49.79 -52.59 -35.64 -206.90 -646.18 -329.17 -154.54 -139.92 -53.48 -11.44 -167.36 -173.77 -134.20 -409.54
0.00 0.00 0.00 0.00 0.00 0.00 0.00 0.00 0.00 0.00 -37.46 -1.74 -0.01 -0.00 -0.00 0.00 -0.00 -0.00 -0.00 -3.20 -192.44 -39.65 -5.08 -2.53 -0.11 -0.00 -4.26 -4.38 -2.49 -60.04 -408.38 -152.75 -47.91 -37.40 -7.90 -0.63 -49.79 -52.59 -35.64 -206.90 -646.18 -329.17 -154.54 -139.92 -53.48 -11.44 -167.36 -173.77 -134.20 -409.54
0.00 0.00 0.00 0.00 0.00 0.00 0.00 0.00 0.00 0.00 -37.46 -1.74 -0.01 -0.00 -0.00 0.00 -0.00 -0.00 -0.00 -3.20 -192.44 -39.65 -5.08 -2.53 -0.11 -0.00 -4.26 -4.38 -2.49 -60.04 -408.38 -152.75 -47.91 -37.40 -7.90 -0.63 -49.79 -52.59 -35.64 -206.90 -646.18 -329.17 -154.54 -139.92 -53.48 -11.44 -167.36 -173.77 -134.20 -409.54
0.00 0.00 0.00 0.00 0.00 0.00 0.00 0.00 0.00 0.00 -40.59 -1.95 -0.01 -0.00 -0.00 0.00 -0.00 -0.00 -0.02 -6.98 -200.21 -43.78 -5.24 -3.12 -0.14 -0.00 -4.91 -1.26 -10.26 -57.46 -418.06 -162.32 -48.64 -43.60 -8.88 -1.27 -52.31 -27.60 -75.07 -189.09 -656.50 -343.09 -154.51 -154.16 -55.14 -16.56 -174.71 -114.51 -212.24 -386.52
0.00 0.00 0.00 0.00 0.00 0.00 0.00 0.00 0.00 0.00 -40.59 -1.95 -0.01 -0.00 -0.00 0.00 -0.00 -0.00 -0.02 -6.98 -200.21 -43.78 -5.24 -3.12 -0.14 -0.00 -4.91 -1.26 -10.26 -57.46 -418.06 -162.32 -48.64 -43.60 -8.88 -1.27 -52.31 -27.60 -75.07 -189.09 -656.50 -343.09 -154.51 -154.16 -55.14 -16.56 -174.71 -114.51 -212.24 -386.52
0.00 0.00 0.00 0.00 0.00 0.00 0.00 0.00 0.00 0.00 -40.59 -1.95 -0.01 -0.00 -0.00 0.00 -0.00 -0.00 -0.02 -6.98 -200.21 -43.78 -5.24 -3.12 -0.14 -0.00 -4.91 -1.26 -10.26 -57.46 -418.06 -162.32 -48.64 -43.60 -8.88 -1.27 -52.31 -27.60 -75.07 -189.09 -656.50 -343.09 -154.51 -154.16 -55.14 -16.56 -174.71 -114.51 -212.24 -386.52
0.00 0.00 0.00 0.00 0.00 0.00 0.00 0.00 0.00 0.00 -40.59 -1.95 -0.01 -0.00 -0.00 0.00 -0.00 -0.00 -0.02 -6.98 -200.21 -43.78 -5.24 -3.12 -0.14 -0.00 -4.91 -1.26 -10.26 -57.46 -418.06 -162.32 -48.64 -43.60 -8.88 -1.27 -52.31 -27.60 -75.07 -189.09 -656.50 -343.09 -154.51 -154.16 -55.14 -16.56 -174.71 -114.51 -212.24 -386.52
0.00 0.00 0.00 0.00 0.00 0.00 0.00 0.00 0.00 0.00 -40.59 -1.95 -0.01 -0.00 -0.00 0.00 -0.00 -0.00 -0.02 -6.98 -200.21 -43.78 -5.24 -3.12 -0.14 -0.00 -4.91 -1.26 -10.26 -57.46 -418.06 -162.32 -48.64 -43.60 -8.88 -1.27 -52.31 -27.60 -75.07 -189.09 -656.50 -343.09 -154.51 -154.16 -55.14 -16.56 -174.71 -114.51 -212.24 -386.52
0.00 0.00 0.00 0.00 0.00 0.00 0.00 0.00 0.00 0.00 -40.59 -1.95 -0.01 -0.00 -0.00 0.00 -0.00 -0.00 -0.02 -6.98 -200.21 -43.78 -5.24 -3.12 -0.14 -0.00 -4.91 -1.26 -10.26 -57.46 -418.06 -162.32 -48.64 -43.60 -8.88 -1.27 -52.31 -27.60 -75.07 -189.09 -656.50 -343.09 -154.51 -154.16 -55.14 -16.56 -174.71 -114.51 -212.24 -386.52
0.00 0.00 0.00 0.00 0.00 0.00 0.00 0.00 0.00 0.00 -40.59 -1.95 -0.01 -0.00 -0.00 0.00 -0.00 -0.00 -0.02 -6.98 -200.21 -43.78 -5.24 -3.12 -0.14 -0.00 -4.91 -1.26 -10.26 -57.46 -418.06 -162.32 -48.64 -43.60 -8.88 -1.27 -52.31 -27.60 -75.07 -189.09 -656.50 -343.09 -154.51 -154.16 -55.14 -16.56 -174.71 -114.51 -212.24 -386.52
0.00 0.00 0.00 0.00 0.00 0.00 0.00 0.00 0.00 0.00 -40.59 -1.95 -0.01 -0.00 -0.00 0.00 -0.00 -0.00 -0.02 -6.98 -200.21 -43.78 -5.24 -3.12 -0.14 -0.00 -4.91 -1.26 -10.26 -57.46 -418.06 -162.32 -48.64 -43.60 -8.88 -1.27 -52.31 -27.60 -75.07 -189.09 -656.50 -343.09 -154.51 -154.16 -55.14 -16.56 -174.71 -114.51 -212.24 -386.52
0.00 0.00 0.00 0.00 0.00 0.00 0.00 0.00 0.00 0.00 -40.59 -1.95 -0.01 -0.00 -0.00 0.00 -0.00 -0.00 -0.02 -6.98 -200.21 -43.78 -5.24 -3.12 -0.14 -0.00 -4.91 -1.26 -10.26 -57.46 -418.06 -162.32 -48.64 -43.60 -8.88 -1.27 -52.31 -27.60 -75.07 -189.09 -656.50 -343.09 -154.51 -154.16 -55.14 -16.56 -174.71 -114.51 -212.24 -386.52
0.00 0.00 0.00 0.00 0.00 0.00 0.00 0.00 0.00 0.00 -40.59 -1.95 -0.01 -0.00 -0.00 0.00 -0.00 -0.00 -0.02 -6.98 -200.21 -43.78 -5.24 -3.12 -0.14 -0.00 -4.91 -1.26 -10.26 -57.46 -418.06 -162.32 -48.64 -43.60 -8.88 -1.27 -52.31 -27.60 -75.07 -189.09 -656.50 -343.09 -154.51 -154.16 -55.14 -16.56 -174.71 -114.51 -212.24 -386.52
0.00 0.00 0.00 0.00 0.00 0.00 0.00 0.00 0.00 0.00 -40.59 -1.95 -0.01 -0.00 -0.00 0.00 -0.00 -0.00 -0.02 -6.98 -200.21 -43.78 -5.24 -3.12 -0.14 -0.00 -4.91 -1.26 -10.26 -57.46 -418.06 -162.32 -48.64 -43.60 -8.88 -1.27 -52.31 -27.60 -75.07 -189.09 -656.50 -343.09 -154.51 -154.16 -55.14 -16.56 -174.71 -114.51 -212.24 -386.52
0.00 0.00 0.00 0.00 0.00 0.00 0.00 0.00 0.00 0.00 -40.59 -1.95 -0.01 -0.00 -0.00 0.00 -0.00 -0.00 -0.02 -6.98 -200.21 -43.78 -5.24 -3.12 -0.14 -0.00 -4.91 -1.26 -10.26 -57.46 -418.06 -162.32 -48.64 -43.60 -8.88 -1.27 -52.31 -27.60 -75.07 -189.09 -656.50 -343.09 -154.51 -154.16 -55.14 -16.56 -174.71 -114.51 -212.24 -386.52
0.00 0.00 0.00 0.00 0.00 0.00 0.00 0.00 0.00 0.00 -40.59 -1.95 -0.01 -0.00 -0.00 0.00 -0.00 -0.00 -0.02 -6.98 -200.21 -43.78 -5.24 -3.12 -0.14 -0.00 -4.91 -1.26 -10.26 -57.46 -418.06 -162.32 -48.64 -43.60 -8.88 -1.27 -52.31 -27.60 -75.07 -189.09 -656.50 -343.09 -154.51 -154.16 -55.14 -16.56 -174.71 -114.51 -212.24 -386.52
0.00 0.00 0.00 0.00 0.00 0.00 0.00 0.00 0.00 0.00 -40.59 -1.95 -0.01 -0.00 -0.00 0.00 -0.00 -0.00 -0.02 -6.98 -200.21 -43.78 -5.24 -3.12 -0.14 -0.00 -4.91 -1.26 -10.26 -57.46 -418.06 -162.32 -48.64 -43.60 -8.88 -1.27 -52.31 -27.60 -75.07 -189.09 -656.50 -343.09 -154.51 -154.16 -55.14 -16.56 -174.71 -114.51 -212.24 -386.52
0.00 0.00 0.00 0.00 0.00 0.00 0.00 0.00 0.00 0.00 -40.59 -1.95 -0.01 -0.00 -0.00 0.00 -0.00 -0.00 -0.02 -6.98 -200.21 -43.78 -5.24 -3.12 -0.14 -0.00 -4.91 -1.26 -10.26 -57.46 -418.06 -162.32 -48.64 -43.60 -8.88 -1.27 -52.31 -27.60 -75.07 -189.09 -656.50 -343.09 -154.51 -154.16 -55.14 -16.56 -174.71 -114.51 -212.24 -386.52
0.00 0.00 0.00 0.00 0.00 0.00 0.00 0.00 0.00 0.00 -40.59 -1.95 -0.01 -0.00 -0.00 0.00 -0.00 -0.00 -0.02 -6.98 -200.21 -43.78 -5.24 -3.12 -0.14 -0.00 -4.91 -1.26 -10.26 -57.46 -418.06 -162.32 -48.64 -43.60 -8.88 -1.27 -52.31 -27.60 -75.07 -189.09 -656.50 -343.09 -154.51 -154.16 -55.14 -16.56 -174.71 -114.51 -212.24 -386.52
0.00 0.00 0.00 0.00 0.00 0.00 0.00 0.00 0.00 0.00 -40.59 -1.95 -0.01 -0.00 -0.00 0.00 -0.00 -0.00 -0.02 -6.98 -200.21 -43.78 -5.24 -3.12 -0.14 -0.00 -4.91 -1.26 -10.26 -57.46 -418.06 -162.32 -48.64 -43.60 -8.88 -1.27 -52.31 -27.60 -75.07 -189.09 -656.50 -343.09 -154.51 -154.16 -55.14 -16.56 -174.71 -114.51 -212.24 -386.52
0.00 0.00 0.00 0.00 0.00 0.00 0.00 0.00 0.00 0.00 -40.59 -1.95 -0.01 -0.00 -0.00 0.00 -0.00 -0.00 -0.02 -6.98 -200.21 -43.78 -5.24 -3.12 -0.14 -0.00 -4.91 -1.26 -10.26 -57.46 -418.06 -162.32 -48.64 -43.60 -8.88 -1.27 -52.31 -27.60 -75.07 -189.09 -656.50 -343.09 -154.51 -154.16 -55.14 -16.56 -174.71 -114.51 -212.24 -386.52
0.00 0.00 0.00 0.00 0.00 0.00 0.00 0.00 0.00 0.00 -40.59 -1.95 -0.01 -0.00 -0.00 0.00 -0.00 -0.00 -0.02 -6.98 -200.21 -43.78 -5.24 -3.12 -0.14 -0.00 -4.91 -1.26 -10.26 -57.46 -418.06 -162.32 -48.64 -43.60 -8.88 -1.27 -52.31 -27.60 -75.07 -189.09 -656.50 -343.09 -154.51 -154.16 -55.14 -16.56 -174.71 -114.51 -212.24 -386.52
0.00 0.00 0.00 0.00 0.00 0.00 0.00 0.00 0.00 0.00 -40.59 -1.95 -0.01 -0.00 -0.00 0.00 -0.00 -0.00 -0.02 -6.98 -200.21 -43.78 -5.24 -3.12 -0.14 -0.00 -4.91 -1.26 -10.26 -57.46 -418.06 -162.32 -48.64 -43.60 -8.88 -1.27 -52.31 -27.60 -75.07 -189.09 -656.50 -343.09 -154.51 -154.16 -55.14 -16.56 -174.71 -114.51 -212.24 -386.52
0.00 0.00 0.00 0.00 0.00 0.00 0.00 0.00 0.00 0.00 -40.59 -1.95 -0.01 -0.00 -0.00 0.00 -0.00 -0.00 -0.02 -6.98 -200.21 -43.78 -5.24 -3.12 -0.14 -0.00 -4.91 -1.26 -10.26 -57.46 -418.06 -162.32 -48.64 -43.60 -8.88 -1.27 -52.31 -27.60 -75.07 -189.09 -656.50 -343.09 -154.51 -154.16 -55.14 -16.56 -174.71 -114.51 -212.24 -386.52
0.00 0.00 0.00 0.00 0.00 0.00 0.00 0.00 0.00 0.00 -40.59 -1.95 -0.01 -0.00 -0.00 0.00 -0.00 -0.00 -0.02 -6.98 -200.21 -43.78 -5.24 -3.12 -0.14 -0.00 -4.91 -1.26 -10.26 -57.46 -418.06 -162.32 -48.64 -43.60 -8.88 -1.27 -52.31 -27.60 -75.07 -189.09 -656.50 -343.09 -154.51 -154.16 -55.14 -16.56 -174.71 -114.51 -212.24 -386.52
0.00 0.00 0.00 0.00 0.00 0.00 0.00 0.00 0.00 0.00 -40.59 -1.95 -0.01 -0.00 -0.00 0.00 -0.00 -0.00 -0.02 -6.98 -200.21 -43.78 -5.24 -3.12 -0.14 -0.00 -4.91 -1.26 -10.26 -57.46 -418.06 -162.32 -48.64 -43.60 -8.88 -1.27 -52.31 -27.60 -75.07 -189.09 -656.50 -343.09 -154.51 -154.16 -55.14 -16.56 -174.71 -114.51 -212.24 -386.52
0.00 0.00 0.00 0.00 0.00 0.00 0.00 0.00 0.00 0.00 -40.59 -1.95 -0.01 -0.00 -0.00 0.00 -0.00 -0.00 -0.02 -6.98 -200.21 -43.78 -5.24 -3.12 -0.14 -0.00 -4.91 -1.26 -10.26 -57.46 -418.06 -162.32 -48.64 -43.60 -8.88 -1.27 -52.31 -27.60 -75.07 -189.09 -656.50 -343.09 -154.51 -154.16 -55.14 -16.56 -174.71 -114.51 -212.24 -386.52
0.00 0.00 0.00 0.00 0.00 0.00 0.00 0.00 0.00 0.00 -40.59 -1.95 -0.01 -0.00 -0.00 0.00 -0.00 -0.00 -0.02 -6.98 -200.21 -43.78 -5.24 -3.12 -0.14 -0.00 -4.91 -1.26 -10.26 -57.46 -418.06 -162.32 -48.64 -43.60 -8.88 -1.27 -52.31 -27.60 -75.07 -189.09 -656.50 -343.09 -154.51 -154.16 -55.14 -16.56 -174.71 -114.51 -212.24 -386.52
0.00 0.00 0.00 0.00 0.00 0.00 0.00 0.00 0.00 0.00 -40.59 -1.95 -0.01 -0.00 -0.00 0.00 -0.00 -0.00 -0.02 -6.98 -200.21 -43.78 -5.24 -3.12 -0.14 -0.00 -4.91 -1.26 -10.26 -57.46 -418.06 -162.32 -48.64 -43.60 -8.88 -1.27 -52.31 -27.60 -75.07 -189.09 -656.50 -343.09 -154.51 -154.16 -55.14 -16.56 -174.71 -114.51 -212.24 -386.52
0.00 0.00 0.00 0.00 0.00 0.00 0.00 0.00 0.00 0.00 -40.59 -1.95 -0.01 -0.00 -0.00 0.00 -0.00 -0.00 -0.02 -6.98 -200.21 -43.78 -5.24 -3.12 -0.14 -0.00 -4.91 -1.26 -10.26 -57.46 -418.06 -162.32 -48.64 -43.60 -8.88 -1.27 -52.31 -27.60 -75.07 -189.09 -656.50 -343.09 -154.51 -154.16 -55.14 -16.56 -174.71 -114.51 -212.24 -386.52
0.00 0.00 0.00 0.00 0.00 0.00 0.00 0.00 0.00 0.00 -40.59 -1.95 -0.01 -0.00 -0.00 0.00 -0.00 -0.00 -0.02 -6.98 -200.21 -43.78 -5.24 -3.12 -0.14 -0.00 -4.91 -1.26 -10.26 -57.46 -418.06 -162.32 -48.64 -43.60 -8.88 -1.27 -52.31 -27.60 -75.07 -189.09 -656.50 -343.09 -154.51 -154.16 -55.14 -16.56 -174.71 -114.51 -212.24 -386.52
0.00 0.00 0.00 0.00 0.00 0.00 0.00 0.00 0.00 0.00 -40.59 -1.95 -0.01 -0.00 -0.00 0.00 -0.00 -0.00 -0.02 -6.98 -200.21 -43.78 -5.24 -3.12 -0.14 -0.00 -4.91 -1.26 -10.26 -57.46 -418.06 -162.32 -48.64 -43.60 -8.88 -1.27 -52.31 -27.60 -75.07 -189.09 -656.50 -343.09 -154.51 -154.16 -55.14 -16.56 -174.71 -114.51 -212.24 -386.52
0.00 0.00 0.00 0.00 0.00 0.00 0.00 0.00 0.00 0.00 -40.59 -1.95 -0.01 -0.00 -0.00 0.00 -0.00 -0.00 -0.02 -6.98 -200.21 -43.78 -5.24 -3.12 -0.14 -0.00 -4.91 -1.26 -10.26 -57.46 -418.06 -162.32 -48.64 -43.60 -8.88 -1.27 -52.31 -27.60 -75.07 -189.09 -656.50 -343.09 -154.51 -154.16 -55.14 -16.56 -174.71 -114.51 -212.24 -386.52
0.00 0.00 0.00 0.00 0.00 0.00 0.00 0.00 0.00 0.00 -40.59 -1.95 -0.01 -0.00 -0.00 0.00 -0.00 -0.00 -0.02 -6.98 -200.21 -43.78 -5.24 -3.12 -0.14 -0.00 -4.91 -1.26 -10.26 -57.46 -418.06 -162.32 -48.64 -43.60 -8.88 -1.27 -52.31 -27.60 -75.07 -189.09 -656.50 -343.09 -154.51 -154.16 -55.14 -16.56 -174.71 -114.51 -212.24 -386.52
0.00 0.00 0.00 0.00 0.00 0.00 0.00 0.00 0.00 0.00 -40.59 -1.95 -0.01 -0.00 -0.00 0.00 -0.00 -0.00 -0.02 -6.98 -200.21 -43.78 -5.24 -3.12 -0.14 -0.00 -4.91 -1.26 -10.26 -57.46 -418.06 -162.32 -48.64 -43.60 -8.88 -1.27 -52.31 -27.60 -75.07 -189.09 -656.50 -343.09 -154.51 -154.16 -55.14 -16.56 -174.71 -114.51 -212.24 -386.52
0.00 0.00 0.00 0.00 0.00 0.00 0.00 0.00 0.00 0.00 -40.59 -1.95 -0.01 -0.00 -0.00 0.00 -0.00 -0.00 -0.02 -6.98 -200.21 -43.78 -5.24 -3.12 -0.14 -0.00 -4.91 -1.26 -10.26 -57.46 -418.06 -162.32 -48.64 -43.60 -8.88 -1.27 -52.31 -27.60 -75.07 -189.09 -656.50 -343.09 -154.51 -154.16 -55.14 -16.56 -174.71 -114.51 -212.24 -386.52
0.00 0.00 0.00 0.00 0.00 0.00 0.00 0.00 0.00 0.00 -40.59 -1.95 -0.01 -0.00 -0.00 0.00 -0.00 -0.00 -0.02 -6.98 -200.21 -43.78 -5.24 -3.12 -0.14 -0.00 -4.91 -1.26 -10.26 -57.46 -418.06 -162.32 -48.64 -43.60 -8.88 -1.27 -52.31 -27.60 -75.07 -189.09 -656.50 -343.09 -154.51 -154.16 -55.14 -16.56 -174.71 -114.51 -212.24 -386.52
0.00 0.00 0.00 0.00 0.00 0.00 0.00 0.00 0.00 0.00 -40.59 -1.95 -0.01 -0.00 -0.00 0.00 -0.00 -0.00 -0.02 -6.98 -200.21 -43.78 -5.24 -3.12 -0.14 -0.00 -4.91 -1.26 -10.26 -57.46 -418.06 -162.32 -48.64 -43.60 -8.88 -1.27 -52.31 -27.60 -75.07 -189.09 -656.50 -343.09 -154.51 -154.16 -55.14 -16.56 -174.71 -114.51 -212.24 -386.52
0.00 0.00 0.00 0.00 0.00 0.00 0.00 0.00 0.00 0.00 -40.59 -1.95 -0.01 -0.00 -0.00 0.00 -0.00 -0.00 -0.02 -6.98 -200.21 -43.78 -5.24 -3.12 -0.14 -0.00 -4.91 -1.26 -10.26 -57.46 -418.06 -162.32 -48.64 -43.60 -8.88 -1.27 -52.31 -27.60 -75.07 -189.09 -656.50 -343.09 -154.51 -154.16 -55.14 -16.56 -174.71 -114.51 -212.24 -386.52
0.00 0.00 0.00 0.00 0.00 0.00 0.00 0.00 0.00 0.00 -40.59 -1.95 -0.01 -0.00 -0.00 0.00 -0.00 -0.00 -0.02 -6.98 -200.21 -43.78 -5.24 -3.12 -0.14 -0.00 -4.91 -1.26 -10.26 -57.46 -418.06 -162.32 -48.64 -43.60 -8.88 -1.27 -52.31 -27.60 -75.07 -189.09 -656.50 -343.09 -154.51 -154.16 -55.14 -16.56 -174.71 -114.51 -212.24 -386.52
0.00 0.00 0.00 0.00 0.00 0.00 0.00 0.00 0.00 0.00 -40.59 -1.95 -0.01 -0.00 -0.00 0.00 -0.00 -0.00 -0.02 -6.98 -200.21 -43.78 -5.24 -3.12 -0.14 -0.00 -4.91 -1.26 -10.26 -57.46 -418.06 -162.32 -48.64 -43.60 -8.88 -1.27 -52.31 -27.60 -75.07 -189.09 -656.50 -343.09 -154.51 -154.16 -55.14 -16.56 -174.71 -114.51 -212.24 -386.52
0.00 0.00 0.00 0.00 0.00 0.00 0.00 0.00 0.00 0.00 -40.59 -1.95 -0.01 -0.00 -0.00 0.00 -0.00 -0.00 -0.02 -6.98 -200.21 -43.78 -5.24 -3.12 -0.14 -0.00 -4.91 -1.26 -10.26 -57.46 -418.06 -162.32 -48.64 -43.60 -8.88 -1.27 -52.31 -27.60 -75.07 -189.09 -656.50 -343.09 -154.51 -154.16 -55.14 -16.56 -174.71 -114.51 -212.24 -386.52
0.00 0.00 0.00 0.00 0.00 0.00 0.00 0.00 0.00 0.00 -40.59 -1.95 -0.01 -0.00 -0.00 0.00 -0.00 -0.00 -0.02 -6.98 -200.21 -43.78 -5.24 -3.12 -0.14 -0.00 -4.91 -1.26 -10.26 -57.46 -418.06 -162.32 -48.64 -43.60 -8.88 -1.27 -52.31 -27.60 -75.07 -189.09 -656.50 -343.09 -154.51 -154.16 -55.14 -16.56 -174.71 -114.51 -212.24 -386.52
0.00 0.00 0.00 0.00 0.00 0.00 0.00 0.00 0.00 0.00 -40.59 -1.95 -0.01 -0.00 -0.00 0.00 -0.00 -0.00 -0.02 -6.98 -200.21 -43.78 -5.24 -3.12 -0.14 -0.00 -4.91 -1.26 -10.26 -57.46 -418.06 -162.32 -48.64 -43.60 -8.88 -1.27 -52.31 -27.60 -75.07 -189.09 -656.50 -343.09 -154.51 -154.16 -55.14 -16.56 -174.71 -114.51 -212.24 -386.52
0.00 0.00 0.00 0.00 0.00 0.00 0.00 0.00 0.00 0.00 -40.59 -1.95 -0.01 -0.00 -0.00 0.00 -0.00 -0.00 -0.02 -6.98 -200.21 -43.78 -5.24 -3.12 -0.14 -0.00 -4.91 -1.26 -10.26 -57.46 -418.06 -162.32 -48.64 -43.60 -8.88 -1.27 -52.31 -27.60 -75.07 -189.09 -656.50 -343.09 -154.51 -154.16 -55.14 -16.56 -174.71 -114.51 -212.24 -386.52
0.00 0.00 0.00 0.00 0.00 0.00 0.00 0.00 0.00 0.00 -40.59 -1.95 -0.01 -0.00 -0.00 0.00 -0.00 -0.00 -0.02 -6.98 -200.21 -43.78 -5.24 -3.12 -0.14 -0.00 -4.91 -1.26 -10.26 -57.46 -418.06 -162.32 -48.64 -43.60 -8.88 -1.27 -52.31 -27.60 -75.07 -189.09 -656.50 -343.09 -154.51 -154.16 -55.14 -16.56 -174.71 -114.51 -212.24 -386.52
0.00 0.00 0.00 0.00 0.00 0.00 0.00 0.00 0.00 0.00 -40.59 -1.95 -0.01 -0.00 -0.00 0.00 -0.00 -0.00 -0.02 -6.98 -200.21 -43.78 -5.24 -3.12 -0.14 -0.00 -4.91 -1.26 -10.26 -57.46 -418.06 -162.32 -48.64 -43.60 -8.88 -1.27 -52.31 -27.60 -75.07 -189.09 -656.50 -343.09 -154.51 -154.16 -55.14 -16.56 -174.71 -114.51 -212.24 -386.52
0.00 0.00 0.00 0.00 0.00 0.00 0.00 0.00 0.00 0.00 -40.59 -1.95 -0.01 -0.00 -0.00 0.00 -0.00 -0.00 -0.02 -6.98 -200.21 -43.78 -5.24 -3.12 -0.14 -0.00 -4.91 -1.26 -10.26 -57.46 -418.06 -162.32 -48.64 -43.60 -8.88 -1.27 -52.31 -27.60 -75.07 -189.09 -656.50 -343.09 -154.51 -154.16 -55.14 -16.56 -174.71 -114.51 -212.24 -386.52
0.00 0.00 0.00 0.00 0.00 0.00 0.00 0.00 0.00 0.00 -40.59 -1.95 -0.01 -0.00 -0.00 0.00 -0.00 -0.00 -0.02 -6.98 -200.21 -43.78 -5.24 -3.12 -0.14 -0.00 -4.91 -1.26 -10.26 -57.46 -418.06 -162.32 -48.64 -43.60 -8.88 -1.27 -52.31 -27.60 -75.07 -189.09 -656.50 -343.09 -154.51 -154.16 -55.14 -16.56 -174.71 -114.51 -212.24 -386.52
0.00 0.00 0.00 0.00 0.00 0.00 0.00 0.00 0.00 0.00 -40.59 -1.95 -0.01 -0.00 -0.00 0.00 -0.00 -0.00 -0.02 -6.98 -200.21 -43.78 -5.24 -3.12 -0.14 -0.00 -4.91 -1.26 -10.26 -57.46 -418.06 -162.32 -48.64 -43.60 -8.88 -1.27 -52.31 -27.60 -75.07 -189.09 -656.50 -343.09 -154.51 -154.16 -55.14 -16.56 -174.71 -114.51 -212.24 -386.52
0.00 0.00 0.00 0.00 0.00 0.00 0.00 0.00 0.00 0.00 -40.59 -1.95 -0.01 -0.00 -0.00 0.00 -0.00 -0.00 -0.02 -6.98 -200.21 -43.78 -5.24 -3.12 -0.14 -0.00 -4.91 -1.26 -10.26 -57.46 -418.06 -162.32 -48.64 -43.60 -8.88 -1.27 -52.31 -27.60 -75.07 -189.09 -656.50 -343.09 -154.51 -154.16 -55.14 -16.56 -174.71 -114.51 -212.24 -386.52
0.00 0.00 0.00 0.00 0.00 0.00 0.00 0.00 0.00 0.00 -40.59 -1.95 -0.01 -0.00 -0.00 0.00 -0.00 -0.00 -0.02 -6.98 -200.21 -43.78 -5.24 -3.12 -0.14 -0.00 -4.91 -1.26 -10.26 -57.46 -418.06 -162.32 -48.64 -43.60 -8.88 -1.27 -52.31 -27.60 -75.07 -189.09 -656.50 -343.09 -154.51 -154.16 -55.14 -16.56 -174.71 -114.51 -212.24 -386.52
0.00 0.00 0.00 0.00 0.00 0.00 0.00 0.00 0.00 0.00 -40.59 -1.95 -0.01 -0.00 -0.00 0.00 -0.00 -0.00 -0.02 -6.98 -200.21 -43.78 -5.24 -3.12 -0.14 -0.00 -4.91 -1.26 -10.26 -57.46 -418.06 -162.32 -48.64 -43.60 -8.88 -1.27 -52.31 -27.60 -75.07 -189.09 -656.50 -343.09 -154.51 -154.16 -55.14 -16.56 -174.71 -114.51 -212.24 -386.52
0.00 0.00 0.00 0.00 0.00 0.00 0.00 0.00 0.00 0.00 -40.59 -1.95 -0.01 -0.00 -0.00 0.00 -0.00 -0.00 -0.02 -6.98 -200.21 -43.78 -5.24 -3.12 -0.14 -0.00 -4.91 -1.26 -10.26 -57.46 -418.06 -162.32 -48.64 -43.60 -8.88 -1.27 -52.31 -27.60 -75.07 -189.09 -656.50 -343.09 -154.51 -154.16 -55.14 -16.56 -174.71 -114.51 -212.24 -386.52
0.00 0.00 0.00 0.00 0.00 0.00 0.00 0.00 0.00 0.00 -40.59 -1.95 -0.01 -0.00 -0.00 0.00 -0.00 -0.00 -0.02 -6.98 -200.21 -43.78 -5.24 -3.12 -0.14 -0.00 -4.91 -1.26 -10.26 -57.46 -418.06 -162.32 -48.64 -43.60 -8.88 -1.27 -52.31 -27.60 -75.07 -189.09 -656.50 -343.09 -154.51 -154.16 -55.14 -16.56 -174.71 -114.51 -212.24 -386.52
0.00 0.00 0.00 0.00 0.00 0.00 0.00 0.00 0.00 0.00 -40.59 -1.95 -0.01 -0.00 -0.00 0.00 -0.00 -0.00 -0.02 -6.98 -200.21 -43.78 -5.24 -3.12 -0.14 -0.00 -4.91 -1.26 -10.26 -57.46 -418.06 -162.32 -48.64 -43.60 -8.88 -1.27 -52.31 -27.60 -75.07 -189.09 -656.50 -343.09 -154.51 -154.16 -55.14 -16.56 -174.71 -114.51 -212.24 -386.52
0.00 0.00 0.00 0.00 0.00 0.00 0.00 0.00 0.00 0.00 -40.59 -1.95 -0.01 -0.00 -0.00 0.00 -0.00 -0.00 -0.02 -6.98 -200.21 -43.78 -5.24 -3.12 -0.14 -0.00 -4.91 -1.26 -10.26 -57.46 -418.06 -162.32 -48.64 -43.60 -8.88 -1.27 -52.31 -27.60 -75.07 -189.09 -656.50 -343.09 -154.51 -154.16 -55.14 -16.56 -174.71 -114.51 -212.24 -386.52
0.00 0.00 0.00 0.00 0.00 0.00 0.00 0.00 0.00 0.00 -40.59 -1.95 -0.01 -0.00 -0.00 0.00 -0.00 -0.00 -0.02 -6.98 -200.21 -43.78 -5.24 -3.12 -0.14 -0.00 -4.91 -1.26 -10.26 -57.46 -418.06 -162.32 -48.64 -43.60 -8.88 -1.27 -52.31 -27.60 -75.07 -189.09 -656.50 -343.09 -154.51 -154.16 -55.14 -16.56 -174.71 -114.51 -212.24 -386.52
0.00 0.00 0.00 0.00 0.00 0.00 0.00 0.00 0.00 0.00 -40.59 -1.95 -0.01 -0.00 -0.00 0.00 -0.00 -0.00 -0.02 -6.98 -200.21 -43.78 -5.24 -3.12 -0.14 -0.00 -4.91 -1.26 -10.26 -57.46 -418.06 -162.32 -48.64 -43.60 -8.88 -1.27 -52.31 -27.60 -75.07 -189.09 -656.50 -343.09 -154.51 -154.16 -55.14 -16.56 -174.71 -114.51 -212.24 -386.52
0.00 0.00 0.00 0.00 0.00 0.00 0.00 0.00 0.00 0.00 -40.59 -1.95 -0.01 -0.00 -0.00 0.00 -0.00 -0.00 -0.02 -6.98 -200.21 -43.78 -5.24 -3.12 -0.14 -0.00 -4.91 -1.26 -10.26 -57.46 -418.06 -162.32 -48.64 -43.60 -8.88 -1.27 -52.31 -27.60 -75.07 -189.09 -656.50 -343.09 -154.51 -154.16 -55.14 -16.56 -174.71 -114.51 -212.24 -386.52
0.00 0.00 0.00 0.00 0.00 0.00 0.00 0.00 0.00 0.00 -40.59 -1.95 -0.01 -0.00 -0.00 0.00 -0.00 -0.00 -0.02 -6.98 -200.21 -43.78 -5.24 -3.12 -0.14 -0.00 -4.91 -1.26 -10.26 -57.46 -418.06 -162.32 -48.64 -43.60 -8.88 -1.27 -52.31 -27.60 -75.07 -189.09 -656.50 -343.09 -154.51 -154.16 -55.14 -16.56 -174.71 -114.51 -212.24 -386.52
0.00 0.00 0.00 0.00 0.00 0.00 0.00 0.00 0.00 0.00 -40.59 -1.95 -0.01 -0.00 -0.00 0.00 -0.00 -0.00 -0.02 -6.98 -200.21 -43.78 -5.24 -3.12 -0.14 -0.00 -4.91 -1.26 -10.26 -57.46 -418.06 -162.32 -48.64 -43.60 -8.88 -1.27 -52.31 -27.60 -75.07 -189.09 -656.50 -343.09 -154.51 -154.16 -55.14 -16.56 -174.71 -114.51 -212.24 -386.52
0.00 0.00 0.00 0.00 0.00 0.00 0.00 0.00 0.00 0.00 -40.59 -1.95 -0.01 -0.00 -0.00 0.00 -0.00 -0.00 -0.02 -6.98 -200.21 -43.78 -5.24 -3.12 -0.14 -0.00 -4.91 -1.26 -10.26 -57.46 -418.06 -162.32 -48.64 -43.60 -8.88 -1.27 -52.31 -27.60 -75.07 -189.09 -656.50 -343.09 -154.51 -154.16 -55.14 -16.56 -174.71 -114.51 -212.24 -386.52
0.00 0.00 0.00 0.00 0.00 0.00 0.00 0.00 0.00 0.00 -40.59 -1.95 -0.01 -0.00 -0.00 0.00 -0.00 -0.00 -0.02 -6.98 -200.21 -43.78 -5.24 -3.12 -0.14 -0.00 -4.91 -1.26 -10.26 -57.46 -418.06 -162.32 -48.64 -43.60 -8.88 -1.27 -52.31 -27.60 -75.07 -189.09 -656.50 -343.09 -154.51 -154.16 -55.14 -16.56 -174.71 -114.51 -212.24 -386.52
0.00 0.00 0.00 0.00 0.00 0.00 0.00 0.00 0.00 0.00 -40.59 -1.95 -0.01 -0.00 -0.00 0.00 -0.00 -0.00 -0.02 -6.98 -200.21 -43.78 -5.24 -3.12 -0.14 -0.00 -4.91 -1.26 -10.26 -57.46 -418.06 -162.32 -48.64 -43.60 -8.88 -1.27 -52.31 -27.60 -75.07 -189.09 -656.50 -343.09 -154.51 -154.16 -55.14 -16.56 -174.71 -114.51 -212.24 -386.52
0.00 0.00 0.00 0.00 0.00 0.00 0.00 0.00 0.00 0.00 -40.59 -1.95 -0.01 -0.00 -0.00 0.00 -0.00 -0.00 -0.02 -6.98 -200.21 -43.78 -5.24 -3.12 -0.14 -0.00 -4.91 -1.26 -10.26 -57.46 -418.06 -162.32 -48.64 -43.60 -8.88 -1.27 -52.31 -27.60 -75.07 -189.09 -656.50 -343.09 -154.51 -154.16 -55.14 -16.56 -174.71 -114.51 -212.24 -386.52
0.00 0.00 0.00 0.00 0.00 0.00 0.00 0.00 0.00 0.00 -40.59 -1.95 -0.01 -0.00 -0.00 0.00 -0.00 -0.00 -0.02 -6.98 -200.21 -43.78 -5.24 -3.12 -0.14 -0.00 -4.91 -1.26 -10.26 -57.46 -418.06 -162.32 -48.64 -43.60 -8.88 -1.27 -52.31 -27.60 -75.07 -189.09 -656.50 -343.09 -154.51 -154.16 -55.14 -16.56 -174.71 -114.51 -212.24 -386.52
0.00 0.00 0.00 0.00 0.00 0.00 0.00 0.00 0.00 0.00 -40.59 -1.95 -0.01 -0.00 -0.00 0.00 -0.00 -0.00 -0.02 -6.98 -200.21 -43.78 -5.24 -3.12 -0.14 -0.00 -4.91 -1.26 -10.26 -57.46 -418.06 -162.32 -48.64 -43.60 -8.88 -1.27 -52.31 -27.60 -75.07 -189.09 -656.50 -343.09 -154.51 -154.16 -55.14 -16.56 -174.71 -114.51 -212.24 -386.52
0.00 0.00 0.00 0.00 0.00 0.00 0.00 0.00 0.00 0.00 -40.59 -1.95 -0.01 -0.00 -0.00 0.00 -0.00 -0.00 -0.02 -6.98 -200.21 -43.78 -5.24 -3.12 -0.14 -0.00 -4.91 -1.26 -10.26 -57.46 -418.06 -162.32 -48.64 -43.60 -8.88 -1.27 -52.31 -27.60 -75.07 -189.09 -656.50 -343.09 -154.51 -154.16 -55.14 -16.56 -174.71 -114.51 -212.24 -386.52
0.00 0.00 0.00 0.00 0.00 0.00 0.00 0.00 0.00 0.00 -40.59 -1.95 -0.01 -0.00 -0.00 0.00 -0.00 -0.00 -0.02 -6.98 -200.21 -43.78 -5.24 -3.12 -0.14 -0.00 -4.91 -1.26 -10.26 -57.46 -418.06 -162.32 -48.64 -43.60 -8.88 -1.27 -52.31 -27.60 -75.07 -189.09 -656.50 -343.09 -154.51 -154.16 -55.14 -16.56 -174.71 -114.51 -212.24 -386.52
0.00 0.00 0.00 0.00 0.00 0.00 0.00 0.00 0.00 0.00 -40.59 -1.95 -0.01 -0.00 -0.00 0.00 -0.00 -0.00 -0.02 -6.98 -200.21 -43.78 -5.24 -3.12 -0.14 -0.00 -4.91 -1.26 -10.26 -57.46 -418.06 -162.32 -48.64 -43.60 -8.88 -1.27 -52.31 -27.60 -75.07 -189.09 -656.50 -343.09 -154.51 -154.16 -55.14 -16.56 -174.71 -114.51 -212.24 -386.52
0.00 0.00 0.00 0.00 0.00 0.00 0.00 0.00 0.00 0.00 -40.59 -1.95 -0.01 -0.00 -0.00 0.00 -0.00 -0.00 -0.02 -6.98 -200.21 -43.78 -5.24 -3.12 -0.14 -0.00 -4.91 -1.26 -10.26 -57.46 -418.06 -162.32 -48.64 -43.60 -8.88 -1.27 -52.31 -27.60 -75.07 -189.09 -656.50 -343.09 -154.51 -154.16 -55.14 -16.56 -174.71 -114.51 -212.24 -386.52
0.00 0.00 0.00 0.00 0.00 0.00 0.00 0.00 0.00 0.00 -40.59 -1.95 -0.01 -0.00 -0.00 0.00 -0.00 -0.00 -0.02 -6.98 -200.21 -43.78 -5.24 -3.12 -0.14 -0.00 -4.91 -1.26 -10.26 -57.46 -418.06 -162.32 -48.64 -43.60 -8.88 -1.27 -52.31 -27.60 -75.07 -189.09 -656.50 -343.09 -154.51 -154.16 -55.14 -16.56 -174.71 -114.51 -212.24 -386.52
0.00 0.00 0.00 0.00 0.00 0.00 0.00 0.00 0.00 0.00 -40.59 -1.95 -0.01 -0.00 -0.00 0.00 -0.00 -0.00 -0.02 -6.98 -200.21 -43.78 -5.24 -3.12 -0.14 -0.00 -4.91 -1.26 -10.26 -57.46 -418.06 -162.32 -48.64 -43.60 -8.88 -1.27 -52.31 -27.60 -75.07 -189.09 -656.50 -343.09 -154.51 -154.16 -55.14 -16.56 -174.71 -114.51 -212.24 -386.52
0.00 0.00 0.00 0.00 0.00 0.00 0.00 0.00 0.00 0.00 -40.59 -1.95 -0.01 -0.00 -0.00 0.00 -0.00 -0.00 -0.02 -6.98 -200.21 -43.78 -5.24 -3.12 -0.14 -0.00 -4.91 -1.26 -10.26 -57.46 -418.06 -162.32 -48.64 -43.60 -8.88 -1.27 -52.31 -27.60 -75.07 -189.09 -656.50 -343.09 -154.51 -154.16 -55.14 -16.56 -174.71 -114.51 -212.24 -386.52
0.00 0.00 0.00 0.00 0.00 0.00 0.00 0.00 0.00 0.00 -40.59 -1.95 -0.01 -0.00 -0.00 0.00 -0.00 -0.00 -0.02 -6.98 -200.21 -43.78 -5.24 -3.12 -0.14 -0.00 -4.91 -1.26 -10.26 -57.46 -418.06 -162.32 -48.64 -43.60 -8.88 -1.27 -52.31 -27.60 -75.07 -189.09 -656.50 -343.09 -154.51 -154.16 -55.14 -16.56 -174.71 -114.51 -212.24 -386.52
0.00 0.00 0.00 0.00 0.00 0.00 0.00 0.00 0.00 0.00 -40.59 -1.95 -0.01 -0.00 -0.00 0.00 -0.00 -0.00 -0.02 -6.98 -200.21 -43.78 -5.24 -3.12 -0.14 -0.00 -4.91 -1.26 -10.26 -57.46 -418.06 -162.32 -48.64 -43.60 -8.88 -1.27 -52.31 -27.60 -75.07 -189.09 -656.50 -343.09 -154.51 -154.16 -55.14 -16.56 -174.71 -114.51 -212.24 -386.52
0.00 0.00 0.00 0.00 0.00 0.00 0.00 0.00 0.00 0.00 -40.59 -1.95 -0.01 -0.00 -0.00 0.00 -0.00 -0.00 -0.02 -6.98 -200.21 -43.78 -5.24 -3.12 -0.14 -0.00 -4.91 -1.26 -10.26 -57.46 -418.06 -162.32 -48.64 -43.60 -8.88 -1.27 -52.31 -27.60 -75.07 -189.09 -656.50 -343.09 -154.51 -154.16 -55.14 -16.56 -174.71 -114.51 -212.24 -386.52
0.00 0.00 0.00 0.00 0.00 0.00 0.00 0.00 0.00 0.00 -40.59 -1.95 -0.01 -0.00 -0.00 0.00 -0.00 -0.00 -0.02 -6.98 -200.21 -43.78 -5.24 -3.12 -0.14 -0.00 -4.91 -1.26 -10.26 -57.46 -418.06 -162.32 -48.64 -43.60 -8.88 -1.27 -52.31 -27.60 -75.07 -189.09 -656.50 -343.09 -154.51 -154.16 -55.14 -16.56 -174.71 -114.51 -212.24 -386.52
0.00 0.00 0.00 0.00 0.00 0.00 0.00 0.00 0.00 0.00 -40.59 -1.95 -0.01 -0.00 -0.00 0.00 -0.00 -0.00 -0.02 -6.98 -200.21 -43.78 -5.24 -3.12 -0.14 -0.00 -4.91 -1.26 -10.26 -57.46 -418.06 -162.32 -48.64 -43.60 -8.88 -1.27 -52.31 -27.60 -75.07 -189.09 -656.50 -343.09 -154.51 -154.16 -55.14 -16.56 -174.71 -114.51 -212.24 -386.52
0.00 0.00 0.00 0.00 0.00 0.00 0.00 0.00 0.00 0.00 -40.59 -1.95 -0.01 -0.00 -0.00 0.00 -0.00 -0.00 -0.02 -6.98 -200.21 -43.78 -5.24 -3.12 -0.14 -0.00 -4.91 -1.26 -10.26 -57.46 -418.06 -162.32 -48.64 -43.60 -8.88 -1.27 -52.31 -27.60 -75.07 -189.09 -656.50 -343.09 -154.51 -154.16 -55.14 -16.56 -174.71 -114.51 -212.24 -386.52
0.00 0.00 0.00 0.00 0.00 0.00 0.00 0.00 0.00 0.00 -40.59 -1.95 -0.01 -0.00 -0.00 0.00 -0.00 -0.00 -0.02 -6.98 -200.21 -43.78 -5.24 -3.12 -0.14 -0.00 -4.91 -1.26 -10.26 -57.46 -418.06 -162.32 -48.64 -43.60 -8.88 -1.27 -52.31 -27.60 -75.07 -189.09 -656.50 -343.09 -154.51 -154.16 -55.14 -16.56 -174.71 -114.51 -212.24 -386.52
0.00 0.00 0.00 0.00 0.00 0.00 0.00 0.00 0.00 0.00 -40.59 -1.95 -0.01 -0.00 -0.00 0.00 -0.00 -0.00 -0.02 -6.98 -200.21 -43.78 -5.24 -3.12 -0.14 -0.00 -4.91 -1.26 -10.26 -57.46 -418.06 -162.32 -48.64 -43.60 -8.88 -1.27 -52.31 -27.60 -75.07 -189.09 -656.50 -343.09 -154.51 -154.16 -55.14 -16.56 -174.71 -114.51 -212.24 -386.52
0.00 0.00 0.00 0.00 0.00 0.00 0.00 0.00 0.00 0.00 -40.59 -1.95 -0.01 -0.00 -0.00 0.00 -0.00 -0.00 -0.02 -6.98 -200.21 -43.78 -5.24 -3.12 -0.14 -0.00 -4.91 -1.26 -10.26 -57.46 -418.06 -162.32 -48.64 -43.60 -8.88 -1.27 -52.31 -27.60 -75.07 -189.09 -656.50 -343.09 -154.51 -154.16 -55.14 -16.56 -174.71 -114.51 -212.24 -386.52
0.00 0.00 0.00 0.00 0.00 0.00 0.00 0.00 0.00 0.00 -40.59 -1.95 -0.01 -0.00 -0.00 0.00 -0.00 -0.00 -0.02 -6.98 -200.21 -43.78 -5.24 -3.12 -0.14 -0.00 -4.91 -1.26 -10.26 -57.46 -418.06 -162.32 -48.64 -43.60 -8.88 -1.27 -52.31 -27.60 -75.07 -189.09 -656.50 -343.09 -154.51 -154.16 -55.14 -16.56 -174.71 -114.51 -212.24 -386.52
0.00 0.00 0.00 0.00 0.00 0.00 0.00 0.00 0.00 0.00 -40.59 -1.95 -0.01 -0.00 -0.00 0.00 -0.00 -0.00 -0.02 -6.98 -200.21 -43.78 -5.24 -3.12 -0.14 -0.00 -4.91 -1.26 -10.26 -57.46 -418.06 -162.32 -48.64 -43.60 -8.88 -1.27 -52.31 -27.60 -75.07 -189.09 -656.50 -343.09 -154.51 -154.16 -55.14 -16.56 -174.71 -114.51 -212.24 -386.52
0.00 0.00 0.00 0.00 0.00 0.00 0.00 0.00 0.00 0.00 -40.59 -1.95 -0.01 -0.00 -0.00 0.00 -0.00 -0.00 -0.02 -6.98 -200.21 -43.78 -5.24 -3.12 -0.14 -0.00 -4.91 -1.26 -10.26 -57.46 -418.06 -162.32 -48.64 -43.60 -8.88 -1.27 -52.31 -27.60 -75.07 -189.09 -656.50 -343.09 -154.51 -154.16 -55.14 -16.56 -174.71 -114.51 -212.24 -386.52
0.00 0.00 0.00 0.00 0.00 0.00 0.00 0.00 0.00 0.00 -40.59 -1.95 -0.01 -0.00 -0.00 0.00 -0.00 -0.00 -0.02 -6.98 -200.21 -43.78 -5.24 -3.12 -0.14 -0.00 -4.91 -1.26 -10.26 -57.46 -418.06 -162.32 -48.64 -43.60 -8.88 -1.27 -52.31 -27.60 -75.07 -189.09 -656.50 -343.09 -154.51 -154.16 -55.14 -16.56 -174.71 -114.51 -212.24 -386.52
0.00 0.00 0.00 0.00 0.00 0.00 0.00 0.00 0.00 0.00 -40.59 -1.95 -0.01 -0.00 -0.00 0.00 -0.00 -0.00 -0.02 -6.98 -200.21 -43.78 -5.24 -3.12 -0.14 -0.00 -4.91 -1.26 -10.26 -57.46 -418.06 -162.32 -48.64 -43.60 -8.88 -1.27 -52.31 -27.60 -75.07 -189.09 -656.50 -343.09 -154.51 -154.16 -55.14 -16.56 -174.71 -114.51 -212.24 -386.52
0.00 0.00 0.00 0.00 0.00 0.00 0.00 0.00 0.00 0.00 -40.59 -1.95 -0.01 -0.00 -0.00 0.00 -0.00 -0.00 -0.02 -6.98 -200.21 -43.78 -5.24 -3.12 -0.14 -0.00 -4.91 -1.26 -10.26 -57.46 -418.06 -162.32 -48.64 -43.60 -8.88 -1.27 -52.31 -27.60 -75.07 -189.09 -656.50 -343.09 -154.51 -154.16 -55.14 -16.56 -174.71 -114.51 -212.24 -386.52
0.00 0.00 0.00 0.00 0.00 0.00 0.00 0.00 0.00 0.00 -40.59 -1.95 -0.01 -0.00 -0.00 0.00 -0.00 -0.00 -0.02 -6.98 -200.21 -43.78 -5.24 -3.12 -0.14 -0.00 -4.91 -1.26 -10.26 -57.46 -418.06 -162.32 -48.64 -43.60 -8.88 -1.27 -52.31 -27.60 -75.07 -189.09 -656.50 -343.09 -154.51 -154.16 -55.14 -16.56 -174.71 -114.51 -212.24 -386.52
0.00 0.00 0.00 0.00 0.00 0.00 0.00 0.00 0.00 0.00 -40.59 -1.95 -0.01 -0.00 -0.00 0.00 -0.00 -0.00 -0.02 -6.98 -200.21 -43.78 -5.24 -3.12 -0.14 -0.00 -4.91 -1.26 -10.26 -57.46 -418.06 -162.32 -48.64 -43.60 -8.88 -1.27 -52.31 -27.60 -75.07 -189.09 -656.50 -343.09 -154.51 -154.16 -55.14 -16.56 -174.71 -114.51 -212.24 -386.52
0.00 0.00 0.00 0.00 0.00 0.00 0.00 0.00 0.00 0.00 -40.59 -1.95 -0.01 -0.00 -0.00 0.00 -0.00 -0.00 -0.02 -6.98 -200.21 -43.78 -5.24 -3.12 -0.14 -0.00 -4.91 -1.26 -10.26 -57.46 -418.06 -162.32 -48.64 -43.60 -8.88 -1.27 -52.31 -27.60 -75.07 -189.09 -656.50 -343.09 -154.51 -154.16 -55.14 -16.56 -174.71 -114.51 -212.24 -386.52
0.00 0.00 0.00 0.00 0.00 0.00 0.00 0.00 0.00 0.00 -40.59 -1.95 -0.01 -0.00 -0.00 0.00 -0.00 -0.00 -0.02 -6.98 -200.21 -43.78 -5.24 -3.12 -0.14 -0.00 -4.91 -1.26 -10.26 -57.46 -418.06 -162.32 -48.64 -43.60 -8.88 -1.27 -52.31 -27.60 -75.07 -189.09 -656.50 -343.09 -154.51 -154.16 -55.14 -16.56 -174.71 -114.51 -212.24 -386.52
0.00 0.00 0.00 0.00 0.00 0.00 0.00 0.00 0.00 0.00 -40.59 -1.95 -0.01 -0.00 -0.00 0.00 -0.00 -0.00 -0.02 -6.98 -200.21 -43.78 -5.24 -3.12 -0.14 -0.00 -4.91 -1.26 -10.26 -57.46 -418.06 -162.32 -48.64 -43.60 -8.88 -1.27 -52.31 -27.60 -75.07 -189.09 -656.50 -343.09 -154.51 -154.16 -55.14 -16.56 -174.71 -114.51 -212.24 -386.52
0.00 0.00 0.00 0.00 0.00 0.00 0.00 0.00 0.00 0.00 -40.59 -1.95 -0.01 -0.00 -0.00 0.00 -0.00 -0.00 -0.02 -6.98 -200.21 -43.78 -5.24 -3.12 -0.14 -0.00 -4.91 -1.26 -10.26 -57.46 -418.06 -162.32 -48.64 -43.60 -8.88 -1.27 -52.31 -27.60 -75.07 -189.09 -656.50 -343.09 -154.51 -154.16 -55.14 -16.56 -174.71 -114.51 -212.24 -386.52
0.00 0.00 0.00 0.00 0.00 0.00 0.00 0.00 0.00 0.00 -40.59 -1.95 -0.01 -0.00 -0.00 0.00 -0.00 -0.00 -0.02 -6.98 -200.21 -43.78 -5.24 -3.12 -0.14 -0.00 -4.91 -1.26 -10.26 -57.46 -418.06 -162.32 -48.64 -43.60 -8.88 -1.27 -52.31 -27.60 -75.07 -189.09 -656.50 -343.09 -154.51 -154.16 -55.14 -16.56 -174.71 -114.51 -212.24 -386.52
0.00 0.00 0.00 0.00 0.00 0.00 0.00 0.00 0.00 0.00 -40.59 -1.95 -0.01 -0.00 -0.00 0.00 -0.00 -0.00 -0.02 -6.98 -200.21 -43.78 -5.24 -3.12 -0.14 -0.00 -4.91 -1.26 -10.26 -57.46 -418.06 -162.32 -48.64 -43.60 -8.88 -1.27 -52.31 -27.60 -75.07 -189.09 -656.50 -343.09 -154.51 -154.16 -55.14 -16.56 -174.71 -114.51 -212.24 -386.52
0.00 0.00 0.00 0.00 0.00 0.00 0.00 0.00 0.00 0.00 -40.59 -1.95 -0.01 -0.00 -0.00 0.00 -0.00 -0.00 -0.02 -6.98 -200.21 -43.78 -5.24 -3.12 -0.14 -0.00 -4.91 -1.26 -10.26 -57.46 -418.06 -162.32 -48.64 -43.60 -8.88 -1.27 -52.31 -27.60 -75.07 -189.09 -656.50 -343.09 -154.51 -154.16 -55.14 -16.56 -174.71 -114.51 -212.24 -386.52
0.00 0.00 0.00 0.00 0.00 0.00 0.00 0.00 0.00 0.00 -40.59 -1.95 -0.01 -0.00 -0.00 0.00 -0.00 -0.00 -0.02 -6.98 -200.21 -43.78 -5.24 -3.12 -0.14 -0.00 -4.91 -1.26 -10.26 -57.46 -418.06 -162.32 -48.64 -43.60 -8.88 -1.27 -52.31 -27.60 -75.07 -189.09 -656.50 -343.09 -154.51 -154.16 -55.14 -16.56 -174.71 -114.51 -212.24 -386.52
0.00 0.00 0.00 0.00 0.00 0.00 0.00 0.00 0.00 0.00 -40.59 -1.95 -0.01 -0.00 -0.00 0.00 -0.00 -0.00 -0.02 -6.98 -200.21 -43.78 -5.24 -3.12 -0.14 -0.00 -4.91 -1.26 -10.26 -57.46 -418.06 -162.32 -48.64 -43.60 -8.88 -1.27 -52.31 -27.60 -75.07 -189.09 -656.50 -343.09 -154.51 -154.16 -55.14 -16.56 -174.71 -114.51 -212.24 -386.52
0.00 0.00 0.00 0.00 0.00 0.00 0.00 0.00 0.00 0.00 -40.59 -1.95 -0.01 -0.00 -0.00 0.00 -0.00 -0.00 -0.02 -6.98 -200.21 -43.78 -5.24 -3.12 -0.14 -0.00 -4.91 -1.26 -10.26 -57.46 -418.06 -162.32 -48.64 -43.60 -8.88 -1.27 -52.31 -27.60 -75.07 -189.09 -656.50 -343.09 -154.51 -154.16 -55.14 -16.56 -174.71 -114.51 -212.24 -386.52
0.00 0.00 0.00 0.00 0.00 0.00 0.00 0.00 0.00 0.00 -40.59 -1.95 -0.01 -0.00 -0.00 0.00 -0.00 -0.00 -0.02 -6.98 -200.21 -43.78 -5.24 -3.12 -0.14 -0.00 -4.91 -1.26 -10.26 -57.46 -418.06 -162.32 -48.64 -43.60 -8.88 -1.27 -52.31 -27.60 -75.07 -189.09 -656.50 -343.09 -154.51 -154.16 -55.14 -16.56 -174.71 -114.51 -212.24 -386.52
0.00 0.00 0.00 0.00 0.00 0.00 0.00 0.00 0.00 0.00 -40.59 -1.95 -0.01 -0.00 -0.00 0.00 -0.00 -0.00 -0.02 -6.98 -200.21 -43.78 -5.24 -3.12 -0.14 -0.00 -4.91 -1.26 -10.26 -57.46 -418.06 -162.32 -48.64 -43.60 -8.88 -1.27 -52.31 -27.60 -75.07 -189.09 -656.50 -343.09 -154.51 -154.16 -55.14 -16.56 -174.71 -114.51 -212.24 -386.52
0.00 0.00 0.00 0.00 0.00 0.00 0.00 0.00 0.00 0.00 -40.59 -1.95 -0.01 -0.00 -0.00 0.00 -0.00 -0.00 -0.02 -6.98 -200.21 -43.78 -5.24 -3.12 -0.14 -0.00 -4.91 -1.26 -10.26 -57.46 -418.06 -162.32 -48.64 -43.60 -8.88 -1.27 -52.31 -27.60 -75.07 -189.09 -656.50 -343.09 -154.51 -154.16 -55.14 -16.56 -174.71 -114.51 -212.24 -386.52
0.00 0.00 0.00 0.00 0.00 0.00 0.00 0.00 0.00 0.00 -40.59 -1.95 -0.01 -0.00 -0.00 0.00 -0.00 -0.00 -0.02 -6.98 -200.21 -43.78 -5.24 -3.12 -0.14 -0.00 -4.91 -1.26 -10.26 -57.46 -418.06 -162.32 -48.64 -43.60 -8.88 -1.27 -52.31 -27.60 -75.07 -189.09 -656.50 -343.09 -154.51 -154.16 -55.14 -16.56 -174.71 -114.51 -212.24 -386.52
0.00 0.00 0.00 0.00 0.00 0.00 0.00 0.00 0.00 0.00 -40.59 -1.95 -0.01 -0.00 -0.00 0.00 -0.00 -0.00 -0.02 -6.98 -200.21 -43.78 -5.24 -3.12 -0.14 -0.00 -4.91 -1.26 -10.26 -57.46 -418.06 -162.32 -48.64 -43.60 -8.88 -1.27 -52.31 -27.60 -75.07 -189.09 -656.50 -343.09 -154.51 -154.16 -55.14 -16.56 -174.71 -114.51 -212.24 -386.52
0.00 0.00 0.00 0.00 0.00 0.00 0.00 0.00 0.00 0.00 -40.59 -1.95 -0.01 -0.00 -0.00 0.00 -0.00 -0.00 -0.02 -6.98 -200.21 -43.78 -5.24 -3.12 -0.14 -0.00 -4.91 -1.26 -10.26 -57.46 -418.06 -162.32 -48.64 -43.60 -8.88 -1.27 -52.31 -27.60 -75.07 -189.09 -656.50 -343.09 -154.51 -154.16 -55.14 -16.56 -174.71 -114.51 -212.24 -386.52
0.00 0.00 0.00 0.00 0.00 0.00 0.00 0.00 0.00 0.00 -40.59 -1.95 -0.01 -0.00 -0.00 0.00 -0.00 -0.00 -0.02 -6.98 -200.21 -43.78 -5.24 -3.12 -0.14 -0.00 -4.91 -1.26 -10.26 -57.46 -418.06 -162.32 -48.64 -43.60 -8.88 -1.27 -52.31 -27.60 -75.07 -189.09 -656.50 -343.09 -154.51 -154.16 -55.14 -16.56 -174.71 -114.51 -212.24 -386.52
0.00 0.00 0.00 0.00 0.00 0.00 0.00 0.00 0.00 0.00 -40.59 -1.95 -0.01 -0.00 -0.00 0.00 -0.00 -0.00 -0.02 -6.98 -200.21 -43.78 -5.24 -3.12 -0.14 -0.00 -4.91 -1.26 -10.26 -57.46 -418.06 -162.32 -48.64 -43.60 -8.88 -1.27 -52.31 -27.60 -75.07 -189.09 -656.50 -343.09 -154.51 -154.16 -55.14 -16.56 -174.71 -114.51 -212.24 -386.52
0.00 0.00 0.00 0.00 0.00 0.00 0.00 0.00 0.00 0.00 -40.59 -1.95 -0.01 -0.00 -0.00 0.00 -0.00 -0.00 -0.02 -6.98 -200.21 -43.78 -5.24 -3.12 -0.14 -0.00 -4.91 -1.26 -10.26 -57.46 -418.06 -162.32 -48.64 -43.60 -8.88 -1.27 -52.31 -27.60 -75.07 -189.09 -656.50 -343.09 -154.51 -154.16 -55.14 -16.56 -174.71 -114.51 -212.24 -386.52
0.00 0.00 0.00 0.00 0.00 0.00 0.00 0.00 0.00 0.00 -40.59 -1.95 -0.01 -0.00 -0.00 0.00 -0.00 -0.00 -0.02 -6.98 -200.21 -43.78 -5.24 -3.12 -0.14 -0.00 -4.91 -1.26 -10.26 -57.46 -418.06 -162.32 -48.64 -43.60 -8.88 -1.27 -52.31 -27.60 -75.07 -189.09 -656.50 -343.09 -154.51 -154.16 -55.14 -16.56 -174.71 -114.51 -212.24 -386.52
0.00 0.00 0.00 0.00 0.00 0.00 0.00 0.00 0.00 0.00 -40.59 -1.95 -0.01 -0.00 -0.00 0.00 -0.00 -0.00 -0.02 -6.98 -200.21 -43.78 -5.24 -3.12 -0.14 -0.00 -4.91 -1.26 -10.26 -57.46 -418.06 -162.32 -48.64 -43.60 -8.88 -1.27 -52.31 -27.60 -75.07 -189.09 -656.50 -343.09 -154.51 -154.16 -55.14 -16.56 -174.71 -114.51 -212.24 -386.52
0.00 0.00 0.00 0.00 0.00 0.00 0.00 0.00 0.00 0.00 -40.59 -1.95 -0.01 -0.00 -0.00 0.00 -0.00 -0.00 -0.02 -6.98 -200.21 -43.78 -5.24 -3.12 -0.14 -0.00 -4.91 -1.26 -10.26 -57.46 -418.06 -162.32 -48.64 -43.60 -8.88 -1.27 -52.31 -27.60 -75.07 -189.09 -656.50 -343.09 -154.51 -154.16 -55.14 -16.56 -174.71 -114.51 -212.24 -386.52
0.00 0.00 0.00 0.00 0.00 0.00 0.00 0.00 0.00 0.00 -40.59 -1.95 -0.01 -0.00 -0.00 0.00 -0.00 -0.00 -0.02 -6.98 -200.21 -43.78 -5.24 -3.12 -0.14 -0.00 -4.91 -1.26 -10.26 -57.46 -418.06 -162.32 -48.64 -43.60 -8.88 -1.27 -52.31 -27.60 -75.07 -189.09 -656.50 -343.09 -154.51 -154.16 -55.14 -16.56 -174.71 -114.51 -212.24 -386.52
0.00 0.00 0.00 0.00 0.00 0.00 0.00 0.00 0.00 0.00 -40.59 -1.95 -0.01 -0.00 -0.00 0.00 -0.00 -0.00 -0.02 -6.98 -200.21 -43.78 -5.24 -3.12 -0.14 -0.00 -4.91 -1.26 -10.26 -57.46 -418.06 -162.32 -48.64 -43.60 -8.88 -1.27 -52.31 -27.60 -75.07 -189.09 -656.50 -343.09 -154.51 -154.16 -55.14 -16.56 -174.71 -114.51 -212.24 -386.52
0.00 0.00 0.00 0.00 0.00 0.00 0.00 0.00 0.00 0.00 -40.59 -1.95 -0.01 -0.00 -0.00 0.00 -0.00 -0.00 -0.02 -6.98 -200.21 -43.78 -5.24 -3.12 -0.14 -0.00 -4.91 -1.26 -10.26 -57.46 -418.06 -162.32 -48.64 -43.60 -8.88 -1.27 -52.31 -27.60 -75.07 -189.09 -656.50 -343.09 -154.51 -154.16 -55.14 -16.56 -174.71 -114.51 -212.24 -386.52
0.00 0.00 0.00 0.00 0.00 0.00 0.00 0.00 0.00 0.00 -40.59 -1.95 -0.01 -0.00 -0.00 0.00 -0.00 -0.00 -0.02 -6.98 -200.21 -43.78 -5.24 -3.12 -0.14 -0.00 -4.91 -1.26 -10.26 -57.46 -418.06 -162.32 -48.64 -43.60 -8.88 -1.27 -52.31 -27.60 -75.07 -189.09 -656.50 -343.09 -154.51 -154.16 -55.14 -16.56 -174.71 -114.51 -212.24 -386.52
0.00 0.00 0.00 0.00 0.00 0.00 0.00 0.00 0.00 0.00 -40.59 -1.95 -0.01 -0.00 -0.00 0.00 -0.00 -0.00 -0.02 -6.98 -200.21 -43.78 -5.24 -3.12 -0.14 -0.00 -4.91 -1.26 -10.26 -57.46 -418.06 -162.32 -48.64 -43.60 -8.88 -1.27 -52.31 -27.60 -75.07 -189.09 -656.50 -343.09 -154.51 -154.16 -55.14 -16.56 -174.71 -114.51 -212.24 -386.52
0.00 0.00 0.00 0.00 0.00 0.00 0.00 0.00 0.00 0.00 -40.59 -1.95 -0.01 -0.00 -0.00 0.00 -0.00 -0.00 -0.02 -6.98 -200.21 -43.78 -5.24 -3.12 -0.14 -0.00 -4.91 -1.26 -10.26 -57.46 -418.06 -162.32 -48.64 -43.60 -8.88 -1.27 -52.31 -27.60 -75.07 -189.09 -656.50 -343.09 -154.51 -154.16 -55.14 -16.56 -174.71 -114.51 -212.24 -386.52
0.00 0.00 0.00 0.00 0.00 0.00 0.00 0.00 0.00 0.00 -40.59 -1.95 -0.01 -0.00 -0.00 0.00 -0.00 -0.00 -0.02 -6.98 -200.21 -43.78 -5.24 -3.12 -0.14 -0.00 -4.91 -1.26 -10.26 -57.46 -418.06 -162.32 -48.64 -43.60 -8.88 -1.27 -52.31 -27.60 -75.07 -189.09 -656.50 -343.09 -154.51 -154.16 -55.14 -16.56 -174.71 -114.51 -212.24 -386.52
0.00 0.00 0.00 0.00 0.00 0.00 0.00 0.00 0.00 0.00 -40.59 -1.95 -0.01 -0.00 -0.00 0.00 -0.00 -0.00 -0.02 -6.98 -200.21 -43.78 -5.24 -3.12 -0.14 -0.00 -4.91 -1.26 -10.26 -57.46 -418.06 -162.32 -48.64 -43.60 -8.88 -1.27 -52.31 -27.60 -75.07 -189.09 -656.50 -343.09 -154.51 -154.16 -55.14 -16.56 -174.71 -114.51 -212.24 -386.52
0.00 0.00 0.00 0.00 0.00 0.00 0.00 0.00 0.00 0.00 -40.59 -1.95 -0.01 -0.00 -0.00 0.00 -0.00 -0.00 -0.02 -6.98 -200.21 -43.78 -5.24 -3.12 -0.14 -0.00 -4.91 -1.26 -10.26 -57.46 -418.06 -162.32 -48.64 -43.60 -8.88 -1.27 -52.31 -27.60 -75.07 -189.09 -656.50 -343.09 -154.51 -154.16 -55.14 -16.56 -174.71 -114.51 -212.24 -386.52
0.00 0.00 0.00 0.00 0.00 0.00 0.00 0.00 0.00 0.00 -40.59 -1.95 -0.01 -0.00 -0.00 0.00 -0.00 -0.00 -0.02 -6.98 -200.21 -43.78 -5.24 -3.12 -0.14 -0.00 -4.91 -1.26 -10.26 -57.46 -418.06 -162.32 -48.64 -43.60 -8.88 -1.27 -52.31 -27.60 -75.07 -189.09 -656.50 -343.09 -154.51 -154.16 -55.14 -16.56 -174.71 -114.51 -212.24 -386.52
0.00 0.00 0.00 0.00 0.00 0.00 0.00 0.00 0.00 0.00 -40.59 -1.95 -0.01 -0.00 -0.00 0.00 -0.00 -0.00 -0.02 -6.98 -200.21 -43.78 -5.24 -3.12 -0.14 -0.00 -4.91 -1.26 -10.26 -57.46 -418.06 -162.32 -48.64 -43.60 -8.88 -1.27 -52.31 -27.60 -75.07 -189.09 -656.50 -343.09 -154.51 -154.16 -55.14 -16.56 -174.71 -114.51 -212.24 -386.52
0.00 0.00 0.00 0.00 0.00 0.00 0.00 0.00 0.00 0.00 -40.59 -1.95 -0.01 -0.00 -0.00 0.00 -0.00 -0.00 -0.02 -6.98 -200.21 -43.78 -5.24 -3.12 -0.14 -0.00 -4.91 -1.26 -10.26 -57.46 -418.06 -162.32 -48.64 -43.60 -8.88 -1.27 -52.31 -27.60 -75.07 -189.09 -656.50 -343.09 -154.51 -154.16 -55.14 -16.56 -174.71 -114.51 -212.24 -386.52
0.00 0.00 0.00 0.00 0.00 0.00 0.00 0.00 0.00 0.00 -40.59 -1.95 -0.01 -0.00 -0.00 0.00 -0.00 -0.00 -0.02 -6.98 -200.21 -43.78 -5.24 -3.12 -0.14 -0.00 -4.91 -1.26 -10.26 -57.46 -418.06 -162.32 -48.64 -43.60 -8.88 -1.27 -52.31 -27.60 -75.07 -189.09 -656.50 -343.09 -154.51 -154.16 -55.14 -16.56 -174.71 -114.51 -212.24 -386.52
0.00 0.00 0.00 0.00 0.00 0.00 0.00 0.00 0.00 0.00 -40.59 -1.95 -0.01 -0.00 -0.00 0.00 -0.00 -0.00 -0.02 -6.98 -200.21 -43.78 -5.24 -3.12 -0.14 -0.00 -4.91 -1.26 -10.26 -57.46 -418.06 -162.32 -48.64 -43.60 -8.88 -1.27 -52.31 -27.60 -75.07 -189.09 -656.50 -343.09 -154.51 -154.16 -55.14 -16.56 -174.71 -114.51 -212.24 -386.52
0.00 0.00 0.00 0.00 0.00 0.00 0.00 0.00 0.00 0.00 -40.59 -1.95 -0.01 -0.00 -0.00 0.00 -0.00 -0.00 -0.02 -6.98 -200.21 -43.78 -5.24 -3.12 -0.14 -0.00 -4.91 -1.26 -10.26 -57.46 -418.06 -162.32 -48.64 -43.60 -8.88 -1.27 -52.31 -27.60 -75.07 -189.09 -656.50 -343.09 -154.51 -154.16 -55.14 -16.56 -174.71 -114.51 -212.24 -386.52
0.00 0.00 0.00 0.00 0.00 0.00 0.00 0.00 0.00 0.00 -40.59 -1.95 -0.01 -0.00 -0.00 0.00 -0.00 -0.00 -0.02 -6.98 -200.21 -43.78 -5.24 -3.12 -0.14 -0.00 -4.91 -1.26 -10.26 -57.46 -418.06 -162.32 -48.64 -43.60 -8.88 -1.27 -52.31 -27.60 -75.07 -189.09 -656.50 -343.09 -154.51 -154.16 -55.14 -16.56 -174.71 -114.51 -212.24 -386.52
0.00 0.00 0.00 0.00 0.00 0.00 0.00 0.00 0.00 0.00 -40.59 -1.95 -0.01 -0.00 -0.00 0.00 -0.00 -0.00 -0.02 -6.98 -200.21 -43.78 -5.24 -3.12 -0.14 -0.00 -4.91 -1.26 -10.26 -57.46 -418.06 -162.32 -48.64 -43.60 -8.88 -1.27 -52.31 -27.60 -75.07 -189.09 -656.50 -343.09 -154.51 -154.16 -55.14 -16.56 -174.71 -114.51 -212.24 -386.52
0.00 0.00 0.00 0.00 0.00 0.00 0.00 0.00 0.00 0.00 -40.59 -1.95 -0.01 -0.00 -0.00 0.00 -0.00 -0.00 -0.02 -6.98 -200.21 -43.78 -5.24 -3.12 -0.14 -0.00 -4.91 -1.26 -10.26 -57.46 -418.06 -162.32 -48.64 -43.60 -8.88 -1.27 -52.31 -27.60 -75.07 -189.09 -656.50 -343.09 -154.51 -154.16 -55.14 -16.56 -174.71 -114.51 -212.24 -386.52
0.00 0.00 0.00 0.00 0.00 0.00 0.00 0.00 0.00 0.00 -40.59 -1.95 -0.01 -0.00 -0.00 0.00 -0.00 -0.00 -0.02 -6.98 -200.21 -43.78 -5.24 -3.12 -0.14 -0.00 -4.91 -1.26 -10.26 -57.46 -418.06 -162.32 -48.64 -43.60 -8.88 -1.27 -52.31 -27.60 -75.07 -189.09 -656.50 -343.09 -154.51 -154.16 -55.14 -16.56 -174.71 -114.51 -212.24 -386.52
0.00 0.00 0.00 0.00 0.00 0.00 0.00 0.00 0.00 0.00 -40.59 -1.95 -0.01 -0.00 -0.00 0.00 -0.00 -0.00 -0.02 -6.98 -200.21 -43.78 -5.24 -3.12 -0.14 -0.00 -4.91 -1.26 -10.26 -57.46 -418.06 -162.32 -48.64 -43.60 -8.88 -1.27 -52.31 -27.60 -75.07 -189.09 -656.50 -343.09 -154.51 -154.16 -55.14 -16.56 -174.71 -114.51 -212.24 -386.52
0.00 0.00 0.00 0.00 0.00 0.00 0.00 0.00 0.00 0.00 -40.59 -1.95 -0.01 -0.00 -0.00 0.00 -0.00 -0.00 -0.02 -6.98 -200.21 -43.78 -5.24 -3.12 -0.14 -0.00 -4.91 -1.26 -10.26 -57.46 -418.06 -162.32 -48.64 -43.60 -8.88 -1.27 -52.31 -27.60 -75.07 -189.09 -656.50 -343.09 -154.51 -154.16 -55.14 -16.56 -174.71 -114.51 -212.24 -386.52
0.00 0.00 0.00 0.00 0.00 0.00 0.00 0.00 0.00 0.00 -40.59 -1.95 -0.01 -0.00 -0.00 0.00 -0.00 -0.00 -0.02 -6.98 -200.21 -43.78 -5.24 -3.12 -0.14 -0.00 -4.91 -1.26 -10.26 -57.46 -418.06 -162.32 -48.64 -43.60 -8.88 -1.27 -52.31 -27.60 -75.07 -189.09 -656.50 -343.09 -154.51 -154.16 -55.14 -16.56 -174.71 -114.51 -212.24 -386.52
0.00 0.00 0.00 0.00 0.00 0.00 0.00 0.00 0.00 0.00 -40.59 -1.95 -0.01 -0.00 -0.00 0.00 -0.00 -0.00 -0.02 -6.98 -200.21 -43.78 -5.24 -3.12 -0.14 -0.00 -4.91 -1.26 -10.26 -57.46 -418.06 -162.32 -48.64 -43.60 -8.88 -1.27 -52.31 -27.60 -75.07 -189.09 -656.50 -343.09 -154.51 -154.16 -55.14 -16.56 -174.71 -114.51 -212.24 -386.52
0.00 0.00 0.00 0.00 0.00 0.00 0.00 0.00 0.00 0.00 -40.59 -1.95 -0.01 -0.00 -0.00 0.00 -0.00 -0.00 -0.02 -6.98 -200.21 -43.78 -5.24 -3.12 -0.14 -0.00 -4.91 -1.26 -10.26 -57.46 -418.06 -162.32 -48.64 -43.60 -8.88 -1.27 -52.31 -27.60 -75.07 -189.09 -656.50 -343.09 -154.51 -154.16 -55.14 -16.56 -174.71 -114.51 -212.24 -386.52
0.00 0.00 0.00 0.00 0.00 0.00 0.00 0.00 0.00 0.00 -40.59 -1.95 -0.01 -0.00 -0.00 0.00 -0.00 -0.00 -0.02 -6.98 -200.21 -43.78 -5.24 -3.12 -0.14 -0.00 -4.91 -1.26 -10.26 -57.46 -418.06 -162.32 -48.64 -43.60 -8.88 -1.27 -52.31 -27.60 -75.07 -189.09 -656.50 -343.09 -154.51 -154.16 -55.14 -16.56 -174.71 -114.51 -212.24 -386.52
0.00 0.00 0.00 0.00 0.00 0.00 0.00 0.00 0.00 0.00 -40.59 -1.95 -0.01 -0.00 -0.00 0.00 -0.00 -0.00 -0.02 -6.98 -200.21 -43.78 -5.24 -3.12 -0.14 -0.00 -4.91 -1.26 -10.26 -57.46 -418.06 -162.32 -48.64 -43.60 -8.88 -1.27 -52.31 -27.60 -75.07 -189.09 -656.50 -343.09 -154.51 -154.16 -55.14 -16.56 -174.71 -114.51 -212.24 -386.52
0.00 0.00 0.00 0.00 0.00 0.00 0.00 0.00 0.00 0.00 -40.59 -1.95 -0.01 -0.00 -0.00 0.00 -0.00 -0.00 -0.02 -6.98 -200.21 -43.78 -5.24 -3.12 -0.14 -0.00 -4.91 -1.26 -10.26 -57.46 -418.06 -162.32 -48.64 -43.60 -8.88 -1.27 -52.31 -27.60 -75.07 -189.09 -656.50 -343.09 -154.51 -154.16 -55.14 -16.56 -174.71 -114.51 -212.24 -386.52
0.00 0.00 0.00 0.00 0.00 0.00 0.00 0.00 0.00 0.00 -40.59 -1.95 -0.01 -0.00 -0.00 0.00 -0.00 -0.00 -0.02 -6.98 -200.21 -43.78 -5.24 -3.12 -0.14 -0.00 -4.91 -1.26 -10.26 -57.46 -418.06 -162.32 -48.64 -43.60 -8.88 -1.27 -52.31 -27.60 -75.07 -189.09 -656.50 -343.09 -154.51 -154.16 -55.14 -16.56 -174.71 -114.51 -212.24 -386.52
0.00 0.00 0.00 0.00 0.00 0.00 0.00 0.00 0.00 0.00 -40.59 -1.95 -0.01 -0.00 -0.00 0.00 -0.00 -0.00 -0.02 -6.98 -200.21 -43.78 -5.24 -3.12 -0.14 -0.00 -4.91 -1.26 -10.26 -57.46 -418.06 -162.32 -48.64 -43.60 -8.88 -1.27 -52.31 -27.60 -75.07 -189.09 -656.50 -343.09 -154.51 -154.16 -55.14 -16.56 -174.71 -114.51 -212.24 -386.52
0.00 0.00 0.00 0.00 0.00 0.00 0.00 0.00 0.00 0.00 -40.59 -1.95 -0.01 -0.00 -0.00 0.00 -0.00 -0.00 -0.02 -6.98 -200.21 -43.78 -5.24 -3.12 -0.14 -0.00 -4.91 -1.26 -10.26 -57.46 -418.06 -162.32 -48.64 -43.60 -8.88 -1.27 -52.31 -27.60 -75.07 -189.09 -656.50 -343.09 -154.51 -154.16 -55.14 -16.56 -174.71 -114.51 -212.24 -386.52
0.00 0.00 0.00 0.00 0.00 0.00 0.00 0.00 0.00 0.00 -40.59 -1.95 -0.01 -0.00 -0.00 0.00 -0.00 -0.00 -0.02 -6.98 -200.21 -43.78 -5.24 -3.12 -0.14 -0.00 -4.91 -1.26 -10.26 -57.46 -418.06 -162.32 -48.64 -43.60 -8.88 -1.27 -52.31 -27.60 -75.07 -189.09 -656.50 -343.09 -154.51 -154.16 -55.14 -16.56 -174.71 -114.51 -212.24 -386.52
0.00 0.00 0.00 0.00 0.00 0.00 0.00 0.00 0.00 0.00 -40.59 -1.95 -0.01 -0.00 -0.00 0.00 -0.00 -0.00 -0.02 -6.98 -200.21 -43.78 -5.24 -3.12 -0.14 -0.00 -4.91 -1.26 -10.26 -57.46 -418.06 -162.32 -48.64 -43.60 -8.88 -1.27 -52.31 -27.60 -75.07 -189.09 -656.50 -343.09 -154.51 -154.16 -55.14 -16.56 -174.71 -114.51 -212.24 -386.52
0.00 0.00 0.00 0.00 0.00 0.00 0.00 0.00 0.00 0.00 -40.59 -1.95 -0.01 -0.00 -0.00 0.00 -0.00 -0.00 -0.02 -6.98 -200.21 -43.78 -5.24 -3.12 -0.14 -0.00 -4.91 -1.26 -10.26 -57.46 -418.06 -162.32 -48.64 -43.60 -8.88 -1.27 -52.31 -27.60 -75.07 -189.09 -656.50 -343.09 -154.51 -154.16 -55.14 -16.56 -174.71 -114.51 -212.24 -386.52
0.00 0.00 0.00 0.00 0.00 0.00 0.00 0.00 0.00 0.00 -40.59 -1.95 -0.01 -0.00 -0.00 0.00 -0.00 -0.00 -0.02 -6.98 -200.21 -43.78 -5.24 -3.12 -0.14 -0.00 -4.91 -1.26 -10.26 -57.46 -418.06 -162.32 -48.64 -43.60 -8.88 -1.27 -52.31 -27.60 -75.07 -189.09 -656.50 -343.09 -154.51 -154.16 -55.14 -16.56 -174.71 -114.51 -212.24 -386.52
0.00 0.00 0.00 0.00 0.00 0.00 0.00 0.00 0.00 0.00 -40.59 -1.95 -0.01 -0.00 -0.00 0.00 -0.00 -0.00 -0.02 -6.98 -200.21 -43.78 -5.24 -3.12 -0.14 -0.00 -4.91 -1.26 -10.26 -57.46 -418.06 -162.32 -48.64 -43.60 -8.88 -1.27 -52.31 -27.60 -75.07 -189.09 -656.50 -343.09 -154.51 -154.16 -55.14 -16.56 -174.71 -114.51 -212.24 -386.52
0.00 0.00 0.00 0.00 0.00 0.00 0.00 0.00 0.00 0.00 -40.59 -1.95 -0.01 -0.00 -0.00 0.00 -0.00 -0.00 -0.02 -6.98 -200.21 -43.78 -5.24 -3.12 -0.14 -0.00 -4.91 -1.26 -10.26 -57.46 -418.06 -162.32 -48.64 -43.60 -8.88 -1.27 -52.31 -27.60 -75.07 -189.09 -656.50 -343.09 -154.51 -154.16 -55.14 -16.56 -174.71 -114.51 -212.24 -386.52
0.00 0.00 0.00 0.00 0.00 0.00 0.00 0.00 0.00 0.00 -40.59 -1.95 -0.01 -0.00 -0.00 0.00 -0.00 -0.00 -0.02 -6.98 -200.21 -43.78 -5.24 -3.12 -0.14 -0.00 -4.91 -1.26 -10.26 -57.46 -418.06 -162.32 -48.64 -43.60 -8.88 -1.27 -52.31 -27.60 -75.07 -189.09 -656.50 -343.09 -154.51 -154.16 -55.14 -16.56 -174.71 -114.51 -212.24 -386.52
0.00 0.00 0.00 0.00 0.00 0.00 0.00 0.00 0.00 0.00 -40.59 -1.95 -0.01 -0.00 -0.00 0.00 -0.00 -0.00 -0.02 -6.98 -200.21 -43.78 -5.24 -3.12 -0.14 -0.00 -4.91 -1.26 -10.26 -57.46 -418.06 -162.32 -48.64 -43.60 -8.88 -1.27 -52.31 -27.60 -75.07 -189.09 -656.50 -343.09 -154.51 -154.16 -55.14 -16.56 -174.71 -114.51 -212.24 -386.52
0.00 0.00 0.00 0.00 0.00 0.00 0.00 0.00 0.00 0.00 -40.59 -1.95 -0.01 -0.00 -0.00 0.00 -0.00 -0.00 -0.02 -6.98 -200.21 -43.78 -5.24 -3.12 -0.14 -0.00 -4.91 -1.26 -10.26 -57.46 -418.06 -162.32 -48.64 -43.60 -8.88 -1.27 -52.31 -27.60 -75.07 -189.09 -656.50 -343.09 -154.51 -154.16 -55.14 -16.56 -174.71 -114.51 -212.24 -386.52
0.00 0.00 0.00 0.00 0.00 0.00 0.00 0.00 0.00 0.00 -40.59 -1.95 -0.01 -0.00 -0.00 0.00 -0.00 -0.00 -0.02 -6.98 -200.21 -43.78 -5.24 -3.12 -0.14 -0.00 -4.91 -1.26 -10.26 -57.46 -418.06 -162.32 -48.64 -43.60 -8.88 -1.27 -52.31 -27.60 -75.07 -189.09 -656.50 -343.09 -154.51 -154.16 -55.14 -16.56 -174.71 -114.51 -212.24 -386.52
0.00 0.00 0.00 0.00 0.00 0.00 0.00 0.00 0.00 0.00 -40.59 -1.95 -0.01 -0.00 -0.00 0.00 -0.00 -0.00 -0.02 -6.98 -200.21 -43.78 -5.24 -3.12 -0.14 -0.00 -4.91 -1.26 -10.26 -57.46 -418.06 -162.32 -48.64 -43.60 -8.88 -1.27 -52.31 -27.60 -75.07 -189.09 -656.50 -343.09 -154.51 -154.16 -55.14 -16.56 -174.71 -114.51 -212.24 -386.52
0.00 0.00 0.00 0.00 0.00 0.00 0.00 0.00 0.00 0.00 -40.59 -1.95 -0.01 -0.00 -0.00 0.00 -0.00 -0.00 -0.02 -6.98 -200.21 -43.78 -5.24 -3.12 -0.14 -0.00 -4.91 -1.26 -10.26 -57.46 -418.06 -162.32 -48.64 -43.60 -8.88 -1.27 -52.31 -27.60 -75.07 -189.09 -656.50 -343.09 -154.51 -154.16 -55.14 -16.56 -174.71 -114.51 -212.24 -386.52
0.00 0.00 0.00 0.00 0.00 0.00 0.00 0.00 0.00 0.00 -40.59 -1.95 -0.01 -0.00 -0.00 0.00 -0.00 -0.00 -0.02 -6.98 -200.21 -43.78 -5.24 -3.12 -0.14 -0.00 -4.91 -1.26 -10.26 -57.46 -418.06 -162.32 -48.64 -43.60 -8.88 -1.27 -52.31 -27.60 -75.07 -189.09 -656.50 -343.09 -154.51 -154.16 -55.14 -16.56 -174.71 -114.51 -212.24 -386.52
0.00 0.00 0.00 0.00 0.00 0.00 0.00 0.00 0.00 0.00 -40.59 -1.95 -0.01 -0.00 -0.00 0.00 -0.00 -0.00 -0.02 -6.98 -200.21 -43.78 -5.24 -3.12 -0.14 -0.00 -4.91 -1.26 -10.26 -57.46 -418.06 -162.32 -48.64 -43.60 -8.88 -1.27 -52.31 -27.60 -75.07 -189.09 -656.50 -343.09 -154.51 -154.16 -55.14 -16.56 -174.71 -114.51 -212.24 -386.52
0.00 0.00 0.00 0.00 0.00 0.00 0.00 0.00 0.00 0.00 -40.59 -1.95 -0.01 -0.00 -0.00 0.00 -0.00 -0.00 -0.02 -6.98 -200.21 -43.78 -5.24 -3.12 -0.14 -0.00 -4.91 -1.26 -10.26 -57.46 -418.06 -162.32 -48.64 -43.60 -8.88 -1.27 -52.31 -27.60 -75.07 -189.09 -656.50 -343.09 -154.51 -154.16 -55.14 -16.56 -174.71 -114.51 -212.24 -386.52
0.00 0.00 0.00 0.00 0.00 0.00 0.00 0.00 0.00 0.00 -40.59 -1.95 -0.01 -0.00 -0.00 0.00 -0.00 -0.00 -0.02 -6.98 -200.21 -43.78 -5.24 -3.12 -0.14 -0.00 -4.91 -1.26 -10.26 -57.46 -418.06 -162.32 -48.64 -43.60 -8.88 -1.27 -52.31 -27.60 -75.07 -189.09 -656.50 -343.09 -154.51 -154.16 -55.14 -16.56 -174.71 -114.51 -212.24 -386.52
0.00 0.00 0.00 0.00 0.00 0.00 0.00 0.00 0.00 0.00 -40.59 -1.95 -0.01 -0.00 -0.00 0.00 -0.00 -0.00 -0.02 -6.98 -200.21 -43.78 -5.24 -3.12 -0.14 -0.00 -4.91 -1.26 -10.26 -57.46 -418.06 -162.32 -48.64 -43.60 -8.88 -1.27 -52.31 -27.60 -75.07 -189.09 -656.50 -343.09 -154.51 -154.16 -55.14 -16.56 -174.71 -114.51 -212.24 -386.52
0.00 0.00 0.00 0.00 0.00 0.00 0.00 0.00 0.00 0.00 -40.59 -1.95 -0.01 -0.00 -0.00 0.00 -0.00 -0.00 -0.02 -6.98 -200.21 -43.78 -5.24 -3.12 -0.14 -0.00 -4.91 -1.26 -10.26 -57.46 -418.06 -162.32 -48.64 -43.60 -8.88 -1.27 -52.31 -27.60 -75.07 -189.09 -656.50 -343.09 -154.51 -154.16 -55.14 -16.56 -174.71 -114.51 -212.24 -386.52
0.00 0.00 0.00 0.00 0.00 0.00 0.00 0.00 0.00 0.00 -40.59 -1.95 -0.01 -0.00 -0.00 0.00 -0.00 -0.00 -0.02 -6.98 -200.21 -43.78 -5.24 -3.12 -0.14 -0.00 -4.91 -1.26 -10.26 -57.46 -418.06 -162.32 -48.64 -43.60 -8.88 -1.27 -52.31 -27.60 -75.07 -189.09 -656.50 -343.09 -154.51 -154.16 -55.14 -16.56 -174.71 -114.51 -212.24 -386.52
0.00 0.00 0.00 0.00 0.00 0.00 0.00 0.00 0.00 0.00 -40.59 -1.95 -0.01 -0.00 -0.00 0.00 -0.00 -0.00 -0.02 -6.98 -200.21 -43.78 -5.24 -3.12 -0.14 -0.00 -4.91 -1.26 -10.26 -57.46 -418.06 -162.32 -48.64 -43.60 -8.88 -1.27 -52.31 -27.60 -75.07 -189.09 -656.50 -343.09 -154.51 -154.16 -55.14 -16.56 -174.71 -114.51 -212.24 -386.52
0.00 0.00 0.00 0.00 0.00 0.00 0.00 0.00 0.00 0.00 -40.59 -1.95 -0.01 -0.00 -0.00 0.00 -0.00 -0.00 -0.02 -6.98 -200.21 -43.78 -5.24 -3.12 -0.14 -0.00 -4.91 -1.26 -10.26 -57.46 -418.06 -162.32 -48.64 -43.60 -8.88 -1.27 -52.31 -27.60 -75.07 -189.09 -656.50 -343.09 -154.51 -154.16 -55.14 -16.56 -174.71 -114.51 -212.24 -386.52
0.00 0.00 0.00 0.00 0.00 0.00 0.00 0.00 0.00 0.00 -40.59 -1.95 -0.01 -0.00 -0.00 0.00 -0.00 -0.00 -0.02 -6.98 -200.21 -43.78 -5.24 -3.12 -0.14 -0.00 -4.91 -1.26 -10.26 -57.46 -418.06 -162.32 -48.64 -43.60 -8.88 -1.27 -52.31 -27.60 -75.07 -189.09 -656.50 -343.09 -154.51 -154.16 -55.14 -16.56 -174.71 -114.51 -212.24 -386.52
0.00 0.00 0.00 0.00 0.00 0.00 0.00 0.00 0.00 0.00 -40.59 -1.95 -0.01 -0.00 -0.00 0.00 -0.00 -0.00 -0.02 -6.98 -200.21 -43.78 -5.24 -3.12 -0.14 -0.00 -4.91 -1.26 -10.26 -57.46 -418.06 -162.32 -48.64 -43.60 -8.88 -1.27 -52.31 -27.60 -75.07 -189.09 -656.50 -343.09 -154.51 -154.16 -55.14 -16.56 -174.71 -114.51 -212.24 -386.52
0.00 0.00 0.00 0.00 0.00 0.00 0.00 0.00 0.00 0.00 -40.59 -1.95 -0.01 -0.00 -0.00 0.00 -0.00 -0.00 -0.02 -6.98 -200.21 -43.78 -5.24 -3.12 -0.14 -0.00 -4.91 -1.26 -10.26 -57.46 -418.06 -162.32 -48.64 -43.60 -8.88 -1.27 -52.31 -27.60 -75.07 -189.09 -656.50 -343.09 -154.51 -154.16 -55.14 -16.56 -174.71 -114.51 -212.24 -386.52
