0.00 0.00 0.00 0.00 0.00 0.00 0.00 0.00 0.00 0.00 0.00 0.00 0.00 0.00 0.00 0.00 0.00 0.00 0.00 0.00 0.00 0.00 0.00 0.00 0.00 0.00 0.00 0.00 0.00 0.00 0.00 0.00 0.00 0.00 0.00 0.00 0.00 0.00 0.00 0.00 0.00 0.00 0.00 0.00 0.00 0.00 0.00 0.00 0.00 0.00
0.00 0.00 0.00 0.00 0.00 0.00 0.00 0.00 0.00 0.00 -48.50 -2.88 -0.01 -0.00 -0.00 -0.00 -0.01 -0.00 -0.02 -4.46 -231.11 -58.13 -6.93 -9.02 -0.34 -0.01 -8.15 -9.74 -10.76 -74.77 -475.59 -203.78 -66.24 -82.64 -15.11 -2.16 -69.01 -87.50 -77.81 -244.27 -740.49 -416.03 -203.70 -239.87 -81.79 -25.56 -209.66 -252.40 -215.87 -472.77
0.00 0.00 0.00 0.00 0.00 0.00 0.00 0.00 0.00 0.00 -46.69 -2.68 -0.01 -0.00 -0.00 -0.00 -0.01 -0.00 -0.01 -3.99 -225.91 -54.69 -6.37 -3.87 -0.31 -0.01 -6.89 -8.02 -7.71 -69.44 -467.94 -194.20 -57.73 -51.75 -17.50 -1.97 -62.37 -78.10 -60.78 -232.86 -731.58 -400.85 -179.72 -178.45 -94.76 -23.50 -197.26 -231.26 -190.98 -456.89
0.00 0.00 0.00 0.00 0.00 0.00 0.00 0.00 0.00 0.00 -46.69 -2.68 -0.01 -0.00 -0.00 -0.00 -0.01 -0.00 -0.01 -3.99 -225.91 -54.69 -6.37 -3.87 -0.31 -0.01 -6.89 -8.02 -7.71 -69.44 -467.94 -194.20 -57.73 -51.75 -17.50 -1.97 -62.37 -78.10 -60.78 -232.86 -731.58 -400.85 -179.72 -178.45 -94.76 -23.50 -197.26 -231.26 -190.98 -456.89
0.00 0.00 0.00 0.00 0.00 0.00 0.00 0.00 0.00 0.00 -37.58 -1.76 -0.01 -0.00 -0.00 0.00 -0.00 -0.00 -0.00 -3.16 -192.77 -39.86 -5.15 -2.28 -0.13 -0.00 -4.87 -5.57 -3.32 -60.80 -408.86 -153.30 -48.44 -39.94 -8.51 -0.64 -53.89 -61.15 -45.08 -208.54 -646.75 -330.06 -155.89 -142.16 -54.39 -12.91 -171.48 -186.93 -156.91 -411.96
0.00 0.00 0.00 0.00 0.00 0.00 0.00 0.00 0.00 0.00 -37.58 -1.76 -0.01 -0.00 -0.00 0.00 -0.00 -0.00 -0.00 -3.16 -192.77 -39.86 -5.15 -2.28 -0.13 -0.00 -4.87 -5.57 -3.32 -60.80 -408.86 -153.30 -48.44 -39.94 -8.51 -0.64 -53.89 -61.15 -45.08 -208.54 -646.75 -330.06 -155.89 -142.16 -54.39 -12.91 -171.48 -186.93 -156.91 -411.96
0.00 0.00 0.00 0.00 0.00 0.00 0.00 0.00 0.00 0.00 -37.58 -1.76 -0.01 -0.00 -0.00 0.00 -0.00 -0.00 -0.00 -3.16 -192.77 -39.86 -5.15 -2.28 -0.13 -0.00 -4.87 -5.57 -3.32 -60.80 -408.86 -153.30 -48.44 -39.94 -8.51 -0.64 -53.89 -61.15 -45.08 -208.54 -646.75 -330.06 -155.89 -142.16 -54.39 -12.91 -171.48 -186.93 -156.91 -411.96
0.00 0.00 0.00 0.00 0.00 0.00 0.00 0.00 0.00 0.00 -37.58 -1.76 -0.01 -0.00 -0.00 0.00 -0.00 -0.00 -0.00 -3.16 -192.77 -39.86 -5.15 -2.28 -0.13 -0.00 -4.87 -5.57 -3.32 -60.80 -408.86 -153.30 -48.44 -39.94 -8.51 -0.64 -53.89 -61.15 -45.08 -208.54 -646.75 -330.06 -155.89 -142.16 -54.39 -12.91 -171.48 -186.93 -156.91 -411.96
0.00 0.00 0.00 0.00 0.00 0.00 0.00 0.00 0.00 0.00 -27.06 -0.84 -0.00 -0.00 -0.00 0.00 -0.00 -0.00 -0.00 -8.44 -149.96 -23.17 -1.58 -0.62 -0.00 -0.00 -1.38 -0.19 -1.78 -70.66 -331.81 -99.53 -19.91 -15.14 -0.98 -0.10 -22.50 -8.30 -24.49 -195.82 -538.62 -229.84 -77.29 -72.50 -12.55 -3.24 -87.01 -47.44 -97.24 -361.09
0.00 0.00 0.00 0.00 0.00 0.00 0.00 0.00 0.00 0.00 -35.32 -1.48 -0.01 -0.00 -0.00 0.00 -0.00 -0.00 -0.00 -2.78 -185.28 -35.55 -3.94 -1.58 -0.03 -0.00 -3.78 -3.19 -1.95 -54.14 -397.69 -140.92 -40.60 -29.81 -3.96 -0.35 -46.02 -42.93 -32.23 -193.25 -633.58 -309.39 -134.77 -119.24 -33.87 -8.27 -152.53 -149.47 -125.25 -390.21
0.00 0.00 0.00 0.00 0.00 0.00 0.00 0.00 0.00 0.00 -35.32 -1.48 -0.01 -0.00 -0.00 0.00 -0.00 -0.00 -0.00 -2.78 -185.28 -35.55 -3.94 -1.58 -0.03 -0.00 -3.78 -3.19 -1.95 -54.14 -397.69 -140.92 -40.60 -29.81 -3.96 -0.35 -46.02 -42.93 -32.23 -193.25 -633.58 -309.39 -134.77 -119.24 -33.87 -8.27 -152.53 -149.47 -125.25 -390.21
0.00 0.00 0.00 0.00 0.00 0.00 0.00 0.00 0.00 0.00 -35.32 -1.48 -0.01 -0.00 -0.00 0.00 -0.00 -0.00 -0.00 -2.78 -185.28 -35.55 -3.94 -1.58 -0.03 -0.00 -3.78 -3.19 -1.95 -54.14 -397.69 -140.92 -40.60 -29.81 -3.96 -0.35 -46.02 -42.93 -32.23 -193.25 -633.58 -309.39 -134.77 -119.24 -33.87 -8.27 -152.53 -149.47 -125.25 -390.21
0.00 0.00 0.00 0.00 0.00 0.00 0.00 0.00 0.00 0.00 -35.32 -1.48 -0.01 -0.00 -0.00 0.00 -0.00 -0.00 -0.00 -2.78 -185.28 -35.55 -3.94 -1.58 -0.03 -0.00 -3.78 -3.19 -1.95 -54.14 -397.69 -140.92 -40.60 -29.81 -3.96 -0.35 -46.02 -42.93 -32.23 -193.25 -633.58 -309.39 -134.77 -119.24 -33.87 -8.27 -152.53 -149.47 -125.25 -390.21
0.00 0.00 0.00 0.00 0.00 0.00 0.00 0.00 0.00 0.00 -35.32 -1.48 -0.01 -0.00 -0.00 0.00 -0.00 -0.00 -0.00 -2.78 -185.28 -35.55 -3.94 -1.58 -0.03 -0.00 -3.78 -3.19 -1.95 -54.14 -397.69 -140.92 -40.60 -29.81 -3.96 -0.35 -46.02 -42.93 -32.23 -193.25 -633.58 -309.39 -134.77 -119.24 -33.87 -8.27 -152.53 -149.47 -125.25 -390.21
0.00 0.00 0.00 0.00 0.00 0.00 0.00 0.00 0.00 0.00 -35.32 -1.48 -0.01 -0.00 -0.00 0.00 -0.00 -0.00 -0.00 -2.78 -185.28 -35.55 -3.94 -1.58 -0.03 -0.00 -3.78 -3.19 -1.95 -54.14 -397.69 -140.92 -40.60 -29.81 -3.96 -0.35 -46.02 -42.93 -32.23 -193.25 -633.58 -309.39 -134.77 -119.24 -33.87 -8.27 -152.53 -149.47 -125.25 -390.21
0.00 0.00 0.00 0.00 0.00 0.00 0.00 0.00 0.00 0.00 -35.32 -1.48 -0.01 -0.00 -0.00 0.00 -0.00 -0.00 -0.00 -2.78 -185.28 -35.55 -3.94 -1.58 -0.03 -0.00 -3.78 -3.19 -1.95 -54.14 -397.69 -140.92 -40.60 -29.81 -3.96 -0.35 -46.02 -42.93 -32.23 -193.25 -633.58 -309.39 -134.77 -119.24 -33.87 -8.27 -152.53 -149.47 -125.25 -390.21
0.00 0.00 0.00 0.00 0.00 0.00 0.00 0.00 0.00 0.00 -35.32 -1.48 -0.01 -0.00 -0.00 0.00 -0.00 -0.00 -0.00 -2.78 -185.28 -35.55 -3.94 -1.58 -0.03 -0.00 -3.78 -3.19 -1.95 -54.14 -397.69 -140.92 -40.60 -29.81 -3.96 -0.35 -46.02 -42.93 -32.23 -193.25 -633.58 -309.39 -134.77 -119.24 -33.87 -8.27 -152.53 -149.47 -125.25 -390.21
0.00 0.00 0.00 0.00 0.00 0.00 0.00 0.00 0.00 0.00 -35.32 -1.48 -0.01 -0.00 -0.00 0.00 -0.00 -0.00 -0.00 -2.78 -185.28 -35.55 -3.94 -1.58 -0.03 -0.00 -3.78 -3.19 -1.95 -54.14 -397.69 -140.92 -40.60 -29.81 -3.96 -0.35 -46.02 -42.93 -32.23 -193.25 -633.58 -309.39 -134.77 -119.24 -33.87 -8.27 -152.53 -149.47 -125.25 -390.21
0.00 0.00 0.00 0.00 0.00 0.00 0.00 0.00 0.00 0.00 -35.32 -1.48 -0.01 -0.00 -0.00 0.00 -0.00 -0.00 -0.00 -2.78 -185.28 -35.55 -3.94 -1.58 -0.03 -0.00 -3.78 -3.19 -1.95 -54.14 -397.69 -140.92 -40.60 -29.81 -3.96 -0.35 -46.02 -42.93 -32.23 -193.25 -633.58 -309.39 -134.77 -119.24 -33.87 -8.27 -152.53 -149.47 -125.25 -390.21
0.00 0.00 0.00 0.00 0.00 0.00 0.00 0.00 0.00 0.00 -35.32 -1.48 -0.01 -0.00 -0.00 0.00 -0.00 -0.00 -0.00 -2.78 -185.28 -35.55 -3.94 -1.58 -0.03 -0.00 -3.78 -3.19 -1.95 -54.14 -397.69 -140.92 -40.60 -29.81 -3.96 -0.35 -46.02 -42.93 -32.23 -193.25 -633.58 -309.39 -134.77 -119.24 -33.87 -8.27 -152.53 -149.47 -125.25 -390.21
0.00 0.00 0.00 0.00 0.00 0.00 0.00 0.00 0.00 0.00 -35.32 -1.48 -0.01 -0.00 -0.00 0.00 -0.00 -0.00 -0.00 -2.78 -185.28 -35.55 -3.94 -1.58 -0.03 -0.00 -3.78 -3.19 -1.95 -54.14 -397.69 -140.92 -40.60 -29.81 -3.96 -0.35 -46.02 -42.93 -32.23 -193.25 -633.58 -309.39 -134.77 -119.24 -33.87 -8.27 -152.53 -149.47 -125.25 -390.21
0.00 0.00 0.00 0.00 0.00 0.00 0.00 0.00 0.00 0.00 -35.32 -1.48 -0.01 -0.00 -0.00 0.00 -0.00 -0.00 -0.00 -2.78 -185.28 -35.55 -3.94 -1.58 -0.03 -0.00 -3.78 -3.19 -1.95 -54.14 -397.69 -140.92 -40.60 -29.81 -3.96 -0.35 -46.02 -42.93 -32.23 -193.25 -633.58 -309.39 -134.77 -119.24 -33.87 -8.27 -152.53 -149.47 -125.25 -390.21
0.00 0.00 0.00 0.00 0.00 0.00 0.00 0.00 0.00 0.00 -35.32 -1.48 -0.01 -0.00 -0.00 0.00 -0.00 -0.00 -0.00 -2.78 -185.28 -35.55 -3.94 -1.58 -0.03 -0.00 -3.78 -3.19 -1.95 -54.14 -397.69 -140.92 -40.60 -29.81 -3.96 -0.35 -46.02 -42.93 -32.23 -193.25 -633.58 -309.39 -134.77 -119.24 -33.87 -8.27 -152.53 -149.47 -125.25 -390.21
0.00 0.00 0.00 0.00 0.00 0.00 0.00 0.00 0.00 0.00 -35.32 -1.48 -0.01 -0.00 -0.00 0.00 -0.00 -0.00 -0.00 -2.78 -185.28 -35.55 -3.94 -1.58 -0.03 -0.00 -3.78 -3.19 -1.95 -54.14 -397.69 -140.92 -40.60 -29.81 -3.96 -0.35 -46.02 -42.93 -32.23 -193.25 -633.58 -309.39 -134.77 -119.24 -33.87 -8.27 -152.53 -149.47 -125.25 -390.21
0.00 0.00 0.00 0.00 0.00 0.00 0.00 0.00 0.00 0.00 -35.32 -1.48 -0.01 -0.00 -0.00 0.00 -0.00 -0.00 -0.00 -2.78 -185.28 -35.55 -3.94 -1.58 -0.03 -0.00 -3.78 -3.19 -1.95 -54.14 -397.69 -140.92 -40.60 -29.81 -3.96 -0.35 -46.02 -42.93 -32.23 -193.25 -633.58 -309.39 -134.77 -119.24 -33.87 -8.27 -152.53 -149.47 -125.25 -390.21
0.00 0.00 0.00 0.00 0.00 0.00 0.00 0.00 0.00 0.00 -35.32 -1.48 -0.01 -0.00 -0.00 0.00 -0.00 -0.00 -0.00 -2.78 -185.28 -35.55 -3.94 -1.58 -0.03 -0.00 -3.78 -3.19 -1.95 -54.14 -397.69 -140.92 -40.60 -29.81 -3.96 -0.35 -46.02 -42.93 -32.23 -193.25 -633.58 -309.39 -134.77 -119.24 -33.87 -8.27 -152.53 -149.47 -125.25 -390.21
0.00 0.00 0.00 0.00 0.00 0.00 0.00 0.00 0.00 0.00 -35.32 -1.48 -0.01 -0.00 -0.00 0.00 -0.00 -0.00 -0.00 -2.78 -185.28 -35.55 -3.94 -1.58 -0.03 -0.00 -3.78 -3.19 -1.95 -54.14 -397.69 -140.92 -40.60 -29.81 -3.96 -0.35 -46.02 -42.93 -32.23 -193.25 -633.58 -309.39 -134.77 -119.24 -33.87 -8.27 -152.53 -149.47 -125.25 -390.21
0.00 0.00 0.00 0.00 0.00 0.00 0.00 0.00 0.00 0.00 -35.32 -1.48 -0.01 -0.00 -0.00 0.00 -0.00 -0.00 -0.00 -2.78 -185.28 -35.55 -3.94 -1.58 -0.03 -0.00 -3.78 -3.19 -1.95 -54.14 -397.69 -140.92 -40.60 -29.81 -3.96 -0.35 -46.02 -42.93 -32.23 -193.25 -633.58 -309.39 -134.77 -119.24 -33.87 -8.27 -152.53 -149.47 -125.25 -390.21
0.00 0.00 0.00 0.00 0.00 0.00 0.00 0.00 0.00 0.00 -35.32 -1.48 -0.01 -0.00 -0.00 0.00 -0.00 -0.00 -0.00 -2.78 -185.28 -35.55 -3.94 -1.58 -0.03 -0.00 -3.78 -3.19 -1.95 -54.14 -397.69 -140.92 -40.60 -29.81 -3.96 -0.35 -46.02 -42.93 -32.23 -193.25 -633.58 -309.39 -134.77 -119.24 -33.87 -8.27 -152.53 -149.47 -125.25 -390.21
0.00 0.00 0.00 0.00 0.00 0.00 0.00 0.00 0.00 0.00 -35.32 -1.48 -0.01 -0.00 -0.00 0.00 -0.00 -0.00 -0.00 -2.78 -185.28 -35.55 -3.94 -1.58 -0.03 -0.00 -3.78 -3.19 -1.95 -54.14 -397.69 -140.92 -40.60 -29.81 -3.96 -0.35 -46.02 -42.93 -32.23 -193.25 -633.58 -309.39 -134.77 -119.24 -33.87 -8.27 -152.53 -149.47 -125.25 -390.21
0.00 0.00 0.00 0.00 0.00 0.00 0.00 0.00 0.00 0.00 -35.32 -1.48 -0.01 -0.00 -0.00 0.00 -0.00 -0.00 -0.00 -2.78 -185.28 -35.55 -3.94 -1.58 -0.03 -0.00 -3.78 -3.19 -1.95 -54.14 -397.69 -140.92 -40.60 -29.81 -3.96 -0.35 -46.02 -42.93 -32.23 -193.25 -633.58 -309.39 -134.77 -119.24 -33.87 -8.27 -152.53 -149.47 -125.25 -390.21
0.00 0.00 0.00 0.00 0.00 0.00 0.00 0.00 0.00 0.00 -35.32 -1.48 -0.01 -0.00 -0.00 0.00 -0.00 -0.00 -0.00 -2.78 -185.28 -35.55 -3.94 -1.58 -0.03 -0.00 -3.78 -3.19 -1.95 -54.14 -397.69 -140.92 -40.60 -29.81 -3.96 -0.35 -46.02 -42.93 -32.23 -193.25 -633.58 -309.39 -134.77 -119.24 -33.87 -8.27 -152.53 -149.47 -125.25 -390.21
0.00 0.00 0.00 0.00 0.00 0.00 0.00 0.00 0.00 0.00 -35.32 -1.48 -0.01 -0.00 -0.00 0.00 -0.00 -0.00 -0.00 -2.78 -185.28 -35.55 -3.94 -1.58 -0.03 -0.00 -3.78 -3.19 -1.95 -54.14 -397.69 -140.92 -40.60 -29.81 -3.96 -0.35 -46.02 -42.93 -32.23 -193.25 -633.58 -309.39 -134.77 -119.24 -33.87 -8.27 -152.53 -149.47 -125.25 -390.21
0.00 0.00 0.00 0.00 0.00 0.00 0.00 0.00 0.00 0.00 -35.32 -1.48 -0.01 -0.00 -0.00 0.00 -0.00 -0.00 -0.00 -2.78 -185.28 -35.55 -3.94 -1.58 -0.03 -0.00 -3.78 -3.19 -1.95 -54.14 -397.69 -140.92 -40.60 -29.81 -3.96 -0.35 -46.02 -42.93 -32.23 -193.25 -633.58 -309.39 -134.77 -119.24 -33.87 -8.27 -152.53 -149.47 -125.25 -390.21
0.00 0.00 0.00 0.00 0.00 0.00 0.00 0.00 0.00 0.00 -35.32 -1.48 -0.01 -0.00 -0.00 0.00 -0.00 -0.00 -0.00 -2.78 -185.28 -35.55 -3.94 -1.58 -0.03 -0.00 -3.78 -3.19 -1.95 -54.14 -397.69 -140.92 -40.60 -29.81 -3.96 -0.35 -46.02 -42.93 -32.23 -193.25 -633.58 -309.39 -134.77 -119.24 -33.87 -8.27 -152.53 -149.47 -125.25 -390.21
0.00 0.00 0.00 0.00 0.00 0.00 0.00 0.00 0.00 0.00 -35.32 -1.48 -0.01 -0.00 -0.00 0.00 -0.00 -0.00 -0.00 -2.78 -185.28 -35.55 -3.94 -1.58 -0.03 -0.00 -3.78 -3.19 -1.95 -54.14 -397.69 -140.92 -40.60 -29.81 -3.96 -0.35 -46.02 -42.93 -32.23 -193.25 -633.58 -309.39 -134.77 -119.24 -33.87 -8.27 -152.53 -149.47 -125.25 -390.21
0.00 0.00 0.00 0.00 0.00 0.00 0.00 0.00 0.00 0.00 -35.32 -1.48 -0.01 -0.00 -0.00 0.00 -0.00 -0.00 -0.00 -2.78 -185.28 -35.55 -3.94 -1.58 -0.03 -0.00 -3.78 -3.19 -1.95 -54.14 -397.69 -140.92 -40.60 -29.81 -3.96 -0.35 -46.02 -42.93 -32.23 -193.25 -633.58 -309.39 -134.77 -119.24 -33.87 -8.27 -152.53 -149.47 -125.25 -390.21
0.00 0.00 0.00 0.00 0.00 0.00 0.00 0.00 0.00 0.00 -35.32 -1.48 -0.01 -0.00 -0.00 0.00 -0.00 -0.00 -0.00 -2.78 -185.28 -35.55 -3.94 -1.58 -0.03 -0.00 -3.78 -3.19 -1.95 -54.14 -397.69 -140.92 -40.60 -29.81 -3.96 -0.35 -46.02 -42.93 -32.23 -193.25 -633.58 -309.39 -134.77 -119.24 -33.87 -8.27 -152.53 -149.47 -125.25 -390.21
0.00 0.00 0.00 0.00 0.00 0.00 0.00 0.00 0.00 0.00 -35.32 -1.48 -0.01 -0.00 -0.00 0.00 -0.00 -0.00 -0.00 -2.78 -185.28 -35.55 -3.94 -1.58 -0.03 -0.00 -3.78 -3.19 -1.95 -54.14 -397.69 -140.92 -40.60 -29.81 -3.96 -0.35 -46.02 -42.93 -32.23 -193.25 -633.58 -309.39 -134.77 -119.24 -33.87 -8.27 -152.53 -149.47 -125.25 -390.21
0.00 0.00 0.00 0.00 0.00 0.00 0.00 0.00 0.00 0.00 -35.32 -1.48 -0.01 -0.00 -0.00 0.00 -0.00 -0.00 -0.00 -2.78 -185.28 -35.55 -3.94 -1.58 -0.03 -0.00 -3.78 -3.19 -1.95 -54.14 -397.69 -140.92 -40.60 -29.81 -3.96 -0.35 -46.02 -42.93 -32.23 -193.25 -633.58 -309.39 -134.77 -119.24 -33.87 -8.27 -152.53 -149.47 -125.25 -390.21
0.00 0.00 0.00 0.00 0.00 0.00 0.00 0.00 0.00 0.00 -35.32 -1.48 -0.01 -0.00 -0.00 0.00 -0.00 -0.00 -0.00 -2.78 -185.28 -35.55 -3.94 -1.58 -0.03 -0.00 -3.78 -3.19 -1.95 -54.14 -397.69 -140.92 -40.60 -29.81 -3.96 -0.35 -46.02 -42.93 -32.23 -193.25 -633.58 -309.39 -134.77 -119.24 -33.87 -8.27 -152.53 -149.47 -125.25 -390.21
0.00 0.00 0.00 0.00 0.00 0.00 0.00 0.00 0.00 0.00 -35.32 -1.48 -0.01 -0.00 -0.00 0.00 -0.00 -0.00 -0.00 -2.78 -185.28 -35.55 -3.94 -1.58 -0.03 -0.00 -3.78 -3.19 -1.95 -54.14 -397.69 -140.92 -40.60 -29.81 -3.96 -0.35 -46.02 -42.93 -32.23 -193.25 -633.58 -309.39 -134.77 -119.24 -33.87 -8.27 -152.53 -149.47 -125.25 -390.21
0.00 0.00 0.00 0.00 0.00 0.00 0.00 0.00 0.00 0.00 -35.32 -1.48 -0.01 -0.00 -0.00 0.00 -0.00 -0.00 -0.00 -2.78 -185.28 -35.55 -3.94 -1.58 -0.03 -0.00 -3.78 -3.19 -1.95 -54.14 -397.69 -140.92 -40.60 -29.81 -3.96 -0.35 -46.02 -42.93 -32.23 -193.25 -633.58 -309.39 -134.77 -119.24 -33.87 -8.27 -152.53 -149.47 -125.25 -390.21
0.00 0.00 0.00 0.00 0.00 0.00 0.00 0.00 0.00 0.00 -35.32 -1.48 -0.01 -0.00 -0.00 0.00 -0.00 -0.00 -0.00 -2.78 -185.28 -35.55 -3.94 -1.58 -0.03 -0.00 -3.78 -3.19 -1.95 -54.14 -397.69 -140.92 -40.60 -29.81 -3.96 -0.35 -46.02 -42.93 -32.23 -193.25 -633.58 -309.39 -134.77 -119.24 -33.87 -8.27 -152.53 -149.47 -125.25 -390.21
0.00 0.00 0.00 0.00 0.00 0.00 0.00 0.00 0.00 0.00 -35.32 -1.48 -0.01 -0.00 -0.00 0.00 -0.00 -0.00 -0.00 -2.78 -185.28 -35.55 -3.94 -1.58 -0.03 -0.00 -3.78 -3.19 -1.95 -54.14 -397.69 -140.92 -40.60 -29.81 -3.96 -0.35 -46.02 -42.93 -32.23 -193.25 -633.58 -309.39 -134.77 -119.24 -33.87 -8.27 -152.53 -149.47 -125.25 -390.21
0.00 0.00 0.00 0.00 0.00 0.00 0.00 0.00 0.00 0.00 -35.32 -1.48 -0.01 -0.00 -0.00 0.00 -0.00 -0.00 -0.00 -2.78 -185.28 -35.55 -3.94 -1.58 -0.03 -0.00 -3.78 -3.19 -1.95 -54.14 -397.69 -140.92 -40.60 -29.81 -3.96 -0.35 -46.02 -42.93 -32.23 -193.25 -633.58 -309.39 -134.77 -119.24 -33.87 -8.27 -152.53 -149.47 -125.25 -390.21
0.00 0.00 0.00 0.00 0.00 0.00 0.00 0.00 0.00 0.00 -35.32 -1.48 -0.01 -0.00 -0.00 0.00 -0.00 -0.00 -0.00 -2.78 -185.28 -35.55 -3.94 -1.58 -0.03 -0.00 -3.78 -3.19 -1.95 -54.14 -397.69 -140.92 -40.60 -29.81 -3.96 -0.35 -46.02 -42.93 -32.23 -193.25 -633.58 -309.39 -134.77 -119.24 -33.87 -8.27 -152.53 -149.47 -125.25 -390.21
0.00 0.00 0.00 0.00 0.00 0.00 0.00 0.00 0.00 0.00 -35.32 -1.48 -0.01 -0.00 -0.00 0.00 -0.00 -0.00 -0.00 -2.78 -185.28 -35.55 -3.94 -1.58 -0.03 -0.00 -3.78 -3.19 -1.95 -54.14 -397.69 -140.92 -40.60 -29.81 -3.96 -0.35 -46.02 -42.93 -32.23 -193.25 -633.58 -309.39 -134.77 -119.24 -33.87 -8.27 -152.53 -149.47 -125.25 -390.21
0.00 0.00 0.00 0.00 0.00 0.00 0.00 0.00 0.00 0.00 -35.32 -1.48 -0.01 -0.00 -0.00 0.00 -0.00 -0.00 -0.00 -2.78 -185.28 -35.55 -3.94 -1.58 -0.03 -0.00 -3.78 -3.19 -1.95 -54.14 -397.69 -140.92 -40.60 -29.81 -3.96 -0.35 -46.02 -42.93 -32.23 -193.25 -633.58 -309.39 -134.77 -119.24 -33.87 -8.27 -152.53 -149.47 -125.25 -390.21
0.00 0.00 0.00 0.00 0.00 0.00 0.00 0.00 0.00 0.00 -35.32 -1.48 -0.01 -0.00 -0.00 0.00 -0.00 -0.00 -0.00 -2.78 -185.28 -35.55 -3.94 -1.58 -0.03 -0.00 -3.78 -3.19 -1.95 -54.14 -397.69 -140.92 -40.60 -29.81 -3.96 -0.35 -46.02 -42.93 -32.23 -193.25 -633.58 -309.39 -134.77 -119.24 -33.87 -8.27 -152.53 -149.47 -125.25 -390.21
0.00 0.00 0.00 0.00 0.00 0.00 0.00 0.00 0.00 0.00 -35.32 -1.48 -0.01 -0.00 -0.00 0.00 -0.00 -0.00 -0.00 -2.78 -185.28 -35.55 -3.94 -1.58 -0.03 -0.00 -3.78 -3.19 -1.95 -54.14 -397.69 -140.92 -40.60 -29.81 -3.96 -0.35 -46.02 -42.93 -32.23 -193.25 -633.58 -309.39 -134.77 -119.24 -33.87 -8.27 -152.53 -149.47 -125.25 -390.21
0.00 0.00 0.00 0.00 0.00 0.00 0.00 0.00 0.00 0.00 -35.32 -1.48 -0.01 -0.00 -0.00 0.00 -0.00 -0.00 -0.00 -2.78 -185.28 -35.55 -3.94 -1.58 -0.03 -0.00 -3.78 -3.19 -1.95 -54.14 -397.69 -140.92 -40.60 -29.81 -3.96 -0.35 -46.02 -42.93 -32.23 -193.25 -633.58 -309.39 -134.77 -119.24 -33.87 -8.27 -152.53 -149.47 -125.25 -390.21
0.00 0.00 0.00 0.00 0.00 0.00 0.00 0.00 0.00 0.00 -35.32 -1.48 -0.01 -0.00 -0.00 0.00 -0.00 -0.00 -0.00 -2.78 -185.28 -35.55 -3.94 -1.58 -0.03 -0.00 -3.78 -3.19 -1.95 -54.14 -397.69 -140.92 -40.60 -29.81 -3.96 -0.35 -46.02 -42.93 -32.23 -193.25 -633.58 -309.39 -134.77 -119.24 -33.87 -8.27 -152.53 -149.47 -125.25 -390.21
0.00 0.00 0.00 0.00 0.00 0.00 0.00 0.00 0.00 0.00 -35.32 -1.48 -0.01 -0.00 -0.00 0.00 -0.00 -0.00 -0.00 -2.78 -185.28 -35.55 -3.94 -1.58 -0.03 -0.00 -3.78 -3.19 -1.95 -54.14 -397.69 -140.92 -40.60 -29.81 -3.96 -0.35 -46.02 -42.93 -32.23 -193.25 -633.58 -309.39 -134.77 -119.24 -33.87 -8.27 -152.53 -149.47 -125.25 -390.21
0.00 0.00 0.00 0.00 0.00 0.00 0.00 0.00 0.00 0.00 -35.32 -1.48 -0.01 -0.00 -0.00 0.00 -0.00 -0.00 -0.00 -2.78 -185.28 -35.55 -3.94 -1.58 -0.03 -0.00 -3.78 -3.19 -1.95 -54.14 -397.69 -140.92 -40.60 -29.81 -3.96 -0.35 -46.02 -42.93 -32.23 -193.25 -633.58 -309.39 -134.77 -119.24 -33.87 -8.27 -152.53 -149.47 -125.25 -390.21
0.00 0.00 0.00 0.00 0.00 0.00 0.00 0.00 0.00 0.00 -35.32 -1.48 -0.01 -0.00 -0.00 0.00 -0.00 -0.00 -0.00 -2.78 -185.28 -35.55 -3.94 -1.58 -0.03 -0.00 -3.78 -3.19 -1.95 -54.14 -397.69 -140.92 -40.60 -29.81 -3.96 -0.35 -46.02 -42.93 -32.23 -193.25 -633.58 -309.39 -134.77 -119.24 -33.87 -8.27 -152.53 -149.47 -125.25 -390.21
0.00 0.00 0.00 0.00 0.00 0.00 0.00 0.00 0.00 0.00 -35.32 -1.48 -0.01 -0.00 -0.00 0.00 -0.00 -0.00 -0.00 -2.78 -185.28 -35.55 -3.94 -1.58 -0.03 -0.00 -3.78 -3.19 -1.95 -54.14 -397.69 -140.92 -40.60 -29.81 -3.96 -0.35 -46.02 -42.93 -32.23 -193.25 -633.58 -309.39 -134.77 -119.24 -33.87 -8.27 -152.53 -149.47 -125.25 -390.21
0.00 0.00 0.00 0.00 0.00 0.00 0.00 0.00 0.00 0.00 -35.32 -1.48 -0.01 -0.00 -0.00 0.00 -0.00 -0.00 -0.00 -2.78 -185.28 -35.55 -3.94 -1.58 -0.03 -0.00 -3.78 -3.19 -1.95 -54.14 -397.69 -140.92 -40.60 -29.81 -3.96 -0.35 -46.02 -42.93 -32.23 -193.25 -633.58 -309.39 -134.77 -119.24 -33.87 -8.27 -152.53 -149.47 -125.25 -390.21
0.00 0.00 0.00 0.00 0.00 0.00 0.00 0.00 0.00 0.00 -35.32 -1.48 -0.01 -0.00 -0.00 0.00 -0.00 -0.00 -0.00 -2.78 -185.28 -35.55 -3.94 -1.58 -0.03 -0.00 -3.78 -3.19 -1.95 -54.14 -397.69 -140.92 -40.60 -29.81 -3.96 -0.35 -46.02 -42.93 -32.23 -193.25 -633.58 -309.39 -134.77 -119.24 -33.87 -8.27 -152.53 -149.47 -125.25 -390.21
0.00 0.00 0.00 0.00 0.00 0.00 0.00 0.00 0.00 0.00 -35.32 -1.48 -0.01 -0.00 -0.00 0.00 -0.00 -0.00 -0.00 -2.78 -185.28 -35.55 -3.94 -1.58 -0.03 -0.00 -3.78 -3.19 -1.95 -54.14 -397.69 -140.92 -40.60 -29.81 -3.96 -0.35 -46.02 -42.93 -32.23 -193.25 -633.58 -309.39 -134.77 -119.24 -33.87 -8.27 -152.53 -149.47 -125.25 -390.21
0.00 0.00 0.00 0.00 0.00 0.00 0.00 0.00 0.00 0.00 -35.32 -1.48 -0.01 -0.00 -0.00 0.00 -0.00 -0.00 -0.00 -2.78 -185.28 -35.55 -3.94 -1.58 -0.03 -0.00 -3.78 -3.19 -1.95 -54.14 -397.69 -140.92 -40.60 -29.81 -3.96 -0.35 -46.02 -42.93 -32.23 -193.25 -633.58 -309.39 -134.77 -119.24 -33.87 -8.27 -152.53 -149.47 -125.25 -390.21
0.00 0.00 0.00 0.00 0.00 0.00 0.00 0.00 0.00 0.00 -35.32 -1.48 -0.01 -0.00 -0.00 0.00 -0.00 -0.00 -0.00 -2.78 -185.28 -35.55 -3.94 -1.58 -0.03 -0.00 -3.78 -3.19 -1.95 -54.14 -397.69 -140.92 -40.60 -29.81 -3.96 -0.35 -46.02 -42.93 -32.23 -193.25 -633.58 -309.39 -134.77 -119.24 -33.87 -8.27 -152.53 -149.47 -125.25 -390.21
0.00 0.00 0.00 0.00 0.00 0.00 0.00 0.00 0.00 0.00 -35.32 -1.48 -0.01 -0.00 -0.00 0.00 -0.00 -0.00 -0.00 -2.78 -185.28 -35.55 -3.94 -1.58 -0.03 -0.00 -3.78 -3.19 -1.95 -54.14 -397.69 -140.92 -40.60 -29.81 -3.96 -0.35 -46.02 -42.93 -32.23 -193.25 -633.58 -309.39 -134.77 -119.24 -33.87 -8.27 -152.53 -149.47 -125.25 -390.21
0.00 0.00 0.00 0.00 0.00 0.00 0.00 0.00 0.00 0.00 -35.32 -1.48 -0.01 -0.00 -0.00 0.00 -0.00 -0.00 -0.00 -2.78 -185.28 -35.55 -3.94 -1.58 -0.03 -0.00 -3.78 -3.19 -1.95 -54.14 -397.69 -140.92 -40.60 -29.81 -3.96 -0.35 -46.02 -42.93 -32.23 -193.25 -633.58 -309.39 -134.77 -119.24 -33.87 -8.27 -152.53 -149.47 -125.25 -390.21
0.00 0.00 0.00 0.00 0.00 0.00 0.00 0.00 0.00 0.00 -35.32 -1.48 -0.01 -0.00 -0.00 0.00 -0.00 -0.00 -0.00 -2.78 -185.28 -35.55 -3.94 -1.58 -0.03 -0.00 -3.78 -3.19 -1.95 -54.14 -397.69 -140.92 -40.60 -29.81 -3.96 -0.35 -46.02 -42.93 -32.23 -193.25 -633.58 -309.39 -134.77 -119.24 -33.87 -8.27 -152.53 -149.47 -125.25 -390.21
0.00 0.00 0.00 0.00 0.00 0.00 0.00 0.00 0.00 0.00 -35.32 -1.48 -0.01 -0.00 -0.00 0.00 -0.00 -0.00 -0.00 -2.78 -185.28 -35.55 -3.94 -1.58 -0.03 -0.00 -3.78 -3.19 -1.95 -54.14 -397.69 -140.92 -40.60 -29.81 -3.96 -0.35 -46.02 -42.93 -32.23 -193.25 -633.58 -309.39 -134.77 -119.24 -33.87 -8.27 -152.53 -149.47 -125.25 -390.21
0.00 0.00 0.00 0.00 0.00 0.00 0.00 0.00 0.00 0.00 -35.32 -1.48 -0.01 -0.00 -0.00 0.00 -0.00 -0.00 -0.00 -2.78 -185.28 -35.55 -3.94 -1.58 -0.03 -0.00 -3.78 -3.19 -1.95 -54.14 -397.69 -140.92 -40.60 -29.81 -3.96 -0.35 -46.02 -42.93 -32.23 -193.25 -633.58 -309.39 -134.77 -119.24 -33.87 -8.27 -152.53 -149.47 -125.25 -390.21
0.00 0.00 0.00 0.00 0.00 0.00 0.00 0.00 0.00 0.00 -35.32 -1.48 -0.01 -0.00 -0.00 0.00 -0.00 -0.00 -0.00 -2.78 -185.28 -35.55 -3.94 -1.58 -0.03 -0.00 -3.78 -3.19 -1.95 -54.14 -397.69 -140.92 -40.60 -29.81 -3.96 -0.35 -46.02 -42.93 -32.23 -193.25 -633.58 -309.39 -134.77 -119.24 -33.87 -8.27 -152.53 -149.47 -125.25 -390.21
0.00 0.00 0.00 0.00 0.00 0.00 0.00 0.00 0.00 0.00 -35.32 -1.48 -0.01 -0.00 -0.00 0.00 -0.00 -0.00 -0.00 -2.78 -185.28 -35.55 -3.94 -1.58 -0.03 -0.00 -3.78 -3.19 -1.95 -54.14 -397.69 -140.92 -40.60 -29.81 -3.96 -0.35 -46.02 -42.93 -32.23 -193.25 -633.58 -309.39 -134.77 -119.24 -33.87 -8.27 -152.53 -149.47 -125.25 -390.21
0.00 0.00 0.00 0.00 0.00 0.00 0.00 0.00 0.00 0.00 -35.32 -1.48 -0.01 -0.00 -0.00 0.00 -0.00 -0.00 -0.00 -2.78 -185.28 -35.55 -3.94 -1.58 -0.03 -0.00 -3.78 -3.19 -1.95 -54.14 -397.69 -140.92 -40.60 -29.81 -3.96 -0.35 -46.02 -42.93 -32.23 -193.25 -633.58 -309.39 -134.77 -119.24 -33.87 -8.27 -152.53 -149.47 -125.25 -390.21
0.00 0.00 0.00 0.00 0.00 0.00 0.00 0.00 0.00 0.00 -35.32 -1.48 -0.01 -0.00 -0.00 0.00 -0.00 -0.00 -0.00 -2.78 -185.28 -35.55 -3.94 -1.58 -0.03 -0.00 -3.78 -3.19 -1.95 -54.14 -397.69 -140.92 -40.60 -29.81 -3.96 -0.35 -46.02 -42.93 -32.23 -193.25 -633.58 -309.39 -134.77 -119.24 -33.87 -8.27 -152.53 -149.47 -125.25 -390.21
0.00 0.00 0.00 0.00 0.00 0.00 0.00 0.00 0.00 0.00 -35.32 -1.48 -0.01 -0.00 -0.00 0.00 -0.00 -0.00 -0.00 -2.78 -185.28 -35.55 -3.94 -1.58 -0.03 -0.00 -3.78 -3.19 -1.95 -54.14 -397.69 -140.92 -40.60 -29.81 -3.96 -0.35 -46.02 -42.93 -32.23 -193.25 -633.58 -309.39 -134.77 -119.24 -33.87 -8.27 -152.53 -149.47 -125.25 -390.21
0.00 0.00 0.00 0.00 0.00 0.00 0.00 0.00 0.00 0.00 -35.32 -1.48 -0.01 -0.00 -0.00 0.00 -0.00 -0.00 -0.00 -2.78 -185.28 -35.55 -3.94 -1.58 -0.03 -0.00 -3.78 -3.19 -1.95 -54.14 -397.69 -140.92 -40.60 -29.81 -3.96 -0.35 -46.02 -42.93 -32.23 -193.25 -633.58 -309.39 -134.77 -119.24 -33.87 -8.27 -152.53 -149.47 -125.25 -390.21
0.00 0.00 0.00 0.00 0.00 0.00 0.00 0.00 0.00 0.00 -35.32 -1.48 -0.01 -0.00 -0.00 0.00 -0.00 -0.00 -0.00 -2.78 -185.28 -35.55 -3.94 -1.58 -0.03 -0.00 -3.78 -3.19 -1.95 -54.14 -397.69 -140.92 -40.60 -29.81 -3.96 -0.35 -46.02 -42.93 -32.23 -193.25 -633.58 -309.39 -134.77 -119.24 -33.87 -8.27 -152.53 -149.47 -125.25 -390.21
0.00 0.00 0.00 0.00 0.00 0.00 0.00 0.00 0.00 0.00 -35.32 -1.48 -0.01 -0.00 -0.00 0.00 -0.00 -0.00 -0.00 -2.78 -185.28 -35.55 -3.94 -1.58 -0.03 -0.00 -3.78 -3.19 -1.95 -54.14 -397.69 -140.92 -40.60 -29.81 -3.96 -0.35 -46.02 -42.93 -32.23 -193.25 -633.58 -309.39 -134.77 -119.24 -33.87 -8.27 -152.53 -149.47 -125.25 -390.21
0.00 0.00 0.00 0.00 0.00 0.00 0.00 0.00 0.00 0.00 -35.32 -1.48 -0.01 -0.00 -0.00 0.00 -0.00 -0.00 -0.00 -2.78 -185.28 -35.55 -3.94 -1.58 -0.03 -0.00 -3.78 -3.19 -1.95 -54.14 -397.69 -140.92 -40.60 -29.81 -3.96 -0.35 -46.02 -42.93 -32.23 -193.25 -633.58 -309.39 -134.77 -119.24 -33.87 -8.27 -152.53 -149.47 -125.25 -390.21
0.00 0.00 0.00 0.00 0.00 0.00 0.00 0.00 0.00 0.00 -35.32 -1.48 -0.01 -0.00 -0.00 0.00 -0.00 -0.00 -0.00 -2.78 -185.28 -35.55 -3.94 -1.58 -0.03 -0.00 -3.78 -3.19 -1.95 -54.14 -397.69 -140.92 -40.60 -29.81 -3.96 -0.35 -46.02 -42.93 -32.23 -193.25 -633.58 -309.39 -134.77 -119.24 -33.87 -8.27 -152.53 -149.47 -125.25 -390.21
0.00 0.00 0.00 0.00 0.00 0.00 0.00 0.00 0.00 0.00 -35.32 -1.48 -0.01 -0.00 -0.00 0.00 -0.00 -0.00 -0.00 -2.78 -185.28 -35.55 -3.94 -1.58 -0.03 -0.00 -3.78 -3.19 -1.95 -54.14 -397.69 -140.92 -40.60 -29.81 -3.96 -0.35 -46.02 -42.93 -32.23 -193.25 -633.58 -309.39 -134.77 -119.24 -33.87 -8.27 -152.53 -149.47 -125.25 -390.21
0.00 0.00 0.00 0.00 0.00 0.00 0.00 0.00 0.00 0.00 -35.32 -1.48 -0.01 -0.00 -0.00 0.00 -0.00 -0.00 -0.00 -2.78 -185.28 -35.55 -3.94 -1.58 -0.03 -0.00 -3.78 -3.19 -1.95 -54.14 -397.69 -140.92 -40.60 -29.81 -3.96 -0.35 -46.02 -42.93 -32.23 -193.25 -633.58 -309.39 -134.77 -119.24 -33.87 -8.27 -152.53 -149.47 -125.25 -390.21
0.00 0.00 0.00 0.00 0.00 0.00 0.00 0.00 0.00 0.00 -35.32 -1.48 -0.01 -0.00 -0.00 0.00 -0.00 -0.00 -0.00 -2.78 -185.28 -35.55 -3.94 -1.58 -0.03 -0.00 -3.78 -3.19 -1.95 -54.14 -397.69 -140.92 -40.60 -29.81 -3.96 -0.35 -46.02 -42.93 -32.23 -193.25 -633.58 -309.39 -134.77 -119.24 -33.87 -8.27 -152.53 -149.47 -125.25 -390.21
0.00 0.00 0.00 0.00 0.00 0.00 0.00 0.00 0.00 0.00 -35.32 -1.48 -0.01 -0.00 -0.00 0.00 -0.00 -0.00 -0.00 -2.78 -185.28 -35.55 -3.94 -1.58 -0.03 -0.00 -3.78 -3.19 -1.95 -54.14 -397.69 -140.92 -40.60 -29.81 -3.96 -0.35 -46.02 -42.93 -32.23 -193.25 -633.58 -309.39 -134.77 -119.24 -33.87 -8.27 -152.53 -149.47 -125.25 -390.21
0.00 0.00 0.00 0.00 0.00 0.00 0.00 0.00 0.00 0.00 -35.32 -1.48 -0.01 -0.00 -0.00 0.00 -0.00 -0.00 -0.00 -2.78 -185.28 -35.55 -3.94 -1.58 -0.03 -0.00 -3.78 -3.19 -1.95 -54.14 -397.69 -140.92 -40.60 -29.81 -3.96 -0.35 -46.02 -42.93 -32.23 -193.25 -633.58 -309.39 -134.77 -119.24 -33.87 -8.27 -152.53 -149.47 -125.25 -390.21
0.00 0.00 0.00 0.00 0.00 0.00 0.00 0.00 0.00 0.00 -35.32 -1.48 -0.01 -0.00 -0.00 0.00 -0.00 -0.00 -0.00 -2.78 -185.28 -35.55 -3.94 -1.58 -0.03 -0.00 -3.78 -3.19 -1.95 -54.14 -397.69 -140.92 -40.60 -29.81 -3.96 -0.35 -46.02 -42.93 -32.23 -193.25 -633.58 -309.39 -134.77 -119.24 -33.87 -8.27 -152.53 -149.47 -125.25 -390.21
0.00 0.00 0.00 0.00 0.00 0.00 0.00 0.00 0.00 0.00 -35.32 -1.48 -0.01 -0.00 -0.00 0.00 -0.00 -0.00 -0.00 -2.78 -185.28 -35.55 -3.94 -1.58 -0.03 -0.00 -3.78 -3.19 -1.95 -54.14 -397.69 -140.92 -40.60 -29.81 -3.96 -0.35 -46.02 -42.93 -32.23 -193.25 -633.58 -309.39 -134.77 -119.24 -33.87 -8.27 -152.53 -149.47 -125.25 -390.21
0.00 0.00 0.00 0.00 0.00 0.00 0.00 0.00 0.00 0.00 -35.32 -1.48 -0.01 -0.00 -0.00 0.00 -0.00 -0.00 -0.00 -2.78 -185.28 -35.55 -3.94 -1.58 -0.03 -0.00 -3.78 -3.19 -1.95 -54.14 -397.69 -140.92 -40.60 -29.81 -3.96 -0.35 -46.02 -42.93 -32.23 -193.25 -633.58 -309.39 -134.77 -119.24 -33.87 -8.27 -152.53 -149.47 -125.25 -390.21
0.00 0.00 0.00 0.00 0.00 0.00 0.00 0.00 0.00 0.00 -35.32 -1.48 -0.01 -0.00 -0.00 0.00 -0.00 -0.00 -0.00 -2.78 -185.28 -35.55 -3.94 -1.58 -0.03 -0.00 -3.78 -3.19 -1.95 -54.14 -397.69 -140.92 -40.60 -29.81 -3.96 -0.35 -46.02 -42.93 -32.23 -193.25 -633.58 -309.39 -134.77 -119.24 -33.87 -8.27 -152.53 -149.47 -125.25 -390.21
0.00 0.00 0.00 0.00 0.00 0.00 0.00 0.00 0.00 0.00 -35.32 -1.48 -0.01 -0.00 -0.00 0.00 -0.00 -0.00 -0.00 -2.78 -185.28 -35.55 -3.94 -1.58 -0.03 -0.00 -3.78 -3.19 -1.95 -54.14 -397.69 -140.92 -40.60 -29.81 -3.96 -0.35 -46.02 -42.93 -32.23 -193.25 -633.58 -309.39 -134.77 -119.24 -33.87 -8.27 -152.53 -149.47 -125.25 -390.21
0.00 0.00 0.00 0.00 0.00 0.00 0.00 0.00 0.00 0.00 -35.32 -1.48 -0.01 -0.00 -0.00 0.00 -0.00 -0.00 -0.00 -2.78 -185.28 -35.55 -3.94 -1.58 -0.03 -0.00 -3.78 -3.19 -1.95 -54.14 -397.69 -140.92 -40.60 -29.81 -3.96 -0.35 -46.02 -42.93 -32.23 -193.25 -633.58 -309.39 -134.77 -119.24 -33.87 -8.27 -152.53 -149.47 -125.25 -390.21
0.00 0.00 0.00 0.00 0.00 0.00 0.00 0.00 0.00 0.00 -35.32 -1.48 -0.01 -0.00 -0.00 0.00 -0.00 -0.00 -0.00 -2.78 -185.28 -35.55 -3.94 -1.58 -0.03 -0.00 -3.78 -3.19 -1.95 -54.14 -397.69 -140.92 -40.60 -29.81 -3.96 -0.35 -46.02 -42.93 -32.23 -193.25 -633.58 -309.39 -134.77 -119.24 -33.87 -8.27 -152.53 -149.47 -125.25 -390.21
0.00 0.00 0.00 0.00 0.00 0.00 0.00 0.00 0.00 0.00 -35.32 -1.48 -0.01 -0.00 -0.00 0.00 -0.00 -0.00 -0.00 -2.78 -185.28 -35.55 -3.94 -1.58 -0.03 -0.00 -3.78 -3.19 -1.95 -54.14 -397.69 -140.92 -40.60 -29.81 -3.96 -0.35 -46.02 -42.93 -32.23 -193.25 -633.58 -309.39 -134.77 -119.24 -33.87 -8.27 -152.53 -149.47 -125.25 -390.21
0.00 0.00 0.00 0.00 0.00 0.00 0.00 0.00 0.00 0.00 -35.32 -1.48 -0.01 -0.00 -0.00 0.00 -0.00 -0.00 -0.00 -2.78 -185.28 -35.55 -3.94 -1.58 -0.03 -0.00 -3.78 -3.19 -1.95 -54.14 -397.69 -140.92 -40.60 -29.81 -3.96 -0.35 -46.02 -42.93 -32.23 -193.25 -633.58 -309.39 -134.77 -119.24 -33.87 -8.27 -152.53 -149.47 -125.25 -390.21
0.00 0.00 0.00 0.00 0.00 0.00 0.00 0.00 0.00 0.00 -35.32 -1.48 -0.01 -0.00 -0.00 0.00 -0.00 -0.00 -0.00 -2.78 -185.28 -35.55 -3.94 -1.58 -0.03 -0.00 -3.78 -3.19 -1.95 -54.14 -397.69 -140.92 -40.60 -29.81 -3.96 -0.35 -46.02 -42.93 -32.23 -193.25 -633.58 -309.39 -134.77 -119.24 -33.87 -8.27 -152.53 -149.47 -125.25 -390.21
0.00 0.00 0.00 0.00 0.00 0.00 0.00 0.00 0.00 0.00 -35.32 -1.48 -0.01 -0.00 -0.00 0.00 -0.00 -0.00 -0.00 -2.78 -185.28 -35.55 -3.94 -1.58 -0.03 -0.00 -3.78 -3.19 -1.95 -54.14 -397.69 -140.92 -40.60 -29.81 -3.96 -0.35 -46.02 -42.93 -32.23 -193.25 -633.58 -309.39 -134.77 -119.24 -33.87 -8.27 -152.53 -149.47 -125.25 -390.21
0.00 0.00 0.00 0.00 0.00 0.00 0.00 0.00 0.00 0.00 -35.32 -1.48 -0.01 -0.00 -0.00 0.00 -0.00 -0.00 -0.00 -2.78 -185.28 -35.55 -3.94 -1.58 -0.03 -0.00 -3.78 -3.19 -1.95 -54.14 -397.69 -140.92 -40.60 -29.81 -3.96 -0.35 -46.02 -42.93 -32.23 -193.25 -633.58 -309.39 -134.77 -119.24 -33.87 -8.27 -152.53 -149.47 -125.25 -390.21
0.00 0.00 0.00 0.00 0.00 0.00 0.00 0.00 0.00 0.00 -35.32 -1.48 -0.01 -0.00 -0.00 0.00 -0.00 -0.00 -0.00 -2.78 -185.28 -35.55 -3.94 -1.58 -0.03 -0.00 -3.78 -3.19 -1.95 -54.14 -397.69 -140.92 -40.60 -29.81 -3.96 -0.35 -46.02 -42.93 -32.23 -193.25 -633.58 -309.39 -134.77 -119.24 -33.87 -8.27 -152.53 -149.47 -125.25 -390.21
0.00 0.00 0.00 0.00 0.00 0.00 0.00 0.00 0.00 0.00 -35.32 -1.48 -0.01 -0.00 -0.00 0.00 -0.00 -0.00 -0.00 -2.78 -185.28 -35.55 -3.94 -1.58 -0.03 -0.00 -3.78 -3.19 -1.95 -54.14 -397.69 -140.92 -40.60 -29.81 -3.96 -0.35 -46.02 -42.93 -32.23 -193.25 -633.58 -309.39 -134.77 -119.24 -33.87 -8.27 -152.53 -149.47 -125.25 -390.21
0.00 0.00 0.00 0.00 0.00 0.00 0.00 0.00 0.00 0.00 -37.34 -1.73 -0.01 -0.00 -0.00 0.00 -0.00 -0.00 -0.00 -3.17 -192.04 -39.40 -5.02 -2.44 -0.07 -0.00 -4.30 -4.57 -2.85 -59.63 -407.78 -152.07 -47.45 -36.48 -6.59 -0.59 -50.19 -51.17 -41.50 -206.07 -645.48 -328.05 -153.39 -137.90 -46.99 -12.09 -168.66 -167.58 -149.96 -408.38
0.00 0.00 0.00 0.00 0.00 0.00 0.00 0.00 0.00 0.00 -37.34 -1.73 -0.01 -0.00 -0.00 0.00 -0.00 -0.00 -0.00 -3.17 -192.04 -39.40 -5.02 -2.44 -0.07 -0.00 -4.30 -4.57 -2.85 -59.63 -407.78 -152.07 -47.45 -36.48 -6.59 -0.59 -50.19 -51.17 -41.50 -206.07 -645.48 -328.05 -153.39 -137.90 -46.99 -12.09 -168.66 -167.58 -149.96 -408.38
0.00 0.00 0.00 0.00 0.00 0.00 0.00 0.00 0.00 0.00 -37.34 -1.73 -0.01 -0.00 -0.00 0.00 -0.00 -0.00 -0.00 -3.17 -192.04 -39.40 -5.02 -2.44 -0.07 -0.00 -4.30 -4.57 -2.85 -59.63 -407.78 -152.07 -47.45 -36.48 -6.59 -0.59 -50.19 -51.17 -41.50 -206.07 -645.48 -328.05 -153.39 -137.90 -46.99 -12.09 -168.66 -167.58 -149.96 -408.38
0.00 0.00 0.00 0.00 0.00 0.00 0.00 0.00 0.00 0.00 -37.34 -1.73 -0.01 -0.00 -0.00 0.00 -0.00 -0.00 -0.00 -3.17 -192.04 -39.40 -5.02 -2.44 -0.07 -0.00 -4.30 -4.57 -2.85 -59.63 -407.78 -152.07 -47.45 -36.48 -6.59 -0.59 -50.19 -51.17 -41.50 -206.07 -645.48 -328.05 -153.39 -137.90 -46.99 -12.09 -168.66 -167.58 -149.96 -408.38
0.00 0.00 0.00 0.00 0.00 0.00 0.00 0.00 0.00 0.00 -37.34 -1.73 -0.01 -0.00 -0.00 0.00 -0.00 -0.00 -0.00 -3.17 -192.04 -39.40 -5.02 -2.44 -0.07 -0.00 -4.30 -4.57 -2.85 -59.63 -407.78 -152.07 -47.45 -36.48 -6.59 -0.59 -50.19 -51.17 -41.50 -206.07 -645.48 -328.05 -153.39 -137.90 -46.99 -12.09 -168.66 -167.58 -149.96 -408.38
0.00 0.00 0.00 0.00 0.00 0.00 0.00 0.00 0.00 0.00 -37.34 -1.73 -0.01 -0.00 -0.00 0.00 -0.00 -0.00 -0.00 -3.17 -192.04 -39.40 -5.02 -2.44 -0.07 -0.00 -4.30 -4.57 -2.85 -59.63 -407.78 -152.07 -47.45 -36.48 -6.59 -0.59 -50.19 -51.17 -41.50 -206.07 -645.48 -328.05 -153.39 -137.90 -46.99 -12.09 -168.66 -167.58 -149.96 -408.38
0.00 0.00 0.00 0.00 0.00 0.00 0.00 0.00 0.00 0.00 -37.34 -1.73 -0.01 -0.00 -0.00 0.00 -0.00 -0.00 -0.00 -3.17 -192.04 -39.40 -5.02 -2.44 -0.07 -0.00 -4.30 -4.57 -2.85 -59.63 -407.78 -152.07 -47.45 -36.48 -6.59 -0.59 -50.19 -51.17 -41.50 -206.07 -645.48 -328.05 -153.39 -137.90 -46.99 -12.09 -168.66 -167.58 -149.96 -408.38
0.00 0.00 0.00 0.00 0.00 0.00 0.00 0.00 0.00 0.00 -37.34 -1.73 -0.01 -0.00 -0.00 0.00 -0.00 -0.00 -0.00 -3.17 -192.04 -39.40 -5.02 -2.44 -0.07 -0.00 -4.30 -4.57 -2.85 -59.63 -407.78 -152.07 -47.45 -36.48 -6.59 -0.59 -50.19 -51.17 -41.50 -206.07 -645.48 -328.05 -153.39 -137.90 -46.99 -12.09 -168.66 -167.58 -149.96 -408.38
0.00 0.00 0.00 0.00 0.00 0.00 0.00 0.00 0.00 0.00 -37.34 -1.73 -0.01 -0.00 -0.00 0.00 -0.00 -0.00 -0.00 -3.17 -192.04 -39.40 -5.02 -2.44 -0.07 -0.00 -4.30 -4.57 -2.85 -59.63 -407.78 -152.07 -47.45 -36.48 -6.59 -0.59 -50.19 -51.17 -41.50 -206.07 -645.48 -328.05 -153.39 -137.90 -46.99 -12.09 -168.66 -167.58 -149.96 -408.38
0.00 0.00 0.00 0.00 0.00 0.00 0.00 0.00 0.00 0.00 -37.34 -1.73 -0.01 -0.00 -0.00 0.00 -0.00 -0.00 -0.00 -3.17 -192.04 -39.40 -5.02 -2.44 -0.07 -0.00 -4.30 -4.57 -2.85 -59.63 -407.78 -152.07 -47.45 -36.48 -6.59 -0.59 -50.19 -51.17 -41.50 -206.07 -645.48 -328.05 -153.39 -137.90 -46.99 -12.09 -168.66 -167.58 -149.96 -408.38
0.00 0.00 0.00 0.00 0.00 0.00 0.00 0.00 0.00 0.00 -37.34 -1.73 -0.01 -0.00 -0.00 0.00 -0.00 -0.00 -0.00 -3.17 -192.04 -39.40 -5.02 -2.44 -0.07 -0.00 -4.30 -4.57 -2.85 -59.63 -407.78 -152.07 -47.45 -36.48 -6.59 -0.59 -50.19 -51.17 -41.50 -206.07 -645.48 -328.05 -153.39 -137.90 -46.99 -12.09 -168.66 -167.58 -149.96 -408.38
0.00 0.00 0.00 0.00 0.00 0.00 0.00 0.00 0.00 0.00 -37.34 -1.73 -0.01 -0.00 -0.00 0.00 -0.00 -0.00 -0.00 -3.17 -192.04 -39.40 -5.02 -2.44 -0.07 -0.00 -4.30 -4.57 -2.85 -59.63 -407.78 -152.07 -47.45 -36.48 -6.59 -0.59 -50.19 -51.17 -41.50 -206.07 -645.48 -328.05 -153.39 -137.90 -46.99 -12.09 -168.66 -167.58 -149.96 -408.38
0.00 0.00 0.00 0.00 0.00 0.00 0.00 0.00 0.00 0.00 -37.34 -1.73 -0.01 -0.00 -0.00 0.00 -0.00 -0.00 -0.00 -3.17 -192.04 -39.40 -5.02 -2.44 -0.07 -0.00 -4.30 -4.57 -2.85 -59.63 -407.78 -152.07 -47.45 -36.48 -6.59 -0.59 -50.19 -51.17 -41.50 -206.07 -645.48 -328.05 -153.39 -137.90 -46.99 -12.09 -168.66 -167.58 -149.96 -408.38
0.00 0.00 0.00 0.00 0.00 0.00 0.00 0.00 0.00 0.00 -37.34 -1.73 -0.01 -0.00 -0.00 0.00 -0.00 -0.00 -0.00 -3.17 -192.04 -39.40 -5.02 -2.44 -0.07 -0.00 -4.30 -4.57 -2.85 -59.63 -407.78 -152.07 -47.45 -36.48 -6.59 -0.59 -50.19 -51.17 -41.50 -206.07 -645.48 -328.05 -153.39 -137.90 -46.99 -12.09 -168.66 -167.58 -149.96 -408.38
0.00 0.00 0.00 0.00 0.00 0.00 0.00 0.00 0.00 0.00 -37.34 -1.73 -0.01 -0.00 -0.00 0.00 -0.00 -0.00 -0.00 -3.17 -192.04 -39.40 -5.02 -2.44 -0.07 -0.00 -4.30 -4.57 -2.85 -59.63 -407.78 -152.07 -47.45 -36.48 -6.59 -0.59 -50.19 -51.17 -41.50 -206.07 -645.48 -328.05 -153.39 -137.90 -46.99 -12.09 -168.66 -167.58 -149.96 -408.38
0.00 0.00 0.00 0.00 0.00 0.00 0.00 0.00 0.00 0.00 -37.34 -1.73 -0.01 -0.00 -0.00 0.00 -0.00 -0.00 -0.00 -3.17 -192.04 -39.40 -5.02 -2.44 -0.07 -0.00 -4.30 -4.57 -2.85 -59.63 -407.78 -152.07 -47.45 -36.48 -6.59 -0.59 -50.19 -51.17 -41.50 -206.07 -645.48 -328.05 -153.39 -137.90 -46.99 -12.09 -168.66 -167.58 -149.96 -408.38
0.00 0.00 0.00 0.00 0.00 0.00 0.00 0.00 0.00 0.00 -37.34 -1.73 -0.01 -0.00 -0.00 0.00 -0.00 -0.00 -0.00 -3.17 -192.04 -39.40 -5.02 -2.44 -0.07 -0.00 -4.30 -4.57 -2.85 -59.63 -407.78 -152.07 -47.45 -36.48 -6.59 -0.59 -50.19 -51.17 -41.50 -206.07 -645.48 -328.05 -153.39 -137.90 -46.99 -12.09 -168.66 -167.58 -149.96 -408.38
0.00 0.00 0.00 0.00 0.00 0.00 0.00 0.00 0.00 0.00 -37.34 -1.73 -0.01 -0.00 -0.00 0.00 -0.00 -0.00 -0.00 -3.17 -192.04 -39.40 -5.02 -2.44 -0.07 -0.00 -4.30 -4.57 -2.85 -59.63 -407.78 -152.07 -47.45 -36.48 -6.59 -0.59 -50.19 -51.17 -41.50 -206.07 -645.48 -328.05 -153.39 -137.90 -46.99 -12.09 -168.66 -167.58 -149.96 -408.38
0.00 0.00 0.00 0.00 0.00 0.00 0.00 0.00 0.00 0.00 -37.34 -1.73 -0.01 -0.00 -0.00 0.00 -0.00 -0.00 -0.00 -3.17 -192.04 -39.40 -5.02 -2.44 -0.07 -0.00 -4.30 -4.57 -2.85 -59.63 -407.78 -152.07 -47.45 -36.48 -6.59 -0.59 -50.19 -51.17 -41.50 -206.07 -645.48 -328.05 -153.39 -137.90 -46.99 -12.09 -168.66 -167.58 -149.96 -408.38
0.00 0.00 0.00 0.00 0.00 0.00 0.00 0.00 0.00 0.00 -37.34 -1.73 -0.01 -0.00 -0.00 0.00 -0.00 -0.00 -0.00 -3.17 -192.04 -39.40 -5.02 -2.44 -0.07 -0.00 -4.30 -4.57 -2.85 -59.63 -407.78 -152.07 -47.45 -36.48 -6.59 -0.59 -50.19 -51.17 -41.50 -206.07 -645.48 -328.05 -153.39 -137.90 -46.99 -12.09 -168.66 -167.58 -149.96 -408.38
0.00 0.00 0.00 0.00 0.00 0.00 0.00 0.00 0.00 0.00 -37.34 -1.73 -0.01 -0.00 -0.00 0.00 -0.00 -0.00 -0.00 -3.17 -192.04 -39.40 -5.02 -2.44 -0.07 -0.00 -4.30 -4.57 -2.85 -59.63 -407.78 -152.07 -47.45 -36.48 -6.59 -0.59 -50.19 -51.17 -41.50 -206.07 -645.48 -328.05 -153.39 -137.90 -46.99 -12.09 -168.66 -167.58 -149.96 -408.38
0.00 0.00 0.00 0.00 0.00 0.00 0.00 0.00 0.00 0.00 -37.34 -1.73 -0.01 -0.00 -0.00 0.00 -0.00 -0.00 -0.00 -3.17 -192.04 -39.40 -5.02 -2.44 -0.07 -0.00 -4.30 -4.57 -2.85 -59.63 -407.78 -152.07 -47.45 -36.48 -6.59 -0.59 -50.19 -51.17 -41.50 -206.07 -645.48 -328.05 -153.39 -137.90 -46.99 -12.09 -168.66 -167.58 -149.96 -408.38
0.00 0.00 0.00 0.00 0.00 0.00 0.00 0.00 0.00 0.00 -37.34 -1.73 -0.01 -0.00 -0.00 0.00 -0.00 -0.00 -0.00 -3.17 -192.04 -39.40 -5.02 -2.44 -0.07 -0.00 -4.30 -4.57 -2.85 -59.63 -407.78 -152.07 -47.45 -36.48 -6.59 -0.59 -50.19 -51.17 -41.50 -206.07 -645.48 -328.05 -153.39 -137.90 -46.99 -12.09 -168.66 -167.58 -149.96 -408.38
0.00 0.00 0.00 0.00 0.00 0.00 0.00 0.00 0.00 0.00 -37.34 -1.73 -0.01 -0.00 -0.00 0.00 -0.00 -0.00 -0.00 -3.17 -192.04 -39.40 -5.02 -2.44 -0.07 -0.00 -4.30 -4.57 -2.85 -59.63 -407.78 -152.07 -47.45 -36.48 -6.59 -0.59 -50.19 -51.17 -41.50 -206.07 -645.48 -328.05 -153.39 -137.90 -46.99 -12.09 -168.66 -167.58 -149.96 -408.38
0.00 0.00 0.00 0.00 0.00 0.00 0.00 0.00 0.00 0.00 -37.34 -1.73 -0.01 -0.00 -0.00 0.00 -0.00 -0.00 -0.00 -3.17 -192.04 -39.40 -5.02 -2.44 -0.07 -0.00 -4.30 -4.57 -2.85 -59.63 -407.78 -152.07 -47.45 -36.48 -6.59 -0.59 -50.19 -51.17 -41.50 -206.07 -645.48 -328.05 -153.39 -137.90 -46.99 -12.09 -168.66 -167.58 -149.96 -408.38
0.00 0.00 0.00 0.00 0.00 0.00 0.00 0.00 0.00 0.00 -37.34 -1.73 -0.01 -0.00 -0.00 0.00 -0.00 -0.00 -0.00 -3.17 -192.04 -39.40 -5.02 -2.44 -0.07 -0.00 -4.30 -4.57 -2.85 -59.63 -407.78 -152.07 -47.45 -36.48 -6.59 -0.59 -50.19 -51.17 -41.50 -206.07 -645.48 -328.05 -153.39 -137.90 -46.99 -12.09 -168.66 -167.58 -149.96 -408.38
0.00 0.00 0.00 0.00 0.00 0.00 0.00 0.00 0.00 0.00 -37.34 -1.73 -0.01 -0.00 -0.00 0.00 -0.00 -0.00 -0.00 -3.17 -192.04 -39.40 -5.02 -2.44 -0.07 -0.00 -4.30 -4.57 -2.85 -59.63 -407.78 -152.07 -47.45 -36.48 -6.59 -0.59 -50.19 -51.17 -41.50 -206.07 -645.48 -328.05 -153.39 -137.90 -46.99 -12.09 -168.66 -167.58 -149.96 -408.38
0.00 0.00 0.00 0.00 0.00 0.00 0.00 0.00 0.00 0.00 -37.34 -1.73 -0.01 -0.00 -0.00 0.00 -0.00 -0.00 -0.00 -3.17 -192.04 -39.40 -5.02 -2.44 -0.07 -0.00 -4.30 -4.57 -2.85 -59.63 -407.78 -152.07 -47.45 -36.48 -6.59 -0.59 -50.19 -51.17 -41.50 -206.07 -645.48 -328.05 -153.39 -137.90 -46.99 -12.09 -168.66 -167.58 -149.96 -408.38
0.00 0.00 0.00 0.00 0.00 0.00 0.00 0.00 0.00 0.00 -37.34 -1.73 -0.01 -0.00 -0.00 0.00 -0.00 -0.00 -0.00 -3.17 -192.04 -39.40 -5.02 -2.44 -0.07 -0.00 -4.30 -4.57 -2.85 -59.63 -407.78 -152.07 -47.45 -36.48 -6.59 -0.59 -50.19 -51.17 -41.50 -206.07 -645.48 -328.05 -153.39 -137.90 -46.99 -12.09 -168.66 -167.58 -149.96 -408.38
0.00 0.00 0.00 0.00 0.00 0.00 0.00 0.00 0.00 0.00 -37.34 -1.73 -0.01 -0.00 -0.00 0.00 -0.00 -0.00 -0.00 -3.17 -192.04 -39.40 -5.02 -2.44 -0.07 -0.00 -4.30 -4.57 -2.85 -59.63 -407.78 -152.07 -47.45 -36.48 -6.59 -0.59 -50.19 -51.17 -41.50 -206.07 -645.48 -328.05 -153.39 -137.90 -46.99 -12.09 -168.66 -167.58 -149.96 -408.38
0.00 0.00 0.00 0.00 0.00 0.00 0.00 0.00 0.00 0.00 -37.34 -1.73 -0.01 -0.00 -0.00 0.00 -0.00 -0.00 -0.00 -3.17 -192.04 -39.40 -5.02 -2.44 -0.07 -0.00 -4.30 -4.57 -2.85 -59.63 -407.78 -152.07 -47.45 -36.48 -6.59 -0.59 -50.19 -51.17 -41.50 -206.07 -645.48 -328.05 -153.39 -137.90 -46.99 -12.09 -168.66 -167.58 -149.96 -408.38
0.00 0.00 0.00 0.00 0.00 0.00 0.00 0.00 0.00 0.00 -37.34 -1.73 -0.01 -0.00 -0.00 0.00 -0.00 -0.00 -0.00 -3.17 -192.04 -39.40 -5.02 -2.44 -0.07 -0.00 -4.30 -4.57 -2.85 -59.63 -407.78 -152.07 -47.45 -36.48 -6.59 -0.59 -50.19 -51.17 -41.50 -206.07 -645.48 -328.05 -153.39 -137.90 -46.99 -12.09 -168.66 -167.58 -149.96 -408.38
0.00 0.00 0.00 0.00 0.00 0.00 0.00 0.00 0.00 0.00 -37.34 -1.73 -0.01 -0.00 -0.00 0.00 -0.00 -0.00 -0.00 -3.17 -192.04 -39.40 -5.02 -2.44 -0.07 -0.00 -4.30 -4.57 -2.85 -59.63 -407.78 -152.07 -47.45 -36.48 -6.59 -0.59 -50.19 -51.17 -41.50 -206.07 -645.48 -328.05 -153.39 -137.90 -46.99 -12.09 -168.66 -167.58 -149.96 -408.38
0.00 0.00 0.00 0.00 0.00 0.00 0.00 0.00 0.00 0.00 -37.34 -1.73 -0.01 -0.00 -0.00 0.00 -0.00 -0.00 -0.00 -3.17 -192.04 -39.40 -5.02 -2.44 -0.07 -0.00 -4.30 -4.57 -2.85 -59.63 -407.78 -152.07 -47.45 -36.48 -6.59 -0.59 -50.19 -51.17 -41.50 -206.07 -645.48 -328.05 -153.39 -137.90 -46.99 -12.09 -168.66 -167.58 -149.96 -408.38
0.00 0.00 0.00 0.00 0.00 0.00 0.00 0.00 0.00 0.00 -37.34 -1.73 -0.01 -0.00 -0.00 0.00 -0.00 -0.00 -0.00 -3.17 -192.04 -39.40 -5.02 -2.44 -0.07 -0.00 -4.30 -4.57 -2.85 -59.63 -407.78 -152.07 -47.45 -36.48 -6.59 -0.59 -50.19 -51.17 -41.50 -206.07 -645.48 -328.05 -153.39 -137.90 -46.99 -12.09 -168.66 -167.58 -149.96 -408.38
0.00 0.00 0.00 0.00 0.00 0.00 0.00 0.00 0.00 0.00 -37.34 -1.73 -0.01 -0.00 -0.00 0.00 -0.00 -0.00 -0.00 -3.17 -192.04 -39.40 -5.02 -2.44 -0.07 -0.00 -4.30 -4.57 -2.85 -59.63 -407.78 -152.07 -47.45 -36.48 -6.59 -0.59 -50.19 -51.17 -41.50 -206.07 -645.48 -328.05 -153.39 -137.90 -46.99 -12.09 -168.66 -167.58 -149.96 -408.38
0.00 0.00 0.00 0.00 0.00 0.00 0.00 0.00 0.00 0.00 -37.34 -1.73 -0.01 -0.00 -0.00 0.00 -0.00 -0.00 -0.00 -3.17 -192.04 -39.40 -5.02 -2.44 -0.07 -0.00 -4.30 -4.57 -2.85 -59.63 -407.78 -152.07 -47.45 -36.48 -6.59 -0.59 -50.19 -51.17 -41.50 -206.07 -645.48 -328.05 -153.39 -137.90 -46.99 -12.09 -168.66 -167.58 -149.96 -408.38
0.00 0.00 0.00 0.00 0.00 0.00 0.00 0.00 0.00 0.00 -37.34 -1.73 -0.01 -0.00 -0.00 0.00 -0.00 -0.00 -0.00 -3.17 -192.04 -39.40 -5.02 -2.44 -0.07 -0.00 -4.30 -4.57 -2.85 -59.63 -407.78 -152.07 -47.45 -36.48 -6.59 -0.59 -50.19 -51.17 -41.50 -206.07 -645.48 -328.05 -153.39 -137.90 -46.99 -12.09 -168.66 -167.58 -149.96 -408.38
0.00 0.00 0.00 0.00 0.00 0.00 0.00 0.00 0.00 0.00 -37.34 -1.73 -0.01 -0.00 -0.00 0.00 -0.00 -0.00 -0.00 -3.17 -192.04 -39.40 -5.02 -2.44 -0.07 -0.00 -4.30 -4.57 -2.85 -59.63 -407.78 -152.07 -47.45 -36.48 -6.59 -0.59 -50.19 -51.17 -41.50 -206.07 -645.48 -328.05 -153.39 -137.90 -46.99 -12.09 -168.66 -167.58 -149.96 -408.38
0.00 0.00 0.00 0.00 0.00 0.00 0.00 0.00 0.00 0.00 -37.34 -1.73 -0.01 -0.00 -0.00 0.00 -0.00 -0.00 -0.00 -3.17 -192.04 -39.40 -5.02 -2.44 -0.07 -0.00 -4.30 -4.57 -2.85 -59.63 -407.78 -152.07 -47.45 -36.48 -6.59 -0.59 -50.19 -51.17 -41.50 -206.07 -645.48 -328.05 -153.39 -137.90 -46.99 -12.09 -168.66 -167.58 -149.96 -408.38
0.00 0.00 0.00 0.00 0.00 0.00 0.00 0.00 0.00 0.00 -37.34 -1.73 -0.01 -0.00 -0.00 0.00 -0.00 -0.00 -0.00 -3.17 -192.04 -39.40 -5.02 -2.44 -0.07 -0.00 -4.30 -4.57 -2.85 -59.63 -407.78 -152.07 -47.45 -36.48 -6.59 -0.59 -50.19 -51.17 -41.50 -206.07 -645.48 -328.05 -153.39 -137.90 -46.99 -12.09 -168.66 -167.58 -149.96 -408.38
0.00 0.00 0.00 0.00 0.00 0.00 0.00 0.00 0.00 0.00 -37.34 -1.73 -0.01 -0.00 -0.00 0.00 -0.00 -0.00 -0.00 -3.17 -192.04 -39.40 -5.02 -2.44 -0.07 -0.00 -4.30 -4.57 -2.85 -59.63 -407.78 -152.07 -47.45 -36.48 -6.59 -0.59 -50.19 -51.17 -41.50 -206.07 -645.48 -328.05 -153.39 -137.90 -46.99 -12.09 -168.66 -167.58 -149.96 -408.38
0.00 0.00 0.00 0.00 0.00 0.00 0.00 0.00 0.00 0.00 -37.34 -1.73 -0.01 -0.00 -0.00 0.00 -0.00 -0.00 -0.00 -3.17 -192.04 -39.40 -5.02 -2.44 -0.07 -0.00 -4.30 -4.57 -2.85 -59.63 -407.78 -152.07 -47.45 -36.48 -6.59 -0.59 -50.19 -51.17 -41.50 -206.07 -645.48 -328.05 -153.39 -137.90 -46.99 -12.09 -168.66 -167.58 -149.96 -408.38
0.00 0.00 0.00 0.00 0.00 0.00 0.00 0.00 0.00 0.00 -37.34 -1.73 -0.01 -0.00 -0.00 0.00 -0.00 -0.00 -0.00 -3.17 -192.04 -39.40 -5.02 -2.44 -0.07 -0.00 -4.30 -4.57 -2.85 -59.63 -407.78 -152.07 -47.45 -36.48 -6.59 -0.59 -50.19 -51.17 -41.50 -206.07 -645.48 -328.05 -153.39 -137.90 -46.99 -12.09 -168.66 -167.58 -149.96 -408.38
0.00 0.00 0.00 0.00 0.00 0.00 0.00 0.00 0.00 0.00 -37.34 -1.73 -0.01 -0.00 -0.00 0.00 -0.00 -0.00 -0.00 -3.17 -192.04 -39.40 -5.02 -2.44 -0.07 -0.00 -4.30 -4.57 -2.85 -59.63 -407.78 -152.07 -47.45 -36.48 -6.59 -0.59 -50.19 -51.17 -41.50 -206.07 -645.48 -328.05 -153.39 -137.90 -46.99 -12.09 -168.66 -167.58 -149.96 -408.38
0.00 0.00 0.00 0.00 0.00 0.00 0.00 0.00 0.00 0.00 -37.34 -1.73 -0.01 -0.00 -0.00 0.00 -0.00 -0.00 -0.00 -3.17 -192.04 -39.40 -5.02 -2.44 -0.07 -0.00 -4.30 -4.57 -2.85 -59.63 -407.78 -152.07 -47.45 -36.48 -6.59 -0.59 -50.19 -51.17 -41.50 -206.07 -645.48 -328.05 -153.39 -137.90 -46.99 -12.09 -168.66 -167.58 -149.96 -408.38
0.00 0.00 0.00 0.00 0.00 0.00 0.00 0.00 0.00 0.00 -37.34 -1.73 -0.01 -0.00 -0.00 0.00 -0.00 -0.00 -0.00 -3.17 -192.04 -39.40 -5.02 -2.44 -0.07 -0.00 -4.30 -4.57 -2.85 -59.63 -407.78 -152.07 -47.45 -36.48 -6.59 -0.59 -50.19 -51.17 -41.50 -206.07 -645.48 -328.05 -153.39 -137.90 -46.99 -12.09 -168.66 -167.58 -149.96 -408.38
0.00 0.00 0.00 0.00 0.00 0.00 0.00 0.00 0.00 0.00 -37.34 -1.73 -0.01 -0.00 -0.00 0.00 -0.00 -0.00 -0.00 -3.17 -192.04 -39.40 -5.02 -2.44 -0.07 -0.00 -4.30 -4.57 -2.85 -59.63 -407.78 -152.07 -47.45 -36.48 -6.59 -0.59 -50.19 -51.17 -41.50 -206.07 -645.48 -328.05 -153.39 -137.90 -46.99 -12.09 -168.66 -167.58 -149.96 -408.38
0.00 0.00 0.00 0.00 0.00 0.00 0.00 0.00 0.00 0.00 -37.34 -1.73 -0.01 -0.00 -0.00 0.00 -0.00 -0.00 -0.00 -3.17 -192.04 -39.40 -5.02 -2.44 -0.07 -0.00 -4.30 -4.57 -2.85 -59.63 -407.78 -152.07 -47.45 -36.48 -6.59 -0.59 -50.19 -51.17 -41.50 -206.07 -645.48 -328.05 -153.39 -137.90 -46.99 -12.09 -168.66 -167.58 -149.96 -408.38
0.00 0.00 0.00 0.00 0.00 0.00 0.00 0.00 0.00 0.00 -37.34 -1.73 -0.01 -0.00 -0.00 0.00 -0.00 -0.00 -0.00 -3.17 -192.04 -39.40 -5.02 -2.44 -0.07 -0.00 -4.30 -4.57 -2.85 -59.63 -407.78 -152.07 -47.45 -36.48 -6.59 -0.59 -50.19 -51.17 -41.50 -206.07 -645.48 -328.05 -153.39 -137.90 -46.99 -12.09 -168.66 -167.58 -149.96 -408.38
0.00 0.00 0.00 0.00 0.00 0.00 0.00 0.00 0.00 0.00 -37.34 -1.73 -0.01 -0.00 -0.00 0.00 -0.00 -0.00 -0.00 -3.17 -192.04 -39.40 -5.02 -2.44 -0.07 -0.00 -4.30 -4.57 -2.85 -59.63 -407.78 -152.07 -47.45 -36.48 -6.59 -0.59 -50.19 -51.17 -41.50 -206.07 -645.48 -328.05 -153.39 -137.90 -46.99 -12.09 -168.66 -167.58 -149.96 -408.38
0.00 0.00 0.00 0.00 0.00 0.00 0.00 0.00 0.00 0.00 -37.34 -1.73 -0.01 -0.00 -0.00 0.00 -0.00 -0.00 -0.00 -3.17 -192.04 -39.40 -5.02 -2.44 -0.07 -0.00 -4.30 -4.57 -2.85 -59.63 -407.78 -152.07 -47.45 -36.48 -6.59 -0.59 -50.19 -51.17 -41.50 -206.07 -645.48 -328.05 -153.39 -137.90 -46.99 -12.09 -168.66 -167.58 -149.96 -408.38
0.00 0.00 0.00 0.00 0.00 0.00 0.00 0.00 0.00 0.00 -37.34 -1.73 -0.01 -0.00 -0.00 0.00 -0.00 -0.00 -0.00 -3.17 -192.04 -39.40 -5.02 -2.44 -0.07 -0.00 -4.30 -4.57 -2.85 -59.63 -407.78 -152.07 -47.45 -36.48 -6.59 -0.59 -50.19 -51.17 -41.50 -206.07 -645.48 -328.05 -153.39 -137.90 -46.99 -12.09 -168.66 -167.58 -149.96 -408.38
0.00 0.00 0.00 0.00 0.00 0.00 0.00 0.00 0.00 0.00 -37.34 -1.73 -0.01 -0.00 -0.00 0.00 -0.00 -0.00 -0.00 -3.17 -192.04 -39.40 -5.02 -2.44 -0.07 -0.00 -4.30 -4.57 -2.85 -59.63 -407.78 -152.07 -47.45 -36.48 -6.59 -0.59 -50.19 -51.17 -41.50 -206.07 -645.48 -328.05 -153.39 -137.90 -46.99 -12.09 -168.66 -167.58 -149.96 -408.38
0.00 0.00 0.00 0.00 0.00 0.00 0.00 0.00 0.00 0.00 -37.34 -1.73 -0.01 -0.00 -0.00 0.00 -0.00 -0.00 -0.00 -3.17 -192.04 -39.40 -5.02 -2.44 -0.07 -0.00 -4.30 -4.57 -2.85 -59.63 -407.78 -152.07 -47.45 -36.48 -6.59 -0.59 -50.19 -51.17 -41.50 -206.07 -645.48 -328.05 -153.39 -137.90 -46.99 -12.09 -168.66 -167.58 -149.96 -408.38
0.00 0.00 0.00 0.00 0.00 0.00 0.00 0.00 0.00 0.00 -37.34 -1.73 -0.01 -0.00 -0.00 0.00 -0.00 -0.00 -0.00 -3.17 -192.04 -39.40 -5.02 -2.44 -0.07 -0.00 -4.30 -4.57 -2.85 -59.63 -407.78 -152.07 -47.45 -36.48 -6.59 -0.59 -50.19 -51.17 -41.50 -206.07 -645.48 -328.05 -153.39 -137.90 -46.99 -12.09 -168.66 -167.58 -149.96 -408.38
0.00 0.00 0.00 0.00 0.00 0.00 0.00 0.00 0.00 0.00 -37.34 -1.73 -0.01 -0.00 -0.00 0.00 -0.00 -0.00 -0.00 -3.17 -192.04 -39.40 -5.02 -2.44 -0.07 -0.00 -4.30 -4.57 -2.85 -59.63 -407.78 -152.07 -47.45 -36.48 -6.59 -0.59 -50.19 -51.17 -41.50 -206.07 -645.48 -328.05 -153.39 -137.90 -46.99 -12.09 -168.66 -167.58 -149.96 -408.38
0.00 0.00 0.00 0.00 0.00 0.00 0.00 0.00 0.00 0.00 -37.34 -1.73 -0.01 -0.00 -0.00 0.00 -0.00 -0.00 -0.00 -3.17 -192.04 -39.40 -5.02 -2.44 -0.07 -0.00 -4.30 -4.57 -2.85 -59.63 -407.78 -152.07 -47.45 -36.48 -6.59 -0.59 -50.19 -51.17 -41.50 -206.07 -645.48 -328.05 -153.39 -137.90 -46.99 -12.09 -168.66 -167.58 -149.96 -408.38
0.00 0.00 0.00 0.00 0.00 0.00 0.00 0.00 0.00 0.00 -37.34 -1.73 -0.01 -0.00 -0.00 0.00 -0.00 -0.00 -0.00 -3.17 -192.04 -39.40 -5.02 -2.44 -0.07 -0.00 -4.30 -4.57 -2.85 -59.63 -407.78 -152.07 -47.45 -36.48 -6.59 -0.59 -50.19 -51.17 -41.50 -206.07 -645.48 -328.05 -153.39 -137.90 -46.99 -12.09 -168.66 -167.58 -149.96 -408.38
0.00 0.00 0.00 0.00 0.00 0.00 0.00 0.00 0.00 0.00 -37.34 -1.73 -0.01 -0.00 -0.00 0.00 -0.00 -0.00 -0.00 -3.17 -192.04 -39.40 -5.02 -2.44 -0.07 -0.00 -4.30 -4.57 -2.85 -59.63 -407.78 -152.07 -47.45 -36.48 -6.59 -0.59 -50.19 -51.17 -41.50 -206.07 -645.48 -328.05 -153.39 -137.90 -46.99 -12.09 -168.66 -167.58 -149.96 -408.38
0.00 0.00 0.00 0.00 0.00 0.00 0.00 0.00 0.00 0.00 -37.34 -1.73 -0.01 -0.00 -0.00 0.00 -0.00 -0.00 -0.00 -3.17 -192.04 -39.40 -5.02 -2.44 -0.07 -0.00 -4.30 -4.57 -2.85 -59.63 -407.78 -152.07 -47.45 -36.48 -6.59 -0.59 -50.19 -51.17 -41.50 -206.07 -645.48 -328.05 -153.39 -137.90 -46.99 -12.09 -168.66 -167.58 -149.96 -408.38
0.00 0.00 0.00 0.00 0.00 0.00 0.00 0.00 0.00 0.00 -37.34 -1.73 -0.01 -0.00 -0.00 0.00 -0.00 -0.00 -0.00 -3.17 -192.04 -39.40 -5.02 -2.44 -0.07 -0.00 -4.30 -4.57 -2.85 -59.63 -407.78 -152.07 -47.45 -36.48 -6.59 -0.59 -50.19 -51.17 -41.50 -206.07 -645.48 -328.05 -153.39 -137.90 -46.99 -12.09 -168.66 -167.58 -149.96 -408.38
0.00 0.00 0.00 0.00 0.00 0.00 0.00 0.00 0.00 0.00 -37.34 -1.73 -0.01 -0.00 -0.00 0.00 -0.00 -0.00 -0.00 -3.17 -192.04 -39.40 -5.02 -2.44 -0.07 -0.00 -4.30 -4.57 -2.85 -59.63 -407.78 -152.07 -47.45 -36.48 -6.59 -0.59 -50.19 -51.17 -41.50 -206.07 -645.48 -328.05 -153.39 -137.90 -46.99 -12.09 -168.66 -167.58 -149.96 -408.38
0.00 0.00 0.00 0.00 0.00 0.00 0.00 0.00 0.00 0.00 -37.34 -1.73 -0.01 -0.00 -0.00 0.00 -0.00 -0.00 -0.00 -3.17 -192.04 -39.40 -5.02 -2.44 -0.07 -0.00 -4.30 -4.57 -2.85 -59.63 -407.78 -152.07 -47.45 -36.48 -6.59 -0.59 -50.19 -51.17 -41.50 -206.07 -645.48 -328.05 -153.39 -137.90 -46.99 -12.09 -168.66 -167.58 -149.96 -408.38
0.00 0.00 0.00 0.00 0.00 0.00 0.00 0.00 0.00 0.00 -37.34 -1.73 -0.01 -0.00 -0.00 0.00 -0.00 -0.00 -0.00 -3.17 -192.04 -39.40 -5.02 -2.44 -0.07 -0.00 -4.30 -4.57 -2.85 -59.63 -407.78 -152.07 -47.45 -36.48 -6.59 -0.59 -50.19 -51.17 -41.50 -206.07 -645.48 -328.05 -153.39 -137.90 -46.99 -12.09 -168.66 -167.58 -149.96 -408.38
0.00 0.00 0.00 0.00 0.00 0.00 0.00 0.00 0.00 0.00 -37.34 -1.73 -0.01 -0.00 -0.00 0.00 -0.00 -0.00 -0.00 -3.17 -192.04 -39.40 -5.02 -2.44 -0.07 -0.00 -4.30 -4.57 -2.85 -59.63 -407.78 -152.07 -47.45 -36.48 -6.59 -0.59 -50.19 -51.17 -41.50 -206.07 -645.48 -328.05 -153.39 -137.90 -46.99 -12.09 -168.66 -167.58 -149.96 -408.38
0.00 0.00 0.00 0.00 0.00 0.00 0.00 0.00 0.00 0.00 -37.34 -1.73 -0.01 -0.00 -0.00 0.00 -0.00 -0.00 -0.00 -3.17 -192.04 -39.40 -5.02 -2.44 -0.07 -0.00 -4.30 -4.57 -2.85 -59.63 -407.78 -152.07 -47.45 -36.48 -6.59 -0.59 -50.19 -51.17 -41.50 -206.07 -645.48 -328.05 -153.39 -137.90 -46.99 -12.09 -168.66 -167.58 -149.96 -408.38
0.00 0.00 0.00 0.00 0.00 0.00 0.00 0.00 0.00 0.00 -37.34 -1.73 -0.01 -0.00 -0.00 0.00 -0.00 -0.00 -0.00 -3.17 -192.04 -39.40 -5.02 -2.44 -0.07 -0.00 -4.30 -4.57 -2.85 -59.63 -407.78 -152.07 -47.45 -36.48 -6.59 -0.59 -50.19 -51.17 -41.50 -206.07 -645.48 -328.05 -153.39 -137.90 -46.99 -12.09 -168.66 -167.58 -149.96 -408.38
0.00 0.00 0.00 0.00 0.00 0.00 0.00 0.00 0.00 0.00 -37.34 -1.73 -0.01 -0.00 -0.00 0.00 -0.00 -0.00 -0.00 -3.17 -192.04 -39.40 -5.02 -2.44 -0.07 -0.00 -4.30 -4.57 -2.85 -59.63 -407.78 -152.07 -47.45 -36.48 -6.59 -0.59 -50.19 -51.17 -41.50 -206.07 -645.48 -328.05 -153.39 -137.90 -46.99 -12.09 -168.66 -167.58 -149.96 -408.38
0.00 0.00 0.00 0.00 0.00 0.00 0.00 0.00 0.00 0.00 -37.34 -1.73 -0.01 -0.00 -0.00 0.00 -0.00 -0.00 -0.00 -3.17 -192.04 -39.40 -5.02 -2.44 -0.07 -0.00 -4.30 -4.57 -2.85 -59.63 -407.78 -152.07 -47.45 -36.48 -6.59 -0.59 -50.19 -51.17 -41.50 -206.07 -645.48 -328.05 -153.39 -137.90 -46.99 -12.09 -168.66 -167.58 -149.96 -408.38
0.00 0.00 0.00 0.00 0.00 0.00 0.00 0.00 0.00 0.00 -37.34 -1.73 -0.01 -0.00 -0.00 0.00 -0.00 -0.00 -0.00 -3.17 -192.04 -39.40 -5.02 -2.44 -0.07 -0.00 -4.30 -4.57 -2.85 -59.63 -407.78 -152.07 -47.45 -36.48 -6.59 -0.59 -50.19 -51.17 -41.50 -206.07 -645.48 -328.05 -153.39 -137.90 -46.99 -12.09 -168.66 -167.58 -149.96 -408.38
0.00 0.00 0.00 0.00 0.00 0.00 0.00 0.00 0.00 0.00 -37.34 -1.73 -0.01 -0.00 -0.00 0.00 -0.00 -0.00 -0.00 -3.17 -192.04 -39.40 -5.02 -2.44 -0.07 -0.00 -4.30 -4.57 -2.85 -59.63 -407.78 -152.07 -47.45 -36.48 -6.59 -0.59 -50.19 -51.17 -41.50 -206.07 -645.48 -328.05 -153.39 -137.90 -46.99 -12.09 -168.66 -167.58 -149.96 -408.38
0.00 0.00 0.00 0.00 0.00 0.00 0.00 0.00 0.00 0.00 -37.34 -1.73 -0.01 -0.00 -0.00 0.00 -0.00 -0.00 -0.00 -3.17 -192.04 -39.40 -5.02 -2.44 -0.07 -0.00 -4.30 -4.57 -2.85 -59.63 -407.78 -152.07 -47.45 -36.48 -6.59 -0.59 -50.19 -51.17 -41.50 -206.07 -645.48 -328.05 -153.39 -137.90 -46.99 -12.09 -168.66 -167.58 -149.96 -408.38
0.00 0.00 0.00 0.00 0.00 0.00 0.00 0.00 0.00 0.00 -37.34 -1.73 -0.01 -0.00 -0.00 0.00 -0.00 -0.00 -0.00 -3.17 -192.04 -39.40 -5.02 -2.44 -0.07 -0.00 -4.30 -4.57 -2.85 -59.63 -407.78 -152.07 -47.45 -36.48 -6.59 -0.59 -50.19 -51.17 -41.50 -206.07 -645.48 -328.05 -153.39 -137.90 -46.99 -12.09 -168.66 -167.58 -149.96 -408.38
0.00 0.00 0.00 0.00 0.00 0.00 0.00 0.00 0.00 0.00 -37.34 -1.73 -0.01 -0.00 -0.00 0.00 -0.00 -0.00 -0.00 -3.17 -192.04 -39.40 -5.02 -2.44 -0.07 -0.00 -4.30 -4.57 -2.85 -59.63 -407.78 -152.07 -47.45 -36.48 -6.59 -0.59 -50.19 -51.17 -41.50 -206.07 -645.48 -328.05 -153.39 -137.90 -46.99 -12.09 -168.66 -167.58 -149.96 -408.38
0.00 0.00 0.00 0.00 0.00 0.00 0.00 0.00 0.00 0.00 -37.34 -1.73 -0.01 -0.00 -0.00 0.00 -0.00 -0.00 -0.00 -3.17 -192.04 -39.40 -5.02 -2.44 -0.07 -0.00 -4.30 -4.57 -2.85 -59.63 -407.78 -152.07 -47.45 -36.48 -6.59 -0.59 -50.19 -51.17 -41.50 -206.07 -645.48 -328.05 -153.39 -137.90 -46.99 -12.09 -168.66 -167.58 -149.96 -408.38
0.00 0.00 0.00 0.00 0.00 0.00 0.00 0.00 0.00 0.00 -37.34 -1.73 -0.01 -0.00 -0.00 0.00 -0.00 -0.00 -0.00 -3.17 -192.04 -39.40 -5.02 -2.44 -0.07 -0.00 -4.30 -4.57 -2.85 -59.63 -407.78 -152.07 -47.45 -36.48 -6.59 -0.59 -50.19 -51.17 -41.50 -206.07 -645.48 -328.05 -153.39 -137.90 -46.99 -12.09 -168.66 -167.58 -149.96 -408.38
0.00 0.00 0.00 0.00 0.00 0.00 0.00 0.00 0.00 0.00 -37.34 -1.73 -0.01 -0.00 -0.00 0.00 -0.00 -0.00 -0.00 -3.17 -192.04 -39.40 -5.02 -2.44 -0.07 -0.00 -4.30 -4.57 -2.85 -59.63 -407.78 -152.07 -47.45 -36.48 -6.59 -0.59 -50.19 -51.17 -41.50 -206.07 -645.48 -328.05 -153.39 -137.90 -46.99 -12.09 -168.66 -167.58 -149.96 -408.38
0.00 0.00 0.00 0.00 0.00 0.00 0.00 0.00 0.00 0.00 -37.34 -1.73 -0.01 -0.00 -0.00 0.00 -0.00 -0.00 -0.00 -3.17 -192.04 -39.40 -5.02 -2.44 -0.07 -0.00 -4.30 -4.57 -2.85 -59.63 -407.78 -152.07 -47.45 -36.48 -6.59 -0.59 -50.19 -51.17 -41.50 -206.07 -645.48 -328.05 -153.39 -137.90 -46.99 -12.09 -168.66 -167.58 -149.96 -408.38
0.00 0.00 0.00 0.00 0.00 0.00 0.00 0.00 0.00 0.00 -37.34 -1.73 -0.01 -0.00 -0.00 0.00 -0.00 -0.00 -0.00 -3.17 -192.04 -39.40 -5.02 -2.44 -0.07 -0.00 -4.30 -4.57 -2.85 -59.63 -407.78 -152.07 -47.45 -36.48 -6.59 -0.59 -50.19 -51.17 -41.50 -206.07 -645.48 -328.05 -153.39 -137.90 -46.99 -12.09 -168.66 -167.58 -149.96 -408.38
0.00 0.00 0.00 0.00 0.00 0.00 0.00 0.00 0.00 0.00 -37.34 -1.73 -0.01 -0.00 -0.00 0.00 -0.00 -0.00 -0.00 -3.17 -192.04 -39.40 -5.02 -2.44 -0.07 -0.00 -4.30 -4.57 -2.85 -59.63 -407.78 -152.07 -47.45 -36.48 -6.59 -0.59 -50.19 -51.17 -41.50 -206.07 -645.48 -328.05 -153.39 -137.90 -46.99 -12.09 -168.66 -167.58 -149.96 -408.38
0.00 0.00 0.00 0.00 0.00 0.00 0.00 0.00 0.00 0.00 -37.34 -1.73 -0.01 -0.00 -0.00 0.00 -0.00 -0.00 -0.00 -3.17 -192.04 -39.40 -5.02 -2.44 -0.07 -0.00 -4.30 -4.57 -2.85 -59.63 -407.78 -152.07 -47.45 -36.48 -6.59 -0.59 -50.19 -51.17 -41.50 -206.07 -645.48 -328.05 -153.39 -137.90 -46.99 -12.09 -168.66 -167.58 -149.96 -408.38
0.00 0.00 0.00 0.00 0.00 0.00 0.00 0.00 0.00 0.00 -37.34 -1.73 -0.01 -0.00 -0.00 0.00 -0.00 -0.00 -0.00 -3.17 -192.04 -39.40 -5.02 -2.44 -0.07 -0.00 -4.30 -4.57 -2.85 -59.63 -407.78 -152.07 -47.45 -36.48 -6.59 -0.59 -50.19 -51.17 -41.50 -206.07 -645.48 -328.05 -153.39 -137.90 -46.99 -12.09 -168.66 -167.58 -149.96 -408.38
0.00 0.00 0.00 0.00 0.00 0.00 0.00 0.00 0.00 0.00 -37.34 -1.73 -0.01 -0.00 -0.00 0.00 -0.00 -0.00 -0.00 -3.17 -192.04 -39.40 -5.02 -2.44 -0.07 -0.00 -4.30 -4.57 -2.85 -59.63 -407.78 -152.07 -47.45 -36.48 -6.59 -0.59 -50.19 -51.17 -41.50 -206.07 -645.48 -328.05 -153.39 -137.90 -46.99 -12.09 -168.66 -167.58 -149.96 -408.38
0.00 0.00 0.00 0.00 0.00 0.00 0.00 0.00 0.00 0.00 -37.34 -1.73 -0.01 -0.00 -0.00 0.00 -0.00 -0.00 -0.00 -3.17 -192.04 -39.40 -5.02 -2.44 -0.07 -0.00 -4.30 -4.57 -2.85 -59.63 -407.78 -152.07 -47.45 -36.48 -6.59 -0.59 -50.19 -51.17 -41.50 -206.07 -645.48 -328.05 -153.39 -137.90 -46.99 -12.09 -168.66 -167.58 -149.96 -408.38
0.00 0.00 0.00 0.00 0.00 0.00 0.00 0.00 0.00 0.00 -37.34 -1.73 -0.01 -0.00 -0.00 0.00 -0.00 -0.00 -0.00 -3.17 -192.04 -39.40 -5.02 -2.44 -0.07 -0.00 -4.30 -4.57 -2.85 -59.63 -407.78 -152.07 -47.45 -36.48 -6.59 -0.59 -50.19 -51.17 -41.50 -206.07 -645.48 -328.05 -153.39 -137.90 -46.99 -12.09 -168.66 -167.58 -149.96 -408.38
0.00 0.00 0.00 0.00 0.00 0.00 0.00 0.00 0.00 0.00 -37.34 -1.73 -0.01 -0.00 -0.00 0.00 -0.00 -0.00 -0.00 -3.17 -192.04 -39.40 -5.02 -2.44 -0.07 -0.00 -4.30 -4.57 -2.85 -59.63 -407.78 -152.07 -47.45 -36.48 -6.59 -0.59 -50.19 -51.17 -41.50 -206.07 -645.48 -328.05 -153.39 -137.90 -46.99 -12.09 -168.66 -167.58 -149.96 -408.38
0.00 0.00 0.00 0.00 0.00 0.00 0.00 0.00 0.00 0.00 -37.34 -1.73 -0.01 -0.00 -0.00 0.00 -0.00 -0.00 -0.00 -3.17 -192.04 -39.40 -5.02 -2.44 -0.07 -0.00 -4.30 -4.57 -2.85 -59.63 -407.78 -152.07 -47.45 -36.48 -6.59 -0.59 -50.19 -51.17 -41.50 -206.07 -645.48 -328.05 -153.39 -137.90 -46.99 -12.09 -168.66 -167.58 -149.96 -408.38
