0.00 0.00 0.00 0.00 0.00 0.00 0.00 0.00 0.00 0.00 0.00 0.00 0.00 0.00 0.00 0.00 0.00 0.00 0.00 0.00 0.00 0.00 0.00 0.00 0.00 0.00 0.00 0.00 0.00 0.00 0.00 0.00 0.00 0.00 0.00 0.00 0.00 0.00 0.00 0.00 0.00 0.00 0.00 0.00 0.00 0.00 0.00 0.00 0.00 0.00
0.00 0.00 0.00 0.00 0.00 0.00 0.00 0.00 0.00 0.00 0.00 0.00 0.00 0.00 0.00 0.00 0.00 0.00 0.00 0.00 0.00 0.00 0.00 0.00 0.00 0.00 0.00 0.00 0.00 0.00 0.00 0.00 0.00 0.00 0.00 0.00 0.00 0.00 0.00 0.00 0.00 0.00 0.00 0.00 0.00 0.00 0.00 0.00 0.00 0.00
0.00 0.00 0.00 0.00 0.00 0.00 0.00 0.00 0.00 0.00 0.00 0.00 0.00 0.00 0.00 0.00 0.00 0.00 0.00 0.00 0.00 0.00 0.00 0.00 0.00 0.00 0.00 0.00 0.00 0.00 0.00 0.00 0.00 0.00 0.00 0.00 0.00 0.00 0.00 0.00 0.00 0.00 0.00 0.00 0.00 0.00 0.00 0.00 0.00 0.00
0.00 0.00 0.00 0.00 0.00 0.00 0.00 0.00 0.00 0.00 0.00 0.00 0.00 0.00 0.00 0.00 0.00 0.00 0.00 0.00 0.00 0.00 0.00 0.00 0.00 0.00 0.00 0.00 0.00 0.00 0.00 0.00 0.00 0.00 0.00 0.00 0.00 0.00 0.00 0.00 0.00 0.00 0.00 0.00 0.00 0.00 0.00 0.00 0.00 0.00
0.00 0.00 0.00 0.00 0.00 0.00 0.00 0.00 0.00 0.00 0.00 0.00 0.00 0.00 0.00 0.00 0.00 0.00 0.00 0.00 0.00 0.00 0.00 0.00 0.00 0.00 0.00 0.00 0.00 0.00 0.00 0.00 0.00 0.00 0.00 0.00 0.00 0.00 0.00 0.00 0.00 0.00 0.00 0.00 0.00 0.00 0.00 0.00 0.00 0.00
0.00 0.00 0.00 0.00 0.00 0.00 0.00 0.00 0.00 0.00 0.00 0.00 0.00 0.00 0.00 0.00 0.00 0.00 0.00 0.00 0.00 0.00 0.00 0.00 0.00 0.00 0.00 0.00 0.00 0.00 0.00 0.00 0.00 0.00 0.00 0.00 0.00 0.00 0.00 0.00 0.00 0.00 0.00 0.00 0.00 0.00 0.00 0.00 0.00 0.00
0.00 0.00 0.00 0.00 0.00 0.00 0.00 0.00 0.00 0.00 0.00 0.00 0.00 0.00 0.00 0.00 0.00 0.00 0.00 0.00 0.00 0.00 0.00 0.00 0.00 0.00 0.00 0.00 0.00 0.00 0.00 0.00 0.00 0.00 0.00 0.00 0.00 0.00 0.00 0.00 0.00 0.00 0.00 0.00 0.00 0.00 0.00 0.00 0.00 0.00
0.00 0.00 0.00 0.00 0.00 0.00 0.00 0.00 0.00 0.00 -45.29 -2.99 -0.03 -0.01 -0.00 0.00 -0.02 -0.01 -0.01 -12.04 -215.98 -56.77 -9.94 -16.57 -0.55 -0.05 -10.48 -12.95 -7.85 -76.11 -441.75 -196.27 -71.62 -116.82 -19.62 -6.71 -81.63 -98.28 -74.93 -210.54 -684.34 -395.55 -207.93 -296.50 -95.97 -51.19 -230.64 -257.85 -220.78 -416.61
0.00 0.00 0.00 0.00 0.00 0.00 0.00 0.00 0.00 0.00 -45.29 -2.99 -0.03 -0.01 -0.00 0.00 -0.02 -0.01 -0.01 -12.04 -215.98 -56.77 -9.94 -16.57 -0.55 -0.05 -10.48 -12.95 -7.85 -76.11 -441.75 -196.27 -71.62 -116.82 -19.62 -6.71 -81.63 -98.28 -74.93 -210.54 -684.34 -395.55 -207.93 -296.50 -95.97 -51.19 -230.64 -257.85 -220.78 -416.61
0.00 0.00 0.00 0.00 0.00 0.00 0.00 0.00 0.00 0.00 -45.29 -2.99 -0.03 -0.01 -0.00 0.00 -0.02 -0.01 -0.01 -12.04 -215.98 -56.77 -9.94 -16.57 -0.55 -0.05 -10.48 -12.95 -7.85 -76.11 -441.75 -196.27 -71.62 -116.82 -19.62 -6.71 -81.63 -98.28 -74.93 -210.54 -684.34 -395.55 -207.93 -296.50 -95.97 -51.19 -230.64 -257.85 -220.78 -416.61
0.00 0.00 0.00 0.00 0.00 0.00 0.00 0.00 0.00 0.00 -45.29 -2.99 -0.03 -0.01 -0.00 0.00 -0.02 -0.01 -0.01 -12.04 -215.98 -56.77 -9.94 -16.57 -0.55 -0.05 -10.48 -12.95 -7.85 -76.11 -441.75 -196.27 -71.62 -116.82 -19.62 -6.71 -81.63 -98.28 -74.93 -210.54 -684.34 -395.55 -207.93 -296.50 -95.97 -51.19 -230.64 -257.85 -220.78 -416.61
0.00 0.00 0.00 0.00 0.00 0.00 0.00 0.00 0.00 0.00 -45.29 -2.99 -0.03 -0.01 -0.00 0.00 -0.02 -0.01 -0.01 -12.04 -215.98 -56.77 -9.94 -16.57 -0.55 -0.05 -10.48 -12.95 -7.85 -76.11 -441.75 -196.27 -71.62 -116.82 -19.62 -6.71 -81.63 -98.28 -74.93 -210.54 -684.34 -395.55 -207.93 -296.50 -95.97 -51.19 -230.64 -257.85 -220.78 -416.61
0.00 0.00 0.00 0.00 0.00 0.00 0.00 0.00 0.00 0.00 -45.29 -2.99 -0.03 -0.01 -0.00 0.00 -0.02 -0.01 -0.01 -12.04 -215.98 -56.77 -9.94 -16.57 -0.55 -0.05 -10.48 -12.95 -7.85 -76.11 -441.75 -196.27 -71.62 -116.82 -19.62 -6.71 -81.63 -98.28 -74.93 -210.54 -684.34 -395.55 -207.93 -296.50 -95.97 -51.19 -230.64 -257.85 -220.78 -416.61
0.00 0.00 0.00 0.00 0.00 0.00 0.00 0.00 0.00 0.00 -45.29 -2.99 -0.03 -0.01 -0.00 0.00 -0.02 -0.01 -0.01 -12.04 -215.98 -56.77 -9.94 -16.57 -0.55 -0.05 -10.48 -12.95 -7.85 -76.11 -441.75 -196.27 -71.62 -116.82 -19.62 -6.71 -81.63 -98.28 -74.93 -210.54 -684.34 -395.55 -207.93 -296.50 -95.97 -51.19 -230.64 -257.85 -220.78 -416.61
0.00 0.00 0.00 0.00 0.00 0.00 0.00 0.00 0.00 0.00 -45.29 -2.99 -0.03 -0.01 -0.00 0.00 -0.02 -0.01 -0.01 -12.04 -215.98 -56.77 -9.94 -16.57 -0.55 -0.05 -10.48 -12.95 -7.85 -76.11 -441.75 -196.27 -71.62 -116.82 -19.62 -6.71 -81.63 -98.28 -74.93 -210.54 -684.34 -395.55 -207.93 -296.50 -95.97 -51.19 -230.64 -257.85 -220.78 -416.61
0.00 0.00 0.00 0.00 0.00 0.00 0.00 0.00 0.00 0.00 -45.29 -2.99 -0.03 -0.01 -0.00 0.00 -0.02 -0.01 -0.01 -12.04 -215.98 -56.77 -9.94 -16.57 -0.55 -0.05 -10.48 -12.95 -7.85 -76.11 -441.75 -196.27 -71.62 -116.82 -19.62 -6.71 -81.63 -98.28 -74.93 -210.54 -684.34 -395.55 -207.93 -296.50 -95.97 -51.19 -230.64 -257.85 -220.78 -416.61
0.00 0.00 0.00 0.00 0.00 0.00 0.00 0.00 0.00 0.00 -45.29 -2.99 -0.03 -0.01 -0.00 0.00 -0.02 -0.01 -0.01 -12.04 -215.98 -56.77 -9.94 -16.57 -0.55 -0.05 -10.48 -12.95 -7.85 -76.11 -441.75 -196.27 -71.62 -116.82 -19.62 -6.71 -81.63 -98.28 -74.93 -210.54 -684.34 -395.55 -207.93 -296.50 -95.97 -51.19 -230.64 -257.85 -220.78 -416.61
0.00 0.00 0.00 0.00 0.00 0.00 0.00 0.00 0.00 0.00 -45.29 -2.99 -0.03 -0.01 -0.00 0.00 -0.02 -0.01 -0.01 -12.04 -215.98 -56.77 -9.94 -16.57 -0.55 -0.05 -10.48 -12.95 -7.85 -76.11 -441.75 -196.27 -71.62 -116.82 -19.62 -6.71 -81.63 -98.28 -74.93 -210.54 -684.34 -395.55 -207.93 -296.50 -95.97 -51.19 -230.64 -257.85 -220.78 -416.61
0.00 0.00 0.00 0.00 0.00 0.00 0.00 0.00 0.00 0.00 -45.29 -2.99 -0.03 -0.01 -0.00 0.00 -0.02 -0.01 -0.01 -12.04 -215.98 -56.77 -9.94 -16.57 -0.55 -0.05 -10.48 -12.95 -7.85 -76.11 -441.75 -196.27 -71.62 -116.82 -19.62 -6.71 -81.63 -98.28 -74.93 -210.54 -684.34 -395.55 -207.93 -296.50 -95.97 -51.19 -230.64 -257.85 -220.78 -416.61
0.00 0.00 0.00 0.00 0.00 0.00 0.00 0.00 0.00 0.00 -45.29 -2.99 -0.03 -0.01 -0.00 0.00 -0.02 -0.01 -0.01 -12.04 -215.98 -56.77 -9.94 -16.57 -0.55 -0.05 -10.48 -12.95 -7.85 -76.11 -441.75 -196.27 -71.62 -116.82 -19.62 -6.71 -81.63 -98.28 -74.93 -210.54 -684.34 -395.55 -207.93 -296.50 -95.97 -51.19 -230.64 -257.85 -220.78 -416.61
0.00 0.00 0.00 0.00 0.00 0.00 0.00 0.00 0.00 0.00 -45.29 -2.99 -0.03 -0.01 -0.00 0.00 -0.02 -0.01 -0.01 -12.04 -215.98 -56.77 -9.94 -16.57 -0.55 -0.05 -10.48 -12.95 -7.85 -76.11 -441.75 -196.27 -71.62 -116.82 -19.62 -6.71 -81.63 -98.28 -74.93 -210.54 -684.34 -395.55 -207.93 -296.50 -95.97 -51.19 -230.64 -257.85 -220.78 -416.61
0.00 0.00 0.00 0.00 0.00 0.00 0.00 0.00 0.00 0.00 -45.29 -2.99 -0.03 -0.01 -0.00 0.00 -0.02 -0.01 -0.01 -12.04 -215.98 -56.77 -9.94 -16.57 -0.55 -0.05 -10.48 -12.95 -7.85 -76.11 -441.75 -196.27 -71.62 -116.82 -19.62 -6.71 -81.63 -98.28 -74.93 -210.54 -684.34 -395.55 -207.93 -296.50 -95.97 -51.19 -230.64 -257.85 -220.78 -416.61
0.00 0.00 0.00 0.00 0.00 0.00 0.00 0.00 0.00 0.00 -45.29 -2.99 -0.03 -0.01 -0.00 0.00 -0.02 -0.01 -0.01 -12.04 -215.98 -56.77 -9.94 -16.57 -0.55 -0.05 -10.48 -12.95 -7.85 -76.11 -441.75 -196.27 -71.62 -116.82 -19.62 -6.71 -81.63 -98.28 -74.93 -210.54 -684.34 -395.55 -207.93 -296.50 -95.97 -51.19 -230.64 -257.85 -220.78 -416.61
0.00 0.00 0.00 0.00 0.00 0.00 0.00 0.00 0.00 0.00 -45.29 -2.99 -0.03 -0.01 -0.00 0.00 -0.02 -0.01 -0.01 -12.04 -215.98 -56.77 -9.94 -16.57 -0.55 -0.05 -10.48 -12.95 -7.85 -76.11 -441.75 -196.27 -71.62 -116.82 -19.62 -6.71 -81.63 -98.28 -74.93 -210.54 -684.34 -395.55 -207.93 -296.50 -95.97 -51.19 -230.64 -257.85 -220.78 -416.61
0.00 0.00 0.00 0.00 0.00 0.00 0.00 0.00 0.00 0.00 -45.29 -2.99 -0.03 -0.01 -0.00 0.00 -0.02 -0.01 -0.01 -12.04 -215.98 -56.77 -9.94 -16.57 -0.55 -0.05 -10.48 -12.95 -7.85 -76.11 -441.75 -196.27 -71.62 -116.82 -19.62 -6.71 -81.63 -98.28 -74.93 -210.54 -684.34 -395.55 -207.93 -296.50 -95.97 -51.19 -230.64 -257.85 -220.78 -416.61
0.00 0.00 0.00 0.00 0.00 0.00 0.00 0.00 0.00 0.00 -45.29 -2.99 -0.03 -0.01 -0.00 0.00 -0.02 -0.01 -0.01 -12.04 -215.98 -56.77 -9.94 -16.57 -0.55 -0.05 -10.48 -12.95 -7.85 -76.11 -441.75 -196.27 -71.62 -116.82 -19.62 -6.71 -81.63 -98.28 -74.93 -210.54 -684.34 -395.55 -207.93 -296.50 -95.97 -51.19 -230.64 -257.85 -220.78 -416.61
0.00 0.00 0.00 0.00 0.00 0.00 0.00 0.00 0.00 0.00 -45.29 -2.99 -0.03 -0.01 -0.00 0.00 -0.02 -0.01 -0.01 -12.04 -215.98 -56.77 -9.94 -16.57 -0.55 -0.05 -10.48 -12.95 -7.85 -76.11 -441.75 -196.27 -71.62 -116.82 -19.62 -6.71 -81.63 -98.28 -74.93 -210.54 -684.34 -395.55 -207.93 -296.50 -95.97 -51.19 -230.64 -257.85 -220.78 -416.61
0.00 0.00 0.00 0.00 0.00 0.00 0.00 0.00 0.00 0.00 -45.29 -2.99 -0.03 -0.01 -0.00 0.00 -0.02 -0.01 -0.01 -12.04 -215.98 -56.77 -9.94 -16.57 -0.55 -0.05 -10.48 -12.95 -7.85 -76.11 -441.75 -196.27 -71.62 -116.82 -19.62 -6.71 -81.63 -98.28 -74.93 -210.54 -684.34 -395.55 -207.93 -296.50 -95.97 -51.19 -230.64 -257.85 -220.78 -416.61
0.00 0.00 0.00 0.00 0.00 0.00 0.00 0.00 0.00 0.00 -45.29 -2.99 -0.03 -0.01 -0.00 0.00 -0.02 -0.01 -0.01 -12.04 -215.98 -56.77 -9.94 -16.57 -0.55 -0.05 -10.48 -12.95 -7.85 -76.11 -441.75 -196.27 -71.62 -116.82 -19.62 -6.71 -81.63 -98.28 -74.93 -210.54 -684.34 -395.55 -207.93 -296.50 -95.97 -51.19 -230.64 -257.85 -220.78 -416.61
0.00 0.00 0.00 0.00 0.00 0.00 0.00 0.00 0.00 0.00 -45.29 -2.99 -0.03 -0.01 -0.00 0.00 -0.02 -0.01 -0.01 -12.04 -215.98 -56.77 -9.94 -16.57 -0.55 -0.05 -10.48 -12.95 -7.85 -76.11 -441.75 -196.27 -71.62 -116.82 -19.62 -6.71 -81.63 -98.28 -74.93 -210.54 -684.34 -395.55 -207.93 -296.50 -95.97 -51.19 -230.64 -257.85 -220.78 -416.61
0.00 0.00 0.00 0.00 0.00 0.00 0.00 0.00 0.00 0.00 -45.29 -2.99 -0.03 -0.01 -0.00 0.00 -0.02 -0.01 -0.01 -12.04 -215.98 -56.77 -9.94 -16.57 -0.55 -0.05 -10.48 -12.95 -7.85 -76.11 -441.75 -196.27 -71.62 -116.82 -19.62 -6.71 -81.63 -98.28 -74.93 -210.54 -684.34 -395.55 -207.93 -296.50 -95.97 -51.19 -230.64 -257.85 -220.78 -416.61
0.00 0.00 0.00 0.00 0.00 0.00 0.00 0.00 0.00 0.00 -24.42 -0.63 -0.00 -0.00 -0.00 0.00 -0.00 -0.00 -0.00 -3.41 -139.75 -18.87 -0.80 -0.25 -0.00 -0.00 -0.74 -0.14 -1.25 -43.00 -315.13 -84.10 -13.20 -7.54 -0.47 -0.03 -13.69 -6.35 -18.42 -131.00 -517.78 -202.23 -57.27 -43.25 -7.47 -1.46 -61.26 -42.68 -74.59 -279.57
0.00 0.00 0.00 0.00 0.00 0.00 0.00 0.00 0.00 0.00 -24.42 -0.63 -0.00 -0.00 -0.00 0.00 -0.00 -0.00 -0.00 -3.41 -139.75 -18.87 -0.80 -0.25 -0.00 -0.00 -0.74 -0.14 -1.25 -43.00 -315.13 -84.10 -13.20 -7.54 -0.47 -0.03 -13.69 -6.35 -18.42 -131.00 -517.78 -202.23 -57.27 -43.25 -7.47 -1.46 -61.26 -42.68 -74.59 -279.57
0.00 0.00 0.00 0.00 0.00 0.00 0.00 0.00 0.00 0.00 -24.42 -0.63 -0.00 -0.00 -0.00 0.00 -0.00 -0.00 -0.00 -3.41 -139.75 -18.87 -0.80 -0.25 -0.00 -0.00 -0.74 -0.14 -1.25 -43.00 -315.13 -84.10 -13.20 -7.54 -0.47 -0.03 -13.69 -6.35 -18.42 -131.00 -517.78 -202.23 -57.27 -43.25 -7.47 -1.46 -61.26 -42.68 -74.59 -279.57
0.00 0.00 0.00 0.00 0.00 0.00 0.00 0.00 0.00 0.00 -24.42 -0.63 -0.00 -0.00 -0.00 0.00 -0.00 -0.00 -0.00 -3.41 -139.75 -18.87 -0.80 -0.25 -0.00 -0.00 -0.74 -0.14 -1.25 -43.00 -315.13 -84.10 -13.20 -7.54 -0.47 -0.03 -13.69 -6.35 -18.42 -131.00 -517.78 -202.23 -57.27 -43.25 -7.47 -1.46 -61.26 -42.68 -74.59 -279.57
0.00 0.00 0.00 0.00 0.00 0.00 0.00 0.00 0.00 0.00 -24.42 -0.63 -0.00 -0.00 -0.00 0.00 -0.00 -0.00 -0.00 -3.41 -139.75 -18.87 -0.80 -0.25 -0.00 -0.00 -0.74 -0.14 -1.25 -43.00 -315.13 -84.10 -13.20 -7.54 -0.47 -0.03 -13.69 -6.35 -18.42 -131.00 -517.78 -202.23 -57.27 -43.25 -7.47 -1.46 -61.26 -42.68 -74.59 -279.57
0.00 0.00 0.00 0.00 0.00 0.00 0.00 0.00 0.00 0.00 -24.42 -0.63 -0.00 -0.00 -0.00 0.00 -0.00 -0.00 -0.00 -3.41 -139.75 -18.87 -0.80 -0.25 -0.00 -0.00 -0.74 -0.14 -1.25 -43.00 -315.13 -84.10 -13.20 -7.54 -0.47 -0.03 -13.69 -6.35 -18.42 -131.00 -517.78 -202.23 -57.27 -43.25 -7.47 -1.46 -61.26 -42.68 -74.59 -279.57
0.00 0.00 0.00 0.00 0.00 0.00 0.00 0.00 0.00 0.00 -24.42 -0.63 -0.00 -0.00 -0.00 0.00 -0.00 -0.00 -0.00 -3.41 -139.75 -18.87 -0.80 -0.25 -0.00 -0.00 -0.74 -0.14 -1.25 -43.00 -315.13 -84.10 -13.20 -7.54 -0.47 -0.03 -13.69 -6.35 -18.42 -131.00 -517.78 -202.23 -57.27 -43.25 -7.47 -1.46 -61.26 -42.68 -74.59 -279.57
0.00 0.00 0.00 0.00 0.00 0.00 0.00 0.00 0.00 0.00 -24.42 -0.63 -0.00 -0.00 -0.00 0.00 -0.00 -0.00 -0.00 -3.41 -139.75 -18.87 -0.80 -0.25 -0.00 -0.00 -0.74 -0.14 -1.25 -43.00 -315.13 -84.10 -13.20 -7.54 -0.47 -0.03 -13.69 -6.35 -18.42 -131.00 -517.78 -202.23 -57.27 -43.25 -7.47 -1.46 -61.26 -42.68 -74.59 -279.57
0.00 0.00 0.00 0.00 0.00 0.00 0.00 0.00 0.00 0.00 -24.42 -0.63 -0.00 -0.00 -0.00 0.00 -0.00 -0.00 -0.00 -3.41 -139.75 -18.87 -0.80 -0.25 -0.00 -0.00 -0.74 -0.14 -1.25 -43.00 -315.13 -84.10 -13.20 -7.54 -0.47 -0.03 -13.69 -6.35 -18.42 -131.00 -517.78 -202.23 -57.27 -43.25 -7.47 -1.46 -61.26 -42.68 -74.59 -279.57
0.00 0.00 0.00 0.00 0.00 0.00 0.00 0.00 0.00 0.00 -24.42 -0.63 -0.00 -0.00 -0.00 0.00 -0.00 -0.00 -0.00 -3.41 -139.75 -18.87 -0.80 -0.25 -0.00 -0.00 -0.74 -0.14 -1.25 -43.00 -315.13 -84.10 -13.20 -7.54 -0.47 -0.03 -13.69 -6.35 -18.42 -131.00 -517.78 -202.23 -57.27 -43.25 -7.47 -1.46 -61.26 -42.68 -74.59 -279.57
0.00 0.00 0.00 0.00 0.00 0.00 0.00 0.00 0.00 0.00 -24.42 -0.63 -0.00 -0.00 -0.00 0.00 -0.00 -0.00 -0.00 -3.41 -139.75 -18.87 -0.80 -0.25 -0.00 -0.00 -0.74 -0.14 -1.25 -43.00 -315.13 -84.10 -13.20 -7.54 -0.47 -0.03 -13.69 -6.35 -18.42 -131.00 -517.78 -202.23 -57.27 -43.25 -7.47 -1.46 -61.26 -42.68 -74.59 -279.57
0.00 0.00 0.00 0.00 0.00 0.00 0.00 0.00 0.00 0.00 -24.42 -0.63 -0.00 -0.00 -0.00 0.00 -0.00 -0.00 -0.00 -3.41 -139.75 -18.87 -0.80 -0.25 -0.00 -0.00 -0.74 -0.14 -1.25 -43.00 -315.13 -84.10 -13.20 -7.54 -0.47 -0.03 -13.69 -6.35 -18.42 -131.00 -517.78 -202.23 -57.27 -43.25 -7.47 -1.46 -61.26 -42.68 -74.59 -279.57
0.00 0.00 0.00 0.00 0.00 0.00 0.00 0.00 0.00 0.00 -24.42 -0.63 -0.00 -0.00 -0.00 0.00 -0.00 -0.00 -0.00 -3.41 -139.75 -18.87 -0.80 -0.25 -0.00 -0.00 -0.74 -0.14 -1.25 -43.00 -315.13 -84.10 -13.20 -7.54 -0.47 -0.03 -13.69 -6.35 -18.42 -131.00 -517.78 -202.23 -57.27 -43.25 -7.47 -1.46 -61.26 -42.68 -74.59 -279.57
0.00 0.00 0.00 0.00 0.00 0.00 0.00 0.00 0.00 0.00 -24.42 -0.63 -0.00 -0.00 -0.00 0.00 -0.00 -0.00 -0.00 -3.41 -139.75 -18.87 -0.80 -0.25 -0.00 -0.00 -0.74 -0.14 -1.25 -43.00 -315.13 -84.10 -13.20 -7.54 -0.47 -0.03 -13.69 -6.35 -18.42 -131.00 -517.78 -202.23 -57.27 -43.25 -7.47 -1.46 -61.26 -42.68 -74.59 -279.57
0.00 0.00 0.00 0.00 0.00 0.00 0.00 0.00 0.00 0.00 -24.42 -0.63 -0.00 -0.00 -0.00 0.00 -0.00 -0.00 -0.00 -3.41 -139.75 -18.87 -0.80 -0.25 -0.00 -0.00 -0.74 -0.14 -1.25 -43.00 -315.13 -84.10 -13.20 -7.54 -0.47 -0.03 -13.69 -6.35 -18.42 -131.00 -517.78 -202.23 -57.27 -43.25 -7.47 -1.46 -61.26 -42.68 -74.59 -279.57
0.00 0.00 0.00 0.00 0.00 0.00 0.00 0.00 0.00 0.00 -24.42 -0.63 -0.00 -0.00 -0.00 0.00 -0.00 -0.00 -0.00 -3.41 -139.75 -18.87 -0.80 -0.25 -0.00 -0.00 -0.74 -0.14 -1.25 -43.00 -315.13 -84.10 -13.20 -7.54 -0.47 -0.03 -13.69 -6.35 -18.42 -131.00 -517.78 -202.23 -57.27 -43.25 -7.47 -1.46 -61.26 -42.68 -74.59 -279.57
0.00 0.00 0.00 0.00 0.00 0.00 0.00 0.00 0.00 0.00 -24.42 -0.63 -0.00 -0.00 -0.00 0.00 -0.00 -0.00 -0.00 -3.41 -139.75 -18.87 -0.80 -0.25 -0.00 -0.00 -0.74 -0.14 -1.25 -43.00 -315.13 -84.10 -13.20 -7.54 -0.47 -0.03 -13.69 -6.35 -18.42 -131.00 -517.78 -202.23 -57.27 -43.25 -7.47 -1.46 -61.26 -42.68 -74.59 -279.57
0.00 0.00 0.00 0.00 0.00 0.00 0.00 0.00 0.00 0.00 -24.42 -0.63 -0.00 -0.00 -0.00 0.00 -0.00 -0.00 -0.00 -3.41 -139.75 -18.87 -0.80 -0.25 -0.00 -0.00 -0.74 -0.14 -1.25 -43.00 -315.13 -84.10 -13.20 -7.54 -0.47 -0.03 -13.69 -6.35 -18.42 -131.00 -517.78 -202.23 -57.27 -43.25 -7.47 -1.46 -61.26 -42.68 -74.59 -279.57
0.00 0.00 0.00 0.00 0.00 0.00 0.00 0.00 0.00 0.00 -24.42 -0.63 -0.00 -0.00 -0.00 0.00 -0.00 -0.00 -0.00 -3.41 -139.75 -18.87 -0.80 -0.25 -0.00 -0.00 -0.74 -0.14 -1.25 -43.00 -315.13 -84.10 -13.20 -7.54 -0.47 -0.03 -13.69 -6.35 -18.42 -131.00 -517.78 -202.23 -57.27 -43.25 -7.47 -1.46 -61.26 -42.68 -74.59 -279.57
0.00 0.00 0.00 0.00 0.00 0.00 0.00 0.00 0.00 0.00 -24.42 -0.63 -0.00 -0.00 -0.00 0.00 -0.00 -0.00 -0.00 -3.41 -139.75 -18.87 -0.80 -0.25 -0.00 -0.00 -0.74 -0.14 -1.25 -43.00 -315.13 -84.10 -13.20 -7.54 -0.47 -0.03 -13.69 -6.35 -18.42 -131.00 -517.78 -202.23 -57.27 -43.25 -7.47 -1.46 -61.26 -42.68 -74.59 -279.57
0.00 0.00 0.00 0.00 0.00 0.00 0.00 0.00 0.00 0.00 -24.42 -0.63 -0.00 -0.00 -0.00 0.00 -0.00 -0.00 -0.00 -3.41 -139.75 -18.87 -0.80 -0.25 -0.00 -0.00 -0.74 -0.14 -1.25 -43.00 -315.13 -84.10 -13.20 -7.54 -0.47 -0.03 -13.69 -6.35 -18.42 -131.00 -517.78 -202.23 -57.27 -43.25 -7.47 -1.46 -61.26 -42.68 -74.59 -279.57
0.00 0.00 0.00 0.00 0.00 0.00 0.00 0.00 0.00 0.00 -24.42 -0.63 -0.00 -0.00 -0.00 0.00 -0.00 -0.00 -0.00 -3.41 -139.75 -18.87 -0.80 -0.25 -0.00 -0.00 -0.74 -0.14 -1.25 -43.00 -315.13 -84.10 -13.20 -7.54 -0.47 -0.03 -13.69 -6.35 -18.42 -131.00 -517.78 -202.23 -57.27 -43.25 -7.47 -1.46 -61.26 -42.68 -74.59 -279.57
0.00 0.00 0.00 0.00 0.00 0.00 0.00 0.00 0.00 0.00 -24.42 -0.63 -0.00 -0.00 -0.00 0.00 -0.00 -0.00 -0.00 -3.41 -139.75 -18.87 -0.80 -0.25 -0.00 -0.00 -0.74 -0.14 -1.25 -43.00 -315.13 -84.10 -13.20 -7.54 -0.47 -0.03 -13.69 -6.35 -18.42 -131.00 -517.78 -202.23 -57.27 -43.25 -7.47 -1.46 -61.26 -42.68 -74.59 -279.57
0.00 0.00 0.00 0.00 0.00 0.00 0.00 0.00 0.00 0.00 -24.42 -0.63 -0.00 -0.00 -0.00 0.00 -0.00 -0.00 -0.00 -3.41 -139.75 -18.87 -0.80 -0.25 -0.00 -0.00 -0.74 -0.14 -1.25 -43.00 -315.13 -84.10 -13.20 -7.54 -0.47 -0.03 -13.69 -6.35 -18.42 -131.00 -517.78 -202.23 -57.27 -43.25 -7.47 -1.46 -61.26 -42.68 -74.59 -279.57
0.00 0.00 0.00 0.00 0.00 0.00 0.00 0.00 0.00 0.00 -24.42 -0.63 -0.00 -0.00 -0.00 0.00 -0.00 -0.00 -0.00 -3.41 -139.75 -18.87 -0.80 -0.25 -0.00 -0.00 -0.74 -0.14 -1.25 -43.00 -315.13 -84.10 -13.20 -7.54 -0.47 -0.03 -13.69 -6.35 -18.42 -131.00 -517.78 -202.23 -57.27 -43.25 -7.47 -1.46 -61.26 -42.68 -74.59 -279.57
0.00 0.00 0.00 0.00 0.00 0.00 0.00 0.00 0.00 0.00 -24.42 -0.63 -0.00 -0.00 -0.00 0.00 -0.00 -0.00 -0.00 -3.41 -139.75 -18.87 -0.80 -0.25 -0.00 -0.00 -0.74 -0.14 -1.25 -43.00 -315.13 -84.10 -13.20 -7.54 -0.47 -0.03 -13.69 -6.35 -18.42 -131.00 -517.78 -202.23 -57.27 -43.25 -7.47 -1.46 -61.26 -42.68 -74.59 -279.57
0.00 0.00 0.00 0.00 0.00 0.00 0.00 0.00 0.00 0.00 -24.42 -0.63 -0.00 -0.00 -0.00 0.00 -0.00 -0.00 -0.00 -3.41 -139.75 -18.87 -0.80 -0.25 -0.00 -0.00 -0.74 -0.14 -1.25 -43.00 -315.13 -84.10 -13.20 -7.54 -0.47 -0.03 -13.69 -6.35 -18.42 -131.00 -517.78 -202.23 -57.27 -43.25 -7.47 -1.46 -61.26 -42.68 -74.59 -279.57
0.00 0.00 0.00 0.00 0.00 0.00 0.00 0.00 0.00 0.00 -24.42 -0.63 -0.00 -0.00 -0.00 0.00 -0.00 -0.00 -0.00 -3.41 -139.75 -18.87 -0.80 -0.25 -0.00 -0.00 -0.74 -0.14 -1.25 -43.00 -315.13 -84.10 -13.20 -7.54 -0.47 -0.03 -13.69 -6.35 -18.42 -131.00 -517.78 -202.23 -57.27 -43.25 -7.47 -1.46 -61.26 -42.68 -74.59 -279.57
0.00 0.00 0.00 0.00 0.00 0.00 0.00 0.00 0.00 0.00 -24.42 -0.63 -0.00 -0.00 -0.00 0.00 -0.00 -0.00 -0.00 -3.41 -139.75 -18.87 -0.80 -0.25 -0.00 -0.00 -0.74 -0.14 -1.25 -43.00 -315.13 -84.10 -13.20 -7.54 -0.47 -0.03 -13.69 -6.35 -18.42 -131.00 -517.78 -202.23 -57.27 -43.25 -7.47 -1.46 -61.26 -42.68 -74.59 -279.57
0.00 0.00 0.00 0.00 0.00 0.00 0.00 0.00 0.00 0.00 -24.42 -0.63 -0.00 -0.00 -0.00 0.00 -0.00 -0.00 -0.00 -3.41 -139.75 -18.87 -0.80 -0.25 -0.00 -0.00 -0.74 -0.14 -1.25 -43.00 -315.13 -84.10 -13.20 -7.54 -0.47 -0.03 -13.69 -6.35 -18.42 -131.00 -517.78 -202.23 -57.27 -43.25 -7.47 -1.46 -61.26 -42.68 -74.59 -279.57
0.00 0.00 0.00 0.00 0.00 0.00 0.00 0.00 0.00 0.00 -24.42 -0.63 -0.00 -0.00 -0.00 0.00 -0.00 -0.00 -0.00 -3.41 -139.75 -18.87 -0.80 -0.25 -0.00 -0.00 -0.74 -0.14 -1.25 -43.00 -315.13 -84.10 -13.20 -7.54 -0.47 -0.03 -13.69 -6.35 -18.42 -131.00 -517.78 -202.23 -57.27 -43.25 -7.47 -1.46 -61.26 -42.68 -74.59 -279.57
0.00 0.00 0.00 0.00 0.00 0.00 0.00 0.00 0.00 0.00 -24.42 -0.63 -0.00 -0.00 -0.00 0.00 -0.00 -0.00 -0.00 -3.41 -139.75 -18.87 -0.80 -0.25 -0.00 -0.00 -0.74 -0.14 -1.25 -43.00 -315.13 -84.10 -13.20 -7.54 -0.47 -0.03 -13.69 -6.35 -18.42 -131.00 -517.78 -202.23 -57.27 -43.25 -7.47 -1.46 -61.26 -42.68 -74.59 -279.57
0.00 0.00 0.00 0.00 0.00 0.00 0.00 0.00 0.00 0.00 -24.42 -0.63 -0.00 -0.00 -0.00 0.00 -0.00 -0.00 -0.00 -3.41 -139.75 -18.87 -0.80 -0.25 -0.00 -0.00 -0.74 -0.14 -1.25 -43.00 -315.13 -84.10 -13.20 -7.54 -0.47 -0.03 -13.69 -6.35 -18.42 -131.00 -517.78 -202.23 -57.27 -43.25 -7.47 -1.46 -61.26 -42.68 -74.59 -279.57
0.00 0.00 0.00 0.00 0.00 0.00 0.00 0.00 0.00 0.00 -24.42 -0.63 -0.00 -0.00 -0.00 0.00 -0.00 -0.00 -0.00 -3.41 -139.75 -18.87 -0.80 -0.25 -0.00 -0.00 -0.74 -0.14 -1.25 -43.00 -315.13 -84.10 -13.20 -7.54 -0.47 -0.03 -13.69 -6.35 -18.42 -131.00 -517.78 -202.23 -57.27 -43.25 -7.47 -1.46 -61.26 -42.68 -74.59 -279.57
0.00 0.00 0.00 0.00 0.00 0.00 0.00 0.00 0.00 0.00 -24.42 -0.63 -0.00 -0.00 -0.00 0.00 -0.00 -0.00 -0.00 -3.41 -139.75 -18.87 -0.80 -0.25 -0.00 -0.00 -0.74 -0.14 -1.25 -43.00 -315.13 -84.10 -13.20 -7.54 -0.47 -0.03 -13.69 -6.35 -18.42 -131.00 -517.78 -202.23 -57.27 -43.25 -7.47 -1.46 -61.26 -42.68 -74.59 -279.57
0.00 0.00 0.00 0.00 0.00 0.00 0.00 0.00 0.00 0.00 -24.42 -0.63 -0.00 -0.00 -0.00 0.00 -0.00 -0.00 -0.00 -3.41 -139.75 -18.87 -0.80 -0.25 -0.00 -0.00 -0.74 -0.14 -1.25 -43.00 -315.13 -84.10 -13.20 -7.54 -0.47 -0.03 -13.69 -6.35 -18.42 -131.00 -517.78 -202.23 -57.27 -43.25 -7.47 -1.46 -61.26 -42.68 -74.59 -279.57
0.00 0.00 0.00 0.00 0.00 0.00 0.00 0.00 0.00 0.00 -24.42 -0.63 -0.00 -0.00 -0.00 0.00 -0.00 -0.00 -0.00 -3.41 -139.75 -18.87 -0.80 -0.25 -0.00 -0.00 -0.74 -0.14 -1.25 -43.00 -315.13 -84.10 -13.20 -7.54 -0.47 -0.03 -13.69 -6.35 -18.42 -131.00 -517.78 -202.23 -57.27 -43.25 -7.47 -1.46 -61.26 -42.68 -74.59 -279.57
0.00 0.00 0.00 0.00 0.00 0.00 0.00 0.00 0.00 0.00 -24.42 -0.63 -0.00 -0.00 -0.00 0.00 -0.00 -0.00 -0.00 -3.41 -139.75 -18.87 -0.80 -0.25 -0.00 -0.00 -0.74 -0.14 -1.25 -43.00 -315.13 -84.10 -13.20 -7.54 -0.47 -0.03 -13.69 -6.35 -18.42 -131.00 -517.78 -202.23 -57.27 -43.25 -7.47 -1.46 -61.26 -42.68 -74.59 -279.57
0.00 0.00 0.00 0.00 0.00 0.00 0.00 0.00 0.00 0.00 -24.42 -0.63 -0.00 -0.00 -0.00 0.00 -0.00 -0.00 -0.00 -3.41 -139.75 -18.87 -0.80 -0.25 -0.00 -0.00 -0.74 -0.14 -1.25 -43.00 -315.13 -84.10 -13.20 -7.54 -0.47 -0.03 -13.69 -6.35 -18.42 -131.00 -517.78 -202.23 -57.27 -43.25 -7.47 -1.46 -61.26 -42.68 -74.59 -279.57
0.00 0.00 0.00 0.00 0.00 0.00 0.00 0.00 0.00 0.00 -24.42 -0.63 -0.00 -0.00 -0.00 0.00 -0.00 -0.00 -0.00 -3.41 -139.75 -18.87 -0.80 -0.25 -0.00 -0.00 -0.74 -0.14 -1.25 -43.00 -315.13 -84.10 -13.20 -7.54 -0.47 -0.03 -13.69 -6.35 -18.42 -131.00 -517.78 -202.23 -57.27 -43.25 -7.47 -1.46 -61.26 -42.68 -74.59 -279.57
0.00 0.00 0.00 0.00 0.00 0.00 0.00 0.00 0.00 0.00 -24.42 -0.63 -0.00 -0.00 -0.00 0.00 -0.00 -0.00 -0.00 -3.41 -139.75 -18.87 -0.80 -0.25 -0.00 -0.00 -0.74 -0.14 -1.25 -43.00 -315.13 -84.10 -13.20 -7.54 -0.47 -0.03 -13.69 -6.35 -18.42 -131.00 -517.78 -202.23 -57.27 -43.25 -7.47 -1.46 -61.26 -42.68 -74.59 -279.57
0.00 0.00 0.00 0.00 0.00 0.00 0.00 0.00 0.00 0.00 -24.42 -0.63 -0.00 -0.00 -0.00 0.00 -0.00 -0.00 -0.00 -3.41 -139.75 -18.87 -0.80 -0.25 -0.00 -0.00 -0.74 -0.14 -1.25 -43.00 -315.13 -84.10 -13.20 -7.54 -0.47 -0.03 -13.69 -6.35 -18.42 -131.00 -517.78 -202.23 -57.27 -43.25 -7.47 -1.46 -61.26 -42.68 -74.59 -279.57
0.00 0.00 0.00 0.00 0.00 0.00 0.00 0.00 0.00 0.00 -24.42 -0.63 -0.00 -0.00 -0.00 0.00 -0.00 -0.00 -0.00 -3.41 -139.75 -18.87 -0.80 -0.25 -0.00 -0.00 -0.74 -0.14 -1.25 -43.00 -315.13 -84.10 -13.20 -7.54 -0.47 -0.03 -13.69 -6.35 -18.42 -131.00 -517.78 -202.23 -57.27 -43.25 -7.47 -1.46 -61.26 -42.68 -74.59 -279.57
0.00 0.00 0.00 0.00 0.00 0.00 0.00 0.00 0.00 0.00 -24.42 -0.63 -0.00 -0.00 -0.00 0.00 -0.00 -0.00 -0.00 -3.41 -139.75 -18.87 -0.80 -0.25 -0.00 -0.00 -0.74 -0.14 -1.25 -43.00 -315.13 -84.10 -13.20 -7.54 -0.47 -0.03 -13.69 -6.35 -18.42 -131.00 -517.78 -202.23 -57.27 -43.25 -7.47 -1.46 -61.26 -42.68 -74.59 -279.57
0.00 0.00 0.00 0.00 0.00 0.00 0.00 0.00 0.00 0.00 -24.42 -0.63 -0.00 -0.00 -0.00 0.00 -0.00 -0.00 -0.00 -3.41 -139.75 -18.87 -0.80 -0.25 -0.00 -0.00 -0.74 -0.14 -1.25 -43.00 -315.13 -84.10 -13.20 -7.54 -0.47 -0.03 -13.69 -6.35 -18.42 -131.00 -517.78 -202.23 -57.27 -43.25 -7.47 -1.46 -61.26 -42.68 -74.59 -279.57
0.00 0.00 0.00 0.00 0.00 0.00 0.00 0.00 0.00 0.00 -24.42 -0.63 -0.00 -0.00 -0.00 0.00 -0.00 -0.00 -0.00 -3.41 -139.75 -18.87 -0.80 -0.25 -0.00 -0.00 -0.74 -0.14 -1.25 -43.00 -315.13 -84.10 -13.20 -7.54 -0.47 -0.03 -13.69 -6.35 -18.42 -131.00 -517.78 -202.23 -57.27 -43.25 -7.47 -1.46 -61.26 -42.68 -74.59 -279.57
0.00 0.00 0.00 0.00 0.00 0.00 0.00 0.00 0.00 0.00 -24.42 -0.63 -0.00 -0.00 -0.00 0.00 -0.00 -0.00 -0.00 -3.41 -139.75 -18.87 -0.80 -0.25 -0.00 -0.00 -0.74 -0.14 -1.25 -43.00 -315.13 -84.10 -13.20 -7.54 -0.47 -0.03 -13.69 -6.35 -18.42 -131.00 -517.78 -202.23 -57.27 -43.25 -7.47 -1.46 -61.26 -42.68 -74.59 -279.57
0.00 0.00 0.00 0.00 0.00 0.00 0.00 0.00 0.00 0.00 -24.42 -0.63 -0.00 -0.00 -0.00 0.00 -0.00 -0.00 -0.00 -3.41 -139.75 -18.87 -0.80 -0.25 -0.00 -0.00 -0.74 -0.14 -1.25 -43.00 -315.13 -84.10 -13.20 -7.54 -0.47 -0.03 -13.69 -6.35 -18.42 -131.00 -517.78 -202.23 -57.27 -43.25 -7.47 -1.46 -61.26 -42.68 -74.59 -279.57
0.00 0.00 0.00 0.00 0.00 0.00 0.00 0.00 0.00 0.00 -24.42 -0.63 -0.00 -0.00 -0.00 0.00 -0.00 -0.00 -0.00 -3.41 -139.75 -18.87 -0.80 -0.25 -0.00 -0.00 -0.74 -0.14 -1.25 -43.00 -315.13 -84.10 -13.20 -7.54 -0.47 -0.03 -13.69 -6.35 -18.42 -131.00 -517.78 -202.23 -57.27 -43.25 -7.47 -1.46 -61.26 -42.68 -74.59 -279.57
0.00 0.00 0.00 0.00 0.00 0.00 0.00 0.00 0.00 0.00 -24.42 -0.63 -0.00 -0.00 -0.00 0.00 -0.00 -0.00 -0.00 -3.41 -139.75 -18.87 -0.80 -0.25 -0.00 -0.00 -0.74 -0.14 -1.25 -43.00 -315.13 -84.10 -13.20 -7.54 -0.47 -0.03 -13.69 -6.35 -18.42 -131.00 -517.78 -202.23 -57.27 -43.25 -7.47 -1.46 -61.26 -42.68 -74.59 -279.57
0.00 0.00 0.00 0.00 0.00 0.00 0.00 0.00 0.00 0.00 -24.42 -0.63 -0.00 -0.00 -0.00 0.00 -0.00 -0.00 -0.00 -3.41 -139.75 -18.87 -0.80 -0.25 -0.00 -0.00 -0.74 -0.14 -1.25 -43.00 -315.13 -84.10 -13.20 -7.54 -0.47 -0.03 -13.69 -6.35 -18.42 -131.00 -517.78 -202.23 -57.27 -43.25 -7.47 -1.46 -61.26 -42.68 -74.59 -279.57
0.00 0.00 0.00 0.00 0.00 0.00 0.00 0.00 0.00 0.00 -24.42 -0.63 -0.00 -0.00 -0.00 0.00 -0.00 -0.00 -0.00 -3.41 -139.75 -18.87 -0.80 -0.25 -0.00 -0.00 -0.74 -0.14 -1.25 -43.00 -315.13 -84.10 -13.20 -7.54 -0.47 -0.03 -13.69 -6.35 -18.42 -131.00 -517.78 -202.23 -57.27 -43.25 -7.47 -1.46 -61.26 -42.68 -74.59 -279.57
0.00 0.00 0.00 0.00 0.00 0.00 0.00 0.00 0.00 0.00 -24.42 -0.63 -0.00 -0.00 -0.00 0.00 -0.00 -0.00 -0.00 -3.41 -139.75 -18.87 -0.80 -0.25 -0.00 -0.00 -0.74 -0.14 -1.25 -43.00 -315.13 -84.10 -13.20 -7.54 -0.47 -0.03 -13.69 -6.35 -18.42 -131.00 -517.78 -202.23 -57.27 -43.25 -7.47 -1.46 -61.26 -42.68 -74.59 -279.57
0.00 0.00 0.00 0.00 0.00 0.00 0.00 0.00 0.00 0.00 -24.42 -0.63 -0.00 -0.00 -0.00 0.00 -0.00 -0.00 -0.00 -3.41 -139.75 -18.87 -0.80 -0.25 -0.00 -0.00 -0.74 -0.14 -1.25 -43.00 -315.13 -84.10 -13.20 -7.54 -0.47 -0.03 -13.69 -6.35 -18.42 -131.00 -517.78 -202.23 -57.27 -43.25 -7.47 -1.46 -61.26 -42.68 -74.59 -279.57
0.00 0.00 0.00 0.00 0.00 0.00 0.00 0.00 0.00 0.00 -24.42 -0.63 -0.00 -0.00 -0.00 0.00 -0.00 -0.00 -0.00 -3.41 -139.75 -18.87 -0.80 -0.25 -0.00 -0.00 -0.74 -0.14 -1.25 -43.00 -315.13 -84.10 -13.20 -7.54 -0.47 -0.03 -13.69 -6.35 -18.42 -131.00 -517.78 -202.23 -57.27 -43.25 -7.47 -1.46 -61.26 -42.68 -74.59 -279.57
0.00 0.00 0.00 0.00 0.00 0.00 0.00 0.00 0.00 0.00 -24.42 -0.63 -0.00 -0.00 -0.00 0.00 -0.00 -0.00 -0.00 -3.41 -139.75 -18.87 -0.80 -0.25 -0.00 -0.00 -0.74 -0.14 -1.25 -43.00 -315.13 -84.10 -13.20 -7.54 -0.47 -0.03 -13.69 -6.35 -18.42 -131.00 -517.78 -202.23 -57.27 -43.25 -7.47 -1.46 -61.26 -42.68 -74.59 -279.57
0.00 0.00 0.00 0.00 0.00 0.00 0.00 0.00 0.00 0.00 -24.42 -0.63 -0.00 -0.00 -0.00 0.00 -0.00 -0.00 -0.00 -3.41 -139.75 -18.87 -0.80 -0.25 -0.00 -0.00 -0.74 -0.14 -1.25 -43.00 -315.13 -84.10 -13.20 -7.54 -0.47 -0.03 -13.69 -6.35 -18.42 -131.00 -517.78 -202.23 -57.27 -43.25 -7.47 -1.46 -61.26 -42.68 -74.59 -279.57
0.00 0.00 0.00 0.00 0.00 0.00 0.00 0.00 0.00 0.00 -24.42 -0.63 -0.00 -0.00 -0.00 0.00 -0.00 -0.00 -0.00 -3.41 -139.75 -18.87 -0.80 -0.25 -0.00 -0.00 -0.74 -0.14 -1.25 -43.00 -315.13 -84.10 -13.20 -7.54 -0.47 -0.03 -13.69 -6.35 -18.42 -131.00 -517.78 -202.23 -57.27 -43.25 -7.47 -1.46 -61.26 -42.68 -74.59 -279.57
0.00 0.00 0.00 0.00 0.00 0.00 0.00 0.00 0.00 0.00 -24.42 -0.63 -0.00 -0.00 -0.00 0.00 -0.00 -0.00 -0.00 -3.41 -139.75 -18.87 -0.80 -0.25 -0.00 -0.00 -0.74 -0.14 -1.25 -43.00 -315.13 -84.10 -13.20 -7.54 -0.47 -0.03 -13.69 -6.35 -18.42 -131.00 -517.78 -202.23 -57.27 -43.25 -7.47 -1.46 -61.26 -42.68 -74.59 -279.57
0.00 0.00 0.00 0.00 0.00 0.00 0.00 0.00 0.00 0.00 -24.42 -0.63 -0.00 -0.00 -0.00 0.00 -0.00 -0.00 -0.00 -3.41 -139.75 -18.87 -0.80 -0.25 -0.00 -0.00 -0.74 -0.14 -1.25 -43.00 -315.13 -84.10 -13.20 -7.54 -0.47 -0.03 -13.69 -6.35 -18.42 -131.00 -517.78 -202.23 -57.27 -43.25 -7.47 -1.46 -61.26 -42.68 -74.59 -279.57
0.00 0.00 0.00 0.00 0.00 0.00 0.00 0.00 0.00 0.00 -24.42 -0.63 -0.00 -0.00 -0.00 0.00 -0.00 -0.00 -0.00 -3.41 -139.75 -18.87 -0.80 -0.25 -0.00 -0.00 -0.74 -0.14 -1.25 -43.00 -315.13 -84.10 -13.20 -7.54 -0.47 -0.03 -13.69 -6.35 -18.42 -131.00 -517.78 -202.23 -57.27 -43.25 -7.47 -1.46 -61.26 -42.68 -74.59 -279.57
0.00 0.00 0.00 0.00 0.00 0.00 0.00 0.00 0.00 0.00 -23.61 -0.57 -0.00 -0.00 -0.00 0.00 -0.00 -0.00 -0.00 -3.11 -136.55 -17.63 -0.73 -0.24 -0.00 -0.00 -0.52 -0.05 -1.10 -40.42 -309.76 -79.60 -11.84 -8.93 -0.53 -0.01 -11.01 -3.33 -17.07 -125.06 -510.97 -193.89 -51.98 -48.56 -7.50 -0.86 -54.56 -24.40 -70.39 -269.66
0.00 0.00 0.00 0.00 0.00 0.00 0.00 0.00 0.00 0.00 -23.61 -0.57 -0.00 -0.00 -0.00 0.00 -0.00 -0.00 -0.00 -3.11 -136.55 -17.63 -0.73 -0.24 -0.00 -0.00 -0.52 -0.05 -1.10 -40.42 -309.76 -79.60 -11.84 -8.93 -0.53 -0.01 -11.01 -3.33 -17.07 -125.06 -510.97 -193.89 -51.98 -48.56 -7.50 -0.86 -54.56 -24.40 -70.39 -269.66
0.00 0.00 0.00 0.00 0.00 0.00 0.00 0.00 0.00 0.00 -23.61 -0.57 -0.00 -0.00 -0.00 0.00 -0.00 -0.00 -0.00 -3.11 -136.55 -17.63 -0.73 -0.24 -0.00 -0.00 -0.52 -0.05 -1.10 -40.42 -309.76 -79.60 -11.84 -8.93 -0.53 -0.01 -11.01 -3.33 -17.07 -125.06 -510.97 -193.89 -51.98 -48.56 -7.50 -0.86 -54.56 -24.40 -70.39 -269.66
0.00 0.00 0.00 0.00 0.00 0.00 0.00 0.00 0.00 0.00 -23.61 -0.57 -0.00 -0.00 -0.00 0.00 -0.00 -0.00 -0.00 -3.11 -136.55 -17.63 -0.73 -0.24 -0.00 -0.00 -0.52 -0.05 -1.10 -40.42 -309.76 -79.60 -11.84 -8.93 -0.53 -0.01 -11.01 -3.33 -17.07 -125.06 -510.97 -193.89 -51.98 -48.56 -7.50 -0.86 -54.56 -24.40 -70.39 -269.66
0.00 0.00 0.00 0.00 0.00 0.00 0.00 0.00 0.00 0.00 -23.61 -0.57 -0.00 -0.00 -0.00 0.00 -0.00 -0.00 -0.00 -3.11 -136.55 -17.63 -0.73 -0.24 -0.00 -0.00 -0.52 -0.05 -1.10 -40.42 -309.76 -79.60 -11.84 -8.93 -0.53 -0.01 -11.01 -3.33 -17.07 -125.06 -510.97 -193.89 -51.98 -48.56 -7.50 -0.86 -54.56 -24.40 -70.39 -269.66
0.00 0.00 0.00 0.00 0.00 0.00 0.00 0.00 0.00 0.00 -23.61 -0.57 -0.00 -0.00 -0.00 0.00 -0.00 -0.00 -0.00 -3.11 -136.55 -17.63 -0.73 -0.24 -0.00 -0.00 -0.52 -0.05 -1.10 -40.42 -309.76 -79.60 -11.84 -8.93 -0.53 -0.01 -11.01 -3.33 -17.07 -125.06 -510.97 -193.89 -51.98 -48.56 -7.50 -0.86 -54.56 -24.40 -70.39 -269.66
0.00 0.00 0.00 0.00 0.00 0.00 0.00 0.00 0.00 0.00 -23.61 -0.57 -0.00 -0.00 -0.00 0.00 -0.00 -0.00 -0.00 -3.11 -136.55 -17.63 -0.73 -0.24 -0.00 -0.00 -0.52 -0.05 -1.10 -40.42 -309.76 -79.60 -11.84 -8.93 -0.53 -0.01 -11.01 -3.33 -17.07 -125.06 -510.97 -193.89 -51.98 -48.56 -7.50 -0.86 -54.56 -24.40 -70.39 -269.66
0.00 0.00 0.00 0.00 0.00 0.00 0.00 0.00 0.00 0.00 -23.61 -0.57 -0.00 -0.00 -0.00 0.00 -0.00 -0.00 -0.00 -3.11 -136.55 -17.63 -0.73 -0.24 -0.00 -0.00 -0.52 -0.05 -1.10 -40.42 -309.76 -79.60 -11.84 -8.93 -0.53 -0.01 -11.01 -3.33 -17.07 -125.06 -510.97 -193.89 -51.98 -48.56 -7.50 -0.86 -54.56 -24.40 -70.39 -269.66
0.00 0.00 0.00 0.00 0.00 0.00 0.00 0.00 0.00 0.00 -23.61 -0.57 -0.00 -0.00 -0.00 0.00 -0.00 -0.00 -0.00 -3.11 -136.55 -17.63 -0.73 -0.24 -0.00 -0.00 -0.52 -0.05 -1.10 -40.42 -309.76 -79.60 -11.84 -8.93 -0.53 -0.01 -11.01 -3.33 -17.07 -125.06 -510.97 -193.89 -51.98 -48.56 -7.50 -0.86 -54.56 -24.40 -70.39 -269.66
0.00 0.00 0.00 0.00 0.00 0.00 0.00 0.00 0.00 0.00 -17.08 -0.27 -0.00 -0.00 0.00 -0.00 -0.00 -0.00 -0.00 -2.73 -104.69 -10.12 -0.18 -0.02 -0.00 -0.00 -0.09 -0.02 -0.20 -32.63 -246.20 -51.33 -4.00 -1.42 -0.09 -0.00 -3.15 -1.40 -5.15 -106.41 -416.52 -132.19 -21.84 -12.12 -1.96 -0.08 -20.79 -13.60 -28.44 -228.62
0.00 0.00 0.00 0.00 0.00 0.00 0.00 0.00 0.00 0.00 -17.08 -0.27 -0.00 -0.00 0.00 -0.00 -0.00 -0.00 -0.00 -2.73 -104.69 -10.12 -0.18 -0.02 -0.00 -0.00 -0.09 -0.02 -0.20 -32.63 -246.20 -51.33 -4.00 -1.42 -0.09 -0.00 -3.15 -1.40 -5.15 -106.41 -416.52 -132.19 -21.84 -12.12 -1.96 -0.08 -20.79 -13.60 -28.44 -228.62
0.00 0.00 0.00 0.00 0.00 0.00 0.00 0.00 0.00 0.00 -17.08 -0.27 -0.00 -0.00 0.00 -0.00 -0.00 -0.00 -0.00 -2.73 -104.69 -10.12 -0.18 -0.02 -0.00 -0.00 -0.09 -0.02 -0.20 -32.63 -246.20 -51.33 -4.00 -1.42 -0.09 -0.00 -3.15 -1.40 -5.15 -106.41 -416.52 -132.19 -21.84 -12.12 -1.96 -0.08 -20.79 -13.60 -28.44 -228.62
0.00 0.00 0.00 0.00 0.00 0.00 0.00 0.00 0.00 0.00 -17.08 -0.27 -0.00 -0.00 0.00 -0.00 -0.00 -0.00 -0.00 -2.73 -104.69 -10.12 -0.18 -0.02 -0.00 -0.00 -0.09 -0.02 -0.20 -32.63 -246.20 -51.33 -4.00 -1.42 -0.09 -0.00 -3.15 -1.40 -5.15 -106.41 -416.52 -132.19 -21.84 -12.12 -1.96 -0.08 -20.79 -13.60 -28.44 -228.62
0.00 0.00 0.00 0.00 0.00 0.00 0.00 0.00 0.00 0.00 -17.08 -0.27 -0.00 -0.00 0.00 -0.00 -0.00 -0.00 -0.00 -2.73 -104.69 -10.12 -0.18 -0.02 -0.00 -0.00 -0.09 -0.02 -0.20 -32.63 -246.20 -51.33 -4.00 -1.42 -0.09 -0.00 -3.15 -1.40 -5.15 -106.41 -416.52 -132.19 -21.84 -12.12 -1.96 -0.08 -20.79 -13.60 -28.44 -228.62
0.00 0.00 0.00 0.00 0.00 0.00 0.00 0.00 0.00 0.00 -17.08 -0.27 -0.00 -0.00 0.00 -0.00 -0.00 -0.00 -0.00 -2.73 -104.69 -10.12 -0.18 -0.02 -0.00 -0.00 -0.09 -0.02 -0.20 -32.63 -246.20 -51.33 -4.00 -1.42 -0.09 -0.00 -3.15 -1.40 -5.15 -106.41 -416.52 -132.19 -21.84 -12.12 -1.96 -0.08 -20.79 -13.60 -28.44 -228.62
0.00 0.00 0.00 0.00 0.00 0.00 0.00 0.00 0.00 0.00 -17.08 -0.27 -0.00 -0.00 0.00 -0.00 -0.00 -0.00 -0.00 -2.73 -104.69 -10.12 -0.18 -0.02 -0.00 -0.00 -0.09 -0.02 -0.20 -32.63 -246.20 -51.33 -4.00 -1.42 -0.09 -0.00 -3.15 -1.40 -5.15 -106.41 -416.52 -132.19 -21.84 -12.12 -1.96 -0.08 -20.79 -13.60 -28.44 -228.62
0.00 0.00 0.00 0.00 0.00 0.00 0.00 0.00 0.00 0.00 -17.08 -0.27 -0.00 -0.00 0.00 -0.00 -0.00 -0.00 -0.00 -2.73 -104.69 -10.12 -0.18 -0.02 -0.00 -0.00 -0.09 -0.02 -0.20 -32.63 -246.20 -51.33 -4.00 -1.42 -0.09 -0.00 -3.15 -1.40 -5.15 -106.41 -416.52 -132.19 -21.84 -12.12 -1.96 -0.08 -20.79 -13.60 -28.44 -228.62
0.00 0.00 0.00 0.00 0.00 0.00 0.00 0.00 0.00 0.00 -17.08 -0.27 -0.00 -0.00 0.00 -0.00 -0.00 -0.00 -0.00 -2.73 -104.69 -10.12 -0.18 -0.02 -0.00 -0.00 -0.09 -0.02 -0.20 -32.63 -246.20 -51.33 -4.00 -1.42 -0.09 -0.00 -3.15 -1.40 -5.15 -106.41 -416.52 -132.19 -21.84 -12.12 -1.96 -0.08 -20.79 -13.60 -28.44 -228.62
0.00 0.00 0.00 0.00 0.00 0.00 0.00 0.00 0.00 0.00 -17.08 -0.27 -0.00 -0.00 0.00 -0.00 -0.00 -0.00 -0.00 -2.73 -104.69 -10.12 -0.18 -0.02 -0.00 -0.00 -0.09 -0.02 -0.20 -32.63 -246.20 -51.33 -4.00 -1.42 -0.09 -0.00 -3.15 -1.40 -5.15 -106.41 -416.52 -132.19 -21.84 -12.12 -1.96 -0.08 -20.79 -13.60 -28.44 -228.62
0.00 0.00 0.00 0.00 0.00 0.00 0.00 0.00 0.00 0.00 -17.08 -0.27 -0.00 -0.00 0.00 -0.00 -0.00 -0.00 -0.00 -2.73 -104.69 -10.12 -0.18 -0.02 -0.00 -0.00 -0.09 -0.02 -0.20 -32.63 -246.20 -51.33 -4.00 -1.42 -0.09 -0.00 -3.15 -1.40 -5.15 -106.41 -416.52 -132.19 -21.84 -12.12 -1.96 -0.08 -20.79 -13.60 -28.44 -228.62
0.00 0.00 0.00 0.00 0.00 0.00 0.00 0.00 0.00 0.00 -17.08 -0.27 -0.00 -0.00 0.00 -0.00 -0.00 -0.00 -0.00 -2.73 -104.69 -10.12 -0.18 -0.02 -0.00 -0.00 -0.09 -0.02 -0.20 -32.63 -246.20 -51.33 -4.00 -1.42 -0.09 -0.00 -3.15 -1.40 -5.15 -106.41 -416.52 -132.19 -21.84 -12.12 -1.96 -0.08 -20.79 -13.60 -28.44 -228.62
0.00 0.00 0.00 0.00 0.00 0.00 0.00 0.00 0.00 0.00 -17.08 -0.27 -0.00 -0.00 0.00 -0.00 -0.00 -0.00 -0.00 -2.73 -104.69 -10.12 -0.18 -0.02 -0.00 -0.00 -0.09 -0.02 -0.20 -32.63 -246.20 -51.33 -4.00 -1.42 -0.09 -0.00 -3.15 -1.40 -5.15 -106.41 -416.52 -132.19 -21.84 -12.12 -1.96 -0.08 -20.79 -13.60 -28.44 -228.62
0.00 0.00 0.00 0.00 0.00 0.00 0.00 0.00 0.00 0.00 -17.08 -0.27 -0.00 -0.00 0.00 -0.00 -0.00 -0.00 -0.00 -2.73 -104.69 -10.12 -0.18 -0.02 -0.00 -0.00 -0.09 -0.02 -0.20 -32.63 -246.20 -51.33 -4.00 -1.42 -0.09 -0.00 -3.15 -1.40 -5.15 -106.41 -416.52 -132.19 -21.84 -12.12 -1.96 -0.08 -20.79 -13.60 -28.44 -228.62
0.00 0.00 0.00 0.00 0.00 0.00 0.00 0.00 0.00 0.00 -17.08 -0.27 -0.00 -0.00 0.00 -0.00 -0.00 -0.00 -0.00 -2.73 -104.69 -10.12 -0.18 -0.02 -0.00 -0.00 -0.09 -0.02 -0.20 -32.63 -246.20 -51.33 -4.00 -1.42 -0.09 -0.00 -3.15 -1.40 -5.15 -106.41 -416.52 -132.19 -21.84 -12.12 -1.96 -0.08 -20.79 -13.60 -28.44 -228.62
0.00 0.00 0.00 0.00 0.00 0.00 0.00 0.00 0.00 0.00 -17.08 -0.27 -0.00 -0.00 0.00 -0.00 -0.00 -0.00 -0.00 -2.73 -104.69 -10.12 -0.18 -0.02 -0.00 -0.00 -0.09 -0.02 -0.20 -32.63 -246.20 -51.33 -4.00 -1.42 -0.09 -0.00 -3.15 -1.40 -5.15 -106.41 -416.52 -132.19 -21.84 -12.12 -1.96 -0.08 -20.79 -13.60 -28.44 -228.62
0.00 0.00 0.00 0.00 0.00 0.00 0.00 0.00 0.00 0.00 -17.08 -0.27 -0.00 -0.00 0.00 -0.00 -0.00 -0.00 -0.00 -2.73 -104.69 -10.12 -0.18 -0.02 -0.00 -0.00 -0.09 -0.02 -0.20 -32.63 -246.20 -51.33 -4.00 -1.42 -0.09 -0.00 -3.15 -1.40 -5.15 -106.41 -416.52 -132.19 -21.84 -12.12 -1.96 -0.08 -20.79 -13.60 -28.44 -228.62
0.00 0.00 0.00 0.00 0.00 0.00 0.00 0.00 0.00 0.00 -17.08 -0.27 -0.00 -0.00 0.00 -0.00 -0.00 -0.00 -0.00 -2.73 -104.69 -10.12 -0.18 -0.02 -0.00 -0.00 -0.09 -0.02 -0.20 -32.63 -246.20 -51.33 -4.00 -1.42 -0.09 -0.00 -3.15 -1.40 -5.15 -106.41 -416.52 -132.19 -21.84 -12.12 -1.96 -0.08 -20.79 -13.60 -28.44 -228.62
0.00 0.00 0.00 0.00 0.00 0.00 0.00 0.00 0.00 0.00 -17.08 -0.27 -0.00 -0.00 0.00 -0.00 -0.00 -0.00 -0.00 -2.73 -104.69 -10.12 -0.18 -0.02 -0.00 -0.00 -0.09 -0.02 -0.20 -32.63 -246.20 -51.33 -4.00 -1.42 -0.09 -0.00 -3.15 -1.40 -5.15 -106.41 -416.52 -132.19 -21.84 -12.12 -1.96 -0.08 -20.79 -13.60 -28.44 -228.62
0.00 0.00 0.00 0.00 0.00 0.00 0.00 0.00 0.00 0.00 -17.08 -0.27 -0.00 -0.00 0.00 -0.00 -0.00 -0.00 -0.00 -2.73 -104.69 -10.12 -0.18 -0.02 -0.00 -0.00 -0.09 -0.02 -0.20 -32.63 -246.20 -51.33 -4.00 -1.42 -0.09 -0.00 -3.15 -1.40 -5.15 -106.41 -416.52 -132.19 -21.84 -12.12 -1.96 -0.08 -20.79 -13.60 -28.44 -228.62
0.00 0.00 0.00 0.00 0.00 0.00 0.00 0.00 0.00 0.00 -17.08 -0.27 -0.00 -0.00 0.00 -0.00 -0.00 -0.00 -0.00 -2.73 -104.69 -10.12 -0.18 -0.02 -0.00 -0.00 -0.09 -0.02 -0.20 -32.63 -246.20 -51.33 -4.00 -1.42 -0.09 -0.00 -3.15 -1.40 -5.15 -106.41 -416.52 -132.19 -21.84 -12.12 -1.96 -0.08 -20.79 -13.60 -28.44 -228.62
0.00 0.00 0.00 0.00 0.00 0.00 0.00 0.00 0.00 0.00 -17.08 -0.27 -0.00 -0.00 0.00 -0.00 -0.00 -0.00 -0.00 -2.73 -104.69 -10.12 -0.18 -0.02 -0.00 -0.00 -0.09 -0.02 -0.20 -32.63 -246.20 -51.33 -4.00 -1.42 -0.09 -0.00 -3.15 -1.40 -5.15 -106.41 -416.52 -132.19 -21.84 -12.12 -1.96 -0.08 -20.79 -13.60 -28.44 -228.62
0.00 0.00 0.00 0.00 0.00 0.00 0.00 0.00 0.00 0.00 -17.08 -0.27 -0.00 -0.00 0.00 -0.00 -0.00 -0.00 -0.00 -2.73 -104.69 -10.12 -0.18 -0.02 -0.00 -0.00 -0.09 -0.02 -0.20 -32.63 -246.20 -51.33 -4.00 -1.42 -0.09 -0.00 -3.15 -1.40 -5.15 -106.41 -416.52 -132.19 -21.84 -12.12 -1.96 -0.08 -20.79 -13.60 -28.44 -228.62
0.00 0.00 0.00 0.00 0.00 0.00 0.00 0.00 0.00 0.00 -17.08 -0.27 -0.00 -0.00 0.00 -0.00 -0.00 -0.00 -0.00 -2.73 -104.69 -10.12 -0.18 -0.02 -0.00 -0.00 -0.09 -0.02 -0.20 -32.63 -246.20 -51.33 -4.00 -1.42 -0.09 -0.00 -3.15 -1.40 -5.15 -106.41 -416.52 -132.19 -21.84 -12.12 -1.96 -0.08 -20.79 -13.60 -28.44 -228.62
0.00 0.00 0.00 0.00 0.00 0.00 0.00 0.00 0.00 0.00 -17.08 -0.27 -0.00 -0.00 0.00 -0.00 -0.00 -0.00 -0.00 -2.73 -104.69 -10.12 -0.18 -0.02 -0.00 -0.00 -0.09 -0.02 -0.20 -32.63 -246.20 -51.33 -4.00 -1.42 -0.09 -0.00 -3.15 -1.40 -5.15 -106.41 -416.52 -132.19 -21.84 -12.12 -1.96 -0.08 -20.79 -13.60 -28.44 -228.62
0.00 0.00 0.00 0.00 0.00 0.00 0.00 0.00 0.00 0.00 -17.08 -0.27 -0.00 -0.00 0.00 -0.00 -0.00 -0.00 -0.00 -2.73 -104.69 -10.12 -0.18 -0.02 -0.00 -0.00 -0.09 -0.02 -0.20 -32.63 -246.20 -51.33 -4.00 -1.42 -0.09 -0.00 -3.15 -1.40 -5.15 -106.41 -416.52 -132.19 -21.84 -12.12 -1.96 -0.08 -20.79 -13.60 -28.44 -228.62
0.00 0.00 0.00 0.00 0.00 0.00 0.00 0.00 0.00 0.00 -17.08 -0.27 -0.00 -0.00 0.00 -0.00 -0.00 -0.00 -0.00 -2.73 -104.69 -10.12 -0.18 -0.02 -0.00 -0.00 -0.09 -0.02 -0.20 -32.63 -246.20 -51.33 -4.00 -1.42 -0.09 -0.00 -3.15 -1.40 -5.15 -106.41 -416.52 -132.19 -21.84 -12.12 -1.96 -0.08 -20.79 -13.60 -28.44 -228.62
0.00 0.00 0.00 0.00 0.00 0.00 0.00 0.00 0.00 0.00 -25.20 -0.69 -0.00 -0.00 -0.00 0.00 -0.00 -0.00 -0.00 -7.03 -142.83 -20.22 -1.08 -0.39 -0.00 -0.00 -0.84 -0.10 -1.27 -62.72 -320.23 -89.50 -15.43 -11.97 -0.80 -0.05 -14.74 -5.28 -19.12 -180.21 -524.19 -210.59 -63.66 -61.01 -10.47 -2.00 -65.99 -34.44 -76.58 -338.17
0.00 0.00 0.00 0.00 0.00 0.00 0.00 0.00 0.00 0.00 -25.20 -0.69 -0.00 -0.00 -0.00 0.00 -0.00 -0.00 -0.00 -7.03 -142.83 -20.22 -1.08 -0.39 -0.00 -0.00 -0.84 -0.10 -1.27 -62.72 -320.23 -89.50 -15.43 -11.97 -0.80 -0.05 -14.74 -5.28 -19.12 -180.21 -524.19 -210.59 -63.66 -61.01 -10.47 -2.00 -65.99 -34.44 -76.58 -338.17
0.00 0.00 0.00 0.00 0.00 0.00 0.00 0.00 0.00 0.00 -25.20 -0.69 -0.00 -0.00 -0.00 0.00 -0.00 -0.00 -0.00 -7.03 -142.83 -20.22 -1.08 -0.39 -0.00 -0.00 -0.84 -0.10 -1.27 -62.72 -320.23 -89.50 -15.43 -11.97 -0.80 -0.05 -14.74 -5.28 -19.12 -180.21 -524.19 -210.59 -63.66 -61.01 -10.47 -2.00 -65.99 -34.44 -76.58 -338.17
0.00 0.00 0.00 0.00 0.00 0.00 0.00 0.00 0.00 0.00 -25.20 -0.69 -0.00 -0.00 -0.00 0.00 -0.00 -0.00 -0.00 -7.03 -142.83 -20.22 -1.08 -0.39 -0.00 -0.00 -0.84 -0.10 -1.27 -62.72 -320.23 -89.50 -15.43 -11.97 -0.80 -0.05 -14.74 -5.28 -19.12 -180.21 -524.19 -210.59 -63.66 -61.01 -10.47 -2.00 -65.99 -34.44 -76.58 -338.17
0.00 0.00 0.00 0.00 0.00 0.00 0.00 0.00 0.00 0.00 -25.20 -0.69 -0.00 -0.00 -0.00 0.00 -0.00 -0.00 -0.00 -7.03 -142.83 -20.22 -1.08 -0.39 -0.00 -0.00 -0.84 -0.10 -1.27 -62.72 -320.23 -89.50 -15.43 -11.97 -0.80 -0.05 -14.74 -5.28 -19.12 -180.21 -524.19 -210.59 -63.66 -61.01 -10.47 -2.00 -65.99 -34.44 -76.58 -338.17
0.00 0.00 0.00 0.00 0.00 0.00 0.00 0.00 0.00 0.00 -25.20 -0.69 -0.00 -0.00 -0.00 0.00 -0.00 -0.00 -0.00 -7.03 -142.83 -20.22 -1.08 -0.39 -0.00 -0.00 -0.84 -0.10 -1.27 -62.72 -320.23 -89.50 -15.43 -11.97 -0.80 -0.05 -14.74 -5.28 -19.12 -180.21 -524.19 -210.59 -63.66 -61.01 -10.47 -2.00 -65.99 -34.44 -76.58 -338.17
0.00 0.00 0.00 0.00 0.00 0.00 0.00 0.00 0.00 0.00 -25.20 -0.69 -0.00 -0.00 -0.00 0.00 -0.00 -0.00 -0.00 -7.03 -142.83 -20.22 -1.08 -0.39 -0.00 -0.00 -0.84 -0.10 -1.27 -62.72 -320.23 -89.50 -15.43 -11.97 -0.80 -0.05 -14.74 -5.28 -19.12 -180.21 -524.19 -210.59 -63.66 -61.01 -10.47 -2.00 -65.99 -34.44 -76.58 -338.17
0.00 0.00 0.00 0.00 0.00 0.00 0.00 0.00 0.00 0.00 -25.20 -0.69 -0.00 -0.00 -0.00 0.00 -0.00 -0.00 -0.00 -7.03 -142.83 -20.22 -1.08 -0.39 -0.00 -0.00 -0.84 -0.10 -1.27 -62.72 -320.23 -89.50 -15.43 -11.97 -0.80 -0.05 -14.74 -5.28 -19.12 -180.21 -524.19 -210.59 -63.66 -61.01 -10.47 -2.00 -65.99 -34.44 -76.58 -338.17
0.00 0.00 0.00 0.00 0.00 0.00 0.00 0.00 0.00 0.00 -25.20 -0.69 -0.00 -0.00 -0.00 0.00 -0.00 -0.00 -0.00 -7.03 -142.83 -20.22 -1.08 -0.39 -0.00 -0.00 -0.84 -0.10 -1.27 -62.72 -320.23 -89.50 -15.43 -11.97 -0.80 -0.05 -14.74 -5.28 -19.12 -180.21 -524.19 -210.59 -63.66 -61.01 -10.47 -2.00 -65.99 -34.44 -76.58 -338.17
0.00 0.00 0.00 0.00 0.00 0.00 0.00 0.00 0.00 0.00 -25.20 -0.69 -0.00 -0.00 -0.00 0.00 -0.00 -0.00 -0.00 -7.03 -142.83 -20.22 -1.08 -0.39 -0.00 -0.00 -0.84 -0.10 -1.27 -62.72 -320.23 -89.50 -15.43 -11.97 -0.80 -0.05 -14.74 -5.28 -19.12 -180.21 -524.19 -210.59 -63.66 -61.01 -10.47 -2.00 -65.99 -34.44 -76.58 -338.17
0.00 0.00 0.00 0.00 0.00 0.00 0.00 0.00 0.00 0.00 -25.20 -0.69 -0.00 -0.00 -0.00 0.00 -0.00 -0.00 -0.00 -7.03 -142.83 -20.22 -1.08 -0.39 -0.00 -0.00 -0.84 -0.10 -1.27 -62.72 -320.23 -89.50 -15.43 -11.97 -0.80 -0.05 -14.74 -5.28 -19.12 -180.21 -524.19 -210.59 -63.66 -61.01 -10.47 -2.00 -65.99 -34.44 -76.58 -338.17
0.00 0.00 0.00 0.00 0.00 0.00 0.00 0.00 0.00 0.00 -25.20 -0.69 -0.00 -0.00 -0.00 0.00 -0.00 -0.00 -0.00 -7.03 -142.83 -20.22 -1.08 -0.39 -0.00 -0.00 -0.84 -0.10 -1.27 -62.72 -320.23 -89.50 -15.43 -11.97 -0.80 -0.05 -14.74 -5.28 -19.12 -180.21 -524.19 -210.59 -63.66 -61.01 -10.47 -2.00 -65.99 -34.44 -76.58 -338.17
0.00 0.00 0.00 0.00 0.00 0.00 0.00 0.00 0.00 0.00 -25.20 -0.69 -0.00 -0.00 -0.00 0.00 -0.00 -0.00 -0.00 -7.03 -142.83 -20.22 -1.08 -0.39 -0.00 -0.00 -0.84 -0.10 -1.27 -62.72 -320.23 -89.50 -15.43 -11.97 -0.80 -0.05 -14.74 -5.28 -19.12 -180.21 -524.19 -210.59 -63.66 -61.01 -10.47 -2.00 -65.99 -34.44 -76.58 -338.17
0.00 0.00 0.00 0.00 0.00 0.00 0.00 0.00 0.00 0.00 -25.20 -0.69 -0.00 -0.00 -0.00 0.00 -0.00 -0.00 -0.00 -7.03 -142.83 -20.22 -1.08 -0.39 -0.00 -0.00 -0.84 -0.10 -1.27 -62.72 -320.23 -89.50 -15.43 -11.97 -0.80 -0.05 -14.74 -5.28 -19.12 -180.21 -524.19 -210.59 -63.66 -61.01 -10.47 -2.00 -65.99 -34.44 -76.58 -338.17
0.00 0.00 0.00 0.00 0.00 0.00 0.00 0.00 0.00 0.00 -25.20 -0.69 -0.00 -0.00 -0.00 0.00 -0.00 -0.00 -0.00 -7.03 -142.83 -20.22 -1.08 -0.39 -0.00 -0.00 -0.84 -0.10 -1.27 -62.72 -320.23 -89.50 -15.43 -11.97 -0.80 -0.05 -14.74 -5.28 -19.12 -180.21 -524.19 -210.59 -63.66 -61.01 -10.47 -2.00 -65.99 -34.44 -76.58 -338.17
0.00 0.00 0.00 0.00 0.00 0.00 0.00 0.00 0.00 0.00 -25.20 -0.69 -0.00 -0.00 -0.00 0.00 -0.00 -0.00 -0.00 -7.03 -142.83 -20.22 -1.08 -0.39 -0.00 -0.00 -0.84 -0.10 -1.27 -62.72 -320.23 -89.50 -15.43 -11.97 -0.80 -0.05 -14.74 -5.28 -19.12 -180.21 -524.19 -210.59 -63.66 -61.01 -10.47 -2.00 -65.99 -34.44 -76.58 -338.17
0.00 0.00 0.00 0.00 0.00 0.00 0.00 0.00 0.00 0.00 -25.20 -0.69 -0.00 -0.00 -0.00 0.00 -0.00 -0.00 -0.00 -7.03 -142.83 -20.22 -1.08 -0.39 -0.00 -0.00 -0.84 -0.10 -1.27 -62.72 -320.23 -89.50 -15.43 -11.97 -0.80 -0.05 -14.74 -5.28 -19.12 -180.21 -524.19 -210.59 -63.66 -61.01 -10.47 -2.00 -65.99 -34.44 -76.58 -338.17
0.00 0.00 0.00 0.00 0.00 0.00 0.00 0.00 0.00 0.00 -25.20 -0.69 -0.00 -0.00 -0.00 0.00 -0.00 -0.00 -0.00 -7.03 -142.83 -20.22 -1.08 -0.39 -0.00 -0.00 -0.84 -0.10 -1.27 -62.72 -320.23 -89.50 -15.43 -11.97 -0.80 -0.05 -14.74 -5.28 -19.12 -180.21 -524.19 -210.59 -63.66 -61.01 -10.47 -2.00 -65.99 -34.44 -76.58 -338.17
0.00 0.00 0.00 0.00 0.00 0.00 0.00 0.00 0.00 0.00 -25.20 -0.69 -0.00 -0.00 -0.00 0.00 -0.00 -0.00 -0.00 -7.03 -142.83 -20.22 -1.08 -0.39 -0.00 -0.00 -0.84 -0.10 -1.27 -62.72 -320.23 -89.50 -15.43 -11.97 -0.80 -0.05 -14.74 -5.28 -19.12 -180.21 -524.19 -210.59 -63.66 -61.01 -10.47 -2.00 -65.99 -34.44 -76.58 -338.17
0.00 0.00 0.00 0.00 0.00 0.00 0.00 0.00 0.00 0.00 -25.20 -0.69 -0.00 -0.00 -0.00 0.00 -0.00 -0.00 -0.00 -7.03 -142.83 -20.22 -1.08 -0.39 -0.00 -0.00 -0.84 -0.10 -1.27 -62.72 -320.23 -89.50 -15.43 -11.97 -0.80 -0.05 -14.74 -5.28 -19.12 -180.21 -524.19 -210.59 -63.66 -61.01 -10.47 -2.00 -65.99 -34.44 -76.58 -338.17
0.00 0.00 0.00 0.00 0.00 0.00 0.00 0.00 0.00 0.00 -25.20 -0.69 -0.00 -0.00 -0.00 0.00 -0.00 -0.00 -0.00 -7.03 -142.83 -20.22 -1.08 -0.39 -0.00 -0.00 -0.84 -0.10 -1.27 -62.72 -320.23 -89.50 -15.43 -11.97 -0.80 -0.05 -14.74 -5.28 -19.12 -180.21 -524.19 -210.59 -63.66 -61.01 -10.47 -2.00 -65.99 -34.44 -76.58 -338.17
0.00 0.00 0.00 0.00 0.00 0.00 0.00 0.00 0.00 0.00 -25.20 -0.69 -0.00 -0.00 -0.00 0.00 -0.00 -0.00 -0.00 -7.03 -142.83 -20.22 -1.08 -0.39 -0.00 -0.00 -0.84 -0.10 -1.27 -62.72 -320.23 -89.50 -15.43 -11.97 -0.80 -0.05 -14.74 -5.28 -19.12 -180.21 -524.19 -210.59 -63.66 -61.01 -10.47 -2.00 -65.99 -34.44 -76.58 -338.17
0.00 0.00 0.00 0.00 0.00 0.00 0.00 0.00 0.00 0.00 -25.20 -0.69 -0.00 -0.00 -0.00 0.00 -0.00 -0.00 -0.00 -7.03 -142.83 -20.22 -1.08 -0.39 -0.00 -0.00 -0.84 -0.10 -1.27 -62.72 -320.23 -89.50 -15.43 -11.97 -0.80 -0.05 -14.74 -5.28 -19.12 -180.21 -524.19 -210.59 -63.66 -61.01 -10.47 -2.00 -65.99 -34.44 -76.58 -338.17
0.00 0.00 0.00 0.00 0.00 0.00 0.00 0.00 0.00 0.00 -25.20 -0.69 -0.00 -0.00 -0.00 0.00 -0.00 -0.00 -0.00 -7.03 -142.83 -20.22 -1.08 -0.39 -0.00 -0.00 -0.84 -0.10 -1.27 -62.72 -320.23 -89.50 -15.43 -11.97 -0.80 -0.05 -14.74 -5.28 -19.12 -180.21 -524.19 -210.59 -63.66 -61.01 -10.47 -2.00 -65.99 -34.44 -76.58 -338.17
0.00 0.00 0.00 0.00 0.00 0.00 0.00 0.00 0.00 0.00 -28.89 -1.01 -0.00 -0.00 -0.00 0.00 -0.00 -0.00 -0.01 -7.72 -156.63 -26.37 -2.20 -0.99 -0.01 -0.00 -2.07 -0.31 -9.69 -67.44 -342.37 -109.65 -25.71 -20.65 -2.28 -0.14 -26.42 -9.97 -71.13 -193.30 -551.54 -249.45 -92.37 -89.53 -21.78 -4.08 -101.10 -53.69 -196.53 -365.81
0.00 0.00 0.00 0.00 0.00 0.00 0.00 0.00 0.00 0.00 -28.89 -1.01 -0.00 -0.00 -0.00 0.00 -0.00 -0.00 -0.01 -7.72 -156.63 -26.37 -2.20 -0.99 -0.01 -0.00 -2.07 -0.31 -9.69 -67.44 -342.37 -109.65 -25.71 -20.65 -2.28 -0.14 -26.42 -9.97 -71.13 -193.30 -551.54 -249.45 -92.37 -89.53 -21.78 -4.08 -101.10 -53.69 -196.53 -365.81
0.00 0.00 0.00 0.00 0.00 0.00 0.00 0.00 0.00 0.00 -28.89 -1.01 -0.00 -0.00 -0.00 0.00 -0.00 -0.00 -0.01 -7.72 -156.63 -26.37 -2.20 -0.99 -0.01 -0.00 -2.07 -0.31 -9.69 -67.44 -342.37 -109.65 -25.71 -20.65 -2.28 -0.14 -26.42 -9.97 -71.13 -193.30 -551.54 -249.45 -92.37 -89.53 -21.78 -4.08 -101.10 -53.69 -196.53 -365.81
0.00 0.00 0.00 0.00 0.00 0.00 0.00 0.00 0.00 0.00 -28.89 -1.01 -0.00 -0.00 -0.00 0.00 -0.00 -0.00 -0.01 -7.72 -156.63 -26.37 -2.20 -0.99 -0.01 -0.00 -2.07 -0.31 -9.69 -67.44 -342.37 -109.65 -25.71 -20.65 -2.28 -0.14 -26.42 -9.97 -71.13 -193.30 -551.54 -249.45 -92.37 -89.53 -21.78 -4.08 -101.10 -53.69 -196.53 -365.81
0.00 0.00 0.00 0.00 0.00 0.00 0.00 0.00 0.00 0.00 -28.89 -1.01 -0.00 -0.00 -0.00 0.00 -0.00 -0.00 -0.01 -7.72 -156.63 -26.37 -2.20 -0.99 -0.01 -0.00 -2.07 -0.31 -9.69 -67.44 -342.37 -109.65 -25.71 -20.65 -2.28 -0.14 -26.42 -9.97 -71.13 -193.30 -551.54 -249.45 -92.37 -89.53 -21.78 -4.08 -101.10 -53.69 -196.53 -365.81
0.00 0.00 0.00 0.00 0.00 0.00 0.00 0.00 0.00 0.00 -28.89 -1.01 -0.00 -0.00 -0.00 0.00 -0.00 -0.00 -0.01 -7.72 -156.63 -26.37 -2.20 -0.99 -0.01 -0.00 -2.07 -0.31 -9.69 -67.44 -342.37 -109.65 -25.71 -20.65 -2.28 -0.14 -26.42 -9.97 -71.13 -193.30 -551.54 -249.45 -92.37 -89.53 -21.78 -4.08 -101.10 -53.69 -196.53 -365.81
0.00 0.00 0.00 0.00 0.00 0.00 0.00 0.00 0.00 0.00 -28.89 -1.01 -0.00 -0.00 -0.00 0.00 -0.00 -0.00 -0.01 -7.72 -156.63 -26.37 -2.20 -0.99 -0.01 -0.00 -2.07 -0.31 -9.69 -67.44 -342.37 -109.65 -25.71 -20.65 -2.28 -0.14 -26.42 -9.97 -71.13 -193.30 -551.54 -249.45 -92.37 -89.53 -21.78 -4.08 -101.10 -53.69 -196.53 -365.81
0.00 0.00 0.00 0.00 0.00 0.00 0.00 0.00 0.00 0.00 -28.89 -1.01 -0.00 -0.00 -0.00 0.00 -0.00 -0.00 -0.01 -7.72 -156.63 -26.37 -2.20 -0.99 -0.01 -0.00 -2.07 -0.31 -9.69 -67.44 -342.37 -109.65 -25.71 -20.65 -2.28 -0.14 -26.42 -9.97 -71.13 -193.30 -551.54 -249.45 -92.37 -89.53 -21.78 -4.08 -101.10 -53.69 -196.53 -365.81
0.00 0.00 0.00 0.00 0.00 0.00 0.00 0.00 0.00 0.00 -28.89 -1.01 -0.00 -0.00 -0.00 0.00 -0.00 -0.00 -0.01 -7.72 -156.63 -26.37 -2.20 -0.99 -0.01 -0.00 -2.07 -0.31 -9.69 -67.44 -342.37 -109.65 -25.71 -20.65 -2.28 -0.14 -26.42 -9.97 -71.13 -193.30 -551.54 -249.45 -92.37 -89.53 -21.78 -4.08 -101.10 -53.69 -196.53 -365.81
0.00 0.00 0.00 0.00 0.00 0.00 0.00 0.00 0.00 0.00 -28.89 -1.01 -0.00 -0.00 -0.00 0.00 -0.00 -0.00 -0.01 -7.72 -156.63 -26.37 -2.20 -0.99 -0.01 -0.00 -2.07 -0.31 -9.69 -67.44 -342.37 -109.65 -25.71 -20.65 -2.28 -0.14 -26.42 -9.97 -71.13 -193.30 -551.54 -249.45 -92.37 -89.53 -21.78 -4.08 -101.10 -53.69 -196.53 -365.81
0.00 0.00 0.00 0.00 0.00 0.00 0.00 0.00 0.00 0.00 -28.89 -1.01 -0.00 -0.00 -0.00 0.00 -0.00 -0.00 -0.01 -7.72 -156.63 -26.37 -2.20 -0.99 -0.01 -0.00 -2.07 -0.31 -9.69 -67.44 -342.37 -109.65 -25.71 -20.65 -2.28 -0.14 -26.42 -9.97 -71.13 -193.30 -551.54 -249.45 -92.37 -89.53 -21.78 -4.08 -101.10 -53.69 -196.53 -365.81
0.00 0.00 0.00 0.00 0.00 0.00 0.00 0.00 0.00 0.00 -28.89 -1.01 -0.00 -0.00 -0.00 0.00 -0.00 -0.00 -0.01 -7.72 -156.63 -26.37 -2.20 -0.99 -0.01 -0.00 -2.07 -0.31 -9.69 -67.44 -342.37 -109.65 -25.71 -20.65 -2.28 -0.14 -26.42 -9.97 -71.13 -193.30 -551.54 -249.45 -92.37 -89.53 -21.78 -4.08 -101.10 -53.69 -196.53 -365.81
0.00 0.00 0.00 0.00 0.00 0.00 0.00 0.00 0.00 0.00 -28.89 -1.01 -0.00 -0.00 -0.00 0.00 -0.00 -0.00 -0.01 -7.72 -156.63 -26.37 -2.20 -0.99 -0.01 -0.00 -2.07 -0.31 -9.69 -67.44 -342.37 -109.65 -25.71 -20.65 -2.28 -0.14 -26.42 -9.97 -71.13 -193.30 -551.54 -249.45 -92.37 -89.53 -21.78 -4.08 -101.10 -53.69 -196.53 -365.81
0.00 0.00 0.00 0.00 0.00 0.00 0.00 0.00 0.00 0.00 -28.89 -1.01 -0.00 -0.00 -0.00 0.00 -0.00 -0.00 -0.01 -7.72 -156.63 -26.37 -2.20 -0.99 -0.01 -0.00 -2.07 -0.31 -9.69 -67.44 -342.37 -109.65 -25.71 -20.65 -2.28 -0.14 -26.42 -9.97 -71.13 -193.30 -551.54 -249.45 -92.37 -89.53 -21.78 -4.08 -101.10 -53.69 -196.53 -365.81
0.00 0.00 0.00 0.00 0.00 0.00 0.00 0.00 0.00 0.00 -28.89 -1.01 -0.00 -0.00 -0.00 0.00 -0.00 -0.00 -0.01 -7.72 -156.63 -26.37 -2.20 -0.99 -0.01 -0.00 -2.07 -0.31 -9.69 -67.44 -342.37 -109.65 -25.71 -20.65 -2.28 -0.14 -26.42 -9.97 -71.13 -193.30 -551.54 -249.45 -92.37 -89.53 -21.78 -4.08 -101.10 -53.69 -196.53 -365.81
0.00 0.00 0.00 0.00 0.00 0.00 0.00 0.00 0.00 0.00 -28.89 -1.01 -0.00 -0.00 -0.00 0.00 -0.00 -0.00 -0.01 -7.72 -156.63 -26.37 -2.20 -0.99 -0.01 -0.00 -2.07 -0.31 -9.69 -67.44 -342.37 -109.65 -25.71 -20.65 -2.28 -0.14 -26.42 -9.97 -71.13 -193.30 -551.54 -249.45 -92.37 -89.53 -21.78 -4.08 -101.10 -53.69 -196.53 -365.81
0.00 0.00 0.00 0.00 0.00 0.00 0.00 0.00 0.00 0.00 -28.89 -1.01 -0.00 -0.00 -0.00 0.00 -0.00 -0.00 -0.01 -7.72 -156.63 -26.37 -2.20 -0.99 -0.01 -0.00 -2.07 -0.31 -9.69 -67.44 -342.37 -109.65 -25.71 -20.65 -2.28 -0.14 -26.42 -9.97 -71.13 -193.30 -551.54 -249.45 -92.37 -89.53 -21.78 -4.08 -101.10 -53.69 -196.53 -365.81
0.00 0.00 0.00 0.00 0.00 0.00 0.00 0.00 0.00 0.00 -28.89 -1.01 -0.00 -0.00 -0.00 0.00 -0.00 -0.00 -0.01 -7.72 -156.63 -26.37 -2.20 -0.99 -0.01 -0.00 -2.07 -0.31 -9.69 -67.44 -342.37 -109.65 -25.71 -20.65 -2.28 -0.14 -26.42 -9.97 -71.13 -193.30 -551.54 -249.45 -92.37 -89.53 -21.78 -4.08 -101.10 -53.69 -196.53 -365.81
0.00 0.00 0.00 0.00 0.00 0.00 0.00 0.00 0.00 0.00 -28.89 -1.01 -0.00 -0.00 -0.00 0.00 -0.00 -0.00 -0.01 -7.72 -156.63 -26.37 -2.20 -0.99 -0.01 -0.00 -2.07 -0.31 -9.69 -67.44 -342.37 -109.65 -25.71 -20.65 -2.28 -0.14 -26.42 -9.97 -71.13 -193.30 -551.54 -249.45 -92.37 -89.53 -21.78 -4.08 -101.10 -53.69 -196.53 -365.81
0.00 0.00 0.00 0.00 0.00 0.00 0.00 0.00 0.00 0.00 -28.89 -1.01 -0.00 -0.00 -0.00 0.00 -0.00 -0.00 -0.01 -7.72 -156.63 -26.37 -2.20 -0.99 -0.01 -0.00 -2.07 -0.31 -9.69 -67.44 -342.37 -109.65 -25.71 -20.65 -2.28 -0.14 -26.42 -9.97 -71.13 -193.30 -551.54 -249.45 -92.37 -89.53 -21.78 -4.08 -101.10 -53.69 -196.53 -365.81
0.00 0.00 0.00 0.00 0.00 0.00 0.00 0.00 0.00 0.00 -28.89 -1.01 -0.00 -0.00 -0.00 0.00 -0.00 -0.00 -0.01 -7.72 -156.63 -26.37 -2.20 -0.99 -0.01 -0.00 -2.07 -0.31 -9.69 -67.44 -342.37 -109.65 -25.71 -20.65 -2.28 -0.14 -26.42 -9.97 -71.13 -193.30 -551.54 -249.45 -92.37 -89.53 -21.78 -4.08 -101.10 -53.69 -196.53 -365.81
0.00 0.00 0.00 0.00 0.00 0.00 0.00 0.00 0.00 0.00 -28.89 -1.01 -0.00 -0.00 -0.00 0.00 -0.00 -0.00 -0.01 -7.72 -156.63 -26.37 -2.20 -0.99 -0.01 -0.00 -2.07 -0.31 -9.69 -67.44 -342.37 -109.65 -25.71 -20.65 -2.28 -0.14 -26.42 -9.97 -71.13 -193.30 -551.54 -249.45 -92.37 -89.53 -21.78 -4.08 -101.10 -53.69 -196.53 -365.81
0.00 0.00 0.00 0.00 0.00 0.00 0.00 0.00 0.00 0.00 -28.89 -1.01 -0.00 -0.00 -0.00 0.00 -0.00 -0.00 -0.01 -7.72 -156.63 -26.37 -2.20 -0.99 -0.01 -0.00 -2.07 -0.31 -9.69 -67.44 -342.37 -109.65 -25.71 -20.65 -2.28 -0.14 -26.42 -9.97 -71.13 -193.30 -551.54 -249.45 -92.37 -89.53 -21.78 -4.08 -101.10 -53.69 -196.53 -365.81
0.00 0.00 0.00 0.00 0.00 0.00 0.00 0.00 0.00 0.00 -28.89 -1.01 -0.00 -0.00 -0.00 0.00 -0.00 -0.00 -0.01 -7.72 -156.63 -26.37 -2.20 -0.99 -0.01 -0.00 -2.07 -0.31 -9.69 -67.44 -342.37 -109.65 -25.71 -20.65 -2.28 -0.14 -26.42 -9.97 -71.13 -193.30 -551.54 -249.45 -92.37 -89.53 -21.78 -4.08 -101.10 -53.69 -196.53 -365.81
0.00 0.00 0.00 0.00 0.00 0.00 0.00 0.00 0.00 0.00 -28.89 -1.01 -0.00 -0.00 -0.00 0.00 -0.00 -0.00 -0.01 -7.72 -156.63 -26.37 -2.20 -0.99 -0.01 -0.00 -2.07 -0.31 -9.69 -67.44 -342.37 -109.65 -25.71 -20.65 -2.28 -0.14 -26.42 -9.97 -71.13 -193.30 -551.54 -249.45 -92.37 -89.53 -21.78 -4.08 -101.10 -53.69 -196.53 -365.81
0.00 0.00 0.00 0.00 0.00 0.00 0.00 0.00 0.00 0.00 -28.89 -1.01 -0.00 -0.00 -0.00 0.00 -0.00 -0.00 -0.01 -7.72 -156.63 -26.37 -2.20 -0.99 -0.01 -0.00 -2.07 -0.31 -9.69 -67.44 -342.37 -109.65 -25.71 -20.65 -2.28 -0.14 -26.42 -9.97 -71.13 -193.30 -551.54 -249.45 -92.37 -89.53 -21.78 -4.08 -101.10 -53.69 -196.53 -365.81
0.00 0.00 0.00 0.00 0.00 0.00 0.00 0.00 0.00 0.00 -28.89 -1.01 -0.00 -0.00 -0.00 0.00 -0.00 -0.00 -0.01 -7.72 -156.63 -26.37 -2.20 -0.99 -0.01 -0.00 -2.07 -0.31 -9.69 -67.44 -342.37 -109.65 -25.71 -20.65 -2.28 -0.14 -26.42 -9.97 -71.13 -193.30 -551.54 -249.45 -92.37 -89.53 -21.78 -4.08 -101.10 -53.69 -196.53 -365.81
0.00 0.00 0.00 0.00 0.00 0.00 0.00 0.00 0.00 0.00 -28.89 -1.01 -0.00 -0.00 -0.00 0.00 -0.00 -0.00 -0.01 -7.72 -156.63 -26.37 -2.20 -0.99 -0.01 -0.00 -2.07 -0.31 -9.69 -67.44 -342.37 -109.65 -25.71 -20.65 -2.28 -0.14 -26.42 -9.97 -71.13 -193.30 -551.54 -249.45 -92.37 -89.53 -21.78 -4.08 -101.10 -53.69 -196.53 -365.81
0.00 0.00 0.00 0.00 0.00 0.00 0.00 0.00 0.00 0.00 -28.89 -1.01 -0.00 -0.00 -0.00 0.00 -0.00 -0.00 -0.01 -7.72 -156.63 -26.37 -2.20 -0.99 -0.01 -0.00 -2.07 -0.31 -9.69 -67.44 -342.37 -109.65 -25.71 -20.65 -2.28 -0.14 -26.42 -9.97 -71.13 -193.30 -551.54 -249.45 -92.37 -89.53 -21.78 -4.08 -101.10 -53.69 -196.53 -365.81
0.00 0.00 0.00 0.00 0.00 0.00 0.00 0.00 0.00 0.00 -28.89 -1.01 -0.00 -0.00 -0.00 0.00 -0.00 -0.00 -0.01 -7.72 -156.63 -26.37 -2.20 -0.99 -0.01 -0.00 -2.07 -0.31 -9.69 -67.44 -342.37 -109.65 -25.71 -20.65 -2.28 -0.14 -26.42 -9.97 -71.13 -193.30 -551.54 -249.45 -92.37 -89.53 -21.78 -4.08 -101.10 -53.69 -196.53 -365.81
0.00 0.00 0.00 0.00 0.00 0.00 0.00 0.00 0.00 0.00 -28.89 -1.01 -0.00 -0.00 -0.00 0.00 -0.00 -0.00 -0.01 -7.72 -156.63 -26.37 -2.20 -0.99 -0.01 -0.00 -2.07 -0.31 -9.69 -67.44 -342.37 -109.65 -25.71 -20.65 -2.28 -0.14 -26.42 -9.97 -71.13 -193.30 -551.54 -249.45 -92.37 -89.53 -21.78 -4.08 -101.10 -53.69 -196.53 -365.81
0.00 0.00 0.00 0.00 0.00 0.00 0.00 0.00 0.00 0.00 -28.89 -1.01 -0.00 -0.00 -0.00 0.00 -0.00 -0.00 -0.01 -7.72 -156.63 -26.37 -2.20 -0.99 -0.01 -0.00 -2.07 -0.31 -9.69 -67.44 -342.37 -109.65 -25.71 -20.65 -2.28 -0.14 -26.42 -9.97 -71.13 -193.30 -551.54 -249.45 -92.37 -89.53 -21.78 -4.08 -101.10 -53.69 -196.53 -365.81
0.00 0.00 0.00 0.00 0.00 0.00 0.00 0.00 0.00 0.00 -28.89 -1.01 -0.00 -0.00 -0.00 0.00 -0.00 -0.00 -0.01 -7.72 -156.63 -26.37 -2.20 -0.99 -0.01 -0.00 -2.07 -0.31 -9.69 -67.44 -342.37 -109.65 -25.71 -20.65 -2.28 -0.14 -26.42 -9.97 -71.13 -193.30 -551.54 -249.45 -92.37 -89.53 -21.78 -4.08 -101.10 -53.69 -196.53 -365.81
0.00 0.00 0.00 0.00 0.00 0.00 0.00 0.00 0.00 0.00 -28.89 -1.01 -0.00 -0.00 -0.00 0.00 -0.00 -0.00 -0.01 -7.72 -156.63 -26.37 -2.20 -0.99 -0.01 -0.00 -2.07 -0.31 -9.69 -67.44 -342.37 -109.65 -25.71 -20.65 -2.28 -0.14 -26.42 -9.97 -71.13 -193.30 -551.54 -249.45 -92.37 -89.53 -21.78 -4.08 -101.10 -53.69 -196.53 -365.81
0.00 0.00 0.00 0.00 0.00 0.00 0.00 0.00 0.00 0.00 -28.89 -1.01 -0.00 -0.00 -0.00 0.00 -0.00 -0.00 -0.01 -7.72 -156.63 -26.37 -2.20 -0.99 -0.01 -0.00 -2.07 -0.31 -9.69 -67.44 -342.37 -109.65 -25.71 -20.65 -2.28 -0.14 -26.42 -9.97 -71.13 -193.30 -551.54 -249.45 -92.37 -89.53 -21.78 -4.08 -101.10 -53.69 -196.53 -365.81
0.00 0.00 0.00 0.00 0.00 0.00 0.00 0.00 0.00 0.00 -28.89 -1.01 -0.00 -0.00 -0.00 0.00 -0.00 -0.00 -0.01 -7.72 -156.63 -26.37 -2.20 -0.99 -0.01 -0.00 -2.07 -0.31 -9.69 -67.44 -342.37 -109.65 -25.71 -20.65 -2.28 -0.14 -26.42 -9.97 -71.13 -193.30 -551.54 -249.45 -92.37 -89.53 -21.78 -4.08 -101.10 -53.69 -196.53 -365.81
0.00 0.00 0.00 0.00 0.00 0.00 0.00 0.00 0.00 0.00 -28.89 -1.01 -0.00 -0.00 -0.00 0.00 -0.00 -0.00 -0.01 -7.72 -156.63 -26.37 -2.20 -0.99 -0.01 -0.00 -2.07 -0.31 -9.69 -67.44 -342.37 -109.65 -25.71 -20.65 -2.28 -0.14 -26.42 -9.97 -71.13 -193.30 -551.54 -249.45 -92.37 -89.53 -21.78 -4.08 -101.10 -53.69 -196.53 -365.81
0.00 0.00 0.00 0.00 0.00 0.00 0.00 0.00 0.00 0.00 -28.89 -1.01 -0.00 -0.00 -0.00 0.00 -0.00 -0.00 -0.01 -7.72 -156.63 -26.37 -2.20 -0.99 -0.01 -0.00 -2.07 -0.31 -9.69 -67.44 -342.37 -109.65 -25.71 -20.65 -2.28 -0.14 -26.42 -9.97 -71.13 -193.30 -551.54 -249.45 -92.37 -89.53 -21.78 -4.08 -101.10 -53.69 -196.53 -365.81
0.00 0.00 0.00 0.00 0.00 0.00 0.00 0.00 0.00 0.00 -28.89 -1.01 -0.00 -0.00 -0.00 0.00 -0.00 -0.00 -0.01 -7.72 -156.63 -26.37 -2.20 -0.99 -0.01 -0.00 -2.07 -0.31 -9.69 -67.44 -342.37 -109.65 -25.71 -20.65 -2.28 -0.14 -26.42 -9.97 -71.13 -193.30 -551.54 -249.45 -92.37 -89.53 -21.78 -4.08 -101.10 -53.69 -196.53 -365.81
