0.00 0.00 0.00 0.00 0.00 0.00 0.00 0.00 0.00 0.00 0.00 0.00 0.00 0.00 0.00 0.00 0.00 0.00 0.00 0.00 0.00 0.00 0.00 0.00 0.00 0.00 0.00 0.00 0.00 0.00 0.00 0.00 0.00 0.00 0.00 0.00 0.00 0.00 0.00 0.00 0.00 0.00 0.00 0.00 0.00 0.00 0.00 0.00 0.00 0.00
0.00 0.00 0.00 0.00 0.00 0.00 0.00 0.00 0.00 0.00 -50.14 -3.44 -0.02 -0.00 -0.00 -0.00 -0.01 -0.01 -0.02 -4.91 -236.09 -63.16 -9.21 -9.79 -0.76 -0.02 -11.00 -16.20 -9.86 -87.04 -481.81 -215.24 -70.46 -87.35 -26.12 -3.17 -90.58 -114.87 -82.15 -271.30 -746.97 -431.25 -208.81 -248.66 -120.89 -33.40 -255.49 -297.75 -236.05 -509.87
0.00 0.00 0.00 0.00 0.00 0.00 0.00 0.00 0.00 0.00 -39.89 -2.09 -0.02 -0.00 -0.00 0.00 -0.01 -0.00 -0.00 -10.09 -200.14 -44.69 -7.51 -5.46 -0.18 -0.01 -7.99 -4.89 -3.42 -64.98 -419.61 -165.89 -61.65 -62.05 -9.86 -3.04 -69.31 -54.54 -43.87 -177.55 -659.25 -350.31 -184.66 -196.31 -59.74 -32.62 -201.88 -175.18 -153.49 -367.31
0.00 0.00 0.00 0.00 0.00 0.00 0.00 0.00 0.00 0.00 -39.89 -2.09 -0.02 -0.00 -0.00 0.00 -0.01 -0.00 -0.00 -10.09 -200.14 -44.69 -7.51 -5.46 -0.18 -0.01 -7.99 -4.89 -3.42 -64.98 -419.61 -165.89 -61.65 -62.05 -9.86 -3.04 -69.31 -54.54 -43.87 -177.55 -659.25 -350.31 -184.66 -196.31 -59.74 -32.62 -201.88 -175.18 -153.49 -367.31
0.00 0.00 0.00 0.00 0.00 0.00 0.00 0.00 0.00 0.00 -37.79 -1.79 -0.01 -0.00 -0.00 0.00 -0.00 -0.00 -0.00 -3.27 -193.49 -40.32 -5.25 -2.64 -0.13 -0.00 -4.45 -4.61 -2.61 -60.96 -409.93 -154.56 -49.01 -38.60 -8.29 -0.70 -51.16 -54.21 -36.74 -208.98 -647.99 -332.10 -157.11 -142.95 -53.94 -13.09 -170.74 -177.37 -137.05 -412.51
0.00 0.00 0.00 0.00 0.00 0.00 0.00 0.00 0.00 0.00 -37.79 -1.79 -0.01 -0.00 -0.00 0.00 -0.00 -0.00 -0.00 -3.27 -193.49 -40.32 -5.25 -2.64 -0.13 -0.00 -4.45 -4.61 -2.61 -60.96 -409.93 -154.56 -49.01 -38.60 -8.29 -0.70 -51.16 -54.21 -36.74 -208.98 -647.99 -332.10 -157.11 -142.95 -53.94 -13.09 -170.74 -177.37 -137.05 -412.51
0.00 0.00 0.00 0.00 0.00 0.00 0.00 0.00 0.00 0.00 -37.79 -1.79 -0.01 -0.00 -0.00 0.00 -0.00 -0.00 -0.00 -3.27 -193.49 -40.32 -5.25 -2.64 -0.13 -0.00 -4.45 -4.61 -2.61 -60.96 -409.93 -154.56 -49.01 -38.60 -8.29 -0.70 -51.16 -54.21 -36.74 -208.98 -647.99 -332.10 -157.11 -142.95 -53.94 -13.09 -170.74 -177.37 -137.05 -412.51
0.00 0.00 0.00 0.00 0.00 0.00 0.00 0.00 0.00 0.00 -37.79 -1.79 -0.01 -0.00 -0.00 0.00 -0.00 -0.00 -0.00 -3.27 -193.49 -40.32 -5.25 -2.64 -0.13 -0.00 -4.45 -4.61 -2.61 -60.96 -409.93 -154.56 -49.01 -38.60 -8.29 -0.70 -51.16 -54.21 -36.74 -208.98 -647.99 -332.10 -157.11 -142.95 -53.94 -13.09 -170.74 -177.37 -137.05 -412.51
0.00 0.00 0.00 0.00 0.00 0.00 0.00 0.00 0.00 0.00 -37.79 -1.79 -0.01 -0.00 -0.00 0.00 -0.00 -0.00 -0.00 -3.27 -193.49 -40.32 -5.25 -2.64 -0.13 -0.00 -4.45 -4.61 -2.61 -60.96 -409.93 -154.56 -49.01 -38.60 -8.29 -0.70 -51.16 -54.21 -36.74 -208.98 -647.99 -332.10 -157.11 -142.95 -53.94 -13.09 -170.74 -177.37 -137.05 -412.51
0.00 0.00 0.00 0.00 0.00 0.00 0.00 0.00 0.00 0.00 -37.79 -1.79 -0.01 -0.00 -0.00 0.00 -0.00 -0.00 -0.00 -3.27 -193.49 -40.32 -5.25 -2.64 -0.13 -0.00 -4.45 -4.61 -2.61 -60.96 -409.93 -154.56 -49.01 -38.60 -8.29 -0.70 -51.16 -54.21 -36.74 -208.98 -647.99 -332.10 -157.11 -142.95 -53.94 -13.09 -170.74 -177.37 -137.05 -412.51
0.00 0.00 0.00 0.00 0.00 0.00 0.00 0.00 0.00 0.00 -37.79 -1.79 -0.01 -0.00 -0.00 0.00 -0.00 -0.00 -0.00 -3.27 -193.49 -40.32 -5.25 -2.64 -0.13 -0.00 -4.45 -4.61 -2.61 -60.96 -409.93 -154.56 -49.01 -38.60 -8.29 -0.70 -51.16 -54.21 -36.74 -208.98 -647.99 -332.10 -157.11 -142.95 -53.94 -13.09 -170.74 -177.37 -137.05 -412.51
0.00 0.00 0.00 0.00 0.00 0.00 0.00 0.00 0.00 0.00 -37.79 -1.79 -0.01 -0.00 -0.00 0.00 -0.00 -0.00 -0.00 -3.27 -193.49 -40.32 -5.25 -2.64 -0.13 -0.00 -4.45 -4.61 -2.61 -60.96 -409.93 -154.56 -49.01 -38.60 -8.29 -0.70 -51.16 -54.21 -36.74 -208.98 -647.99 -332.10 -157.11 -142.95 -53.94 -13.09 -170.74 -177.37 -137.05 -412.51
0.00 0.00 0.00 0.00 0.00 0.00 0.00 0.00 0.00 0.00 -37.79 -1.79 -0.01 -0.00 -0.00 0.00 -0.00 -0.00 -0.00 -3.27 -193.49 -40.32 -5.25 -2.64 -0.13 -0.00 -4.45 -4.61 -2.61 -60.96 -409.93 -154.56 -49.01 -38.60 -8.29 -0.70 -51.16 -54.21 -36.74 -208.98 -647.99 -332.10 -157.11 -142.95 -53.94 -13.09 -170.74 -177.37 -137.05 -412.51
0.00 0.00 0.00 0.00 0.00 0.00 0.00 0.00 0.00 0.00 -37.79 -1.79 -0.01 -0.00 -0.00 0.00 -0.00 -0.00 -0.00 -3.27 -193.49 -40.32 -5.25 -2.64 -0.13 -0.00 -4.45 -4.61 -2.61 -60.96 -409.93 -154.56 -49.01 -38.60 -8.29 -0.70 -51.16 -54.21 -36.74 -208.98 -647.99 -332.10 -157.11 -142.95 -53.94 -13.09 -170.74 -177.37 -137.05 -412.51
0.00 0.00 0.00 0.00 0.00 0.00 0.00 0.00 0.00 0.00 -37.79 -1.79 -0.01 -0.00 -0.00 0.00 -0.00 -0.00 -0.00 -3.27 -193.49 -40.32 -5.25 -2.64 -0.13 -0.00 -4.45 -4.61 -2.61 -60.96 -409.93 -154.56 -49.01 -38.60 -8.29 -0.70 -51.16 -54.21 -36.74 -208.98 -647.99 -332.10 -157.11 -142.95 -53.94 -13.09 -170.74 -177.37 -137.05 -412.51
0.00 0.00 0.00 0.00 0.00 0.00 0.00 0.00 0.00 0.00 -37.79 -1.79 -0.01 -0.00 -0.00 0.00 -0.00 -0.00 -0.00 -3.27 -193.49 -40.32 -5.25 -2.64 -0.13 -0.00 -4.45 -4.61 -2.61 -60.96 -409.93 -154.56 -49.01 -38.60 -8.29 -0.70 -51.16 -54.21 -36.74 -208.98 -647.99 -332.10 -157.11 -142.95 -53.94 -13.09 -170.74 -177.37 -137.05 -412.51
0.00 0.00 0.00 0.00 0.00 0.00 0.00 0.00 0.00 0.00 -37.79 -1.79 -0.01 -0.00 -0.00 0.00 -0.00 -0.00 -0.00 -3.27 -193.49 -40.32 -5.25 -2.64 -0.13 -0.00 -4.45 -4.61 -2.61 -60.96 -409.93 -154.56 -49.01 -38.60 -8.29 -0.70 -51.16 -54.21 -36.74 -208.98 -647.99 -332.10 -157.11 -142.95 -53.94 -13.09 -170.74 -177.37 -137.05 -412.51
0.00 0.00 0.00 0.00 0.00 0.00 0.00 0.00 0.00 0.00 -37.79 -1.79 -0.01 -0.00 -0.00 0.00 -0.00 -0.00 -0.00 -3.27 -193.49 -40.32 -5.25 -2.64 -0.13 -0.00 -4.45 -4.61 -2.61 -60.96 -409.93 -154.56 -49.01 -38.60 -8.29 -0.70 -51.16 -54.21 -36.74 -208.98 -647.99 -332.10 -157.11 -142.95 -53.94 -13.09 -170.74 -177.37 -137.05 -412.51
0.00 0.00 0.00 0.00 0.00 0.00 0.00 0.00 0.00 0.00 -37.79 -1.79 -0.01 -0.00 -0.00 0.00 -0.00 -0.00 -0.00 -3.27 -193.49 -40.32 -5.25 -2.64 -0.13 -0.00 -4.45 -4.61 -2.61 -60.96 -409.93 -154.56 -49.01 -38.60 -8.29 -0.70 -51.16 -54.21 -36.74 -208.98 -647.99 -332.10 -157.11 -142.95 -53.94 -13.09 -170.74 -177.37 -137.05 -412.51
0.00 0.00 0.00 0.00 0.00 0.00 0.00 0.00 0.00 0.00 -37.79 -1.79 -0.01 -0.00 -0.00 0.00 -0.00 -0.00 -0.00 -3.27 -193.49 -40.32 -5.25 -2.64 -0.13 -0.00 -4.45 -4.61 -2.61 -60.96 -409.93 -154.56 -49.01 -38.60 -8.29 -0.70 -51.16 -54.21 -36.74 -208.98 -647.99 -332.10 -157.11 -142.95 -53.94 -13.09 -170.74 -177.37 -137.05 -412.51
0.00 0.00 0.00 0.00 0.00 0.00 0.00 0.00 0.00 0.00 -37.79 -1.79 -0.01 -0.00 -0.00 0.00 -0.00 -0.00 -0.00 -3.27 -193.49 -40.32 -5.25 -2.64 -0.13 -0.00 -4.45 -4.61 -2.61 -60.96 -409.93 -154.56 -49.01 -38.60 -8.29 -0.70 -51.16 -54.21 -36.74 -208.98 -647.99 -332.10 -157.11 -142.95 -53.94 -13.09 -170.74 -177.37 -137.05 -412.51
0.00 0.00 0.00 0.00 0.00 0.00 0.00 0.00 0.00 0.00 -37.79 -1.79 -0.01 -0.00 -0.00 0.00 -0.00 -0.00 -0.00 -3.27 -193.49 -40.32 -5.25 -2.64 -0.13 -0.00 -4.45 -4.61 -2.61 -60.96 -409.93 -154.56 -49.01 -38.60 -8.29 -0.70 -51.16 -54.21 -36.74 -208.98 -647.99 -332.10 -157.11 -142.95 -53.94 -13.09 -170.74 -177.37 -137.05 -412.51
0.00 0.00 0.00 0.00 0.00 0.00 0.00 0.00 0.00 0.00 -37.79 -1.79 -0.01 -0.00 -0.00 0.00 -0.00 -0.00 -0.00 -3.27 -193.49 -40.32 -5.25 -2.64 -0.13 -0.00 -4.45 -4.61 -2.61 -60.96 -409.93 -154.56 -49.01 -38.60 -8.29 -0.70 -51.16 -54.21 -36.74 -208.98 -647.99 -332.10 -157.11 -142.95 -53.94 -13.09 -170.74 -177.37 -137.05 -412.51
0.00 0.00 0.00 0.00 0.00 0.00 0.00 0.00 0.00 0.00 -37.79 -1.79 -0.01 -0.00 -0.00 0.00 -0.00 -0.00 -0.00 -3.27 -193.49 -40.32 -5.25 -2.64 -0.13 -0.00 -4.45 -4.61 -2.61 -60.96 -409.93 -154.56 -49.01 -38.60 -8.29 -0.70 -51.16 -54.21 -36.74 -208.98 -647.99 -332.10 -157.11 -142.95 -53.94 -13.09 -170.74 -177.37 -137.05 -412.51
0.00 0.00 0.00 0.00 0.00 0.00 0.00 0.00 0.00 0.00 -37.79 -1.79 -0.01 -0.00 -0.00 0.00 -0.00 -0.00 -0.00 -3.27 -193.49 -40.32 -5.25 -2.64 -0.13 -0.00 -4.45 -4.61 -2.61 -60.96 -409.93 -154.56 -49.01 -38.60 -8.29 -0.70 -51.16 -54.21 -36.74 -208.98 -647.99 -332.10 -157.11 -142.95 -53.94 -13.09 -170.74 -177.37 -137.05 -412.51
0.00 0.00 0.00 0.00 0.00 0.00 0.00 0.00 0.00 0.00 -37.79 -1.79 -0.01 -0.00 -0.00 0.00 -0.00 -0.00 -0.00 -3.27 -193.49 -40.32 -5.25 -2.64 -0.13 -0.00 -4.45 -4.61 -2.61 -60.96 -409.93 -154.56 -49.01 -38.60 -8.29 -0.70 -51.16 -54.21 -36.74 -208.98 -647.99 -332.10 -157.11 -142.95 -53.94 -13.09 -170.74 -177.37 -137.05 -412.51
0.00 0.00 0.00 0.00 0.00 0.00 0.00 0.00 0.00 0.00 -37.79 -1.79 -0.01 -0.00 -0.00 0.00 -0.00 -0.00 -0.00 -3.27 -193.49 -40.32 -5.25 -2.64 -0.13 -0.00 -4.45 -4.61 -2.61 -60.96 -409.93 -154.56 -49.01 -38.60 -8.29 -0.70 -51.16 -54.21 -36.74 -208.98 -647.99 -332.10 -157.11 -142.95 -53.94 -13.09 -170.74 -177.37 -137.05 -412.51
0.00 0.00 0.00 0.00 0.00 0.00 0.00 0.00 0.00 0.00 -37.79 -1.79 -0.01 -0.00 -0.00 0.00 -0.00 -0.00 -0.00 -3.27 -193.49 -40.32 -5.25 -2.64 -0.13 -0.00 -4.45 -4.61 -2.61 -60.96 -409.93 -154.56 -49.01 -38.60 -8.29 -0.70 -51.16 -54.21 -36.74 -208.98 -647.99 -332.10 -157.11 -142.95 -53.94 -13.09 -170.74 -177.37 -137.05 -412.51
0.00 0.00 0.00 0.00 0.00 0.00 0.00 0.00 0.00 0.00 -37.79 -1.79 -0.01 -0.00 -0.00 0.00 -0.00 -0.00 -0.00 -3.27 -193.49 -40.32 -5.25 -2.64 -0.13 -0.00 -4.45 -4.61 -2.61 -60.96 -409.93 -154.56 -49.01 -38.60 -8.29 -0.70 -51.16 -54.21 -36.74 -208.98 -647.99 -332.10 -157.11 -142.95 -53.94 -13.09 -170.74 -177.37 -137.05 -412.51
0.00 0.00 0.00 0.00 0.00 0.00 0.00 0.00 0.00 0.00 -37.79 -1.79 -0.01 -0.00 -0.00 0.00 -0.00 -0.00 -0.00 -3.27 -193.49 -40.32 -5.25 -2.64 -0.13 -0.00 -4.45 -4.61 -2.61 -60.96 -409.93 -154.56 -49.01 -38.60 -8.29 -0.70 -51.16 -54.21 -36.74 -208.98 -647.99 -332.10 -157.11 -142.95 -53.94 -13.09 -170.74 -177.37 -137.05 -412.51
0.00 0.00 0.00 0.00 0.00 0.00 0.00 0.00 0.00 0.00 -37.79 -1.79 -0.01 -0.00 -0.00 0.00 -0.00 -0.00 -0.00 -3.27 -193.49 -40.32 -5.25 -2.64 -0.13 -0.00 -4.45 -4.61 -2.61 -60.96 -409.93 -154.56 -49.01 -38.60 -8.29 -0.70 -51.16 -54.21 -36.74 -208.98 -647.99 -332.10 -157.11 -142.95 -53.94 -13.09 -170.74 -177.37 -137.05 -412.51
0.00 0.00 0.00 0.00 0.00 0.00 0.00 0.00 0.00 0.00 -37.79 -1.79 -0.01 -0.00 -0.00 0.00 -0.00 -0.00 -0.00 -3.27 -193.49 -40.32 -5.25 -2.64 -0.13 -0.00 -4.45 -4.61 -2.61 -60.96 -409.93 -154.56 -49.01 -38.60 -8.29 -0.70 -51.16 -54.21 -36.74 -208.98 -647.99 -332.10 -157.11 -142.95 -53.94 -13.09 -170.74 -177.37 -137.05 -412.51
0.00 0.00 0.00 0.00 0.00 0.00 0.00 0.00 0.00 0.00 -37.79 -1.79 -0.01 -0.00 -0.00 0.00 -0.00 -0.00 -0.00 -3.27 -193.49 -40.32 -5.25 -2.64 -0.13 -0.00 -4.45 -4.61 -2.61 -60.96 -409.93 -154.56 -49.01 -38.60 -8.29 -0.70 -51.16 -54.21 -36.74 -208.98 -647.99 -332.10 -157.11 -142.95 -53.94 -13.09 -170.74 -177.37 -137.05 -412.51
0.00 0.00 0.00 0.00 0.00 0.00 0.00 0.00 0.00 0.00 -37.79 -1.79 -0.01 -0.00 -0.00 0.00 -0.00 -0.00 -0.00 -3.27 -193.49 -40.32 -5.25 -2.64 -0.13 -0.00 -4.45 -4.61 -2.61 -60.96 -409.93 -154.56 -49.01 -38.60 -8.29 -0.70 -51.16 -54.21 -36.74 -208.98 -647.99 -332.10 -157.11 -142.95 -53.94 -13.09 -170.74 -177.37 -137.05 -412.51
0.00 0.00 0.00 0.00 0.00 0.00 0.00 0.00 0.00 0.00 -37.79 -1.79 -0.01 -0.00 -0.00 0.00 -0.00 -0.00 -0.00 -3.27 -193.49 -40.32 -5.25 -2.64 -0.13 -0.00 -4.45 -4.61 -2.61 -60.96 -409.93 -154.56 -49.01 -38.60 -8.29 -0.70 -51.16 -54.21 -36.74 -208.98 -647.99 -332.10 -157.11 -142.95 -53.94 -13.09 -170.74 -177.37 -137.05 -412.51
0.00 0.00 0.00 0.00 0.00 0.00 0.00 0.00 0.00 0.00 -37.79 -1.79 -0.01 -0.00 -0.00 0.00 -0.00 -0.00 -0.00 -3.27 -193.49 -40.32 -5.25 -2.64 -0.13 -0.00 -4.45 -4.61 -2.61 -60.96 -409.93 -154.56 -49.01 -38.60 -8.29 -0.70 -51.16 -54.21 -36.74 -208.98 -647.99 -332.10 -157.11 -142.95 -53.94 -13.09 -170.74 -177.37 -137.05 -412.51
0.00 0.00 0.00 0.00 0.00 0.00 0.00 0.00 0.00 0.00 -37.79 -1.79 -0.01 -0.00 -0.00 0.00 -0.00 -0.00 -0.00 -3.27 -193.49 -40.32 -5.25 -2.64 -0.13 -0.00 -4.45 -4.61 -2.61 -60.96 -409.93 -154.56 -49.01 -38.60 -8.29 -0.70 -51.16 -54.21 -36.74 -208.98 -647.99 -332.10 -157.11 -142.95 -53.94 -13.09 -170.74 -177.37 -137.05 -412.51
0.00 0.00 0.00 0.00 0.00 0.00 0.00 0.00 0.00 0.00 -37.79 -1.79 -0.01 -0.00 -0.00 0.00 -0.00 -0.00 -0.00 -3.27 -193.49 -40.32 -5.25 -2.64 -0.13 -0.00 -4.45 -4.61 -2.61 -60.96 -409.93 -154.56 -49.01 -38.60 -8.29 -0.70 -51.16 -54.21 -36.74 -208.98 -647.99 -332.10 -157.11 -142.95 -53.94 -13.09 -170.74 -177.37 -137.05 -412.51
0.00 0.00 0.00 0.00 0.00 0.00 0.00 0.00 0.00 0.00 -37.79 -1.79 -0.01 -0.00 -0.00 0.00 -0.00 -0.00 -0.00 -3.27 -193.49 -40.32 -5.25 -2.64 -0.13 -0.00 -4.45 -4.61 -2.61 -60.96 -409.93 -154.56 -49.01 -38.60 -8.29 -0.70 -51.16 -54.21 -36.74 -208.98 -647.99 -332.10 -157.11 -142.95 -53.94 -13.09 -170.74 -177.37 -137.05 -412.51
0.00 0.00 0.00 0.00 0.00 0.00 0.00 0.00 0.00 0.00 -37.79 -1.79 -0.01 -0.00 -0.00 0.00 -0.00 -0.00 -0.00 -3.27 -193.49 -40.32 -5.25 -2.64 -0.13 -0.00 -4.45 -4.61 -2.61 -60.96 -409.93 -154.56 -49.01 -38.60 -8.29 -0.70 -51.16 -54.21 -36.74 -208.98 -647.99 -332.10 -157.11 -142.95 -53.94 -13.09 -170.74 -177.37 -137.05 -412.51
0.00 0.00 0.00 0.00 0.00 0.00 0.00 0.00 0.00 0.00 -37.79 -1.79 -0.01 -0.00 -0.00 0.00 -0.00 -0.00 -0.00 -3.27 -193.49 -40.32 -5.25 -2.64 -0.13 -0.00 -4.45 -4.61 -2.61 -60.96 -409.93 -154.56 -49.01 -38.60 -8.29 -0.70 -51.16 -54.21 -36.74 -208.98 -647.99 -332.10 -157.11 -142.95 -53.94 -13.09 -170.74 -177.37 -137.05 -412.51
0.00 0.00 0.00 0.00 0.00 0.00 0.00 0.00 0.00 0.00 -37.79 -1.79 -0.01 -0.00 -0.00 0.00 -0.00 -0.00 -0.00 -3.27 -193.49 -40.32 -5.25 -2.64 -0.13 -0.00 -4.45 -4.61 -2.61 -60.96 -409.93 -154.56 -49.01 -38.60 -8.29 -0.70 -51.16 -54.21 -36.74 -208.98 -647.99 -332.10 -157.11 -142.95 -53.94 -13.09 -170.74 -177.37 -137.05 -412.51
0.00 0.00 0.00 0.00 0.00 0.00 0.00 0.00 0.00 0.00 -37.79 -1.79 -0.01 -0.00 -0.00 0.00 -0.00 -0.00 -0.00 -3.27 -193.49 -40.32 -5.25 -2.64 -0.13 -0.00 -4.45 -4.61 -2.61 -60.96 -409.93 -154.56 -49.01 -38.60 -8.29 -0.70 -51.16 -54.21 -36.74 -208.98 -647.99 -332.10 -157.11 -142.95 -53.94 -13.09 -170.74 -177.37 -137.05 -412.51
0.00 0.00 0.00 0.00 0.00 0.00 0.00 0.00 0.00 0.00 -37.79 -1.79 -0.01 -0.00 -0.00 0.00 -0.00 -0.00 -0.00 -3.27 -193.49 -40.32 -5.25 -2.64 -0.13 -0.00 -4.45 -4.61 -2.61 -60.96 -409.93 -154.56 -49.01 -38.60 -8.29 -0.70 -51.16 -54.21 -36.74 -208.98 -647.99 -332.10 -157.11 -142.95 -53.94 -13.09 -170.74 -177.37 -137.05 -412.51
0.00 0.00 0.00 0.00 0.00 0.00 0.00 0.00 0.00 0.00 -37.79 -1.79 -0.01 -0.00 -0.00 0.00 -0.00 -0.00 -0.00 -3.27 -193.49 -40.32 -5.25 -2.64 -0.13 -0.00 -4.45 -4.61 -2.61 -60.96 -409.93 -154.56 -49.01 -38.60 -8.29 -0.70 -51.16 -54.21 -36.74 -208.98 -647.99 -332.10 -157.11 -142.95 -53.94 -13.09 -170.74 -177.37 -137.05 -412.51
0.00 0.00 0.00 0.00 0.00 0.00 0.00 0.00 0.00 0.00 -37.79 -1.79 -0.01 -0.00 -0.00 0.00 -0.00 -0.00 -0.00 -3.27 -193.49 -40.32 -5.25 -2.64 -0.13 -0.00 -4.45 -4.61 -2.61 -60.96 -409.93 -154.56 -49.01 -38.60 -8.29 -0.70 -51.16 -54.21 -36.74 -208.98 -647.99 -332.10 -157.11 -142.95 -53.94 -13.09 -170.74 -177.37 -137.05 -412.51
0.00 0.00 0.00 0.00 0.00 0.00 0.00 0.00 0.00 0.00 -37.79 -1.79 -0.01 -0.00 -0.00 0.00 -0.00 -0.00 -0.00 -3.27 -193.49 -40.32 -5.25 -2.64 -0.13 -0.00 -4.45 -4.61 -2.61 -60.96 -409.93 -154.56 -49.01 -38.60 -8.29 -0.70 -51.16 -54.21 -36.74 -208.98 -647.99 -332.10 -157.11 -142.95 -53.94 -13.09 -170.74 -177.37 -137.05 -412.51
0.00 0.00 0.00 0.00 0.00 0.00 0.00 0.00 0.00 0.00 -37.79 -1.79 -0.01 -0.00 -0.00 0.00 -0.00 -0.00 -0.00 -3.27 -193.49 -40.32 -5.25 -2.64 -0.13 -0.00 -4.45 -4.61 -2.61 -60.96 -409.93 -154.56 -49.01 -38.60 -8.29 -0.70 -51.16 -54.21 -36.74 -208.98 -647.99 -332.10 -157.11 -142.95 -53.94 -13.09 -170.74 -177.37 -137.05 -412.51
0.00 0.00 0.00 0.00 0.00 0.00 0.00 0.00 0.00 0.00 -37.79 -1.79 -0.01 -0.00 -0.00 0.00 -0.00 -0.00 -0.00 -3.27 -193.49 -40.32 -5.25 -2.64 -0.13 -0.00 -4.45 -4.61 -2.61 -60.96 -409.93 -154.56 -49.01 -38.60 -8.29 -0.70 -51.16 -54.21 -36.74 -208.98 -647.99 -332.10 -157.11 -142.95 -53.94 -13.09 -170.74 -177.37 -137.05 -412.51
0.00 0.00 0.00 0.00 0.00 0.00 0.00 0.00 0.00 0.00 -37.79 -1.79 -0.01 -0.00 -0.00 0.00 -0.00 -0.00 -0.00 -3.27 -193.49 -40.32 -5.25 -2.64 -0.13 -0.00 -4.45 -4.61 -2.61 -60.96 -409.93 -154.56 -49.01 -38.60 -8.29 -0.70 -51.16 -54.21 -36.74 -208.98 -647.99 -332.10 -157.11 -142.95 -53.94 -13.09 -170.74 -177.37 -137.05 -412.51
0.00 0.00 0.00 0.00 0.00 0.00 0.00 0.00 0.00 0.00 -37.79 -1.79 -0.01 -0.00 -0.00 0.00 -0.00 -0.00 -0.00 -3.27 -193.49 -40.32 -5.25 -2.64 -0.13 -0.00 -4.45 -4.61 -2.61 -60.96 -409.93 -154.56 -49.01 -38.60 -8.29 -0.70 -51.16 -54.21 -36.74 -208.98 -647.99 -332.10 -157.11 -142.95 -53.94 -13.09 -170.74 -177.37 -137.05 -412.51
0.00 0.00 0.00 0.00 0.00 0.00 0.00 0.00 0.00 0.00 -37.79 -1.79 -0.01 -0.00 -0.00 0.00 -0.00 -0.00 -0.00 -3.27 -193.49 -40.32 -5.25 -2.64 -0.13 -0.00 -4.45 -4.61 -2.61 -60.96 -409.93 -154.56 -49.01 -38.60 -8.29 -0.70 -51.16 -54.21 -36.74 -208.98 -647.99 -332.10 -157.11 -142.95 -53.94 -13.09 -170.74 -177.37 -137.05 -412.51
0.00 0.00 0.00 0.00 0.00 0.00 0.00 0.00 0.00 0.00 -37.79 -1.79 -0.01 -0.00 -0.00 0.00 -0.00 -0.00 -0.00 -3.27 -193.49 -40.32 -5.25 -2.64 -0.13 -0.00 -4.45 -4.61 -2.61 -60.96 -409.93 -154.56 -49.01 -38.60 -8.29 -0.70 -51.16 -54.21 -36.74 -208.98 -647.99 -332.10 -157.11 -142.95 -53.94 -13.09 -170.74 -177.37 -137.05 -412.51
0.00 0.00 0.00 0.00 0.00 0.00 0.00 0.00 0.00 0.00 -37.79 -1.79 -0.01 -0.00 -0.00 0.00 -0.00 -0.00 -0.00 -3.27 -193.49 -40.32 -5.25 -2.64 -0.13 -0.00 -4.45 -4.61 -2.61 -60.96 -409.93 -154.56 -49.01 -38.60 -8.29 -0.70 -51.16 -54.21 -36.74 -208.98 -647.99 -332.10 -157.11 -142.95 -53.94 -13.09 -170.74 -177.37 -137.05 -412.51
0.00 0.00 0.00 0.00 0.00 0.00 0.00 0.00 0.00 0.00 -37.79 -1.79 -0.01 -0.00 -0.00 0.00 -0.00 -0.00 -0.00 -3.27 -193.49 -40.32 -5.25 -2.64 -0.13 -0.00 -4.45 -4.61 -2.61 -60.96 -409.93 -154.56 -49.01 -38.60 -8.29 -0.70 -51.16 -54.21 -36.74 -208.98 -647.99 -332.10 -157.11 -142.95 -53.94 -13.09 -170.74 -177.37 -137.05 -412.51
0.00 0.00 0.00 0.00 0.00 0.00 0.00 0.00 0.00 0.00 -37.79 -1.79 -0.01 -0.00 -0.00 0.00 -0.00 -0.00 -0.00 -3.27 -193.49 -40.32 -5.25 -2.64 -0.13 -0.00 -4.45 -4.61 -2.61 -60.96 -409.93 -154.56 -49.01 -38.60 -8.29 -0.70 -51.16 -54.21 -36.74 -208.98 -647.99 -332.10 -157.11 -142.95 -53.94 -13.09 -170.74 -177.37 -137.05 -412.51
0.00 0.00 0.00 0.00 0.00 0.00 0.00 0.00 0.00 0.00 -37.79 -1.79 -0.01 -0.00 -0.00 0.00 -0.00 -0.00 -0.00 -3.27 -193.49 -40.32 -5.25 -2.64 -0.13 -0.00 -4.45 -4.61 -2.61 -60.96 -409.93 -154.56 -49.01 -38.60 -8.29 -0.70 -51.16 -54.21 -36.74 -208.98 -647.99 -332.10 -157.11 -142.95 -53.94 -13.09 -170.74 -177.37 -137.05 -412.51
0.00 0.00 0.00 0.00 0.00 0.00 0.00 0.00 0.00 0.00 -37.79 -1.79 -0.01 -0.00 -0.00 0.00 -0.00 -0.00 -0.00 -3.27 -193.49 -40.32 -5.25 -2.64 -0.13 -0.00 -4.45 -4.61 -2.61 -60.96 -409.93 -154.56 -49.01 -38.60 -8.29 -0.70 -51.16 -54.21 -36.74 -208.98 -647.99 -332.10 -157.11 -142.95 -53.94 -13.09 -170.74 -177.37 -137.05 -412.51
0.00 0.00 0.00 0.00 0.00 0.00 0.00 0.00 0.00 0.00 -37.79 -1.79 -0.01 -0.00 -0.00 0.00 -0.00 -0.00 -0.00 -3.27 -193.49 -40.32 -5.25 -2.64 -0.13 -0.00 -4.45 -4.61 -2.61 -60.96 -409.93 -154.56 -49.01 -38.60 -8.29 -0.70 -51.16 -54.21 -36.74 -208.98 -647.99 -332.10 -157.11 -142.95 -53.94 -13.09 -170.74 -177.37 -137.05 -412.51
0.00 0.00 0.00 0.00 0.00 0.00 0.00 0.00 0.00 0.00 -37.79 -1.79 -0.01 -0.00 -0.00 0.00 -0.00 -0.00 -0.00 -3.27 -193.49 -40.32 -5.25 -2.64 -0.13 -0.00 -4.45 -4.61 -2.61 -60.96 -409.93 -154.56 -49.01 -38.60 -8.29 -0.70 -51.16 -54.21 -36.74 -208.98 -647.99 -332.10 -157.11 -142.95 -53.94 -13.09 -170.74 -177.37 -137.05 -412.51
0.00 0.00 0.00 0.00 0.00 0.00 0.00 0.00 0.00 0.00 -37.79 -1.79 -0.01 -0.00 -0.00 0.00 -0.00 -0.00 -0.00 -3.27 -193.49 -40.32 -5.25 -2.64 -0.13 -0.00 -4.45 -4.61 -2.61 -60.96 -409.93 -154.56 -49.01 -38.60 -8.29 -0.70 -51.16 -54.21 -36.74 -208.98 -647.99 -332.10 -157.11 -142.95 -53.94 -13.09 -170.74 -177.37 -137.05 -412.51
0.00 0.00 0.00 0.00 0.00 0.00 0.00 0.00 0.00 0.00 -37.79 -1.79 -0.01 -0.00 -0.00 0.00 -0.00 -0.00 -0.00 -3.27 -193.49 -40.32 -5.25 -2.64 -0.13 -0.00 -4.45 -4.61 -2.61 -60.96 -409.93 -154.56 -49.01 -38.60 -8.29 -0.70 -51.16 -54.21 -36.74 -208.98 -647.99 -332.10 -157.11 -142.95 -53.94 -13.09 -170.74 -177.37 -137.05 -412.51
0.00 0.00 0.00 0.00 0.00 0.00 0.00 0.00 0.00 0.00 -37.79 -1.79 -0.01 -0.00 -0.00 0.00 -0.00 -0.00 -0.00 -3.27 -193.49 -40.32 -5.25 -2.64 -0.13 -0.00 -4.45 -4.61 -2.61 -60.96 -409.93 -154.56 -49.01 -38.60 -8.29 -0.70 -51.16 -54.21 -36.74 -208.98 -647.99 -332.10 -157.11 -142.95 -53.94 -13.09 -170.74 -177.37 -137.05 -412.51
0.00 0.00 0.00 0.00 0.00 0.00 0.00 0.00 0.00 0.00 -37.79 -1.79 -0.01 -0.00 -0.00 0.00 -0.00 -0.00 -0.00 -3.27 -193.49 -40.32 -5.25 -2.64 -0.13 -0.00 -4.45 -4.61 -2.61 -60.96 -409.93 -154.56 -49.01 -38.60 -8.29 -0.70 -51.16 -54.21 -36.74 -208.98 -647.99 -332.10 -157.11 -142.95 -53.94 -13.09 -170.74 -177.37 -137.05 -412.51
0.00 0.00 0.00 0.00 0.00 0.00 0.00 0.00 0.00 0.00 -37.79 -1.79 -0.01 -0.00 -0.00 0.00 -0.00 -0.00 -0.00 -3.27 -193.49 -40.32 -5.25 -2.64 -0.13 -0.00 -4.45 -4.61 -2.61 -60.96 -409.93 -154.56 -49.01 -38.60 -8.29 -0.70 -51.16 -54.21 -36.74 -208.98 -647.99 -332.10 -157.11 -142.95 -53.94 -13.09 -170.74 -177.37 -137.05 -412.51
0.00 0.00 0.00 0.00 0.00 0.00 0.00 0.00 0.00 0.00 -37.79 -1.79 -0.01 -0.00 -0.00 0.00 -0.00 -0.00 -0.00 -3.27 -193.49 -40.32 -5.25 -2.64 -0.13 -0.00 -4.45 -4.61 -2.61 -60.96 -409.93 -154.56 -49.01 -38.60 -8.29 -0.70 -51.16 -54.21 -36.74 -208.98 -647.99 -332.10 -157.11 -142.95 -53.94 -13.09 -170.74 -177.37 -137.05 -412.51
0.00 0.00 0.00 0.00 0.00 0.00 0.00 0.00 0.00 0.00 -37.79 -1.79 -0.01 -0.00 -0.00 0.00 -0.00 -0.00 -0.00 -3.27 -193.49 -40.32 -5.25 -2.64 -0.13 -0.00 -4.45 -4.61 -2.61 -60.96 -409.93 -154.56 -49.01 -38.60 -8.29 -0.70 -51.16 -54.21 -36.74 -208.98 -647.99 -332.10 -157.11 -142.95 -53.94 -13.09 -170.74 -177.37 -137.05 -412.51
0.00 0.00 0.00 0.00 0.00 0.00 0.00 0.00 0.00 0.00 -37.79 -1.79 -0.01 -0.00 -0.00 0.00 -0.00 -0.00 -0.00 -3.27 -193.49 -40.32 -5.25 -2.64 -0.13 -0.00 -4.45 -4.61 -2.61 -60.96 -409.93 -154.56 -49.01 -38.60 -8.29 -0.70 -51.16 -54.21 -36.74 -208.98 -647.99 -332.10 -157.11 -142.95 -53.94 -13.09 -170.74 -177.37 -137.05 -412.51
0.00 0.00 0.00 0.00 0.00 0.00 0.00 0.00 0.00 0.00 -37.79 -1.79 -0.01 -0.00 -0.00 0.00 -0.00 -0.00 -0.00 -3.27 -193.49 -40.32 -5.25 -2.64 -0.13 -0.00 -4.45 -4.61 -2.61 -60.96 -409.93 -154.56 -49.01 -38.60 -8.29 -0.70 -51.16 -54.21 -36.74 -208.98 -647.99 -332.10 -157.11 -142.95 -53.94 -13.09 -170.74 -177.37 -137.05 -412.51
0.00 0.00 0.00 0.00 0.00 0.00 0.00 0.00 0.00 0.00 -37.79 -1.79 -0.01 -0.00 -0.00 0.00 -0.00 -0.00 -0.00 -3.27 -193.49 -40.32 -5.25 -2.64 -0.13 -0.00 -4.45 -4.61 -2.61 -60.96 -409.93 -154.56 -49.01 -38.60 -8.29 -0.70 -51.16 -54.21 -36.74 -208.98 -647.99 -332.10 -157.11 -142.95 -53.94 -13.09 -170.74 -177.37 -137.05 -412.51
0.00 0.00 0.00 0.00 0.00 0.00 0.00 0.00 0.00 0.00 -36.84 -1.67 -0.01 -0.00 -0.00 0.00 -0.00 -0.00 -0.00 -2.99 -190.33 -38.36 -4.71 -2.04 -0.11 -0.00 -3.72 -5.72 -2.99 -59.54 -405.25 -149.22 -45.79 -39.17 -8.16 -0.60 -43.24 -62.30 -39.06 -205.20 -642.51 -323.32 -148.25 -152.28 -57.88 -10.23 -148.15 -187.76 -140.96 -406.79
0.00 0.00 0.00 0.00 0.00 0.00 0.00 0.00 0.00 0.00 -36.84 -1.67 -0.01 -0.00 -0.00 0.00 -0.00 -0.00 -0.00 -2.99 -190.33 -38.36 -4.71 -2.04 -0.11 -0.00 -3.72 -5.72 -2.99 -59.54 -405.25 -149.22 -45.79 -39.17 -8.16 -0.60 -43.24 -62.30 -39.06 -205.20 -642.51 -323.32 -148.25 -152.28 -57.88 -10.23 -148.15 -187.76 -140.96 -406.79
0.00 0.00 0.00 0.00 0.00 0.00 0.00 0.00 0.00 0.00 -36.84 -1.67 -0.01 -0.00 -0.00 0.00 -0.00 -0.00 -0.00 -2.99 -190.33 -38.36 -4.71 -2.04 -0.11 -0.00 -3.72 -5.72 -2.99 -59.54 -405.25 -149.22 -45.79 -39.17 -8.16 -0.60 -43.24 -62.30 -39.06 -205.20 -642.51 -323.32 -148.25 -152.28 -57.88 -10.23 -148.15 -187.76 -140.96 -406.79
0.00 0.00 0.00 0.00 0.00 0.00 0.00 0.00 0.00 0.00 -36.84 -1.67 -0.01 -0.00 -0.00 0.00 -0.00 -0.00 -0.00 -2.99 -190.33 -38.36 -4.71 -2.04 -0.11 -0.00 -3.72 -5.72 -2.99 -59.54 -405.25 -149.22 -45.79 -39.17 -8.16 -0.60 -43.24 -62.30 -39.06 -205.20 -642.51 -323.32 -148.25 -152.28 -57.88 -10.23 -148.15 -187.76 -140.96 -406.79
0.00 0.00 0.00 0.00 0.00 0.00 0.00 0.00 0.00 0.00 -36.84 -1.67 -0.01 -0.00 -0.00 0.00 -0.00 -0.00 -0.00 -2.99 -190.33 -38.36 -4.71 -2.04 -0.11 -0.00 -3.72 -5.72 -2.99 -59.54 -405.25 -149.22 -45.79 -39.17 -8.16 -0.60 -43.24 -62.30 -39.06 -205.20 -642.51 -323.32 -148.25 -152.28 -57.88 -10.23 -148.15 -187.76 -140.96 -406.79
0.00 0.00 0.00 0.00 0.00 0.00 0.00 0.00 0.00 0.00 -36.84 -1.67 -0.01 -0.00 -0.00 0.00 -0.00 -0.00 -0.00 -2.99 -190.33 -38.36 -4.71 -2.04 -0.11 -0.00 -3.72 -5.72 -2.99 -59.54 -405.25 -149.22 -45.79 -39.17 -8.16 -0.60 -43.24 -62.30 -39.06 -205.20 -642.51 -323.32 -148.25 -152.28 -57.88 -10.23 -148.15 -187.76 -140.96 -406.79
0.00 0.00 0.00 0.00 0.00 0.00 0.00 0.00 0.00 0.00 -36.84 -1.67 -0.01 -0.00 -0.00 0.00 -0.00 -0.00 -0.00 -2.99 -190.33 -38.36 -4.71 -2.04 -0.11 -0.00 -3.72 -5.72 -2.99 -59.54 -405.25 -149.22 -45.79 -39.17 -8.16 -0.60 -43.24 -62.30 -39.06 -205.20 -642.51 -323.32 -148.25 -152.28 -57.88 -10.23 -148.15 -187.76 -140.96 -406.79
0.00 0.00 0.00 0.00 0.00 0.00 0.00 0.00 0.00 0.00 -36.84 -1.67 -0.01 -0.00 -0.00 0.00 -0.00 -0.00 -0.00 -2.99 -190.33 -38.36 -4.71 -2.04 -0.11 -0.00 -3.72 -5.72 -2.99 -59.54 -405.25 -149.22 -45.79 -39.17 -8.16 -0.60 -43.24 -62.30 -39.06 -205.20 -642.51 -323.32 -148.25 -152.28 -57.88 -10.23 -148.15 -187.76 -140.96 -406.79
0.00 0.00 0.00 0.00 0.00 0.00 0.00 0.00 0.00 0.00 -36.84 -1.67 -0.01 -0.00 -0.00 0.00 -0.00 -0.00 -0.00 -2.99 -190.33 -38.36 -4.71 -2.04 -0.11 -0.00 -3.72 -5.72 -2.99 -59.54 -405.25 -149.22 -45.79 -39.17 -8.16 -0.60 -43.24 -62.30 -39.06 -205.20 -642.51 -323.32 -148.25 -152.28 -57.88 -10.23 -148.15 -187.76 -140.96 -406.79
0.00 0.00 0.00 0.00 0.00 0.00 0.00 0.00 0.00 0.00 -36.84 -1.67 -0.01 -0.00 -0.00 0.00 -0.00 -0.00 -0.00 -2.99 -190.33 -38.36 -4.71 -2.04 -0.11 -0.00 -3.72 -5.72 -2.99 -59.54 -405.25 -149.22 -45.79 -39.17 -8.16 -0.60 -43.24 -62.30 -39.06 -205.20 -642.51 -323.32 -148.25 -152.28 -57.88 -10.23 -148.15 -187.76 -140.96 -406.79
0.00 0.00 0.00 0.00 0.00 0.00 0.00 0.00 0.00 0.00 -36.84 -1.67 -0.01 -0.00 -0.00 0.00 -0.00 -0.00 -0.00 -2.99 -190.33 -38.36 -4.71 -2.04 -0.11 -0.00 -3.72 -5.72 -2.99 -59.54 -405.25 -149.22 -45.79 -39.17 -8.16 -0.60 -43.24 -62.30 -39.06 -205.20 -642.51 -323.32 -148.25 -152.28 -57.88 -10.23 -148.15 -187.76 -140.96 -406.79
0.00 0.00 0.00 0.00 0.00 0.00 0.00 0.00 0.00 0.00 -36.84 -1.67 -0.01 -0.00 -0.00 0.00 -0.00 -0.00 -0.00 -2.99 -190.33 -38.36 -4.71 -2.04 -0.11 -0.00 -3.72 -5.72 -2.99 -59.54 -405.25 -149.22 -45.79 -39.17 -8.16 -0.60 -43.24 -62.30 -39.06 -205.20 -642.51 -323.32 -148.25 -152.28 -57.88 -10.23 -148.15 -187.76 -140.96 -406.79
0.00 0.00 0.00 0.00 0.00 0.00 0.00 0.00 0.00 0.00 -36.84 -1.67 -0.01 -0.00 -0.00 0.00 -0.00 -0.00 -0.00 -2.99 -190.33 -38.36 -4.71 -2.04 -0.11 -0.00 -3.72 -5.72 -2.99 -59.54 -405.25 -149.22 -45.79 -39.17 -8.16 -0.60 -43.24 -62.30 -39.06 -205.20 -642.51 -323.32 -148.25 -152.28 -57.88 -10.23 -148.15 -187.76 -140.96 -406.79
0.00 0.00 0.00 0.00 0.00 0.00 0.00 0.00 0.00 0.00 -36.84 -1.67 -0.01 -0.00 -0.00 0.00 -0.00 -0.00 -0.00 -2.99 -190.33 -38.36 -4.71 -2.04 -0.11 -0.00 -3.72 -5.72 -2.99 -59.54 -405.25 -149.22 -45.79 -39.17 -8.16 -0.60 -43.24 -62.30 -39.06 -205.20 -642.51 -323.32 -148.25 -152.28 -57.88 -10.23 -148.15 -187.76 -140.96 -406.79
0.00 0.00 0.00 0.00 0.00 0.00 0.00 0.00 0.00 0.00 -36.84 -1.67 -0.01 -0.00 -0.00 0.00 -0.00 -0.00 -0.00 -2.99 -190.33 -38.36 -4.71 -2.04 -0.11 -0.00 -3.72 -5.72 -2.99 -59.54 -405.25 -149.22 -45.79 -39.17 -8.16 -0.60 -43.24 -62.30 -39.06 -205.20 -642.51 -323.32 -148.25 -152.28 -57.88 -10.23 -148.15 -187.76 -140.96 -406.79
0.00 0.00 0.00 0.00 0.00 0.00 0.00 0.00 0.00 0.00 -36.84 -1.67 -0.01 -0.00 -0.00 0.00 -0.00 -0.00 -0.00 -2.99 -190.33 -38.36 -4.71 -2.04 -0.11 -0.00 -3.72 -5.72 -2.99 -59.54 -405.25 -149.22 -45.79 -39.17 -8.16 -0.60 -43.24 -62.30 -39.06 -205.20 -642.51 -323.32 -148.25 -152.28 -57.88 -10.23 -148.15 -187.76 -140.96 -406.79
0.00 0.00 0.00 0.00 0.00 0.00 0.00 0.00 0.00 0.00 -36.84 -1.67 -0.01 -0.00 -0.00 0.00 -0.00 -0.00 -0.00 -2.99 -190.33 -38.36 -4.71 -2.04 -0.11 -0.00 -3.72 -5.72 -2.99 -59.54 -405.25 -149.22 -45.79 -39.17 -8.16 -0.60 -43.24 -62.30 -39.06 -205.20 -642.51 -323.32 -148.25 -152.28 -57.88 -10.23 -148.15 -187.76 -140.96 -406.79
0.00 0.00 0.00 0.00 0.00 0.00 0.00 0.00 0.00 0.00 -36.84 -1.67 -0.01 -0.00 -0.00 0.00 -0.00 -0.00 -0.00 -2.99 -190.33 -38.36 -4.71 -2.04 -0.11 -0.00 -3.72 -5.72 -2.99 -59.54 -405.25 -149.22 -45.79 -39.17 -8.16 -0.60 -43.24 -62.30 -39.06 -205.20 -642.51 -323.32 -148.25 -152.28 -57.88 -10.23 -148.15 -187.76 -140.96 -406.79
0.00 0.00 0.00 0.00 0.00 0.00 0.00 0.00 0.00 0.00 -36.84 -1.67 -0.01 -0.00 -0.00 0.00 -0.00 -0.00 -0.00 -2.99 -190.33 -38.36 -4.71 -2.04 -0.11 -0.00 -3.72 -5.72 -2.99 -59.54 -405.25 -149.22 -45.79 -39.17 -8.16 -0.60 -43.24 -62.30 -39.06 -205.20 -642.51 -323.32 -148.25 -152.28 -57.88 -10.23 -148.15 -187.76 -140.96 -406.79
0.00 0.00 0.00 0.00 0.00 0.00 0.00 0.00 0.00 0.00 -36.84 -1.67 -0.01 -0.00 -0.00 0.00 -0.00 -0.00 -0.00 -2.99 -190.33 -38.36 -4.71 -2.04 -0.11 -0.00 -3.72 -5.72 -2.99 -59.54 -405.25 -149.22 -45.79 -39.17 -8.16 -0.60 -43.24 -62.30 -39.06 -205.20 -642.51 -323.32 -148.25 -152.28 -57.88 -10.23 -148.15 -187.76 -140.96 -406.79
0.00 0.00 0.00 0.00 0.00 0.00 0.00 0.00 0.00 0.00 -36.84 -1.67 -0.01 -0.00 -0.00 0.00 -0.00 -0.00 -0.00 -2.99 -190.33 -38.36 -4.71 -2.04 -0.11 -0.00 -3.72 -5.72 -2.99 -59.54 -405.25 -149.22 -45.79 -39.17 -8.16 -0.60 -43.24 -62.30 -39.06 -205.20 -642.51 -323.32 -148.25 -152.28 -57.88 -10.23 -148.15 -187.76 -140.96 -406.79
0.00 0.00 0.00 0.00 0.00 0.00 0.00 0.00 0.00 0.00 -36.84 -1.67 -0.01 -0.00 -0.00 0.00 -0.00 -0.00 -0.00 -2.99 -190.33 -38.36 -4.71 -2.04 -0.11 -0.00 -3.72 -5.72 -2.99 -59.54 -405.25 -149.22 -45.79 -39.17 -8.16 -0.60 -43.24 -62.30 -39.06 -205.20 -642.51 -323.32 -148.25 -152.28 -57.88 -10.23 -148.15 -187.76 -140.96 -406.79
0.00 0.00 0.00 0.00 0.00 0.00 0.00 0.00 0.00 0.00 -36.84 -1.67 -0.01 -0.00 -0.00 0.00 -0.00 -0.00 -0.00 -2.99 -190.33 -38.36 -4.71 -2.04 -0.11 -0.00 -3.72 -5.72 -2.99 -59.54 -405.25 -149.22 -45.79 -39.17 -8.16 -0.60 -43.24 -62.30 -39.06 -205.20 -642.51 -323.32 -148.25 -152.28 -57.88 -10.23 -148.15 -187.76 -140.96 -406.79
0.00 0.00 0.00 0.00 0.00 0.00 0.00 0.00 0.00 0.00 -36.84 -1.67 -0.01 -0.00 -0.00 0.00 -0.00 -0.00 -0.00 -2.99 -190.33 -38.36 -4.71 -2.04 -0.11 -0.00 -3.72 -5.72 -2.99 -59.54 -405.25 -149.22 -45.79 -39.17 -8.16 -0.60 -43.24 -62.30 -39.06 -205.20 -642.51 -323.32 -148.25 -152.28 -57.88 -10.23 -148.15 -187.76 -140.96 -406.79
0.00 0.00 0.00 0.00 0.00 0.00 0.00 0.00 0.00 0.00 -36.84 -1.67 -0.01 -0.00 -0.00 0.00 -0.00 -0.00 -0.00 -2.99 -190.33 -38.36 -4.71 -2.04 -0.11 -0.00 -3.72 -5.72 -2.99 -59.54 -405.25 -149.22 -45.79 -39.17 -8.16 -0.60 -43.24 -62.30 -39.06 -205.20 -642.51 -323.32 -148.25 -152.28 -57.88 -10.23 -148.15 -187.76 -140.96 -406.79
0.00 0.00 0.00 0.00 0.00 0.00 0.00 0.00 0.00 0.00 -36.84 -1.67 -0.01 -0.00 -0.00 0.00 -0.00 -0.00 -0.00 -2.99 -190.33 -38.36 -4.71 -2.04 -0.11 -0.00 -3.72 -5.72 -2.99 -59.54 -405.25 -149.22 -45.79 -39.17 -8.16 -0.60 -43.24 -62.30 -39.06 -205.20 -642.51 -323.32 -148.25 -152.28 -57.88 -10.23 -148.15 -187.76 -140.96 -406.79
0.00 0.00 0.00 0.00 0.00 0.00 0.00 0.00 0.00 0.00 -36.84 -1.67 -0.01 -0.00 -0.00 0.00 -0.00 -0.00 -0.00 -2.99 -190.33 -38.36 -4.71 -2.04 -0.11 -0.00 -3.72 -5.72 -2.99 -59.54 -405.25 -149.22 -45.79 -39.17 -8.16 -0.60 -43.24 -62.30 -39.06 -205.20 -642.51 -323.32 -148.25 -152.28 -57.88 -10.23 -148.15 -187.76 -140.96 -406.79
0.00 0.00 0.00 0.00 0.00 0.00 0.00 0.00 0.00 0.00 -36.84 -1.67 -0.01 -0.00 -0.00 0.00 -0.00 -0.00 -0.00 -2.99 -190.33 -38.36 -4.71 -2.04 -0.11 -0.00 -3.72 -5.72 -2.99 -59.54 -405.25 -149.22 -45.79 -39.17 -8.16 -0.60 -43.24 -62.30 -39.06 -205.20 -642.51 -323.32 -148.25 -152.28 -57.88 -10.23 -148.15 -187.76 -140.96 -406.79
0.00 0.00 0.00 0.00 0.00 0.00 0.00 0.00 0.00 0.00 -36.84 -1.67 -0.01 -0.00 -0.00 0.00 -0.00 -0.00 -0.00 -2.99 -190.33 -38.36 -4.71 -2.04 -0.11 -0.00 -3.72 -5.72 -2.99 -59.54 -405.25 -149.22 -45.79 -39.17 -8.16 -0.60 -43.24 -62.30 -39.06 -205.20 -642.51 -323.32 -148.25 -152.28 -57.88 -10.23 -148.15 -187.76 -140.96 -406.79
0.00 0.00 0.00 0.00 0.00 0.00 0.00 0.00 0.00 0.00 -36.84 -1.67 -0.01 -0.00 -0.00 0.00 -0.00 -0.00 -0.00 -2.99 -190.33 -38.36 -4.71 -2.04 -0.11 -0.00 -3.72 -5.72 -2.99 -59.54 -405.25 -149.22 -45.79 -39.17 -8.16 -0.60 -43.24 -62.30 -39.06 -205.20 -642.51 -323.32 -148.25 -152.28 -57.88 -10.23 -148.15 -187.76 -140.96 -406.79
0.00 0.00 0.00 0.00 0.00 0.00 0.00 0.00 0.00 0.00 -36.84 -1.67 -0.01 -0.00 -0.00 0.00 -0.00 -0.00 -0.00 -2.99 -190.33 -38.36 -4.71 -2.04 -0.11 -0.00 -3.72 -5.72 -2.99 -59.54 -405.25 -149.22 -45.79 -39.17 -8.16 -0.60 -43.24 -62.30 -39.06 -205.20 -642.51 -323.32 -148.25 -152.28 -57.88 -10.23 -148.15 -187.76 -140.96 -406.79
0.00 0.00 0.00 0.00 0.00 0.00 0.00 0.00 0.00 0.00 -36.84 -1.67 -0.01 -0.00 -0.00 0.00 -0.00 -0.00 -0.00 -2.99 -190.33 -38.36 -4.71 -2.04 -0.11 -0.00 -3.72 -5.72 -2.99 -59.54 -405.25 -149.22 -45.79 -39.17 -8.16 -0.60 -43.24 -62.30 -39.06 -205.20 -642.51 -323.32 -148.25 -152.28 -57.88 -10.23 -148.15 -187.76 -140.96 -406.79
0.00 0.00 0.00 0.00 0.00 0.00 0.00 0.00 0.00 0.00 -36.84 -1.67 -0.01 -0.00 -0.00 0.00 -0.00 -0.00 -0.00 -2.99 -190.33 -38.36 -4.71 -2.04 -0.11 -0.00 -3.72 -5.72 -2.99 -59.54 -405.25 -149.22 -45.79 -39.17 -8.16 -0.60 -43.24 -62.30 -39.06 -205.20 -642.51 -323.32 -148.25 -152.28 -57.88 -10.23 -148.15 -187.76 -140.96 -406.79
0.00 0.00 0.00 0.00 0.00 0.00 0.00 0.00 0.00 0.00 -36.84 -1.67 -0.01 -0.00 -0.00 0.00 -0.00 -0.00 -0.00 -2.99 -190.33 -38.36 -4.71 -2.04 -0.11 -0.00 -3.72 -5.72 -2.99 -59.54 -405.25 -149.22 -45.79 -39.17 -8.16 -0.60 -43.24 -62.30 -39.06 -205.20 -642.51 -323.32 -148.25 -152.28 -57.88 -10.23 -148.15 -187.76 -140.96 -406.79
0.00 0.00 0.00 0.00 0.00 0.00 0.00 0.00 0.00 0.00 -36.84 -1.67 -0.01 -0.00 -0.00 0.00 -0.00 -0.00 -0.00 -2.99 -190.33 -38.36 -4.71 -2.04 -0.11 -0.00 -3.72 -5.72 -2.99 -59.54 -405.25 -149.22 -45.79 -39.17 -8.16 -0.60 -43.24 -62.30 -39.06 -205.20 -642.51 -323.32 -148.25 -152.28 -57.88 -10.23 -148.15 -187.76 -140.96 -406.79
0.00 0.00 0.00 0.00 0.00 0.00 0.00 0.00 0.00 0.00 -36.84 -1.67 -0.01 -0.00 -0.00 0.00 -0.00 -0.00 -0.00 -2.99 -190.33 -38.36 -4.71 -2.04 -0.11 -0.00 -3.72 -5.72 -2.99 -59.54 -405.25 -149.22 -45.79 -39.17 -8.16 -0.60 -43.24 -62.30 -39.06 -205.20 -642.51 -323.32 -148.25 -152.28 -57.88 -10.23 -148.15 -187.76 -140.96 -406.79
0.00 0.00 0.00 0.00 0.00 0.00 0.00 0.00 0.00 0.00 -36.84 -1.67 -0.01 -0.00 -0.00 0.00 -0.00 -0.00 -0.00 -2.99 -190.33 -38.36 -4.71 -2.04 -0.11 -0.00 -3.72 -5.72 -2.99 -59.54 -405.25 -149.22 -45.79 -39.17 -8.16 -0.60 -43.24 -62.30 -39.06 -205.20 -642.51 -323.32 -148.25 -152.28 -57.88 -10.23 -148.15 -187.76 -140.96 -406.79
0.00 0.00 0.00 0.00 0.00 0.00 0.00 0.00 0.00 0.00 -36.84 -1.67 -0.01 -0.00 -0.00 0.00 -0.00 -0.00 -0.00 -2.99 -190.33 -38.36 -4.71 -2.04 -0.11 -0.00 -3.72 -5.72 -2.99 -59.54 -405.25 -149.22 -45.79 -39.17 -8.16 -0.60 -43.24 -62.30 -39.06 -205.20 -642.51 -323.32 -148.25 -152.28 -57.88 -10.23 -148.15 -187.76 -140.96 -406.79
0.00 0.00 0.00 0.00 0.00 0.00 0.00 0.00 0.00 0.00 -36.84 -1.67 -0.01 -0.00 -0.00 0.00 -0.00 -0.00 -0.00 -2.99 -190.33 -38.36 -4.71 -2.04 -0.11 -0.00 -3.72 -5.72 -2.99 -59.54 -405.25 -149.22 -45.79 -39.17 -8.16 -0.60 -43.24 -62.30 -39.06 -205.20 -642.51 -323.32 -148.25 -152.28 -57.88 -10.23 -148.15 -187.76 -140.96 -406.79
0.00 0.00 0.00 0.00 0.00 0.00 0.00 0.00 0.00 0.00 -36.84 -1.67 -0.01 -0.00 -0.00 0.00 -0.00 -0.00 -0.00 -2.99 -190.33 -38.36 -4.71 -2.04 -0.11 -0.00 -3.72 -5.72 -2.99 -59.54 -405.25 -149.22 -45.79 -39.17 -8.16 -0.60 -43.24 -62.30 -39.06 -205.20 -642.51 -323.32 -148.25 -152.28 -57.88 -10.23 -148.15 -187.76 -140.96 -406.79
0.00 0.00 0.00 0.00 0.00 0.00 0.00 0.00 0.00 0.00 -36.84 -1.67 -0.01 -0.00 -0.00 0.00 -0.00 -0.00 -0.00 -2.99 -190.33 -38.36 -4.71 -2.04 -0.11 -0.00 -3.72 -5.72 -2.99 -59.54 -405.25 -149.22 -45.79 -39.17 -8.16 -0.60 -43.24 -62.30 -39.06 -205.20 -642.51 -323.32 -148.25 -152.28 -57.88 -10.23 -148.15 -187.76 -140.96 -406.79
0.00 0.00 0.00 0.00 0.00 0.00 0.00 0.00 0.00 0.00 -36.84 -1.67 -0.01 -0.00 -0.00 0.00 -0.00 -0.00 -0.00 -2.99 -190.33 -38.36 -4.71 -2.04 -0.11 -0.00 -3.72 -5.72 -2.99 -59.54 -405.25 -149.22 -45.79 -39.17 -8.16 -0.60 -43.24 -62.30 -39.06 -205.20 -642.51 -323.32 -148.25 -152.28 -57.88 -10.23 -148.15 -187.76 -140.96 -406.79
0.00 0.00 0.00 0.00 0.00 0.00 0.00 0.00 0.00 0.00 -36.84 -1.67 -0.01 -0.00 -0.00 0.00 -0.00 -0.00 -0.00 -2.99 -190.33 -38.36 -4.71 -2.04 -0.11 -0.00 -3.72 -5.72 -2.99 -59.54 -405.25 -149.22 -45.79 -39.17 -8.16 -0.60 -43.24 -62.30 -39.06 -205.20 -642.51 -323.32 -148.25 -152.28 -57.88 -10.23 -148.15 -187.76 -140.96 -406.79
0.00 0.00 0.00 0.00 0.00 0.00 0.00 0.00 0.00 0.00 -36.84 -1.67 -0.01 -0.00 -0.00 0.00 -0.00 -0.00 -0.00 -2.99 -190.33 -38.36 -4.71 -2.04 -0.11 -0.00 -3.72 -5.72 -2.99 -59.54 -405.25 -149.22 -45.79 -39.17 -8.16 -0.60 -43.24 -62.30 -39.06 -205.20 -642.51 -323.32 -148.25 -152.28 -57.88 -10.23 -148.15 -187.76 -140.96 -406.79
0.00 0.00 0.00 0.00 0.00 0.00 0.00 0.00 0.00 0.00 -36.84 -1.67 -0.01 -0.00 -0.00 0.00 -0.00 -0.00 -0.00 -2.99 -190.33 -38.36 -4.71 -2.04 -0.11 -0.00 -3.72 -5.72 -2.99 -59.54 -405.25 -149.22 -45.79 -39.17 -8.16 -0.60 -43.24 -62.30 -39.06 -205.20 -642.51 -323.32 -148.25 -152.28 -57.88 -10.23 -148.15 -187.76 -140.96 -406.79
0.00 0.00 0.00 0.00 0.00 0.00 0.00 0.00 0.00 0.00 -36.84 -1.67 -0.01 -0.00 -0.00 0.00 -0.00 -0.00 -0.00 -2.99 -190.33 -38.36 -4.71 -2.04 -0.11 -0.00 -3.72 -5.72 -2.99 -59.54 -405.25 -149.22 -45.79 -39.17 -8.16 -0.60 -43.24 -62.30 -39.06 -205.20 -642.51 -323.32 -148.25 -152.28 -57.88 -10.23 -148.15 -187.76 -140.96 -406.79
0.00 0.00 0.00 0.00 0.00 0.00 0.00 0.00 0.00 0.00 -36.84 -1.67 -0.01 -0.00 -0.00 0.00 -0.00 -0.00 -0.00 -2.99 -190.33 -38.36 -4.71 -2.04 -0.11 -0.00 -3.72 -5.72 -2.99 -59.54 -405.25 -149.22 -45.79 -39.17 -8.16 -0.60 -43.24 -62.30 -39.06 -205.20 -642.51 -323.32 -148.25 -152.28 -57.88 -10.23 -148.15 -187.76 -140.96 -406.79
0.00 0.00 0.00 0.00 0.00 0.00 0.00 0.00 0.00 0.00 -36.84 -1.67 -0.01 -0.00 -0.00 0.00 -0.00 -0.00 -0.00 -2.99 -190.33 -38.36 -4.71 -2.04 -0.11 -0.00 -3.72 -5.72 -2.99 -59.54 -405.25 -149.22 -45.79 -39.17 -8.16 -0.60 -43.24 -62.30 -39.06 -205.20 -642.51 -323.32 -148.25 -152.28 -57.88 -10.23 -148.15 -187.76 -140.96 -406.79
0.00 0.00 0.00 0.00 0.00 0.00 0.00 0.00 0.00 0.00 -36.84 -1.67 -0.01 -0.00 -0.00 0.00 -0.00 -0.00 -0.00 -2.99 -190.33 -38.36 -4.71 -2.04 -0.11 -0.00 -3.72 -5.72 -2.99 -59.54 -405.25 -149.22 -45.79 -39.17 -8.16 -0.60 -43.24 -62.30 -39.06 -205.20 -642.51 -323.32 -148.25 -152.28 -57.88 -10.23 -148.15 -187.76 -140.96 -406.79
0.00 0.00 0.00 0.00 0.00 0.00 0.00 0.00 0.00 0.00 -36.84 -1.67 -0.01 -0.00 -0.00 0.00 -0.00 -0.00 -0.00 -2.99 -190.33 -38.36 -4.71 -2.04 -0.11 -0.00 -3.72 -5.72 -2.99 -59.54 -405.25 -149.22 -45.79 -39.17 -8.16 -0.60 -43.24 -62.30 -39.06 -205.20 -642.51 -323.32 -148.25 -152.28 -57.88 -10.23 -148.15 -187.76 -140.96 -406.79
0.00 0.00 0.00 0.00 0.00 0.00 0.00 0.00 0.00 0.00 -36.84 -1.67 -0.01 -0.00 -0.00 0.00 -0.00 -0.00 -0.00 -2.99 -190.33 -38.36 -4.71 -2.04 -0.11 -0.00 -3.72 -5.72 -2.99 -59.54 -405.25 -149.22 -45.79 -39.17 -8.16 -0.60 -43.24 -62.30 -39.06 -205.20 -642.51 -323.32 -148.25 -152.28 -57.88 -10.23 -148.15 -187.76 -140.96 -406.79
0.00 0.00 0.00 0.00 0.00 0.00 0.00 0.00 0.00 0.00 -36.84 -1.67 -0.01 -0.00 -0.00 0.00 -0.00 -0.00 -0.00 -2.99 -190.33 -38.36 -4.71 -2.04 -0.11 -0.00 -3.72 -5.72 -2.99 -59.54 -405.25 -149.22 -45.79 -39.17 -8.16 -0.60 -43.24 -62.30 -39.06 -205.20 -642.51 -323.32 -148.25 -152.28 -57.88 -10.23 -148.15 -187.76 -140.96 -406.79
0.00 0.00 0.00 0.00 0.00 0.00 0.00 0.00 0.00 0.00 -36.84 -1.67 -0.01 -0.00 -0.00 0.00 -0.00 -0.00 -0.00 -2.99 -190.33 -38.36 -4.71 -2.04 -0.11 -0.00 -3.72 -5.72 -2.99 -59.54 -405.25 -149.22 -45.79 -39.17 -8.16 -0.60 -43.24 -62.30 -39.06 -205.20 -642.51 -323.32 -148.25 -152.28 -57.88 -10.23 -148.15 -187.76 -140.96 -406.79
0.00 0.00 0.00 0.00 0.00 0.00 0.00 0.00 0.00 0.00 -36.84 -1.67 -0.01 -0.00 -0.00 0.00 -0.00 -0.00 -0.00 -2.99 -190.33 -38.36 -4.71 -2.04 -0.11 -0.00 -3.72 -5.72 -2.99 -59.54 -405.25 -149.22 -45.79 -39.17 -8.16 -0.60 -43.24 -62.30 -39.06 -205.20 -642.51 -323.32 -148.25 -152.28 -57.88 -10.23 -148.15 -187.76 -140.96 -406.79
0.00 0.00 0.00 0.00 0.00 0.00 0.00 0.00 0.00 0.00 -36.84 -1.67 -0.01 -0.00 -0.00 0.00 -0.00 -0.00 -0.00 -2.99 -190.33 -38.36 -4.71 -2.04 -0.11 -0.00 -3.72 -5.72 -2.99 -59.54 -405.25 -149.22 -45.79 -39.17 -8.16 -0.60 -43.24 -62.30 -39.06 -205.20 -642.51 -323.32 -148.25 -152.28 -57.88 -10.23 -148.15 -187.76 -140.96 -406.79
0.00 0.00 0.00 0.00 0.00 0.00 0.00 0.00 0.00 0.00 -36.84 -1.67 -0.01 -0.00 -0.00 0.00 -0.00 -0.00 -0.00 -2.99 -190.33 -38.36 -4.71 -2.04 -0.11 -0.00 -3.72 -5.72 -2.99 -59.54 -405.25 -149.22 -45.79 -39.17 -8.16 -0.60 -43.24 -62.30 -39.06 -205.20 -642.51 -323.32 -148.25 -152.28 -57.88 -10.23 -148.15 -187.76 -140.96 -406.79
0.00 0.00 0.00 0.00 0.00 0.00 0.00 0.00 0.00 0.00 -36.84 -1.67 -0.01 -0.00 -0.00 0.00 -0.00 -0.00 -0.00 -2.99 -190.33 -38.36 -4.71 -2.04 -0.11 -0.00 -3.72 -5.72 -2.99 -59.54 -405.25 -149.22 -45.79 -39.17 -8.16 -0.60 -43.24 -62.30 -39.06 -205.20 -642.51 -323.32 -148.25 -152.28 -57.88 -10.23 -148.15 -187.76 -140.96 -406.79
0.00 0.00 0.00 0.00 0.00 0.00 0.00 0.00 0.00 0.00 -36.84 -1.67 -0.01 -0.00 -0.00 0.00 -0.00 -0.00 -0.00 -2.99 -190.33 -38.36 -4.71 -2.04 -0.11 -0.00 -3.72 -5.72 -2.99 -59.54 -405.25 -149.22 -45.79 -39.17 -8.16 -0.60 -43.24 -62.30 -39.06 -205.20 -642.51 -323.32 -148.25 -152.28 -57.88 -10.23 -148.15 -187.76 -140.96 -406.79
0.00 0.00 0.00 0.00 0.00 0.00 0.00 0.00 0.00 0.00 -36.84 -1.67 -0.01 -0.00 -0.00 0.00 -0.00 -0.00 -0.00 -2.99 -190.33 -38.36 -4.71 -2.04 -0.11 -0.00 -3.72 -5.72 -2.99 -59.54 -405.25 -149.22 -45.79 -39.17 -8.16 -0.60 -43.24 -62.30 -39.06 -205.20 -642.51 -323.32 -148.25 -152.28 -57.88 -10.23 -148.15 -187.76 -140.96 -406.79
0.00 0.00 0.00 0.00 0.00 0.00 0.00 0.00 0.00 0.00 -36.84 -1.67 -0.01 -0.00 -0.00 0.00 -0.00 -0.00 -0.00 -2.99 -190.33 -38.36 -4.71 -2.04 -0.11 -0.00 -3.72 -5.72 -2.99 -59.54 -405.25 -149.22 -45.79 -39.17 -8.16 -0.60 -43.24 -62.30 -39.06 -205.20 -642.51 -323.32 -148.25 -152.28 -57.88 -10.23 -148.15 -187.76 -140.96 -406.79
0.00 0.00 0.00 0.00 0.00 0.00 0.00 0.00 0.00 0.00 -36.84 -1.67 -0.01 -0.00 -0.00 0.00 -0.00 -0.00 -0.00 -2.99 -190.33 -38.36 -4.71 -2.04 -0.11 -0.00 -3.72 -5.72 -2.99 -59.54 -405.25 -149.22 -45.79 -39.17 -8.16 -0.60 -43.24 -62.30 -39.06 -205.20 -642.51 -323.32 -148.25 -152.28 -57.88 -10.23 -148.15 -187.76 -140.96 -406.79
0.00 0.00 0.00 0.00 0.00 0.00 0.00 0.00 0.00 0.00 -36.84 -1.67 -0.01 -0.00 -0.00 0.00 -0.00 -0.00 -0.00 -2.99 -190.33 -38.36 -4.71 -2.04 -0.11 -0.00 -3.72 -5.72 -2.99 -59.54 -405.25 -149.22 -45.79 -39.17 -8.16 -0.60 -43.24 -62.30 -39.06 -205.20 -642.51 -323.32 -148.25 -152.28 -57.88 -10.23 -148.15 -187.76 -140.96 -406.79
0.00 0.00 0.00 0.00 0.00 0.00 0.00 0.00 0.00 0.00 -36.84 -1.67 -0.01 -0.00 -0.00 0.00 -0.00 -0.00 -0.00 -2.99 -190.33 -38.36 -4.71 -2.04 -0.11 -0.00 -3.72 -5.72 -2.99 -59.54 -405.25 -149.22 -45.79 -39.17 -8.16 -0.60 -43.24 -62.30 -39.06 -205.20 -642.51 -323.32 -148.25 -152.28 -57.88 -10.23 -148.15 -187.76 -140.96 -406.79
0.00 0.00 0.00 0.00 0.00 0.00 0.00 0.00 0.00 0.00 -36.84 -1.67 -0.01 -0.00 -0.00 0.00 -0.00 -0.00 -0.00 -2.99 -190.33 -38.36 -4.71 -2.04 -0.11 -0.00 -3.72 -5.72 -2.99 -59.54 -405.25 -149.22 -45.79 -39.17 -8.16 -0.60 -43.24 -62.30 -39.06 -205.20 -642.51 -323.32 -148.25 -152.28 -57.88 -10.23 -148.15 -187.76 -140.96 -406.79
0.00 0.00 0.00 0.00 0.00 0.00 0.00 0.00 0.00 0.00 -36.84 -1.67 -0.01 -0.00 -0.00 0.00 -0.00 -0.00 -0.00 -2.99 -190.33 -38.36 -4.71 -2.04 -0.11 -0.00 -3.72 -5.72 -2.99 -59.54 -405.25 -149.22 -45.79 -39.17 -8.16 -0.60 -43.24 -62.30 -39.06 -205.20 -642.51 -323.32 -148.25 -152.28 -57.88 -10.23 -148.15 -187.76 -140.96 -406.79
0.00 0.00 0.00 0.00 0.00 0.00 0.00 0.00 0.00 0.00 -36.84 -1.67 -0.01 -0.00 -0.00 0.00 -0.00 -0.00 -0.00 -2.99 -190.33 -38.36 -4.71 -2.04 -0.11 -0.00 -3.72 -5.72 -2.99 -59.54 -405.25 -149.22 -45.79 -39.17 -8.16 -0.60 -43.24 -62.30 -39.06 -205.20 -642.51 -323.32 -148.25 -152.28 -57.88 -10.23 -148.15 -187.76 -140.96 -406.79
0.00 0.00 0.00 0.00 0.00 0.00 0.00 0.00 0.00 0.00 -36.84 -1.67 -0.01 -0.00 -0.00 0.00 -0.00 -0.00 -0.00 -2.99 -190.33 -38.36 -4.71 -2.04 -0.11 -0.00 -3.72 -5.72 -2.99 -59.54 -405.25 -149.22 -45.79 -39.17 -8.16 -0.60 -43.24 -62.30 -39.06 -205.20 -642.51 -323.32 -148.25 -152.28 -57.88 -10.23 -148.15 -187.76 -140.96 -406.79
0.00 0.00 0.00 0.00 0.00 0.00 0.00 0.00 0.00 0.00 -36.84 -1.67 -0.01 -0.00 -0.00 0.00 -0.00 -0.00 -0.00 -2.99 -190.33 -38.36 -4.71 -2.04 -0.11 -0.00 -3.72 -5.72 -2.99 -59.54 -405.25 -149.22 -45.79 -39.17 -8.16 -0.60 -43.24 -62.30 -39.06 -205.20 -642.51 -323.32 -148.25 -152.28 -57.88 -10.23 -148.15 -187.76 -140.96 -406.79
0.00 0.00 0.00 0.00 0.00 0.00 0.00 0.00 0.00 0.00 -36.84 -1.67 -0.01 -0.00 -0.00 0.00 -0.00 -0.00 -0.00 -2.99 -190.33 -38.36 -4.71 -2.04 -0.11 -0.00 -3.72 -5.72 -2.99 -59.54 -405.25 -149.22 -45.79 -39.17 -8.16 -0.60 -43.24 -62.30 -39.06 -205.20 -642.51 -323.32 -148.25 -152.28 -57.88 -10.23 -148.15 -187.76 -140.96 -406.79
0.00 0.00 0.00 0.00 0.00 0.00 0.00 0.00 0.00 0.00 -35.45 -1.49 -0.01 -0.00 -0.00 0.00 -0.00 -0.00 -0.00 -2.80 -185.73 -35.81 -3.94 -2.36 -0.03 -0.00 -3.60 -2.55 -2.52 -54.25 -398.36 -141.68 -40.16 -38.96 -4.01 -0.37 -46.08 -37.11 -34.55 -193.56 -634.37 -310.64 -134.09 -143.75 -33.83 -8.53 -164.65 -135.74 -125.25 -390.73
0.00 0.00 0.00 0.00 0.00 0.00 0.00 0.00 0.00 0.00 -35.45 -1.49 -0.01 -0.00 -0.00 0.00 -0.00 -0.00 -0.00 -2.80 -185.73 -35.81 -3.94 -2.36 -0.03 -0.00 -3.60 -2.55 -2.52 -54.25 -398.36 -141.68 -40.16 -38.96 -4.01 -0.37 -46.08 -37.11 -34.55 -193.56 -634.37 -310.64 -134.09 -143.75 -33.83 -8.53 -164.65 -135.74 -125.25 -390.73
0.00 0.00 0.00 0.00 0.00 0.00 0.00 0.00 0.00 0.00 -35.45 -1.49 -0.01 -0.00 -0.00 0.00 -0.00 -0.00 -0.00 -2.80 -185.73 -35.81 -3.94 -2.36 -0.03 -0.00 -3.60 -2.55 -2.52 -54.25 -398.36 -141.68 -40.16 -38.96 -4.01 -0.37 -46.08 -37.11 -34.55 -193.56 -634.37 -310.64 -134.09 -143.75 -33.83 -8.53 -164.65 -135.74 -125.25 -390.73
0.00 0.00 0.00 0.00 0.00 0.00 0.00 0.00 0.00 0.00 -35.45 -1.49 -0.01 -0.00 -0.00 0.00 -0.00 -0.00 -0.00 -2.80 -185.73 -35.81 -3.94 -2.36 -0.03 -0.00 -3.60 -2.55 -2.52 -54.25 -398.36 -141.68 -40.16 -38.96 -4.01 -0.37 -46.08 -37.11 -34.55 -193.56 -634.37 -310.64 -134.09 -143.75 -33.83 -8.53 -164.65 -135.74 -125.25 -390.73
0.00 0.00 0.00 0.00 0.00 0.00 0.00 0.00 0.00 0.00 -35.45 -1.49 -0.01 -0.00 -0.00 0.00 -0.00 -0.00 -0.00 -2.80 -185.73 -35.81 -3.94 -2.36 -0.03 -0.00 -3.60 -2.55 -2.52 -54.25 -398.36 -141.68 -40.16 -38.96 -4.01 -0.37 -46.08 -37.11 -34.55 -193.56 -634.37 -310.64 -134.09 -143.75 -33.83 -8.53 -164.65 -135.74 -125.25 -390.73
0.00 0.00 0.00 0.00 0.00 0.00 0.00 0.00 0.00 0.00 -35.45 -1.49 -0.01 -0.00 -0.00 0.00 -0.00 -0.00 -0.00 -2.80 -185.73 -35.81 -3.94 -2.36 -0.03 -0.00 -3.60 -2.55 -2.52 -54.25 -398.36 -141.68 -40.16 -38.96 -4.01 -0.37 -46.08 -37.11 -34.55 -193.56 -634.37 -310.64 -134.09 -143.75 -33.83 -8.53 -164.65 -135.74 -125.25 -390.73
0.00 0.00 0.00 0.00 0.00 0.00 0.00 0.00 0.00 0.00 -35.45 -1.49 -0.01 -0.00 -0.00 0.00 -0.00 -0.00 -0.00 -2.80 -185.73 -35.81 -3.94 -2.36 -0.03 -0.00 -3.60 -2.55 -2.52 -54.25 -398.36 -141.68 -40.16 -38.96 -4.01 -0.37 -46.08 -37.11 -34.55 -193.56 -634.37 -310.64 -134.09 -143.75 -33.83 -8.53 -164.65 -135.74 -125.25 -390.73
0.00 0.00 0.00 0.00 0.00 0.00 0.00 0.00 0.00 0.00 -35.45 -1.49 -0.01 -0.00 -0.00 0.00 -0.00 -0.00 -0.00 -2.80 -185.73 -35.81 -3.94 -2.36 -0.03 -0.00 -3.60 -2.55 -2.52 -54.25 -398.36 -141.68 -40.16 -38.96 -4.01 -0.37 -46.08 -37.11 -34.55 -193.56 -634.37 -310.64 -134.09 -143.75 -33.83 -8.53 -164.65 -135.74 -125.25 -390.73
0.00 0.00 0.00 0.00 0.00 0.00 0.00 0.00 0.00 0.00 -35.45 -1.49 -0.01 -0.00 -0.00 0.00 -0.00 -0.00 -0.00 -2.80 -185.73 -35.81 -3.94 -2.36 -0.03 -0.00 -3.60 -2.55 -2.52 -54.25 -398.36 -141.68 -40.16 -38.96 -4.01 -0.37 -46.08 -37.11 -34.55 -193.56 -634.37 -310.64 -134.09 -143.75 -33.83 -8.53 -164.65 -135.74 -125.25 -390.73
0.00 0.00 0.00 0.00 0.00 0.00 0.00 0.00 0.00 0.00 -35.45 -1.49 -0.01 -0.00 -0.00 0.00 -0.00 -0.00 -0.00 -2.80 -185.73 -35.81 -3.94 -2.36 -0.03 -0.00 -3.60 -2.55 -2.52 -54.25 -398.36 -141.68 -40.16 -38.96 -4.01 -0.37 -46.08 -37.11 -34.55 -193.56 -634.37 -310.64 -134.09 -143.75 -33.83 -8.53 -164.65 -135.74 -125.25 -390.73
0.00 0.00 0.00 0.00 0.00 0.00 0.00 0.00 0.00 0.00 -35.45 -1.49 -0.01 -0.00 -0.00 0.00 -0.00 -0.00 -0.00 -2.80 -185.73 -35.81 -3.94 -2.36 -0.03 -0.00 -3.60 -2.55 -2.52 -54.25 -398.36 -141.68 -40.16 -38.96 -4.01 -0.37 -46.08 -37.11 -34.55 -193.56 -634.37 -310.64 -134.09 -143.75 -33.83 -8.53 -164.65 -135.74 -125.25 -390.73
0.00 0.00 0.00 0.00 0.00 0.00 0.00 0.00 0.00 0.00 -35.45 -1.49 -0.01 -0.00 -0.00 0.00 -0.00 -0.00 -0.00 -2.80 -185.73 -35.81 -3.94 -2.36 -0.03 -0.00 -3.60 -2.55 -2.52 -54.25 -398.36 -141.68 -40.16 -38.96 -4.01 -0.37 -46.08 -37.11 -34.55 -193.56 -634.37 -310.64 -134.09 -143.75 -33.83 -8.53 -164.65 -135.74 -125.25 -390.73
0.00 0.00 0.00 0.00 0.00 0.00 0.00 0.00 0.00 0.00 -35.45 -1.49 -0.01 -0.00 -0.00 0.00 -0.00 -0.00 -0.00 -2.80 -185.73 -35.81 -3.94 -2.36 -0.03 -0.00 -3.60 -2.55 -2.52 -54.25 -398.36 -141.68 -40.16 -38.96 -4.01 -0.37 -46.08 -37.11 -34.55 -193.56 -634.37 -310.64 -134.09 -143.75 -33.83 -8.53 -164.65 -135.74 -125.25 -390.73
0.00 0.00 0.00 0.00 0.00 0.00 0.00 0.00 0.00 0.00 -35.45 -1.49 -0.01 -0.00 -0.00 0.00 -0.00 -0.00 -0.00 -2.80 -185.73 -35.81 -3.94 -2.36 -0.03 -0.00 -3.60 -2.55 -2.52 -54.25 -398.36 -141.68 -40.16 -38.96 -4.01 -0.37 -46.08 -37.11 -34.55 -193.56 -634.37 -310.64 -134.09 -143.75 -33.83 -8.53 -164.65 -135.74 -125.25 -390.73
0.00 0.00 0.00 0.00 0.00 0.00 0.00 0.00 0.00 0.00 -35.45 -1.49 -0.01 -0.00 -0.00 0.00 -0.00 -0.00 -0.00 -2.80 -185.73 -35.81 -3.94 -2.36 -0.03 -0.00 -3.60 -2.55 -2.52 -54.25 -398.36 -141.68 -40.16 -38.96 -4.01 -0.37 -46.08 -37.11 -34.55 -193.56 -634.37 -310.64 -134.09 -143.75 -33.83 -8.53 -164.65 -135.74 -125.25 -390.73
0.00 0.00 0.00 0.00 0.00 0.00 0.00 0.00 0.00 0.00 -35.45 -1.49 -0.01 -0.00 -0.00 0.00 -0.00 -0.00 -0.00 -2.80 -185.73 -35.81 -3.94 -2.36 -0.03 -0.00 -3.60 -2.55 -2.52 -54.25 -398.36 -141.68 -40.16 -38.96 -4.01 -0.37 -46.08 -37.11 -34.55 -193.56 -634.37 -310.64 -134.09 -143.75 -33.83 -8.53 -164.65 -135.74 -125.25 -390.73
0.00 0.00 0.00 0.00 0.00 0.00 0.00 0.00 0.00 0.00 -35.45 -1.49 -0.01 -0.00 -0.00 0.00 -0.00 -0.00 -0.00 -2.80 -185.73 -35.81 -3.94 -2.36 -0.03 -0.00 -3.60 -2.55 -2.52 -54.25 -398.36 -141.68 -40.16 -38.96 -4.01 -0.37 -46.08 -37.11 -34.55 -193.56 -634.37 -310.64 -134.09 -143.75 -33.83 -8.53 -164.65 -135.74 -125.25 -390.73
0.00 0.00 0.00 0.00 0.00 0.00 0.00 0.00 0.00 0.00 -35.45 -1.49 -0.01 -0.00 -0.00 0.00 -0.00 -0.00 -0.00 -2.80 -185.73 -35.81 -3.94 -2.36 -0.03 -0.00 -3.60 -2.55 -2.52 -54.25 -398.36 -141.68 -40.16 -38.96 -4.01 -0.37 -46.08 -37.11 -34.55 -193.56 -634.37 -310.64 -134.09 -143.75 -33.83 -8.53 -164.65 -135.74 -125.25 -390.73
0.00 0.00 0.00 0.00 0.00 0.00 0.00 0.00 0.00 0.00 -35.45 -1.49 -0.01 -0.00 -0.00 0.00 -0.00 -0.00 -0.00 -2.80 -185.73 -35.81 -3.94 -2.36 -0.03 -0.00 -3.60 -2.55 -2.52 -54.25 -398.36 -141.68 -40.16 -38.96 -4.01 -0.37 -46.08 -37.11 -34.55 -193.56 -634.37 -310.64 -134.09 -143.75 -33.83 -8.53 -164.65 -135.74 -125.25 -390.73
0.00 0.00 0.00 0.00 0.00 0.00 0.00 0.00 0.00 0.00 -35.45 -1.49 -0.01 -0.00 -0.00 0.00 -0.00 -0.00 -0.00 -2.80 -185.73 -35.81 -3.94 -2.36 -0.03 -0.00 -3.60 -2.55 -2.52 -54.25 -398.36 -141.68 -40.16 -38.96 -4.01 -0.37 -46.08 -37.11 -34.55 -193.56 -634.37 -310.64 -134.09 -143.75 -33.83 -8.53 -164.65 -135.74 -125.25 -390.73
0.00 0.00 0.00 0.00 0.00 0.00 0.00 0.00 0.00 0.00 -35.45 -1.49 -0.01 -0.00 -0.00 0.00 -0.00 -0.00 -0.00 -2.80 -185.73 -35.81 -3.94 -2.36 -0.03 -0.00 -3.60 -2.55 -2.52 -54.25 -398.36 -141.68 -40.16 -38.96 -4.01 -0.37 -46.08 -37.11 -34.55 -193.56 -634.37 -310.64 -134.09 -143.75 -33.83 -8.53 -164.65 -135.74 -125.25 -390.73
0.00 0.00 0.00 0.00 0.00 0.00 0.00 0.00 0.00 0.00 -35.45 -1.49 -0.01 -0.00 -0.00 0.00 -0.00 -0.00 -0.00 -2.80 -185.73 -35.81 -3.94 -2.36 -0.03 -0.00 -3.60 -2.55 -2.52 -54.25 -398.36 -141.68 -40.16 -38.96 -4.01 -0.37 -46.08 -37.11 -34.55 -193.56 -634.37 -310.64 -134.09 -143.75 -33.83 -8.53 -164.65 -135.74 -125.25 -390.73
0.00 0.00 0.00 0.00 0.00 0.00 0.00 0.00 0.00 0.00 -35.45 -1.49 -0.01 -0.00 -0.00 0.00 -0.00 -0.00 -0.00 -2.80 -185.73 -35.81 -3.94 -2.36 -0.03 -0.00 -3.60 -2.55 -2.52 -54.25 -398.36 -141.68 -40.16 -38.96 -4.01 -0.37 -46.08 -37.11 -34.55 -193.56 -634.37 -310.64 -134.09 -143.75 -33.83 -8.53 -164.65 -135.74 -125.25 -390.73
0.00 0.00 0.00 0.00 0.00 0.00 0.00 0.00 0.00 0.00 -35.45 -1.49 -0.01 -0.00 -0.00 0.00 -0.00 -0.00 -0.00 -2.80 -185.73 -35.81 -3.94 -2.36 -0.03 -0.00 -3.60 -2.55 -2.52 -54.25 -398.36 -141.68 -40.16 -38.96 -4.01 -0.37 -46.08 -37.11 -34.55 -193.56 -634.37 -310.64 -134.09 -143.75 -33.83 -8.53 -164.65 -135.74 -125.25 -390.73
0.00 0.00 0.00 0.00 0.00 0.00 0.00 0.00 0.00 0.00 -35.45 -1.49 -0.01 -0.00 -0.00 0.00 -0.00 -0.00 -0.00 -2.80 -185.73 -35.81 -3.94 -2.36 -0.03 -0.00 -3.60 -2.55 -2.52 -54.25 -398.36 -141.68 -40.16 -38.96 -4.01 -0.37 -46.08 -37.11 -34.55 -193.56 -634.37 -310.64 -134.09 -143.75 -33.83 -8.53 -164.65 -135.74 -125.25 -390.73
0.00 0.00 0.00 0.00 0.00 0.00 0.00 0.00 0.00 0.00 -35.45 -1.49 -0.01 -0.00 -0.00 0.00 -0.00 -0.00 -0.00 -2.80 -185.73 -35.81 -3.94 -2.36 -0.03 -0.00 -3.60 -2.55 -2.52 -54.25 -398.36 -141.68 -40.16 -38.96 -4.01 -0.37 -46.08 -37.11 -34.55 -193.56 -634.37 -310.64 -134.09 -143.75 -33.83 -8.53 -164.65 -135.74 -125.25 -390.73
0.00 0.00 0.00 0.00 0.00 0.00 0.00 0.00 0.00 0.00 -35.45 -1.49 -0.01 -0.00 -0.00 0.00 -0.00 -0.00 -0.00 -2.80 -185.73 -35.81 -3.94 -2.36 -0.03 -0.00 -3.60 -2.55 -2.52 -54.25 -398.36 -141.68 -40.16 -38.96 -4.01 -0.37 -46.08 -37.11 -34.55 -193.56 -634.37 -310.64 -134.09 -143.75 -33.83 -8.53 -164.65 -135.74 -125.25 -390.73
0.00 0.00 0.00 0.00 0.00 0.00 0.00 0.00 0.00 0.00 -35.45 -1.49 -0.01 -0.00 -0.00 0.00 -0.00 -0.00 -0.00 -2.80 -185.73 -35.81 -3.94 -2.36 -0.03 -0.00 -3.60 -2.55 -2.52 -54.25 -398.36 -141.68 -40.16 -38.96 -4.01 -0.37 -46.08 -37.11 -34.55 -193.56 -634.37 -310.64 -134.09 -143.75 -33.83 -8.53 -164.65 -135.74 -125.25 -390.73
0.00 0.00 0.00 0.00 0.00 0.00 0.00 0.00 0.00 0.00 -35.45 -1.49 -0.01 -0.00 -0.00 0.00 -0.00 -0.00 -0.00 -2.80 -185.73 -35.81 -3.94 -2.36 -0.03 -0.00 -3.60 -2.55 -2.52 -54.25 -398.36 -141.68 -40.16 -38.96 -4.01 -0.37 -46.08 -37.11 -34.55 -193.56 -634.37 -310.64 -134.09 -143.75 -33.83 -8.53 -164.65 -135.74 -125.25 -390.73
0.00 0.00 0.00 0.00 0.00 0.00 0.00 0.00 0.00 0.00 -35.45 -1.49 -0.01 -0.00 -0.00 0.00 -0.00 -0.00 -0.00 -2.80 -185.73 -35.81 -3.94 -2.36 -0.03 -0.00 -3.60 -2.55 -2.52 -54.25 -398.36 -141.68 -40.16 -38.96 -4.01 -0.37 -46.08 -37.11 -34.55 -193.56 -634.37 -310.64 -134.09 -143.75 -33.83 -8.53 -164.65 -135.74 -125.25 -390.73
0.00 0.00 0.00 0.00 0.00 0.00 0.00 0.00 0.00 0.00 -35.45 -1.49 -0.01 -0.00 -0.00 0.00 -0.00 -0.00 -0.00 -2.80 -185.73 -35.81 -3.94 -2.36 -0.03 -0.00 -3.60 -2.55 -2.52 -54.25 -398.36 -141.68 -40.16 -38.96 -4.01 -0.37 -46.08 -37.11 -34.55 -193.56 -634.37 -310.64 -134.09 -143.75 -33.83 -8.53 -164.65 -135.74 -125.25 -390.73
0.00 0.00 0.00 0.00 0.00 0.00 0.00 0.00 0.00 0.00 -35.45 -1.49 -0.01 -0.00 -0.00 0.00 -0.00 -0.00 -0.00 -2.80 -185.73 -35.81 -3.94 -2.36 -0.03 -0.00 -3.60 -2.55 -2.52 -54.25 -398.36 -141.68 -40.16 -38.96 -4.01 -0.37 -46.08 -37.11 -34.55 -193.56 -634.37 -310.64 -134.09 -143.75 -33.83 -8.53 -164.65 -135.74 -125.25 -390.73
0.00 0.00 0.00 0.00 0.00 0.00 0.00 0.00 0.00 0.00 -35.45 -1.49 -0.01 -0.00 -0.00 0.00 -0.00 -0.00 -0.00 -2.80 -185.73 -35.81 -3.94 -2.36 -0.03 -0.00 -3.60 -2.55 -2.52 -54.25 -398.36 -141.68 -40.16 -38.96 -4.01 -0.37 -46.08 -37.11 -34.55 -193.56 -634.37 -310.64 -134.09 -143.75 -33.83 -8.53 -164.65 -135.74 -125.25 -390.73
0.00 0.00 0.00 0.00 0.00 0.00 0.00 0.00 0.00 0.00 -35.45 -1.49 -0.01 -0.00 -0.00 0.00 -0.00 -0.00 -0.00 -2.80 -185.73 -35.81 -3.94 -2.36 -0.03 -0.00 -3.60 -2.55 -2.52 -54.25 -398.36 -141.68 -40.16 -38.96 -4.01 -0.37 -46.08 -37.11 -34.55 -193.56 -634.37 -310.64 -134.09 -143.75 -33.83 -8.53 -164.65 -135.74 -125.25 -390.73
0.00 0.00 0.00 0.00 0.00 0.00 0.00 0.00 0.00 0.00 -35.45 -1.49 -0.01 -0.00 -0.00 0.00 -0.00 -0.00 -0.00 -2.80 -185.73 -35.81 -3.94 -2.36 -0.03 -0.00 -3.60 -2.55 -2.52 -54.25 -398.36 -141.68 -40.16 -38.96 -4.01 -0.37 -46.08 -37.11 -34.55 -193.56 -634.37 -310.64 -134.09 -143.75 -33.83 -8.53 -164.65 -135.74 -125.25 -390.73
0.00 0.00 0.00 0.00 0.00 0.00 0.00 0.00 0.00 0.00 -35.45 -1.49 -0.01 -0.00 -0.00 0.00 -0.00 -0.00 -0.00 -2.80 -185.73 -35.81 -3.94 -2.36 -0.03 -0.00 -3.60 -2.55 -2.52 -54.25 -398.36 -141.68 -40.16 -38.96 -4.01 -0.37 -46.08 -37.11 -34.55 -193.56 -634.37 -310.64 -134.09 -143.75 -33.83 -8.53 -164.65 -135.74 -125.25 -390.73
0.00 0.00 0.00 0.00 0.00 0.00 0.00 0.00 0.00 0.00 -35.45 -1.49 -0.01 -0.00 -0.00 0.00 -0.00 -0.00 -0.00 -2.80 -185.73 -35.81 -3.94 -2.36 -0.03 -0.00 -3.60 -2.55 -2.52 -54.25 -398.36 -141.68 -40.16 -38.96 -4.01 -0.37 -46.08 -37.11 -34.55 -193.56 -634.37 -310.64 -134.09 -143.75 -33.83 -8.53 -164.65 -135.74 -125.25 -390.73
0.00 0.00 0.00 0.00 0.00 0.00 0.00 0.00 0.00 0.00 -35.45 -1.49 -0.01 -0.00 -0.00 0.00 -0.00 -0.00 -0.00 -2.80 -185.73 -35.81 -3.94 -2.36 -0.03 -0.00 -3.60 -2.55 -2.52 -54.25 -398.36 -141.68 -40.16 -38.96 -4.01 -0.37 -46.08 -37.11 -34.55 -193.56 -634.37 -310.64 -134.09 -143.75 -33.83 -8.53 -164.65 -135.74 -125.25 -390.73
0.00 0.00 0.00 0.00 0.00 0.00 0.00 0.00 0.00 0.00 -35.45 -1.49 -0.01 -0.00 -0.00 0.00 -0.00 -0.00 -0.00 -2.80 -185.73 -35.81 -3.94 -2.36 -0.03 -0.00 -3.60 -2.55 -2.52 -54.25 -398.36 -141.68 -40.16 -38.96 -4.01 -0.37 -46.08 -37.11 -34.55 -193.56 -634.37 -310.64 -134.09 -143.75 -33.83 -8.53 -164.65 -135.74 -125.25 -390.73
0.00 0.00 0.00 0.00 0.00 0.00 0.00 0.00 0.00 0.00 -35.45 -1.49 -0.01 -0.00 -0.00 0.00 -0.00 -0.00 -0.00 -2.80 -185.73 -35.81 -3.94 -2.36 -0.03 -0.00 -3.60 -2.55 -2.52 -54.25 -398.36 -141.68 -40.16 -38.96 -4.01 -0.37 -46.08 -37.11 -34.55 -193.56 -634.37 -310.64 -134.09 -143.75 -33.83 -8.53 -164.65 -135.74 -125.25 -390.73
0.00 0.00 0.00 0.00 0.00 0.00 0.00 0.00 0.00 0.00 -35.45 -1.49 -0.01 -0.00 -0.00 0.00 -0.00 -0.00 -0.00 -2.80 -185.73 -35.81 -3.94 -2.36 -0.03 -0.00 -3.60 -2.55 -2.52 -54.25 -398.36 -141.68 -40.16 -38.96 -4.01 -0.37 -46.08 -37.11 -34.55 -193.56 -634.37 -310.64 -134.09 -143.75 -33.83 -8.53 -164.65 -135.74 -125.25 -390.73
0.00 0.00 0.00 0.00 0.00 0.00 0.00 0.00 0.00 0.00 -35.45 -1.49 -0.01 -0.00 -0.00 0.00 -0.00 -0.00 -0.00 -2.80 -185.73 -35.81 -3.94 -2.36 -0.03 -0.00 -3.60 -2.55 -2.52 -54.25 -398.36 -141.68 -40.16 -38.96 -4.01 -0.37 -46.08 -37.11 -34.55 -193.56 -634.37 -310.64 -134.09 -143.75 -33.83 -8.53 -164.65 -135.74 -125.25 -390.73
0.00 0.00 0.00 0.00 0.00 0.00 0.00 0.00 0.00 0.00 -35.45 -1.49 -0.01 -0.00 -0.00 0.00 -0.00 -0.00 -0.00 -2.80 -185.73 -35.81 -3.94 -2.36 -0.03 -0.00 -3.60 -2.55 -2.52 -54.25 -398.36 -141.68 -40.16 -38.96 -4.01 -0.37 -46.08 -37.11 -34.55 -193.56 -634.37 -310.64 -134.09 -143.75 -33.83 -8.53 -164.65 -135.74 -125.25 -390.73
0.00 0.00 0.00 0.00 0.00 0.00 0.00 0.00 0.00 0.00 -35.45 -1.49 -0.01 -0.00 -0.00 0.00 -0.00 -0.00 -0.00 -2.80 -185.73 -35.81 -3.94 -2.36 -0.03 -0.00 -3.60 -2.55 -2.52 -54.25 -398.36 -141.68 -40.16 -38.96 -4.01 -0.37 -46.08 -37.11 -34.55 -193.56 -634.37 -310.64 -134.09 -143.75 -33.83 -8.53 -164.65 -135.74 -125.25 -390.73
0.00 0.00 0.00 0.00 0.00 0.00 0.00 0.00 0.00 0.00 -35.45 -1.49 -0.01 -0.00 -0.00 0.00 -0.00 -0.00 -0.00 -2.80 -185.73 -35.81 -3.94 -2.36 -0.03 -0.00 -3.60 -2.55 -2.52 -54.25 -398.36 -141.68 -40.16 -38.96 -4.01 -0.37 -46.08 -37.11 -34.55 -193.56 -634.37 -310.64 -134.09 -143.75 -33.83 -8.53 -164.65 -135.74 -125.25 -390.73
