0.00 0.00 0.00 0.00 0.00 0.00 0.00 0.00 0.00 0.00 -45.07 -2.47 -0.01 -0.00 0.00 -0.00 -0.01 -0.00 -0.00 -3.66 -221.61 -54.81 -5.54 -3.37 -0.20 -0.00 -5.48 -7.76 -4.95 -72.62 -461.99 -196.43 -54.38 -46.63 -10.38 -1.59 -59.19 -78.12 -54.41 -241.13 -724.77 -403.33 -175.47 -167.70 -62.79 -19.46 -193.36 -233.27 -180.67 -469.14
0.00 0.00 0.00 0.00 0.00 0.00 0.00 0.00 0.00 0.00 -37.13 -1.70 -0.01 -0.00 -0.00 0.00 -0.00 -0.00 -0.00 -3.44 -191.32 -39.16 -4.87 -4.12 -0.06 -0.00 -4.37 -0.16 -3.37 -54.03 -406.74 -151.17 -46.51 -59.70 -6.09 -0.51 -48.15 -5.14 -42.59 -188.37 -644.26 -326.24 -149.88 -203.76 -45.56 -11.02 -165.23 -36.92 -154.95 -381.83
0.00 0.00 0.00 0.00 0.00 0.00 0.00 0.00 0.00 0.00 -37.13 -1.70 -0.01 -0.00 -0.00 0.00 -0.00 -0.00 -0.00 -3.44 -191.32 -39.16 -4.87 -4.12 -0.06 -0.00 -4.37 -0.16 -3.37 -54.03 -406.74 -151.17 -46.51 -59.70 -6.09 -0.51 -48.15 -5.14 -42.59 -188.37 -644.26 -326.24 -149.88 -203.76 -45.56 -11.02 -165.23 -36.92 -154.95 -381.83
0.00 0.00 0.00 0.00 0.00 0.00 0.00 0.00 0.00 0.00 -37.13 -1.70 -0.01 -0.00 -0.00 0.00 -0.00 -0.00 -0.00 -3.44 -191.32 -39.16 -4.87 -4.12 -0.06 -0.00 -4.37 -0.16 -3.37 -54.03 -406.74 -151.17 -46.51 -59.70 -6.09 -0.51 -48.15 -5.14 -42.59 -188.37 -644.26 -326.24 -149.88 -203.76 -45.56 -11.02 -165.23 -36.92 -154.95 -381.83
0.00 0.00 0.00 0.00 0.00 0.00 0.00 0.00 0.00 0.00 -37.13 -1.70 -0.01 -0.00 -0.00 0.00 -0.00 -0.00 -0.00 -3.44 -191.32 -39.16 -4.87 -4.12 -0.06 -0.00 -4.37 -0.16 -3.37 -54.03 -406.74 -151.17 -46.51 -59.70 -6.09 -0.51 -48.15 -5.14 -42.59 -188.37 -644.26 -326.24 -149.88 -203.76 -45.56 -11.02 -165.23 -36.92 -154.95 -381.83
0.00 0.00 0.00 0.00 0.00 0.00 0.00 0.00 0.00 0.00 -37.13 -1.70 -0.01 -0.00 -0.00 0.00 -0.00 -0.00 -0.00 -3.44 -191.32 -39.16 -4.87 -4.12 -0.06 -0.00 -4.37 -0.16 -3.37 -54.03 -406.74 -151.17 -46.51 -59.70 -6.09 -0.51 -48.15 -5.14 -42.59 -188.37 -644.26 -326.24 -149.88 -203.76 -45.56 -11.02 -165.23 -36.92 -154.95 -381.83
0.00 0.00 0.00 0.00 0.00 0.00 0.00 0.00 0.00 0.00 -37.13 -1.70 -0.01 -0.00 -0.00 0.00 -0.00 -0.00 -0.00 -3.44 -191.32 -39.16 -4.87 -4.12 -0.06 -0.00 -4.37 -0.16 -3.37 -54.03 -406.74 -151.17 -46.51 -59.70 -6.09 -0.51 -48.15 -5.14 -42.59 -188.37 -644.26 -326.24 -149.88 -203.76 -45.56 -11.02 -165.23 -36.92 -154.95 -381.83
0.00 0.00 0.00 0.00 0.00 0.00 0.00 0.00 0.00 0.00 -37.13 -1.70 -0.01 -0.00 -0.00 0.00 -0.00 -0.00 -0.00 -3.44 -191.32 -39.16 -4.87 -4.12 -0.06 -0.00 -4.37 -0.16 -3.37 -54.03 -406.74 -151.17 -46.51 -59.70 -6.09 -0.51 -48.15 -5.14 -42.59 -188.37 -644.26 -326.24 -149.88 -203.76 -45.56 -11.02 -165.23 -36.92 -154.95 -381.83
0.00 0.00 0.00 0.00 0.00 0.00 0.00 0.00 0.00 0.00 -37.13 -1.70 -0.01 -0.00 -0.00 0.00 -0.00 -0.00 -0.00 -3.44 -191.32 -39.16 -4.87 -4.12 -0.06 -0.00 -4.37 -0.16 -3.37 -54.03 -406.74 -151.17 -46.51 -59.70 -6.09 -0.51 -48.15 -5.14 -42.59 -188.37 -644.26 -326.24 -149.88 -203.76 -45.56 -11.02 -165.23 -36.92 -154.95 -381.83
0.00 0.00 0.00 0.00 0.00 0.00 0.00 0.00 0.00 0.00 -37.13 -1.70 -0.01 -0.00 -0.00 0.00 -0.00 -0.00 -0.00 -3.44 -191.32 -39.16 -4.87 -4.12 -0.06 -0.00 -4.37 -0.16 -3.37 -54.03 -406.74 -151.17 -46.51 -59.70 -6.09 -0.51 -48.15 -5.14 -42.59 -188.37 -644.26 -326.24 -149.88 -203.76 -45.56 -11.02 -165.23 -36.92 -154.95 -381.83
0.00 0.00 0.00 0.00 0.00 0.00 0.00 0.00 0.00 0.00 -37.13 -1.70 -0.01 -0.00 -0.00 0.00 -0.00 -0.00 -0.00 -3.44 -191.32 -39.16 -4.87 -4.12 -0.06 -0.00 -4.37 -0.16 -3.37 -54.03 -406.74 -151.17 -46.51 -59.70 -6.09 -0.51 -48.15 -5.14 -42.59 -188.37 -644.26 -326.24 -149.88 -203.76 -45.56 -11.02 -165.23 -36.92 -154.95 -381.83
0.00 0.00 0.00 0.00 0.00 0.00 0.00 0.00 0.00 0.00 -37.13 -1.70 -0.01 -0.00 -0.00 0.00 -0.00 -0.00 -0.00 -3.44 -191.32 -39.16 -4.87 -4.12 -0.06 -0.00 -4.37 -0.16 -3.37 -54.03 -406.74 -151.17 -46.51 -59.70 -6.09 -0.51 -48.15 -5.14 -42.59 -188.37 -644.26 -326.24 -149.88 -203.76 -45.56 -11.02 -165.23 -36.92 -154.95 -381.83
0.00 0.00 0.00 0.00 0.00 0.00 0.00 0.00 0.00 0.00 -37.13 -1.70 -0.01 -0.00 -0.00 0.00 -0.00 -0.00 -0.00 -3.44 -191.32 -39.16 -4.87 -4.12 -0.06 -0.00 -4.37 -0.16 -3.37 -54.03 -406.74 -151.17 -46.51 -59.70 -6.09 -0.51 -48.15 -5.14 -42.59 -188.37 -644.26 -326.24 -149.88 -203.76 -45.56 -11.02 -165.23 -36.92 -154.95 -381.83
0.00 0.00 0.00 0.00 0.00 0.00 0.00 0.00 0.00 0.00 -37.13 -1.70 -0.01 -0.00 -0.00 0.00 -0.00 -0.00 -0.00 -3.44 -191.32 -39.16 -4.87 -4.12 -0.06 -0.00 -4.37 -0.16 -3.37 -54.03 -406.74 -151.17 -46.51 -59.70 -6.09 -0.51 -48.15 -5.14 -42.59 -188.37 -644.26 -326.24 -149.88 -203.76 -45.56 -11.02 -165.23 -36.92 -154.95 -381.83
0.00 0.00 0.00 0.00 0.00 0.00 0.00 0.00 0.00 0.00 -37.13 -1.70 -0.01 -0.00 -0.00 0.00 -0.00 -0.00 -0.00 -3.44 -191.32 -39.16 -4.87 -4.12 -0.06 -0.00 -4.37 -0.16 -3.37 -54.03 -406.74 -151.17 -46.51 -59.70 -6.09 -0.51 -48.15 -5.14 -42.59 -188.37 -644.26 -326.24 -149.88 -203.76 -45.56 -11.02 -165.23 -36.92 -154.95 -381.83
0.00 0.00 0.00 0.00 0.00 0.00 0.00 0.00 0.00 0.00 -37.13 -1.70 -0.01 -0.00 -0.00 0.00 -0.00 -0.00 -0.00 -3.44 -191.32 -39.16 -4.87 -4.12 -0.06 -0.00 -4.37 -0.16 -3.37 -54.03 -406.74 -151.17 -46.51 -59.70 -6.09 -0.51 -48.15 -5.14 -42.59 -188.37 -644.26 -326.24 -149.88 -203.76 -45.56 -11.02 -165.23 -36.92 -154.95 -381.83
0.00 0.00 0.00 0.00 0.00 0.00 0.00 0.00 0.00 0.00 -35.56 -1.50 -0.01 -0.00 -0.00 0.00 -0.00 -0.00 -0.00 -2.82 -186.09 -36.02 -4.00 -2.38 -0.04 -0.00 -3.62 -2.57 -2.56 -54.54 -398.90 -142.29 -40.67 -38.91 -4.53 -0.39 -46.14 -37.47 -34.91 -194.25 -635.01 -311.63 -135.27 -143.56 -36.66 -8.85 -164.15 -136.79 -125.92 -391.69
0.00 0.00 0.00 0.00 0.00 0.00 0.00 0.00 0.00 0.00 -35.56 -1.50 -0.01 -0.00 -0.00 0.00 -0.00 -0.00 -0.00 -2.82 -186.09 -36.02 -4.00 -2.38 -0.04 -0.00 -3.62 -2.57 -2.56 -54.54 -398.90 -142.29 -40.67 -38.91 -4.53 -0.39 -46.14 -37.47 -34.91 -194.25 -635.01 -311.63 -135.27 -143.56 -36.66 -8.85 -164.15 -136.79 -125.92 -391.69
0.00 0.00 0.00 0.00 0.00 0.00 0.00 0.00 0.00 0.00 -35.56 -1.50 -0.01 -0.00 -0.00 0.00 -0.00 -0.00 -0.00 -2.82 -186.09 -36.02 -4.00 -2.38 -0.04 -0.00 -3.62 -2.57 -2.56 -54.54 -398.90 -142.29 -40.67 -38.91 -4.53 -0.39 -46.14 -37.47 -34.91 -194.25 -635.01 -311.63 -135.27 -143.56 -36.66 -8.85 -164.15 -136.79 -125.92 -391.69
0.00 0.00 0.00 0.00 0.00 0.00 0.00 0.00 0.00 0.00 -35.56 -1.50 -0.01 -0.00 -0.00 0.00 -0.00 -0.00 -0.00 -2.82 -186.09 -36.02 -4.00 -2.38 -0.04 -0.00 -3.62 -2.57 -2.56 -54.54 -398.90 -142.29 -40.67 -38.91 -4.53 -0.39 -46.14 -37.47 -34.91 -194.25 -635.01 -311.63 -135.27 -143.56 -36.66 -8.85 -164.15 -136.79 -125.92 -391.69
0.00 0.00 0.00 0.00 0.00 0.00 0.00 0.00 0.00 0.00 -35.56 -1.50 -0.01 -0.00 -0.00 0.00 -0.00 -0.00 -0.00 -2.82 -186.09 -36.02 -4.00 -2.38 -0.04 -0.00 -3.62 -2.57 -2.56 -54.54 -398.90 -142.29 -40.67 -38.91 -4.53 -0.39 -46.14 -37.47 -34.91 -194.25 -635.01 -311.63 -135.27 -143.56 -36.66 -8.85 -164.15 -136.79 -125.92 -391.69
0.00 0.00 0.00 0.00 0.00 0.00 0.00 0.00 0.00 0.00 -35.56 -1.50 -0.01 -0.00 -0.00 0.00 -0.00 -0.00 -0.00 -2.82 -186.09 -36.02 -4.00 -2.38 -0.04 -0.00 -3.62 -2.57 -2.56 -54.54 -398.90 -142.29 -40.67 -38.91 -4.53 -0.39 -46.14 -37.47 -34.91 -194.25 -635.01 -311.63 -135.27 -143.56 -36.66 -8.85 -164.15 -136.79 -125.92 -391.69
0.00 0.00 0.00 0.00 0.00 0.00 0.00 0.00 0.00 0.00 -35.56 -1.50 -0.01 -0.00 -0.00 0.00 -0.00 -0.00 -0.00 -2.82 -186.09 -36.02 -4.00 -2.38 -0.04 -0.00 -3.62 -2.57 -2.56 -54.54 -398.90 -142.29 -40.67 -38.91 -4.53 -0.39 -46.14 -37.47 -34.91 -194.25 -635.01 -311.63 -135.27 -143.56 -36.66 -8.85 -164.15 -136.79 -125.92 -391.69
0.00 0.00 0.00 0.00 0.00 0.00 0.00 0.00 0.00 0.00 -35.56 -1.50 -0.01 -0.00 -0.00 0.00 -0.00 -0.00 -0.00 -2.82 -186.09 -36.02 -4.00 -2.38 -0.04 -0.00 -3.62 -2.57 -2.56 -54.54 -398.90 -142.29 -40.67 -38.91 -4.53 -0.39 -46.14 -37.47 -34.91 -194.25 -635.01 -311.63 -135.27 -143.56 -36.66 -8.85 -164.15 -136.79 -125.92 -391.69
0.00 0.00 0.00 0.00 0.00 0.00 0.00 0.00 0.00 0.00 -35.56 -1.50 -0.01 -0.00 -0.00 0.00 -0.00 -0.00 -0.00 -2.82 -186.09 -36.02 -4.00 -2.38 -0.04 -0.00 -3.62 -2.57 -2.56 -54.54 -398.90 -142.29 -40.67 -38.91 -4.53 -0.39 -46.14 -37.47 -34.91 -194.25 -635.01 -311.63 -135.27 -143.56 -36.66 -8.85 -164.15 -136.79 -125.92 -391.69
0.00 0.00 0.00 0.00 0.00 0.00 0.00 0.00 0.00 0.00 -35.56 -1.50 -0.01 -0.00 -0.00 0.00 -0.00 -0.00 -0.00 -2.82 -186.09 -36.02 -4.00 -2.38 -0.04 -0.00 -3.62 -2.57 -2.56 -54.54 -398.90 -142.29 -40.67 -38.91 -4.53 -0.39 -46.14 -37.47 -34.91 -194.25 -635.01 -311.63 -135.27 -143.56 -36.66 -8.85 -164.15 -136.79 -125.92 -391.69
0.00 0.00 0.00 0.00 0.00 0.00 0.00 0.00 0.00 0.00 -35.56 -1.50 -0.01 -0.00 -0.00 0.00 -0.00 -0.00 -0.00 -2.82 -186.09 -36.02 -4.00 -2.38 -0.04 -0.00 -3.62 -2.57 -2.56 -54.54 -398.90 -142.29 -40.67 -38.91 -4.53 -0.39 -46.14 -37.47 -34.91 -194.25 -635.01 -311.63 -135.27 -143.56 -36.66 -8.85 -164.15 -136.79 -125.92 -391.69
0.00 0.00 0.00 0.00 0.00 0.00 0.00 0.00 0.00 0.00 -35.56 -1.50 -0.01 -0.00 -0.00 0.00 -0.00 -0.00 -0.00 -2.82 -186.09 -36.02 -4.00 -2.38 -0.04 -0.00 -3.62 -2.57 -2.56 -54.54 -398.90 -142.29 -40.67 -38.91 -4.53 -0.39 -46.14 -37.47 -34.91 -194.25 -635.01 -311.63 -135.27 -143.56 -36.66 -8.85 -164.15 -136.79 -125.92 -391.69
0.00 0.00 0.00 0.00 0.00 0.00 0.00 0.00 0.00 0.00 -35.56 -1.50 -0.01 -0.00 -0.00 0.00 -0.00 -0.00 -0.00 -2.82 -186.09 -36.02 -4.00 -2.38 -0.04 -0.00 -3.62 -2.57 -2.56 -54.54 -398.90 -142.29 -40.67 -38.91 -4.53 -0.39 -46.14 -37.47 -34.91 -194.25 -635.01 -311.63 -135.27 -143.56 -36.66 -8.85 -164.15 -136.79 -125.92 -391.69
0.00 0.00 0.00 0.00 0.00 0.00 0.00 0.00 0.00 0.00 -35.56 -1.50 -0.01 -0.00 -0.00 0.00 -0.00 -0.00 -0.00 -2.82 -186.09 -36.02 -4.00 -2.38 -0.04 -0.00 -3.62 -2.57 -2.56 -54.54 -398.90 -142.29 -40.67 -38.91 -4.53 -0.39 -46.14 -37.47 -34.91 -194.25 -635.01 -311.63 -135.27 -143.56 -36.66 -8.85 -164.15 -136.79 -125.92 -391.69
0.00 0.00 0.00 0.00 0.00 0.00 0.00 0.00 0.00 0.00 -35.56 -1.50 -0.01 -0.00 -0.00 0.00 -0.00 -0.00 -0.00 -2.82 -186.09 -36.02 -4.00 -2.38 -0.04 -0.00 -3.62 -2.57 -2.56 -54.54 -398.90 -142.29 -40.67 -38.91 -4.53 -0.39 -46.14 -37.47 -34.91 -194.25 -635.01 -311.63 -135.27 -143.56 -36.66 -8.85 -164.15 -136.79 -125.92 -391.69
0.00 0.00 0.00 0.00 0.00 0.00 0.00 0.00 0.00 0.00 -35.56 -1.50 -0.01 -0.00 -0.00 0.00 -0.00 -0.00 -0.00 -2.82 -186.09 -36.02 -4.00 -2.38 -0.04 -0.00 -3.62 -2.57 -2.56 -54.54 -398.90 -142.29 -40.67 -38.91 -4.53 -0.39 -46.14 -37.47 -34.91 -194.25 -635.01 -311.63 -135.27 -143.56 -36.66 -8.85 -164.15 -136.79 -125.92 -391.69
0.00 0.00 0.00 0.00 0.00 0.00 0.00 0.00 0.00 0.00 -35.56 -1.50 -0.01 -0.00 -0.00 0.00 -0.00 -0.00 -0.00 -2.82 -186.09 -36.02 -4.00 -2.38 -0.04 -0.00 -3.62 -2.57 -2.56 -54.54 -398.90 -142.29 -40.67 -38.91 -4.53 -0.39 -46.14 -37.47 -34.91 -194.25 -635.01 -311.63 -135.27 -143.56 -36.66 -8.85 -164.15 -136.79 -125.92 -391.69
0.00 0.00 0.00 0.00 0.00 0.00 0.00 0.00 0.00 0.00 -35.56 -1.50 -0.01 -0.00 -0.00 0.00 -0.00 -0.00 -0.00 -2.82 -186.09 -36.02 -4.00 -2.38 -0.04 -0.00 -3.62 -2.57 -2.56 -54.54 -398.90 -142.29 -40.67 -38.91 -4.53 -0.39 -46.14 -37.47 -34.91 -194.25 -635.01 -311.63 -135.27 -143.56 -36.66 -8.85 -164.15 -136.79 -125.92 -391.69
0.00 0.00 0.00 0.00 0.00 0.00 0.00 0.00 0.00 0.00 -35.56 -1.50 -0.01 -0.00 -0.00 0.00 -0.00 -0.00 -0.00 -2.82 -186.09 -36.02 -4.00 -2.38 -0.04 -0.00 -3.62 -2.57 -2.56 -54.54 -398.90 -142.29 -40.67 -38.91 -4.53 -0.39 -46.14 -37.47 -34.91 -194.25 -635.01 -311.63 -135.27 -143.56 -36.66 -8.85 -164.15 -136.79 -125.92 -391.69
0.00 0.00 0.00 0.00 0.00 0.00 0.00 0.00 0.00 0.00 -35.56 -1.50 -0.01 -0.00 -0.00 0.00 -0.00 -0.00 -0.00 -2.82 -186.09 -36.02 -4.00 -2.38 -0.04 -0.00 -3.62 -2.57 -2.56 -54.54 -398.90 -142.29 -40.67 -38.91 -4.53 -0.39 -46.14 -37.47 -34.91 -194.25 -635.01 -311.63 -135.27 -143.56 -36.66 -8.85 -164.15 -136.79 -125.92 -391.69
0.00 0.00 0.00 0.00 0.00 0.00 0.00 0.00 0.00 0.00 -35.56 -1.50 -0.01 -0.00 -0.00 0.00 -0.00 -0.00 -0.00 -2.82 -186.09 -36.02 -4.00 -2.38 -0.04 -0.00 -3.62 -2.57 -2.56 -54.54 -398.90 -142.29 -40.67 -38.91 -4.53 -0.39 -46.14 -37.47 -34.91 -194.25 -635.01 -311.63 -135.27 -143.56 -36.66 -8.85 -164.15 -136.79 -125.92 -391.69
0.00 0.00 0.00 0.00 0.00 0.00 0.00 0.00 0.00 0.00 -35.56 -1.50 -0.01 -0.00 -0.00 0.00 -0.00 -0.00 -0.00 -2.82 -186.09 -36.02 -4.00 -2.38 -0.04 -0.00 -3.62 -2.57 -2.56 -54.54 -398.90 -142.29 -40.67 -38.91 -4.53 -0.39 -46.14 -37.47 -34.91 -194.25 -635.01 -311.63 -135.27 -143.56 -36.66 -8.85 -164.15 -136.79 -125.92 -391.69
0.00 0.00 0.00 0.00 0.00 0.00 0.00 0.00 0.00 0.00 -35.56 -1.50 -0.01 -0.00 -0.00 0.00 -0.00 -0.00 -0.00 -2.82 -186.09 -36.02 -4.00 -2.38 -0.04 -0.00 -3.62 -2.57 -2.56 -54.54 -398.90 -142.29 -40.67 -38.91 -4.53 -0.39 -46.14 -37.47 -34.91 -194.25 -635.01 -311.63 -135.27 -143.56 -36.66 -8.85 -164.15 -136.79 -125.92 -391.69
0.00 0.00 0.00 0.00 0.00 0.00 0.00 0.00 0.00 0.00 -35.56 -1.50 -0.01 -0.00 -0.00 0.00 -0.00 -0.00 -0.00 -2.82 -186.09 -36.02 -4.00 -2.38 -0.04 -0.00 -3.62 -2.57 -2.56 -54.54 -398.90 -142.29 -40.67 -38.91 -4.53 -0.39 -46.14 -37.47 -34.91 -194.25 -635.01 -311.63 -135.27 -143.56 -36.66 -8.85 -164.15 -136.79 -125.92 -391.69
0.00 0.00 0.00 0.00 0.00 0.00 0.00 0.00 0.00 0.00 -35.56 -1.50 -0.01 -0.00 -0.00 0.00 -0.00 -0.00 -0.00 -2.82 -186.09 -36.02 -4.00 -2.38 -0.04 -0.00 -3.62 -2.57 -2.56 -54.54 -398.90 -142.29 -40.67 -38.91 -4.53 -0.39 -46.14 -37.47 -34.91 -194.25 -635.01 -311.63 -135.27 -143.56 -36.66 -8.85 -164.15 -136.79 -125.92 -391.69
0.00 0.00 0.00 0.00 0.00 0.00 0.00 0.00 0.00 0.00 -35.56 -1.50 -0.01 -0.00 -0.00 0.00 -0.00 -0.00 -0.00 -2.82 -186.09 -36.02 -4.00 -2.38 -0.04 -0.00 -3.62 -2.57 -2.56 -54.54 -398.90 -142.29 -40.67 -38.91 -4.53 -0.39 -46.14 -37.47 -34.91 -194.25 -635.01 -311.63 -135.27 -143.56 -36.66 -8.85 -164.15 -136.79 -125.92 -391.69
0.00 0.00 0.00 0.00 0.00 0.00 0.00 0.00 0.00 0.00 -35.56 -1.50 -0.01 -0.00 -0.00 0.00 -0.00 -0.00 -0.00 -2.82 -186.09 -36.02 -4.00 -2.38 -0.04 -0.00 -3.62 -2.57 -2.56 -54.54 -398.90 -142.29 -40.67 -38.91 -4.53 -0.39 -46.14 -37.47 -34.91 -194.25 -635.01 -311.63 -135.27 -143.56 -36.66 -8.85 -164.15 -136.79 -125.92 -391.69
0.00 0.00 0.00 0.00 0.00 0.00 0.00 0.00 0.00 0.00 -35.56 -1.50 -0.01 -0.00 -0.00 0.00 -0.00 -0.00 -0.00 -2.82 -186.09 -36.02 -4.00 -2.38 -0.04 -0.00 -3.62 -2.57 -2.56 -54.54 -398.90 -142.29 -40.67 -38.91 -4.53 -0.39 -46.14 -37.47 -34.91 -194.25 -635.01 -311.63 -135.27 -143.56 -36.66 -8.85 -164.15 -136.79 -125.92 -391.69
0.00 0.00 0.00 0.00 0.00 0.00 0.00 0.00 0.00 0.00 -35.56 -1.50 -0.01 -0.00 -0.00 0.00 -0.00 -0.00 -0.00 -2.82 -186.09 -36.02 -4.00 -2.38 -0.04 -0.00 -3.62 -2.57 -2.56 -54.54 -398.90 -142.29 -40.67 -38.91 -4.53 -0.39 -46.14 -37.47 -34.91 -194.25 -635.01 -311.63 -135.27 -143.56 -36.66 -8.85 -164.15 -136.79 -125.92 -391.69
0.00 0.00 0.00 0.00 0.00 0.00 0.00 0.00 0.00 0.00 -35.56 -1.50 -0.01 -0.00 -0.00 0.00 -0.00 -0.00 -0.00 -2.82 -186.09 -36.02 -4.00 -2.38 -0.04 -0.00 -3.62 -2.57 -2.56 -54.54 -398.90 -142.29 -40.67 -38.91 -4.53 -0.39 -46.14 -37.47 -34.91 -194.25 -635.01 -311.63 -135.27 -143.56 -36.66 -8.85 -164.15 -136.79 -125.92 -391.69
0.00 0.00 0.00 0.00 0.00 0.00 0.00 0.00 0.00 0.00 -35.56 -1.50 -0.01 -0.00 -0.00 0.00 -0.00 -0.00 -0.00 -2.82 -186.09 -36.02 -4.00 -2.38 -0.04 -0.00 -3.62 -2.57 -2.56 -54.54 -398.90 -142.29 -40.67 -38.91 -4.53 -0.39 -46.14 -37.47 -34.91 -194.25 -635.01 -311.63 -135.27 -143.56 -36.66 -8.85 -164.15 -136.79 -125.92 -391.69
0.00 0.00 0.00 0.00 0.00 0.00 0.00 0.00 0.00 0.00 -35.56 -1.50 -0.01 -0.00 -0.00 0.00 -0.00 -0.00 -0.00 -2.82 -186.09 -36.02 -4.00 -2.38 -0.04 -0.00 -3.62 -2.57 -2.56 -54.54 -398.90 -142.29 -40.67 -38.91 -4.53 -0.39 -46.14 -37.47 -34.91 -194.25 -635.01 -311.63 -135.27 -143.56 -36.66 -8.85 -164.15 -136.79 -125.92 -391.69
0.00 0.00 0.00 0.00 0.00 0.00 0.00 0.00 0.00 0.00 -35.04 -1.44 -0.01 -0.00 -0.00 0.00 -0.00 -0.00 -0.00 -2.74 -184.34 -34.99 -3.75 -1.62 -0.06 -0.00 -3.30 -2.25 -2.42 -53.30 -396.26 -139.34 -38.93 -29.42 -5.31 -0.31 -37.47 -35.36 -33.77 -190.96 -631.87 -306.76 -132.36 -120.87 -39.34 -7.76 -135.00 -131.97 -122.51 -386.60
0.00 0.00 0.00 0.00 0.00 0.00 0.00 0.00 0.00 0.00 -35.04 -1.44 -0.01 -0.00 -0.00 0.00 -0.00 -0.00 -0.00 -2.74 -184.34 -34.99 -3.75 -1.62 -0.06 -0.00 -3.30 -2.25 -2.42 -53.30 -396.26 -139.34 -38.93 -29.42 -5.31 -0.31 -37.47 -35.36 -33.77 -190.96 -631.87 -306.76 -132.36 -120.87 -39.34 -7.76 -135.00 -131.97 -122.51 -386.60
0.00 0.00 0.00 0.00 0.00 0.00 0.00 0.00 0.00 0.00 -35.04 -1.44 -0.01 -0.00 -0.00 0.00 -0.00 -0.00 -0.00 -2.74 -184.34 -34.99 -3.75 -1.62 -0.06 -0.00 -3.30 -2.25 -2.42 -53.30 -396.26 -139.34 -38.93 -29.42 -5.31 -0.31 -37.47 -35.36 -33.77 -190.96 -631.87 -306.76 -132.36 -120.87 -39.34 -7.76 -135.00 -131.97 -122.51 -386.60
0.00 0.00 0.00 0.00 0.00 0.00 0.00 0.00 0.00 0.00 -35.04 -1.44 -0.01 -0.00 -0.00 0.00 -0.00 -0.00 -0.00 -2.74 -184.34 -34.99 -3.75 -1.62 -0.06 -0.00 -3.30 -2.25 -2.42 -53.30 -396.26 -139.34 -38.93 -29.42 -5.31 -0.31 -37.47 -35.36 -33.77 -190.96 -631.87 -306.76 -132.36 -120.87 -39.34 -7.76 -135.00 -131.97 -122.51 -386.60
0.00 0.00 0.00 0.00 0.00 0.00 0.00 0.00 0.00 0.00 -35.04 -1.44 -0.01 -0.00 -0.00 0.00 -0.00 -0.00 -0.00 -2.74 -184.34 -34.99 -3.75 -1.62 -0.06 -0.00 -3.30 -2.25 -2.42 -53.30 -396.26 -139.34 -38.93 -29.42 -5.31 -0.31 -37.47 -35.36 -33.77 -190.96 -631.87 -306.76 -132.36 -120.87 -39.34 -7.76 -135.00 -131.97 -122.51 -386.60
0.00 0.00 0.00 0.00 0.00 0.00 0.00 0.00 0.00 0.00 -35.04 -1.44 -0.01 -0.00 -0.00 0.00 -0.00 -0.00 -0.00 -2.74 -184.34 -34.99 -3.75 -1.62 -0.06 -0.00 -3.30 -2.25 -2.42 -53.30 -396.26 -139.34 -38.93 -29.42 -5.31 -0.31 -37.47 -35.36 -33.77 -190.96 -631.87 -306.76 -132.36 -120.87 -39.34 -7.76 -135.00 -131.97 -122.51 -386.60
0.00 0.00 0.00 0.00 0.00 0.00 0.00 0.00 0.00 0.00 -35.04 -1.44 -0.01 -0.00 -0.00 0.00 -0.00 -0.00 -0.00 -2.74 -184.34 -34.99 -3.75 -1.62 -0.06 -0.00 -3.30 -2.25 -2.42 -53.30 -396.26 -139.34 -38.93 -29.42 -5.31 -0.31 -37.47 -35.36 -33.77 -190.96 -631.87 -306.76 -132.36 -120.87 -39.34 -7.76 -135.00 -131.97 -122.51 -386.60
0.00 0.00 0.00 0.00 0.00 0.00 0.00 0.00 0.00 0.00 -35.04 -1.44 -0.01 -0.00 -0.00 0.00 -0.00 -0.00 -0.00 -2.74 -184.34 -34.99 -3.75 -1.62 -0.06 -0.00 -3.30 -2.25 -2.42 -53.30 -396.26 -139.34 -38.93 -29.42 -5.31 -0.31 -37.47 -35.36 -33.77 -190.96 -631.87 -306.76 -132.36 -120.87 -39.34 -7.76 -135.00 -131.97 -122.51 -386.60
0.00 0.00 0.00 0.00 0.00 0.00 0.00 0.00 0.00 0.00 -35.04 -1.44 -0.01 -0.00 -0.00 0.00 -0.00 -0.00 -0.00 -2.74 -184.34 -34.99 -3.75 -1.62 -0.06 -0.00 -3.30 -2.25 -2.42 -53.30 -396.26 -139.34 -38.93 -29.42 -5.31 -0.31 -37.47 -35.36 -33.77 -190.96 -631.87 -306.76 -132.36 -120.87 -39.34 -7.76 -135.00 -131.97 -122.51 -386.60
0.00 0.00 0.00 0.00 0.00 0.00 0.00 0.00 0.00 0.00 -35.04 -1.44 -0.01 -0.00 -0.00 0.00 -0.00 -0.00 -0.00 -2.74 -184.34 -34.99 -3.75 -1.62 -0.06 -0.00 -3.30 -2.25 -2.42 -53.30 -396.26 -139.34 -38.93 -29.42 -5.31 -0.31 -37.47 -35.36 -33.77 -190.96 -631.87 -306.76 -132.36 -120.87 -39.34 -7.76 -135.00 -131.97 -122.51 -386.60
0.00 0.00 0.00 0.00 0.00 0.00 0.00 0.00 0.00 0.00 -35.04 -1.44 -0.01 -0.00 -0.00 0.00 -0.00 -0.00 -0.00 -2.74 -184.34 -34.99 -3.75 -1.62 -0.06 -0.00 -3.30 -2.25 -2.42 -53.30 -396.26 -139.34 -38.93 -29.42 -5.31 -0.31 -37.47 -35.36 -33.77 -190.96 -631.87 -306.76 -132.36 -120.87 -39.34 -7.76 -135.00 -131.97 -122.51 -386.60
0.00 0.00 0.00 0.00 0.00 0.00 0.00 0.00 0.00 0.00 -35.04 -1.44 -0.01 -0.00 -0.00 0.00 -0.00 -0.00 -0.00 -2.74 -184.34 -34.99 -3.75 -1.62 -0.06 -0.00 -3.30 -2.25 -2.42 -53.30 -396.26 -139.34 -38.93 -29.42 -5.31 -0.31 -37.47 -35.36 -33.77 -190.96 -631.87 -306.76 -132.36 -120.87 -39.34 -7.76 -135.00 -131.97 -122.51 -386.60
0.00 0.00 0.00 0.00 0.00 0.00 0.00 0.00 0.00 0.00 -35.04 -1.44 -0.01 -0.00 -0.00 0.00 -0.00 -0.00 -0.00 -2.74 -184.34 -34.99 -3.75 -1.62 -0.06 -0.00 -3.30 -2.25 -2.42 -53.30 -396.26 -139.34 -38.93 -29.42 -5.31 -0.31 -37.47 -35.36 -33.77 -190.96 -631.87 -306.76 -132.36 -120.87 -39.34 -7.76 -135.00 -131.97 -122.51 -386.60
0.00 0.00 0.00 0.00 0.00 0.00 0.00 0.00 0.00 0.00 -35.04 -1.44 -0.01 -0.00 -0.00 0.00 -0.00 -0.00 -0.00 -2.74 -184.34 -34.99 -3.75 -1.62 -0.06 -0.00 -3.30 -2.25 -2.42 -53.30 -396.26 -139.34 -38.93 -29.42 -5.31 -0.31 -37.47 -35.36 -33.77 -190.96 -631.87 -306.76 -132.36 -120.87 -39.34 -7.76 -135.00 -131.97 -122.51 -386.60
0.00 0.00 0.00 0.00 0.00 0.00 0.00 0.00 0.00 0.00 -35.04 -1.44 -0.01 -0.00 -0.00 0.00 -0.00 -0.00 -0.00 -2.74 -184.34 -34.99 -3.75 -1.62 -0.06 -0.00 -3.30 -2.25 -2.42 -53.30 -396.26 -139.34 -38.93 -29.42 -5.31 -0.31 -37.47 -35.36 -33.77 -190.96 -631.87 -306.76 -132.36 -120.87 -39.34 -7.76 -135.00 -131.97 -122.51 -386.60
0.00 0.00 0.00 0.00 0.00 0.00 0.00 0.00 0.00 0.00 -35.04 -1.44 -0.01 -0.00 -0.00 0.00 -0.00 -0.00 -0.00 -2.74 -184.34 -34.99 -3.75 -1.62 -0.06 -0.00 -3.30 -2.25 -2.42 -53.30 -396.26 -139.34 -38.93 -29.42 -5.31 -0.31 -37.47 -35.36 -33.77 -190.96 -631.87 -306.76 -132.36 -120.87 -39.34 -7.76 -135.00 -131.97 -122.51 -386.60
0.00 0.00 0.00 0.00 0.00 0.00 0.00 0.00 0.00 0.00 -35.04 -1.44 -0.01 -0.00 -0.00 0.00 -0.00 -0.00 -0.00 -2.74 -184.34 -34.99 -3.75 -1.62 -0.06 -0.00 -3.30 -2.25 -2.42 -53.30 -396.26 -139.34 -38.93 -29.42 -5.31 -0.31 -37.47 -35.36 -33.77 -190.96 -631.87 -306.76 -132.36 -120.87 -39.34 -7.76 -135.00 -131.97 -122.51 -386.60
0.00 0.00 0.00 0.00 0.00 0.00 0.00 0.00 0.00 0.00 -35.04 -1.44 -0.01 -0.00 -0.00 0.00 -0.00 -0.00 -0.00 -2.74 -184.34 -34.99 -3.75 -1.62 -0.06 -0.00 -3.30 -2.25 -2.42 -53.30 -396.26 -139.34 -38.93 -29.42 -5.31 -0.31 -37.47 -35.36 -33.77 -190.96 -631.87 -306.76 -132.36 -120.87 -39.34 -7.76 -135.00 -131.97 -122.51 -386.60
0.00 0.00 0.00 0.00 0.00 0.00 0.00 0.00 0.00 0.00 -35.04 -1.44 -0.01 -0.00 -0.00 0.00 -0.00 -0.00 -0.00 -2.74 -184.34 -34.99 -3.75 -1.62 -0.06 -0.00 -3.30 -2.25 -2.42 -53.30 -396.26 -139.34 -38.93 -29.42 -5.31 -0.31 -37.47 -35.36 -33.77 -190.96 -631.87 -306.76 -132.36 -120.87 -39.34 -7.76 -135.00 -131.97 -122.51 -386.60
0.00 0.00 0.00 0.00 0.00 0.00 0.00 0.00 0.00 0.00 -35.04 -1.44 -0.01 -0.00 -0.00 0.00 -0.00 -0.00 -0.00 -2.74 -184.34 -34.99 -3.75 -1.62 -0.06 -0.00 -3.30 -2.25 -2.42 -53.30 -396.26 -139.34 -38.93 -29.42 -5.31 -0.31 -37.47 -35.36 -33.77 -190.96 -631.87 -306.76 -132.36 -120.87 -39.34 -7.76 -135.00 -131.97 -122.51 -386.60
0.00 0.00 0.00 0.00 0.00 0.00 0.00 0.00 0.00 0.00 -35.04 -1.44 -0.01 -0.00 -0.00 0.00 -0.00 -0.00 -0.00 -2.74 -184.34 -34.99 -3.75 -1.62 -0.06 -0.00 -3.30 -2.25 -2.42 -53.30 -396.26 -139.34 -38.93 -29.42 -5.31 -0.31 -37.47 -35.36 -33.77 -190.96 -631.87 -306.76 -132.36 -120.87 -39.34 -7.76 -135.00 -131.97 -122.51 -386.60
0.00 0.00 0.00 0.00 0.00 0.00 0.00 0.00 0.00 0.00 -35.04 -1.44 -0.01 -0.00 -0.00 0.00 -0.00 -0.00 -0.00 -2.74 -184.34 -34.99 -3.75 -1.62 -0.06 -0.00 -3.30 -2.25 -2.42 -53.30 -396.26 -139.34 -38.93 -29.42 -5.31 -0.31 -37.47 -35.36 -33.77 -190.96 -631.87 -306.76 -132.36 -120.87 -39.34 -7.76 -135.00 -131.97 -122.51 -386.60
0.00 0.00 0.00 0.00 0.00 0.00 0.00 0.00 0.00 0.00 -35.04 -1.44 -0.01 -0.00 -0.00 0.00 -0.00 -0.00 -0.00 -2.74 -184.34 -34.99 -3.75 -1.62 -0.06 -0.00 -3.30 -2.25 -2.42 -53.30 -396.26 -139.34 -38.93 -29.42 -5.31 -0.31 -37.47 -35.36 -33.77 -190.96 -631.87 -306.76 -132.36 -120.87 -39.34 -7.76 -135.00 -131.97 -122.51 -386.60
0.00 0.00 0.00 0.00 0.00 0.00 0.00 0.00 0.00 0.00 -35.04 -1.44 -0.01 -0.00 -0.00 0.00 -0.00 -0.00 -0.00 -2.74 -184.34 -34.99 -3.75 -1.62 -0.06 -0.00 -3.30 -2.25 -2.42 -53.30 -396.26 -139.34 -38.93 -29.42 -5.31 -0.31 -37.47 -35.36 -33.77 -190.96 -631.87 -306.76 -132.36 -120.87 -39.34 -7.76 -135.00 -131.97 -122.51 -386.60
0.00 0.00 0.00 0.00 0.00 0.00 0.00 0.00 0.00 0.00 -35.04 -1.44 -0.01 -0.00 -0.00 0.00 -0.00 -0.00 -0.00 -2.74 -184.34 -34.99 -3.75 -1.62 -0.06 -0.00 -3.30 -2.25 -2.42 -53.30 -396.26 -139.34 -38.93 -29.42 -5.31 -0.31 -37.47 -35.36 -33.77 -190.96 -631.87 -306.76 -132.36 -120.87 -39.34 -7.76 -135.00 -131.97 -122.51 -386.60
0.00 0.00 0.00 0.00 0.00 0.00 0.00 0.00 0.00 0.00 -35.04 -1.44 -0.01 -0.00 -0.00 0.00 -0.00 -0.00 -0.00 -2.74 -184.34 -34.99 -3.75 -1.62 -0.06 -0.00 -3.30 -2.25 -2.42 -53.30 -396.26 -139.34 -38.93 -29.42 -5.31 -0.31 -37.47 -35.36 -33.77 -190.96 -631.87 -306.76 -132.36 -120.87 -39.34 -7.76 -135.00 -131.97 -122.51 -386.60
0.00 0.00 0.00 0.00 0.00 0.00 0.00 0.00 0.00 0.00 -35.04 -1.44 -0.01 -0.00 -0.00 0.00 -0.00 -0.00 -0.00 -2.74 -184.34 -34.99 -3.75 -1.62 -0.06 -0.00 -3.30 -2.25 -2.42 -53.30 -396.26 -139.34 -38.93 -29.42 -5.31 -0.31 -37.47 -35.36 -33.77 -190.96 -631.87 -306.76 -132.36 -120.87 -39.34 -7.76 -135.00 -131.97 -122.51 -386.60
0.00 0.00 0.00 0.00 0.00 0.00 0.00 0.00 0.00 0.00 -35.04 -1.44 -0.01 -0.00 -0.00 0.00 -0.00 -0.00 -0.00 -2.74 -184.34 -34.99 -3.75 -1.62 -0.06 -0.00 -3.30 -2.25 -2.42 -53.30 -396.26 -139.34 -38.93 -29.42 -5.31 -0.31 -37.47 -35.36 -33.77 -190.96 -631.87 -306.76 -132.36 -120.87 -39.34 -7.76 -135.00 -131.97 -122.51 -386.60
0.00 0.00 0.00 0.00 0.00 0.00 0.00 0.00 0.00 0.00 -35.04 -1.44 -0.01 -0.00 -0.00 0.00 -0.00 -0.00 -0.00 -2.74 -184.34 -34.99 -3.75 -1.62 -0.06 -0.00 -3.30 -2.25 -2.42 -53.30 -396.26 -139.34 -38.93 -29.42 -5.31 -0.31 -37.47 -35.36 -33.77 -190.96 -631.87 -306.76 -132.36 -120.87 -39.34 -7.76 -135.00 -131.97 -122.51 -386.60
0.00 0.00 0.00 0.00 0.00 0.00 0.00 0.00 0.00 0.00 -35.04 -1.44 -0.01 -0.00 -0.00 0.00 -0.00 -0.00 -0.00 -2.74 -184.34 -34.99 -3.75 -1.62 -0.06 -0.00 -3.30 -2.25 -2.42 -53.30 -396.26 -139.34 -38.93 -29.42 -5.31 -0.31 -37.47 -35.36 -33.77 -190.96 -631.87 -306.76 -132.36 -120.87 -39.34 -7.76 -135.00 -131.97 -122.51 -386.60
0.00 0.00 0.00 0.00 0.00 0.00 0.00 0.00 0.00 0.00 -35.04 -1.44 -0.01 -0.00 -0.00 0.00 -0.00 -0.00 -0.00 -2.74 -184.34 -34.99 -3.75 -1.62 -0.06 -0.00 -3.30 -2.25 -2.42 -53.30 -396.26 -139.34 -38.93 -29.42 -5.31 -0.31 -37.47 -35.36 -33.77 -190.96 -631.87 -306.76 -132.36 -120.87 -39.34 -7.76 -135.00 -131.97 -122.51 -386.60
0.00 0.00 0.00 0.00 0.00 0.00 0.00 0.00 0.00 0.00 -35.04 -1.44 -0.01 -0.00 -0.00 0.00 -0.00 -0.00 -0.00 -2.74 -184.34 -34.99 -3.75 -1.62 -0.06 -0.00 -3.30 -2.25 -2.42 -53.30 -396.26 -139.34 -38.93 -29.42 -5.31 -0.31 -37.47 -35.36 -33.77 -190.96 -631.87 -306.76 -132.36 -120.87 -39.34 -7.76 -135.00 -131.97 -122.51 -386.60
0.00 0.00 0.00 0.00 0.00 0.00 0.00 0.00 0.00 0.00 -35.04 -1.44 -0.01 -0.00 -0.00 0.00 -0.00 -0.00 -0.00 -2.74 -184.34 -34.99 -3.75 -1.62 -0.06 -0.00 -3.30 -2.25 -2.42 -53.30 -396.26 -139.34 -38.93 -29.42 -5.31 -0.31 -37.47 -35.36 -33.77 -190.96 -631.87 -306.76 -132.36 -120.87 -39.34 -7.76 -135.00 -131.97 -122.51 -386.60
0.00 0.00 0.00 0.00 0.00 0.00 0.00 0.00 0.00 0.00 -35.04 -1.44 -0.01 -0.00 -0.00 0.00 -0.00 -0.00 -0.00 -2.74 -184.34 -34.99 -3.75 -1.62 -0.06 -0.00 -3.30 -2.25 -2.42 -53.30 -396.26 -139.34 -38.93 -29.42 -5.31 -0.31 -37.47 -35.36 -33.77 -190.96 -631.87 -306.76 -132.36 -120.87 -39.34 -7.76 -135.00 -131.97 -122.51 -386.60
0.00 0.00 0.00 0.00 0.00 0.00 0.00 0.00 0.00 0.00 -35.04 -1.44 -0.01 -0.00 -0.00 0.00 -0.00 -0.00 -0.00 -2.74 -184.34 -34.99 -3.75 -1.62 -0.06 -0.00 -3.30 -2.25 -2.42 -53.30 -396.26 -139.34 -38.93 -29.42 -5.31 -0.31 -37.47 -35.36 -33.77 -190.96 -631.87 -306.76 -132.36 -120.87 -39.34 -7.76 -135.00 -131.97 -122.51 -386.60
0.00 0.00 0.00 0.00 0.00 0.00 0.00 0.00 0.00 0.00 -35.04 -1.44 -0.01 -0.00 -0.00 0.00 -0.00 -0.00 -0.00 -2.74 -184.34 -34.99 -3.75 -1.62 -0.06 -0.00 -3.30 -2.25 -2.42 -53.30 -396.26 -139.34 -38.93 -29.42 -5.31 -0.31 -37.47 -35.36 -33.77 -190.96 -631.87 -306.76 -132.36 -120.87 -39.34 -7.76 -135.00 -131.97 -122.51 -386.60
0.00 0.00 0.00 0.00 0.00 0.00 0.00 0.00 0.00 0.00 -35.04 -1.44 -0.01 -0.00 -0.00 0.00 -0.00 -0.00 -0.00 -2.74 -184.34 -34.99 -3.75 -1.62 -0.06 -0.00 -3.30 -2.25 -2.42 -53.30 -396.26 -139.34 -38.93 -29.42 -5.31 -0.31 -37.47 -35.36 -33.77 -190.96 -631.87 -306.76 -132.36 -120.87 -39.34 -7.76 -135.00 -131.97 -122.51 -386.60
0.00 0.00 0.00 0.00 0.00 0.00 0.00 0.00 0.00 0.00 -35.04 -1.44 -0.01 -0.00 -0.00 0.00 -0.00 -0.00 -0.00 -2.74 -184.34 -34.99 -3.75 -1.62 -0.06 -0.00 -3.30 -2.25 -2.42 -53.30 -396.26 -139.34 -38.93 -29.42 -5.31 -0.31 -37.47 -35.36 -33.77 -190.96 -631.87 -306.76 -132.36 -120.87 -39.34 -7.76 -135.00 -131.97 -122.51 -386.60
0.00 0.00 0.00 0.00 0.00 0.00 0.00 0.00 0.00 0.00 -35.04 -1.44 -0.01 -0.00 -0.00 0.00 -0.00 -0.00 -0.00 -2.74 -184.34 -34.99 -3.75 -1.62 -0.06 -0.00 -3.30 -2.25 -2.42 -53.30 -396.26 -139.34 -38.93 -29.42 -5.31 -0.31 -37.47 -35.36 -33.77 -190.96 -631.87 -306.76 -132.36 -120.87 -39.34 -7.76 -135.00 -131.97 -122.51 -386.60
0.00 0.00 0.00 0.00 0.00 0.00 0.00 0.00 0.00 0.00 -35.04 -1.44 -0.01 -0.00 -0.00 0.00 -0.00 -0.00 -0.00 -2.74 -184.34 -34.99 -3.75 -1.62 -0.06 -0.00 -3.30 -2.25 -2.42 -53.30 -396.26 -139.34 -38.93 -29.42 -5.31 -0.31 -37.47 -35.36 -33.77 -190.96 -631.87 -306.76 -132.36 -120.87 -39.34 -7.76 -135.00 -131.97 -122.51 -386.60
0.00 0.00 0.00 0.00 0.00 0.00 0.00 0.00 0.00 0.00 -35.04 -1.44 -0.01 -0.00 -0.00 0.00 -0.00 -0.00 -0.00 -2.74 -184.34 -34.99 -3.75 -1.62 -0.06 -0.00 -3.30 -2.25 -2.42 -53.30 -396.26 -139.34 -38.93 -29.42 -5.31 -0.31 -37.47 -35.36 -33.77 -190.96 -631.87 -306.76 -132.36 -120.87 -39.34 -7.76 -135.00 -131.97 -122.51 -386.60
0.00 0.00 0.00 0.00 0.00 0.00 0.00 0.00 0.00 0.00 -35.04 -1.44 -0.01 -0.00 -0.00 0.00 -0.00 -0.00 -0.00 -2.74 -184.34 -34.99 -3.75 -1.62 -0.06 -0.00 -3.30 -2.25 -2.42 -53.30 -396.26 -139.34 -38.93 -29.42 -5.31 -0.31 -37.47 -35.36 -33.77 -190.96 -631.87 -306.76 -132.36 -120.87 -39.34 -7.76 -135.00 -131.97 -122.51 -386.60
0.00 0.00 0.00 0.00 0.00 0.00 0.00 0.00 0.00 0.00 -35.04 -1.44 -0.01 -0.00 -0.00 0.00 -0.00 -0.00 -0.00 -2.74 -184.34 -34.99 -3.75 -1.62 -0.06 -0.00 -3.30 -2.25 -2.42 -53.30 -396.26 -139.34 -38.93 -29.42 -5.31 -0.31 -37.47 -35.36 -33.77 -190.96 -631.87 -306.76 -132.36 -120.87 -39.34 -7.76 -135.00 -131.97 -122.51 -386.60
0.00 0.00 0.00 0.00 0.00 0.00 0.00 0.00 0.00 0.00 -35.04 -1.44 -0.01 -0.00 -0.00 0.00 -0.00 -0.00 -0.00 -2.74 -184.34 -34.99 -3.75 -1.62 -0.06 -0.00 -3.30 -2.25 -2.42 -53.30 -396.26 -139.34 -38.93 -29.42 -5.31 -0.31 -37.47 -35.36 -33.77 -190.96 -631.87 -306.76 -132.36 -120.87 -39.34 -7.76 -135.00 -131.97 -122.51 -386.60
0.00 0.00 0.00 0.00 0.00 0.00 0.00 0.00 0.00 0.00 -35.04 -1.44 -0.01 -0.00 -0.00 0.00 -0.00 -0.00 -0.00 -2.74 -184.34 -34.99 -3.75 -1.62 -0.06 -0.00 -3.30 -2.25 -2.42 -53.30 -396.26 -139.34 -38.93 -29.42 -5.31 -0.31 -37.47 -35.36 -33.77 -190.96 -631.87 -306.76 -132.36 -120.87 -39.34 -7.76 -135.00 -131.97 -122.51 -386.60
0.00 0.00 0.00 0.00 0.00 0.00 0.00 0.00 0.00 0.00 -35.04 -1.44 -0.01 -0.00 -0.00 0.00 -0.00 -0.00 -0.00 -2.74 -184.34 -34.99 -3.75 -1.62 -0.06 -0.00 -3.30 -2.25 -2.42 -53.30 -396.26 -139.34 -38.93 -29.42 -5.31 -0.31 -37.47 -35.36 -33.77 -190.96 -631.87 -306.76 -132.36 -120.87 -39.34 -7.76 -135.00 -131.97 -122.51 -386.60
0.00 0.00 0.00 0.00 0.00 0.00 0.00 0.00 0.00 0.00 -35.04 -1.44 -0.01 -0.00 -0.00 0.00 -0.00 -0.00 -0.00 -2.74 -184.34 -34.99 -3.75 -1.62 -0.06 -0.00 -3.30 -2.25 -2.42 -53.30 -396.26 -139.34 -38.93 -29.42 -5.31 -0.31 -37.47 -35.36 -33.77 -190.96 -631.87 -306.76 -132.36 -120.87 -39.34 -7.76 -135.00 -131.97 -122.51 -386.60
0.00 0.00 0.00 0.00 0.00 0.00 0.00 0.00 0.00 0.00 -35.04 -1.44 -0.01 -0.00 -0.00 0.00 -0.00 -0.00 -0.00 -2.74 -184.34 -34.99 -3.75 -1.62 -0.06 -0.00 -3.30 -2.25 -2.42 -53.30 -396.26 -139.34 -38.93 -29.42 -5.31 -0.31 -37.47 -35.36 -33.77 -190.96 -631.87 -306.76 -132.36 -120.87 -39.34 -7.76 -135.00 -131.97 -122.51 -386.60
0.00 0.00 0.00 0.00 0.00 0.00 0.00 0.00 0.00 0.00 -35.04 -1.44 -0.01 -0.00 -0.00 0.00 -0.00 -0.00 -0.00 -2.74 -184.34 -34.99 -3.75 -1.62 -0.06 -0.00 -3.30 -2.25 -2.42 -53.30 -396.26 -139.34 -38.93 -29.42 -5.31 -0.31 -37.47 -35.36 -33.77 -190.96 -631.87 -306.76 -132.36 -120.87 -39.34 -7.76 -135.00 -131.97 -122.51 -386.60
0.00 0.00 0.00 0.00 0.00 0.00 0.00 0.00 0.00 0.00 -35.04 -1.44 -0.01 -0.00 -0.00 0.00 -0.00 -0.00 -0.00 -2.74 -184.34 -34.99 -3.75 -1.62 -0.06 -0.00 -3.30 -2.25 -2.42 -53.30 -396.26 -139.34 -38.93 -29.42 -5.31 -0.31 -37.47 -35.36 -33.77 -190.96 -631.87 -306.76 -132.36 -120.87 -39.34 -7.76 -135.00 -131.97 -122.51 -386.60
0.00 0.00 0.00 0.00 0.00 0.00 0.00 0.00 0.00 0.00 -35.04 -1.44 -0.01 -0.00 -0.00 0.00 -0.00 -0.00 -0.00 -2.74 -184.34 -34.99 -3.75 -1.62 -0.06 -0.00 -3.30 -2.25 -2.42 -53.30 -396.26 -139.34 -38.93 -29.42 -5.31 -0.31 -37.47 -35.36 -33.77 -190.96 -631.87 -306.76 -132.36 -120.87 -39.34 -7.76 -135.00 -131.97 -122.51 -386.60
0.00 0.00 0.00 0.00 0.00 0.00 0.00 0.00 0.00 0.00 -35.04 -1.44 -0.01 -0.00 -0.00 0.00 -0.00 -0.00 -0.00 -2.74 -184.34 -34.99 -3.75 -1.62 -0.06 -0.00 -3.30 -2.25 -2.42 -53.30 -396.26 -139.34 -38.93 -29.42 -5.31 -0.31 -37.47 -35.36 -33.77 -190.96 -631.87 -306.76 -132.36 -120.87 -39.34 -7.76 -135.00 -131.97 -122.51 -386.60
0.00 0.00 0.00 0.00 0.00 0.00 0.00 0.00 0.00 0.00 -35.04 -1.44 -0.01 -0.00 -0.00 0.00 -0.00 -0.00 -0.00 -2.74 -184.34 -34.99 -3.75 -1.62 -0.06 -0.00 -3.30 -2.25 -2.42 -53.30 -396.26 -139.34 -38.93 -29.42 -5.31 -0.31 -37.47 -35.36 -33.77 -190.96 -631.87 -306.76 -132.36 -120.87 -39.34 -7.76 -135.00 -131.97 -122.51 -386.60
0.00 0.00 0.00 0.00 0.00 0.00 0.00 0.00 0.00 0.00 -35.04 -1.44 -0.01 -0.00 -0.00 0.00 -0.00 -0.00 -0.00 -2.74 -184.34 -34.99 -3.75 -1.62 -0.06 -0.00 -3.30 -2.25 -2.42 -53.30 -396.26 -139.34 -38.93 -29.42 -5.31 -0.31 -37.47 -35.36 -33.77 -190.96 -631.87 -306.76 -132.36 -120.87 -39.34 -7.76 -135.00 -131.97 -122.51 -386.60
0.00 0.00 0.00 0.00 0.00 0.00 0.00 0.00 0.00 0.00 -35.04 -1.44 -0.01 -0.00 -0.00 0.00 -0.00 -0.00 -0.00 -2.74 -184.34 -34.99 -3.75 -1.62 -0.06 -0.00 -3.30 -2.25 -2.42 -53.30 -396.26 -139.34 -38.93 -29.42 -5.31 -0.31 -37.47 -35.36 -33.77 -190.96 -631.87 -306.76 -132.36 -120.87 -39.34 -7.76 -135.00 -131.97 -122.51 -386.60
0.00 0.00 0.00 0.00 0.00 0.00 0.00 0.00 0.00 0.00 -35.04 -1.44 -0.01 -0.00 -0.00 0.00 -0.00 -0.00 -0.00 -2.74 -184.34 -34.99 -3.75 -1.62 -0.06 -0.00 -3.30 -2.25 -2.42 -53.30 -396.26 -139.34 -38.93 -29.42 -5.31 -0.31 -37.47 -35.36 -33.77 -190.96 -631.87 -306.76 -132.36 -120.87 -39.34 -7.76 -135.00 -131.97 -122.51 -386.60
0.00 0.00 0.00 0.00 0.00 0.00 0.00 0.00 0.00 0.00 -35.04 -1.44 -0.01 -0.00 -0.00 0.00 -0.00 -0.00 -0.00 -2.74 -184.34 -34.99 -3.75 -1.62 -0.06 -0.00 -3.30 -2.25 -2.42 -53.30 -396.26 -139.34 -38.93 -29.42 -5.31 -0.31 -37.47 -35.36 -33.77 -190.96 -631.87 -306.76 -132.36 -120.87 -39.34 -7.76 -135.00 -131.97 -122.51 -386.60
0.00 0.00 0.00 0.00 0.00 0.00 0.00 0.00 0.00 0.00 -35.04 -1.44 -0.01 -0.00 -0.00 0.00 -0.00 -0.00 -0.00 -2.74 -184.34 -34.99 -3.75 -1.62 -0.06 -0.00 -3.30 -2.25 -2.42 -53.30 -396.26 -139.34 -38.93 -29.42 -5.31 -0.31 -37.47 -35.36 -33.77 -190.96 -631.87 -306.76 -132.36 -120.87 -39.34 -7.76 -135.00 -131.97 -122.51 -386.60
0.00 0.00 0.00 0.00 0.00 0.00 0.00 0.00 0.00 0.00 -35.04 -1.44 -0.01 -0.00 -0.00 0.00 -0.00 -0.00 -0.00 -2.74 -184.34 -34.99 -3.75 -1.62 -0.06 -0.00 -3.30 -2.25 -2.42 -53.30 -396.26 -139.34 -38.93 -29.42 -5.31 -0.31 -37.47 -35.36 -33.77 -190.96 -631.87 -306.76 -132.36 -120.87 -39.34 -7.76 -135.00 -131.97 -122.51 -386.60
0.00 0.00 0.00 0.00 0.00 0.00 0.00 0.00 0.00 0.00 -35.04 -1.44 -0.01 -0.00 -0.00 0.00 -0.00 -0.00 -0.00 -2.74 -184.34 -34.99 -3.75 -1.62 -0.06 -0.00 -3.30 -2.25 -2.42 -53.30 -396.26 -139.34 -38.93 -29.42 -5.31 -0.31 -37.47 -35.36 -33.77 -190.96 -631.87 -306.76 -132.36 -120.87 -39.34 -7.76 -135.00 -131.97 -122.51 -386.60
0.00 0.00 0.00 0.00 0.00 0.00 0.00 0.00 0.00 0.00 -35.04 -1.44 -0.01 -0.00 -0.00 0.00 -0.00 -0.00 -0.00 -2.74 -184.34 -34.99 -3.75 -1.62 -0.06 -0.00 -3.30 -2.25 -2.42 -53.30 -396.26 -139.34 -38.93 -29.42 -5.31 -0.31 -37.47 -35.36 -33.77 -190.96 -631.87 -306.76 -132.36 -120.87 -39.34 -7.76 -135.00 -131.97 -122.51 -386.60
0.00 0.00 0.00 0.00 0.00 0.00 0.00 0.00 0.00 0.00 -35.04 -1.44 -0.01 -0.00 -0.00 0.00 -0.00 -0.00 -0.00 -2.74 -184.34 -34.99 -3.75 -1.62 -0.06 -0.00 -3.30 -2.25 -2.42 -53.30 -396.26 -139.34 -38.93 -29.42 -5.31 -0.31 -37.47 -35.36 -33.77 -190.96 -631.87 -306.76 -132.36 -120.87 -39.34 -7.76 -135.00 -131.97 -122.51 -386.60
0.00 0.00 0.00 0.00 0.00 0.00 0.00 0.00 0.00 0.00 -35.04 -1.44 -0.01 -0.00 -0.00 0.00 -0.00 -0.00 -0.00 -2.74 -184.34 -34.99 -3.75 -1.62 -0.06 -0.00 -3.30 -2.25 -2.42 -53.30 -396.26 -139.34 -38.93 -29.42 -5.31 -0.31 -37.47 -35.36 -33.77 -190.96 -631.87 -306.76 -132.36 -120.87 -39.34 -7.76 -135.00 -131.97 -122.51 -386.60
0.00 0.00 0.00 0.00 0.00 0.00 0.00 0.00 0.00 0.00 -35.04 -1.44 -0.01 -0.00 -0.00 0.00 -0.00 -0.00 -0.00 -2.74 -184.34 -34.99 -3.75 -1.62 -0.06 -0.00 -3.30 -2.25 -2.42 -53.30 -396.26 -139.34 -38.93 -29.42 -5.31 -0.31 -37.47 -35.36 -33.77 -190.96 -631.87 -306.76 -132.36 -120.87 -39.34 -7.76 -135.00 -131.97 -122.51 -386.60
0.00 0.00 0.00 0.00 0.00 0.00 0.00 0.00 0.00 0.00 -35.04 -1.44 -0.01 -0.00 -0.00 0.00 -0.00 -0.00 -0.00 -2.74 -184.34 -34.99 -3.75 -1.62 -0.06 -0.00 -3.30 -2.25 -2.42 -53.30 -396.26 -139.34 -38.93 -29.42 -5.31 -0.31 -37.47 -35.36 -33.77 -190.96 -631.87 -306.76 -132.36 -120.87 -39.34 -7.76 -135.00 -131.97 -122.51 -386.60
0.00 0.00 0.00 0.00 0.00 0.00 0.00 0.00 0.00 0.00 -35.04 -1.44 -0.01 -0.00 -0.00 0.00 -0.00 -0.00 -0.00 -2.74 -184.34 -34.99 -3.75 -1.62 -0.06 -0.00 -3.30 -2.25 -2.42 -53.30 -396.26 -139.34 -38.93 -29.42 -5.31 -0.31 -37.47 -35.36 -33.77 -190.96 -631.87 -306.76 -132.36 -120.87 -39.34 -7.76 -135.00 -131.97 -122.51 -386.60
0.00 0.00 0.00 0.00 0.00 0.00 0.00 0.00 0.00 0.00 -35.04 -1.44 -0.01 -0.00 -0.00 0.00 -0.00 -0.00 -0.00 -2.74 -184.34 -34.99 -3.75 -1.62 -0.06 -0.00 -3.30 -2.25 -2.42 -53.30 -396.26 -139.34 -38.93 -29.42 -5.31 -0.31 -37.47 -35.36 -33.77 -190.96 -631.87 -306.76 -132.36 -120.87 -39.34 -7.76 -135.00 -131.97 -122.51 -386.60
0.00 0.00 0.00 0.00 0.00 0.00 0.00 0.00 0.00 0.00 -35.04 -1.44 -0.01 -0.00 -0.00 0.00 -0.00 -0.00 -0.00 -2.74 -184.34 -34.99 -3.75 -1.62 -0.06 -0.00 -3.30 -2.25 -2.42 -53.30 -396.26 -139.34 -38.93 -29.42 -5.31 -0.31 -37.47 -35.36 -33.77 -190.96 -631.87 -306.76 -132.36 -120.87 -39.34 -7.76 -135.00 -131.97 -122.51 -386.60
0.00 0.00 0.00 0.00 0.00 0.00 0.00 0.00 0.00 0.00 -35.04 -1.44 -0.01 -0.00 -0.00 0.00 -0.00 -0.00 -0.00 -2.74 -184.34 -34.99 -3.75 -1.62 -0.06 -0.00 -3.30 -2.25 -2.42 -53.30 -396.26 -139.34 -38.93 -29.42 -5.31 -0.31 -37.47 -35.36 -33.77 -190.96 -631.87 -306.76 -132.36 -120.87 -39.34 -7.76 -135.00 -131.97 -122.51 -386.60
0.00 0.00 0.00 0.00 0.00 0.00 0.00 0.00 0.00 0.00 -35.04 -1.44 -0.01 -0.00 -0.00 0.00 -0.00 -0.00 -0.00 -2.74 -184.34 -34.99 -3.75 -1.62 -0.06 -0.00 -3.30 -2.25 -2.42 -53.30 -396.26 -139.34 -38.93 -29.42 -5.31 -0.31 -37.47 -35.36 -33.77 -190.96 -631.87 -306.76 -132.36 -120.87 -39.34 -7.76 -135.00 -131.97 -122.51 -386.60
0.00 0.00 0.00 0.00 0.00 0.00 0.00 0.00 0.00 0.00 -35.04 -1.44 -0.01 -0.00 -0.00 0.00 -0.00 -0.00 -0.00 -2.74 -184.34 -34.99 -3.75 -1.62 -0.06 -0.00 -3.30 -2.25 -2.42 -53.30 -396.26 -139.34 -38.93 -29.42 -5.31 -0.31 -37.47 -35.36 -33.77 -190.96 -631.87 -306.76 -132.36 -120.87 -39.34 -7.76 -135.00 -131.97 -122.51 -386.60
0.00 0.00 0.00 0.00 0.00 0.00 0.00 0.00 0.00 0.00 -35.04 -1.44 -0.01 -0.00 -0.00 0.00 -0.00 -0.00 -0.00 -2.74 -184.34 -34.99 -3.75 -1.62 -0.06 -0.00 -3.30 -2.25 -2.42 -53.30 -396.26 -139.34 -38.93 -29.42 -5.31 -0.31 -37.47 -35.36 -33.77 -190.96 -631.87 -306.76 -132.36 -120.87 -39.34 -7.76 -135.00 -131.97 -122.51 -386.60
0.00 0.00 0.00 0.00 0.00 0.00 0.00 0.00 0.00 0.00 -35.04 -1.44 -0.01 -0.00 -0.00 0.00 -0.00 -0.00 -0.00 -2.74 -184.34 -34.99 -3.75 -1.62 -0.06 -0.00 -3.30 -2.25 -2.42 -53.30 -396.26 -139.34 -38.93 -29.42 -5.31 -0.31 -37.47 -35.36 -33.77 -190.96 -631.87 -306.76 -132.36 -120.87 -39.34 -7.76 -135.00 -131.97 -122.51 -386.60
0.00 0.00 0.00 0.00 0.00 0.00 0.00 0.00 0.00 0.00 -35.04 -1.44 -0.01 -0.00 -0.00 0.00 -0.00 -0.00 -0.00 -2.74 -184.34 -34.99 -3.75 -1.62 -0.06 -0.00 -3.30 -2.25 -2.42 -53.30 -396.26 -139.34 -38.93 -29.42 -5.31 -0.31 -37.47 -35.36 -33.77 -190.96 -631.87 -306.76 -132.36 -120.87 -39.34 -7.76 -135.00 -131.97 -122.51 -386.60
0.00 0.00 0.00 0.00 0.00 0.00 0.00 0.00 0.00 0.00 -35.04 -1.44 -0.01 -0.00 -0.00 0.00 -0.00 -0.00 -0.00 -2.74 -184.34 -34.99 -3.75 -1.62 -0.06 -0.00 -3.30 -2.25 -2.42 -53.30 -396.26 -139.34 -38.93 -29.42 -5.31 -0.31 -37.47 -35.36 -33.77 -190.96 -631.87 -306.76 -132.36 -120.87 -39.34 -7.76 -135.00 -131.97 -122.51 -386.60
0.00 0.00 0.00 0.00 0.00 0.00 0.00 0.00 0.00 0.00 -35.04 -1.44 -0.01 -0.00 -0.00 0.00 -0.00 -0.00 -0.00 -2.74 -184.34 -34.99 -3.75 -1.62 -0.06 -0.00 -3.30 -2.25 -2.42 -53.30 -396.26 -139.34 -38.93 -29.42 -5.31 -0.31 -37.47 -35.36 -33.77 -190.96 -631.87 -306.76 -132.36 -120.87 -39.34 -7.76 -135.00 -131.97 -122.51 -386.60
0.00 0.00 0.00 0.00 0.00 0.00 0.00 0.00 0.00 0.00 -35.04 -1.44 -0.01 -0.00 -0.00 0.00 -0.00 -0.00 -0.00 -2.74 -184.34 -34.99 -3.75 -1.62 -0.06 -0.00 -3.30 -2.25 -2.42 -53.30 -396.26 -139.34 -38.93 -29.42 -5.31 -0.31 -37.47 -35.36 -33.77 -190.96 -631.87 -306.76 -132.36 -120.87 -39.34 -7.76 -135.00 -131.97 -122.51 -386.60
0.00 0.00 0.00 0.00 0.00 0.00 0.00 0.00 0.00 0.00 -35.04 -1.44 -0.01 -0.00 -0.00 0.00 -0.00 -0.00 -0.00 -2.74 -184.34 -34.99 -3.75 -1.62 -0.06 -0.00 -3.30 -2.25 -2.42 -53.30 -396.26 -139.34 -38.93 -29.42 -5.31 -0.31 -37.47 -35.36 -33.77 -190.96 -631.87 -306.76 -132.36 -120.87 -39.34 -7.76 -135.00 -131.97 -122.51 -386.60
0.00 0.00 0.00 0.00 0.00 0.00 0.00 0.00 0.00 0.00 -35.04 -1.44 -0.01 -0.00 -0.00 0.00 -0.00 -0.00 -0.00 -2.74 -184.34 -34.99 -3.75 -1.62 -0.06 -0.00 -3.30 -2.25 -2.42 -53.30 -396.26 -139.34 -38.93 -29.42 -5.31 -0.31 -37.47 -35.36 -33.77 -190.96 -631.87 -306.76 -132.36 -120.87 -39.34 -7.76 -135.00 -131.97 -122.51 -386.60
0.00 0.00 0.00 0.00 0.00 0.00 0.00 0.00 0.00 0.00 -35.04 -1.44 -0.01 -0.00 -0.00 0.00 -0.00 -0.00 -0.00 -2.74 -184.34 -34.99 -3.75 -1.62 -0.06 -0.00 -3.30 -2.25 -2.42 -53.30 -396.26 -139.34 -38.93 -29.42 -5.31 -0.31 -37.47 -35.36 -33.77 -190.96 -631.87 -306.76 -132.36 -120.87 -39.34 -7.76 -135.00 -131.97 -122.51 -386.60
0.00 0.00 0.00 0.00 0.00 0.00 0.00 0.00 0.00 0.00 -35.04 -1.44 -0.01 -0.00 -0.00 0.00 -0.00 -0.00 -0.00 -2.74 -184.34 -34.99 -3.75 -1.62 -0.06 -0.00 -3.30 -2.25 -2.42 -53.30 -396.26 -139.34 -38.93 -29.42 -5.31 -0.31 -37.47 -35.36 -33.77 -190.96 -631.87 -306.76 -132.36 -120.87 -39.34 -7.76 -135.00 -131.97 -122.51 -386.60
0.00 0.00 0.00 0.00 0.00 0.00 0.00 0.00 0.00 0.00 -35.04 -1.44 -0.01 -0.00 -0.00 0.00 -0.00 -0.00 -0.00 -2.74 -184.34 -34.99 -3.75 -1.62 -0.06 -0.00 -3.30 -2.25 -2.42 -53.30 -396.26 -139.34 -38.93 -29.42 -5.31 -0.31 -37.47 -35.36 -33.77 -190.96 -631.87 -306.76 -132.36 -120.87 -39.34 -7.76 -135.00 -131.97 -122.51 -386.60
0.00 0.00 0.00 0.00 0.00 0.00 0.00 0.00 0.00 0.00 -35.04 -1.44 -0.01 -0.00 -0.00 0.00 -0.00 -0.00 -0.00 -2.74 -184.34 -34.99 -3.75 -1.62 -0.06 -0.00 -3.30 -2.25 -2.42 -53.30 -396.26 -139.34 -38.93 -29.42 -5.31 -0.31 -37.47 -35.36 -33.77 -190.96 -631.87 -306.76 -132.36 -120.87 -39.34 -7.76 -135.00 -131.97 -122.51 -386.60
0.00 0.00 0.00 0.00 0.00 0.00 0.00 0.00 0.00 0.00 -35.04 -1.44 -0.01 -0.00 -0.00 0.00 -0.00 -0.00 -0.00 -2.74 -184.34 -34.99 -3.75 -1.62 -0.06 -0.00 -3.30 -2.25 -2.42 -53.30 -396.26 -139.34 -38.93 -29.42 -5.31 -0.31 -37.47 -35.36 -33.77 -190.96 -631.87 -306.76 -132.36 -120.87 -39.34 -7.76 -135.00 -131.97 -122.51 -386.60
0.00 0.00 0.00 0.00 0.00 0.00 0.00 0.00 0.00 0.00 -35.04 -1.44 -0.01 -0.00 -0.00 0.00 -0.00 -0.00 -0.00 -2.74 -184.34 -34.99 -3.75 -1.62 -0.06 -0.00 -3.30 -2.25 -2.42 -53.30 -396.26 -139.34 -38.93 -29.42 -5.31 -0.31 -37.47 -35.36 -33.77 -190.96 -631.87 -306.76 -132.36 -120.87 -39.34 -7.76 -135.00 -131.97 -122.51 -386.60
0.00 0.00 0.00 0.00 0.00 0.00 0.00 0.00 0.00 0.00 -35.04 -1.44 -0.01 -0.00 -0.00 0.00 -0.00 -0.00 -0.00 -2.74 -184.34 -34.99 -3.75 -1.62 -0.06 -0.00 -3.30 -2.25 -2.42 -53.30 -396.26 -139.34 -38.93 -29.42 -5.31 -0.31 -37.47 -35.36 -33.77 -190.96 -631.87 -306.76 -132.36 -120.87 -39.34 -7.76 -135.00 -131.97 -122.51 -386.60
0.00 0.00 0.00 0.00 0.00 0.00 0.00 0.00 0.00 0.00 -35.04 -1.44 -0.01 -0.00 -0.00 0.00 -0.00 -0.00 -0.00 -2.74 -184.34 -34.99 -3.75 -1.62 -0.06 -0.00 -3.30 -2.25 -2.42 -53.30 -396.26 -139.34 -38.93 -29.42 -5.31 -0.31 -37.47 -35.36 -33.77 -190.96 -631.87 -306.76 -132.36 -120.87 -39.34 -7.76 -135.00 -131.97 -122.51 -386.60
0.00 0.00 0.00 0.00 0.00 0.00 0.00 0.00 0.00 0.00 -35.04 -1.44 -0.01 -0.00 -0.00 0.00 -0.00 -0.00 -0.00 -2.74 -184.34 -34.99 -3.75 -1.62 -0.06 -0.00 -3.30 -2.25 -2.42 -53.30 -396.26 -139.34 -38.93 -29.42 -5.31 -0.31 -37.47 -35.36 -33.77 -190.96 -631.87 -306.76 -132.36 -120.87 -39.34 -7.76 -135.00 -131.97 -122.51 -386.60
0.00 0.00 0.00 0.00 0.00 0.00 0.00 0.00 0.00 0.00 -35.04 -1.44 -0.01 -0.00 -0.00 0.00 -0.00 -0.00 -0.00 -2.74 -184.34 -34.99 -3.75 -1.62 -0.06 -0.00 -3.30 -2.25 -2.42 -53.30 -396.26 -139.34 -38.93 -29.42 -5.31 -0.31 -37.47 -35.36 -33.77 -190.96 -631.87 -306.76 -132.36 -120.87 -39.34 -7.76 -135.00 -131.97 -122.51 -386.60
0.00 0.00 0.00 0.00 0.00 0.00 0.00 0.00 0.00 0.00 -35.04 -1.44 -0.01 -0.00 -0.00 0.00 -0.00 -0.00 -0.00 -2.74 -184.34 -34.99 -3.75 -1.62 -0.06 -0.00 -3.30 -2.25 -2.42 -53.30 -396.26 -139.34 -38.93 -29.42 -5.31 -0.31 -37.47 -35.36 -33.77 -190.96 -631.87 -306.76 -132.36 -120.87 -39.34 -7.76 -135.00 -131.97 -122.51 -386.60
0.00 0.00 0.00 0.00 0.00 0.00 0.00 0.00 0.00 0.00 -35.04 -1.44 -0.01 -0.00 -0.00 0.00 -0.00 -0.00 -0.00 -2.74 -184.34 -34.99 -3.75 -1.62 -0.06 -0.00 -3.30 -2.25 -2.42 -53.30 -396.26 -139.34 -38.93 -29.42 -5.31 -0.31 -37.47 -35.36 -33.77 -190.96 -631.87 -306.76 -132.36 -120.87 -39.34 -7.76 -135.00 -131.97 -122.51 -386.60
0.00 0.00 0.00 0.00 0.00 0.00 0.00 0.00 0.00 0.00 -35.04 -1.44 -0.01 -0.00 -0.00 0.00 -0.00 -0.00 -0.00 -2.74 -184.34 -34.99 -3.75 -1.62 -0.06 -0.00 -3.30 -2.25 -2.42 -53.30 -396.26 -139.34 -38.93 -29.42 -5.31 -0.31 -37.47 -35.36 -33.77 -190.96 -631.87 -306.76 -132.36 -120.87 -39.34 -7.76 -135.00 -131.97 -122.51 -386.60
0.00 0.00 0.00 0.00 0.00 0.00 0.00 0.00 0.00 0.00 -35.04 -1.44 -0.01 -0.00 -0.00 0.00 -0.00 -0.00 -0.00 -2.74 -184.34 -34.99 -3.75 -1.62 -0.06 -0.00 -3.30 -2.25 -2.42 -53.30 -396.26 -139.34 -38.93 -29.42 -5.31 -0.31 -37.47 -35.36 -33.77 -190.96 -631.87 -306.76 -132.36 -120.87 -39.34 -7.76 -135.00 -131.97 -122.51 -386.60
0.00 0.00 0.00 0.00 0.00 0.00 0.00 0.00 0.00 0.00 -35.04 -1.44 -0.01 -0.00 -0.00 0.00 -0.00 -0.00 -0.00 -2.74 -184.34 -34.99 -3.75 -1.62 -0.06 -0.00 -3.30 -2.25 -2.42 -53.30 -396.26 -139.34 -38.93 -29.42 -5.31 -0.31 -37.47 -35.36 -33.77 -190.96 -631.87 -306.76 -132.36 -120.87 -39.34 -7.76 -135.00 -131.97 -122.51 -386.60
0.00 0.00 0.00 0.00 0.00 0.00 0.00 0.00 0.00 0.00 -35.04 -1.44 -0.01 -0.00 -0.00 0.00 -0.00 -0.00 -0.00 -2.74 -184.34 -34.99 -3.75 -1.62 -0.06 -0.00 -3.30 -2.25 -2.42 -53.30 -396.26 -139.34 -38.93 -29.42 -5.31 -0.31 -37.47 -35.36 -33.77 -190.96 -631.87 -306.76 -132.36 -120.87 -39.34 -7.76 -135.00 -131.97 -122.51 -386.60
0.00 0.00 0.00 0.00 0.00 0.00 0.00 0.00 0.00 0.00 -35.04 -1.44 -0.01 -0.00 -0.00 0.00 -0.00 -0.00 -0.00 -2.74 -184.34 -34.99 -3.75 -1.62 -0.06 -0.00 -3.30 -2.25 -2.42 -53.30 -396.26 -139.34 -38.93 -29.42 -5.31 -0.31 -37.47 -35.36 -33.77 -190.96 -631.87 -306.76 -132.36 -120.87 -39.34 -7.76 -135.00 -131.97 -122.51 -386.60
0.00 0.00 0.00 0.00 0.00 0.00 0.00 0.00 0.00 0.00 -35.04 -1.44 -0.01 -0.00 -0.00 0.00 -0.00 -0.00 -0.00 -2.74 -184.34 -34.99 -3.75 -1.62 -0.06 -0.00 -3.30 -2.25 -2.42 -53.30 -396.26 -139.34 -38.93 -29.42 -5.31 -0.31 -37.47 -35.36 -33.77 -190.96 -631.87 -306.76 -132.36 -120.87 -39.34 -7.76 -135.00 -131.97 -122.51 -386.60
0.00 0.00 0.00 0.00 0.00 0.00 0.00 0.00 0.00 0.00 -35.04 -1.44 -0.01 -0.00 -0.00 0.00 -0.00 -0.00 -0.00 -2.74 -184.34 -34.99 -3.75 -1.62 -0.06 -0.00 -3.30 -2.25 -2.42 -53.30 -396.26 -139.34 -38.93 -29.42 -5.31 -0.31 -37.47 -35.36 -33.77 -190.96 -631.87 -306.76 -132.36 -120.87 -39.34 -7.76 -135.00 -131.97 -122.51 -386.60
0.00 0.00 0.00 0.00 0.00 0.00 0.00 0.00 0.00 0.00 -35.04 -1.44 -0.01 -0.00 -0.00 0.00 -0.00 -0.00 -0.00 -2.74 -184.34 -34.99 -3.75 -1.62 -0.06 -0.00 -3.30 -2.25 -2.42 -53.30 -396.26 -139.34 -38.93 -29.42 -5.31 -0.31 -37.47 -35.36 -33.77 -190.96 -631.87 -306.76 -132.36 -120.87 -39.34 -7.76 -135.00 -131.97 -122.51 -386.60
0.00 0.00 0.00 0.00 0.00 0.00 0.00 0.00 0.00 0.00 -35.04 -1.44 -0.01 -0.00 -0.00 0.00 -0.00 -0.00 -0.00 -2.74 -184.34 -34.99 -3.75 -1.62 -0.06 -0.00 -3.30 -2.25 -2.42 -53.30 -396.26 -139.34 -38.93 -29.42 -5.31 -0.31 -37.47 -35.36 -33.77 -190.96 -631.87 -306.76 -132.36 -120.87 -39.34 -7.76 -135.00 -131.97 -122.51 -386.60
0.00 0.00 0.00 0.00 0.00 0.00 0.00 0.00 0.00 0.00 -35.04 -1.44 -0.01 -0.00 -0.00 0.00 -0.00 -0.00 -0.00 -2.74 -184.34 -34.99 -3.75 -1.62 -0.06 -0.00 -3.30 -2.25 -2.42 -53.30 -396.26 -139.34 -38.93 -29.42 -5.31 -0.31 -37.47 -35.36 -33.77 -190.96 -631.87 -306.76 -132.36 -120.87 -39.34 -7.76 -135.00 -131.97 -122.51 -386.60
0.00 0.00 0.00 0.00 0.00 0.00 0.00 0.00 0.00 0.00 -35.04 -1.44 -0.01 -0.00 -0.00 0.00 -0.00 -0.00 -0.00 -2.74 -184.34 -34.99 -3.75 -1.62 -0.06 -0.00 -3.30 -2.25 -2.42 -53.30 -396.26 -139.34 -38.93 -29.42 -5.31 -0.31 -37.47 -35.36 -33.77 -190.96 -631.87 -306.76 -132.36 -120.87 -39.34 -7.76 -135.00 -131.97 -122.51 -386.60
0.00 0.00 0.00 0.00 0.00 0.00 0.00 0.00 0.00 0.00 -35.04 -1.44 -0.01 -0.00 -0.00 0.00 -0.00 -0.00 -0.00 -2.74 -184.34 -34.99 -3.75 -1.62 -0.06 -0.00 -3.30 -2.25 -2.42 -53.30 -396.26 -139.34 -38.93 -29.42 -5.31 -0.31 -37.47 -35.36 -33.77 -190.96 -631.87 -306.76 -132.36 -120.87 -39.34 -7.76 -135.00 -131.97 -122.51 -386.60
0.00 0.00 0.00 0.00 0.00 0.00 0.00 0.00 0.00 0.00 -35.04 -1.44 -0.01 -0.00 -0.00 0.00 -0.00 -0.00 -0.00 -2.74 -184.34 -34.99 -3.75 -1.62 -0.06 -0.00 -3.30 -2.25 -2.42 -53.30 -396.26 -139.34 -38.93 -29.42 -5.31 -0.31 -37.47 -35.36 -33.77 -190.96 -631.87 -306.76 -132.36 -120.87 -39.34 -7.76 -135.00 -131.97 -122.51 -386.60
0.00 0.00 0.00 0.00 0.00 0.00 0.00 0.00 0.00 0.00 -35.04 -1.44 -0.01 -0.00 -0.00 0.00 -0.00 -0.00 -0.00 -2.74 -184.34 -34.99 -3.75 -1.62 -0.06 -0.00 -3.30 -2.25 -2.42 -53.30 -396.26 -139.34 -38.93 -29.42 -5.31 -0.31 -37.47 -35.36 -33.77 -190.96 -631.87 -306.76 -132.36 -120.87 -39.34 -7.76 -135.00 -131.97 -122.51 -386.60
0.00 0.00 0.00 0.00 0.00 0.00 0.00 0.00 0.00 0.00 -35.04 -1.44 -0.01 -0.00 -0.00 0.00 -0.00 -0.00 -0.00 -2.74 -184.34 -34.99 -3.75 -1.62 -0.06 -0.00 -3.30 -2.25 -2.42 -53.30 -396.26 -139.34 -38.93 -29.42 -5.31 -0.31 -37.47 -35.36 -33.77 -190.96 -631.87 -306.76 -132.36 -120.87 -39.34 -7.76 -135.00 -131.97 -122.51 -386.60
0.00 0.00 0.00 0.00 0.00 0.00 0.00 0.00 0.00 0.00 -35.04 -1.44 -0.01 -0.00 -0.00 0.00 -0.00 -0.00 -0.00 -2.74 -184.34 -34.99 -3.75 -1.62 -0.06 -0.00 -3.30 -2.25 -2.42 -53.30 -396.26 -139.34 -38.93 -29.42 -5.31 -0.31 -37.47 -35.36 -33.77 -190.96 -631.87 -306.76 -132.36 -120.87 -39.34 -7.76 -135.00 -131.97 -122.51 -386.60
0.00 0.00 0.00 0.00 0.00 0.00 0.00 0.00 0.00 0.00 -35.04 -1.44 -0.01 -0.00 -0.00 0.00 -0.00 -0.00 -0.00 -2.74 -184.34 -34.99 -3.75 -1.62 -0.06 -0.00 -3.30 -2.25 -2.42 -53.30 -396.26 -139.34 -38.93 -29.42 -5.31 -0.31 -37.47 -35.36 -33.77 -190.96 -631.87 -306.76 -132.36 -120.87 -39.34 -7.76 -135.00 -131.97 -122.51 -386.60
0.00 0.00 0.00 0.00 0.00 0.00 0.00 0.00 0.00 0.00 -35.04 -1.44 -0.01 -0.00 -0.00 0.00 -0.00 -0.00 -0.00 -2.74 -184.34 -34.99 -3.75 -1.62 -0.06 -0.00 -3.30 -2.25 -2.42 -53.30 -396.26 -139.34 -38.93 -29.42 -5.31 -0.31 -37.47 -35.36 -33.77 -190.96 -631.87 -306.76 -132.36 -120.87 -39.34 -7.76 -135.00 -131.97 -122.51 -386.60
0.00 0.00 0.00 0.00 0.00 0.00 0.00 0.00 0.00 0.00 -35.04 -1.44 -0.01 -0.00 -0.00 0.00 -0.00 -0.00 -0.00 -2.74 -184.34 -34.99 -3.75 -1.62 -0.06 -0.00 -3.30 -2.25 -2.42 -53.30 -396.26 -139.34 -38.93 -29.42 -5.31 -0.31 -37.47 -35.36 -33.77 -190.96 -631.87 -306.76 -132.36 -120.87 -39.34 -7.76 -135.00 -131.97 -122.51 -386.60
0.00 0.00 0.00 0.00 0.00 0.00 0.00 0.00 0.00 0.00 -35.04 -1.44 -0.01 -0.00 -0.00 0.00 -0.00 -0.00 -0.00 -2.74 -184.34 -34.99 -3.75 -1.62 -0.06 -0.00 -3.30 -2.25 -2.42 -53.30 -396.26 -139.34 -38.93 -29.42 -5.31 -0.31 -37.47 -35.36 -33.77 -190.96 -631.87 -306.76 -132.36 -120.87 -39.34 -7.76 -135.00 -131.97 -122.51 -386.60
0.00 0.00 0.00 0.00 0.00 0.00 0.00 0.00 0.00 0.00 -35.04 -1.44 -0.01 -0.00 -0.00 0.00 -0.00 -0.00 -0.00 -2.74 -184.34 -34.99 -3.75 -1.62 -0.06 -0.00 -3.30 -2.25 -2.42 -53.30 -396.26 -139.34 -38.93 -29.42 -5.31 -0.31 -37.47 -35.36 -33.77 -190.96 -631.87 -306.76 -132.36 -120.87 -39.34 -7.76 -135.00 -131.97 -122.51 -386.60
0.00 0.00 0.00 0.00 0.00 0.00 0.00 0.00 0.00 0.00 -35.04 -1.44 -0.01 -0.00 -0.00 0.00 -0.00 -0.00 -0.00 -2.74 -184.34 -34.99 -3.75 -1.62 -0.06 -0.00 -3.30 -2.25 -2.42 -53.30 -396.26 -139.34 -38.93 -29.42 -5.31 -0.31 -37.47 -35.36 -33.77 -190.96 -631.87 -306.76 -132.36 -120.87 -39.34 -7.76 -135.00 -131.97 -122.51 -386.60
0.00 0.00 0.00 0.00 0.00 0.00 0.00 0.00 0.00 0.00 -35.04 -1.44 -0.01 -0.00 -0.00 0.00 -0.00 -0.00 -0.00 -2.74 -184.34 -34.99 -3.75 -1.62 -0.06 -0.00 -3.30 -2.25 -2.42 -53.30 -396.26 -139.34 -38.93 -29.42 -5.31 -0.31 -37.47 -35.36 -33.77 -190.96 -631.87 -306.76 -132.36 -120.87 -39.34 -7.76 -135.00 -131.97 -122.51 -386.60
0.00 0.00 0.00 0.00 0.00 0.00 0.00 0.00 0.00 0.00 -35.04 -1.44 -0.01 -0.00 -0.00 0.00 -0.00 -0.00 -0.00 -2.74 -184.34 -34.99 -3.75 -1.62 -0.06 -0.00 -3.30 -2.25 -2.42 -53.30 -396.26 -139.34 -38.93 -29.42 -5.31 -0.31 -37.47 -35.36 -33.77 -190.96 -631.87 -306.76 -132.36 -120.87 -39.34 -7.76 -135.00 -131.97 -122.51 -386.60
0.00 0.00 0.00 0.00 0.00 0.00 0.00 0.00 0.00 0.00 -35.04 -1.44 -0.01 -0.00 -0.00 0.00 -0.00 -0.00 -0.00 -2.74 -184.34 -34.99 -3.75 -1.62 -0.06 -0.00 -3.30 -2.25 -2.42 -53.30 -396.26 -139.34 -38.93 -29.42 -5.31 -0.31 -37.47 -35.36 -33.77 -190.96 -631.87 -306.76 -132.36 -120.87 -39.34 -7.76 -135.00 -131.97 -122.51 -386.60
0.00 0.00 0.00 0.00 0.00 0.00 0.00 0.00 0.00 0.00 -35.04 -1.44 -0.01 -0.00 -0.00 0.00 -0.00 -0.00 -0.00 -2.74 -184.34 -34.99 -3.75 -1.62 -0.06 -0.00 -3.30 -2.25 -2.42 -53.30 -396.26 -139.34 -38.93 -29.42 -5.31 -0.31 -37.47 -35.36 -33.77 -190.96 -631.87 -306.76 -132.36 -120.87 -39.34 -7.76 -135.00 -131.97 -122.51 -386.60
0.00 0.00 0.00 0.00 0.00 0.00 0.00 0.00 0.00 0.00 -35.04 -1.44 -0.01 -0.00 -0.00 0.00 -0.00 -0.00 -0.00 -2.74 -184.34 -34.99 -3.75 -1.62 -0.06 -0.00 -3.30 -2.25 -2.42 -53.30 -396.26 -139.34 -38.93 -29.42 -5.31 -0.31 -37.47 -35.36 -33.77 -190.96 -631.87 -306.76 -132.36 -120.87 -39.34 -7.76 -135.00 -131.97 -122.51 -386.60
0.00 0.00 0.00 0.00 0.00 0.00 0.00 0.00 0.00 0.00 -35.04 -1.44 -0.01 -0.00 -0.00 0.00 -0.00 -0.00 -0.00 -2.74 -184.34 -34.99 -3.75 -1.62 -0.06 -0.00 -3.30 -2.25 -2.42 -53.30 -396.26 -139.34 -38.93 -29.42 -5.31 -0.31 -37.47 -35.36 -33.77 -190.96 -631.87 -306.76 -132.36 -120.87 -39.34 -7.76 -135.00 -131.97 -122.51 -386.60
0.00 0.00 0.00 0.00 0.00 0.00 0.00 0.00 0.00 0.00 -35.04 -1.44 -0.01 -0.00 -0.00 0.00 -0.00 -0.00 -0.00 -2.74 -184.34 -34.99 -3.75 -1.62 -0.06 -0.00 -3.30 -2.25 -2.42 -53.30 -396.26 -139.34 -38.93 -29.42 -5.31 -0.31 -37.47 -35.36 -33.77 -190.96 -631.87 -306.76 -132.36 -120.87 -39.34 -7.76 -135.00 -131.97 -122.51 -386.60
0.00 0.00 0.00 0.00 0.00 0.00 0.00 0.00 0.00 0.00 -35.04 -1.44 -0.01 -0.00 -0.00 0.00 -0.00 -0.00 -0.00 -2.74 -184.34 -34.99 -3.75 -1.62 -0.06 -0.00 -3.30 -2.25 -2.42 -53.30 -396.26 -139.34 -38.93 -29.42 -5.31 -0.31 -37.47 -35.36 -33.77 -190.96 -631.87 -306.76 -132.36 -120.87 -39.34 -7.76 -135.00 -131.97 -122.51 -386.60
0.00 0.00 0.00 0.00 0.00 0.00 0.00 0.00 0.00 0.00 -35.04 -1.44 -0.01 -0.00 -0.00 0.00 -0.00 -0.00 -0.00 -2.74 -184.34 -34.99 -3.75 -1.62 -0.06 -0.00 -3.30 -2.25 -2.42 -53.30 -396.26 -139.34 -38.93 -29.42 -5.31 -0.31 -37.47 -35.36 -33.77 -190.96 -631.87 -306.76 -132.36 -120.87 -39.34 -7.76 -135.00 -131.97 -122.51 -386.60
0.00 0.00 0.00 0.00 0.00 0.00 0.00 0.00 0.00 0.00 -35.04 -1.44 -0.01 -0.00 -0.00 0.00 -0.00 -0.00 -0.00 -2.74 -184.34 -34.99 -3.75 -1.62 -0.06 -0.00 -3.30 -2.25 -2.42 -53.30 -396.26 -139.34 -38.93 -29.42 -5.31 -0.31 -37.47 -35.36 -33.77 -190.96 -631.87 -306.76 -132.36 -120.87 -39.34 -7.76 -135.00 -131.97 -122.51 -386.60
0.00 0.00 0.00 0.00 0.00 0.00 0.00 0.00 0.00 0.00 -35.04 -1.44 -0.01 -0.00 -0.00 0.00 -0.00 -0.00 -0.00 -2.74 -184.34 -34.99 -3.75 -1.62 -0.06 -0.00 -3.30 -2.25 -2.42 -53.30 -396.26 -139.34 -38.93 -29.42 -5.31 -0.31 -37.47 -35.36 -33.77 -190.96 -631.87 -306.76 -132.36 -120.87 -39.34 -7.76 -135.00 -131.97 -122.51 -386.60
0.00 0.00 0.00 0.00 0.00 0.00 0.00 0.00 0.00 0.00 -35.04 -1.44 -0.01 -0.00 -0.00 0.00 -0.00 -0.00 -0.00 -2.74 -184.34 -34.99 -3.75 -1.62 -0.06 -0.00 -3.30 -2.25 -2.42 -53.30 -396.26 -139.34 -38.93 -29.42 -5.31 -0.31 -37.47 -35.36 -33.77 -190.96 -631.87 -306.76 -132.36 -120.87 -39.34 -7.76 -135.00 -131.97 -122.51 -386.60
0.00 0.00 0.00 0.00 0.00 0.00 0.00 0.00 0.00 0.00 -35.04 -1.44 -0.01 -0.00 -0.00 0.00 -0.00 -0.00 -0.00 -2.74 -184.34 -34.99 -3.75 -1.62 -0.06 -0.00 -3.30 -2.25 -2.42 -53.30 -396.26 -139.34 -38.93 -29.42 -5.31 -0.31 -37.47 -35.36 -33.77 -190.96 -631.87 -306.76 -132.36 -120.87 -39.34 -7.76 -135.00 -131.97 -122.51 -386.60
0.00 0.00 0.00 0.00 0.00 0.00 0.00 0.00 0.00 0.00 -35.04 -1.44 -0.01 -0.00 -0.00 0.00 -0.00 -0.00 -0.00 -2.74 -184.34 -34.99 -3.75 -1.62 -0.06 -0.00 -3.30 -2.25 -2.42 -53.30 -396.26 -139.34 -38.93 -29.42 -5.31 -0.31 -37.47 -35.36 -33.77 -190.96 -631.87 -306.76 -132.36 -120.87 -39.34 -7.76 -135.00 -131.97 -122.51 -386.60
0.00 0.00 0.00 0.00 0.00 0.00 0.00 0.00 0.00 0.00 -35.04 -1.44 -0.01 -0.00 -0.00 0.00 -0.00 -0.00 -0.00 -2.74 -184.34 -34.99 -3.75 -1.62 -0.06 -0.00 -3.30 -2.25 -2.42 -53.30 -396.26 -139.34 -38.93 -29.42 -5.31 -0.31 -37.47 -35.36 -33.77 -190.96 -631.87 -306.76 -132.36 -120.87 -39.34 -7.76 -135.00 -131.97 -122.51 -386.60
0.00 0.00 0.00 0.00 0.00 0.00 0.00 0.00 0.00 0.00 -35.04 -1.44 -0.01 -0.00 -0.00 0.00 -0.00 -0.00 -0.00 -2.74 -184.34 -34.99 -3.75 -1.62 -0.06 -0.00 -3.30 -2.25 -2.42 -53.30 -396.26 -139.34 -38.93 -29.42 -5.31 -0.31 -37.47 -35.36 -33.77 -190.96 -631.87 -306.76 -132.36 -120.87 -39.34 -7.76 -135.00 -131.97 -122.51 -386.60
0.00 0.00 0.00 0.00 0.00 0.00 0.00 0.00 0.00 0.00 -35.04 -1.44 -0.01 -0.00 -0.00 0.00 -0.00 -0.00 -0.00 -2.74 -184.34 -34.99 -3.75 -1.62 -0.06 -0.00 -3.30 -2.25 -2.42 -53.30 -396.26 -139.34 -38.93 -29.42 -5.31 -0.31 -37.47 -35.36 -33.77 -190.96 -631.87 -306.76 -132.36 -120.87 -39.34 -7.76 -135.00 -131.97 -122.51 -386.60
0.00 0.00 0.00 0.00 0.00 0.00 0.00 0.00 0.00 0.00 -35.04 -1.44 -0.01 -0.00 -0.00 0.00 -0.00 -0.00 -0.00 -2.74 -184.34 -34.99 -3.75 -1.62 -0.06 -0.00 -3.30 -2.25 -2.42 -53.30 -396.26 -139.34 -38.93 -29.42 -5.31 -0.31 -37.47 -35.36 -33.77 -190.96 -631.87 -306.76 -132.36 -120.87 -39.34 -7.76 -135.00 -131.97 -122.51 -386.60
0.00 0.00 0.00 0.00 0.00 0.00 0.00 0.00 0.00 0.00 -35.04 -1.44 -0.01 -0.00 -0.00 0.00 -0.00 -0.00 -0.00 -2.74 -184.34 -34.99 -3.75 -1.62 -0.06 -0.00 -3.30 -2.25 -2.42 -53.30 -396.26 -139.34 -38.93 -29.42 -5.31 -0.31 -37.47 -35.36 -33.77 -190.96 -631.87 -306.76 -132.36 -120.87 -39.34 -7.76 -135.00 -131.97 -122.51 -386.60
0.00 0.00 0.00 0.00 0.00 0.00 0.00 0.00 0.00 0.00 -35.04 -1.44 -0.01 -0.00 -0.00 0.00 -0.00 -0.00 -0.00 -2.74 -184.34 -34.99 -3.75 -1.62 -0.06 -0.00 -3.30 -2.25 -2.42 -53.30 -396.26 -139.34 -38.93 -29.42 -5.31 -0.31 -37.47 -35.36 -33.77 -190.96 -631.87 -306.76 -132.36 -120.87 -39.34 -7.76 -135.00 -131.97 -122.51 -386.60
0.00 0.00 0.00 0.00 0.00 0.00 0.00 0.00 0.00 0.00 -35.04 -1.44 -0.01 -0.00 -0.00 0.00 -0.00 -0.00 -0.00 -2.74 -184.34 -34.99 -3.75 -1.62 -0.06 -0.00 -3.30 -2.25 -2.42 -53.30 -396.26 -139.34 -38.93 -29.42 -5.31 -0.31 -37.47 -35.36 -33.77 -190.96 -631.87 -306.76 -132.36 -120.87 -39.34 -7.76 -135.00 -131.97 -122.51 -386.60
0.00 0.00 0.00 0.00 0.00 0.00 0.00 0.00 0.00 0.00 -35.04 -1.44 -0.01 -0.00 -0.00 0.00 -0.00 -0.00 -0.00 -2.74 -184.34 -34.99 -3.75 -1.62 -0.06 -0.00 -3.30 -2.25 -2.42 -53.30 -396.26 -139.34 -38.93 -29.42 -5.31 -0.31 -37.47 -35.36 -33.77 -190.96 -631.87 -306.76 -132.36 -120.87 -39.34 -7.76 -135.00 -131.97 -122.51 -386.60
0.00 0.00 0.00 0.00 0.00 0.00 0.00 0.00 0.00 0.00 -35.04 -1.44 -0.01 -0.00 -0.00 0.00 -0.00 -0.00 -0.00 -2.74 -184.34 -34.99 -3.75 -1.62 -0.06 -0.00 -3.30 -2.25 -2.42 -53.30 -396.26 -139.34 -38.93 -29.42 -5.31 -0.31 -37.47 -35.36 -33.77 -190.96 -631.87 -306.76 -132.36 -120.87 -39.34 -7.76 -135.00 -131.97 -122.51 -386.60
0.00 0.00 0.00 0.00 0.00 0.00 0.00 0.00 0.00 0.00 -35.04 -1.44 -0.01 -0.00 -0.00 0.00 -0.00 -0.00 -0.00 -2.74 -184.34 -34.99 -3.75 -1.62 -0.06 -0.00 -3.30 -2.25 -2.42 -53.30 -396.26 -139.34 -38.93 -29.42 -5.31 -0.31 -37.47 -35.36 -33.77 -190.96 -631.87 -306.76 -132.36 -120.87 -39.34 -7.76 -135.00 -131.97 -122.51 -386.60
0.00 0.00 0.00 0.00 0.00 0.00 0.00 0.00 0.00 0.00 -35.04 -1.44 -0.01 -0.00 -0.00 0.00 -0.00 -0.00 -0.00 -2.74 -184.34 -34.99 -3.75 -1.62 -0.06 -0.00 -3.30 -2.25 -2.42 -53.30 -396.26 -139.34 -38.93 -29.42 -5.31 -0.31 -37.47 -35.36 -33.77 -190.96 -631.87 -306.76 -132.36 -120.87 -39.34 -7.76 -135.00 -131.97 -122.51 -386.60
0.00 0.00 0.00 0.00 0.00 0.00 0.00 0.00 0.00 0.00 -35.04 -1.44 -0.01 -0.00 -0.00 0.00 -0.00 -0.00 -0.00 -2.74 -184.34 -34.99 -3.75 -1.62 -0.06 -0.00 -3.30 -2.25 -2.42 -53.30 -396.26 -139.34 -38.93 -29.42 -5.31 -0.31 -37.47 -35.36 -33.77 -190.96 -631.87 -306.76 -132.36 -120.87 -39.34 -7.76 -135.00 -131.97 -122.51 -386.60
0.00 0.00 0.00 0.00 0.00 0.00 0.00 0.00 0.00 0.00 -35.04 -1.44 -0.01 -0.00 -0.00 0.00 -0.00 -0.00 -0.00 -2.74 -184.34 -34.99 -3.75 -1.62 -0.06 -0.00 -3.30 -2.25 -2.42 -53.30 -396.26 -139.34 -38.93 -29.42 -5.31 -0.31 -37.47 -35.36 -33.77 -190.96 -631.87 -306.76 -132.36 -120.87 -39.34 -7.76 -135.00 -131.97 -122.51 -386.60
0.00 0.00 0.00 0.00 0.00 0.00 0.00 0.00 0.00 0.00 -35.04 -1.44 -0.01 -0.00 -0.00 0.00 -0.00 -0.00 -0.00 -2.74 -184.34 -34.99 -3.75 -1.62 -0.06 -0.00 -3.30 -2.25 -2.42 -53.30 -396.26 -139.34 -38.93 -29.42 -5.31 -0.31 -37.47 -35.36 -33.77 -190.96 -631.87 -306.76 -132.36 -120.87 -39.34 -7.76 -135.00 -131.97 -122.51 -386.60
0.00 0.00 0.00 0.00 0.00 0.00 0.00 0.00 0.00 0.00 -35.04 -1.44 -0.01 -0.00 -0.00 0.00 -0.00 -0.00 -0.00 -2.74 -184.34 -34.99 -3.75 -1.62 -0.06 -0.00 -3.30 -2.25 -2.42 -53.30 -396.26 -139.34 -38.93 -29.42 -5.31 -0.31 -37.47 -35.36 -33.77 -190.96 -631.87 -306.76 -132.36 -120.87 -39.34 -7.76 -135.00 -131.97 -122.51 -386.60
