0.00 0.00 0.00 0.00 0.00 0.00 0.00 0.00 0.00 0.00 -51.31 -3.90 -0.21 -0.01 -0.00 0.00 -0.03 -0.00 -0.12 -18.15 -241.40 -69.84 -22.92 -11.64 -1.12 -0.04 -12.71 -5.64 -22.69 -108.49 -491.80 -232.13 -115.81 -95.87 -29.21 -5.60 -95.99 -65.23 -123.68 -275.16 -759.68 -457.35 -284.45 -265.40 -127.76 -48.16 -268.92 -212.31 -300.77 -502.65
0.00 0.00 0.00 0.00 0.00 0.00 0.00 0.00 0.00 0.00 -51.31 -3.90 -0.21 -0.01 -0.00 0.00 -0.03 -0.00 -0.12 -18.15 -241.40 -69.84 -22.92 -11.64 -1.12 -0.04 -12.71 -5.64 -22.69 -108.49 -491.80 -232.13 -115.81 -95.87 -29.21 -5.60 -95.99 -65.23 -123.68 -275.16 -759.68 -457.35 -284.45 -265.40 -127.76 -48.16 -268.92 -212.31 -300.77 -502.65
0.00 0.00 0.00 0.00 0.00 0.00 0.00 0.00 0.00 0.00 -47.34 -3.18 -0.01 -0.00 -0.00 -0.00 -0.01 -0.00 -0.01 -4.22 -228.06 -62.64 -7.20 -4.13 -0.33 -0.00 -7.89 -11.67 -7.34 -79.12 -470.56 -215.74 -62.12 -54.00 -14.74 -2.00 -73.95 -95.36 -69.66 -254.94 -734.20 -431.67 -187.80 -185.66 -85.23 -28.15 -223.33 -263.49 -212.08 -487.92
0.00 0.00 0.00 0.00 0.00 0.00 0.00 0.00 0.00 0.00 -47.34 -3.18 -0.01 -0.00 -0.00 -0.00 -0.01 -0.00 -0.01 -4.22 -228.06 -62.64 -7.20 -4.13 -0.33 -0.00 -7.89 -11.67 -7.34 -79.12 -470.56 -215.74 -62.12 -54.00 -14.74 -2.00 -73.95 -95.36 -69.66 -254.94 -734.20 -431.67 -187.80 -185.66 -85.23 -28.15 -223.33 -263.49 -212.08 -487.92
0.00 0.00 0.00 0.00 0.00 0.00 0.00 0.00 0.00 0.00 -37.49 -1.75 -0.01 -0.00 -0.00 0.00 -0.00 -0.00 -0.00 -3.20 -192.49 -39.68 -5.09 -2.98 -0.07 -0.00 -4.97 -4.16 -2.62 -60.04 -408.46 -152.84 -47.50 -40.16 -6.74 -0.64 -54.87 -50.75 -40.51 -206.81 -646.28 -329.32 -152.01 -144.95 -47.55 -11.73 -178.98 -168.29 -146.21 -409.26
0.00 0.00 0.00 0.00 0.00 0.00 0.00 0.00 0.00 0.00 -37.49 -1.75 -0.01 -0.00 -0.00 0.00 -0.00 -0.00 -0.00 -3.20 -192.49 -39.68 -5.09 -2.98 -0.07 -0.00 -4.97 -4.16 -2.62 -60.04 -408.46 -152.84 -47.50 -40.16 -6.74 -0.64 -54.87 -50.75 -40.51 -206.81 -646.28 -329.32 -152.01 -144.95 -47.55 -11.73 -178.98 -168.29 -146.21 -409.26
0.00 0.00 0.00 0.00 0.00 0.00 0.00 0.00 0.00 0.00 -37.49 -1.75 -0.01 -0.00 -0.00 0.00 -0.00 -0.00 -0.00 -3.20 -192.49 -39.68 -5.09 -2.98 -0.07 -0.00 -4.97 -4.16 -2.62 -60.04 -408.46 -152.84 -47.50 -40.16 -6.74 -0.64 -54.87 -50.75 -40.51 -206.81 -646.28 -329.32 -152.01 -144.95 -47.55 -11.73 -178.98 -168.29 -146.21 -409.26
0.00 0.00 0.00 0.00 0.00 0.00 0.00 0.00 0.00 0.00 -37.49 -1.75 -0.01 -0.00 -0.00 0.00 -0.00 -0.00 -0.00 -3.20 -192.49 -39.68 -5.09 -2.98 -0.07 -0.00 -4.97 -4.16 -2.62 -60.04 -408.46 -152.84 -47.50 -40.16 -6.74 -0.64 -54.87 -50.75 -40.51 -206.81 -646.28 -329.32 -152.01 -144.95 -47.55 -11.73 -178.98 -168.29 -146.21 -409.26
0.00 0.00 0.00 0.00 0.00 0.00 0.00 0.00 0.00 0.00 -37.49 -1.75 -0.01 -0.00 -0.00 0.00 -0.00 -0.00 -0.00 -3.20 -192.49 -39.68 -5.09 -2.98 -0.07 -0.00 -4.97 -4.16 -2.62 -60.04 -408.46 -152.84 -47.50 -40.16 -6.74 -0.64 -54.87 -50.75 -40.51 -206.81 -646.28 -329.32 -152.01 -144.95 -47.55 -11.73 -178.98 -168.29 -146.21 -409.26
0.00 0.00 0.00 0.00 0.00 0.00 0.00 0.00 0.00 0.00 -37.49 -1.75 -0.01 -0.00 -0.00 0.00 -0.00 -0.00 -0.00 -3.20 -192.49 -39.68 -5.09 -2.98 -0.07 -0.00 -4.97 -4.16 -2.62 -60.04 -408.46 -152.84 -47.50 -40.16 -6.74 -0.64 -54.87 -50.75 -40.51 -206.81 -646.28 -329.32 -152.01 -144.95 -47.55 -11.73 -178.98 -168.29 -146.21 -409.26
0.00 0.00 0.00 0.00 0.00 0.00 0.00 0.00 0.00 0.00 -37.49 -1.75 -0.01 -0.00 -0.00 0.00 -0.00 -0.00 -0.00 -3.20 -192.49 -39.68 -5.09 -2.98 -0.07 -0.00 -4.97 -4.16 -2.62 -60.04 -408.46 -152.84 -47.50 -40.16 -6.74 -0.64 -54.87 -50.75 -40.51 -206.81 -646.28 -329.32 -152.01 -144.95 -47.55 -11.73 -178.98 -168.29 -146.21 -409.26
0.00 0.00 0.00 0.00 0.00 0.00 0.00 0.00 0.00 0.00 -37.49 -1.75 -0.01 -0.00 -0.00 0.00 -0.00 -0.00 -0.00 -3.20 -192.49 -39.68 -5.09 -2.98 -0.07 -0.00 -4.97 -4.16 -2.62 -60.04 -408.46 -152.84 -47.50 -40.16 -6.74 -0.64 -54.87 -50.75 -40.51 -206.81 -646.28 -329.32 -152.01 -144.95 -47.55 -11.73 -178.98 -168.29 -146.21 -409.26
0.00 0.00 0.00 0.00 0.00 0.00 0.00 0.00 0.00 0.00 -37.49 -1.75 -0.01 -0.00 -0.00 0.00 -0.00 -0.00 -0.00 -3.20 -192.49 -39.68 -5.09 -2.98 -0.07 -0.00 -4.97 -4.16 -2.62 -60.04 -408.46 -152.84 -47.50 -40.16 -6.74 -0.64 -54.87 -50.75 -40.51 -206.81 -646.28 -329.32 -152.01 -144.95 -47.55 -11.73 -178.98 -168.29 -146.21 -409.26
0.00 0.00 0.00 0.00 0.00 0.00 0.00 0.00 0.00 0.00 -37.49 -1.75 -0.01 -0.00 -0.00 0.00 -0.00 -0.00 -0.00 -3.20 -192.49 -39.68 -5.09 -2.98 -0.07 -0.00 -4.97 -4.16 -2.62 -60.04 -408.46 -152.84 -47.50 -40.16 -6.74 -0.64 -54.87 -50.75 -40.51 -206.81 -646.28 -329.32 -152.01 -144.95 -47.55 -11.73 -178.98 -168.29 -146.21 -409.26
0.00 0.00 0.00 0.00 0.00 0.00 0.00 0.00 0.00 0.00 -37.49 -1.75 -0.01 -0.00 -0.00 0.00 -0.00 -0.00 -0.00 -3.20 -192.49 -39.68 -5.09 -2.98 -0.07 -0.00 -4.97 -4.16 -2.62 -60.04 -408.46 -152.84 -47.50 -40.16 -6.74 -0.64 -54.87 -50.75 -40.51 -206.81 -646.28 -329.32 -152.01 -144.95 -47.55 -11.73 -178.98 -168.29 -146.21 -409.26
0.00 0.00 0.00 0.00 0.00 0.00 0.00 0.00 0.00 0.00 -37.49 -1.75 -0.01 -0.00 -0.00 0.00 -0.00 -0.00 -0.00 -3.20 -192.49 -39.68 -5.09 -2.98 -0.07 -0.00 -4.97 -4.16 -2.62 -60.04 -408.46 -152.84 -47.50 -40.16 -6.74 -0.64 -54.87 -50.75 -40.51 -206.81 -646.28 -329.32 -152.01 -144.95 -47.55 -11.73 -178.98 -168.29 -146.21 -409.26
0.00 0.00 0.00 0.00 0.00 0.00 0.00 0.00 0.00 0.00 -37.49 -1.75 -0.01 -0.00 -0.00 0.00 -0.00 -0.00 -0.00 -3.20 -192.49 -39.68 -5.09 -2.98 -0.07 -0.00 -4.97 -4.16 -2.62 -60.04 -408.46 -152.84 -47.50 -40.16 -6.74 -0.64 -54.87 -50.75 -40.51 -206.81 -646.28 -329.32 -152.01 -144.95 -47.55 -11.73 -178.98 -168.29 -146.21 -409.26
0.00 0.00 0.00 0.00 0.00 0.00 0.00 0.00 0.00 0.00 -37.49 -1.75 -0.01 -0.00 -0.00 0.00 -0.00 -0.00 -0.00 -3.20 -192.49 -39.68 -5.09 -2.98 -0.07 -0.00 -4.97 -4.16 -2.62 -60.04 -408.46 -152.84 -47.50 -40.16 -6.74 -0.64 -54.87 -50.75 -40.51 -206.81 -646.28 -329.32 -152.01 -144.95 -47.55 -11.73 -178.98 -168.29 -146.21 -409.26
0.00 0.00 0.00 0.00 0.00 0.00 0.00 0.00 0.00 0.00 -37.49 -1.75 -0.01 -0.00 -0.00 0.00 -0.00 -0.00 -0.00 -3.20 -192.49 -39.68 -5.09 -2.98 -0.07 -0.00 -4.97 -4.16 -2.62 -60.04 -408.46 -152.84 -47.50 -40.16 -6.74 -0.64 -54.87 -50.75 -40.51 -206.81 -646.28 -329.32 -152.01 -144.95 -47.55 -11.73 -178.98 -168.29 -146.21 -409.26
0.00 0.00 0.00 0.00 0.00 0.00 0.00 0.00 0.00 0.00 -37.49 -1.75 -0.01 -0.00 -0.00 0.00 -0.00 -0.00 -0.00 -3.20 -192.49 -39.68 -5.09 -2.98 -0.07 -0.00 -4.97 -4.16 -2.62 -60.04 -408.46 -152.84 -47.50 -40.16 -6.74 -0.64 -54.87 -50.75 -40.51 -206.81 -646.28 -329.32 -152.01 -144.95 -47.55 -11.73 -178.98 -168.29 -146.21 -409.26
0.00 0.00 0.00 0.00 0.00 0.00 0.00 0.00 0.00 0.00 -37.49 -1.75 -0.01 -0.00 -0.00 0.00 -0.00 -0.00 -0.00 -3.20 -192.49 -39.68 -5.09 -2.98 -0.07 -0.00 -4.97 -4.16 -2.62 -60.04 -408.46 -152.84 -47.50 -40.16 -6.74 -0.64 -54.87 -50.75 -40.51 -206.81 -646.28 -329.32 -152.01 -144.95 -47.55 -11.73 -178.98 -168.29 -146.21 -409.26
0.00 0.00 0.00 0.00 0.00 0.00 0.00 0.00 0.00 0.00 -37.49 -1.75 -0.01 -0.00 -0.00 0.00 -0.00 -0.00 -0.00 -3.20 -192.49 -39.68 -5.09 -2.98 -0.07 -0.00 -4.97 -4.16 -2.62 -60.04 -408.46 -152.84 -47.50 -40.16 -6.74 -0.64 -54.87 -50.75 -40.51 -206.81 -646.28 -329.32 -152.01 -144.95 -47.55 -11.73 -178.98 -168.29 -146.21 -409.26
0.00 0.00 0.00 0.00 0.00 0.00 0.00 0.00 0.00 0.00 -37.49 -1.75 -0.01 -0.00 -0.00 0.00 -0.00 -0.00 -0.00 -3.20 -192.49 -39.68 -5.09 -2.98 -0.07 -0.00 -4.97 -4.16 -2.62 -60.04 -408.46 -152.84 -47.50 -40.16 -6.74 -0.64 -54.87 -50.75 -40.51 -206.81 -646.28 -329.32 -152.01 -144.95 -47.55 -11.73 -178.98 -168.29 -146.21 -409.26
0.00 0.00 0.00 0.00 0.00 0.00 0.00 0.00 0.00 0.00 -37.49 -1.75 -0.01 -0.00 -0.00 0.00 -0.00 -0.00 -0.00 -3.20 -192.49 -39.68 -5.09 -2.98 -0.07 -0.00 -4.97 -4.16 -2.62 -60.04 -408.46 -152.84 -47.50 -40.16 -6.74 -0.64 -54.87 -50.75 -40.51 -206.81 -646.28 -329.32 -152.01 -144.95 -47.55 -11.73 -178.98 -168.29 -146.21 -409.26
0.00 0.00 0.00 0.00 0.00 0.00 0.00 0.00 0.00 0.00 -37.49 -1.75 -0.01 -0.00 -0.00 0.00 -0.00 -0.00 -0.00 -3.20 -192.49 -39.68 -5.09 -2.98 -0.07 -0.00 -4.97 -4.16 -2.62 -60.04 -408.46 -152.84 -47.50 -40.16 -6.74 -0.64 -54.87 -50.75 -40.51 -206.81 -646.28 -329.32 -152.01 -144.95 -47.55 -11.73 -178.98 -168.29 -146.21 -409.26
0.00 0.00 0.00 0.00 0.00 0.00 0.00 0.00 0.00 0.00 -37.49 -1.75 -0.01 -0.00 -0.00 0.00 -0.00 -0.00 -0.00 -3.20 -192.49 -39.68 -5.09 -2.98 -0.07 -0.00 -4.97 -4.16 -2.62 -60.04 -408.46 -152.84 -47.50 -40.16 -6.74 -0.64 -54.87 -50.75 -40.51 -206.81 -646.28 -329.32 -152.01 -144.95 -47.55 -11.73 -178.98 -168.29 -146.21 -409.26
0.00 0.00 0.00 0.00 0.00 0.00 0.00 0.00 0.00 0.00 -37.49 -1.75 -0.01 -0.00 -0.00 0.00 -0.00 -0.00 -0.00 -3.20 -192.49 -39.68 -5.09 -2.98 -0.07 -0.00 -4.97 -4.16 -2.62 -60.04 -408.46 -152.84 -47.50 -40.16 -6.74 -0.64 -54.87 -50.75 -40.51 -206.81 -646.28 -329.32 -152.01 -144.95 -47.55 -11.73 -178.98 -168.29 -146.21 -409.26
0.00 0.00 0.00 0.00 0.00 0.00 0.00 0.00 0.00 0.00 -37.49 -1.75 -0.01 -0.00 -0.00 0.00 -0.00 -0.00 -0.00 -3.20 -192.49 -39.68 -5.09 -2.98 -0.07 -0.00 -4.97 -4.16 -2.62 -60.04 -408.46 -152.84 -47.50 -40.16 -6.74 -0.64 -54.87 -50.75 -40.51 -206.81 -646.28 -329.32 -152.01 -144.95 -47.55 -11.73 -178.98 -168.29 -146.21 -409.26
0.00 0.00 0.00 0.00 0.00 0.00 0.00 0.00 0.00 0.00 -37.49 -1.75 -0.01 -0.00 -0.00 0.00 -0.00 -0.00 -0.00 -3.20 -192.49 -39.68 -5.09 -2.98 -0.07 -0.00 -4.97 -4.16 -2.62 -60.04 -408.46 -152.84 -47.50 -40.16 -6.74 -0.64 -54.87 -50.75 -40.51 -206.81 -646.28 -329.32 -152.01 -144.95 -47.55 -11.73 -178.98 -168.29 -146.21 -409.26
0.00 0.00 0.00 0.00 0.00 0.00 0.00 0.00 0.00 0.00 -37.49 -1.75 -0.01 -0.00 -0.00 0.00 -0.00 -0.00 -0.00 -3.20 -192.49 -39.68 -5.09 -2.98 -0.07 -0.00 -4.97 -4.16 -2.62 -60.04 -408.46 -152.84 -47.50 -40.16 -6.74 -0.64 -54.87 -50.75 -40.51 -206.81 -646.28 -329.32 -152.01 -144.95 -47.55 -11.73 -178.98 -168.29 -146.21 -409.26
0.00 0.00 0.00 0.00 0.00 0.00 0.00 0.00 0.00 0.00 -37.49 -1.75 -0.01 -0.00 -0.00 0.00 -0.00 -0.00 -0.00 -3.20 -192.49 -39.68 -5.09 -2.98 -0.07 -0.00 -4.97 -4.16 -2.62 -60.04 -408.46 -152.84 -47.50 -40.16 -6.74 -0.64 -54.87 -50.75 -40.51 -206.81 -646.28 -329.32 -152.01 -144.95 -47.55 -11.73 -178.98 -168.29 -146.21 -409.26
0.00 0.00 0.00 0.00 0.00 0.00 0.00 0.00 0.00 0.00 -37.49 -1.75 -0.01 -0.00 -0.00 0.00 -0.00 -0.00 -0.00 -3.20 -192.49 -39.68 -5.09 -2.98 -0.07 -0.00 -4.97 -4.16 -2.62 -60.04 -408.46 -152.84 -47.50 -40.16 -6.74 -0.64 -54.87 -50.75 -40.51 -206.81 -646.28 -329.32 -152.01 -144.95 -47.55 -11.73 -178.98 -168.29 -146.21 -409.26
0.00 0.00 0.00 0.00 0.00 0.00 0.00 0.00 0.00 0.00 -37.49 -1.75 -0.01 -0.00 -0.00 0.00 -0.00 -0.00 -0.00 -3.20 -192.49 -39.68 -5.09 -2.98 -0.07 -0.00 -4.97 -4.16 -2.62 -60.04 -408.46 -152.84 -47.50 -40.16 -6.74 -0.64 -54.87 -50.75 -40.51 -206.81 -646.28 -329.32 -152.01 -144.95 -47.55 -11.73 -178.98 -168.29 -146.21 -409.26
0.00 0.00 0.00 0.00 0.00 0.00 0.00 0.00 0.00 0.00 -37.49 -1.75 -0.01 -0.00 -0.00 0.00 -0.00 -0.00 -0.00 -3.20 -192.49 -39.68 -5.09 -2.98 -0.07 -0.00 -4.97 -4.16 -2.62 -60.04 -408.46 -152.84 -47.50 -40.16 -6.74 -0.64 -54.87 -50.75 -40.51 -206.81 -646.28 -329.32 -152.01 -144.95 -47.55 -11.73 -178.98 -168.29 -146.21 -409.26
0.00 0.00 0.00 0.00 0.00 0.00 0.00 0.00 0.00 0.00 -37.49 -1.75 -0.01 -0.00 -0.00 0.00 -0.00 -0.00 -0.00 -3.20 -192.49 -39.68 -5.09 -2.98 -0.07 -0.00 -4.97 -4.16 -2.62 -60.04 -408.46 -152.84 -47.50 -40.16 -6.74 -0.64 -54.87 -50.75 -40.51 -206.81 -646.28 -329.32 -152.01 -144.95 -47.55 -11.73 -178.98 -168.29 -146.21 -409.26
0.00 0.00 0.00 0.00 0.00 0.00 0.00 0.00 0.00 0.00 -37.49 -1.75 -0.01 -0.00 -0.00 0.00 -0.00 -0.00 -0.00 -3.20 -192.49 -39.68 -5.09 -2.98 -0.07 -0.00 -4.97 -4.16 -2.62 -60.04 -408.46 -152.84 -47.50 -40.16 -6.74 -0.64 -54.87 -50.75 -40.51 -206.81 -646.28 -329.32 -152.01 -144.95 -47.55 -11.73 -178.98 -168.29 -146.21 -409.26
0.00 0.00 0.00 0.00 0.00 0.00 0.00 0.00 0.00 0.00 -37.49 -1.75 -0.01 -0.00 -0.00 0.00 -0.00 -0.00 -0.00 -3.20 -192.49 -39.68 -5.09 -2.98 -0.07 -0.00 -4.97 -4.16 -2.62 -60.04 -408.46 -152.84 -47.50 -40.16 -6.74 -0.64 -54.87 -50.75 -40.51 -206.81 -646.28 -329.32 -152.01 -144.95 -47.55 -11.73 -178.98 -168.29 -146.21 -409.26
0.00 0.00 0.00 0.00 0.00 0.00 0.00 0.00 0.00 0.00 -37.49 -1.75 -0.01 -0.00 -0.00 0.00 -0.00 -0.00 -0.00 -3.20 -192.49 -39.68 -5.09 -2.98 -0.07 -0.00 -4.97 -4.16 -2.62 -60.04 -408.46 -152.84 -47.50 -40.16 -6.74 -0.64 -54.87 -50.75 -40.51 -206.81 -646.28 -329.32 -152.01 -144.95 -47.55 -11.73 -178.98 -168.29 -146.21 -409.26
0.00 0.00 0.00 0.00 0.00 0.00 0.00 0.00 0.00 0.00 -37.49 -1.75 -0.01 -0.00 -0.00 0.00 -0.00 -0.00 -0.00 -3.20 -192.49 -39.68 -5.09 -2.98 -0.07 -0.00 -4.97 -4.16 -2.62 -60.04 -408.46 -152.84 -47.50 -40.16 -6.74 -0.64 -54.87 -50.75 -40.51 -206.81 -646.28 -329.32 -152.01 -144.95 -47.55 -11.73 -178.98 -168.29 -146.21 -409.26
0.00 0.00 0.00 0.00 0.00 0.00 0.00 0.00 0.00 0.00 -37.49 -1.75 -0.01 -0.00 -0.00 0.00 -0.00 -0.00 -0.00 -3.20 -192.49 -39.68 -5.09 -2.98 -0.07 -0.00 -4.97 -4.16 -2.62 -60.04 -408.46 -152.84 -47.50 -40.16 -6.74 -0.64 -54.87 -50.75 -40.51 -206.81 -646.28 -329.32 -152.01 -144.95 -47.55 -11.73 -178.98 -168.29 -146.21 -409.26
0.00 0.00 0.00 0.00 0.00 0.00 0.00 0.00 0.00 0.00 -37.49 -1.75 -0.01 -0.00 -0.00 0.00 -0.00 -0.00 -0.00 -3.20 -192.49 -39.68 -5.09 -2.98 -0.07 -0.00 -4.97 -4.16 -2.62 -60.04 -408.46 -152.84 -47.50 -40.16 -6.74 -0.64 -54.87 -50.75 -40.51 -206.81 -646.28 -329.32 -152.01 -144.95 -47.55 -11.73 -178.98 -168.29 -146.21 -409.26
0.00 0.00 0.00 0.00 0.00 0.00 0.00 0.00 0.00 0.00 -37.49 -1.75 -0.01 -0.00 -0.00 0.00 -0.00 -0.00 -0.00 -3.20 -192.49 -39.68 -5.09 -2.98 -0.07 -0.00 -4.97 -4.16 -2.62 -60.04 -408.46 -152.84 -47.50 -40.16 -6.74 -0.64 -54.87 -50.75 -40.51 -206.81 -646.28 -329.32 -152.01 -144.95 -47.55 -11.73 -178.98 -168.29 -146.21 -409.26
0.00 0.00 0.00 0.00 0.00 0.00 0.00 0.00 0.00 0.00 -37.49 -1.75 -0.01 -0.00 -0.00 0.00 -0.00 -0.00 -0.00 -3.20 -192.49 -39.68 -5.09 -2.98 -0.07 -0.00 -4.97 -4.16 -2.62 -60.04 -408.46 -152.84 -47.50 -40.16 -6.74 -0.64 -54.87 -50.75 -40.51 -206.81 -646.28 -329.32 -152.01 -144.95 -47.55 -11.73 -178.98 -168.29 -146.21 -409.26
0.00 0.00 0.00 0.00 0.00 0.00 0.00 0.00 0.00 0.00 -37.49 -1.75 -0.01 -0.00 -0.00 0.00 -0.00 -0.00 -0.00 -3.20 -192.49 -39.68 -5.09 -2.98 -0.07 -0.00 -4.97 -4.16 -2.62 -60.04 -408.46 -152.84 -47.50 -40.16 -6.74 -0.64 -54.87 -50.75 -40.51 -206.81 -646.28 -329.32 -152.01 -144.95 -47.55 -11.73 -178.98 -168.29 -146.21 -409.26
0.00 0.00 0.00 0.00 0.00 0.00 0.00 0.00 0.00 0.00 -37.49 -1.75 -0.01 -0.00 -0.00 0.00 -0.00 -0.00 -0.00 -3.20 -192.49 -39.68 -5.09 -2.98 -0.07 -0.00 -4.97 -4.16 -2.62 -60.04 -408.46 -152.84 -47.50 -40.16 -6.74 -0.64 -54.87 -50.75 -40.51 -206.81 -646.28 -329.32 -152.01 -144.95 -47.55 -11.73 -178.98 -168.29 -146.21 -409.26
0.00 0.00 0.00 0.00 0.00 0.00 0.00 0.00 0.00 0.00 -37.49 -1.75 -0.01 -0.00 -0.00 0.00 -0.00 -0.00 -0.00 -3.20 -192.49 -39.68 -5.09 -2.98 -0.07 -0.00 -4.97 -4.16 -2.62 -60.04 -408.46 -152.84 -47.50 -40.16 -6.74 -0.64 -54.87 -50.75 -40.51 -206.81 -646.28 -329.32 -152.01 -144.95 -47.55 -11.73 -178.98 -168.29 -146.21 -409.26
0.00 0.00 0.00 0.00 0.00 0.00 0.00 0.00 0.00 0.00 -37.49 -1.75 -0.01 -0.00 -0.00 0.00 -0.00 -0.00 -0.00 -3.20 -192.49 -39.68 -5.09 -2.98 -0.07 -0.00 -4.97 -4.16 -2.62 -60.04 -408.46 -152.84 -47.50 -40.16 -6.74 -0.64 -54.87 -50.75 -40.51 -206.81 -646.28 -329.32 -152.01 -144.95 -47.55 -11.73 -178.98 -168.29 -146.21 -409.26
0.00 0.00 0.00 0.00 0.00 0.00 0.00 0.00 0.00 0.00 -37.49 -1.75 -0.01 -0.00 -0.00 0.00 -0.00 -0.00 -0.00 -3.20 -192.49 -39.68 -5.09 -2.98 -0.07 -0.00 -4.97 -4.16 -2.62 -60.04 -408.46 -152.84 -47.50 -40.16 -6.74 -0.64 -54.87 -50.75 -40.51 -206.81 -646.28 -329.32 -152.01 -144.95 -47.55 -11.73 -178.98 -168.29 -146.21 -409.26
0.00 0.00 0.00 0.00 0.00 0.00 0.00 0.00 0.00 0.00 -37.49 -1.75 -0.01 -0.00 -0.00 0.00 -0.00 -0.00 -0.00 -3.20 -192.49 -39.68 -5.09 -2.98 -0.07 -0.00 -4.97 -4.16 -2.62 -60.04 -408.46 -152.84 -47.50 -40.16 -6.74 -0.64 -54.87 -50.75 -40.51 -206.81 -646.28 -329.32 -152.01 -144.95 -47.55 -11.73 -178.98 -168.29 -146.21 -409.26
0.00 0.00 0.00 0.00 0.00 0.00 0.00 0.00 0.00 0.00 -37.49 -1.75 -0.01 -0.00 -0.00 0.00 -0.00 -0.00 -0.00 -3.20 -192.49 -39.68 -5.09 -2.98 -0.07 -0.00 -4.97 -4.16 -2.62 -60.04 -408.46 -152.84 -47.50 -40.16 -6.74 -0.64 -54.87 -50.75 -40.51 -206.81 -646.28 -329.32 -152.01 -144.95 -47.55 -11.73 -178.98 -168.29 -146.21 -409.26
0.00 0.00 0.00 0.00 0.00 0.00 0.00 0.00 0.00 0.00 -37.49 -1.75 -0.01 -0.00 -0.00 0.00 -0.00 -0.00 -0.00 -3.20 -192.49 -39.68 -5.09 -2.98 -0.07 -0.00 -4.97 -4.16 -2.62 -60.04 -408.46 -152.84 -47.50 -40.16 -6.74 -0.64 -54.87 -50.75 -40.51 -206.81 -646.28 -329.32 -152.01 -144.95 -47.55 -11.73 -178.98 -168.29 -146.21 -409.26
0.00 0.00 0.00 0.00 0.00 0.00 0.00 0.00 0.00 0.00 -37.49 -1.75 -0.01 -0.00 -0.00 0.00 -0.00 -0.00 -0.00 -3.20 -192.49 -39.68 -5.09 -2.98 -0.07 -0.00 -4.97 -4.16 -2.62 -60.04 -408.46 -152.84 -47.50 -40.16 -6.74 -0.64 -54.87 -50.75 -40.51 -206.81 -646.28 -329.32 -152.01 -144.95 -47.55 -11.73 -178.98 -168.29 -146.21 -409.26
0.00 0.00 0.00 0.00 0.00 0.00 0.00 0.00 0.00 0.00 -37.49 -1.75 -0.01 -0.00 -0.00 0.00 -0.00 -0.00 -0.00 -3.20 -192.49 -39.68 -5.09 -2.98 -0.07 -0.00 -4.97 -4.16 -2.62 -60.04 -408.46 -152.84 -47.50 -40.16 -6.74 -0.64 -54.87 -50.75 -40.51 -206.81 -646.28 -329.32 -152.01 -144.95 -47.55 -11.73 -178.98 -168.29 -146.21 -409.26
0.00 0.00 0.00 0.00 0.00 0.00 0.00 0.00 0.00 0.00 -37.49 -1.75 -0.01 -0.00 -0.00 0.00 -0.00 -0.00 -0.00 -3.20 -192.49 -39.68 -5.09 -2.98 -0.07 -0.00 -4.97 -4.16 -2.62 -60.04 -408.46 -152.84 -47.50 -40.16 -6.74 -0.64 -54.87 -50.75 -40.51 -206.81 -646.28 -329.32 -152.01 -144.95 -47.55 -11.73 -178.98 -168.29 -146.21 -409.26
0.00 0.00 0.00 0.00 0.00 0.00 0.00 0.00 0.00 0.00 -37.49 -1.75 -0.01 -0.00 -0.00 0.00 -0.00 -0.00 -0.00 -3.20 -192.49 -39.68 -5.09 -2.98 -0.07 -0.00 -4.97 -4.16 -2.62 -60.04 -408.46 -152.84 -47.50 -40.16 -6.74 -0.64 -54.87 -50.75 -40.51 -206.81 -646.28 -329.32 -152.01 -144.95 -47.55 -11.73 -178.98 -168.29 -146.21 -409.26
0.00 0.00 0.00 0.00 0.00 0.00 0.00 0.00 0.00 0.00 -37.49 -1.75 -0.01 -0.00 -0.00 0.00 -0.00 -0.00 -0.00 -3.20 -192.49 -39.68 -5.09 -2.98 -0.07 -0.00 -4.97 -4.16 -2.62 -60.04 -408.46 -152.84 -47.50 -40.16 -6.74 -0.64 -54.87 -50.75 -40.51 -206.81 -646.28 -329.32 -152.01 -144.95 -47.55 -11.73 -178.98 -168.29 -146.21 -409.26
0.00 0.00 0.00 0.00 0.00 0.00 0.00 0.00 0.00 0.00 -37.49 -1.75 -0.01 -0.00 -0.00 0.00 -0.00 -0.00 -0.00 -3.20 -192.49 -39.68 -5.09 -2.98 -0.07 -0.00 -4.97 -4.16 -2.62 -60.04 -408.46 -152.84 -47.50 -40.16 -6.74 -0.64 -54.87 -50.75 -40.51 -206.81 -646.28 -329.32 -152.01 -144.95 -47.55 -11.73 -178.98 -168.29 -146.21 -409.26
0.00 0.00 0.00 0.00 0.00 0.00 0.00 0.00 0.00 0.00 -37.49 -1.75 -0.01 -0.00 -0.00 0.00 -0.00 -0.00 -0.00 -3.20 -192.49 -39.68 -5.09 -2.98 -0.07 -0.00 -4.97 -4.16 -2.62 -60.04 -408.46 -152.84 -47.50 -40.16 -6.74 -0.64 -54.87 -50.75 -40.51 -206.81 -646.28 -329.32 -152.01 -144.95 -47.55 -11.73 -178.98 -168.29 -146.21 -409.26
0.00 0.00 0.00 0.00 0.00 0.00 0.00 0.00 0.00 0.00 -37.49 -1.75 -0.01 -0.00 -0.00 0.00 -0.00 -0.00 -0.00 -3.20 -192.49 -39.68 -5.09 -2.98 -0.07 -0.00 -4.97 -4.16 -2.62 -60.04 -408.46 -152.84 -47.50 -40.16 -6.74 -0.64 -54.87 -50.75 -40.51 -206.81 -646.28 -329.32 -152.01 -144.95 -47.55 -11.73 -178.98 -168.29 -146.21 -409.26
0.00 0.00 0.00 0.00 0.00 0.00 0.00 0.00 0.00 0.00 -37.49 -1.75 -0.01 -0.00 -0.00 0.00 -0.00 -0.00 -0.00 -3.20 -192.49 -39.68 -5.09 -2.98 -0.07 -0.00 -4.97 -4.16 -2.62 -60.04 -408.46 -152.84 -47.50 -40.16 -6.74 -0.64 -54.87 -50.75 -40.51 -206.81 -646.28 -329.32 -152.01 -144.95 -47.55 -11.73 -178.98 -168.29 -146.21 -409.26
0.00 0.00 0.00 0.00 0.00 0.00 0.00 0.00 0.00 0.00 -37.49 -1.75 -0.01 -0.00 -0.00 0.00 -0.00 -0.00 -0.00 -3.20 -192.49 -39.68 -5.09 -2.98 -0.07 -0.00 -4.97 -4.16 -2.62 -60.04 -408.46 -152.84 -47.50 -40.16 -6.74 -0.64 -54.87 -50.75 -40.51 -206.81 -646.28 -329.32 -152.01 -144.95 -47.55 -11.73 -178.98 -168.29 -146.21 -409.26
0.00 0.00 0.00 0.00 0.00 0.00 0.00 0.00 0.00 0.00 -37.49 -1.75 -0.01 -0.00 -0.00 0.00 -0.00 -0.00 -0.00 -3.20 -192.49 -39.68 -5.09 -2.98 -0.07 -0.00 -4.97 -4.16 -2.62 -60.04 -408.46 -152.84 -47.50 -40.16 -6.74 -0.64 -54.87 -50.75 -40.51 -206.81 -646.28 -329.32 -152.01 -144.95 -47.55 -11.73 -178.98 -168.29 -146.21 -409.26
0.00 0.00 0.00 0.00 0.00 0.00 0.00 0.00 0.00 0.00 -37.49 -1.75 -0.01 -0.00 -0.00 0.00 -0.00 -0.00 -0.00 -3.20 -192.49 -39.68 -5.09 -2.98 -0.07 -0.00 -4.97 -4.16 -2.62 -60.04 -408.46 -152.84 -47.50 -40.16 -6.74 -0.64 -54.87 -50.75 -40.51 -206.81 -646.28 -329.32 -152.01 -144.95 -47.55 -11.73 -178.98 -168.29 -146.21 -409.26
0.00 0.00 0.00 0.00 0.00 0.00 0.00 0.00 0.00 0.00 -37.49 -1.75 -0.01 -0.00 -0.00 0.00 -0.00 -0.00 -0.00 -3.20 -192.49 -39.68 -5.09 -2.98 -0.07 -0.00 -4.97 -4.16 -2.62 -60.04 -408.46 -152.84 -47.50 -40.16 -6.74 -0.64 -54.87 -50.75 -40.51 -206.81 -646.28 -329.32 -152.01 -144.95 -47.55 -11.73 -178.98 -168.29 -146.21 -409.26
0.00 0.00 0.00 0.00 0.00 0.00 0.00 0.00 0.00 0.00 -37.49 -1.75 -0.01 -0.00 -0.00 0.00 -0.00 -0.00 -0.00 -3.20 -192.49 -39.68 -5.09 -2.98 -0.07 -0.00 -4.97 -4.16 -2.62 -60.04 -408.46 -152.84 -47.50 -40.16 -6.74 -0.64 -54.87 -50.75 -40.51 -206.81 -646.28 -329.32 -152.01 -144.95 -47.55 -11.73 -178.98 -168.29 -146.21 -409.26
0.00 0.00 0.00 0.00 0.00 0.00 0.00 0.00 0.00 0.00 -37.49 -1.75 -0.01 -0.00 -0.00 0.00 -0.00 -0.00 -0.00 -3.20 -192.49 -39.68 -5.09 -2.98 -0.07 -0.00 -4.97 -4.16 -2.62 -60.04 -408.46 -152.84 -47.50 -40.16 -6.74 -0.64 -54.87 -50.75 -40.51 -206.81 -646.28 -329.32 -152.01 -144.95 -47.55 -11.73 -178.98 -168.29 -146.21 -409.26
0.00 0.00 0.00 0.00 0.00 0.00 0.00 0.00 0.00 0.00 -37.49 -1.75 -0.01 -0.00 -0.00 0.00 -0.00 -0.00 -0.00 -3.20 -192.49 -39.68 -5.09 -2.98 -0.07 -0.00 -4.97 -4.16 -2.62 -60.04 -408.46 -152.84 -47.50 -40.16 -6.74 -0.64 -54.87 -50.75 -40.51 -206.81 -646.28 -329.32 -152.01 -144.95 -47.55 -11.73 -178.98 -168.29 -146.21 -409.26
0.00 0.00 0.00 0.00 0.00 0.00 0.00 0.00 0.00 0.00 -37.49 -1.75 -0.01 -0.00 -0.00 0.00 -0.00 -0.00 -0.00 -3.20 -192.49 -39.68 -5.09 -2.98 -0.07 -0.00 -4.97 -4.16 -2.62 -60.04 -408.46 -152.84 -47.50 -40.16 -6.74 -0.64 -54.87 -50.75 -40.51 -206.81 -646.28 -329.32 -152.01 -144.95 -47.55 -11.73 -178.98 -168.29 -146.21 -409.26
0.00 0.00 0.00 0.00 0.00 0.00 0.00 0.00 0.00 0.00 -37.49 -1.75 -0.01 -0.00 -0.00 0.00 -0.00 -0.00 -0.00 -3.20 -192.49 -39.68 -5.09 -2.98 -0.07 -0.00 -4.97 -4.16 -2.62 -60.04 -408.46 -152.84 -47.50 -40.16 -6.74 -0.64 -54.87 -50.75 -40.51 -206.81 -646.28 -329.32 -152.01 -144.95 -47.55 -11.73 -178.98 -168.29 -146.21 -409.26
0.00 0.00 0.00 0.00 0.00 0.00 0.00 0.00 0.00 0.00 -37.49 -1.75 -0.01 -0.00 -0.00 0.00 -0.00 -0.00 -0.00 -3.20 -192.49 -39.68 -5.09 -2.98 -0.07 -0.00 -4.97 -4.16 -2.62 -60.04 -408.46 -152.84 -47.50 -40.16 -6.74 -0.64 -54.87 -50.75 -40.51 -206.81 -646.28 -329.32 -152.01 -144.95 -47.55 -11.73 -178.98 -168.29 -146.21 -409.26
0.00 0.00 0.00 0.00 0.00 0.00 0.00 0.00 0.00 0.00 -37.49 -1.75 -0.01 -0.00 -0.00 0.00 -0.00 -0.00 -0.00 -3.20 -192.49 -39.68 -5.09 -2.98 -0.07 -0.00 -4.97 -4.16 -2.62 -60.04 -408.46 -152.84 -47.50 -40.16 -6.74 -0.64 -54.87 -50.75 -40.51 -206.81 -646.28 -329.32 -152.01 -144.95 -47.55 -11.73 -178.98 -168.29 -146.21 -409.26
0.00 0.00 0.00 0.00 0.00 0.00 0.00 0.00 0.00 0.00 -37.49 -1.75 -0.01 -0.00 -0.00 0.00 -0.00 -0.00 -0.00 -3.20 -192.49 -39.68 -5.09 -2.98 -0.07 -0.00 -4.97 -4.16 -2.62 -60.04 -408.46 -152.84 -47.50 -40.16 -6.74 -0.64 -54.87 -50.75 -40.51 -206.81 -646.28 -329.32 -152.01 -144.95 -47.55 -11.73 -178.98 -168.29 -146.21 -409.26
0.00 0.00 0.00 0.00 0.00 0.00 0.00 0.00 0.00 0.00 -37.49 -1.75 -0.01 -0.00 -0.00 0.00 -0.00 -0.00 -0.00 -3.20 -192.49 -39.68 -5.09 -2.98 -0.07 -0.00 -4.97 -4.16 -2.62 -60.04 -408.46 -152.84 -47.50 -40.16 -6.74 -0.64 -54.87 -50.75 -40.51 -206.81 -646.28 -329.32 -152.01 -144.95 -47.55 -11.73 -178.98 -168.29 -146.21 -409.26
0.00 0.00 0.00 0.00 0.00 0.00 0.00 0.00 0.00 0.00 -37.49 -1.75 -0.01 -0.00 -0.00 0.00 -0.00 -0.00 -0.00 -3.20 -192.49 -39.68 -5.09 -2.98 -0.07 -0.00 -4.97 -4.16 -2.62 -60.04 -408.46 -152.84 -47.50 -40.16 -6.74 -0.64 -54.87 -50.75 -40.51 -206.81 -646.28 -329.32 -152.01 -144.95 -47.55 -11.73 -178.98 -168.29 -146.21 -409.26
0.00 0.00 0.00 0.00 0.00 0.00 0.00 0.00 0.00 0.00 -37.49 -1.75 -0.01 -0.00 -0.00 0.00 -0.00 -0.00 -0.00 -3.20 -192.49 -39.68 -5.09 -2.98 -0.07 -0.00 -4.97 -4.16 -2.62 -60.04 -408.46 -152.84 -47.50 -40.16 -6.74 -0.64 -54.87 -50.75 -40.51 -206.81 -646.28 -329.32 -152.01 -144.95 -47.55 -11.73 -178.98 -168.29 -146.21 -409.26
0.00 0.00 0.00 0.00 0.00 0.00 0.00 0.00 0.00 0.00 -37.49 -1.75 -0.01 -0.00 -0.00 0.00 -0.00 -0.00 -0.00 -3.20 -192.49 -39.68 -5.09 -2.98 -0.07 -0.00 -4.97 -4.16 -2.62 -60.04 -408.46 -152.84 -47.50 -40.16 -6.74 -0.64 -54.87 -50.75 -40.51 -206.81 -646.28 -329.32 -152.01 -144.95 -47.55 -11.73 -178.98 -168.29 -146.21 -409.26
0.00 0.00 0.00 0.00 0.00 0.00 0.00 0.00 0.00 0.00 -37.49 -1.75 -0.01 -0.00 -0.00 0.00 -0.00 -0.00 -0.00 -3.20 -192.49 -39.68 -5.09 -2.98 -0.07 -0.00 -4.97 -4.16 -2.62 -60.04 -408.46 -152.84 -47.50 -40.16 -6.74 -0.64 -54.87 -50.75 -40.51 -206.81 -646.28 -329.32 -152.01 -144.95 -47.55 -11.73 -178.98 -168.29 -146.21 -409.26
0.00 0.00 0.00 0.00 0.00 0.00 0.00 0.00 0.00 0.00 -37.49 -1.75 -0.01 -0.00 -0.00 0.00 -0.00 -0.00 -0.00 -3.20 -192.49 -39.68 -5.09 -2.98 -0.07 -0.00 -4.97 -4.16 -2.62 -60.04 -408.46 -152.84 -47.50 -40.16 -6.74 -0.64 -54.87 -50.75 -40.51 -206.81 -646.28 -329.32 -152.01 -144.95 -47.55 -11.73 -178.98 -168.29 -146.21 -409.26
0.00 0.00 0.00 0.00 0.00 0.00 0.00 0.00 0.00 0.00 -37.49 -1.75 -0.01 -0.00 -0.00 0.00 -0.00 -0.00 -0.00 -3.20 -192.49 -39.68 -5.09 -2.98 -0.07 -0.00 -4.97 -4.16 -2.62 -60.04 -408.46 -152.84 -47.50 -40.16 -6.74 -0.64 -54.87 -50.75 -40.51 -206.81 -646.28 -329.32 -152.01 -144.95 -47.55 -11.73 -178.98 -168.29 -146.21 -409.26
0.00 0.00 0.00 0.00 0.00 0.00 0.00 0.00 0.00 0.00 -37.49 -1.75 -0.01 -0.00 -0.00 0.00 -0.00 -0.00 -0.00 -3.20 -192.49 -39.68 -5.09 -2.98 -0.07 -0.00 -4.97 -4.16 -2.62 -60.04 -408.46 -152.84 -47.50 -40.16 -6.74 -0.64 -54.87 -50.75 -40.51 -206.81 -646.28 -329.32 -152.01 -144.95 -47.55 -11.73 -178.98 -168.29 -146.21 -409.26
0.00 0.00 0.00 0.00 0.00 0.00 0.00 0.00 0.00 0.00 -37.49 -1.75 -0.01 -0.00 -0.00 0.00 -0.00 -0.00 -0.00 -3.20 -192.49 -39.68 -5.09 -2.98 -0.07 -0.00 -4.97 -4.16 -2.62 -60.04 -408.46 -152.84 -47.50 -40.16 -6.74 -0.64 -54.87 -50.75 -40.51 -206.81 -646.28 -329.32 -152.01 -144.95 -47.55 -11.73 -178.98 -168.29 -146.21 -409.26
0.00 0.00 0.00 0.00 0.00 0.00 0.00 0.00 0.00 0.00 -37.49 -1.75 -0.01 -0.00 -0.00 0.00 -0.00 -0.00 -0.00 -3.20 -192.49 -39.68 -5.09 -2.98 -0.07 -0.00 -4.97 -4.16 -2.62 -60.04 -408.46 -152.84 -47.50 -40.16 -6.74 -0.64 -54.87 -50.75 -40.51 -206.81 -646.28 -329.32 -152.01 -144.95 -47.55 -11.73 -178.98 -168.29 -146.21 -409.26
0.00 0.00 0.00 0.00 0.00 0.00 0.00 0.00 0.00 0.00 -37.49 -1.75 -0.01 -0.00 -0.00 0.00 -0.00 -0.00 -0.00 -3.20 -192.49 -39.68 -5.09 -2.98 -0.07 -0.00 -4.97 -4.16 -2.62 -60.04 -408.46 -152.84 -47.50 -40.16 -6.74 -0.64 -54.87 -50.75 -40.51 -206.81 -646.28 -329.32 -152.01 -144.95 -47.55 -11.73 -178.98 -168.29 -146.21 -409.26
0.00 0.00 0.00 0.00 0.00 0.00 0.00 0.00 0.00 0.00 -37.49 -1.75 -0.01 -0.00 -0.00 0.00 -0.00 -0.00 -0.00 -3.20 -192.49 -39.68 -5.09 -2.98 -0.07 -0.00 -4.97 -4.16 -2.62 -60.04 -408.46 -152.84 -47.50 -40.16 -6.74 -0.64 -54.87 -50.75 -40.51 -206.81 -646.28 -329.32 -152.01 -144.95 -47.55 -11.73 -178.98 -168.29 -146.21 -409.26
0.00 0.00 0.00 0.00 0.00 0.00 0.00 0.00 0.00 0.00 -37.49 -1.75 -0.01 -0.00 -0.00 0.00 -0.00 -0.00 -0.00 -3.20 -192.49 -39.68 -5.09 -2.98 -0.07 -0.00 -4.97 -4.16 -2.62 -60.04 -408.46 -152.84 -47.50 -40.16 -6.74 -0.64 -54.87 -50.75 -40.51 -206.81 -646.28 -329.32 -152.01 -144.95 -47.55 -11.73 -178.98 -168.29 -146.21 -409.26
0.00 0.00 0.00 0.00 0.00 0.00 0.00 0.00 0.00 0.00 -37.49 -1.75 -0.01 -0.00 -0.00 0.00 -0.00 -0.00 -0.00 -3.20 -192.49 -39.68 -5.09 -2.98 -0.07 -0.00 -4.97 -4.16 -2.62 -60.04 -408.46 -152.84 -47.50 -40.16 -6.74 -0.64 -54.87 -50.75 -40.51 -206.81 -646.28 -329.32 -152.01 -144.95 -47.55 -11.73 -178.98 -168.29 -146.21 -409.26
0.00 0.00 0.00 0.00 0.00 0.00 0.00 0.00 0.00 0.00 -37.49 -1.75 -0.01 -0.00 -0.00 0.00 -0.00 -0.00 -0.00 -3.20 -192.49 -39.68 -5.09 -2.98 -0.07 -0.00 -4.97 -4.16 -2.62 -60.04 -408.46 -152.84 -47.50 -40.16 -6.74 -0.64 -54.87 -50.75 -40.51 -206.81 -646.28 -329.32 -152.01 -144.95 -47.55 -11.73 -178.98 -168.29 -146.21 -409.26
0.00 0.00 0.00 0.00 0.00 0.00 0.00 0.00 0.00 0.00 -37.49 -1.75 -0.01 -0.00 -0.00 0.00 -0.00 -0.00 -0.00 -3.20 -192.49 -39.68 -5.09 -2.98 -0.07 -0.00 -4.97 -4.16 -2.62 -60.04 -408.46 -152.84 -47.50 -40.16 -6.74 -0.64 -54.87 -50.75 -40.51 -206.81 -646.28 -329.32 -152.01 -144.95 -47.55 -11.73 -178.98 -168.29 -146.21 -409.26
0.00 0.00 0.00 0.00 0.00 0.00 0.00 0.00 0.00 0.00 -37.49 -1.75 -0.01 -0.00 -0.00 0.00 -0.00 -0.00 -0.00 -3.20 -192.49 -39.68 -5.09 -2.98 -0.07 -0.00 -4.97 -4.16 -2.62 -60.04 -408.46 -152.84 -47.50 -40.16 -6.74 -0.64 -54.87 -50.75 -40.51 -206.81 -646.28 -329.32 -152.01 -144.95 -47.55 -11.73 -178.98 -168.29 -146.21 -409.26
0.00 0.00 0.00 0.00 0.00 0.00 0.00 0.00 0.00 0.00 -37.49 -1.75 -0.01 -0.00 -0.00 0.00 -0.00 -0.00 -0.00 -3.20 -192.49 -39.68 -5.09 -2.98 -0.07 -0.00 -4.97 -4.16 -2.62 -60.04 -408.46 -152.84 -47.50 -40.16 -6.74 -0.64 -54.87 -50.75 -40.51 -206.81 -646.28 -329.32 -152.01 -144.95 -47.55 -11.73 -178.98 -168.29 -146.21 -409.26
0.00 0.00 0.00 0.00 0.00 0.00 0.00 0.00 0.00 0.00 -37.49 -1.75 -0.01 -0.00 -0.00 0.00 -0.00 -0.00 -0.00 -3.20 -192.49 -39.68 -5.09 -2.98 -0.07 -0.00 -4.97 -4.16 -2.62 -60.04 -408.46 -152.84 -47.50 -40.16 -6.74 -0.64 -54.87 -50.75 -40.51 -206.81 -646.28 -329.32 -152.01 -144.95 -47.55 -11.73 -178.98 -168.29 -146.21 -409.26
0.00 0.00 0.00 0.00 0.00 0.00 0.00 0.00 0.00 0.00 -37.49 -1.75 -0.01 -0.00 -0.00 0.00 -0.00 -0.00 -0.00 -3.20 -192.49 -39.68 -5.09 -2.98 -0.07 -0.00 -4.97 -4.16 -2.62 -60.04 -408.46 -152.84 -47.50 -40.16 -6.74 -0.64 -54.87 -50.75 -40.51 -206.81 -646.28 -329.32 -152.01 -144.95 -47.55 -11.73 -178.98 -168.29 -146.21 -409.26
0.00 0.00 0.00 0.00 0.00 0.00 0.00 0.00 0.00 0.00 -37.49 -1.75 -0.01 -0.00 -0.00 0.00 -0.00 -0.00 -0.00 -3.20 -192.49 -39.68 -5.09 -2.98 -0.07 -0.00 -4.97 -4.16 -2.62 -60.04 -408.46 -152.84 -47.50 -40.16 -6.74 -0.64 -54.87 -50.75 -40.51 -206.81 -646.28 -329.32 -152.01 -144.95 -47.55 -11.73 -178.98 -168.29 -146.21 -409.26
0.00 0.00 0.00 0.00 0.00 0.00 0.00 0.00 0.00 0.00 -37.49 -1.75 -0.01 -0.00 -0.00 0.00 -0.00 -0.00 -0.00 -3.20 -192.49 -39.68 -5.09 -2.98 -0.07 -0.00 -4.97 -4.16 -2.62 -60.04 -408.46 -152.84 -47.50 -40.16 -6.74 -0.64 -54.87 -50.75 -40.51 -206.81 -646.28 -329.32 -152.01 -144.95 -47.55 -11.73 -178.98 -168.29 -146.21 -409.26
0.00 0.00 0.00 0.00 0.00 0.00 0.00 0.00 0.00 0.00 -37.49 -1.75 -0.01 -0.00 -0.00 0.00 -0.00 -0.00 -0.00 -3.20 -192.49 -39.68 -5.09 -2.98 -0.07 -0.00 -4.97 -4.16 -2.62 -60.04 -408.46 -152.84 -47.50 -40.16 -6.74 -0.64 -54.87 -50.75 -40.51 -206.81 -646.28 -329.32 -152.01 -144.95 -47.55 -11.73 -178.98 -168.29 -146.21 -409.26
0.00 0.00 0.00 0.00 0.00 0.00 0.00 0.00 0.00 0.00 -37.49 -1.75 -0.01 -0.00 -0.00 0.00 -0.00 -0.00 -0.00 -3.20 -192.49 -39.68 -5.09 -2.98 -0.07 -0.00 -4.97 -4.16 -2.62 -60.04 -408.46 -152.84 -47.50 -40.16 -6.74 -0.64 -54.87 -50.75 -40.51 -206.81 -646.28 -329.32 -152.01 -144.95 -47.55 -11.73 -178.98 -168.29 -146.21 -409.26
0.00 0.00 0.00 0.00 0.00 0.00 0.00 0.00 0.00 0.00 -37.49 -1.75 -0.01 -0.00 -0.00 0.00 -0.00 -0.00 -0.00 -3.20 -192.49 -39.68 -5.09 -2.98 -0.07 -0.00 -4.97 -4.16 -2.62 -60.04 -408.46 -152.84 -47.50 -40.16 -6.74 -0.64 -54.87 -50.75 -40.51 -206.81 -646.28 -329.32 -152.01 -144.95 -47.55 -11.73 -178.98 -168.29 -146.21 -409.26
0.00 0.00 0.00 0.00 0.00 0.00 0.00 0.00 0.00 0.00 -37.49 -1.75 -0.01 -0.00 -0.00 0.00 -0.00 -0.00 -0.00 -3.20 -192.49 -39.68 -5.09 -2.98 -0.07 -0.00 -4.97 -4.16 -2.62 -60.04 -408.46 -152.84 -47.50 -40.16 -6.74 -0.64 -54.87 -50.75 -40.51 -206.81 -646.28 -329.32 -152.01 -144.95 -47.55 -11.73 -178.98 -168.29 -146.21 -409.26
0.00 0.00 0.00 0.00 0.00 0.00 0.00 0.00 0.00 0.00 -37.49 -1.75 -0.01 -0.00 -0.00 0.00 -0.00 -0.00 -0.00 -3.20 -192.49 -39.68 -5.09 -2.98 -0.07 -0.00 -4.97 -4.16 -2.62 -60.04 -408.46 -152.84 -47.50 -40.16 -6.74 -0.64 -54.87 -50.75 -40.51 -206.81 -646.28 -329.32 -152.01 -144.95 -47.55 -11.73 -178.98 -168.29 -146.21 -409.26
0.00 0.00 0.00 0.00 0.00 0.00 0.00 0.00 0.00 0.00 -37.49 -1.75 -0.01 -0.00 -0.00 0.00 -0.00 -0.00 -0.00 -3.20 -192.49 -39.68 -5.09 -2.98 -0.07 -0.00 -4.97 -4.16 -2.62 -60.04 -408.46 -152.84 -47.50 -40.16 -6.74 -0.64 -54.87 -50.75 -40.51 -206.81 -646.28 -329.32 -152.01 -144.95 -47.55 -11.73 -178.98 -168.29 -146.21 -409.26
0.00 0.00 0.00 0.00 0.00 0.00 0.00 0.00 0.00 0.00 -37.49 -1.75 -0.01 -0.00 -0.00 0.00 -0.00 -0.00 -0.00 -3.20 -192.49 -39.68 -5.09 -2.98 -0.07 -0.00 -4.97 -4.16 -2.62 -60.04 -408.46 -152.84 -47.50 -40.16 -6.74 -0.64 -54.87 -50.75 -40.51 -206.81 -646.28 -329.32 -152.01 -144.95 -47.55 -11.73 -178.98 -168.29 -146.21 -409.26
0.00 0.00 0.00 0.00 0.00 0.00 0.00 0.00 0.00 0.00 -37.49 -1.75 -0.01 -0.00 -0.00 0.00 -0.00 -0.00 -0.00 -3.20 -192.49 -39.68 -5.09 -2.98 -0.07 -0.00 -4.97 -4.16 -2.62 -60.04 -408.46 -152.84 -47.50 -40.16 -6.74 -0.64 -54.87 -50.75 -40.51 -206.81 -646.28 -329.32 -152.01 -144.95 -47.55 -11.73 -178.98 -168.29 -146.21 -409.26
0.00 0.00 0.00 0.00 0.00 0.00 0.00 0.00 0.00 0.00 -37.49 -1.75 -0.01 -0.00 -0.00 0.00 -0.00 -0.00 -0.00 -3.20 -192.49 -39.68 -5.09 -2.98 -0.07 -0.00 -4.97 -4.16 -2.62 -60.04 -408.46 -152.84 -47.50 -40.16 -6.74 -0.64 -54.87 -50.75 -40.51 -206.81 -646.28 -329.32 -152.01 -144.95 -47.55 -11.73 -178.98 -168.29 -146.21 -409.26
0.00 0.00 0.00 0.00 0.00 0.00 0.00 0.00 0.00 0.00 -37.49 -1.75 -0.01 -0.00 -0.00 0.00 -0.00 -0.00 -0.00 -3.20 -192.49 -39.68 -5.09 -2.98 -0.07 -0.00 -4.97 -4.16 -2.62 -60.04 -408.46 -152.84 -47.50 -40.16 -6.74 -0.64 -54.87 -50.75 -40.51 -206.81 -646.28 -329.32 -152.01 -144.95 -47.55 -11.73 -178.98 -168.29 -146.21 -409.26
0.00 0.00 0.00 0.00 0.00 0.00 0.00 0.00 0.00 0.00 -37.49 -1.75 -0.01 -0.00 -0.00 0.00 -0.00 -0.00 -0.00 -3.20 -192.49 -39.68 -5.09 -2.98 -0.07 -0.00 -4.97 -4.16 -2.62 -60.04 -408.46 -152.84 -47.50 -40.16 -6.74 -0.64 -54.87 -50.75 -40.51 -206.81 -646.28 -329.32 -152.01 -144.95 -47.55 -11.73 -178.98 -168.29 -146.21 -409.26
0.00 0.00 0.00 0.00 0.00 0.00 0.00 0.00 0.00 0.00 -37.49 -1.75 -0.01 -0.00 -0.00 0.00 -0.00 -0.00 -0.00 -3.20 -192.49 -39.68 -5.09 -2.98 -0.07 -0.00 -4.97 -4.16 -2.62 -60.04 -408.46 -152.84 -47.50 -40.16 -6.74 -0.64 -54.87 -50.75 -40.51 -206.81 -646.28 -329.32 -152.01 -144.95 -47.55 -11.73 -178.98 -168.29 -146.21 -409.26
0.00 0.00 0.00 0.00 0.00 0.00 0.00 0.00 0.00 0.00 -37.49 -1.75 -0.01 -0.00 -0.00 0.00 -0.00 -0.00 -0.00 -3.20 -192.49 -39.68 -5.09 -2.98 -0.07 -0.00 -4.97 -4.16 -2.62 -60.04 -408.46 -152.84 -47.50 -40.16 -6.74 -0.64 -54.87 -50.75 -40.51 -206.81 -646.28 -329.32 -152.01 -144.95 -47.55 -11.73 -178.98 -168.29 -146.21 -409.26
0.00 0.00 0.00 0.00 0.00 0.00 0.00 0.00 0.00 0.00 -37.49 -1.75 -0.01 -0.00 -0.00 0.00 -0.00 -0.00 -0.00 -3.20 -192.49 -39.68 -5.09 -2.98 -0.07 -0.00 -4.97 -4.16 -2.62 -60.04 -408.46 -152.84 -47.50 -40.16 -6.74 -0.64 -54.87 -50.75 -40.51 -206.81 -646.28 -329.32 -152.01 -144.95 -47.55 -11.73 -178.98 -168.29 -146.21 -409.26
0.00 0.00 0.00 0.00 0.00 0.00 0.00 0.00 0.00 0.00 -37.49 -1.75 -0.01 -0.00 -0.00 0.00 -0.00 -0.00 -0.00 -3.20 -192.49 -39.68 -5.09 -2.98 -0.07 -0.00 -4.97 -4.16 -2.62 -60.04 -408.46 -152.84 -47.50 -40.16 -6.74 -0.64 -54.87 -50.75 -40.51 -206.81 -646.28 -329.32 -152.01 -144.95 -47.55 -11.73 -178.98 -168.29 -146.21 -409.26
0.00 0.00 0.00 0.00 0.00 0.00 0.00 0.00 0.00 0.00 -37.49 -1.75 -0.01 -0.00 -0.00 0.00 -0.00 -0.00 -0.00 -3.20 -192.49 -39.68 -5.09 -2.98 -0.07 -0.00 -4.97 -4.16 -2.62 -60.04 -408.46 -152.84 -47.50 -40.16 -6.74 -0.64 -54.87 -50.75 -40.51 -206.81 -646.28 -329.32 -152.01 -144.95 -47.55 -11.73 -178.98 -168.29 -146.21 -409.26
0.00 0.00 0.00 0.00 0.00 0.00 0.00 0.00 0.00 0.00 -37.49 -1.75 -0.01 -0.00 -0.00 0.00 -0.00 -0.00 -0.00 -3.20 -192.49 -39.68 -5.09 -2.98 -0.07 -0.00 -4.97 -4.16 -2.62 -60.04 -408.46 -152.84 -47.50 -40.16 -6.74 -0.64 -54.87 -50.75 -40.51 -206.81 -646.28 -329.32 -152.01 -144.95 -47.55 -11.73 -178.98 -168.29 -146.21 -409.26
0.00 0.00 0.00 0.00 0.00 0.00 0.00 0.00 0.00 0.00 -37.49 -1.75 -0.01 -0.00 -0.00 0.00 -0.00 -0.00 -0.00 -3.20 -192.49 -39.68 -5.09 -2.98 -0.07 -0.00 -4.97 -4.16 -2.62 -60.04 -408.46 -152.84 -47.50 -40.16 -6.74 -0.64 -54.87 -50.75 -40.51 -206.81 -646.28 -329.32 -152.01 -144.95 -47.55 -11.73 -178.98 -168.29 -146.21 -409.26
0.00 0.00 0.00 0.00 0.00 0.00 0.00 0.00 0.00 0.00 -37.49 -1.75 -0.01 -0.00 -0.00 0.00 -0.00 -0.00 -0.00 -3.20 -192.49 -39.68 -5.09 -2.98 -0.07 -0.00 -4.97 -4.16 -2.62 -60.04 -408.46 -152.84 -47.50 -40.16 -6.74 -0.64 -54.87 -50.75 -40.51 -206.81 -646.28 -329.32 -152.01 -144.95 -47.55 -11.73 -178.98 -168.29 -146.21 -409.26
0.00 0.00 0.00 0.00 0.00 0.00 0.00 0.00 0.00 0.00 -37.49 -1.75 -0.01 -0.00 -0.00 0.00 -0.00 -0.00 -0.00 -3.20 -192.49 -39.68 -5.09 -2.98 -0.07 -0.00 -4.97 -4.16 -2.62 -60.04 -408.46 -152.84 -47.50 -40.16 -6.74 -0.64 -54.87 -50.75 -40.51 -206.81 -646.28 -329.32 -152.01 -144.95 -47.55 -11.73 -178.98 -168.29 -146.21 -409.26
0.00 0.00 0.00 0.00 0.00 0.00 0.00 0.00 0.00 0.00 -37.49 -1.75 -0.01 -0.00 -0.00 0.00 -0.00 -0.00 -0.00 -3.20 -192.49 -39.68 -5.09 -2.98 -0.07 -0.00 -4.97 -4.16 -2.62 -60.04 -408.46 -152.84 -47.50 -40.16 -6.74 -0.64 -54.87 -50.75 -40.51 -206.81 -646.28 -329.32 -152.01 -144.95 -47.55 -11.73 -178.98 -168.29 -146.21 -409.26
0.00 0.00 0.00 0.00 0.00 0.00 0.00 0.00 0.00 0.00 -37.49 -1.75 -0.01 -0.00 -0.00 0.00 -0.00 -0.00 -0.00 -3.20 -192.49 -39.68 -5.09 -2.98 -0.07 -0.00 -4.97 -4.16 -2.62 -60.04 -408.46 -152.84 -47.50 -40.16 -6.74 -0.64 -54.87 -50.75 -40.51 -206.81 -646.28 -329.32 -152.01 -144.95 -47.55 -11.73 -178.98 -168.29 -146.21 -409.26
0.00 0.00 0.00 0.00 0.00 0.00 0.00 0.00 0.00 0.00 -37.49 -1.75 -0.01 -0.00 -0.00 0.00 -0.00 -0.00 -0.00 -3.20 -192.49 -39.68 -5.09 -2.98 -0.07 -0.00 -4.97 -4.16 -2.62 -60.04 -408.46 -152.84 -47.50 -40.16 -6.74 -0.64 -54.87 -50.75 -40.51 -206.81 -646.28 -329.32 -152.01 -144.95 -47.55 -11.73 -178.98 -168.29 -146.21 -409.26
0.00 0.00 0.00 0.00 0.00 0.00 0.00 0.00 0.00 0.00 -37.49 -1.75 -0.01 -0.00 -0.00 0.00 -0.00 -0.00 -0.00 -3.20 -192.49 -39.68 -5.09 -2.98 -0.07 -0.00 -4.97 -4.16 -2.62 -60.04 -408.46 -152.84 -47.50 -40.16 -6.74 -0.64 -54.87 -50.75 -40.51 -206.81 -646.28 -329.32 -152.01 -144.95 -47.55 -11.73 -178.98 -168.29 -146.21 -409.26
0.00 0.00 0.00 0.00 0.00 0.00 0.00 0.00 0.00 0.00 -37.49 -1.75 -0.01 -0.00 -0.00 0.00 -0.00 -0.00 -0.00 -3.20 -192.49 -39.68 -5.09 -2.98 -0.07 -0.00 -4.97 -4.16 -2.62 -60.04 -408.46 -152.84 -47.50 -40.16 -6.74 -0.64 -54.87 -50.75 -40.51 -206.81 -646.28 -329.32 -152.01 -144.95 -47.55 -11.73 -178.98 -168.29 -146.21 -409.26
0.00 0.00 0.00 0.00 0.00 0.00 0.00 0.00 0.00 0.00 -37.49 -1.75 -0.01 -0.00 -0.00 0.00 -0.00 -0.00 -0.00 -3.20 -192.49 -39.68 -5.09 -2.98 -0.07 -0.00 -4.97 -4.16 -2.62 -60.04 -408.46 -152.84 -47.50 -40.16 -6.74 -0.64 -54.87 -50.75 -40.51 -206.81 -646.28 -329.32 -152.01 -144.95 -47.55 -11.73 -178.98 -168.29 -146.21 -409.26
0.00 0.00 0.00 0.00 0.00 0.00 0.00 0.00 0.00 0.00 -37.49 -1.75 -0.01 -0.00 -0.00 0.00 -0.00 -0.00 -0.00 -3.20 -192.49 -39.68 -5.09 -2.98 -0.07 -0.00 -4.97 -4.16 -2.62 -60.04 -408.46 -152.84 -47.50 -40.16 -6.74 -0.64 -54.87 -50.75 -40.51 -206.81 -646.28 -329.32 -152.01 -144.95 -47.55 -11.73 -178.98 -168.29 -146.21 -409.26
0.00 0.00 0.00 0.00 0.00 0.00 0.00 0.00 0.00 0.00 -37.49 -1.75 -0.01 -0.00 -0.00 0.00 -0.00 -0.00 -0.00 -3.20 -192.49 -39.68 -5.09 -2.98 -0.07 -0.00 -4.97 -4.16 -2.62 -60.04 -408.46 -152.84 -47.50 -40.16 -6.74 -0.64 -54.87 -50.75 -40.51 -206.81 -646.28 -329.32 -152.01 -144.95 -47.55 -11.73 -178.98 -168.29 -146.21 -409.26
0.00 0.00 0.00 0.00 0.00 0.00 0.00 0.00 0.00 0.00 -37.49 -1.75 -0.01 -0.00 -0.00 0.00 -0.00 -0.00 -0.00 -3.20 -192.49 -39.68 -5.09 -2.98 -0.07 -0.00 -4.97 -4.16 -2.62 -60.04 -408.46 -152.84 -47.50 -40.16 -6.74 -0.64 -54.87 -50.75 -40.51 -206.81 -646.28 -329.32 -152.01 -144.95 -47.55 -11.73 -178.98 -168.29 -146.21 -409.26
0.00 0.00 0.00 0.00 0.00 0.00 0.00 0.00 0.00 0.00 -37.49 -1.75 -0.01 -0.00 -0.00 0.00 -0.00 -0.00 -0.00 -3.20 -192.49 -39.68 -5.09 -2.98 -0.07 -0.00 -4.97 -4.16 -2.62 -60.04 -408.46 -152.84 -47.50 -40.16 -6.74 -0.64 -54.87 -50.75 -40.51 -206.81 -646.28 -329.32 -152.01 -144.95 -47.55 -11.73 -178.98 -168.29 -146.21 -409.26
0.00 0.00 0.00 0.00 0.00 0.00 0.00 0.00 0.00 0.00 -37.49 -1.75 -0.01 -0.00 -0.00 0.00 -0.00 -0.00 -0.00 -3.20 -192.49 -39.68 -5.09 -2.98 -0.07 -0.00 -4.97 -4.16 -2.62 -60.04 -408.46 -152.84 -47.50 -40.16 -6.74 -0.64 -54.87 -50.75 -40.51 -206.81 -646.28 -329.32 -152.01 -144.95 -47.55 -11.73 -178.98 -168.29 -146.21 -409.26
0.00 0.00 0.00 0.00 0.00 0.00 0.00 0.00 0.00 0.00 -37.49 -1.75 -0.01 -0.00 -0.00 0.00 -0.00 -0.00 -0.00 -3.20 -192.49 -39.68 -5.09 -2.98 -0.07 -0.00 -4.97 -4.16 -2.62 -60.04 -408.46 -152.84 -47.50 -40.16 -6.74 -0.64 -54.87 -50.75 -40.51 -206.81 -646.28 -329.32 -152.01 -144.95 -47.55 -11.73 -178.98 -168.29 -146.21 -409.26
0.00 0.00 0.00 0.00 0.00 0.00 0.00 0.00 0.00 0.00 -37.49 -1.75 -0.01 -0.00 -0.00 0.00 -0.00 -0.00 -0.00 -3.20 -192.49 -39.68 -5.09 -2.98 -0.07 -0.00 -4.97 -4.16 -2.62 -60.04 -408.46 -152.84 -47.50 -40.16 -6.74 -0.64 -54.87 -50.75 -40.51 -206.81 -646.28 -329.32 -152.01 -144.95 -47.55 -11.73 -178.98 -168.29 -146.21 -409.26
0.00 0.00 0.00 0.00 0.00 0.00 0.00 0.00 0.00 0.00 -37.49 -1.75 -0.01 -0.00 -0.00 0.00 -0.00 -0.00 -0.00 -3.20 -192.49 -39.68 -5.09 -2.98 -0.07 -0.00 -4.97 -4.16 -2.62 -60.04 -408.46 -152.84 -47.50 -40.16 -6.74 -0.64 -54.87 -50.75 -40.51 -206.81 -646.28 -329.32 -152.01 -144.95 -47.55 -11.73 -178.98 -168.29 -146.21 -409.26
0.00 0.00 0.00 0.00 0.00 0.00 0.00 0.00 0.00 0.00 -37.49 -1.75 -0.01 -0.00 -0.00 0.00 -0.00 -0.00 -0.00 -3.20 -192.49 -39.68 -5.09 -2.98 -0.07 -0.00 -4.97 -4.16 -2.62 -60.04 -408.46 -152.84 -47.50 -40.16 -6.74 -0.64 -54.87 -50.75 -40.51 -206.81 -646.28 -329.32 -152.01 -144.95 -47.55 -11.73 -178.98 -168.29 -146.21 -409.26
0.00 0.00 0.00 0.00 0.00 0.00 0.00 0.00 0.00 0.00 -37.49 -1.75 -0.01 -0.00 -0.00 0.00 -0.00 -0.00 -0.00 -3.20 -192.49 -39.68 -5.09 -2.98 -0.07 -0.00 -4.97 -4.16 -2.62 -60.04 -408.46 -152.84 -47.50 -40.16 -6.74 -0.64 -54.87 -50.75 -40.51 -206.81 -646.28 -329.32 -152.01 -144.95 -47.55 -11.73 -178.98 -168.29 -146.21 -409.26
0.00 0.00 0.00 0.00 0.00 0.00 0.00 0.00 0.00 0.00 -37.49 -1.75 -0.01 -0.00 -0.00 0.00 -0.00 -0.00 -0.00 -3.20 -192.49 -39.68 -5.09 -2.98 -0.07 -0.00 -4.97 -4.16 -2.62 -60.04 -408.46 -152.84 -47.50 -40.16 -6.74 -0.64 -54.87 -50.75 -40.51 -206.81 -646.28 -329.32 -152.01 -144.95 -47.55 -11.73 -178.98 -168.29 -146.21 -409.26
0.00 0.00 0.00 0.00 0.00 0.00 0.00 0.00 0.00 0.00 -37.49 -1.75 -0.01 -0.00 -0.00 0.00 -0.00 -0.00 -0.00 -3.20 -192.49 -39.68 -5.09 -2.98 -0.07 -0.00 -4.97 -4.16 -2.62 -60.04 -408.46 -152.84 -47.50 -40.16 -6.74 -0.64 -54.87 -50.75 -40.51 -206.81 -646.28 -329.32 -152.01 -144.95 -47.55 -11.73 -178.98 -168.29 -146.21 -409.26
0.00 0.00 0.00 0.00 0.00 0.00 0.00 0.00 0.00 0.00 -37.49 -1.75 -0.01 -0.00 -0.00 0.00 -0.00 -0.00 -0.00 -3.20 -192.49 -39.68 -5.09 -2.98 -0.07 -0.00 -4.97 -4.16 -2.62 -60.04 -408.46 -152.84 -47.50 -40.16 -6.74 -0.64 -54.87 -50.75 -40.51 -206.81 -646.28 -329.32 -152.01 -144.95 -47.55 -11.73 -178.98 -168.29 -146.21 -409.26
0.00 0.00 0.00 0.00 0.00 0.00 0.00 0.00 0.00 0.00 -37.49 -1.75 -0.01 -0.00 -0.00 0.00 -0.00 -0.00 -0.00 -3.20 -192.49 -39.68 -5.09 -2.98 -0.07 -0.00 -4.97 -4.16 -2.62 -60.04 -408.46 -152.84 -47.50 -40.16 -6.74 -0.64 -54.87 -50.75 -40.51 -206.81 -646.28 -329.32 -152.01 -144.95 -47.55 -11.73 -178.98 -168.29 -146.21 -409.26
0.00 0.00 0.00 0.00 0.00 0.00 0.00 0.00 0.00 0.00 -37.49 -1.75 -0.01 -0.00 -0.00 0.00 -0.00 -0.00 -0.00 -3.20 -192.49 -39.68 -5.09 -2.98 -0.07 -0.00 -4.97 -4.16 -2.62 -60.04 -408.46 -152.84 -47.50 -40.16 -6.74 -0.64 -54.87 -50.75 -40.51 -206.81 -646.28 -329.32 -152.01 -144.95 -47.55 -11.73 -178.98 -168.29 -146.21 -409.26
0.00 0.00 0.00 0.00 0.00 0.00 0.00 0.00 0.00 0.00 -37.49 -1.75 -0.01 -0.00 -0.00 0.00 -0.00 -0.00 -0.00 -3.20 -192.49 -39.68 -5.09 -2.98 -0.07 -0.00 -4.97 -4.16 -2.62 -60.04 -408.46 -152.84 -47.50 -40.16 -6.74 -0.64 -54.87 -50.75 -40.51 -206.81 -646.28 -329.32 -152.01 -144.95 -47.55 -11.73 -178.98 -168.29 -146.21 -409.26
0.00 0.00 0.00 0.00 0.00 0.00 0.00 0.00 0.00 0.00 -37.49 -1.75 -0.01 -0.00 -0.00 0.00 -0.00 -0.00 -0.00 -3.20 -192.49 -39.68 -5.09 -2.98 -0.07 -0.00 -4.97 -4.16 -2.62 -60.04 -408.46 -152.84 -47.50 -40.16 -6.74 -0.64 -54.87 -50.75 -40.51 -206.81 -646.28 -329.32 -152.01 -144.95 -47.55 -11.73 -178.98 -168.29 -146.21 -409.26
0.00 0.00 0.00 0.00 0.00 0.00 0.00 0.00 0.00 0.00 -37.49 -1.75 -0.01 -0.00 -0.00 0.00 -0.00 -0.00 -0.00 -3.20 -192.49 -39.68 -5.09 -2.98 -0.07 -0.00 -4.97 -4.16 -2.62 -60.04 -408.46 -152.84 -47.50 -40.16 -6.74 -0.64 -54.87 -50.75 -40.51 -206.81 -646.28 -329.32 -152.01 -144.95 -47.55 -11.73 -178.98 -168.29 -146.21 -409.26
0.00 0.00 0.00 0.00 0.00 0.00 0.00 0.00 0.00 0.00 -37.49 -1.75 -0.01 -0.00 -0.00 0.00 -0.00 -0.00 -0.00 -3.20 -192.49 -39.68 -5.09 -2.98 -0.07 -0.00 -4.97 -4.16 -2.62 -60.04 -408.46 -152.84 -47.50 -40.16 -6.74 -0.64 -54.87 -50.75 -40.51 -206.81 -646.28 -329.32 -152.01 -144.95 -47.55 -11.73 -178.98 -168.29 -146.21 -409.26
0.00 0.00 0.00 0.00 0.00 0.00 0.00 0.00 0.00 0.00 -37.49 -1.75 -0.01 -0.00 -0.00 0.00 -0.00 -0.00 -0.00 -3.20 -192.49 -39.68 -5.09 -2.98 -0.07 -0.00 -4.97 -4.16 -2.62 -60.04 -408.46 -152.84 -47.50 -40.16 -6.74 -0.64 -54.87 -50.75 -40.51 -206.81 -646.28 -329.32 -152.01 -144.95 -47.55 -11.73 -178.98 -168.29 -146.21 -409.26
0.00 0.00 0.00 0.00 0.00 0.00 0.00 0.00 0.00 0.00 -37.49 -1.75 -0.01 -0.00 -0.00 0.00 -0.00 -0.00 -0.00 -3.20 -192.49 -39.68 -5.09 -2.98 -0.07 -0.00 -4.97 -4.16 -2.62 -60.04 -408.46 -152.84 -47.50 -40.16 -6.74 -0.64 -54.87 -50.75 -40.51 -206.81 -646.28 -329.32 -152.01 -144.95 -47.55 -11.73 -178.98 -168.29 -146.21 -409.26
0.00 0.00 0.00 0.00 0.00 0.00 0.00 0.00 0.00 0.00 -37.49 -1.75 -0.01 -0.00 -0.00 0.00 -0.00 -0.00 -0.00 -3.20 -192.49 -39.68 -5.09 -2.98 -0.07 -0.00 -4.97 -4.16 -2.62 -60.04 -408.46 -152.84 -47.50 -40.16 -6.74 -0.64 -54.87 -50.75 -40.51 -206.81 -646.28 -329.32 -152.01 -144.95 -47.55 -11.73 -178.98 -168.29 -146.21 -409.26
0.00 0.00 0.00 0.00 0.00 0.00 0.00 0.00 0.00 0.00 -37.49 -1.75 -0.01 -0.00 -0.00 0.00 -0.00 -0.00 -0.00 -3.20 -192.49 -39.68 -5.09 -2.98 -0.07 -0.00 -4.97 -4.16 -2.62 -60.04 -408.46 -152.84 -47.50 -40.16 -6.74 -0.64 -54.87 -50.75 -40.51 -206.81 -646.28 -329.32 -152.01 -144.95 -47.55 -11.73 -178.98 -168.29 -146.21 -409.26
0.00 0.00 0.00 0.00 0.00 0.00 0.00 0.00 0.00 0.00 -37.49 -1.75 -0.01 -0.00 -0.00 0.00 -0.00 -0.00 -0.00 -3.20 -192.49 -39.68 -5.09 -2.98 -0.07 -0.00 -4.97 -4.16 -2.62 -60.04 -408.46 -152.84 -47.50 -40.16 -6.74 -0.64 -54.87 -50.75 -40.51 -206.81 -646.28 -329.32 -152.01 -144.95 -47.55 -11.73 -178.98 -168.29 -146.21 -409.26
0.00 0.00 0.00 0.00 0.00 0.00 0.00 0.00 0.00 0.00 -37.49 -1.75 -0.01 -0.00 -0.00 0.00 -0.00 -0.00 -0.00 -3.20 -192.49 -39.68 -5.09 -2.98 -0.07 -0.00 -4.97 -4.16 -2.62 -60.04 -408.46 -152.84 -47.50 -40.16 -6.74 -0.64 -54.87 -50.75 -40.51 -206.81 -646.28 -329.32 -152.01 -144.95 -47.55 -11.73 -178.98 -168.29 -146.21 -409.26
0.00 0.00 0.00 0.00 0.00 0.00 0.00 0.00 0.00 0.00 -37.49 -1.75 -0.01 -0.00 -0.00 0.00 -0.00 -0.00 -0.00 -3.20 -192.49 -39.68 -5.09 -2.98 -0.07 -0.00 -4.97 -4.16 -2.62 -60.04 -408.46 -152.84 -47.50 -40.16 -6.74 -0.64 -54.87 -50.75 -40.51 -206.81 -646.28 -329.32 -152.01 -144.95 -47.55 -11.73 -178.98 -168.29 -146.21 -409.26
0.00 0.00 0.00 0.00 0.00 0.00 0.00 0.00 0.00 0.00 -37.49 -1.75 -0.01 -0.00 -0.00 0.00 -0.00 -0.00 -0.00 -3.20 -192.49 -39.68 -5.09 -2.98 -0.07 -0.00 -4.97 -4.16 -2.62 -60.04 -408.46 -152.84 -47.50 -40.16 -6.74 -0.64 -54.87 -50.75 -40.51 -206.81 -646.28 -329.32 -152.01 -144.95 -47.55 -11.73 -178.98 -168.29 -146.21 -409.26
0.00 0.00 0.00 0.00 0.00 0.00 0.00 0.00 0.00 0.00 -37.49 -1.75 -0.01 -0.00 -0.00 0.00 -0.00 -0.00 -0.00 -3.20 -192.49 -39.68 -5.09 -2.98 -0.07 -0.00 -4.97 -4.16 -2.62 -60.04 -408.46 -152.84 -47.50 -40.16 -6.74 -0.64 -54.87 -50.75 -40.51 -206.81 -646.28 -329.32 -152.01 -144.95 -47.55 -11.73 -178.98 -168.29 -146.21 -409.26
0.00 0.00 0.00 0.00 0.00 0.00 0.00 0.00 0.00 0.00 -37.49 -1.75 -0.01 -0.00 -0.00 0.00 -0.00 -0.00 -0.00 -3.20 -192.49 -39.68 -5.09 -2.98 -0.07 -0.00 -4.97 -4.16 -2.62 -60.04 -408.46 -152.84 -47.50 -40.16 -6.74 -0.64 -54.87 -50.75 -40.51 -206.81 -646.28 -329.32 -152.01 -144.95 -47.55 -11.73 -178.98 -168.29 -146.21 -409.26
0.00 0.00 0.00 0.00 0.00 0.00 0.00 0.00 0.00 0.00 -37.49 -1.75 -0.01 -0.00 -0.00 0.00 -0.00 -0.00 -0.00 -3.20 -192.49 -39.68 -5.09 -2.98 -0.07 -0.00 -4.97 -4.16 -2.62 -60.04 -408.46 -152.84 -47.50 -40.16 -6.74 -0.64 -54.87 -50.75 -40.51 -206.81 -646.28 -329.32 -152.01 -144.95 -47.55 -11.73 -178.98 -168.29 -146.21 -409.26
0.00 0.00 0.00 0.00 0.00 0.00 0.00 0.00 0.00 0.00 -37.49 -1.75 -0.01 -0.00 -0.00 0.00 -0.00 -0.00 -0.00 -3.20 -192.49 -39.68 -5.09 -2.98 -0.07 -0.00 -4.97 -4.16 -2.62 -60.04 -408.46 -152.84 -47.50 -40.16 -6.74 -0.64 -54.87 -50.75 -40.51 -206.81 -646.28 -329.32 -152.01 -144.95 -47.55 -11.73 -178.98 -168.29 -146.21 -409.26
0.00 0.00 0.00 0.00 0.00 0.00 0.00 0.00 0.00 0.00 -37.49 -1.75 -0.01 -0.00 -0.00 0.00 -0.00 -0.00 -0.00 -3.20 -192.49 -39.68 -5.09 -2.98 -0.07 -0.00 -4.97 -4.16 -2.62 -60.04 -408.46 -152.84 -47.50 -40.16 -6.74 -0.64 -54.87 -50.75 -40.51 -206.81 -646.28 -329.32 -152.01 -144.95 -47.55 -11.73 -178.98 -168.29 -146.21 -409.26
0.00 0.00 0.00 0.00 0.00 0.00 0.00 0.00 0.00 0.00 -37.49 -1.75 -0.01 -0.00 -0.00 0.00 -0.00 -0.00 -0.00 -3.20 -192.49 -39.68 -5.09 -2.98 -0.07 -0.00 -4.97 -4.16 -2.62 -60.04 -408.46 -152.84 -47.50 -40.16 -6.74 -0.64 -54.87 -50.75 -40.51 -206.81 -646.28 -329.32 -152.01 -144.95 -47.55 -11.73 -178.98 -168.29 -146.21 -409.26
0.00 0.00 0.00 0.00 0.00 0.00 0.00 0.00 0.00 0.00 -37.49 -1.75 -0.01 -0.00 -0.00 0.00 -0.00 -0.00 -0.00 -3.20 -192.49 -39.68 -5.09 -2.98 -0.07 -0.00 -4.97 -4.16 -2.62 -60.04 -408.46 -152.84 -47.50 -40.16 -6.74 -0.64 -54.87 -50.75 -40.51 -206.81 -646.28 -329.32 -152.01 -144.95 -47.55 -11.73 -178.98 -168.29 -146.21 -409.26
0.00 0.00 0.00 0.00 0.00 0.00 0.00 0.00 0.00 0.00 -37.49 -1.75 -0.01 -0.00 -0.00 0.00 -0.00 -0.00 -0.00 -3.20 -192.49 -39.68 -5.09 -2.98 -0.07 -0.00 -4.97 -4.16 -2.62 -60.04 -408.46 -152.84 -47.50 -40.16 -6.74 -0.64 -54.87 -50.75 -40.51 -206.81 -646.28 -329.32 -152.01 -144.95 -47.55 -11.73 -178.98 -168.29 -146.21 -409.26
0.00 0.00 0.00 0.00 0.00 0.00 0.00 0.00 0.00 0.00 -37.49 -1.75 -0.01 -0.00 -0.00 0.00 -0.00 -0.00 -0.00 -3.20 -192.49 -39.68 -5.09 -2.98 -0.07 -0.00 -4.97 -4.16 -2.62 -60.04 -408.46 -152.84 -47.50 -40.16 -6.74 -0.64 -54.87 -50.75 -40.51 -206.81 -646.28 -329.32 -152.01 -144.95 -47.55 -11.73 -178.98 -168.29 -146.21 -409.26
0.00 0.00 0.00 0.00 0.00 0.00 0.00 0.00 0.00 0.00 -37.49 -1.75 -0.01 -0.00 -0.00 0.00 -0.00 -0.00 -0.00 -3.20 -192.49 -39.68 -5.09 -2.98 -0.07 -0.00 -4.97 -4.16 -2.62 -60.04 -408.46 -152.84 -47.50 -40.16 -6.74 -0.64 -54.87 -50.75 -40.51 -206.81 -646.28 -329.32 -152.01 -144.95 -47.55 -11.73 -178.98 -168.29 -146.21 -409.26
0.00 0.00 0.00 0.00 0.00 0.00 0.00 0.00 0.00 0.00 -37.49 -1.75 -0.01 -0.00 -0.00 0.00 -0.00 -0.00 -0.00 -3.20 -192.49 -39.68 -5.09 -2.98 -0.07 -0.00 -4.97 -4.16 -2.62 -60.04 -408.46 -152.84 -47.50 -40.16 -6.74 -0.64 -54.87 -50.75 -40.51 -206.81 -646.28 -329.32 -152.01 -144.95 -47.55 -11.73 -178.98 -168.29 -146.21 -409.26
0.00 0.00 0.00 0.00 0.00 0.00 0.00 0.00 0.00 0.00 -37.49 -1.75 -0.01 -0.00 -0.00 0.00 -0.00 -0.00 -0.00 -3.20 -192.49 -39.68 -5.09 -2.98 -0.07 -0.00 -4.97 -4.16 -2.62 -60.04 -408.46 -152.84 -47.50 -40.16 -6.74 -0.64 -54.87 -50.75 -40.51 -206.81 -646.28 -329.32 -152.01 -144.95 -47.55 -11.73 -178.98 -168.29 -146.21 -409.26
0.00 0.00 0.00 0.00 0.00 0.00 0.00 0.00 0.00 0.00 -37.49 -1.75 -0.01 -0.00 -0.00 0.00 -0.00 -0.00 -0.00 -3.20 -192.49 -39.68 -5.09 -2.98 -0.07 -0.00 -4.97 -4.16 -2.62 -60.04 -408.46 -152.84 -47.50 -40.16 -6.74 -0.64 -54.87 -50.75 -40.51 -206.81 -646.28 -329.32 -152.01 -144.95 -47.55 -11.73 -178.98 -168.29 -146.21 -409.26
0.00 0.00 0.00 0.00 0.00 0.00 0.00 0.00 0.00 0.00 -37.49 -1.75 -0.01 -0.00 -0.00 0.00 -0.00 -0.00 -0.00 -3.20 -192.49 -39.68 -5.09 -2.98 -0.07 -0.00 -4.97 -4.16 -2.62 -60.04 -408.46 -152.84 -47.50 -40.16 -6.74 -0.64 -54.87 -50.75 -40.51 -206.81 -646.28 -329.32 -152.01 -144.95 -47.55 -11.73 -178.98 -168.29 -146.21 -409.26
0.00 0.00 0.00 0.00 0.00 0.00 0.00 0.00 0.00 0.00 -37.49 -1.75 -0.01 -0.00 -0.00 0.00 -0.00 -0.00 -0.00 -3.20 -192.49 -39.68 -5.09 -2.98 -0.07 -0.00 -4.97 -4.16 -2.62 -60.04 -408.46 -152.84 -47.50 -40.16 -6.74 -0.64 -54.87 -50.75 -40.51 -206.81 -646.28 -329.32 -152.01 -144.95 -47.55 -11.73 -178.98 -168.29 -146.21 -409.26
0.00 0.00 0.00 0.00 0.00 0.00 0.00 0.00 0.00 0.00 -37.49 -1.75 -0.01 -0.00 -0.00 0.00 -0.00 -0.00 -0.00 -3.20 -192.49 -39.68 -5.09 -2.98 -0.07 -0.00 -4.97 -4.16 -2.62 -60.04 -408.46 -152.84 -47.50 -40.16 -6.74 -0.64 -54.87 -50.75 -40.51 -206.81 -646.28 -329.32 -152.01 -144.95 -47.55 -11.73 -178.98 -168.29 -146.21 -409.26
0.00 0.00 0.00 0.00 0.00 0.00 0.00 0.00 0.00 0.00 -37.49 -1.75 -0.01 -0.00 -0.00 0.00 -0.00 -0.00 -0.00 -3.20 -192.49 -39.68 -5.09 -2.98 -0.07 -0.00 -4.97 -4.16 -2.62 -60.04 -408.46 -152.84 -47.50 -40.16 -6.74 -0.64 -54.87 -50.75 -40.51 -206.81 -646.28 -329.32 -152.01 -144.95 -47.55 -11.73 -178.98 -168.29 -146.21 -409.26
0.00 0.00 0.00 0.00 0.00 0.00 0.00 0.00 0.00 0.00 -37.49 -1.75 -0.01 -0.00 -0.00 0.00 -0.00 -0.00 -0.00 -3.20 -192.49 -39.68 -5.09 -2.98 -0.07 -0.00 -4.97 -4.16 -2.62 -60.04 -408.46 -152.84 -47.50 -40.16 -6.74 -0.64 -54.87 -50.75 -40.51 -206.81 -646.28 -329.32 -152.01 -144.95 -47.55 -11.73 -178.98 -168.29 -146.21 -409.26
0.00 0.00 0.00 0.00 0.00 0.00 0.00 0.00 0.00 0.00 -37.49 -1.75 -0.01 -0.00 -0.00 0.00 -0.00 -0.00 -0.00 -3.20 -192.49 -39.68 -5.09 -2.98 -0.07 -0.00 -4.97 -4.16 -2.62 -60.04 -408.46 -152.84 -47.50 -40.16 -6.74 -0.64 -54.87 -50.75 -40.51 -206.81 -646.28 -329.32 -152.01 -144.95 -47.55 -11.73 -178.98 -168.29 -146.21 -409.26
0.00 0.00 0.00 0.00 0.00 0.00 0.00 0.00 0.00 0.00 -37.49 -1.75 -0.01 -0.00 -0.00 0.00 -0.00 -0.00 -0.00 -3.20 -192.49 -39.68 -5.09 -2.98 -0.07 -0.00 -4.97 -4.16 -2.62 -60.04 -408.46 -152.84 -47.50 -40.16 -6.74 -0.64 -54.87 -50.75 -40.51 -206.81 -646.28 -329.32 -152.01 -144.95 -47.55 -11.73 -178.98 -168.29 -146.21 -409.26
0.00 0.00 0.00 0.00 0.00 0.00 0.00 0.00 0.00 0.00 -37.49 -1.75 -0.01 -0.00 -0.00 0.00 -0.00 -0.00 -0.00 -3.20 -192.49 -39.68 -5.09 -2.98 -0.07 -0.00 -4.97 -4.16 -2.62 -60.04 -408.46 -152.84 -47.50 -40.16 -6.74 -0.64 -54.87 -50.75 -40.51 -206.81 -646.28 -329.32 -152.01 -144.95 -47.55 -11.73 -178.98 -168.29 -146.21 -409.26
0.00 0.00 0.00 0.00 0.00 0.00 0.00 0.00 0.00 0.00 -37.49 -1.75 -0.01 -0.00 -0.00 0.00 -0.00 -0.00 -0.00 -3.20 -192.49 -39.68 -5.09 -2.98 -0.07 -0.00 -4.97 -4.16 -2.62 -60.04 -408.46 -152.84 -47.50 -40.16 -6.74 -0.64 -54.87 -50.75 -40.51 -206.81 -646.28 -329.32 -152.01 -144.95 -47.55 -11.73 -178.98 -168.29 -146.21 -409.26
0.00 0.00 0.00 0.00 0.00 0.00 0.00 0.00 0.00 0.00 -37.49 -1.75 -0.01 -0.00 -0.00 0.00 -0.00 -0.00 -0.00 -3.20 -192.49 -39.68 -5.09 -2.98 -0.07 -0.00 -4.97 -4.16 -2.62 -60.04 -408.46 -152.84 -47.50 -40.16 -6.74 -0.64 -54.87 -50.75 -40.51 -206.81 -646.28 -329.32 -152.01 -144.95 -47.55 -11.73 -178.98 -168.29 -146.21 -409.26
0.00 0.00 0.00 0.00 0.00 0.00 0.00 0.00 0.00 0.00 -37.49 -1.75 -0.01 -0.00 -0.00 0.00 -0.00 -0.00 -0.00 -3.20 -192.49 -39.68 -5.09 -2.98 -0.07 -0.00 -4.97 -4.16 -2.62 -60.04 -408.46 -152.84 -47.50 -40.16 -6.74 -0.64 -54.87 -50.75 -40.51 -206.81 -646.28 -329.32 -152.01 -144.95 -47.55 -11.73 -178.98 -168.29 -146.21 -409.26
0.00 0.00 0.00 0.00 0.00 0.00 0.00 0.00 0.00 0.00 -37.49 -1.75 -0.01 -0.00 -0.00 0.00 -0.00 -0.00 -0.00 -3.20 -192.49 -39.68 -5.09 -2.98 -0.07 -0.00 -4.97 -4.16 -2.62 -60.04 -408.46 -152.84 -47.50 -40.16 -6.74 -0.64 -54.87 -50.75 -40.51 -206.81 -646.28 -329.32 -152.01 -144.95 -47.55 -11.73 -178.98 -168.29 -146.21 -409.26
0.00 0.00 0.00 0.00 0.00 0.00 0.00 0.00 0.00 0.00 -37.49 -1.75 -0.01 -0.00 -0.00 0.00 -0.00 -0.00 -0.00 -3.20 -192.49 -39.68 -5.09 -2.98 -0.07 -0.00 -4.97 -4.16 -2.62 -60.04 -408.46 -152.84 -47.50 -40.16 -6.74 -0.64 -54.87 -50.75 -40.51 -206.81 -646.28 -329.32 -152.01 -144.95 -47.55 -11.73 -178.98 -168.29 -146.21 -409.26
0.00 0.00 0.00 0.00 0.00 0.00 0.00 0.00 0.00 0.00 -37.49 -1.75 -0.01 -0.00 -0.00 0.00 -0.00 -0.00 -0.00 -3.20 -192.49 -39.68 -5.09 -2.98 -0.07 -0.00 -4.97 -4.16 -2.62 -60.04 -408.46 -152.84 -47.50 -40.16 -6.74 -0.64 -54.87 -50.75 -40.51 -206.81 -646.28 -329.32 -152.01 -144.95 -47.55 -11.73 -178.98 -168.29 -146.21 -409.26
0.00 0.00 0.00 0.00 0.00 0.00 0.00 0.00 0.00 0.00 -37.49 -1.75 -0.01 -0.00 -0.00 0.00 -0.00 -0.00 -0.00 -3.20 -192.49 -39.68 -5.09 -2.98 -0.07 -0.00 -4.97 -4.16 -2.62 -60.04 -408.46 -152.84 -47.50 -40.16 -6.74 -0.64 -54.87 -50.75 -40.51 -206.81 -646.28 -329.32 -152.01 -144.95 -47.55 -11.73 -178.98 -168.29 -146.21 -409.26
0.00 0.00 0.00 0.00 0.00 0.00 0.00 0.00 0.00 0.00 -37.49 -1.75 -0.01 -0.00 -0.00 0.00 -0.00 -0.00 -0.00 -3.20 -192.49 -39.68 -5.09 -2.98 -0.07 -0.00 -4.97 -4.16 -2.62 -60.04 -408.46 -152.84 -47.50 -40.16 -6.74 -0.64 -54.87 -50.75 -40.51 -206.81 -646.28 -329.32 -152.01 -144.95 -47.55 -11.73 -178.98 -168.29 -146.21 -409.26
0.00 0.00 0.00 0.00 0.00 0.00 0.00 0.00 0.00 0.00 -37.49 -1.75 -0.01 -0.00 -0.00 0.00 -0.00 -0.00 -0.00 -3.20 -192.49 -39.68 -5.09 -2.98 -0.07 -0.00 -4.97 -4.16 -2.62 -60.04 -408.46 -152.84 -47.50 -40.16 -6.74 -0.64 -54.87 -50.75 -40.51 -206.81 -646.28 -329.32 -152.01 -144.95 -47.55 -11.73 -178.98 -168.29 -146.21 -409.26
0.00 0.00 0.00 0.00 0.00 0.00 0.00 0.00 0.00 0.00 -37.49 -1.75 -0.01 -0.00 -0.00 0.00 -0.00 -0.00 -0.00 -3.20 -192.49 -39.68 -5.09 -2.98 -0.07 -0.00 -4.97 -4.16 -2.62 -60.04 -408.46 -152.84 -47.50 -40.16 -6.74 -0.64 -54.87 -50.75 -40.51 -206.81 -646.28 -329.32 -152.01 -144.95 -47.55 -11.73 -178.98 -168.29 -146.21 -409.26
0.00 0.00 0.00 0.00 0.00 0.00 0.00 0.00 0.00 0.00 -37.49 -1.75 -0.01 -0.00 -0.00 0.00 -0.00 -0.00 -0.00 -3.20 -192.49 -39.68 -5.09 -2.98 -0.07 -0.00 -4.97 -4.16 -2.62 -60.04 -408.46 -152.84 -47.50 -40.16 -6.74 -0.64 -54.87 -50.75 -40.51 -206.81 -646.28 -329.32 -152.01 -144.95 -47.55 -11.73 -178.98 -168.29 -146.21 -409.26
0.00 0.00 0.00 0.00 0.00 0.00 0.00 0.00 0.00 0.00 -37.49 -1.75 -0.01 -0.00 -0.00 0.00 -0.00 -0.00 -0.00 -3.20 -192.49 -39.68 -5.09 -2.98 -0.07 -0.00 -4.97 -4.16 -2.62 -60.04 -408.46 -152.84 -47.50 -40.16 -6.74 -0.64 -54.87 -50.75 -40.51 -206.81 -646.28 -329.32 -152.01 -144.95 -47.55 -11.73 -178.98 -168.29 -146.21 -409.26
0.00 0.00 0.00 0.00 0.00 0.00 0.00 0.00 0.00 0.00 -37.49 -1.75 -0.01 -0.00 -0.00 0.00 -0.00 -0.00 -0.00 -3.20 -192.49 -39.68 -5.09 -2.98 -0.07 -0.00 -4.97 -4.16 -2.62 -60.04 -408.46 -152.84 -47.50 -40.16 -6.74 -0.64 -54.87 -50.75 -40.51 -206.81 -646.28 -329.32 -152.01 -144.95 -47.55 -11.73 -178.98 -168.29 -146.21 -409.26
0.00 0.00 0.00 0.00 0.00 0.00 0.00 0.00 0.00 0.00 -37.49 -1.75 -0.01 -0.00 -0.00 0.00 -0.00 -0.00 -0.00 -3.20 -192.49 -39.68 -5.09 -2.98 -0.07 -0.00 -4.97 -4.16 -2.62 -60.04 -408.46 -152.84 -47.50 -40.16 -6.74 -0.64 -54.87 -50.75 -40.51 -206.81 -646.28 -329.32 -152.01 -144.95 -47.55 -11.73 -178.98 -168.29 -146.21 -409.26
0.00 0.00 0.00 0.00 0.00 0.00 0.00 0.00 0.00 0.00 -37.49 -1.75 -0.01 -0.00 -0.00 0.00 -0.00 -0.00 -0.00 -3.20 -192.49 -39.68 -5.09 -2.98 -0.07 -0.00 -4.97 -4.16 -2.62 -60.04 -408.46 -152.84 -47.50 -40.16 -6.74 -0.64 -54.87 -50.75 -40.51 -206.81 -646.28 -329.32 -152.01 -144.95 -47.55 -11.73 -178.98 -168.29 -146.21 -409.26
0.00 0.00 0.00 0.00 0.00 0.00 0.00 0.00 0.00 0.00 -37.49 -1.75 -0.01 -0.00 -0.00 0.00 -0.00 -0.00 -0.00 -3.20 -192.49 -39.68 -5.09 -2.98 -0.07 -0.00 -4.97 -4.16 -2.62 -60.04 -408.46 -152.84 -47.50 -40.16 -6.74 -0.64 -54.87 -50.75 -40.51 -206.81 -646.28 -329.32 -152.01 -144.95 -47.55 -11.73 -178.98 -168.29 -146.21 -409.26
0.00 0.00 0.00 0.00 0.00 0.00 0.00 0.00 0.00 0.00 -37.49 -1.75 -0.01 -0.00 -0.00 0.00 -0.00 -0.00 -0.00 -3.20 -192.49 -39.68 -5.09 -2.98 -0.07 -0.00 -4.97 -4.16 -2.62 -60.04 -408.46 -152.84 -47.50 -40.16 -6.74 -0.64 -54.87 -50.75 -40.51 -206.81 -646.28 -329.32 -152.01 -144.95 -47.55 -11.73 -178.98 -168.29 -146.21 -409.26
0.00 0.00 0.00 0.00 0.00 0.00 0.00 0.00 0.00 0.00 -37.49 -1.75 -0.01 -0.00 -0.00 0.00 -0.00 -0.00 -0.00 -3.20 -192.49 -39.68 -5.09 -2.98 -0.07 -0.00 -4.97 -4.16 -2.62 -60.04 -408.46 -152.84 -47.50 -40.16 -6.74 -0.64 -54.87 -50.75 -40.51 -206.81 -646.28 -329.32 -152.01 -144.95 -47.55 -11.73 -178.98 -168.29 -146.21 -409.26
0.00 0.00 0.00 0.00 0.00 0.00 0.00 0.00 0.00 0.00 -37.49 -1.75 -0.01 -0.00 -0.00 0.00 -0.00 -0.00 -0.00 -3.20 -192.49 -39.68 -5.09 -2.98 -0.07 -0.00 -4.97 -4.16 -2.62 -60.04 -408.46 -152.84 -47.50 -40.16 -6.74 -0.64 -54.87 -50.75 -40.51 -206.81 -646.28 -329.32 -152.01 -144.95 -47.55 -11.73 -178.98 -168.29 -146.21 -409.26
