1.18421173 0.00000420 1.42611146 0.99878323 0.74172222 0.49225051
1.18421173 0.00000420 1.42611146 0.99878323 0.74172222 0.49225051
1.18421173 0.00000420 1.42611146 0.99878323 0.74172222 0.49225051
1.18421173 0.00000420 1.42611146 0.99878323 0.74172222 0.49225051
1.18421173 0.00000420 1.42611146 0.99878323 0.74172222 0.49225051
1.24320783 0.00000394 1.33264317 0.94328343 0.75715882 0.50886080
1.19057635 0.00000417 1.40223807 0.86001913 0.72990651 0.53979863
1.19057635 0.00000417 1.40223807 0.86001913 0.72990651 0.53979863
1.19057635 0.00000417 1.40223807 0.86001913 0.72990651 0.53979863
1.19057635 0.00000417 1.40223807 0.86001913 0.72990651 0.53979863
1.19057635 0.00000417 1.40223807 0.86001913 0.72990651 0.53979863
1.19057635 0.00000417 1.40223807 0.86001913 0.72990651 0.53979863
1.19057635 0.00000417 1.40223807 0.86001913 0.72990651 0.53979863
1.19057635 0.00000417 1.40223807 0.86001913 0.72990651 0.53979863
1.19057635 0.00000417 1.40223807 0.86001913 0.72990651 0.53979863
1.19057635 0.00000417 1.40223807 0.86001913 0.72990651 0.53979863
1.19057635 0.00000417 1.40223807 0.86001913 0.72990651 0.53979863
1.19057635 0.00000417 1.40223807 0.86001913 0.72990651 0.53979863
1.19057635 0.00000417 1.40223807 0.86001913 0.72990651 0.53979863
1.19057635 0.00000417 1.40223807 0.86001913 0.72990651 0.53979863
1.19057635 0.00000417 1.40223807 0.86001913 0.72990651 0.53979863
1.19057635 0.00000417 1.40223807 0.86001913 0.72990651 0.53979863
1.19057635 0.00000417 1.40223807 0.86001913 0.72990651 0.53979863
1.19057635 0.00000417 1.40223807 0.86001913 0.72990651 0.53979863
1.19057635 0.00000417 1.40223807 0.86001913 0.72990651 0.53979863
1.19057635 0.00000417 1.40223807 0.86001913 0.72990651 0.53979863
1.19057635 0.00000417 1.40223807 0.86001913 0.72990651 0.53979863
1.19057635 0.00000417 1.40223807 0.86001913 0.72990651 0.53979863
1.19057635 0.00000417 1.40223807 0.86001913 0.72990651 0.53979863
1.41798686 0.00000417 1.34918431 0.97989008 0.66447736 0.53979863
1.19049610 0.00000417 1.25416729 1.58130135 0.66447736 0.53979863
1.19049610 0.00000417 1.25416729 1.58130135 0.66447736 0.53979863
1.19049610 0.00000417 1.25416729 1.58130135 0.66447736 0.53979863
1.19049610 0.00000417 1.25416729 1.58130135 0.66447736 0.53979863
1.19049610 0.00000417 1.25416729 1.58130135 0.66447736 0.53979863
1.19049610 0.00000417 1.25416729 1.58130135 0.66447736 0.53979863
1.19049610 0.00000417 1.25416729 1.58130135 0.66447736 0.53979863
1.19049610 0.00000417 1.25416729 1.58130135 0.66447736 0.53979863
1.19049610 0.00000417 1.25416729 1.58130135 0.66447736 0.53979863
1.19049610 0.00000417 1.25416729 1.58130135 0.66447736 0.53979863
1.19049610 0.00000417 1.25416729 1.58130135 0.66447736 0.53979863
1.19049610 0.00000417 1.25416729 1.58130135 0.66447736 0.53979863
1.19049610 0.00000417 1.25416729 1.58130135 0.66447736 0.53979863
1.19049610 0.00000417 1.25416729 1.58130135 0.66447736 0.53979863
1.19049610 0.00000417 1.25416729 1.58130135 0.66447736 0.53979863
1.19049610 0.00000417 1.25416729 1.58130135 0.66447736 0.53979863
1.19049610 0.00000417 1.25416729 1.58130135 0.66447736 0.53979863
1.19049610 0.00000417 1.25416729 1.58130135 0.66447736 0.53979863
1.19049610 0.00000417 1.25416729 1.58130135 0.66447736 0.53979863
1.19049610 0.00000417 1.25416729 1.58130135 0.66447736 0.53979863
1.19049610 0.00000417 1.25416729 1.58130135 0.66447736 0.53979863
1.19049610 0.00000417 1.25416729 1.58130135 0.66447736 0.53979863
1.19049610 0.00000417 1.25416729 1.58130135 0.66447736 0.53979863
1.19158608 0.00000417 1.06255686 1.86103017 0.66447736 0.54493863
1.19158608 0.00000417 1.06255686 1.86103017 0.66447736 0.54493863
1.19158608 0.00000417 1.06255686 1.86103017 0.66447736 0.54493863
1.19158608 0.00000417 1.06255686 1.86103017 0.66447736 0.54493863
1.19158608 0.00000417 1.06255686 1.86103017 0.66447736 0.54493863
1.19158608 0.00000417 1.06255686 1.86103017 0.66447736 0.54493863
1.19158608 0.00000417 1.06255686 1.86103017 0.66447736 0.54493863
1.19158608 0.00000417 1.06255686 1.86103017 0.66447736 0.54493863
1.19158608 0.00000417 1.06255686 1.86103017 0.66447736 0.54493863
1.19158608 0.00000417 1.06255686 1.86103017 0.66447736 0.54493863
1.19158608 0.00000417 1.06255686 1.86103017 0.66447736 0.54493863
1.19158608 0.00000417 1.06255686 1.86103017 0.66447736 0.54493863
1.19158608 0.00000417 1.06255686 1.86103017 0.66447736 0.54493863
1.19158608 0.00000417 1.06255686 1.86103017 0.66447736 0.54493863
1.19158608 0.00000417 1.06255686 1.86103017 0.66447736 0.54493863
1.19158608 0.00000417 1.06255686 1.86103017 0.66447736 0.54493863
1.19158608 0.00000417 1.06255686 1.86103017 0.66447736 0.54493863
1.19158608 0.00000417 1.06255686 1.86103017 0.66447736 0.54493863
1.19158608 0.00000417 1.06255686 1.86103017 0.66447736 0.54493863
1.19158608 0.00000417 1.06255686 1.86103017 0.66447736 0.54493863
1.19158608 0.00000417 1.06255686 1.86103017 0.66447736 0.54493863
1.19158608 0.00000417 1.06255686 1.86103017 0.66447736 0.54493863
1.19158608 0.00000417 1.06255686 1.86103017 0.66447736 0.54493863
1.19158608 0.00000417 1.06255686 1.86103017 0.66447736 0.54493863
1.19158608 0.00000417 1.06255686 1.86103017 0.66447736 0.54493863
1.19158608 0.00000417 1.06255686 1.86103017 0.66447736 0.54493863
1.19158608 0.00000417 1.06255686 1.86103017 0.66447736 0.54493863
1.19158608 0.00000417 1.06255686 1.86103017 0.66447736 0.54493863
1.19158608 0.00000417 1.06255686 1.86103017 0.66447736 0.54493863
1.19158608 0.00000417 1.06255686 1.86103017 0.66447736 0.54493863
1.19158608 0.00000417 1.06255686 1.86103017 0.66447736 0.54493863
1.19158608 0.00000417 1.06255686 1.86103017 0.66447736 0.54493863
1.19158608 0.00000417 1.06255686 1.86103017 0.66447736 0.54493863
1.19158608 0.00000417 1.06255686 1.86103017 0.66447736 0.54493863
1.19158608 0.00000417 1.06255686 1.86103017 0.66447736 0.54493863
1.19158608 0.00000417 1.06255686 1.86103017 0.66447736 0.54493863
1.19158608 0.00000417 1.06255686 1.86103017 0.66447736 0.54493863
1.19158608 0.00000417 1.06255686 1.86103017 0.66447736 0.54493863
1.19158608 0.00000417 1.06255686 1.86103017 0.66447736 0.54493863
1.19158608 0.00000417 1.06255686 1.86103017 0.66447736 0.54493863
1.19158608 0.00000417 1.06255686 1.86103017 0.66447736 0.54493863
1.19158608 0.00000417 1.06255686 1.86103017 0.66447736 0.54493863
1.19158608 0.00000417 1.06255686 1.86103017 0.66447736 0.54493863
1.19158608 0.00000417 1.06255686 1.86103017 0.66447736 0.54493863
1.19158608 0.00000417 1.06255686 1.86103017 0.66447736 0.54493863
1.19158608 0.00000417 1.06255686 1.86103017 0.66447736 0.54493863
1.19158608 0.00000417 1.06255686 1.86103017 0.66447736 0.54493863
1.19158608 0.00000417 1.06255686 1.86103017 0.66447736 0.54493863
1.19158608 0.00000417 1.06255686 1.86103017 0.66447736 0.54493863
1.19158608 0.00000417 1.06255686 1.86103017 0.66447736 0.54493863
1.19158608 0.00000417 1.06255686 1.86103017 0.66447736 0.54493863
1.19158608 0.00000417 1.06255686 1.86103017 0.66447736 0.54493863
1.19158608 0.00000417 1.06255686 1.86103017 0.66447736 0.54493863
1.19158608 0.00000417 1.06255686 1.86103017 0.66447736 0.54493863
1.19158608 0.00000417 1.06255686 1.86103017 0.66447736 0.54493863
1.19158608 0.00000417 1.06255686 1.86103017 0.66447736 0.54493863
1.19158608 0.00000417 1.06255686 1.86103017 0.66447736 0.54493863
1.19158608 0.00000417 1.06255686 1.86103017 0.66447736 0.54493863
1.19158608 0.00000417 1.06255686 1.86103017 0.66447736 0.54493863
1.19158608 0.00000417 1.06255686 1.86103017 0.66447736 0.54493863
1.19158608 0.00000417 1.06255686 1.86103017 0.66447736 0.54493863
1.19158608 0.00000417 1.06255686 1.86103017 0.66447736 0.54493863
1.19158608 0.00000417 1.06255686 1.86103017 0.66447736 0.54493863
1.19158608 0.00000417 1.06255686 1.86103017 0.66447736 0.54493863
1.19158608 0.00000417 1.06255686 1.86103017 0.66447736 0.54493863
1.19158608 0.00000417 1.06255686 1.86103017 0.66447736 0.54493863
1.19158608 0.00000417 1.06255686 1.86103017 0.66447736 0.54493863
1.19158608 0.00000417 1.06255686 1.86103017 0.66447736 0.54493863
1.19158608 0.00000417 1.06255686 1.86103017 0.66447736 0.54493863
1.19158608 0.00000417 1.06255686 1.86103017 0.66447736 0.54493863
1.19158608 0.00000417 1.06255686 1.86103017 0.66447736 0.54493863
1.19158608 0.00000417 1.06255686 1.86103017 0.66447736 0.54493863
1.19158608 0.00000417 1.06255686 1.86103017 0.66447736 0.54493863
1.19158608 0.00000417 1.06255686 1.86103017 0.66447736 0.54493863
1.19158608 0.00000417 1.06255686 1.86103017 0.66447736 0.54493863
1.19158608 0.00000417 1.06255686 1.86103017 0.66447736 0.54493863
1.19158608 0.00000417 1.06255686 1.86103017 0.66447736 0.54493863
1.19158608 0.00000417 1.06255686 1.86103017 0.66447736 0.54493863
1.19158608 0.00000417 1.06255686 1.86103017 0.66447736 0.54493863
1.19158608 0.00000417 1.06255686 1.86103017 0.66447736 0.54493863
1.19158608 0.00000417 1.06255686 1.86103017 0.66447736 0.54493863
1.19158608 0.00000417 1.06255686 1.86103017 0.66447736 0.54493863
1.19158608 0.00000417 1.06255686 1.86103017 0.66447736 0.54493863
1.19158608 0.00000417 1.06255686 1.86103017 0.66447736 0.54493863
1.19158608 0.00000417 1.06255686 1.86103017 0.66447736 0.54493863
1.19158608 0.00000417 1.06255686 1.86103017 0.66447736 0.54493863
1.19158608 0.00000417 1.06255686 1.86103017 0.66447736 0.54493863
1.19158608 0.00000417 1.06255686 1.86103017 0.66447736 0.54493863
1.19158608 0.00000417 1.06255686 1.86103017 0.66447736 0.54493863
1.19158608 0.00000417 1.06255686 1.86103017 0.66447736 0.54493863
1.19158608 0.00000417 1.06255686 1.86103017 0.66447736 0.54493863
1.19158608 0.00000417 1.06255686 1.86103017 0.66447736 0.54493863
1.19158608 0.00000417 1.06255686 1.86103017 0.66447736 0.54493863
1.19158608 0.00000417 1.06255686 1.86103017 0.66447736 0.54493863
1.19158608 0.00000417 1.06255686 1.86103017 0.66447736 0.54493863
1.19158608 0.00000417 1.06255686 1.86103017 0.66447736 0.54493863
1.19158608 0.00000417 1.06255686 1.86103017 0.66447736 0.54493863
1.19158608 0.00000417 1.06255686 1.86103017 0.66447736 0.54493863
1.19158608 0.00000417 1.06255686 1.86103017 0.66447736 0.54493863
1.19158608 0.00000417 1.06255686 1.86103017 0.66447736 0.54493863
1.19158608 0.00000417 1.06255686 1.86103017 0.66447736 0.54493863
1.19158608 0.00000417 1.06255686 1.86103017 0.66447736 0.54493863
1.19158608 0.00000417 1.06255686 1.86103017 0.66447736 0.54493863
1.19158608 0.00000417 1.06255686 1.86103017 0.66447736 0.54493863
1.19158608 0.00000417 1.06255686 1.86103017 0.66447736 0.54493863
1.19158608 0.00000417 1.06255686 1.86103017 0.66447736 0.54493863
1.19158608 0.00000417 1.06255686 1.86103017 0.66447736 0.54493863
1.19158608 0.00000417 1.06255686 1.86103017 0.66447736 0.54493863
1.65317031 0.00000417 0.72364080 1.73985632 0.66447736 0.54493863
1.65317031 0.00000417 0.72364080 1.73985632 0.66447736 0.54493863
1.65317031 0.00000417 0.72364080 1.73985632 0.66447736 0.54493863
1.65317031 0.00000417 0.72364080 1.73985632 0.66447736 0.54493863
1.65317031 0.00000417 0.72364080 1.73985632 0.66447736 0.54493863
1.65317031 0.00000417 0.72364080 1.73985632 0.66447736 0.54493863
1.65317031 0.00000417 0.72364080 1.73985632 0.66447736 0.54493863
1.65317031 0.00000417 0.72364080 1.73985632 0.66447736 0.54493863
1.65317031 0.00000417 0.72364080 1.73985632 0.66447736 0.54493863
1.65317031 0.00000417 0.72364080 1.73985632 0.66447736 0.54493863
1.65317031 0.00000417 0.72364080 1.73985632 0.66447736 0.54493863
1.65317031 0.00000417 0.72364080 1.73985632 0.66447736 0.54493863
1.65317031 0.00000417 0.72364080 1.73985632 0.66447736 0.54493863
1.65317031 0.00000417 0.72364080 1.73985632 0.66447736 0.54493863
1.65317031 0.00000417 0.72364080 1.73985632 0.66447736 0.54493863
1.65317031 0.00000417 0.72364080 1.73985632 0.66447736 0.54493863
1.65317031 0.00000417 0.72364080 1.73985632 0.66447736 0.54493863
1.65317031 0.00000417 0.72364080 1.73985632 0.66447736 0.54493863
1.65317031 0.00000417 0.72364080 1.73985632 0.66447736 0.54493863
1.65317031 0.00000417 0.72364080 1.73985632 0.66447736 0.54493863
1.65317031 0.00000417 0.72364080 1.73985632 0.66447736 0.54493863
1.65317031 0.00000417 0.72364080 1.73985632 0.66447736 0.54493863
