1.62099819 0.00000378 1.45609739 0.93184685 0.70006281 0.50047814
1.62099819 0.00000378 1.45609739 0.93184685 0.70006281 0.50047814
1.62099819 0.00000378 1.45609739 0.93184685 0.70006281 0.50047814
1.62099819 0.00000378 1.45609739 0.93184685 0.70006281 0.50047814
1.62099819 0.00000378 1.45609739 0.93184685 0.70006281 0.50047814
1.62099819 0.00000378 1.45609739 0.93184685 0.70006281 0.50047814
1.56106555 0.00000391 1.39945012 0.87545132 0.69889773 0.48593888
1.62027799 0.00000402 1.57867656 0.83726743 0.66900706 0.47031776
1.62027799 0.00000402 1.57867656 0.83726743 0.66900706 0.47031776
1.62027799 0.00000402 1.57867656 0.83726743 0.66900706 0.47031776
1.62027799 0.00000402 1.57867656 0.83726743 0.66900706 0.47031776
1.62027799 0.00000402 1.57867656 0.83726743 0.66900706 0.47031776
1.62027799 0.00000402 1.57867656 0.83726743 0.66900706 0.47031776
1.62027799 0.00000402 1.57867656 0.83726743 0.66900706 0.47031776
1.62027799 0.00000402 1.57867656 0.83726743 0.66900706 0.47031776
1.62027799 0.00000402 1.57867656 0.83726743 0.66900706 0.47031776
1.62027799 0.00000402 1.57867656 0.83726743 0.66900706 0.47031776
1.62027799 0.00000402 1.57867656 0.83726743 0.66900706 0.47031776
1.62027799 0.00000402 1.57867656 0.83726743 0.66900706 0.47031776
1.62027799 0.00000402 1.57867656 0.83726743 0.66900706 0.47031776
1.62027799 0.00000402 1.57867656 0.83726743 0.66900706 0.47031776
1.62027799 0.00000402 1.57867656 0.83726743 0.66900706 0.47031776
1.62027799 0.00000402 1.57867656 0.83726743 0.66900706 0.47031776
1.62027799 0.00000402 1.57867656 0.83726743 0.66900706 0.47031776
1.62027799 0.00000402 1.57867656 0.83726743 0.66900706 0.47031776
1.62027799 0.00000402 1.57867656 0.83726743 0.66900706 0.47031776
1.62027799 0.00000402 1.57867656 0.83726743 0.66900706 0.47031776
1.62027799 0.00000402 1.57867656 0.83726743 0.66900706 0.47031776
1.62027799 0.00000402 1.57867656 0.83726743 0.66900706 0.47031776
1.62027799 0.00000402 1.57867656 0.83726743 0.66900706 0.47031776
1.62027799 0.00000402 1.57867656 0.83726743 0.66900706 0.47031776
1.62027799 0.00000402 1.57867656 0.83726743 0.66900706 0.47031776
1.62027799 0.00000402 1.57867656 0.83726743 0.66900706 0.47031776
1.62027799 0.00000402 1.57867656 0.83726743 0.66900706 0.47031776
1.62027799 0.00000402 1.57867656 0.83726743 0.66900706 0.47031776
1.62027799 0.00000402 1.57867656 0.83726743 0.66900706 0.47031776
1.62027799 0.00000402 1.57867656 0.83726743 0.66900706 0.47031776
1.62027799 0.00000402 1.57867656 0.83726743 0.66900706 0.47031776
1.62027799 0.00000402 1.57867656 0.83726743 0.66900706 0.47031776
1.62027799 0.00000402 1.57867656 0.83726743 0.66900706 0.47031776
1.62027799 0.00000402 1.57867656 0.83726743 0.66900706 0.47031776
1.62027799 0.00000402 1.57867656 0.83726743 0.66900706 0.47031776
1.62027799 0.00000402 1.57867656 0.83726743 0.66900706 0.47031776
1.62027799 0.00000402 1.57867656 0.83726743 0.66900706 0.47031776
1.62027799 0.00000402 1.57867656 0.83726743 0.66900706 0.47031776
1.62027799 0.00000402 1.57867656 0.83726743 0.66900706 0.47031776
1.62027799 0.00000402 1.57867656 0.83726743 0.66900706 0.47031776
1.62027799 0.00000402 1.57867656 0.83726743 0.66900706 0.47031776
1.62027799 0.00000402 1.57867656 0.83726743 0.66900706 0.47031776
1.62027799 0.00000402 1.57867656 0.83726743 0.66900706 0.47031776
1.62027799 0.00000402 1.57867656 0.83726743 0.66900706 0.47031776
1.62027799 0.00000402 1.57867656 0.83726743 0.66900706 0.47031776
1.62027799 0.00000402 1.57867656 0.83726743 0.66900706 0.47031776
1.62027799 0.00000402 1.57867656 0.83726743 0.66900706 0.47031776
1.62027799 0.00000402 1.57867656 0.83726743 0.66900706 0.47031776
1.62027799 0.00000402 1.57867656 0.83726743 0.66900706 0.47031776
1.62027799 0.00000402 1.57867656 0.83726743 0.66900706 0.47031776
1.62027799 0.00000402 1.57867656 0.83726743 0.66900706 0.47031776
1.62027799 0.00000402 1.57867656 0.83726743 0.66900706 0.47031776
1.62027799 0.00000402 1.57867656 0.83726743 0.66900706 0.47031776
1.62027799 0.00000402 1.57867656 0.83726743 0.66900706 0.47031776
1.62027799 0.00000402 1.57867656 0.83726743 0.66900706 0.47031776
1.62027799 0.00000402 1.57867656 0.83726743 0.66900706 0.47031776
1.62027799 0.00000402 1.57867656 0.83726743 0.66900706 0.47031776
1.62027799 0.00000402 1.57867656 0.83726743 0.66900706 0.47031776
1.62027799 0.00000402 1.57867656 0.83726743 0.66900706 0.47031776
1.62027799 0.00000402 1.57867656 0.83726743 0.66900706 0.47031776
1.62027799 0.00000402 1.57867656 0.83726743 0.66900706 0.47031776
1.62027799 0.00000402 1.57867656 0.83726743 0.66900706 0.47031776
1.62027799 0.00000402 1.57867656 0.83726743 0.66900706 0.47031776
1.62027799 0.00000402 1.57867656 0.83726743 0.66900706 0.47031776
1.62027799 0.00000402 1.57867656 0.83726743 0.66900706 0.47031776
1.62027799 0.00000402 1.57867656 0.83726743 0.66900706 0.47031776
1.62027799 0.00000402 1.57867656 0.83726743 0.66900706 0.47031776
1.62027799 0.00000402 1.57867656 0.83726743 0.66900706 0.47031776
1.62027799 0.00000402 1.57867656 0.83726743 0.66900706 0.47031776
1.62027799 0.00000402 1.57867656 0.83726743 0.66900706 0.47031776
1.62027799 0.00000402 1.57867656 0.83726743 0.66900706 0.47031776
1.62027799 0.00000402 1.57867656 0.83726743 0.66900706 0.47031776
1.62027799 0.00000402 1.57867656 0.83726743 0.66900706 0.47031776
1.62027799 0.00000402 1.57867656 0.83726743 0.66900706 0.47031776
1.62027799 0.00000402 1.57867656 0.83726743 0.66900706 0.47031776
1.62027799 0.00000402 1.57867656 0.83726743 0.66900706 0.47031776
1.62027799 0.00000402 1.57867656 0.83726743 0.66900706 0.47031776
1.62027799 0.00000402 1.57867656 0.83726743 0.66900706 0.47031776
1.62027799 0.00000402 1.57867656 0.83726743 0.66900706 0.47031776
1.62027799 0.00000402 1.57867656 0.83726743 0.66900706 0.47031776
1.62027799 0.00000402 1.57867656 0.83726743 0.66900706 0.47031776
1.62027799 0.00000402 1.57867656 0.83726743 0.66900706 0.47031776
1.62027799 0.00000402 1.57867656 0.83726743 0.66900706 0.47031776
1.62027799 0.00000402 1.57867656 0.83726743 0.66900706 0.47031776
1.62027799 0.00000402 1.57867656 0.83726743 0.66900706 0.47031776
1.62027799 0.00000402 1.57867656 0.83726743 0.66900706 0.47031776
1.62027799 0.00000402 1.57867656 0.83726743 0.66900706 0.47031776
1.62027799 0.00000402 1.57867656 0.83726743 0.66900706 0.47031776
1.62027799 0.00000402 1.57867656 0.83726743 0.66900706 0.47031776
1.62027799 0.00000402 1.57867656 0.83726743 0.66900706 0.47031776
1.62027799 0.00000402 1.57867656 0.83726743 0.66900706 0.47031776
1.62027799 0.00000402 1.57867656 0.83726743 0.66900706 0.47031776
1.62027799 0.00000402 1.57867656 0.83726743 0.66900706 0.47031776
1.62027799 0.00000402 1.57867656 0.83726743 0.66900706 0.47031776
1.62027799 0.00000402 1.57867656 0.83726743 0.66900706 0.47031776
1.62027799 0.00000402 1.57867656 0.83726743 0.66900706 0.47031776
1.62027799 0.00000402 1.57867656 0.83726743 0.66900706 0.47031776
1.62027799 0.00000402 1.57867656 0.83726743 0.66900706 0.47031776
1.62027799 0.00000402 1.57867656 0.83726743 0.66900706 0.47031776
1.62027799 0.00000402 1.57867656 0.83726743 0.66900706 0.47031776
1.62027799 0.00000402 1.57867656 0.83726743 0.66900706 0.47031776
1.62027799 0.00000402 1.57867656 0.83726743 0.66900706 0.47031776
1.62027799 0.00000402 1.57867656 0.83726743 0.66900706 0.47031776
1.62027799 0.00000402 1.57867656 0.83726743 0.66900706 0.47031776
1.62027799 0.00000402 1.57867656 0.83726743 0.66900706 0.47031776
1.62027799 0.00000402 1.57867656 0.83726743 0.66900706 0.47031776
1.62027799 0.00000402 1.57867656 0.83726743 0.66900706 0.47031776
1.62027799 0.00000402 1.57867656 0.83726743 0.66900706 0.47031776
1.62027799 0.00000402 1.57867656 0.83726743 0.66900706 0.47031776
1.62027799 0.00000402 1.57867656 0.83726743 0.66900706 0.47031776
1.62027799 0.00000402 1.57867656 0.83726743 0.66900706 0.47031776
1.62027799 0.00000402 1.57867656 0.83726743 0.66900706 0.47031776
1.62027799 0.00000402 1.57867656 0.83726743 0.66900706 0.47031776
1.62027799 0.00000402 1.57867656 0.83726743 0.66900706 0.47031776
1.62027799 0.00000402 1.57867656 0.83726743 0.66900706 0.47031776
1.62027799 0.00000402 1.57867656 0.83726743 0.66900706 0.47031776
1.62027799 0.00000402 1.57867656 0.83726743 0.66900706 0.47031776
1.62027799 0.00000402 1.57867656 0.83726743 0.66900706 0.47031776
1.62027799 0.00000402 1.57867656 0.83726743 0.66900706 0.47031776
1.62027799 0.00000402 1.57867656 0.83726743 0.66900706 0.47031776
1.62027799 0.00000402 1.57867656 0.83726743 0.66900706 0.47031776
1.62027799 0.00000402 1.57867656 0.83726743 0.66900706 0.47031776
1.62027799 0.00000402 1.57867656 0.83726743 0.66900706 0.47031776
1.62027799 0.00000402 1.57867656 0.83726743 0.66900706 0.47031776
1.62027799 0.00000402 1.57867656 0.83726743 0.66900706 0.47031776
1.62027799 0.00000402 1.57867656 0.83726743 0.66900706 0.47031776
1.62027799 0.00000402 1.57867656 0.83726743 0.66900706 0.47031776
1.62027799 0.00000402 1.57867656 0.83726743 0.66900706 0.47031776
1.62027799 0.00000402 1.57867656 0.83726743 0.66900706 0.47031776
1.62027799 0.00000402 1.57867656 0.83726743 0.66900706 0.47031776
1.62027799 0.00000402 1.57867656 0.83726743 0.66900706 0.47031776
1.62027799 0.00000402 1.57867656 0.83726743 0.66900706 0.47031776
1.62027799 0.00000402 1.57867656 0.83726743 0.66900706 0.47031776
1.62027799 0.00000402 1.57867656 0.83726743 0.66900706 0.47031776
1.62027799 0.00000402 1.57867656 0.83726743 0.66900706 0.47031776
1.62027799 0.00000402 1.57867656 0.83726743 0.66900706 0.47031776
1.62027799 0.00000402 1.57867656 0.83726743 0.66900706 0.47031776
1.62027799 0.00000402 1.57867656 0.83726743 0.66900706 0.47031776
1.62027799 0.00000402 1.57867656 0.83726743 0.66900706 0.47031776
1.62027799 0.00000402 1.57867656 0.83726743 0.66900706 0.47031776
1.62027799 0.00000402 1.57867656 0.83726743 0.66900706 0.47031776
1.62027799 0.00000402 1.57867656 0.83726743 0.66900706 0.47031776
1.62027799 0.00000402 1.57867656 0.83726743 0.66900706 0.47031776
1.62027799 0.00000402 1.57867656 0.83726743 0.66900706 0.47031776
1.62027799 0.00000402 1.57867656 0.83726743 0.66900706 0.47031776
1.62027799 0.00000402 1.57867656 0.83726743 0.66900706 0.47031776
1.62027799 0.00000402 1.57867656 0.83726743 0.66900706 0.47031776
1.62027799 0.00000402 1.57867656 0.83726743 0.66900706 0.47031776
1.62027799 0.00000402 1.57867656 0.83726743 0.66900706 0.47031776
1.62027799 0.00000402 1.57867656 0.83726743 0.66900706 0.47031776
1.62027799 0.00000402 1.57867656 0.83726743 0.66900706 0.47031776
1.62027799 0.00000402 1.57867656 0.83726743 0.66900706 0.47031776
1.62027799 0.00000402 1.57867656 0.83726743 0.66900706 0.47031776
1.62027799 0.00000402 1.57867656 0.83726743 0.66900706 0.47031776
1.62027799 0.00000402 1.57867656 0.83726743 0.66900706 0.47031776
1.62027799 0.00000402 1.57867656 0.83726743 0.66900706 0.47031776
1.62027799 0.00000402 1.57867656 0.83726743 0.66900706 0.47031776
1.62027799 0.00000402 1.57867656 0.83726743 0.66900706 0.47031776
1.62027799 0.00000402 1.57867656 0.83726743 0.66900706 0.47031776
1.62027799 0.00000402 1.57867656 0.83726743 0.66900706 0.47031776
1.62027799 0.00000402 1.57867656 0.83726743 0.66900706 0.47031776
1.62027799 0.00000402 1.57867656 0.83726743 0.66900706 0.47031776
1.62027799 0.00000402 1.57867656 0.83726743 0.66900706 0.47031776
1.62027799 0.00000402 1.57867656 0.83726743 0.66900706 0.47031776
1.62027799 0.00000402 1.57867656 0.83726743 0.66900706 0.47031776
1.62027799 0.00000402 1.57867656 0.83726743 0.66900706 0.47031776
1.62027799 0.00000402 1.57867656 0.83726743 0.66900706 0.47031776
1.62027799 0.00000402 1.57867656 0.83726743 0.66900706 0.47031776
1.62027799 0.00000402 1.57867656 0.83726743 0.66900706 0.47031776
1.62027799 0.00000402 1.57867656 0.83726743 0.66900706 0.47031776
1.62027799 0.00000402 1.57867656 0.83726743 0.66900706 0.47031776
1.62027799 0.00000402 1.57867656 0.83726743 0.66900706 0.47031776
1.62027799 0.00000402 1.57867656 0.83726743 0.66900706 0.47031776
1.62027799 0.00000402 1.57867656 0.83726743 0.66900706 0.47031776
1.62027799 0.00000402 1.57867656 0.83726743 0.66900706 0.47031776
1.62027799 0.00000402 1.57867656 0.83726743 0.66900706 0.47031776
