1.36148238 0.00000402 1.38510960 1.32078782 0.73018723 0.46617589
1.37817018 0.00000403 1.41037533 1.28868610 0.68788756 0.47158323
1.37817018 0.00000403 1.41037533 1.28868610 0.68788756 0.47158323
1.37817018 0.00000403 1.41037533 1.28868610 0.68788756 0.47158323
1.37817018 0.00000403 1.41037533 1.28868610 0.68788756 0.47158323
1.37817018 0.00000403 1.41037533 1.28868610 0.68788756 0.47158323
1.37817018 0.00000403 1.41037533 1.28868610 0.68788756 0.47158323
1.37817018 0.00000403 1.41037533 1.28868610 0.68788756 0.47158323
1.37817018 0.00000403 1.41037533 1.28868610 0.68788756 0.47158323
1.37817018 0.00000403 1.41037533 1.28868610 0.68788756 0.47158323
1.37817018 0.00000403 1.41037533 1.28868610 0.68788756 0.47158323
1.37817018 0.00000403 1.41037533 1.28868610 0.68788756 0.47158323
1.37817018 0.00000403 1.41037533 1.28868610 0.68788756 0.47158323
1.37817018 0.00000403 1.41037533 1.28868610 0.68788756 0.47158323
1.37817018 0.00000403 1.41037533 1.28868610 0.68788756 0.47158323
1.37817018 0.00000403 1.41037533 1.28868610 0.68788756 0.47158323
1.37817018 0.00000403 1.41037533 1.28868610 0.68788756 0.47158323
1.37817018 0.00000403 1.41037533 1.28868610 0.68788756 0.47158323
1.37817018 0.00000403 1.41037533 1.28868610 0.68788756 0.47158323
1.37817018 0.00000403 1.41037533 1.28868610 0.68788756 0.47158323
1.37817018 0.00000403 1.41037533 1.28868610 0.68788756 0.47158323
1.37817018 0.00000403 1.41037533 1.28868610 0.68788756 0.47158323
1.37817018 0.00000403 1.41037533 1.28868610 0.68788756 0.47158323
1.37817018 0.00000403 1.41037533 1.28868610 0.68788756 0.47158323
1.37817018 0.00000403 1.41037533 1.28868610 0.68788756 0.47158323
1.37817018 0.00000403 1.41037533 1.28868610 0.68788756 0.47158323
1.37817018 0.00000403 1.41037533 1.28868610 0.68788756 0.47158323
1.37817018 0.00000403 1.41037533 1.28868610 0.68788756 0.47158323
1.37817018 0.00000403 1.41037533 1.28868610 0.68788756 0.47158323
1.37817018 0.00000403 1.41037533 1.28868610 0.68788756 0.47158323
1.37817018 0.00000403 1.41037533 1.28868610 0.68788756 0.47158323
1.37817018 0.00000403 1.41037533 1.28868610 0.68788756 0.47158323
1.37817018 0.00000403 1.41037533 1.28868610 0.68788756 0.47158323
1.37817018 0.00000403 1.41037533 1.28868610 0.68788756 0.47158323
1.37817018 0.00000403 1.41037533 1.28868610 0.68788756 0.47158323
1.37817018 0.00000403 1.41037533 1.28868610 0.68788756 0.47158323
1.37817018 0.00000403 1.41037533 1.28868610 0.68788756 0.47158323
1.37817018 0.00000403 1.41037533 1.28868610 0.68788756 0.47158323
1.37817018 0.00000403 1.41037533 1.28868610 0.68788756 0.47158323
1.37817018 0.00000403 1.41037533 1.28868610 0.68788756 0.47158323
1.37817018 0.00000403 1.41037533 1.28868610 0.68788756 0.47158323
1.37817018 0.00000403 1.41037533 1.28868610 0.68788756 0.47158323
1.37817018 0.00000403 1.41037533 1.28868610 0.68788756 0.47158323
1.37817018 0.00000403 1.41037533 1.28868610 0.68788756 0.47158323
1.37817018 0.00000403 1.41037533 1.28868610 0.68788756 0.47158323
1.37817018 0.00000403 1.41037533 1.28868610 0.68788756 0.47158323
1.37817018 0.00000403 1.41037533 1.28868610 0.68788756 0.47158323
1.37817018 0.00000403 1.41037533 1.28868610 0.68788756 0.47158323
1.37817018 0.00000403 1.41037533 1.28868610 0.68788756 0.47158323
1.37817018 0.00000403 1.41037533 1.28868610 0.68788756 0.47158323
1.37817018 0.00000403 1.41037533 1.28868610 0.68788756 0.47158323
1.37817018 0.00000403 1.41037533 1.28868610 0.68788756 0.47158323
1.37817018 0.00000403 1.41037533 1.28868610 0.68788756 0.47158323
1.37817018 0.00000403 1.41037533 1.28868610 0.68788756 0.47158323
1.37817018 0.00000403 1.41037533 1.28868610 0.68788756 0.47158323
1.37817018 0.00000403 1.41037533 1.28868610 0.68788756 0.47158323
1.37817018 0.00000403 1.41037533 1.28868610 0.68788756 0.47158323
1.37817018 0.00000403 1.41037533 1.28868610 0.68788756 0.47158323
1.37817018 0.00000403 1.41037533 1.28868610 0.68788756 0.47158323
1.37817018 0.00000403 1.41037533 1.28868610 0.68788756 0.47158323
1.37817018 0.00000403 1.41037533 1.28868610 0.68788756 0.47158323
1.37817018 0.00000403 1.41037533 1.28868610 0.68788756 0.47158323
1.37817018 0.00000403 1.41037533 1.28868610 0.68788756 0.47158323
1.37817018 0.00000403 1.41037533 1.28868610 0.68788756 0.47158323
1.37817018 0.00000403 1.41037533 1.28868610 0.68788756 0.47158323
1.37817018 0.00000403 1.41037533 1.28868610 0.68788756 0.47158323
1.37817018 0.00000403 1.41037533 1.28868610 0.68788756 0.47158323
1.37817018 0.00000403 1.41037533 1.28868610 0.68788756 0.47158323
1.37817018 0.00000403 1.41037533 1.28868610 0.68788756 0.47158323
1.37817018 0.00000403 1.41037533 1.28868610 0.68788756 0.47158323
1.37817018 0.00000403 1.41037533 1.28868610 0.68788756 0.47158323
1.37817018 0.00000403 1.41037533 1.28868610 0.68788756 0.47158323
1.37817018 0.00000403 1.41037533 1.28868610 0.68788756 0.47158323
1.37817018 0.00000403 1.41037533 1.28868610 0.68788756 0.47158323
1.37817018 0.00000403 1.41037533 1.28868610 0.68788756 0.47158323
1.37817018 0.00000403 1.41037533 1.28868610 0.68788756 0.47158323
1.37817018 0.00000403 1.41037533 1.28868610 0.68788756 0.47158323
1.37817018 0.00000403 1.41037533 1.28868610 0.68788756 0.47158323
1.37817018 0.00000403 1.41037533 1.28868610 0.68788756 0.47158323
1.37817018 0.00000403 1.41037533 1.28868610 0.68788756 0.47158323
1.37817018 0.00000403 1.41037533 1.28868610 0.68788756 0.47158323
1.37817018 0.00000403 1.41037533 1.28868610 0.68788756 0.47158323
1.37817018 0.00000403 1.41037533 1.28868610 0.68788756 0.47158323
1.37817018 0.00000403 1.41037533 1.28868610 0.68788756 0.47158323
1.37817018 0.00000403 1.41037533 1.28868610 0.68788756 0.47158323
1.37817018 0.00000403 1.41037533 1.28868610 0.68788756 0.47158323
1.37817018 0.00000403 1.41037533 1.28868610 0.68788756 0.47158323
1.37817018 0.00000403 1.41037533 1.28868610 0.68788756 0.47158323
1.37817018 0.00000403 1.41037533 1.28868610 0.68788756 0.47158323
1.37817018 0.00000403 1.41037533 1.28868610 0.68788756 0.47158323
1.37817018 0.00000403 1.41037533 1.28868610 0.68788756 0.47158323
1.37817018 0.00000403 1.41037533 1.28868610 0.68788756 0.47158323
1.37817018 0.00000403 1.41037533 1.28868610 0.68788756 0.47158323
1.37817018 0.00000403 1.41037533 1.28868610 0.68788756 0.47158323
1.53094709 0.00000403 1.46720190 0.60395633 0.68788756 0.43117623
1.53094709 0.00000403 1.46720190 0.60395633 0.68788756 0.43117623
1.53094709 0.00000403 1.46720190 0.60395633 0.68788756 0.43117623
1.53094709 0.00000403 1.46720190 0.60395633 0.68788756 0.43117623
1.53094709 0.00000403 1.46720190 0.60395633 0.68788756 0.43117623
1.53094709 0.00000403 1.46720190 0.60395633 0.68788756 0.43117623
1.53094709 0.00000403 1.46720190 0.60395633 0.68788756 0.43117623
1.53094709 0.00000403 1.46720190 0.60395633 0.68788756 0.43117623
1.53094709 0.00000403 1.46720190 0.60395633 0.68788756 0.43117623
1.53094709 0.00000403 1.46720190 0.60395633 0.68788756 0.43117623
1.53094709 0.00000403 1.46720190 0.60395633 0.68788756 0.43117623
1.53094709 0.00000403 1.46720190 0.60395633 0.68788756 0.43117623
1.53094709 0.00000403 1.46720190 0.60395633 0.68788756 0.43117623
1.53094709 0.00000403 1.46720190 0.60395633 0.68788756 0.43117623
1.53094709 0.00000403 1.46720190 0.60395633 0.68788756 0.43117623
1.53094709 0.00000403 1.46720190 0.60395633 0.68788756 0.43117623
1.53094709 0.00000403 1.46720190 0.60395633 0.68788756 0.43117623
1.53094709 0.00000403 1.46720190 0.60395633 0.68788756 0.43117623
1.53094709 0.00000403 1.46720190 0.60395633 0.68788756 0.43117623
1.55869904 0.00000403 1.31014067 0.71426399 0.68788756 0.33179283
1.55869904 0.00000403 1.31014067 0.71426399 0.68788756 0.33179283
1.55869904 0.00000403 1.31014067 0.71426399 0.68788756 0.33179283
1.55869904 0.00000403 1.31014067 0.71426399 0.68788756 0.33179283
1.55869904 0.00000403 1.31014067 0.71426399 0.68788756 0.33179283
1.55869904 0.00000403 1.31014067 0.71426399 0.68788756 0.33179283
1.55869904 0.00000403 1.31014067 0.71426399 0.68788756 0.33179283
1.55869904 0.00000403 1.31014067 0.71426399 0.68788756 0.33179283
1.55869904 0.00000403 1.31014067 0.71426399 0.68788756 0.33179283
1.55869904 0.00000403 1.31014067 0.71426399 0.68788756 0.33179283
1.55869904 0.00000403 1.31014067 0.71426399 0.68788756 0.33179283
1.55869904 0.00000403 1.31014067 0.71426399 0.68788756 0.33179283
1.55869904 0.00000403 1.31014067 0.71426399 0.68788756 0.33179283
1.55869904 0.00000403 1.31014067 0.71426399 0.68788756 0.33179283
1.55869904 0.00000403 1.31014067 0.71426399 0.68788756 0.33179283
1.55869904 0.00000403 1.31014067 0.71426399 0.68788756 0.33179283
1.55869904 0.00000403 1.31014067 0.71426399 0.68788756 0.33179283
1.55869904 0.00000403 1.31014067 0.71426399 0.68788756 0.33179283
1.55869904 0.00000403 1.31014067 0.71426399 0.68788756 0.33179283
1.55869904 0.00000403 1.31014067 0.71426399 0.68788756 0.33179283
1.55869904 0.00000403 1.31014067 0.71426399 0.68788756 0.33179283
1.55869904 0.00000403 1.31014067 0.71426399 0.68788756 0.33179283
1.55869904 0.00000403 1.31014067 0.71426399 0.68788756 0.33179283
1.55869904 0.00000403 1.31014067 0.71426399 0.68788756 0.33179283
1.55869904 0.00000403 1.31014067 0.71426399 0.68788756 0.33179283
1.55869904 0.00000403 1.31014067 0.71426399 0.68788756 0.33179283
1.55869904 0.00000403 1.31014067 0.71426399 0.68788756 0.33179283
1.55869904 0.00000403 1.31014067 0.71426399 0.68788756 0.33179283
1.55869904 0.00000403 1.31014067 0.71426399 0.68788756 0.33179283
1.55869904 0.00000403 1.31014067 0.71426399 0.68788756 0.33179283
1.55869904 0.00000403 1.31014067 0.71426399 0.68788756 0.33179283
1.55869904 0.00000403 1.31014067 0.71426399 0.68788756 0.33179283
1.55869904 0.00000403 1.31014067 0.71426399 0.68788756 0.33179283
1.55869904 0.00000403 1.31014067 0.71426399 0.68788756 0.33179283
1.55869904 0.00000403 1.31014067 0.71426399 0.68788756 0.33179283
1.55869904 0.00000403 1.31014067 0.71426399 0.68788756 0.33179283
1.55869904 0.00000403 1.31014067 0.71426399 0.68788756 0.33179283
1.55869904 0.00000403 1.31014067 0.71426399 0.68788756 0.33179283
1.55869904 0.00000403 1.31014067 0.71426399 0.68788756 0.33179283
1.55869904 0.00000403 1.31014067 0.71426399 0.68788756 0.33179283
1.55869904 0.00000403 1.31014067 0.71426399 0.68788756 0.33179283
1.55869904 0.00000403 1.31014067 0.71426399 0.68788756 0.33179283
1.55869904 0.00000403 1.31014067 0.71426399 0.68788756 0.33179283
1.55869904 0.00000403 1.31014067 0.71426399 0.68788756 0.33179283
1.55869904 0.00000403 1.31014067 0.71426399 0.68788756 0.33179283
1.55869904 0.00000403 1.31014067 0.71426399 0.68788756 0.33179283
1.55869904 0.00000403 1.31014067 0.71426399 0.68788756 0.33179283
1.55869904 0.00000403 1.31014067 0.71426399 0.68788756 0.33179283
1.55869904 0.00000403 1.31014067 0.71426399 0.68788756 0.33179283
1.55869904 0.00000403 1.31014067 0.71426399 0.68788756 0.33179283
1.55869904 0.00000403 1.31014067 0.71426399 0.68788756 0.33179283
1.55869904 0.00000403 1.31014067 0.71426399 0.68788756 0.33179283
1.55869904 0.00000403 1.31014067 0.71426399 0.68788756 0.33179283
1.55869904 0.00000403 1.31014067 0.71426399 0.68788756 0.33179283
1.55869904 0.00000403 1.31014067 0.71426399 0.68788756 0.33179283
1.55869904 0.00000403 1.31014067 0.71426399 0.68788756 0.33179283
1.55869904 0.00000403 1.31014067 0.71426399 0.68788756 0.33179283
1.55869904 0.00000403 1.31014067 0.71426399 0.68788756 0.33179283
1.55869904 0.00000403 1.31014067 0.71426399 0.68788756 0.33179283
1.55869904 0.00000403 1.31014067 0.71426399 0.68788756 0.33179283
1.55869904 0.00000403 1.31014067 0.71426399 0.68788756 0.33179283
1.55869904 0.00000403 1.31014067 0.71426399 0.68788756 0.33179283
1.55869904 0.00000403 1.31014067 0.71426399 0.68788756 0.33179283
1.55869904 0.00000403 1.31014067 0.71426399 0.68788756 0.33179283
1.55869904 0.00000403 1.31014067 0.71426399 0.68788756 0.33179283
1.55869904 0.00000403 1.31014067 0.71426399 0.68788756 0.33179283
1.55869904 0.00000403 1.31014067 0.71426399 0.68788756 0.33179283
1.55869904 0.00000403 1.31014067 0.71426399 0.68788756 0.33179283
1.55869904 0.00000403 1.31014067 0.71426399 0.68788756 0.33179283
1.55869904 0.00000403 1.31014067 0.71426399 0.68788756 0.33179283
1.55869904 0.00000403 1.31014067 0.71426399 0.68788756 0.33179283
1.55869904 0.00000403 1.31014067 0.71426399 0.68788756 0.33179283
