1.40401201 0.00000426 1.51398885 1.08598713 0.75105581 0.51273791
1.40401201 0.00000426 1.51398885 1.08598713 0.75105581 0.51273791
1.41944624 0.00000398 1.49852000 0.91912938 0.77043742 0.49841836
1.62035537 0.00000432 1.54047839 0.99797371 0.75340756 0.49591820
1.62035537 0.00000432 1.54047839 0.99797371 0.75340756 0.49591820
1.62035537 0.00000432 1.54047839 0.99797371 0.75340756 0.49591820
1.62035537 0.00000432 1.54047839 0.99797371 0.75340756 0.49591820
1.62035537 0.00000432 1.54047839 0.99797371 0.75340756 0.49591820
1.62035537 0.00000432 1.54047839 0.99797371 0.75340756 0.49591820
1.62035537 0.00000432 1.54047839 0.99797371 0.75340756 0.49591820
1.62035537 0.00000432 1.54047839 0.99797371 0.75340756 0.49591820
1.62035537 0.00000432 1.54047839 0.99797371 0.75340756 0.49591820
1.62035537 0.00000432 1.54047839 0.99797371 0.75340756 0.49591820
1.62035537 0.00000432 1.54047839 0.99797371 0.75340756 0.49591820
1.62035537 0.00000432 1.54047839 0.99797371 0.75340756 0.49591820
1.62035537 0.00000432 1.54047839 0.99797371 0.75340756 0.49591820
1.62035537 0.00000432 1.54047839 0.99797371 0.75340756 0.49591820
1.62035537 0.00000432 1.54047839 0.99797371 0.75340756 0.49591820
1.62035537 0.00000432 1.54047839 0.99797371 0.75340756 0.49591820
1.62035537 0.00000432 1.54047839 0.99797371 0.75340756 0.49591820
1.62035537 0.00000432 1.54047839 0.99797371 0.75340756 0.49591820
1.62035537 0.00000432 1.54047839 0.99797371 0.75340756 0.49591820
1.62035537 0.00000432 1.54047839 0.99797371 0.75340756 0.49591820
1.62035537 0.00000432 1.54047839 0.99797371 0.75340756 0.49591820
1.62035537 0.00000432 1.54047839 0.99797371 0.75340756 0.49591820
1.62035537 0.00000432 1.54047839 0.99797371 0.75340756 0.49591820
1.62035537 0.00000432 1.54047839 0.99797371 0.75340756 0.49591820
1.62035537 0.00000432 1.54047839 0.99797371 0.75340756 0.49591820
1.62035537 0.00000432 1.54047839 0.99797371 0.75340756 0.49591820
1.62035537 0.00000432 1.54047839 0.99797371 0.75340756 0.49591820
1.62035537 0.00000432 1.54047839 0.99797371 0.75340756 0.49591820
1.62035537 0.00000432 1.54047839 0.99797371 0.75340756 0.49591820
1.62035537 0.00000432 1.54047839 0.99797371 0.75340756 0.49591820
1.62035537 0.00000432 1.54047839 0.99797371 0.75340756 0.49591820
1.62035537 0.00000432 1.54047839 0.99797371 0.75340756 0.49591820
1.62035537 0.00000432 1.54047839 0.99797371 0.75340756 0.49591820
1.62035537 0.00000432 1.54047839 0.99797371 0.75340756 0.49591820
1.62035537 0.00000432 1.54047839 0.99797371 0.75340756 0.49591820
1.62035537 0.00000432 1.54047839 0.99797371 0.75340756 0.49591820
1.62035537 0.00000432 1.54047839 0.99797371 0.75340756 0.49591820
1.62035537 0.00000432 1.54047839 0.99797371 0.75340756 0.49591820
1.62035537 0.00000432 1.54047839 0.99797371 0.75340756 0.49591820
1.62035537 0.00000432 1.54047839 0.99797371 0.75340756 0.49591820
1.62035537 0.00000432 1.54047839 0.99797371 0.75340756 0.49591820
1.62035537 0.00000432 1.54047839 0.99797371 0.75340756 0.49591820
1.62035537 0.00000432 1.54047839 0.99797371 0.75340756 0.49591820
1.62035537 0.00000432 1.54047839 0.99797371 0.75340756 0.49591820
1.62035537 0.00000432 1.54047839 0.99797371 0.75340756 0.49591820
1.62035537 0.00000432 1.54047839 0.99797371 0.75340756 0.49591820
1.62035537 0.00000432 1.54047839 0.99797371 0.75340756 0.49591820
1.62035537 0.00000432 1.54047839 0.99797371 0.75340756 0.49591820
1.62035537 0.00000432 1.54047839 0.99797371 0.75340756 0.49591820
1.62035537 0.00000432 1.54047839 0.99797371 0.75340756 0.49591820
1.62035537 0.00000432 1.54047839 0.99797371 0.75340756 0.49591820
1.62035537 0.00000432 1.54047839 0.99797371 0.75340756 0.49591820
1.62035537 0.00000432 1.54047839 0.99797371 0.75340756 0.49591820
1.62035537 0.00000432 1.54047839 0.99797371 0.75340756 0.49591820
1.62035537 0.00000432 1.54047839 0.99797371 0.75340756 0.49591820
1.62035537 0.00000432 1.54047839 0.99797371 0.75340756 0.49591820
1.62035537 0.00000432 1.54047839 0.99797371 0.75340756 0.49591820
1.62035537 0.00000432 1.54047839 0.99797371 0.75340756 0.49591820
1.62035537 0.00000432 1.54047839 0.99797371 0.75340756 0.49591820
1.62035537 0.00000432 1.54047839 0.99797371 0.75340756 0.49591820
1.62035537 0.00000432 1.54047839 0.99797371 0.75340756 0.49591820
1.62035537 0.00000432 1.54047839 0.99797371 0.75340756 0.49591820
1.62035537 0.00000432 1.54047839 0.99797371 0.75340756 0.49591820
1.62035537 0.00000432 1.54047839 0.99797371 0.75340756 0.49591820
1.62035537 0.00000432 1.54047839 0.99797371 0.75340756 0.49591820
1.62035537 0.00000432 1.54047839 0.99797371 0.75340756 0.49591820
1.62035537 0.00000432 1.54047839 0.99797371 0.75340756 0.49591820
1.62035537 0.00000432 1.54047839 0.99797371 0.75340756 0.49591820
1.62035537 0.00000432 1.54047839 0.99797371 0.75340756 0.49591820
1.62035537 0.00000432 1.54047839 0.99797371 0.75340756 0.49591820
1.62035537 0.00000432 1.54047839 0.99797371 0.75340756 0.49591820
1.62035537 0.00000432 1.54047839 0.99797371 0.75340756 0.49591820
1.62035537 0.00000432 1.54047839 0.99797371 0.75340756 0.49591820
1.62035537 0.00000432 1.54047839 0.99797371 0.75340756 0.49591820
1.62035537 0.00000432 1.54047839 0.99797371 0.75340756 0.49591820
1.62035537 0.00000432 1.54047839 0.99797371 0.75340756 0.49591820
1.62035537 0.00000432 1.54047839 0.99797371 0.75340756 0.49591820
1.62035537 0.00000432 1.54047839 0.99797371 0.75340756 0.49591820
1.62035537 0.00000432 1.54047839 0.99797371 0.75340756 0.49591820
1.62035537 0.00000432 1.54047839 0.99797371 0.75340756 0.49591820
1.62035537 0.00000432 1.54047839 0.99797371 0.75340756 0.49591820
1.62035537 0.00000432 1.54047839 0.99797371 0.75340756 0.49591820
1.62035537 0.00000432 1.54047839 0.99797371 0.75340756 0.49591820
1.62035537 0.00000432 1.54047839 0.99797371 0.75340756 0.49591820
1.62035537 0.00000432 1.54047839 0.99797371 0.75340756 0.49591820
1.62035537 0.00000432 1.54047839 0.99797371 0.75340756 0.49591820
1.62035537 0.00000432 1.54047839 0.99797371 0.75340756 0.49591820
1.62035537 0.00000432 1.54047839 0.99797371 0.75340756 0.49591820
1.62035537 0.00000432 1.54047839 0.99797371 0.75340756 0.49591820
1.62035537 0.00000432 1.54047839 0.99797371 0.75340756 0.49591820
1.62035537 0.00000432 1.54047839 0.99797371 0.75340756 0.49591820
1.62035537 0.00000432 1.54047839 0.99797371 0.75340756 0.49591820
1.62035537 0.00000432 1.54047839 0.99797371 0.75340756 0.49591820
1.62035537 0.00000432 1.54047839 0.99797371 0.75340756 0.49591820
1.62035537 0.00000432 1.54047839 0.99797371 0.75340756 0.49591820
1.62035537 0.00000432 1.54047839 0.99797371 0.75340756 0.49591820
1.62035537 0.00000432 1.54047839 0.99797371 0.75340756 0.49591820
1.62035537 0.00000432 1.54047839 0.99797371 0.75340756 0.49591820
1.62035537 0.00000432 1.54047839 0.99797371 0.75340756 0.49591820
1.62035537 0.00000432 1.54047839 0.99797371 0.75340756 0.49591820
1.62035537 0.00000432 1.54047839 0.99797371 0.75340756 0.49591820
1.62035537 0.00000432 1.54047839 0.99797371 0.75340756 0.49591820
1.62035537 0.00000432 1.54047839 0.99797371 0.75340756 0.49591820
1.62035537 0.00000432 1.54047839 0.99797371 0.75340756 0.49591820
1.62035537 0.00000432 1.54047839 0.99797371 0.75340756 0.49591820
1.62035537 0.00000432 1.54047839 0.99797371 0.75340756 0.49591820
1.62035537 0.00000432 1.54047839 0.99797371 0.75340756 0.49591820
1.62035537 0.00000432 1.54047839 0.99797371 0.75340756 0.49591820
1.62035537 0.00000432 1.54047839 0.99797371 0.75340756 0.49591820
1.62035537 0.00000432 1.54047839 0.99797371 0.75340756 0.49591820
1.62035537 0.00000432 1.54047839 0.99797371 0.75340756 0.49591820
1.62035537 0.00000432 1.54047839 0.99797371 0.75340756 0.49591820
1.62035537 0.00000432 1.54047839 0.99797371 0.75340756 0.49591820
1.62035537 0.00000432 1.54047839 0.99797371 0.75340756 0.49591820
1.62035537 0.00000432 1.54047839 0.99797371 0.75340756 0.49591820
1.62035537 0.00000432 1.54047839 0.99797371 0.75340756 0.49591820
1.62035537 0.00000432 1.54047839 0.99797371 0.75340756 0.49591820
1.62035537 0.00000432 1.54047839 0.99797371 0.75340756 0.49591820
1.62035537 0.00000432 1.54047839 0.99797371 0.75340756 0.49591820
1.62035537 0.00000432 1.54047839 0.99797371 0.75340756 0.49591820
1.62035537 0.00000432 1.54047839 0.99797371 0.75340756 0.49591820
1.62035537 0.00000432 1.54047839 0.99797371 0.75340756 0.49591820
1.62035537 0.00000432 1.54047839 0.99797371 0.75340756 0.49591820
1.62035537 0.00000432 1.54047839 0.99797371 0.75340756 0.49591820
1.62035537 0.00000432 1.54047839 0.99797371 0.75340756 0.49591820
1.62035537 0.00000432 1.54047839 0.99797371 0.75340756 0.49591820
1.62035537 0.00000432 1.54047839 0.99797371 0.75340756 0.49591820
1.62035537 0.00000432 1.54047839 0.99797371 0.75340756 0.49591820
1.62035537 0.00000432 1.54047839 0.99797371 0.75340756 0.49591820
1.62035537 0.00000432 1.54047839 0.99797371 0.75340756 0.49591820
1.62035537 0.00000432 1.54047839 0.99797371 0.75340756 0.49591820
1.62035537 0.00000432 1.54047839 0.99797371 0.75340756 0.49591820
1.62035537 0.00000432 1.54047839 0.99797371 0.75340756 0.49591820
1.62035537 0.00000432 1.54047839 0.99797371 0.75340756 0.49591820
1.62035537 0.00000432 1.54047839 0.99797371 0.75340756 0.49591820
1.62035537 0.00000432 1.54047839 0.99797371 0.75340756 0.49591820
1.62035537 0.00000432 1.54047839 0.99797371 0.75340756 0.49591820
1.62035537 0.00000432 1.54047839 0.99797371 0.75340756 0.49591820
1.62035537 0.00000432 1.54047839 0.99797371 0.75340756 0.49591820
1.62035537 0.00000432 1.54047839 0.99797371 0.75340756 0.49591820
1.62035537 0.00000432 1.54047839 0.99797371 0.75340756 0.49591820
1.62035537 0.00000432 1.54047839 0.99797371 0.75340756 0.49591820
1.62035537 0.00000432 1.54047839 0.99797371 0.75340756 0.49591820
1.62035537 0.00000432 1.54047839 0.99797371 0.75340756 0.49591820
1.62035537 0.00000432 1.54047839 0.99797371 0.75340756 0.49591820
1.62035537 0.00000432 1.54047839 0.99797371 0.75340756 0.49591820
1.62035537 0.00000432 1.54047839 0.99797371 0.75340756 0.49591820
1.62035537 0.00000432 1.54047839 0.99797371 0.75340756 0.49591820
1.62035537 0.00000432 1.54047839 0.99797371 0.75340756 0.49591820
1.62035537 0.00000432 1.54047839 0.99797371 0.75340756 0.49591820
1.62035537 0.00000432 1.54047839 0.99797371 0.75340756 0.49591820
1.62035537 0.00000432 1.54047839 0.99797371 0.75340756 0.49591820
1.62035537 0.00000432 1.54047839 0.99797371 0.75340756 0.49591820
1.62035537 0.00000432 1.54047839 0.99797371 0.75340756 0.49591820
1.62035537 0.00000432 1.54047839 0.99797371 0.75340756 0.49591820
1.62035537 0.00000432 1.54047839 0.99797371 0.75340756 0.49591820
1.62035537 0.00000432 1.54047839 0.99797371 0.75340756 0.49591820
1.62035537 0.00000432 1.54047839 0.99797371 0.75340756 0.49591820
1.62035537 0.00000432 1.54047839 0.99797371 0.75340756 0.49591820
1.62035537 0.00000432 1.54047839 0.99797371 0.75340756 0.49591820
1.62035537 0.00000432 1.54047839 0.99797371 0.75340756 0.49591820
1.62035537 0.00000432 1.54047839 0.99797371 0.75340756 0.49591820
1.62035537 0.00000432 1.54047839 0.99797371 0.75340756 0.49591820
1.62035537 0.00000432 1.54047839 0.99797371 0.75340756 0.49591820
1.62035537 0.00000432 1.54047839 0.99797371 0.75340756 0.49591820
1.62035537 0.00000432 1.54047839 0.99797371 0.75340756 0.49591820
1.62035537 0.00000432 1.54047839 0.99797371 0.75340756 0.49591820
1.62035537 0.00000432 1.54047839 0.99797371 0.75340756 0.49591820
1.62035537 0.00000432 1.54047839 0.99797371 0.75340756 0.49591820
1.62035537 0.00000432 1.54047839 0.99797371 0.75340756 0.49591820
1.62035537 0.00000432 1.54047839 0.99797371 0.75340756 0.49591820
1.62035537 0.00000432 1.54047839 0.99797371 0.75340756 0.49591820
1.62035537 0.00000432 1.54047839 0.99797371 0.75340756 0.49591820
1.32185169 0.00000432 1.48930817 0.78639611 0.98762312 0.44861893
1.32185169 0.00000432 1.48930817 0.78639611 0.98762312 0.44861893
1.32185169 0.00000432 1.48930817 0.78639611 0.98762312 0.44861893
1.32185169 0.00000432 1.48930817 0.78639611 0.98762312 0.44861893
1.32185169 0.00000432 1.48930817 0.78639611 0.98762312 0.44861893
1.32185169 0.00000432 1.48930817 0.78639611 0.98762312 0.44861893
1.32185169 0.00000432 1.48930817 0.78639611 0.98762312 0.44861893
