1.32888062 0.00000386 1.71153653 1.12279549 0.78550818 0.50128253
1.32888062 0.00000386 1.71153653 1.12279549 0.78550818 0.50128253
1.32888062 0.00000386 1.71153653 1.12279549 0.78550818 0.50128253
1.32888062 0.00000386 1.71153653 1.12279549 0.78550818 0.50128253
1.32888062 0.00000386 1.71153653 1.12279549 0.78550818 0.50128253
1.32888062 0.00000386 1.71153653 1.12279549 0.78550818 0.50128253
1.32888062 0.00000386 1.71153653 1.12279549 0.78550818 0.50128253
1.32888062 0.00000386 1.71153653 1.12279549 0.78550818 0.50128253
1.32888062 0.00000386 1.71153653 1.12279549 0.78550818 0.50128253
1.32888062 0.00000386 1.71153653 1.12279549 0.78550818 0.50128253
1.32888062 0.00000386 1.71153653 1.12279549 0.78550818 0.50128253
1.32888062 0.00000386 1.71153653 1.12279549 0.78550818 0.50128253
1.32888062 0.00000386 1.71153653 1.12279549 0.78550818 0.50128253
1.32888062 0.00000386 1.71153653 1.12279549 0.78550818 0.50128253
1.32888062 0.00000386 1.71153653 1.12279549 0.78550818 0.50128253
1.32888062 0.00000386 1.71153653 1.12279549 0.78550818 0.50128253
1.32888062 0.00000386 1.71153653 1.12279549 0.78550818 0.50128253
1.32888062 0.00000386 1.71153653 1.12279549 0.78550818 0.50128253
1.32888062 0.00000386 1.71153653 1.12279549 0.78550818 0.50128253
1.32888062 0.00000386 1.71153653 1.12279549 0.78550818 0.50128253
1.32888062 0.00000386 1.71153653 1.12279549 0.78550818 0.50128253
1.32888062 0.00000386 1.71153653 1.12279549 0.78550818 0.50128253
1.32888062 0.00000386 1.71153653 1.12279549 0.78550818 0.50128253
1.32888062 0.00000386 1.71153653 1.12279549 0.78550818 0.50128253
1.32888062 0.00000386 1.71153653 1.12279549 0.78550818 0.50128253
1.32888062 0.00000386 1.71153653 1.12279549 0.78550818 0.50128253
1.32888062 0.00000386 1.71153653 1.12279549 0.78550818 0.50128253
1.32888062 0.00000386 1.71153653 1.12279549 0.78550818 0.50128253
1.32888062 0.00000386 1.71153653 1.12279549 0.78550818 0.50128253
1.32888062 0.00000386 1.71153653 1.12279549 0.78550818 0.50128253
1.32888062 0.00000386 1.71153653 1.12279549 0.78550818 0.50128253
1.32888062 0.00000386 1.71153653 1.12279549 0.78550818 0.50128253
1.32888062 0.00000386 1.71153653 1.12279549 0.78550818 0.50128253
1.32888062 0.00000386 1.71153653 1.12279549 0.78550818 0.50128253
1.32888062 0.00000386 1.71153653 1.12279549 0.78550818 0.50128253
1.32888062 0.00000386 1.71153653 1.12279549 0.78550818 0.50128253
1.32888062 0.00000386 1.71153653 1.12279549 0.78550818 0.50128253
1.32888062 0.00000386 1.71153653 1.12279549 0.78550818 0.50128253
1.32888062 0.00000386 1.71153653 1.12279549 0.78550818 0.50128253
1.32888062 0.00000386 1.71153653 1.12279549 0.78550818 0.50128253
1.32888062 0.00000386 1.71153653 1.12279549 0.78550818 0.50128253
1.32888062 0.00000386 1.71153653 1.12279549 0.78550818 0.50128253
1.32888062 0.00000386 1.71153653 1.12279549 0.78550818 0.50128253
1.32888062 0.00000386 1.71153653 1.12279549 0.78550818 0.50128253
1.32888062 0.00000386 1.71153653 1.12279549 0.78550818 0.50128253
1.32888062 0.00000386 1.71153653 1.12279549 0.78550818 0.50128253
1.32888062 0.00000386 1.71153653 1.12279549 0.78550818 0.50128253
1.32888062 0.00000386 1.71153653 1.12279549 0.78550818 0.50128253
1.32888062 0.00000386 1.71153653 1.12279549 0.78550818 0.50128253
1.32888062 0.00000386 1.71153653 1.12279549 0.78550818 0.50128253
1.32888062 0.00000386 1.71153653 1.12279549 0.78550818 0.50128253
1.32888062 0.00000386 1.71153653 1.12279549 0.78550818 0.50128253
1.32888062 0.00000386 1.71153653 1.12279549 0.78550818 0.50128253
1.32888062 0.00000386 1.71153653 1.12279549 0.78550818 0.50128253
1.32888062 0.00000386 1.71153653 1.12279549 0.78550818 0.50128253
1.32888062 0.00000386 1.71153653 1.12279549 0.78550818 0.50128253
1.32888062 0.00000386 1.71153653 1.12279549 0.78550818 0.50128253
1.32888062 0.00000386 1.71153653 1.12279549 0.78550818 0.50128253
1.32888062 0.00000386 1.71153653 1.12279549 0.78550818 0.50128253
1.32888062 0.00000386 1.71153653 1.12279549 0.78550818 0.50128253
1.32888062 0.00000386 1.71153653 1.12279549 0.78550818 0.50128253
1.32888062 0.00000386 1.71153653 1.12279549 0.78550818 0.50128253
1.95409894 0.00000386 1.96371074 1.63747969 0.83054005 0.56189592
1.95409894 0.00000386 1.96371074 1.63747969 0.83054005 0.56189592
1.95409894 0.00000386 1.96371074 1.63747969 0.83054005 0.56189592
1.95409894 0.00000386 1.96371074 1.63747969 0.83054005 0.56189592
1.95409894 0.00000386 1.96371074 1.63747969 0.83054005 0.56189592
1.95409894 0.00000386 1.96371074 1.63747969 0.83054005 0.56189592
1.95409894 0.00000386 1.96371074 1.63747969 0.83054005 0.56189592
1.95409894 0.00000386 1.96371074 1.63747969 0.83054005 0.56189592
1.95409894 0.00000386 1.96371074 1.63747969 0.83054005 0.56189592
1.95409894 0.00000386 1.96371074 1.63747969 0.83054005 0.56189592
1.95409894 0.00000386 1.96371074 1.63747969 0.83054005 0.56189592
1.95409894 0.00000386 1.96371074 1.63747969 0.83054005 0.56189592
1.95409894 0.00000386 1.96371074 1.63747969 0.83054005 0.56189592
1.95409894 0.00000386 1.96371074 1.63747969 0.83054005 0.56189592
1.95409894 0.00000386 1.96371074 1.63747969 0.83054005 0.56189592
1.95409894 0.00000386 1.96371074 1.63747969 0.83054005 0.56189592
1.95409894 0.00000386 1.96371074 1.63747969 0.83054005 0.56189592
1.95409894 0.00000386 1.96371074 1.63747969 0.83054005 0.56189592
1.95409894 0.00000386 1.96371074 1.63747969 0.83054005 0.56189592
1.95409894 0.00000386 1.96371074 1.63747969 0.83054005 0.56189592
1.95409894 0.00000386 1.96371074 1.63747969 0.83054005 0.56189592
1.95409894 0.00000386 1.96371074 1.63747969 0.83054005 0.56189592
1.95409894 0.00000386 1.96371074 1.63747969 0.83054005 0.56189592
1.95409894 0.00000386 1.96371074 1.63747969 0.83054005 0.56189592
1.95409894 0.00000386 1.96371074 1.63747969 0.83054005 0.56189592
1.95409894 0.00000386 1.96371074 1.63747969 0.83054005 0.56189592
1.95409894 0.00000386 1.96371074 1.63747969 0.83054005 0.56189592
1.95409894 0.00000386 1.96371074 1.63747969 0.83054005 0.56189592
1.95409894 0.00000386 1.96371074 1.63747969 0.83054005 0.56189592
1.95409894 0.00000386 1.96371074 1.63747969 0.83054005 0.56189592
1.95409894 0.00000386 1.96371074 1.63747969 0.83054005 0.56189592
1.95409894 0.00000386 1.96371074 1.63747969 0.83054005 0.56189592
1.95409894 0.00000386 1.96371074 1.63747969 0.83054005 0.56189592
1.95409894 0.00000386 1.96371074 1.63747969 0.83054005 0.56189592
1.95409894 0.00000386 1.96371074 1.63747969 0.83054005 0.56189592
1.95409894 0.00000386 1.96371074 1.63747969 0.83054005 0.56189592
1.95409894 0.00000386 1.96371074 1.63747969 0.83054005 0.56189592
1.95409894 0.00000386 1.96371074 1.63747969 0.83054005 0.56189592
1.95409894 0.00000386 1.96371074 1.63747969 0.83054005 0.56189592
1.95409894 0.00000386 1.96371074 1.63747969 0.83054005 0.56189592
1.95409894 0.00000386 1.96371074 1.63747969 0.83054005 0.56189592
1.95409894 0.00000386 1.96371074 1.75838254 0.86327437 0.56189592
1.95409894 0.00000386 1.96371074 1.75838254 0.86327437 0.56189592
1.95409894 0.00000386 1.96371074 1.75838254 0.86327437 0.56189592
1.95409894 0.00000386 1.96371074 1.75838254 0.86327437 0.56189592
1.95409894 0.00000386 1.96371074 1.75838254 0.86327437 0.56189592
1.95409894 0.00000386 1.96371074 1.75838254 0.86327437 0.56189592
1.95409894 0.00000386 1.96371074 1.75838254 0.86327437 0.56189592
1.95409894 0.00000386 1.96371074 1.75838254 0.86327437 0.56189592
1.95409894 0.00000386 1.96371074 1.75838254 0.86327437 0.56189592
1.95409894 0.00000386 1.96371074 1.75838254 0.86327437 0.56189592
1.95409894 0.00000386 1.96371074 1.75838254 0.86327437 0.56189592
1.95409894 0.00000386 1.96371074 1.75838254 0.86327437 0.56189592
1.95409894 0.00000386 1.96371074 1.75838254 0.86327437 0.56189592
1.95409894 0.00000386 1.96371074 1.75838254 0.86327437 0.56189592
1.95409894 0.00000386 1.96371074 1.75838254 0.86327437 0.56189592
1.95409894 0.00000386 1.96371074 1.75838254 0.86327437 0.56189592
1.95409894 0.00000386 1.96371074 1.75838254 0.86327437 0.56189592
1.95409894 0.00000386 1.96371074 1.75838254 0.86327437 0.56189592
1.95409894 0.00000386 1.96371074 1.75838254 0.86327437 0.56189592
1.95409894 0.00000386 1.97367406 1.51937347 0.86327437 0.61297193
1.95409894 0.00000386 1.97367406 1.51937347 0.86327437 0.61297193
1.95409894 0.00000386 1.97367406 1.51937347 0.86327437 0.61297193
1.95409894 0.00000386 1.97367406 1.51937347 0.86327437 0.61297193
1.95409894 0.00000386 1.97367406 1.70910733 0.79316086 0.61297193
1.95409894 0.00000386 1.97367406 1.70910733 0.79316086 0.61297193
1.95409894 0.00000386 1.97367406 1.70910733 0.79316086 0.61297193
1.95409894 0.00000386 1.97367406 1.70910733 0.79316086 0.61297193
1.95409894 0.00000386 1.97367406 1.92946649 0.86421930 0.61221079
1.95409894 0.00000386 1.97367406 1.92946649 0.86421930 0.61221079
1.95409894 0.00000386 1.97367406 1.92946649 0.86421930 0.61221079
1.95409894 0.00000386 1.97367406 1.92946649 0.98004906 0.52500530
1.95409894 0.00000386 1.97367406 1.92946649 0.98004906 0.52500530
1.95409894 0.00000386 1.97367406 1.92946649 0.98004906 0.52500530
1.95409894 0.00000386 1.97367406 1.92946649 0.98004906 0.52500530
1.95409894 0.00000386 1.97367406 1.92946649 0.98004906 0.52500530
1.95409894 0.00000386 1.97367406 1.92946649 0.98004906 0.52500530
1.95409894 0.00000386 1.97367406 1.92946649 0.98004906 0.52500530
1.95409894 0.00000386 1.97367406 1.92946649 0.98004906 0.52500530
1.95409894 0.00000386 1.97367406 1.92946649 0.98004906 0.52500530
1.95409894 0.00000386 1.97367406 1.92946649 0.98004906 0.52500530
1.95409894 0.00000386 1.97367406 1.92946649 0.98004906 0.52500530
1.95409894 0.00000386 1.97367406 1.92946649 0.98004906 0.52500530
1.95409894 0.00000386 1.97367406 1.92946649 0.98004906 0.52500530
1.95409894 0.00000386 1.97367406 1.92946649 0.98004906 0.52500530
1.95409894 0.00000386 1.97367406 1.92946649 0.98004906 0.52500530
1.95409894 0.00000386 1.97367406 1.92946649 0.98004906 0.52500530
1.95409894 0.00000386 1.97367406 1.92946649 0.98004906 0.52500530
1.95409894 0.00000386 1.97367406 1.92946649 0.98004906 0.52500530
1.95409894 0.00000386 1.97367406 1.92946649 0.98004906 0.52500530
1.95409894 0.00000386 1.97367406 1.92946649 0.98004906 0.52500530
1.95409894 0.00000386 1.97367406 1.92946649 0.98004906 0.52500530
1.95409894 0.00000386 1.97367406 1.92946649 0.98004906 0.52500530
1.95409894 0.00000386 1.97367406 1.92946649 0.98004906 0.52500530
1.95409894 0.00000386 1.97367406 1.92946649 0.98004906 0.52500530
1.95409894 0.00000386 1.97367406 1.92946649 0.98004906 0.52500530
1.95409894 0.00000386 1.97367406 1.92946649 0.98004906 0.52500530
1.95409894 0.00000386 1.97367406 1.92946649 0.98004906 0.52500530
1.95409894 0.00000386 1.97367406 1.92946649 0.98004906 0.52500530
1.95409894 0.00000386 1.97367406 1.92946649 0.98004906 0.52500530
1.95409894 0.00000386 1.97367406 1.92946649 0.98004906 0.52500530
1.95409894 0.00000386 1.97367406 1.92946649 0.98004906 0.52500530
1.95409894 0.00000386 1.97367406 1.92946649 0.98004906 0.52500530
1.95409894 0.00000386 1.97367406 1.92946649 0.98004906 0.52500530
1.95409894 0.00000386 1.97367406 1.92946649 0.98004906 0.52500530
1.95409894 0.00000386 1.97367406 1.92946649 0.98004906 0.52500530
1.95409894 0.00000386 1.75858796 1.84931917 0.98004906 0.60272420
1.95409894 0.00000386 1.75858796 1.84931917 0.98004906 0.60272420
1.95409894 0.00000386 1.75858796 1.84931917 0.98004906 0.60272420
1.95409894 0.00000386 1.75858796 1.84931917 0.98004906 0.60272420
1.95409894 0.00000386 1.75858796 1.84931917 0.98004906 0.60272420
1.95409894 0.00000386 1.75858796 1.84931917 0.98004906 0.60272420
1.95409894 0.00000386 1.75858796 1.84931917 0.98004906 0.60272420
1.95409894 0.00000386 1.75858796 1.84931917 0.98004906 0.60272420
1.95409894 0.00000386 1.75858796 1.84931917 0.98004906 0.60272420
1.95409894 0.00000386 1.75858796 1.84931917 0.98004906 0.60272420
1.95409894 0.00000386 1.75858796 1.84931917 0.98004906 0.60272420
1.95409894 0.00000386 1.75858796 1.84931917 0.98004906 0.60272420
1.95409894 0.00000386 1.75858796 1.84931917 0.98004906 0.60272420
1.95409894 0.00000386 1.75858796 1.84931917 0.98004906 0.60272420
1.95409894 0.00000386 1.75858796 1.84931917 0.98004906 0.60272420
