0.95727171 0.00000391 1.16300001 0.94738354 0.77232596 0.49054557
0.95727171 0.00000391 1.16300001 0.94738354 0.77232596 0.49054557
0.95727171 0.00000391 1.16300001 0.94738354 0.77232596 0.49054557
0.95727171 0.00000391 1.16300001 0.94738354 0.77232596 0.49054557
0.95727171 0.00000391 1.16300001 0.94738354 0.77232596 0.49054557
1.05257615 0.00000412 0.99565843 0.92086995 0.74103523 0.46106344
1.05257615 0.00000412 0.99565843 0.92086995 0.74103523 0.46106344
1.05257615 0.00000412 0.99565843 0.92086995 0.74103523 0.46106344
1.05257615 0.00000412 0.99565843 0.92086995 0.74103523 0.46106344
0.94333653 0.00000426 1.05502447 0.88099076 0.73872135 0.46601557
0.94333653 0.00000426 1.05502447 0.88099076 0.73872135 0.46601557
0.94333653 0.00000426 1.05502447 0.88099076 0.73872135 0.46601557
0.94333653 0.00000426 1.05502447 0.88099076 0.73872135 0.46601557
0.94333653 0.00000426 1.05502447 0.88099076 0.73872135 0.46601557
0.94333653 0.00000426 1.05502447 0.88099076 0.73872135 0.46601557
0.94333653 0.00000426 1.05502447 0.88099076 0.73872135 0.46601557
0.94333653 0.00000426 1.05502447 0.88099076 0.73872135 0.46601557
0.94333653 0.00000426 1.05502447 0.88099076 0.73872135 0.46601557
0.94333653 0.00000426 1.05502447 0.88099076 0.73872135 0.46601557
0.94333653 0.00000426 1.05502447 0.88099076 0.73872135 0.46601557
0.94333653 0.00000426 1.05502447 0.88099076 0.73872135 0.46601557
0.94333653 0.00000426 1.05502447 0.88099076 0.73872135 0.46601557
0.94333653 0.00000426 1.05502447 0.88099076 0.73872135 0.46601557
0.94333653 0.00000426 1.05502447 0.88099076 0.73872135 0.46601557
0.94333653 0.00000426 1.05502447 0.88099076 0.73872135 0.46601557
0.94333653 0.00000426 1.05502447 0.88099076 0.73872135 0.46601557
0.94333653 0.00000426 1.05502447 0.88099076 0.73872135 0.46601557
0.94333653 0.00000426 1.05502447 0.88099076 0.73872135 0.46601557
0.94333653 0.00000426 1.05502447 0.88099076 0.73872135 0.46601557
0.94333653 0.00000426 1.05502447 0.88099076 0.73872135 0.46601557
0.94333653 0.00000426 1.05502447 0.88099076 0.73872135 0.46601557
0.94333653 0.00000426 1.05502447 0.88099076 0.73872135 0.46601557
0.94333653 0.00000426 1.05502447 0.88099076 0.73872135 0.46601557
0.94333653 0.00000426 1.05502447 0.88099076 0.73872135 0.46601557
0.94333653 0.00000426 1.05502447 0.88099076 0.73872135 0.46601557
0.94333653 0.00000426 1.05502447 0.88099076 0.73872135 0.46601557
0.94333653 0.00000426 1.05502447 0.88099076 0.73872135 0.46601557
0.94333653 0.00000426 1.05502447 0.88099076 0.73872135 0.46601557
0.94333653 0.00000426 1.05502447 0.88099076 0.73872135 0.46601557
0.94333653 0.00000426 1.05502447 0.88099076 0.73872135 0.46601557
0.94333653 0.00000426 1.05502447 0.88099076 0.73872135 0.46601557
0.94333653 0.00000426 1.05502447 0.88099076 0.73872135 0.46601557
0.94333653 0.00000426 1.05502447 0.88099076 0.73872135 0.46601557
0.94333653 0.00000426 1.05502447 0.88099076 0.73872135 0.46601557
0.94333653 0.00000426 1.05502447 0.88099076 0.73872135 0.46601557
0.94333653 0.00000426 1.05502447 0.88099076 0.73872135 0.46601557
0.94333653 0.00000426 1.05502447 0.88099076 0.73872135 0.46601557
0.94333653 0.00000426 1.05502447 0.88099076 0.73872135 0.46601557
0.94333653 0.00000426 1.05502447 0.88099076 0.73872135 0.46601557
0.94333653 0.00000426 1.05502447 0.88099076 0.73872135 0.46601557
0.94333653 0.00000426 1.05502447 0.88099076 0.73872135 0.46601557
0.94333653 0.00000426 1.05502447 0.88099076 0.73872135 0.46601557
0.94333653 0.00000426 1.05502447 0.88099076 0.73872135 0.46601557
0.94333653 0.00000426 1.05502447 0.88099076 0.73872135 0.46601557
0.94333653 0.00000426 1.05502447 0.88099076 0.73872135 0.46601557
0.94333653 0.00000426 1.05502447 0.88099076 0.73872135 0.46601557
0.94333653 0.00000426 1.05502447 0.88099076 0.73872135 0.46601557
0.94333653 0.00000426 1.05502447 0.88099076 0.73872135 0.46601557
0.94333653 0.00000426 1.05502447 0.88099076 0.73872135 0.46601557
0.94333653 0.00000426 1.05502447 0.88099076 0.73872135 0.46601557
0.94333653 0.00000426 1.05502447 0.88099076 0.73872135 0.46601557
0.94333653 0.00000426 1.05502447 0.88099076 0.73872135 0.46601557
0.94333653 0.00000426 1.05502447 0.88099076 0.73872135 0.46601557
0.94333653 0.00000426 1.05502447 0.88099076 0.73872135 0.46601557
0.94333653 0.00000426 1.05502447 0.88099076 0.73872135 0.46601557
0.94333653 0.00000426 1.05502447 0.88099076 0.73872135 0.46601557
0.94333653 0.00000426 1.05502447 0.88099076 0.73872135 0.46601557
0.94333653 0.00000426 1.05502447 0.88099076 0.73872135 0.46601557
0.94333653 0.00000426 1.05502447 0.88099076 0.73872135 0.46601557
0.94333653 0.00000426 1.23005064 0.65685483 0.73872135 0.47293719
0.94333653 0.00000426 1.23005064 0.65685483 0.73872135 0.47293719
0.94333653 0.00000426 1.23005064 0.65685483 0.73872135 0.47293719
0.94333653 0.00000426 1.23005064 0.65685483 0.73872135 0.47293719
0.94333653 0.00000426 1.23005064 0.65685483 0.73872135 0.47293719
0.94333653 0.00000426 1.23005064 0.65685483 0.73872135 0.47293719
0.94333653 0.00000426 1.23005064 0.65685483 0.73872135 0.47293719
0.94333653 0.00000426 1.23005064 0.65685483 0.73872135 0.47293719
0.94333653 0.00000426 1.23005064 0.65685483 0.73872135 0.47293719
0.94333653 0.00000426 1.23005064 0.65685483 0.73872135 0.47293719
0.94333653 0.00000426 1.23005064 0.65685483 0.73872135 0.47293719
0.94333653 0.00000426 1.23005064 0.65685483 0.73872135 0.47293719
0.94333653 0.00000426 1.23005064 0.65685483 0.73872135 0.47293719
0.94333653 0.00000426 1.23005064 0.65685483 0.73872135 0.47293719
0.94333653 0.00000426 1.23005064 0.65685483 0.73872135 0.47293719
0.94333653 0.00000426 1.23005064 0.65685483 0.73872135 0.47293719
0.94333653 0.00000426 1.23005064 0.65685483 0.73872135 0.47293719
0.94333653 0.00000426 1.23005064 0.65685483 0.73872135 0.47293719
0.94333653 0.00000426 1.23005064 0.65685483 0.73872135 0.47293719
0.94333653 0.00000426 1.23005064 0.65685483 0.73872135 0.47293719
0.94333653 0.00000426 1.23005064 0.65685483 0.73872135 0.47293719
0.94333653 0.00000426 1.23005064 0.65685483 0.73872135 0.47293719
0.94333653 0.00000426 1.23005064 0.65685483 0.73872135 0.47293719
0.94333653 0.00000426 1.23005064 0.65685483 0.73872135 0.47293719
0.94333653 0.00000426 1.23005064 0.65685483 0.73872135 0.47293719
0.94333653 0.00000426 1.23005064 0.65685483 0.73872135 0.47293719
0.94333653 0.00000426 1.23005064 0.65685483 0.73872135 0.47293719
0.94333653 0.00000426 1.23005064 0.65685483 0.73872135 0.47293719
0.94333653 0.00000426 1.23005064 0.65685483 0.73872135 0.47293719
0.94333653 0.00000426 1.23005064 0.65685483 0.73872135 0.47293719
0.94333653 0.00000426 1.23005064 0.65685483 0.73872135 0.47293719
0.94333653 0.00000426 1.23005064 0.65685483 0.73872135 0.47293719
0.94333653 0.00000426 1.23005064 0.65685483 0.73872135 0.47293719
0.94333653 0.00000426 1.23005064 0.65685483 0.73872135 0.47293719
0.94333653 0.00000426 1.23005064 0.65685483 0.73872135 0.47293719
0.94333653 0.00000426 1.23005064 0.65685483 0.73872135 0.47293719
0.94333653 0.00000426 1.23005064 0.65685483 0.73872135 0.47293719
0.94333653 0.00000426 1.23005064 0.65685483 0.73872135 0.47293719
0.94333653 0.00000426 1.23005064 0.65685483 0.73872135 0.47293719
0.94333653 0.00000426 1.23005064 0.65685483 0.73872135 0.47293719
0.94333653 0.00000426 1.23005064 0.65685483 0.73872135 0.47293719
0.94333653 0.00000426 1.23005064 0.65685483 0.73872135 0.47293719
0.94333653 0.00000426 1.23005064 0.65685483 0.73872135 0.47293719
0.94333653 0.00000426 1.23005064 0.65685483 0.73872135 0.47293719
0.94333653 0.00000426 1.23005064 0.65685483 0.73872135 0.47293719
0.94333653 0.00000426 1.23005064 0.65685483 0.73872135 0.47293719
0.94333653 0.00000426 1.23005064 0.65685483 0.73872135 0.47293719
0.94333653 0.00000426 1.23005064 0.65685483 0.73872135 0.47293719
0.94333653 0.00000426 1.23005064 0.65685483 0.73872135 0.47293719
0.94333653 0.00000426 1.23005064 0.65685483 0.73872135 0.47293719
0.94333653 0.00000426 1.23005064 0.65685483 0.73872135 0.47293719
0.94333653 0.00000426 1.23005064 0.65685483 0.73872135 0.47293719
0.94333653 0.00000426 1.23005064 0.65685483 0.73872135 0.47293719
0.94333653 0.00000426 1.23005064 0.65685483 0.73872135 0.47293719
1.09509483 0.00000426 1.35836541 1.06848864 0.73872135 0.37381158
1.09509483 0.00000426 1.35836541 1.06848864 0.73872135 0.37381158
1.09509483 0.00000426 1.35836541 1.06848864 0.73872135 0.37381158
1.09509483 0.00000426 1.35836541 1.06848864 0.73872135 0.37381158
1.09509483 0.00000426 1.35836541 1.06848864 0.73872135 0.37381158
1.09509483 0.00000426 1.35836541 1.06848864 0.73872135 0.37381158
1.09509483 0.00000426 1.35836541 1.06848864 0.73872135 0.37381158
1.09509483 0.00000426 1.35836541 1.06848864 0.73872135 0.37381158
1.09509483 0.00000426 1.35836541 1.06848864 0.73872135 0.37381158
1.09509483 0.00000426 1.35836541 1.06848864 0.73872135 0.37381158
1.09509483 0.00000426 1.35836541 1.06848864 0.73872135 0.37381158
1.09509483 0.00000426 1.35836541 1.06848864 0.73872135 0.37381158
1.09509483 0.00000426 1.35836541 1.06848864 0.73872135 0.37381158
1.09509483 0.00000426 1.35836541 1.06848864 0.73872135 0.37381158
1.09509483 0.00000426 1.35836541 1.06848864 0.73872135 0.37381158
1.09509483 0.00000426 1.35836541 1.06848864 0.73872135 0.37381158
1.09509483 0.00000426 1.35836541 1.06848864 0.73872135 0.37381158
1.09509483 0.00000426 1.35836541 1.06848864 0.73872135 0.37381158
1.09509483 0.00000426 1.35836541 1.06848864 0.73872135 0.37381158
1.09509483 0.00000426 1.35836541 1.06848864 0.73872135 0.37381158
1.09509483 0.00000426 1.35836541 1.06848864 0.73872135 0.37381158
1.09509483 0.00000426 1.35836541 1.06848864 0.73872135 0.37381158
1.09509483 0.00000426 1.35836541 1.06848864 0.73872135 0.37381158
1.09509483 0.00000426 1.35836541 1.06848864 0.73872135 0.37381158
1.09509483 0.00000426 1.35836541 1.06848864 0.73872135 0.37381158
1.09509483 0.00000426 1.35836541 1.06848864 0.73872135 0.37381158
1.09509483 0.00000426 1.35836541 1.06848864 0.73872135 0.37381158
1.09509483 0.00000426 1.35836541 1.06848864 0.73872135 0.37381158
1.09509483 0.00000426 1.35836541 1.06848864 0.73872135 0.37381158
1.09509483 0.00000426 1.35836541 1.06848864 0.73872135 0.37381158
1.09509483 0.00000426 1.35836541 1.06848864 0.73872135 0.37381158
1.09509483 0.00000426 1.35836541 1.06848864 0.73872135 0.37381158
1.09509483 0.00000426 1.35836541 1.06848864 0.73872135 0.37381158
1.09509483 0.00000426 1.35836541 1.06848864 0.73872135 0.37381158
1.09509483 0.00000426 1.35836541 1.06848864 0.73872135 0.37381158
1.09509483 0.00000426 1.35836541 1.06848864 0.73872135 0.37381158
1.09509483 0.00000426 1.35836541 1.06848864 0.73872135 0.37381158
1.09509483 0.00000426 1.35836541 1.06848864 0.73872135 0.37381158
1.09509483 0.00000426 1.35836541 1.06848864 0.73872135 0.37381158
1.09509483 0.00000426 1.35836541 1.06848864 0.73872135 0.37381158
1.09509483 0.00000426 1.35836541 1.06848864 0.73872135 0.37381158
1.09509483 0.00000426 1.35836541 1.06848864 0.73872135 0.37381158
1.09509483 0.00000426 1.35836541 1.06848864 0.73872135 0.37381158
1.09509483 0.00000426 1.35836541 1.06848864 0.73872135 0.37381158
1.67449300 0.00000426 1.71934528 1.34745606 0.60218338 0.37381158
1.67449300 0.00000426 1.71934528 1.34745606 0.60218338 0.37381158
1.67449300 0.00000426 1.71934528 1.34745606 0.60218338 0.37381158
1.67449300 0.00000426 1.71934528 1.34745606 0.60218338 0.37381158
1.67449300 0.00000426 1.71934528 1.34745606 0.60218338 0.37381158
1.67449300 0.00000426 1.71934528 1.34745606 0.60218338 0.37381158
1.67449300 0.00000426 1.71934528 1.34745606 0.60218338 0.37381158
1.67449300 0.00000426 1.71934528 1.34745606 0.60218338 0.37381158
1.67449300 0.00000426 1.71934528 1.34745606 0.60218338 0.37381158
1.67449300 0.00000426 1.71934528 1.34745606 0.60218338 0.37381158
1.67449300 0.00000426 1.71934528 1.34745606 0.60218338 0.37381158
1.67449300 0.00000426 1.71934528 1.34745606 0.60218338 0.37381158
1.67449300 0.00000426 1.71934528 1.34745606 0.60218338 0.37381158
1.67449300 0.00000426 1.71934528 1.34745606 0.60218338 0.37381158
1.67449300 0.00000426 1.71934528 1.34745606 0.60218338 0.37381158
1.67449300 0.00000426 1.71934528 1.34745606 0.60218338 0.37381158
