0.00000000 0.00000000 0.00000000 0.00000000 0.00000000 0.00000000
1.21172649 0.00000399 1.47413578 0.99007930 0.73716764 0.50216403
1.21172649 0.00000399 1.47413578 0.99007930 0.73716764 0.50216403
1.38499843 0.00000430 1.67369497 1.03434718 0.78525402 0.53326986
1.38499843 0.00000430 1.67369497 1.03434718 0.78525402 0.53326986
1.38499843 0.00000430 1.67369497 1.03434718 0.78525402 0.53326986
1.38499843 0.00000430 1.67369497 1.03434718 0.78525402 0.53326986
1.38499843 0.00000430 1.67369497 1.03434718 0.78525402 0.53326986
1.38499843 0.00000430 1.67369497 1.03434718 0.78525402 0.53326986
1.38499843 0.00000430 1.67369497 1.03434718 0.78525402 0.53326986
1.38499843 0.00000430 1.67369497 1.03434718 0.78525402 0.53326986
1.38499843 0.00000430 1.67369497 1.03434718 0.78525402 0.53326986
1.38499843 0.00000430 1.67369497 1.03434718 0.78525402 0.53326986
1.38499843 0.00000430 1.67369497 1.03434718 0.78525402 0.53326986
1.38499843 0.00000430 1.67369497 1.03434718 0.78525402 0.53326986
1.38499843 0.00000430 1.67369497 1.03434718 0.78525402 0.53326986
1.38499843 0.00000430 1.67369497 1.03434718 0.78525402 0.53326986
1.38499843 0.00000430 1.67369497 1.03434718 0.78525402 0.53326986
1.38499843 0.00000430 1.67369497 1.03434718 0.78525402 0.53326986
1.38499843 0.00000430 1.67369497 1.03434718 0.78525402 0.53326986
1.38499843 0.00000430 1.67369497 1.03434718 0.78525402 0.53326986
1.38499843 0.00000430 1.67369497 1.03434718 0.78525402 0.53326986
1.38499843 0.00000430 1.67369497 1.03434718 0.78525402 0.53326986
1.38499843 0.00000430 1.67369497 1.03434718 0.78525402 0.53326986
1.38499843 0.00000430 1.67369497 1.03434718 0.78525402 0.53326986
1.38499843 0.00000430 1.67369497 1.03434718 0.78525402 0.53326986
1.38499843 0.00000430 1.67369497 1.03434718 0.78525402 0.53326986
1.38499843 0.00000430 1.67369497 1.03434718 0.78525402 0.53326986
1.38499843 0.00000430 1.67369497 1.03434718 0.78525402 0.53326986
1.38499843 0.00000430 1.67369497 1.03434718 0.78525402 0.53326986
1.38499843 0.00000430 1.67369497 1.03434718 0.78525402 0.53326986
1.38499843 0.00000430 1.67369497 1.03434718 0.78525402 0.53326986
1.38499843 0.00000430 1.67369497 1.03434718 0.78525402 0.53326986
1.38499843 0.00000430 1.67369497 1.03434718 0.78525402 0.53326986
1.38499843 0.00000430 1.67369497 1.03434718 0.78525402 0.53326986
1.38499843 0.00000430 1.67369497 1.03434718 0.78525402 0.53326986
1.38499843 0.00000430 1.67369497 1.03434718 0.78525402 0.53326986
1.64016555 0.00000430 1.82060129 0.53607028 0.78525402 0.53326986
1.64016555 0.00000430 1.82060129 0.53607028 0.78525402 0.53326986
1.64016555 0.00000430 1.82060129 0.53607028 0.78525402 0.53326986
1.64016555 0.00000430 1.82060129 0.53607028 0.78525402 0.53326986
1.64016555 0.00000430 1.82060129 0.53607028 0.78525402 0.53326986
1.64016555 0.00000430 1.82060129 0.53607028 0.78525402 0.53326986
1.64016555 0.00000430 1.82060129 0.53607028 0.78525402 0.53326986
1.64016555 0.00000430 1.82060129 0.53607028 0.78525402 0.53326986
1.64016555 0.00000430 1.82060129 0.53607028 0.78525402 0.53326986
1.64016555 0.00000430 1.82060129 0.53607028 0.78525402 0.53326986
1.64016555 0.00000430 1.82060129 0.53607028 0.78525402 0.53326986
1.64016555 0.00000430 1.82060129 0.53607028 0.78525402 0.53326986
1.64016555 0.00000430 1.82060129 0.53607028 0.78525402 0.53326986
1.64016555 0.00000430 1.82060129 0.53607028 0.78525402 0.53326986
1.64016555 0.00000430 1.82060129 0.53607028 0.78525402 0.53326986
1.64016555 0.00000430 1.82060129 0.53607028 0.78525402 0.53326986
1.64016555 0.00000430 1.82060129 0.53607028 0.78525402 0.53326986
1.64016555 0.00000430 1.82060129 0.53607028 0.78525402 0.53326986
1.64016555 0.00000430 1.82060129 0.53607028 0.78525402 0.53326986
1.64016555 0.00000430 1.82060129 0.53607028 0.78525402 0.53326986
1.64016555 0.00000430 1.82060129 0.53607028 0.78525402 0.53326986
1.64016555 0.00000430 1.82060129 0.53607028 0.78525402 0.53326986
1.64016555 0.00000430 1.82060129 0.53607028 0.78525402 0.53326986
1.64016555 0.00000430 1.82060129 0.53607028 0.78525402 0.53326986
1.64016555 0.00000430 1.82060129 0.53607028 0.78525402 0.53326986
1.64016555 0.00000430 1.82060129 0.53607028 0.78525402 0.53326986
1.64016555 0.00000430 1.82060129 0.53607028 0.78525402 0.53326986
1.64016555 0.00000430 1.82060129 0.53607028 0.78525402 0.53326986
1.64016555 0.00000430 1.82060129 0.53607028 0.78525402 0.53326986
1.64016555 0.00000430 1.82060129 0.53607028 0.78525402 0.53326986
1.64016555 0.00000430 1.82060129 0.53607028 0.78525402 0.53326986
1.64016555 0.00000430 1.82060129 0.53607028 0.78525402 0.53326986
1.64016555 0.00000430 1.82060129 0.53607028 0.78525402 0.53326986
1.64016555 0.00000430 1.82060129 0.53607028 0.78525402 0.53326986
1.64016555 0.00000430 1.82060129 0.53607028 0.78525402 0.53326986
1.64016555 0.00000430 1.82060129 0.53607028 0.78525402 0.53326986
1.64016555 0.00000430 1.82060129 0.53607028 0.78525402 0.53326986
1.64016555 0.00000430 1.82060129 0.53607028 0.78525402 0.53326986
1.64016555 0.00000430 1.82060129 0.53607028 0.78525402 0.53326986
1.64016555 0.00000430 1.82060129 0.53607028 0.78525402 0.53326986
1.64016555 0.00000430 1.82060129 0.53607028 0.78525402 0.53326986
1.64016555 0.00000430 1.82060129 0.53607028 0.78525402 0.53326986
1.64016555 0.00000430 1.82060129 0.53607028 0.78525402 0.53326986
1.64016555 0.00000430 1.82060129 0.53607028 0.78525402 0.53326986
1.64016555 0.00000430 1.82060129 0.53607028 0.78525402 0.53326986
1.64016555 0.00000430 1.82060129 0.53607028 0.78525402 0.53326986
1.64016555 0.00000430 1.82060129 0.53607028 0.78525402 0.53326986
1.64016555 0.00000430 1.82060129 0.53607028 0.78525402 0.53326986
1.64016555 0.00000430 1.82060129 0.53607028 0.78525402 0.53326986
1.64016555 0.00000430 1.82060129 0.53607028 0.78525402 0.53326986
1.64016555 0.00000430 1.82060129 0.53607028 0.78525402 0.53326986
1.64016555 0.00000430 1.82060129 0.53607028 0.78525402 0.53326986
1.64016555 0.00000430 1.82060129 0.53607028 0.78525402 0.53326986
1.64016555 0.00000430 1.82060129 0.53607028 0.78525402 0.53326986
1.64016555 0.00000430 1.82060129 0.53607028 0.78525402 0.53326986
1.64016555 0.00000430 1.82060129 0.53607028 0.78525402 0.53326986
1.64016555 0.00000430 1.82060129 0.53607028 0.78525402 0.53326986
1.64016555 0.00000430 1.82060129 0.53607028 0.78525402 0.53326986
1.64016555 0.00000430 1.82060129 0.53607028 0.78525402 0.53326986
1.64016555 0.00000430 1.82060129 0.53607028 0.78525402 0.53326986
1.64016555 0.00000430 1.82060129 0.53607028 0.78525402 0.53326986
1.64016555 0.00000430 1.82060129 0.53607028 0.78525402 0.53326986
1.64016555 0.00000430 1.82060129 0.53607028 0.78525402 0.53326986
1.64016555 0.00000430 1.82060129 0.53607028 0.78525402 0.53326986
1.64016555 0.00000430 1.82060129 0.53607028 0.78525402 0.53326986
1.64016555 0.00000430 1.82060129 0.53607028 0.78525402 0.53326986
1.64016555 0.00000430 1.82060129 0.53607028 0.78525402 0.53326986
1.64016555 0.00000430 1.82060129 0.53607028 0.78525402 0.53326986
1.64016555 0.00000430 1.82060129 0.53607028 0.78525402 0.53326986
1.64016555 0.00000430 1.82060129 0.53607028 0.78525402 0.53326986
1.64016555 0.00000430 1.82060129 0.53607028 0.78525402 0.53326986
1.64016555 0.00000430 1.82060129 0.53607028 0.78525402 0.53326986
1.64016555 0.00000430 1.82060129 0.53607028 0.78525402 0.53326986
1.64016555 0.00000430 1.82060129 0.53607028 0.78525402 0.53326986
1.64016555 0.00000430 1.82060129 0.53607028 0.78525402 0.53326986
1.64016555 0.00000430 1.82060129 0.53607028 0.78525402 0.53326986
1.64016555 0.00000430 1.82060129 0.53607028 0.78525402 0.53326986
1.64016555 0.00000430 1.82060129 0.53607028 0.78525402 0.53326986
1.64016555 0.00000430 1.82060129 0.53607028 0.78525402 0.53326986
1.64016555 0.00000430 1.82060129 0.53607028 0.78525402 0.53326986
1.64016555 0.00000430 1.82060129 0.53607028 0.78525402 0.53326986
1.64016555 0.00000430 1.82060129 0.53607028 0.78525402 0.53326986
1.64016555 0.00000430 1.82060129 0.53607028 0.78525402 0.53326986
1.64016555 0.00000430 1.82060129 0.53607028 0.78525402 0.53326986
1.64016555 0.00000430 1.82060129 0.53607028 0.78525402 0.53326986
1.64016555 0.00000430 1.82060129 0.53607028 0.78525402 0.53326986
1.64016555 0.00000430 1.82060129 0.53607028 0.78525402 0.53326986
1.64016555 0.00000430 1.82060129 0.53607028 0.78525402 0.53326986
1.64016555 0.00000430 1.82060129 0.53607028 0.78525402 0.53326986
1.64016555 0.00000430 1.82060129 0.53607028 0.78525402 0.53326986
1.64016555 0.00000430 1.82060129 0.53607028 0.78525402 0.53326986
1.64016555 0.00000430 1.82060129 0.53607028 0.78525402 0.53326986
1.64016555 0.00000430 1.82060129 0.53607028 0.78525402 0.53326986
1.64016555 0.00000430 1.82060129 0.53607028 0.78525402 0.53326986
1.64016555 0.00000430 1.82060129 0.53607028 0.78525402 0.53326986
1.64016555 0.00000430 1.82060129 0.53607028 0.78525402 0.53326986
1.64016555 0.00000430 1.82060129 0.53607028 0.78525402 0.53326986
1.64016555 0.00000430 1.82060129 0.53607028 0.78525402 0.53326986
1.64016555 0.00000430 1.82060129 0.53607028 0.78525402 0.53326986
1.64016555 0.00000430 1.82060129 0.53607028 0.78525402 0.53326986
1.64016555 0.00000430 1.82060129 0.53607028 0.78525402 0.53326986
1.64016555 0.00000430 1.82060129 0.53607028 0.78525402 0.53326986
1.64016555 0.00000430 1.82060129 0.53607028 0.78525402 0.53326986
1.64016555 0.00000430 1.82060129 0.53607028 0.78525402 0.53326986
1.64016555 0.00000430 1.82060129 0.53607028 0.78525402 0.53326986
1.64016555 0.00000430 1.82060129 0.53607028 0.78525402 0.53326986
1.64016555 0.00000430 1.82060129 0.53607028 0.78525402 0.53326986
1.64016555 0.00000430 1.82060129 0.53607028 0.78525402 0.53326986
1.64016555 0.00000430 1.82060129 0.53607028 0.78525402 0.53326986
1.64016555 0.00000430 1.82060129 0.53607028 0.78525402 0.53326986
1.64016555 0.00000430 1.82060129 0.53607028 0.78525402 0.53326986
1.64016555 0.00000430 1.82060129 0.53607028 0.78525402 0.53326986
1.64016555 0.00000430 1.82060129 0.53607028 0.78525402 0.53326986
1.64016555 0.00000430 1.82060129 0.53607028 0.78525402 0.53326986
1.64016555 0.00000430 1.82060129 0.53607028 0.78525402 0.53326986
1.64016555 0.00000430 1.82060129 0.53607028 0.78525402 0.53326986
1.64016555 0.00000430 1.82060129 0.53607028 0.78525402 0.53326986
1.64016555 0.00000430 1.82060129 0.53607028 0.78525402 0.53326986
1.64016555 0.00000430 1.82060129 0.53607028 0.78525402 0.53326986
1.64016555 0.00000430 1.82060129 0.53607028 0.78525402 0.53326986
1.64016555 0.00000430 1.82060129 0.53607028 0.78525402 0.53326986
1.64016555 0.00000430 1.82060129 0.53607028 0.78525402 0.53326986
1.64016555 0.00000430 1.82060129 0.53607028 0.78525402 0.53326986
1.64016555 0.00000430 1.82060129 0.53607028 0.78525402 0.53326986
1.64016555 0.00000430 1.82060129 0.53607028 0.78525402 0.53326986
1.64016555 0.00000430 1.82060129 0.53607028 0.78525402 0.53326986
1.64016555 0.00000430 1.82060129 0.53607028 0.78525402 0.53326986
1.64016555 0.00000430 1.82060129 0.53607028 0.78525402 0.53326986
1.64016555 0.00000430 1.82060129 0.53607028 0.78525402 0.53326986
1.64016555 0.00000430 1.82060129 0.53607028 0.78525402 0.53326986
1.64016555 0.00000430 1.82060129 0.53607028 0.78525402 0.53326986
1.64016555 0.00000430 1.82060129 0.53607028 0.78525402 0.53326986
1.64016555 0.00000430 1.82060129 0.53607028 0.78525402 0.53326986
1.64016555 0.00000430 1.82060129 0.53607028 0.78525402 0.53326986
1.64016555 0.00000430 1.82060129 0.53607028 0.78525402 0.53326986
1.64016555 0.00000430 1.82060129 0.53607028 0.78525402 0.53326986
1.64016555 0.00000430 1.82060129 0.53607028 0.78525402 0.53326986
1.64016555 0.00000430 1.82060129 0.53607028 0.78525402 0.53326986
1.64016555 0.00000430 1.82060129 0.53607028 0.78525402 0.53326986
1.64016555 0.00000430 1.82060129 0.53607028 0.78525402 0.53326986
1.64016555 0.00000430 1.82060129 0.53607028 0.78525402 0.53326986
1.64016555 0.00000430 1.82060129 0.53607028 0.78525402 0.53326986
1.64016555 0.00000430 1.82060129 0.53607028 0.78525402 0.53326986
1.64016555 0.00000430 1.82060129 0.53607028 0.78525402 0.53326986
1.64016555 0.00000430 1.82060129 0.53607028 0.78525402 0.53326986
1.64016555 0.00000430 1.82060129 0.53607028 0.78525402 0.53326986
