2.393053000560030341e-04
2.154928079107776284e-04
2.276796294609084725e-04
2.046870649792253971e-04
2.653797564562410116e-04
2.114598464686423540e-04
2.836509665939956903e-04
2.313756413059309125e-04
2.131739747710525990e-04
2.139969292329624295e-04
2.048502938123419881e-04
1.681862195255234838e-04
2.529908088035881519e-04
2.389250003034248948e-04
2.386016276432201266e-04
2.022594708250835538e-04
2.067764871753752232e-04
2.547230105847120285e-04
1.836816081777215004e-04
2.243638591608032584e-04
