-102376.52 nan -102376.52
-95638.61 nan -95638.61
-106492.86 nan -106492.86
-105425.31 nan -105425.31
-108737.72 nan -108737.72
-106141.57 nan -106141.57
-98977.20 nan -98977.20
-107432.75 nan -107432.75
-109026.00 nan -109026.00
-106772.35 nan -106772.35
-103848.03 nan -103848.03
-103918.70 nan -103918.70
-104628.76 nan -104628.76
-101697.59 nan -101697.59
-108250.49 nan -108250.49
-107419.38 nan -107419.38
-108768.67 nan -108768.67
-107393.98 nan -107393.98
-100326.67 nan -100326.67
-98708.15 nan -98708.15
-102969.32 nan -102969.32
-105789.30 nan -105789.30
-102344.29 nan -102344.29
-106002.58 nan -106002.58
-105567.06 nan -105567.06
-107963.39 nan -107963.39
-104737.79 nan -104737.79
-107706.39 nan -107706.39
-103551.83 nan -103551.83
-104672.04 nan -104672.04
-111199.51 nan -111199.51
-103326.46 nan -103326.46
-105660.14 nan -105660.14
-99613.69 nan -99613.69
-107329.13 nan -107329.13
-102051.62 nan -102051.62
-100985.09 nan -100985.09
-108067.71 nan -108067.71
0.00 -104854.76 -103701.47
-105526.27 nan -105526.27
0.00 -104428.90 -104254.99
-100495.67 nan -100495.67
0.00 -104039.98 -102702.50
-104712.78 nan -104712.78
-105696.52 nan -105696.52
0.00 -104811.70 -104490.14
-110685.99 nan -110685.99
-101364.77 nan -101364.77
-104959.38 nan -104959.38
0.00 -105740.12 -105409.94
0.00 -106926.05 -108369.20
0.00 -106217.05 -107857.05
-103439.27 nan -103439.27
-102407.50 nan -102407.50
-109584.56 nan -109584.56
0.00 -106663.12 -105879.90
-99606.36 nan -99606.36
-102316.00 nan -102316.00
0.00 -105086.34 -102600.76
-103179.90 nan -103179.90
-104554.59 nan -104554.59
0.00 -105577.04 -104761.56
-110679.90 nan -110679.90
-106992.13 nan -106992.13
-108755.33 nan -108755.33
-108061.44 nan -108061.44
-111654.69 nan -111654.69
-117703.72 nan -117703.72
-110847.25 nan -110847.25
-110986.47 nan -110986.47
0.00 -107308.98 -108867.45
0.00 -107513.52 -108207.51
-105431.32 nan -105431.32
-106102.01 nan -106102.01
-107253.89 nan -107253.89
-112223.78 nan -112223.78
-106777.31 nan -106777.31
-106375.96 nan -106375.96
0.00 -105848.20 -105777.27
0.00 -106044.03 -105577.71
0.00 -105643.20 -106820.45
-106728.41 nan -106728.41
-112494.56 nan -112494.56
-108020.85 nan -108020.85
0.00 -105651.59 -109081.27
-104716.65 nan -104716.65
0.00 -103860.44 -104648.28
0.00 -103186.92 -102655.27
-106685.48 nan -106685.48
-107491.12 nan -107491.12
-103399.38 nan -103399.38
-105017.16 nan -105017.16
-111558.43 nan -111558.43
-101823.75 nan -101823.75
-109626.32 nan -109626.32
0.00 -104927.20 -106361.19
0.00 -104788.73 -106491.46
-114045.99 nan -114045.99
-102111.89 nan -102111.89
-107890.71 nan -107890.71
-107429.59 nan -107429.59
0.00 -104781.41 -105810.73
-103638.91 nan -103638.91
-103595.70 nan -103595.70
0.00 -103278.23 -102780.30
-106820.43 nan -106820.43
-106312.64 nan -106312.64
0.00 -105395.81 -105304.46
-105302.81 nan -105302.81
-105134.23 nan -105134.23
-108356.16 nan -108356.16
-102798.23 nan -102798.23
-107672.82 nan -107672.82
-99730.22 nan -99730.22
0.00 -104353.38 -103008.50
-101877.55 nan -101877.55
-109261.05 nan -109261.05
-110576.50 nan -110576.50
0.00 -107379.78 -109561.86
-101495.32 nan -101495.32
-105401.27 nan -105401.27
0.00 -105533.75 -105486.15
0.00 -105613.67 -105726.15
0.00 -106024.69 -105664.08
-104678.38 nan -104678.38
-104909.10 nan -104909.10
-101506.02 nan -101506.02
-101561.02 nan -101561.02
-105174.52 nan -105174.52
-108996.66 nan -108996.66
0.00 -106035.69 -106411.16
-110798.01 nan -110798.01
-106364.73 nan -106364.73
-106120.99 nan -106120.99
-109046.16 nan -109046.16
-106666.05 nan -106666.05
-97962.54 nan -97962.54
-102951.63 nan -102951.63
-107618.65 nan -107618.65
-109281.73 nan -109281.73
-114034.12 nan -114034.12
-109649.06 nan -109649.06
0.00 -108122.69 -111557.16
-104217.37 nan -104217.37
-102817.57 nan -102817.57
-101806.35 nan -101806.35
0.00 -103862.06 -102360.99
-105947.73 nan -105947.73
-109225.23 nan -109225.23
-101750.25 nan -101750.25
0.00 -104432.55 -104545.78
0.00 -102988.57 -101974.01
-109759.57 nan -109759.57
0.00 -104810.73 -105698.78
0.00 -105126.45 -106940.38
-107255.63 nan -107255.63
0.00 -105756.53 -106631.60
-105261.09 nan -105261.09
-106319.74 nan -106319.74
-108133.73 nan -108133.73
-104366.89 nan -104366.89
-109651.01 nan -109651.01
-105257.76 nan -105257.76
-99703.26 nan -99703.26
-105862.04 nan -105862.04
-108458.08 nan -108458.08
-106821.28 nan -106821.28
-101786.74 nan -101786.74
-106488.13 nan -106488.13
-103690.39 nan -103690.39
-107892.68 nan -107892.68
-103450.97 nan -103450.97
0.00 -105087.74 -105011.35
-100989.78 nan -100989.78
0.00 -104720.83 -105064.42
-105560.24 nan -105560.24
0.00 -105695.37 -106192.62
-106738.73 nan -106738.73
-104081.58 nan -104081.58
-104546.73 nan -104546.73
-100758.33 nan -100758.33
-108526.96 nan -108526.96
-108607.15 nan -108607.15
0.00 -106995.34 -109150.91
-101971.84 nan -101971.84
-101921.58 nan -101921.58
-108004.80 nan -108004.80
-106270.88 nan -106270.88
0.00 -102941.91 -105399.09
-110588.90 nan -110588.90
-107854.83 nan -107854.83
0.00 -104003.10 -107947.61
-104143.81 nan -104143.81
-106565.57 nan -106565.57
-106512.33 nan -106512.33
-107518.64 nan -107518.64
-101699.66 nan -101699.66
-101505.99 nan -101505.99
-103112.81 nan -103112.81
-105682.27 nan -105682.27
0.00 -103342.92 -104397.41
-111669.13 nan -111669.13
-112114.22 nan -112114.22
0.00 -106167.66 -110855.35
-108524.53 nan -108524.53
-109126.73 nan -109126.73
0.00 -102133.14 -104279.29
-106631.01 nan -106631.01
-102386.71 nan -102386.71
-109014.24 nan -109014.24
-107666.15 nan -107666.15
-110204.70 nan -110204.70
-104467.76 nan -104467.76
-101727.30 nan -101727.30
0.00 -104892.37 -103887.21
-104528.52 nan -104528.52
-104839.41 nan -104839.41
0.00 -105080.79 -104418.38
-103208.91 nan -103208.91
-105901.69 nan -105901.69
0.00 -104769.33 -104509.66
-104040.29 nan -104040.29
-106426.68 nan -106426.68
-107818.89 nan -107818.89
-106277.19 nan -106277.19
-110340.55 nan -110340.55
-101288.86 nan -101288.86
-105135.70 nan -105135.70
0.00 -105359.03 -105588.37
-100513.50 nan -100513.50
0.00 -104403.44 -103745.86
-104227.28 nan -104227.28
-106932.94 nan -106932.94
-106114.36 nan -106114.36
-106333.05 nan -106333.05
-110080.35 nan -110080.35
-114453.67 nan -114453.67
-109957.85 nan -109957.85
-102630.13 nan -102630.13
-107553.26 nan -107553.26
-109492.91 nan -109492.91
0.00 -105392.48 -106558.77
-105465.58 nan -105465.58
-102246.88 nan -102246.88
-107465.53 nan -107465.53
-110191.14 nan -110191.14
-104714.05 nan -104714.05
-105489.49 nan -105489.49
-112263.53 nan -112263.53
-106733.79 nan -106733.79
-109716.02 nan -109716.02
-102945.21 nan -102945.21
-107824.33 nan -107824.33
-111048.00 nan -111048.00
-110990.02 nan -110990.02
-107450.66 nan -107450.66
-106733.09 nan -106733.09
-107192.32 nan -107192.32
-106411.60 nan -106411.60
-107896.21 nan -107896.21
-113667.96 nan -113667.96
-111748.44 nan -111748.44
-103475.39 nan -103475.39
0.00 -106536.34 -108284.81
-112453.57 nan -112453.57
0.00 -106094.41 -107921.67
0.00 -106251.90 -107800.63
-107772.50 nan -107772.50
-110136.52 nan -110136.52
-105048.92 nan -105048.92
-107406.43 nan -107406.43
0.00 -105869.07 -106661.99
-108632.88 nan -108632.88
-106948.33 nan -106948.33
0.00 -106295.66 -107975.82
-99569.92 nan -99569.92
-103770.62 nan -103770.62
-109249.10 nan -109249.10
-105004.30 nan -105004.30
0.00 -106378.51 -108100.41
-105881.59 nan -105881.59
-108201.34 nan -108201.34
0.00 -106167.58 -107233.49
0.00 -105817.10 -106910.87
-106207.44 nan -106207.44
-106665.82 nan -106665.82
-107618.85 nan -107618.85
-106278.13 nan -106278.13
-111236.59 nan -111236.59
-108997.08 nan -108997.08
-109647.94 nan -109647.94
-103276.77 nan -103276.77
-108471.29 nan -108471.29
0.00 -105960.89 -106916.60
-107700.03 nan -107700.03
-103350.66 nan -103350.66
-107578.55 nan -107578.55
-108136.50 nan -108136.50
-109297.16 nan -109297.16
-112495.42 nan -112495.42
-108862.13 nan -108862.13
-106589.17 nan -106589.17
0.00 -106794.47 -109315.57
-108492.25 nan -108492.25
0.00 -106261.70 -108132.33
-107483.16 nan -107483.16
-106792.56 nan -106792.56
-109803.38 nan -109803.38
-105218.33 nan -105218.33
-104579.67 nan -104579.67
-111314.17 nan -111314.17
-106893.54 nan -106893.54
-106542.12 nan -106542.12
-107204.53 nan -107204.53
-104186.69 nan -104186.69
-103633.59 nan -103633.59
-107473.28 nan -107473.28
-101474.96 nan -101474.96
0.00 -104069.61 -103654.35
-108321.19 nan -108321.19
-99412.36 nan -99412.36
0.00 -104925.41 -104772.41
-104092.41 nan -104092.41
-107117.67 nan -107117.67
-105740.23 nan -105740.23
-106676.98 nan -106676.98
-103550.25 nan -103550.25
-100910.36 nan -100910.36
-106853.17 nan -106853.17
-108693.09 nan -108693.09
-105456.05 nan -105456.05
-102623.47 nan -102623.47
-103624.21 nan -103624.21
-109373.21 nan -109373.21
-105790.30 nan -105790.30
-102783.43 nan -102783.43
-106726.75 nan -106726.75
-107022.60 nan -107022.60
-106125.29 nan -106125.29
-103648.72 nan -103648.72
-108556.23 nan -108556.23
-108987.00 nan -108987.00
-107987.85 nan -107987.85
-109079.19 nan -109079.19
-110262.43 nan -110262.43
0.00 -107706.08 -109109.82
-97296.10 nan -97296.10
-103667.51 nan -103667.51
-104361.46 nan -104361.46
0.00 -106157.08 -104633.24
-112261.27 nan -112261.27
0.00 -107778.80 -109302.87
-104461.66 nan -104461.66
-109238.11 nan -109238.11
-106286.73 nan -106286.73
-105802.31 nan -105802.31
-103646.86 nan -103646.86
-105651.96 nan -105651.96
-106798.84 nan -106798.84
-110387.29 nan -110387.29
-100045.26 nan -100045.26
-111195.10 nan -111195.10
-101933.32 nan -101933.32
-104062.34 nan -104062.34
-107569.38 nan -107569.38
-108822.73 nan -108822.73
-109783.49 nan -109783.49
-105166.79 nan -105166.79
-103728.20 nan -103728.20
-104003.54 nan -104003.54
0.00 -103710.50 -104299.51
-106272.13 nan -106272.13
-102108.67 nan -102108.67
-110193.96 nan -110193.96
-101900.01 nan -101900.01
-107007.50 nan -107007.50
0.00 -103795.89 -104712.92
0.00 -103479.19 -104121.55
0.00 -102655.57 -102951.17
-103834.81 nan -103834.81
-107700.87 nan -107700.87
0.00 -105655.12 -104828.95
-106577.64 nan -106577.64
-107218.72 nan -107218.72
-102060.69 nan -102060.69
0.00 -106253.30 -105285.68
-106594.33 nan -106594.33
-109715.54 nan -109715.54
0.00 -107274.98 -108126.20
-109485.70 nan -109485.70
-108519.49 nan -108519.49
0.00 -107759.49 -108905.22
-101085.29 nan -101085.29
-104652.93 nan -104652.93
0.00 -105684.58 -104992.13
0.00 -106604.16 -106294.41
-108263.76 nan -108263.76
0.00 -106313.61 -106584.53
-107615.31 nan -107615.31
-107530.34 nan -107530.34
-107852.51 nan -107852.51
-111539.41 nan -111539.41
-98057.42 nan -98057.42
-102129.44 nan -102129.44
-105271.15 nan -105271.15
-109544.26 nan -109544.26
-109283.26 nan -109283.26
-110842.69 nan -110842.69
0.00 -108677.11 -109890.07
-105114.02 nan -105114.02
-104285.40 nan -104285.40
-110421.22 nan -110421.22
-105540.41 nan -105540.41
-109306.82 nan -109306.82
-103755.46 nan -103755.46
-102372.08 nan -102372.08
0.00 -106720.60 -106073.51
0.00 -107028.98 -106846.19
-102697.10 nan -102697.10
-110648.99 nan -110648.99
-107841.02 nan -107841.02
-111267.17 nan -111267.17
-107613.05 nan -107613.05
-108701.00 nan -108701.00
-103794.16 nan -103794.16
-108475.22 nan -108475.22
-103994.08 nan -103994.08
-107535.24 nan -107535.24
-104776.46 nan -104776.46
-103479.15 nan -103479.15
-103755.35 nan -103755.35
0.00 -105545.02 -103019.91
-104274.89 nan -104274.89
-111394.15 nan -111394.15
-108726.82 nan -108726.82
-105717.87 nan -105717.87
0.00 -107978.09 -108612.95
0.00 -106378.00 -107685.88
-107677.01 nan -107677.01
0.00 -105305.90 -105649.15
-111217.56 nan -111217.56
-108885.52 nan -108885.52
-106965.89 nan -106965.89
-102047.27 nan -102047.27
-110334.51 nan -110334.51
-103816.68 nan -103816.68
-106922.32 nan -106922.32
-106231.21 nan -106231.21
-106594.67 nan -106594.67
0.00 -105937.12 -106761.41
-107458.42 nan -107458.42
0.00 -106723.27 -108193.93
0.00 -107024.66 -108439.10
-108846.77 nan -108846.77
-107152.62 nan -107152.62
-106729.51 nan -106729.51
-107710.79 nan -107710.79
-108281.12 nan -108281.12
-108945.79 nan -108945.79
-113956.64 nan -113956.64
-108104.21 nan -108104.21
-102597.29 nan -102597.29
-109027.38 nan -109027.38
-105113.16 nan -105113.16
-108379.19 nan -108379.19
-108944.29 nan -108944.29
-98554.22 nan -98554.22
0.00 -105771.30 -105292.57
-106422.20 nan -106422.20
-110401.81 nan -110401.81
-102575.36 nan -102575.36
-102477.52 nan -102477.52
-110484.90 nan -110484.90
-100820.42 nan -100820.42
0.00 -105788.03 -106852.15
0.00 -106842.28 -108462.12
-107398.48 nan -107398.48
-103272.57 nan -103272.57
-104358.05 nan -104358.05
-106690.56 nan -106690.56
-103471.38 nan -103471.38
-107123.03 nan -107123.03
0.00 -105331.67 -105797.78
-108967.77 nan -108967.77
-103751.69 nan -103751.69
0.00 -105834.83 -106557.78
0.00 -105225.27 -105709.67
0.00 -105369.33 -105969.92
0.00 -106174.52 -106754.10
-108816.02 nan -108816.02
-104199.73 nan -104199.73
-108841.18 nan -108841.18
-102699.73 nan -102699.73
0.00 -105212.48 -105246.88
-102195.48 nan -102195.48
-102882.13 nan -102882.13
0.00 -104282.52 -103441.49
-106327.16 nan -106327.16
-106552.01 nan -106552.01
-113306.19 nan -113306.19
-107004.07 nan -107004.07
0.00 -107730.23 -110092.01
0.00 -106277.81 -108169.63
-105950.07 nan -105950.07
0.00 -105225.81 -106226.18
0.00 -104943.89 -105578.37
0.00 -104967.04 -105578.96
-105617.87 nan -105617.87
-104444.50 nan -104444.50
-107500.67 nan -107500.67
0.00 -105573.36 -105854.34
-104956.00 nan -104956.00
0.00 -106621.25 -106841.17
-108905.06 nan -108905.06
-102785.67 nan -102785.67
-106181.83 nan -106181.83
-108537.64 nan -108537.64
0.00 -106597.25 -106851.51
-106896.10 nan -106896.10
-108537.09 nan -108537.09
-110354.75 nan -110354.75
-104086.78 nan -104086.78
0.00 -106363.18 -106366.98
-112977.24 nan -112977.24
-108139.97 nan -108139.97
-110096.47 nan -110096.47
0.00 -107276.60 -108269.85
0.00 -107703.91 -108447.39
-111709.13 nan -111709.13
-112872.65 nan -112872.65
-108963.71 nan -108963.71
-113722.74 nan -113722.74
0.00 -109021.39 -111513.16
-109711.44 nan -109711.44
-102142.23 nan -102142.23
-104292.27 nan -104292.27
-101112.66 nan -101112.66
0.00 -105918.70 -105166.46
0.00 -105915.08 -105457.86
-106503.45 nan -106503.45
-105576.98 nan -105576.98
0.00 -106016.12 -105846.10
