-63476.04 nan -63476.04
-63256.09 nan -63256.09
-63585.40 nan -63585.40
-65508.03 nan -65508.03
-62116.34 nan -62116.34
-64944.39 nan -64944.39
-66795.53 nan -66795.53
-63852.91 nan -63852.91
-66104.22 nan -66104.22
-65178.00 nan -65178.00
-67401.23 nan -67401.23
-61428.38 nan -61428.38
-65543.05 nan -65543.05
-64059.08 nan -64059.08
-67674.16 nan -67674.16
-65187.70 nan -65187.70
-65521.95 nan -65521.95
-64896.22 nan -64896.22
-61787.03 nan -61787.03
-62427.76 nan -62427.76
-68668.37 nan -68668.37
-65052.61 nan -65052.61
-66895.67 nan -66895.67
-64797.63 nan -64797.63
-67643.76 nan -67643.76
-62264.69 nan -62264.69
-64824.89 nan -64824.89
-65106.14 nan -65106.14
-59098.65 nan -59098.65
-62628.34 nan -62628.34
-60763.40 nan -60763.40
-62037.34 nan -62037.34
-62406.80 nan -62406.80
-63934.87 nan -63934.87
-64694.37 nan -64694.37
0.00 -64038.61 -63678.68
0.00 -64201.15 -64102.64
-64969.90 nan -64969.90
-63365.04 nan -63365.04
-66279.59 nan -66279.59
-63380.27 nan -63380.27
-64713.95 nan -64713.95
-65891.91 nan -65891.91
0.00 -64524.20 -64612.28
-65997.73 nan -65997.73
-65063.45 nan -65063.45
-65665.46 nan -65665.46
-65754.49 nan -65754.49
-66980.27 nan -66980.27
-62474.54 nan -62474.54
-68208.63 nan -68208.63
-62687.88 nan -62687.88
-64396.51 nan -64396.51
0.00 -64533.90 -64651.34
0.00 -65158.98 -65833.78
-66713.90 nan -66713.90
-65715.41 nan -65715.41
-65795.00 nan -65795.00
-68893.17 nan -68893.17
-66481.63 nan -66481.63
-62657.13 nan -62657.13
-61628.45 nan -61628.45
-69291.98 nan -69291.98
-64658.23 nan -64658.23
-64289.78 nan -64289.78
-61606.72 nan -61606.72
-65176.29 nan -65176.29
0.00 -63862.87 -63690.93
-62474.68 nan -62474.68
-65438.03 nan -65438.03
-62959.35 nan -62959.35
-64289.82 nan -64289.82
-65575.41 nan -65575.41
-57103.14 nan -57103.14
-67848.73 nan -67848.73
-70618.98 nan -70618.98
-65545.67 nan -65545.67
-62068.01 nan -62068.01
0.00 -63675.80 -63706.29
0.00 -63789.54 -63093.16
-64368.36 nan -64368.36
-71765.96 nan -71765.96
-64999.44 nan -64999.44
-64330.40 nan -64330.40
-63111.41 nan -63111.41
0.00 -64087.61 -64147.09
-65224.94 nan -65224.94
-66465.76 nan -66465.76
-62716.86 nan -62716.86
-67344.40 nan -67344.40
-66436.65 nan -66436.65
-65662.04 nan -65662.04
-66003.28 nan -66003.28
0.00 -64539.78 -66033.99
-66605.15 nan -66605.15
-63085.08 nan -63085.08
-66322.28 nan -66322.28
-67284.06 nan -67284.06
-65389.37 nan -65389.37
0.00 -64251.41 -65807.21
-66484.07 nan -66484.07
-64040.19 nan -64040.19
-66310.31 nan -66310.31
-60343.39 nan -60343.39
-65722.32 nan -65722.32
-66017.78 nan -66017.78
-67922.93 nan -67922.93
-62960.14 nan -62960.14
0.00 -63613.48 -62968.73
-65510.66 nan -65510.66
-64983.49 nan -64983.49
-66171.53 nan -66171.53
-64864.63 nan -64864.63
0.00 -64149.67 -64989.47
-63845.96 nan -63845.96
-66567.41 nan -66567.41
-65005.82 nan -65005.82
-67023.72 nan -67023.72
-66011.00 nan -66011.00
-64787.39 nan -64787.39
-62890.82 nan -62890.82
-64337.93 nan -64337.93
-64561.55 nan -64561.55
-68559.65 nan -68559.65
-65709.10 nan -65709.10
-66147.57 nan -66147.57
-65283.46 nan -65283.46
-64707.16 nan -64707.16
0.00 -64540.26 -65069.96
0.00 -64806.00 -65190.90
-68982.90 nan -68982.90
-66853.88 nan -66853.88
-64716.67 nan -64716.67
-64546.37 nan -64546.37
0.00 -64517.74 -64443.32
0.00 -64021.32 -64028.03
-63637.04 nan -63637.04
-61938.88 nan -61938.88
-67577.41 nan -67577.41
-63884.24 nan -63884.24
-63089.08 nan -63089.08
-67836.06 nan -67836.06
-68151.44 nan -68151.44
-67519.24 nan -67519.24
-66958.75 nan -66958.75
-65613.51 nan -65613.51
-65150.65 nan -65150.65
-65552.55 nan -65552.55
-63760.41 nan -63760.41
-64644.17 nan -64644.17
-68239.32 nan -68239.32
0.00 -64650.15 -65547.97
-63883.22 nan -63883.22
0.00 -64860.11 -65232.43
-66221.98 nan -66221.98
0.00 -64185.15 -64927.55
-63719.10 nan -63719.10
-65482.36 nan -65482.36
-65729.76 nan -65729.76
0.00 -63233.88 -62520.35
-64765.70 nan -64765.70
0.00 -63596.58 -63733.43
0.00 -64356.49 -64484.08
-63471.77 nan -63471.77
-64196.26 nan -64196.26
-67151.55 nan -67151.55
0.00 -64791.82 -66087.52
-66436.04 nan -66436.04
0.00 -65577.25 -66479.44
-67560.52 nan -67560.52
-65042.64 nan -65042.64
-66014.18 nan -66014.18
-63167.88 nan -63167.88
-64789.47 nan -64789.47
-64626.46 nan -64626.46
-63569.51 nan -63569.51
-65824.76 nan -65824.76
-67892.88 nan -67892.88
-65773.61 nan -65773.61
-64478.97 nan -64478.97
-69204.73 nan -69204.73
0.00 -64861.66 -65689.71
-61304.79 nan -61304.79
-61748.42 nan -61748.42
-63844.76 nan -63844.76
0.00 -63894.75 -63348.06
-63005.93 nan -63005.93
-66239.48 nan -66239.48
-64998.39 nan -64998.39
-65923.88 nan -65923.88
-66013.30 nan -66013.30
-66014.09 nan -66014.09
0.00 -63969.91 -63866.86
0.00 -63571.44 -63151.38
-62645.58 nan -62645.58
-65110.64 nan -65110.64
-67635.56 nan -67635.56
0.00 -63854.77 -65958.93
-67365.62 nan -67365.62
-68137.54 nan -68137.54
0.00 -64825.02 -67056.16
-64938.74 nan -64938.74
-61910.53 nan -61910.53
-65041.20 nan -65041.20
-64495.79 nan -64495.79
-66189.96 nan -66189.96
0.00 -63623.98 -64755.87
0.00 -62138.45 -63408.46
-60359.73 nan -60359.73
0.00 -61582.34 -61978.44
-62286.62 nan -62286.62
-65502.70 nan -65502.70
-65076.57 nan -65076.57
-65573.93 nan -65573.93
-66437.74 nan -66437.74
-63083.17 nan -63083.17
-62078.01 nan -62078.01
-65341.74 nan -65341.74
-66576.65 nan -66576.65
-66165.62 nan -66165.62
-64057.47 nan -64057.47
-66390.32 nan -66390.32
-64377.51 nan -64377.51
-60933.24 nan -60933.24
-64802.01 nan -64802.01
-67059.87 nan -67059.87
-67189.82 nan -67189.82
-62347.56 nan -62347.56
-65809.11 nan -65809.11
-62610.66 nan -62610.66
0.00 -64368.34 -64002.96
-65532.56 nan -65532.56
-63917.19 nan -63917.19
-64632.41 nan -64632.41
-64145.74 nan -64145.74
-67091.42 nan -67091.42
0.00 -65196.90 -65976.12
-64263.15 nan -64263.15
0.00 -64426.33 -64491.01
-65157.19 nan -65157.19
-61628.84 nan -61628.84
-67305.91 nan -67305.91
-65929.91 nan -65929.91
-66567.28 nan -66567.28
0.00 -65480.66 -66474.35
-65540.60 nan -65540.60
-62003.12 nan -62003.12
-66598.82 nan -66598.82
-66168.17 nan -66168.17
-62836.87 nan -62836.87
0.00 -64270.66 -65201.29
-65428.84 nan -65428.84
-63864.25 nan -63864.25
0.00 -64092.87 -63907.10
-62642.78 nan -62642.78
0.00 -64073.27 -64055.89
-61735.39 nan -61735.39
-65268.21 nan -65268.21
-59382.70 nan -59382.70
0.00 -63217.98 -63061.75
-63572.54 nan -63572.54
-64631.97 nan -64631.97
-65035.51 nan -65035.51
-61658.74 nan -61658.74
-67268.45 nan -67268.45
-66365.64 nan -66365.64
-62960.62 nan -62960.62
-63990.15 nan -63990.15
-62243.77 nan -62243.77
-65552.79 nan -65552.79
-66837.92 nan -66837.92
0.00 -64617.24 -65504.01
0.00 -64415.02 -65487.74
-65214.36 nan -65214.36
-68369.11 nan -68369.11
0.00 -65240.05 -66357.07
0.00 -65539.16 -66664.24
-65868.83 nan -65868.83
-65929.62 nan -65929.62
-60419.62 nan -60419.62
-65572.58 nan -65572.58
-61352.43 nan -61352.43
-65107.31 nan -65107.31
-67802.61 nan -67802.61
-65051.26 nan -65051.26
-64964.63 nan -64964.63
-65775.10 nan -65775.10
-63452.18 nan -63452.18
-65639.19 nan -65639.19
0.00 -64304.42 -64882.02
0.00 -64756.61 -65706.13
-64533.84 nan -64533.84
-62142.16 nan -62142.16
-66452.75 nan -66452.75
-62583.29 nan -62583.29
-64548.54 nan -64548.54
-64053.42 nan -64053.42
-66264.15 nan -66264.15
0.00 -64268.49 -64315.54
0.00 -63739.49 -63240.99
-69781.93 nan -69781.93
-64674.41 nan -64674.41
-69185.04 nan -69185.04
-64698.22 nan -64698.22
-64285.56 nan -64285.56
-64177.60 nan -64177.60
0.00 -64036.46 -64387.12
-64982.40 nan -64982.40
-63068.42 nan -63068.42
-67026.14 nan -67026.14
-64256.25 nan -64256.25
-64665.44 nan -64665.44
-63063.24 nan -63063.24
0.00 -64260.15 -64417.68
-67487.23 nan -67487.23
-66282.27 nan -66282.27
0.00 -64837.95 -65470.84
-65049.86 nan -65049.86
-63353.12 nan -63353.12
-65299.02 nan -65299.02
-65175.73 nan -65175.73
-66994.76 nan -66994.76
-67028.86 nan -67028.86
-66695.46 nan -66695.46
-62010.64 nan -62010.64
-67499.87 nan -67499.87
-67577.35 nan -67577.35
-65685.51 nan -65685.51
0.00 -65568.39 -66920.91
-66961.05 nan -66961.05
0.00 -65647.17 -66761.68
-66909.49 nan -66909.49
-65614.09 nan -65614.09
-61949.76 nan -61949.76
-66176.99 nan -66176.99
-65346.66 nan -65346.66
0.00 -64638.47 -64491.14
-63729.21 nan -63729.21
0.00 -64759.73 -64522.34
-65354.69 nan -65354.69
-65454.52 nan -65454.52
-66202.05 nan -66202.05
-67857.77 nan -67857.77
0.00 -65473.84 -65991.30
0.00 -64804.96 -65046.34
-68001.05 nan -68001.05
-65944.29 nan -65944.29
-66867.92 nan -66867.92
0.00 -65244.29 -65741.05
0.00 -64566.05 -64277.79
-63644.93 nan -63644.93
-63733.85 nan -63733.85
-67603.35 nan -67603.35
0.00 -63746.12 -64994.04
0.00 -64879.42 -67147.03
0.00 -64926.74 -67566.79
-66199.72 nan -66199.72
-64415.20 nan -64415.20
-64554.08 nan -64554.08
-66310.17 nan -66310.17
0.00 -63471.14 -64814.38
-63417.69 nan -63417.69
-62204.64 nan -62204.64
-65172.64 nan -65172.64
-64050.25 nan -64050.25
-65990.78 nan -65990.78
0.00 -63721.82 -65037.42
-65681.62 nan -65681.62
-69250.40 nan -69250.40
-62519.74 nan -62519.74
-61950.18 nan -61950.18
-65727.01 nan -65727.01
-65006.64 nan -65006.64
-65731.41 nan -65731.41
-64322.19 nan -64322.19
0.00 -63575.89 -64555.27
-66592.40 nan -66592.40
-63874.01 nan -63874.01
0.00 -65238.42 -65007.23
-62691.24 nan -62691.24
-66809.66 nan -66809.66
0.00 -65248.91 -64728.32
-63570.07 nan -63570.07
-66298.99 nan -66298.99
-63851.04 nan -63851.04
-66219.29 nan -66219.29
-65169.01 nan -65169.01
-63079.16 nan -63079.16
0.00 -64360.36 -64053.49
-65889.49 nan -65889.49
0.00 -65328.02 -65590.03
-65688.17 nan -65688.17
-64140.05 nan -64140.05
-63527.16 nan -63527.16
-60948.14 nan -60948.14
-67187.62 nan -67187.62
0.00 -64565.50 -64193.42
-63352.45 nan -63352.45
-63412.78 nan -63412.78
-65394.22 nan -65394.22
-66400.58 nan -66400.58
-66556.98 nan -66556.98
-64206.58 nan -64206.58
-63247.83 nan -63247.83
0.00 -65271.23 -64670.46
0.00 -64718.70 -64041.63
-65261.16 nan -65261.16
-63593.81 nan -63593.81
-67994.59 nan -67994.59
-62756.26 nan -62756.26
0.00 -65792.49 -66106.69
-65123.39 nan -65123.39
0.00 -65185.00 -64625.16
0.00 -65418.24 -64779.24
-64564.44 nan -64564.44
0.00 -64783.79 -63968.94
-64304.14 nan -64304.14
-66167.77 nan -66167.77
-62977.15 nan -62977.15
-67156.12 nan -67156.12
-63670.90 nan -63670.90
-63772.05 nan -63772.05
0.00 -65225.62 -63765.95
-70422.40 nan -70422.40
-64821.72 nan -64821.72
-69421.67 nan -69421.67
-62910.43 nan -62910.43
-63948.69 nan -63948.69
-64681.65 nan -64681.65
-65469.35 nan -65469.35
0.00 -65529.98 -64699.90
-63987.86 nan -63987.86
0.00 -64368.83 -64719.04
-65375.67 nan -65375.67
-63428.43 nan -63428.43
-64974.92 nan -64974.92
-64019.48 nan -64019.48
0.00 -64224.54 -62980.17
0.00 -64001.48 -63621.94
-65538.17 nan -65538.17
-64006.56 nan -64006.56
-67676.84 nan -67676.84
-62608.44 nan -62608.44
-59320.40 nan -59320.40
-66895.32 nan -66895.32
-63997.07 nan -63997.07
-66675.11 nan -66675.11
-66547.83 nan -66547.83
-65783.13 nan -65783.13
-63061.58 nan -63061.58
-64235.79 nan -64235.79
-67413.31 nan -67413.31
-66184.71 nan -66184.71
-62880.44 nan -62880.44
-69896.56 nan -69896.56
-64919.61 nan -64919.61
-66912.26 nan -66912.26
-66909.48 nan -66909.48
-62482.44 nan -62482.44
-64826.16 nan -64826.16
-63051.68 nan -63051.68
-66926.00 nan -66926.00
-65353.83 nan -65353.83
0.00 -64414.25 -65110.50
0.00 -64755.37 -65526.04
-60259.44 nan -60259.44
0.00 -64780.47 -63966.42
-65124.99 nan -65124.99
-66247.46 nan -66247.46
-60261.30 nan -60261.30
-63601.33 nan -63601.33
-65881.61 nan -65881.61
-65734.98 nan -65734.98
-64659.46 nan -64659.46
-65223.07 nan -65223.07
-63258.11 nan -63258.11
-65991.09 nan -65991.09
0.00 -64792.87 -65773.06
0.00 -65654.08 -67532.34
-65073.03 nan -65073.03
-67517.03 nan -67517.03
-64250.35 nan -64250.35
-68535.69 nan -68535.69
-67112.97 nan -67112.97
-62315.33 nan -62315.33
-63144.74 nan -63144.74
-63390.17 nan -63390.17
-67271.42 nan -67271.42
0.00 -64073.19 -64602.11
-66777.70 nan -66777.70
-60612.39 nan -60612.39
-67357.16 nan -67357.16
0.00 -64457.91 -64915.75
-63645.97 nan -63645.97
0.00 -64497.05 -64540.49
0.00 -64569.59 -64415.40
0.00 -64862.29 -65466.24
-65284.51 nan -65284.51
-63221.96 nan -63221.96
0.00 -64918.64 -64725.28
-64728.08 nan -64728.08
-64100.50 nan -64100.50
-64995.46 nan -64995.46
-63833.26 nan -63833.26
-65955.76 nan -65955.76
-62507.20 nan -62507.20
0.00 -63868.73 -64098.74
-68695.67 nan -68695.67
-64155.28 nan -64155.28
-64610.36 nan -64610.36
-65723.64 nan -65723.64
0.00 -64131.28 -64434.51
-59661.56 nan -59661.56
-66947.11 nan -66947.11
-67755.75 nan -67755.75
0.00 -66441.12 -66497.00
-65283.76 nan -65283.76
-62220.80 nan -62220.80
-67638.65 nan -67638.65
0.00 -64965.99 -65064.94
-66833.36 nan -66833.36
0.00 -65386.32 -65744.55
-67143.87 nan -67143.87
-62712.27 nan -62712.27
-67486.37 nan -67486.37
-64721.86 nan -64721.86
-65250.84 nan -65250.84
0.00 -65313.48 -65819.69
-62864.31 nan -62864.31
0.00 -64848.93 -64528.10
-65874.69 nan -65874.69
-63951.73 nan -63951.73
0.00 -64462.26 -63956.68
-61811.06 nan -61811.06
-63822.11 nan -63822.11
-64407.39 nan -64407.39
-66305.59 nan -66305.59
-66367.52 nan -66367.52
-64767.81 nan -64767.81
-65461.15 nan -65461.15
-63988.93 nan -63988.93
-63015.70 nan -63015.70
0.00 -64523.60 -64155.26
