-97939.63 nan -97939.63
-89865.05 nan -89865.05
-97796.39 nan -97796.39
-98687.00 nan -98687.00
-98866.64 nan -98866.64
-96016.67 nan -96016.67
-98871.97 nan -98871.97
-91181.84 nan -91181.84
-101411.12 nan -101411.12
-93371.06 nan -93371.06
-96017.10 nan -96017.10
-94376.84 nan -94376.84
-99017.22 nan -99017.22
-92047.99 nan -92047.99
-97898.01 nan -97898.01
-99375.15 nan -99375.15
-92123.39 nan -92123.39
-98672.59 nan -98672.59
-97524.11 nan -97524.11
-94526.54 nan -94526.54
-100859.86 nan -100859.86
-97888.32 nan -97888.32
-98898.49 nan -98898.49
-94677.65 nan -94677.65
-97479.29 nan -97479.29
-94474.89 nan -94474.89
-99800.02 nan -99800.02
-95470.26 nan -95470.26
-96002.91 nan -96002.91
-103062.82 nan -103062.82
-96659.70 nan -96659.70
-96949.19 nan -96949.19
-100196.23 nan -100196.23
-97478.76 nan -97478.76
-99402.86 nan -99402.86
-92479.83 nan -92479.83
-93670.63 nan -93670.63
-95603.75 nan -95603.75
-94171.69 nan -94171.69
-98322.47 nan -98322.47
-98957.39 nan -98957.39
-90740.62 nan -90740.62
-90704.25 nan -90704.25
-97265.99 nan -97265.99
-98285.35 nan -98285.35
-95274.17 nan -95274.17
-96061.07 nan -96061.07
0.00 -95888.72 -96540.20
-97607.47 nan -97607.47
-95878.22 nan -95878.22
-90349.30 nan -90349.30
0.00 -94731.41 -94587.39
-96306.61 nan -96306.61
-91626.74 nan -91626.74
-99143.41 nan -99143.41
0.00 -96471.73 -97063.09
-97759.26 nan -97759.26
-98220.78 nan -98220.78
-99593.95 nan -99593.95
-99366.37 nan -99366.37
-99551.74 nan -99551.74
-99895.30 nan -99895.30
-96449.30 nan -96449.30
-92122.76 nan -92122.76
-96908.60 nan -96908.60
-99465.91 nan -99465.91
-97212.12 nan -97212.12
-99179.15 nan -99179.15
-96542.42 nan -96542.42
-99181.05 nan -99181.05
0.00 -96378.30 -98300.87
-94982.79 nan -94982.79
-99117.74 nan -99117.74
-101057.95 nan -101057.95
-96336.22 nan -96336.22
-101712.93 nan -101712.93
-98167.21 nan -98167.21
-100344.90 nan -100344.90
0.00 -97596.80 -99131.30
-99216.11 nan -99216.11
0.00 -96934.14 -98045.20
-98404.54 nan -98404.54
0.00 -96275.22 -97164.17
-95615.43 nan -95615.43
-96343.29 nan -96343.29
-95915.36 nan -95915.36
0.00 -95302.19 -96072.22
-94047.89 nan -94047.89
-91813.89 nan -91813.89
-95507.25 nan -95507.25
0.00 -93610.79 -93789.68
-97835.06 nan -97835.06
-94648.33 nan -94648.33
-96011.32 nan -96011.32
-104465.07 nan -104465.07
-97945.29 nan -97945.29
-94988.04 nan -94988.04
-98058.77 nan -98058.77
-89865.05 nan -89865.05
-92535.64 nan -92535.64
-92464.85 nan -92464.85
-101300.96 nan -101300.96
-92426.54 nan -92426.54
-97646.36 nan -97646.36
-91967.57 nan -91967.57
-93657.63 nan -93657.63
-99249.89 nan -99249.89
-98917.24 nan -98917.24
-97057.90 nan -97057.90
-100012.08 nan -100012.08
-98950.46 nan -98950.46
-99903.45 nan -99903.45
-101708.94 nan -101708.94
-98727.62 nan -98727.62
0.00 -96877.39 -100590.62
0.00 -96072.89 -98396.69
0.00 -95771.39 -97417.14
-100566.31 nan -100566.31
-92865.17 nan -92865.17
-93652.56 nan -93652.56
-95025.31 nan -95025.31
-92952.78 nan -92952.78
-93468.44 nan -93468.44
0.00 -94381.90 -93815.51
-99564.13 nan -99564.13
-99894.59 nan -99894.59
0.00 -97478.05 -98846.21
0.00 -96638.67 -97856.24
-95431.40 nan -95431.40
-100276.61 nan -100276.61
-99146.02 nan -99146.02
0.00 -96520.81 -97625.62
0.00 -95801.94 -95346.35
-98107.96 nan -98107.96
-95578.75 nan -95578.75
0.00 -96953.37 -97767.83
-83713.04 nan -83713.04
-99866.32 nan -99866.32
-99283.51 nan -99283.51
-98739.29 nan -98739.29
-97763.03 nan -97763.03
-99682.40 nan -99682.40
-94795.64 nan -94795.64
-98148.86 nan -98148.86
-97032.44 nan -97032.44
-98860.39 nan -98860.39
-95618.83 nan -95618.83
-97209.04 nan -97209.04
-98302.81 nan -98302.81
-91575.89 nan -91575.89
-98037.67 nan -98037.67
-95551.89 nan -95551.89
-91063.26 nan -91063.26
-103309.44 nan -103309.44
-96132.26 nan -96132.26
-95049.81 nan -95049.81
-92621.80 nan -92621.80
-99126.67 nan -99126.67
0.00 -95539.25 -95599.43
-97966.11 nan -97966.11
-91497.26 nan -91497.26
-98840.12 nan -98840.12
-94988.32 nan -94988.32
-90622.39 nan -90622.39
-101505.38 nan -101505.38
-97863.45 nan -97863.45
-94194.06 nan -94194.06
-94377.55 nan -94377.55
-98369.84 nan -98369.84
-98586.88 nan -98586.88
-94668.26 nan -94668.26
-101773.62 nan -101773.62
-101943.66 nan -101943.66
-93724.29 nan -93724.29
-92952.16 nan -92952.16
-100824.26 nan -100824.26
-90784.61 nan -90784.61
-95111.04 nan -95111.04
-98659.68 nan -98659.68
-106933.79 nan -106933.79
0.00 -98126.62 -100234.84
-96516.14 nan -96516.14
0.00 -97421.20 -99326.41
-98902.05 nan -98902.05
-98843.52 nan -98843.52
-96419.16 nan -96419.16
0.00 -96911.89 -97408.83
-96439.02 nan -96439.02
-93385.62 nan -93385.62
-101897.76 nan -101897.76
-98959.23 nan -98959.23
-91925.79 nan -91925.79
0.00 -96213.84 -96293.66
-94115.20 nan -94115.20
-92695.68 nan -92695.68
0.00 -95365.44 -94987.97
0.00 -95816.93 -95415.80
-93505.67 nan -93505.67
-93149.52 nan -93149.52
-99896.78 nan -99896.78
0.00 -93769.20 -95517.33
-98501.84 nan -98501.84
0.00 -94832.39 -97777.72
-99949.10 nan -99949.10
-102392.56 nan -102392.56
-98039.67 nan -98039.67
-97712.78 nan -97712.78
-94042.63 nan -94042.63
-95282.18 nan -95282.18
-97585.40 nan -97585.40
0.00 -93803.30 -94326.60
-100998.59 nan -100998.59
-91682.25 nan -91682.25
0.00 -93377.84 -95669.15
0.00 -91707.73 -93573.57
-94685.20 nan -94685.20
-92113.94 nan -92113.94
0.00 -93918.72 -94705.18
-101031.05 nan -101031.05
-95771.14 nan -95771.14
0.00 -94622.27 -97169.12
-95750.53 nan -95750.53
-98563.22 nan -98563.22
-93812.71 nan -93812.71
0.00 -93768.77 -96042.15
-98120.89 nan -98120.89
-96599.92 nan -96599.92
-93339.66 nan -93339.66
0.00 -96073.25 -96020.16
-96155.06 nan -96155.06
-96468.97 nan -96468.97
-94005.12 nan -94005.12
0.00 -95216.09 -94962.41
-94408.97 nan -94408.97
0.00 -95542.28 -94903.48
0.00 -95088.09 -94112.76
-93827.71 nan -93827.71
-91908.36 nan -91908.36
-95938.52 nan -95938.52
-97006.29 nan -97006.29
-104277.91 nan -104277.91
-95820.32 nan -95820.32
-96060.03 nan -96060.03
-92132.39 nan -92132.39
-98713.11 nan -98713.11
-97297.61 nan -97297.61
-96785.59 nan -96785.59
-95416.95 nan -95416.95
0.00 -96262.70 -96234.20
-99221.08 nan -99221.08
-93216.31 nan -93216.31
-89762.10 nan -89762.10
-97974.43 nan -97974.43
-97936.95 nan -97936.95
-94553.67 nan -94553.67
-97432.67 nan -97432.67
-99278.19 nan -99278.19
0.00 -96468.49 -97088.17
-99804.56 nan -99804.56
-100643.74 nan -100643.74
-95245.21 nan -95245.21
-91305.94 nan -91305.94
-96021.98 nan -96021.98
-92431.78 nan -92431.78
-94720.59 nan -94720.59
-87586.57 nan -87586.57
-99597.10 nan -99597.10
-93420.51 nan -93420.51
0.00 -95013.91 -95273.50
0.00 -94708.48 -94669.36
-96727.33 nan -96727.33
-99852.51 nan -99852.51
0.00 -96121.80 -97083.07
-91760.30 nan -91760.30
-85783.23 nan -85783.23
-90764.93 nan -90764.93
-96738.28 nan -96738.28
-97147.98 nan -97147.98
-99901.05 nan -99901.05
-97446.47 nan -97446.47
-96328.42 nan -96328.42
-97968.65 nan -97968.65
-96953.01 nan -96953.01
-95555.12 nan -95555.12
-92962.42 nan -92962.42
-101511.31 nan -101511.31
0.00 -95980.61 -96676.28
-97342.62 nan -97342.62
-96122.17 nan -96122.17
-98565.39 nan -98565.39
-96380.20 nan -96380.20
-94513.33 nan -94513.33
-89872.29 nan -89872.29
-92440.75 nan -92440.75
0.00 -93917.98 -92275.46
-95904.35 nan -95904.35
-93918.12 nan -93918.12
-96655.18 nan -96655.18
-95922.88 nan -95922.88
-94655.84 nan -94655.84
-92676.89 nan -92676.89
-99588.90 nan -99588.90
-100580.99 nan -100580.99
-90996.98 nan -90996.98
-96168.96 nan -96168.96
-97495.63 nan -97495.63
-97011.53 nan -97011.53
-93862.43 nan -93862.43
0.00 -95715.62 -96328.82
0.00 -95779.84 -96101.25
-94548.19 nan -94548.19
-100444.98 nan -100444.98
-94413.40 nan -94413.40
-94065.91 nan -94065.91
0.00 -95788.97 -96308.10
-93360.89 nan -93360.89
-102038.04 nan -102038.04
-95652.53 nan -95652.53
-98174.40 nan -98174.40
-96515.04 nan -96515.04
-94438.14 nan -94438.14
-97205.72 nan -97205.72
0.00 -95994.97 -96754.16
-99198.72 nan -99198.72
-97950.22 nan -97950.22
-98334.63 nan -98334.63
0.00 -96844.28 -98226.91
-95422.78 nan -95422.78
0.00 -94573.04 -93644.03
-98951.37 nan -98951.37
-96968.16 nan -96968.16
-92326.34 nan -92326.34
0.00 -95423.55 -95135.41
-94974.54 nan -94974.54
-97545.06 nan -97545.06
-98134.68 nan -98134.68
-99391.17 nan -99391.17
-98219.72 nan -98219.72
0.00 -97537.36 -98581.86
0.00 -96860.12 -97286.38
0.00 -96401.70 -96561.19
-92003.49 nan -92003.49
-95349.13 nan -95349.13
-97486.75 nan -97486.75
-88679.13 nan -88679.13
0.00 -94636.49 -93386.63
0.00 -94813.61 -93299.62
-95050.33 nan -95050.33
-96469.78 nan -96469.78
-91080.86 nan -91080.86
-96465.89 nan -96465.89
-99011.56 nan -99011.56
-96203.98 nan -96203.98
-97622.61 nan -97622.61
-95906.17 nan -95906.17
-95637.59 nan -95637.59
-96683.06 nan -96683.06
-88782.33 nan -88782.33
-99373.58 nan -99373.58
-95213.39 nan -95213.39
0.00 -96681.89 -97115.53
0.00 -96178.88 -96362.85
-97073.45 nan -97073.45
-99014.27 nan -99014.27
-95878.14 nan -95878.14
-95789.72 nan -95789.72
-101689.96 nan -101689.96
0.00 -94943.80 -97785.94
-100140.02 nan -100140.02
-94588.77 nan -94588.77
-95297.13 nan -95297.13
-95851.20 nan -95851.20
-98990.17 nan -98990.17
-96977.36 nan -96977.36
-93784.35 nan -93784.35
-97448.25 nan -97448.25
-97243.16 nan -97243.16
0.00 -94350.78 -96158.59
0.00 -93965.61 -95552.51
-93243.88 nan -93243.88
-98848.99 nan -98848.99
0.00 -95122.89 -97089.42
0.00 -93371.30 -93399.02
-94372.95 nan -94372.95
0.00 -92606.49 -91583.87
-99437.67 nan -99437.67
-98613.12 nan -98613.12
-97602.73 nan -97602.73
-100277.32 nan -100277.32
-97865.98 nan -97865.98
-86791.99 nan -86791.99
0.00 -95413.38 -94978.43
-91437.56 nan -91437.56
-91063.00 nan -91063.00
-90933.38 nan -90933.38
-93791.71 nan -93791.71
-99019.35 nan -99019.35
-99186.71 nan -99186.71
-93417.63 nan -93417.63
-93540.36 nan -93540.36
-94184.67 nan -94184.67
-87593.53 nan -87593.53
-98851.30 nan -98851.30
-96478.37 nan -96478.37
-99886.65 nan -99886.65
0.00 -97285.55 -98247.33
-100465.89 nan -100465.89
-99345.20 nan -99345.20
0.00 -97744.56 -99352.81
-99307.14 nan -99307.14
-97020.64 nan -97020.64
-91464.10 nan -91464.10
-88980.59 nan -88980.59
-98233.09 nan -98233.09
-99437.42 nan -99437.42
-97239.11 nan -97239.11
-91520.00 nan -91520.00
-93283.96 nan -93283.96
0.00 -95826.43 -95046.34
-97007.12 nan -97007.12
0.00 -97380.19 -97462.84
0.00 -97196.43 -97067.40
0.00 -97355.30 -97528.88
-95484.69 nan -95484.69
-98034.19 nan -98034.19
-97667.48 nan -97667.48
-95109.05 nan -95109.05
-98524.85 nan -98524.85
-95511.66 nan -95511.66
-97143.40 nan -97143.40
-96343.12 nan -96343.12
-91796.24 nan -91796.24
-97216.84 nan -97216.84
-93829.10 nan -93829.10
0.00 -97431.97 -97504.32
0.00 -97890.62 -98581.67
0.00 -98085.77 -98264.02
0.00 -98019.28 -98760.79
-97762.89 nan -97762.89
-97918.27 nan -97918.27
-95465.46 nan -95465.46
-90776.89 nan -90776.89
-97273.05 nan -97273.05
-98758.12 nan -98758.12
-95714.03 nan -95714.03
-98502.57 nan -98502.57
-97888.14 nan -97888.14
-96914.54 nan -96914.54
-99839.35 nan -99839.35
0.00 -96897.80 -98322.63
-100333.53 nan -100333.53
-98799.51 nan -98799.51
-94411.43 nan -94411.43
-96143.41 nan -96143.41
-96189.02 nan -96189.02
-98113.81 nan -98113.81
-96319.21 nan -96319.21
-99875.64 nan -99875.64
-93313.07 nan -93313.07
-100758.82 nan -100758.82
0.00 -95126.97 -94609.25
-97828.61 nan -97828.61
0.00 -96048.83 -96969.99
-95476.15 nan -95476.15
-94113.12 nan -94113.12
-93662.52 nan -93662.52
-93125.94 nan -93125.94
-100024.22 nan -100024.22
0.00 -95595.50 -95604.23
-97731.25 nan -97731.25
-98496.54 nan -98496.54
-94719.16 nan -94719.16
-98358.31 nan -98358.31
-98934.36 nan -98934.36
-94438.09 nan -94438.09
-95839.98 nan -95839.98
-104219.40 nan -104219.40
-95597.82 nan -95597.82
-99609.19 nan -99609.19
-102520.69 nan -102520.69
-98686.68 nan -98686.68
-90727.18 nan -90727.18
-92294.72 nan -92294.72
-91312.61 nan -91312.61
0.00 -93449.39 -91444.84
-97323.94 nan -97323.94
-93358.61 nan -93358.61
-94416.93 nan -94416.93
0.00 -95124.19 -95025.51
-97449.85 nan -97449.85
0.00 -95849.14 -96368.65
-94980.54 nan -94980.54
-93342.74 nan -93342.74
0.00 -95864.13 -95503.63
-99053.31 nan -99053.31
-99963.61 nan -99963.61
-97983.04 nan -97983.04
0.00 -98009.49 -100562.98
-94806.36 nan -94806.36
-99529.90 nan -99529.90
-97602.49 nan -97602.49
-93580.47 nan -93580.47
-94607.78 nan -94607.78
-91976.97 nan -91976.97
-99208.41 nan -99208.41
-94835.91 nan -94835.91
-94085.02 nan -94085.02
-94006.94 nan -94006.94
-94700.47 nan -94700.47
-99631.62 nan -99631.62
0.00 -95890.63 -96815.03
-96884.06 nan -96884.06
-95485.40 nan -95485.40
-94066.95 nan -94066.95
-96706.00 nan -96706.00
-90786.38 nan -90786.38
-97361.98 nan -97361.98
0.00 -94833.89 -94951.46
-98622.88 nan -98622.88
-102671.96 nan -102671.96
-101059.99 nan -101059.99
-97880.16 nan -97880.16
0.00 -96640.77 -98147.20
-100051.66 nan -100051.66
-97841.51 nan -97841.51
-93608.65 nan -93608.65
-93083.69 nan -93083.69
0.00 -94763.95 -94844.62
-95860.92 nan -95860.92
-95535.24 nan -95535.24
0.00 -95834.13 -95413.59
-96371.21 nan -96371.21
0.00 -96345.13 -95773.35
-99675.91 nan -99675.91
-97410.70 nan -97410.70
0.00 -98482.44 -99544.49
0.00 -97549.08 -97246.44
-94267.18 nan -94267.18
-98298.78 nan -98298.78
0.00 -97067.22 -97846.04
-98300.35 nan -98300.35
-91984.31 nan -91984.31
-99448.51 nan -99448.51
-92383.51 nan -92383.51
-98945.72 nan -98945.72
-100318.15 nan -100318.15
0.00 -96873.23 -97215.79
-92319.55 nan -92319.55
-93532.71 nan -93532.71
-90282.88 nan -90282.88
0.00 -94251.81 -92101.08
0.00 -94072.48 -91623.87
-101965.75 nan -101965.75
-93163.61 nan -93163.61
-96495.12 nan -96495.12
-99610.25 nan -99610.25
0.00 -96494.46 -96422.99
-97516.86 nan -97516.86
-90248.81 nan -90248.81
