-75145.63 nan -75145.63
-75018.60 nan -75018.60
-79822.51 nan -79822.51
-73060.92 nan -73060.92
-80797.00 nan -80797.00
-75405.02 nan -75405.02
-79254.89 nan -79254.89
-78631.80 nan -78631.80
-81812.34 nan -81812.34
-81069.50 nan -81069.50
-74493.66 nan -74493.66
-75706.67 nan -75706.67
-72341.08 nan -72341.08
-77201.95 nan -77201.95
-77617.64 nan -77617.64
-76620.55 nan -76620.55
-75724.57 nan -75724.57
-80329.87 nan -80329.87
-79462.18 nan -79462.18
-81149.02 nan -81149.02
-83509.28 nan -83509.28
-78568.23 nan -78568.23
-81612.64 nan -81612.64
-78167.29 nan -78167.29
-78195.28 nan -78195.28
-79810.09 nan -79810.09
-77213.57 nan -77213.57
-75177.92 nan -75177.92
-76997.78 nan -76997.78
-77668.09 nan -77668.09
-78290.55 nan -78290.55
-77368.40 nan -77368.40
-73046.79 nan -73046.79
0.00 -77643.03 -76235.25
-77289.46 nan -77289.46
-77257.37 nan -77257.37
0.00 -77871.64 -76927.36
-82868.11 nan -82868.11
-77188.80 nan -77188.80
-75585.13 nan -75585.13
-80594.77 nan -80594.77
-79592.34 nan -79592.34
-79636.57 nan -79636.57
0.00 -79725.45 -79602.69
0.00 -79150.13 -80025.77
0.00 -79444.77 -80167.66
-79169.82 nan -79169.82
-82747.92 nan -82747.92
-77708.50 nan -77708.50
-79081.87 nan -79081.87
-80739.03 nan -80739.03
-76509.32 nan -76509.32
-79578.62 nan -79578.62
-82493.15 nan -82493.15
-82437.83 nan -82437.83
-77282.07 nan -77282.07
-80919.10 nan -80919.10
0.00 -79022.62 -79555.57
-79387.86 nan -79387.86
-78187.76 nan -78187.76
-76502.33 nan -76502.33
-80357.94 nan -80357.94
-75460.31 nan -75460.31
-81594.75 nan -81594.75
-78623.16 nan -78623.16
-80787.88 nan -80787.88
-78963.90 nan -78963.90
0.00 -78963.89 -79458.31
-80808.15 nan -80808.15
-75396.91 nan -75396.91
-79751.34 nan -79751.34
-76342.47 nan -76342.47
0.00 -77865.15 -77126.47
-78161.71 nan -78161.71
0.00 -78177.23 -77106.37
0.00 -77818.66 -77099.67
-77250.63 nan -77250.63
-77108.30 nan -77108.30
-79130.72 nan -79130.72
-79171.37 nan -79171.37
-77660.57 nan -77660.57
0.00 -78798.38 -78668.58
-80316.86 nan -80316.86
0.00 -78912.77 -79974.00
-75996.57 nan -75996.57
0.00 -78609.11 -78969.04
-79231.35 nan -79231.35
-79380.36 nan -79380.36
0.00 -78199.02 -79193.59
-81302.83 nan -81302.83
-78777.71 nan -78777.71
-80261.42 nan -80261.42
-79660.69 nan -79660.69
0.00 -78404.38 -79697.09
-81504.00 nan -81504.00
-77427.13 nan -77427.13
-78579.95 nan -78579.95
-79426.27 nan -79426.27
0.00 -77413.19 -78477.79
0.00 -78608.95 -80093.08
-79807.23 nan -79807.23
-79883.20 nan -79883.20
-80684.43 nan -80684.43
-80784.84 nan -80784.84
0.00 -79168.58 -81351.69
-78407.29 nan -78407.29
-79351.16 nan -79351.16
0.00 -77690.52 -79153.95
-76938.24 nan -76938.24
-77822.50 nan -77822.50
-77767.87 nan -77767.87
0.00 -77021.11 -77509.54
-79623.79 nan -79623.79
-82253.66 nan -82253.66
0.00 -79097.77 -79795.66
-78293.19 nan -78293.19
-82283.90 nan -82283.90
-79339.34 nan -79339.34
-82481.64 nan -82481.64
0.00 -79677.37 -81126.34
-76632.08 nan -76632.08
0.00 -78141.52 -77861.95
0.00 -78553.16 -78333.43
-79310.69 nan -79310.69
-77042.92 nan -77042.92
-81750.22 nan -81750.22
0.00 -78608.73 -78947.29
0.00 -78904.66 -79582.08
-80650.26 nan -80650.26
-79716.65 nan -79716.65
0.00 -79177.92 -79905.23
0.00 -78770.75 -79242.84
-79725.18 nan -79725.18
-78245.00 nan -78245.00
-80049.76 nan -80049.76
-78333.56 nan -78333.56
-79229.40 nan -79229.40
-79446.10 nan -79446.10
0.00 -78753.98 -79003.02
-79851.50 nan -79851.50
-78532.84 nan -78532.84
0.00 -79038.58 -79834.89
-80687.28 nan -80687.28
-81014.56 nan -81014.56
-80960.26 nan -80960.26
-75004.28 nan -75004.28
-76816.86 nan -76816.86
-76623.36 nan -76623.36
-76555.69 nan -76555.69
-81350.63 nan -81350.63
-76759.88 nan -76759.88
0.00 -77752.86 -77475.60
-77834.42 nan -77834.42
-79014.12 nan -79014.12
0.00 -78153.94 -78389.06
0.00 -78054.19 -79343.02
-79441.86 nan -79441.86
-77471.26 nan -77471.26
-80263.05 nan -80263.05
0.00 -79174.41 -79754.85
-80014.90 nan -80014.90
-79344.46 nan -79344.46
-79409.32 nan -79409.32
0.00 -78958.88 -79447.78
-78337.35 nan -78337.35
-79216.08 nan -79216.08
0.00 -78580.19 -79000.40
-76445.30 nan -76445.30
-82586.84 nan -82586.84
-81289.93 nan -81289.93
-81534.97 nan -81534.97
-80150.70 nan -80150.70
0.00 -79695.38 -80991.87
0.00 -79696.20 -80928.64
-78858.28 nan -78858.28
0.00 -79023.21 -80093.69
-79138.18 nan -79138.18
-79498.21 nan -79498.21
-77548.42 nan -77548.42
-73757.37 nan -73757.37
-87806.01 nan -87806.01
-78230.26 nan -78230.26
-77442.45 nan -77442.45
0.00 -80063.84 -81159.57
-75764.91 nan -75764.91
-73306.64 nan -73306.64
-79454.59 nan -79454.59
-78541.25 nan -78541.25
0.00 -77970.05 -77100.83
-82413.82 nan -82413.82
-76822.04 nan -76822.04
-77231.80 nan -77231.80
-80430.31 nan -80430.31
-76039.83 nan -76039.83
0.00 -76535.94 -78123.60
-80820.85 nan -80820.85
-79477.89 nan -79477.89
-79858.52 nan -79858.52
-76061.64 nan -76061.64
-79404.85 nan -79404.85
-83006.88 nan -83006.88
0.00 -77578.51 -79491.13
-80271.57 nan -80271.57
-78738.05 nan -78738.05
0.00 -77043.02 -78891.50
-81908.86 nan -81908.86
-81552.01 nan -81552.01
-82038.72 nan -82038.72
-80561.49 nan -80561.49
-82752.90 nan -82752.90
-75014.32 nan -75014.32
-75867.42 nan -75867.42
-78242.45 nan -78242.45
-75180.85 nan -75180.85
0.00 -75822.95 -76601.47
-72605.96 nan -72605.96
-78506.34 nan -78506.34
-81300.42 nan -81300.42
-80319.78 nan -80319.78
-74393.76 nan -74393.76
0.00 -78547.39 -78671.32
-78865.77 nan -78865.77
-77571.82 nan -77571.82
-77264.53 nan -77264.53
0.00 -78648.53 -78684.15
-78061.59 nan -78061.59
-76026.55 nan -76026.55
-80192.72 nan -80192.72
0.00 -78192.36 -78093.62
-81594.69 nan -81594.69
-79859.14 nan -79859.14
-81033.68 nan -81033.68
-79065.01 nan -79065.01
-81917.18 nan -81917.18
-78341.28 nan -78341.28
-77059.47 nan -77059.47
0.00 -78942.68 -79105.98
-78870.68 nan -78870.68
-80406.95 nan -80406.95
-80316.75 nan -80316.75
-78053.83 nan -78053.83
-77161.55 nan -77161.55
0.00 -77880.11 -76884.44
0.00 -77075.48 -75965.47
-80635.34 nan -80635.34
-74157.49 nan -74157.49
-81281.58 nan -81281.58
0.00 -78059.52 -78691.47
-79137.47 nan -79137.47
-79920.72 nan -79920.72
0.00 -77791.17 -77929.93
-78326.32 nan -78326.32
-79546.96 nan -79546.96
-80586.32 nan -80586.32
-79061.14 nan -79061.14
-79927.59 nan -79927.59
0.00 -78266.28 -78978.87
-76650.37 nan -76650.37
-79533.12 nan -79533.12
0.00 -77691.88 -77988.03
-80560.07 nan -80560.07
-82602.55 nan -82602.55
0.00 -78854.73 -80082.06
-81629.24 nan -81629.24
0.00 -79295.81 -80962.24
0.00 -78694.88 -80030.79
0.00 -77994.44 -78821.28
-76809.94 nan -76809.94
-77795.93 nan -77795.93
-81658.49 nan -81658.49
-78531.95 nan -78531.95
0.00 -78754.45 -79233.49
-76419.34 nan -76419.34
-76569.28 nan -76569.28
0.00 -78024.20 -78125.31
-82813.19 nan -82813.19
-80854.22 nan -80854.22
-76615.57 nan -76615.57
-75309.38 nan -75309.38
-78490.48 nan -78490.48
-79110.07 nan -79110.07
-81375.03 nan -81375.03
0.00 -77758.84 -77561.58
-82168.81 nan -82168.81
-73142.67 nan -73142.67
0.00 -77626.23 -77118.56
0.00 -76774.64 -75435.14
-77600.96 nan -77600.96
-75708.54 nan -75708.54
-78856.37 nan -78856.37
0.00 -77443.49 -77388.62
-81355.26 nan -81355.26
-82284.26 nan -82284.26
-81677.30 nan -81677.30
-73297.85 nan -73297.85
-80607.50 nan -80607.50
-76024.32 nan -76024.32
0.00 -77147.55 -76643.22
-78800.62 nan -78800.62
-76567.90 nan -76567.90
0.00 -77851.81 -77995.80
0.00 -78485.84 -79081.42
-78051.97 nan -78051.97
-80199.99 nan -80199.99
-77790.13 nan -77790.13
-79583.61 nan -79583.61
-80499.67 nan -80499.67
0.00 -77612.74 -77427.64
-80742.67 nan -80742.67
-82550.01 nan -82550.01
-77244.54 nan -77244.54
-79296.12 nan -79296.12
-80935.75 nan -80935.75
-77557.44 nan -77557.44
0.00 -78479.55 -79263.10
-80654.36 nan -80654.36
-72199.65 nan -72199.65
-81335.92 nan -81335.92
-77776.69 nan -77776.69
0.00 -78341.97 -78738.90
-82341.17 nan -82341.17
-77712.59 nan -77712.59
0.00 -79032.92 -79597.55
-73441.72 nan -73441.72
-81024.12 nan -81024.12
-82286.93 nan -82286.93
-81089.16 nan -81089.16
-72048.61 nan -72048.61
-80575.11 nan -80575.11
-81018.23 nan -81018.23
-77060.71 nan -77060.71
-79250.98 nan -79250.98
0.00 -78395.67 -77808.14
-76818.69 nan -76818.69
-76776.88 nan -76776.88
-76777.50 nan -76777.50
-80604.89 nan -80604.89
0.00 -79218.19 -79743.93
-76535.54 nan -76535.54
0.00 -77834.09 -76717.78
-79216.43 nan -79216.43
-79285.87 nan -79285.87
-78203.16 nan -78203.16
-78566.04 nan -78566.04
-83215.75 nan -83215.75
0.00 -78791.16 -78897.49
-78954.91 nan -78954.91
0.00 -78852.03 -78889.01
-75590.32 nan -75590.32
-78301.78 nan -78301.78
-77244.41 nan -77244.41
-79202.40 nan -79202.40
-79606.01 nan -79606.01
-83002.16 nan -83002.16
-72973.55 nan -72973.55
-75133.61 nan -75133.61
-78158.89 nan -78158.89
0.00 -75924.14 -75422.02
-80785.59 nan -80785.59
-82923.69 nan -82923.69
-82515.50 nan -82515.50
-78633.54 nan -78633.54
-79225.18 nan -79225.18
-77729.80 nan -77729.80
-78947.38 nan -78947.38
-75268.58 nan -75268.58
0.00 -77232.00 -77032.87
0.00 -76377.56 -76394.70
-83031.80 nan -83031.80
-78645.79 nan -78645.79
-79504.03 nan -79504.03
0.00 -78000.95 -79885.56
-80077.24 nan -80077.24
-79990.81 nan -79990.81
-76542.55 nan -76542.55
-81079.62 nan -81079.62
-79516.86 nan -79516.86
-77645.27 nan -77645.27
-76849.45 nan -76849.45
-76516.57 nan -76516.57
-79008.44 nan -79008.44
-81227.41 nan -81227.41
-79357.61 nan -79357.61
-78205.53 nan -78205.53
-80113.79 nan -80113.79
0.00 -79053.41 -79225.64
-78522.24 nan -78522.24
-78772.51 nan -78772.51
-76831.47 nan -76831.47
-76937.07 nan -76937.07
-80165.99 nan -80165.99
0.00 -78441.46 -78360.41
-76747.10 nan -76747.10
0.00 -78054.47 -77393.48
-81359.93 nan -81359.93
0.00 -78689.43 -78608.78
-82688.10 nan -82688.10
0.00 -79822.89 -80885.60
-79205.44 nan -79205.44
-76393.30 nan -76393.30
-81801.04 nan -81801.04
-80886.74 nan -80886.74
-80010.93 nan -80010.93
-79454.32 nan -79454.32
-76246.28 nan -76246.28
-79191.92 nan -79191.92
-80755.29 nan -80755.29
-81247.64 nan -81247.64
-80931.28 nan -80931.28
0.00 -80440.86 -80978.07
-80953.30 nan -80953.30
0.00 -80741.36 -81860.91
-79522.92 nan -79522.92
0.00 -80750.45 -81678.39
-77766.31 nan -77766.31
0.00 -80327.62 -79655.87
0.00 -79290.42 -79015.38
-81051.99 nan -81051.99
-79265.97 nan -79265.97
-76034.34 nan -76034.34
-80219.04 nan -80219.04
-82031.96 nan -82031.96
0.00 -79530.24 -79428.45
-75671.39 nan -75671.39
-77741.51 nan -77741.51
-79804.19 nan -79804.19
0.00 -79452.89 -79273.77
0.00 -79671.86 -79505.20
-78051.13 nan -78051.13
-76850.53 nan -76850.53
-81824.74 nan -81824.74
-79939.31 nan -79939.31
-82738.47 nan -82738.47
-85011.22 nan -85011.22
-81355.51 nan -81355.51
-79214.96 nan -79214.96
0.00 -80130.33 -81860.56
-80242.00 nan -80242.00
-74438.45 nan -74438.45
0.00 -77589.10 -77200.79
-85320.47 nan -85320.47
-80117.98 nan -80117.98
-78281.57 nan -78281.57
-76144.40 nan -76144.40
-77254.10 nan -77254.10
-76487.50 nan -76487.50
-81431.67 nan -81431.67
0.00 -78858.52 -78770.09
-78499.07 nan -78499.07
0.00 -78404.28 -78607.53
-80675.07 nan -80675.07
-81948.84 nan -81948.84
-78486.09 nan -78486.09
-77681.19 nan -77681.19
-78942.19 nan -78942.19
-78877.29 nan -78877.29
0.00 -78814.73 -79749.26
0.00 -78266.31 -78769.61
-77684.66 nan -77684.66
-78747.02 nan -78747.02
-77557.69 nan -77557.69
0.00 -78265.38 -78100.39
-79349.48 nan -79349.48
-82374.59 nan -82374.59
-82121.40 nan -82121.40
0.00 -78196.20 -78328.42
-81736.43 nan -81736.43
-79149.74 nan -79149.74
-73892.79 nan -73892.79
-81351.56 nan -81351.56
-84530.41 nan -84530.41
0.00 -79403.88 -80769.53
0.00 -79117.03 -80575.52
-76856.33 nan -76856.33
-75019.45 nan -75019.45
-80397.64 nan -80397.64
0.00 -77109.12 -76150.11
-80610.21 nan -80610.21
-75854.52 nan -75854.52
-77807.33 nan -77807.33
-81412.52 nan -81412.52
-71293.07 nan -71293.07
-75755.22 nan -75755.22
0.00 -76995.95 -76153.60
-78488.77 nan -78488.77
-72795.09 nan -72795.09
-79808.32 nan -79808.32
-80591.53 nan -80591.53
0.00 -77651.34 -77731.64
-81787.29 nan -81787.29
0.00 -77434.97 -77092.63
-78580.74 nan -78580.74
-82304.34 nan -82304.34
-75064.55 nan -75064.55
-82060.50 nan -82060.50
-78897.40 nan -78897.40
-78226.96 nan -78226.96
-82532.09 nan -82532.09
-84222.55 nan -84222.55
-79961.93 nan -79961.93
-75227.39 nan -75227.39
-80243.06 nan -80243.06
-79324.01 nan -79324.01
-81139.71 nan -81139.71
0.00 -78858.91 -80235.59
-80113.13 nan -80113.13
-80966.55 nan -80966.55
-77231.84 nan -77231.84
-79134.52 nan -79134.52
-75476.90 nan -75476.90
0.00 -77629.21 -78030.14
-81191.48 nan -81191.48
-80730.64 nan -80730.64
-77672.03 nan -77672.03
-72076.05 nan -72076.05
-78928.35 nan -78928.35
-77455.37 nan -77455.37
-80530.63 nan -80530.63
-73869.98 nan -73869.98
-83882.50 nan -83882.50
-79095.89 nan -79095.89
-78012.31 nan -78012.31
-78226.45 nan -78226.45
0.00 -78751.27 -78444.88
-78079.20 nan -78079.20
0.00 -78470.75 -78018.02
0.00 -78510.02 -77875.73
-80533.32 nan -80533.32
-77022.05 nan -77022.05
-76202.42 nan -76202.42
-74956.66 nan -74956.66
0.00 -77705.02 -76134.93
-77953.96 nan -77953.96
-81617.31 nan -81617.31
-81357.48 nan -81357.48
-78456.06 nan -78456.06
-81251.55 nan -81251.55
-80883.63 nan -80883.63
-74401.24 nan -74401.24
-79226.69 nan -79226.69
-78967.37 nan -78967.37
-75189.11 nan -75189.11
-81716.22 nan -81716.22
0.00 -78825.44 -78624.24
-81233.20 nan -81233.20
