-57281.46 nan -57281.46
-55799.67 nan -55799.67
-59881.42 nan -59881.42
-60282.54 nan -60282.54
-58329.78 nan -58329.78
-60078.44 nan -60078.44
-60886.71 nan -60886.71
-57028.78 nan -57028.78
-60738.96 nan -60738.96
-57605.56 nan -57605.56
-55768.50 nan -55768.50
-58106.45 nan -58106.45
-59470.41 nan -59470.41
-57739.65 nan -57739.65
-60119.01 nan -60119.01
-60793.68 nan -60793.68
-59525.12 nan -59525.12
-60938.09 nan -60938.09
-56383.56 nan -56383.56
-59962.07 nan -59962.07
-59588.84 nan -59588.84
-58981.00 nan -58981.00
-56157.36 nan -56157.36
-59993.65 nan -59993.65
-61476.62 nan -61476.62
-59128.76 nan -59128.76
-60167.25 nan -60167.25
-58948.28 nan -58948.28
-58392.10 nan -58392.10
-60961.17 nan -60961.17
-57885.55 nan -57885.55
-55230.16 nan -55230.16
-56060.79 nan -56060.79
-56757.19 nan -56757.19
-60645.39 nan -60645.39
-60472.11 nan -60472.11
-60436.03 nan -60436.03
-57823.46 nan -57823.46
-58743.19 nan -58743.19
0.00 -58769.53 -59000.90
-57944.03 nan -57944.03
0.00 -58333.07 -57833.58
-61141.62 nan -61141.62
-60272.45 nan -60272.45
-57349.05 nan -57349.05
-60746.39 nan -60746.39
-59279.80 nan -59279.80
-56550.32 nan -56550.32
-60497.56 nan -60497.56
-58829.15 nan -58829.15
0.00 -58844.71 -59755.26
-61479.40 nan -61479.40
-60903.40 nan -60903.40
-58266.08 nan -58266.08
-58520.73 nan -58520.73
-58175.83 nan -58175.83
-60372.33 nan -60372.33
0.00 -59320.73 -59932.73
-58356.14 nan -58356.14
-55230.16 nan -55230.16
-55182.60 nan -55182.60
0.00 -57343.18 -56256.30
0.00 -56829.70 -55556.35
-59839.25 nan -59839.25
-60753.86 nan -60753.86
0.00 -58266.11 -58716.49
-60306.07 nan -60306.07
-56575.04 nan -56575.04
0.00 -58572.32 -58532.53
-57281.31 nan -57281.31
-57337.58 nan -57337.58
-60391.12 nan -60391.12
-62073.95 nan -62073.95
-56835.40 nan -56835.40
-55308.13 nan -55308.13
-57237.02 nan -57237.02
0.00 -58000.24 -57376.34
0.00 -58207.92 -58065.75
-61506.48 nan -61506.48
-64445.77 nan -64445.77
-57851.05 nan -57851.05
-61690.50 nan -61690.50
-57904.36 nan -57904.36
-57703.68 nan -57703.68
-57490.36 nan -57490.36
-60515.71 nan -60515.71
0.00 -58517.26 -58569.92
-58797.37 nan -58797.37
-58431.92 nan -58431.92
-57490.99 nan -57490.99
-58703.68 nan -58703.68
-58683.73 nan -58683.73
-59676.09 nan -59676.09
-59696.25 nan -59696.25
-58686.36 nan -58686.36
-59331.37 nan -59331.37
-59639.38 nan -59639.38
-60382.02 nan -60382.02
-58611.44 nan -58611.44
0.00 -58322.43 -59544.28
-60008.74 nan -60008.74
0.00 -58086.92 -59114.43
-57750.21 nan -57750.21
-58650.74 nan -58650.74
-59115.54 nan -59115.54
-60893.10 nan -60893.10
-57338.16 nan -57338.16
-57811.96 nan -57811.96
0.00 -58353.36 -58681.08
-58946.24 nan -58946.24
0.00 -57766.11 -58479.76
-58108.89 nan -58108.89
-60464.08 nan -60464.08
-57393.88 nan -57393.88
-59870.84 nan -59870.84
-58753.42 nan -58753.42
-59436.09 nan -59436.09
0.00 -58133.03 -60083.94
-57613.40 nan -57613.40
0.00 -58846.96 -59919.88
-58759.01 nan -58759.01
-58353.16 nan -58353.16
0.00 -57818.10 -57654.00
0.00 -57689.50 -57285.66
-60808.43 nan -60808.43
0.00 -57723.42 -57217.84
0.00 -57755.75 -56824.53
-57975.40 nan -57975.40
-56772.89 nan -56772.89
-60025.98 nan -60025.98
-62149.63 nan -62149.63
-59348.41 nan -59348.41
0.00 -59276.46 -59976.00
-54765.03 nan -54765.03
-57962.63 nan -57962.63
-58362.81 nan -58362.81
-57625.03 nan -57625.03
-61994.22 nan -61994.22
-58461.31 nan -58461.31
-57583.11 nan -57583.11
-61799.48 nan -61799.48
-63538.73 nan -63538.73
-58266.37 nan -58266.37
-54309.96 nan -54309.96
-58939.53 nan -58939.53
-58874.11 nan -58874.11
-61460.39 nan -61460.39
0.00 -58900.86 -59758.01
-56569.65 nan -56569.65
-58074.99 nan -58074.99
-58719.94 nan -58719.94
-58789.78 nan -58789.78
0.00 -58068.48 -58455.80
-59445.70 nan -59445.70
-58568.33 nan -58568.33
0.00 -58269.74 -58742.16
-60550.67 nan -60550.67
0.00 -58542.35 -59168.43
-62353.07 nan -62353.07
0.00 -59260.84 -60690.73
-61350.03 nan -61350.03
-60587.17 nan -60587.17
-60616.11 nan -60616.11
0.00 -59301.84 -60851.10
-59186.41 nan -59186.41
-58278.89 nan -58278.89
0.00 -58007.87 -57905.18
0.00 -57683.82 -57478.10
0.00 -58301.88 -58643.87
-59837.71 nan -59837.71
-54799.26 nan -54799.26
-58761.67 nan -58761.67
-58142.35 nan -58142.35
0.00 -57791.12 -57234.42
-56898.88 nan -56898.88
-60671.18 nan -60671.18
-58602.84 nan -58602.84
-61058.70 nan -61058.70
0.00 -59596.84 -59947.46
-57015.39 nan -57015.39
-59331.05 nan -59331.05
-61353.00 nan -61353.00
-60292.53 nan -60292.53
-64491.26 nan -64491.26
-57813.07 nan -57813.07
-57444.87 nan -57444.87
-58435.36 nan -58435.36
-66101.62 nan -66101.62
0.00 -59308.57 -60537.99
-54080.17 nan -54080.17
-59149.53 nan -59149.53
-62589.07 nan -62589.07
-57363.13 nan -57363.13
-56019.16 nan -56019.16
-61360.71 nan -61360.71
-60717.56 nan -60717.56
-61373.39 nan -61373.39
-60649.55 nan -60649.55
-61302.11 nan -61302.11
0.00 -59837.96 -61108.35
-57932.47 nan -57932.47
-59094.97 nan -59094.97
0.00 -57849.14 -59378.60
-59563.36 nan -59563.36
-61424.03 nan -61424.03
-59709.80 nan -59709.80
-59172.18 nan -59172.18
-57316.01 nan -57316.01
-59358.66 nan -59358.66
0.00 -57489.54 -58615.62
-63261.92 nan -63261.92
0.00 -58201.13 -60412.07
-58250.80 nan -58250.80
0.00 -56998.55 -57784.98
-59742.60 nan -59742.60
-58812.26 nan -58812.26
-58623.71 nan -58623.71
-59929.56 nan -59929.56
-60662.69 nan -60662.69
0.00 -58195.10 -59738.65
-59390.22 nan -59390.22
-60203.17 nan -60203.17
-58173.45 nan -58173.45
-58720.83 nan -58720.83
-59309.21 nan -59309.21
-61186.03 nan -61186.03
0.00 -58066.44 -59738.69
-57322.46 nan -57322.46
-59382.35 nan -59382.35
-57449.24 nan -57449.24
-59610.38 nan -59610.38
-59995.18 nan -59995.18
-58345.04 nan -58345.04
-59178.42 nan -59178.42
-57431.03 nan -57431.03
-58226.13 nan -58226.13
-60376.88 nan -60376.88
-58239.94 nan -58239.94
-57643.92 nan -57643.92
0.00 -58492.82 -58212.48
-60891.03 nan -60891.03
-59053.84 nan -59053.84
0.00 -58848.38 -59334.35
-60342.93 nan -60342.93
0.00 -58817.04 -59332.87
-60296.31 nan -60296.31
-60337.60 nan -60337.60
0.00 -59303.12 -60207.61
-60375.35 nan -60375.35
-59268.79 nan -59268.79
-58048.40 nan -58048.40
-59302.88 nan -59302.88
0.00 -58457.41 -58464.91
0.00 -58428.63 -58603.75
-56141.92 nan -56141.92
-60472.67 nan -60472.67
-58517.80 nan -58517.80
-58901.12 nan -58901.12
0.00 -58636.34 -59297.20
-58056.82 nan -58056.82
-57939.47 nan -57939.47
-58349.24 nan -58349.24
-58450.98 nan -58450.98
-58862.44 nan -58862.44
0.00 -58431.48 -59362.11
-57183.11 nan -57183.11
-62253.04 nan -62253.04
-60432.75 nan -60432.75
0.00 -58844.33 -59863.97
-59025.67 nan -59025.67
-61104.48 nan -61104.48
-55595.49 nan -55595.49
-60192.85 nan -60192.85
-59188.05 nan -59188.05
-60140.03 nan -60140.03
-55909.19 nan -55909.19
-58194.19 nan -58194.19
-61454.98 nan -61454.98
-60734.31 nan -60734.31
0.00 -59189.48 -60518.50
-56201.19 nan -56201.19
-59523.80 nan -59523.80
-59719.83 nan -59719.83
-57687.02 nan -57687.02
-64566.56 nan -64566.56
0.00 -59554.88 -60970.46
-56722.40 nan -56722.40
-55916.94 nan -55916.94
-58836.60 nan -58836.60
0.00 -56891.92 -56070.89
0.00 -57713.55 -57254.75
0.00 -58058.80 -58192.64
-58910.69 nan -58910.69
-59763.77 nan -59763.77
-61428.96 nan -61428.96
-57645.86 nan -57645.86
-60377.95 nan -60377.95
-58754.30 nan -58754.30
-60299.05 nan -60299.05
-61885.31 nan -61885.31
-57876.21 nan -57876.21
-58679.48 nan -58679.48
0.00 -58046.68 -58271.61
-58819.68 nan -58819.68
-60151.96 nan -60151.96
-58724.33 nan -58724.33
-61428.39 nan -61428.39
-59489.82 nan -59489.82
-55600.33 nan -55600.33
0.00 -58384.70 -58839.51
-58736.44 nan -58736.44
0.00 -58270.74 -58429.85
-58738.69 nan -58738.69
0.00 -58323.38 -58839.58
0.00 -58855.21 -59719.14
-58693.24 nan -58693.24
-60368.23 nan -60368.23
-59491.98 nan -59491.98
0.00 -58595.25 -59598.03
-57534.16 nan -57534.16
-58804.97 nan -58804.97
-59717.04 nan -59717.04
0.00 -58629.16 -58685.39
-61823.95 nan -61823.95
0.00 -59607.52 -61245.36
-58075.19 nan -58075.19
0.00 -59522.81 -59992.36
0.00 -58829.32 -59574.70
-59786.94 nan -59786.94
-59949.72 nan -59949.72
-59910.76 nan -59910.76
0.00 -58591.41 -59549.68
-58516.40 nan -58516.40
-59450.05 nan -59450.05
-61798.97 nan -61798.97
-59719.52 nan -59719.52
-61675.02 nan -61675.02
-57988.96 nan -57988.96
0.00 -59157.00 -59794.50
-57992.95 nan -57992.95
-60705.60 nan -60705.60
-59081.17 nan -59081.17
-57711.51 nan -57711.51
-61657.93 nan -61657.93
-59097.82 nan -59097.82
-60991.21 nan -60991.21
-60856.83 nan -60856.83
-58195.17 nan -58195.17
0.00 -58963.33 -59025.25
-60036.52 nan -60036.52
-61008.63 nan -61008.63
0.00 -59441.89 -60023.47
0.00 -58883.05 -59310.68
-53343.67 nan -53343.67
0.00 -58178.59 -57598.97
-64550.74 nan -64550.74
-58724.93 nan -58724.93
-59141.82 nan -59141.82
-59926.88 nan -59926.88
-59613.51 nan -59613.51
-57566.87 nan -57566.87
-60582.20 nan -60582.20
-59919.41 nan -59919.41
-56593.15 nan -56593.15
-58855.43 nan -58855.43
-56950.72 nan -56950.72
-60034.45 nan -60034.45
-59609.78 nan -59609.78
-58767.32 nan -58767.32
-60097.98 nan -60097.98
-58898.76 nan -58898.76
0.00 -58238.82 -59254.68
-56493.12 nan -56493.12
-57394.25 nan -57394.25
0.00 -57455.00 -58418.88
-51513.74 nan -51513.74
0.00 -56142.34 -56129.14
0.00 -56113.64 -55365.90
-59630.59 nan -59630.59
-58028.42 nan -58028.42
-59949.63 nan -59949.63
-55676.77 nan -55676.77
-56631.09 nan -56631.09
-56459.99 nan -56459.99
-57855.26 nan -57855.26
0.00 -57089.98 -57775.84
0.00 -57244.53 -58214.45
-57632.27 nan -57632.27
-55834.40 nan -55834.40
-54422.79 nan -54422.79
-59212.16 nan -59212.16
-58399.48 nan -58399.48
-55699.65 nan -55699.65
-59031.55 nan -59031.55
-56700.99 nan -56700.99
-56905.07 nan -56905.07
-57082.05 nan -57082.05
-58918.86 nan -58918.86
-59799.96 nan -59799.96
-53971.10 nan -53971.10
0.00 -58044.01 -57563.31
0.00 -57791.93 -57210.28
0.00 -59051.45 -59169.50
-59807.42 nan -59807.42
-61529.37 nan -61529.37
-55931.57 nan -55931.57
-57095.61 nan -57095.61
0.00 -58945.87 -59094.88
-54782.54 nan -54782.54
-57579.12 nan -57579.12
-54739.86 nan -54739.86
0.00 -58119.59 -57599.65
-59446.63 nan -59446.63
-61060.67 nan -61060.67
-59794.51 nan -59794.51
-58491.32 nan -58491.32
-61028.16 nan -61028.16
-59532.09 nan -59532.09
0.00 -59695.63 -59683.86
-59011.11 nan -59011.11
-57518.92 nan -57518.92
0.00 -58557.00 -57508.54
-57781.09 nan -57781.09
-58109.59 nan -58109.59
-60703.20 nan -60703.20
-56716.13 nan -56716.13
-59881.35 nan -59881.35
-59015.60 nan -59015.60
-60338.58 nan -60338.58
-58308.70 nan -58308.70
-60875.22 nan -60875.22
-61117.58 nan -61117.58
0.00 -58949.10 -58760.13
-60332.23 nan -60332.23
-55885.75 nan -55885.75
-59740.18 nan -59740.18
-60571.65 nan -60571.65
-56802.87 nan -56802.87
-58832.92 nan -58832.92
-58568.96 nan -58568.96
-62478.83 nan -62478.83
-59738.41 nan -59738.41
-61603.76 nan -61603.76
0.00 -60254.05 -61273.67
-60440.93 nan -60440.93
-56609.81 nan -56609.81
-59645.32 nan -59645.32
-57790.83 nan -57790.83
-59967.79 nan -59967.79
-61524.67 nan -61524.67
-61788.87 nan -61788.87
-55489.91 nan -55489.91
-58449.99 nan -58449.99
-56328.73 nan -56328.73
0.00 -57347.19 -56756.21
-59140.02 nan -59140.02
-55780.02 nan -55780.02
0.00 -58062.29 -58174.23
0.00 -57851.50 -57852.30
-61815.53 nan -61815.53
-58698.89 nan -58698.89
-59606.80 nan -59606.80
-56887.80 nan -56887.80
-60363.08 nan -60363.08
-58480.70 nan -58480.70
-56947.50 nan -56947.50
-56345.75 nan -56345.75
0.00 -57413.80 -56663.66
-60873.52 nan -60873.52
-56083.98 nan -56083.98
-58041.99 nan -58041.99
-57086.00 nan -57086.00
-58761.05 nan -58761.05
-56514.92 nan -56514.92
-56378.09 nan -56378.09
-56560.46 nan -56560.46
-58222.32 nan -58222.32
-61362.70 nan -61362.70
-57895.03 nan -57895.03
-58227.34 nan -58227.34
-58632.25 nan -58632.25
-60184.07 nan -60184.07
-60949.15 nan -60949.15
-58314.04 nan -58314.04
-59299.82 nan -59299.82
0.00 -58805.03 -59521.00
-58747.04 nan -58747.04
-60582.28 nan -60582.28
0.00 -58624.96 -59352.10
-58481.03 nan -58481.03
-61526.48 nan -61526.48
-61010.60 nan -61010.60
-57193.48 nan -57193.48
-57829.11 nan -57829.11
-57865.43 nan -57865.43
-59071.62 nan -59071.62
-58518.54 nan -58518.54
-57265.32 nan -57265.32
-59921.05 nan -59921.05
0.00 -58637.35 -59585.25
-60023.56 nan -60023.56
-62024.46 nan -62024.46
0.00 -59385.98 -60544.42
-56974.43 nan -56974.43
-58906.71 nan -58906.71
-60235.04 nan -60235.04
-59183.73 nan -59183.73
-58346.35 nan -58346.35
-60112.67 nan -60112.67
-57537.89 nan -57537.89
-60703.77 nan -60703.77
-60030.75 nan -60030.75
-58114.51 nan -58114.51
-58160.67 nan -58160.67
-56012.71 nan -56012.71
-58237.88 nan -58237.88
0.00 -57336.34 -57094.44
-59281.43 nan -59281.43
-55069.74 nan -55069.74
0.00 -57541.46 -57148.54
-58791.64 nan -58791.64
-60286.39 nan -60286.39
-59359.36 nan -59359.36
-55566.23 nan -55566.23
0.00 -58258.59 -58403.99
-57975.17 nan -57975.17
0.00 -57551.80 -57315.13
-55986.24 nan -55986.24
0.00 -57080.14 -56708.78
0.00 -57091.03 -56506.67
-55728.52 nan -55728.52
-59103.42 nan -59103.42
-58310.41 nan -58310.41
-59576.43 nan -59576.43
-59147.87 nan -59147.87
-57102.82 nan -57102.82
-61015.24 nan -61015.24
-59899.79 nan -59899.79
-58788.48 nan -58788.48
0.00 -59348.48 -59901.17
0.00 -58674.35 -58317.57
-57567.39 nan -57567.39
0.00 -57776.11 -56832.80
0.00 -57969.02 -56954.78
-57206.81 nan -57206.81
-59914.15 nan -59914.15
-56004.06 nan -56004.06
0.00 -58283.23 -57834.35
-55924.41 nan -55924.41
-59778.78 nan -59778.78
-56567.86 nan -56567.86
-60621.82 nan -60621.82
-57421.29 nan -57421.29
-60762.31 nan -60762.31
-57178.24 nan -57178.24
-60251.94 nan -60251.94
-55943.62 nan -55943.62
-58117.83 nan -58117.83
