-119521.92 nan -119521.92
-106064.34 nan -106064.34
-117619.24 nan -117619.24
-111724.61 nan -111724.61
-118076.31 nan -118076.31
-118806.72 nan -118806.72
-108780.30 nan -108780.30
-120879.56 nan -120879.56
-111001.45 nan -111001.45
-115085.95 nan -115085.95
-112739.61 nan -112739.61
-117477.06 nan -117477.06
-117697.81 nan -117697.81
-116514.60 nan -116514.60
-117925.71 nan -117925.71
-116290.01 nan -116290.01
-115870.51 nan -115870.51
-114736.54 nan -114736.54
-119929.18 nan -119929.18
-112923.02 nan -112923.02
-109514.61 nan -109514.61
-118330.85 nan -118330.85
-118784.07 nan -118784.07
-111405.30 nan -111405.30
-120889.95 nan -120889.95
-114702.32 nan -114702.32
-114505.06 nan -114505.06
-107772.18 nan -107772.18
-114057.91 nan -114057.91
-109950.71 nan -109950.71
-117016.80 nan -117016.80
-121125.53 nan -121125.53
-115709.31 nan -115709.31
-118054.21 nan -118054.21
0.00 -117718.41 -118296.35
-115843.15 nan -115843.15
-113291.83 nan -113291.83
-112257.91 nan -112257.91
-110555.96 nan -110555.96
-118356.72 nan -118356.72
-113874.27 nan -113874.27
-114328.02 nan -114328.02
0.00 -116166.49 -114297.69
-119444.99 nan -119444.99
-115240.41 nan -115240.41
-122156.77 nan -122156.77
0.00 -117701.84 -118947.39
-121823.85 nan -121823.85
-121710.25 nan -121710.25
-119118.00 nan -119118.00
-118353.28 nan -118353.28
-116382.70 nan -116382.70
-114898.75 nan -114898.75
-110329.21 nan -110329.21
-112105.40 nan -112105.40
-119339.28 nan -119339.28
-117043.35 nan -117043.35
-121256.68 nan -121256.68
-115969.18 nan -115969.18
-117272.04 nan -117272.04
-115486.68 nan -115486.68
-123470.06 nan -123470.06
-118202.54 nan -118202.54
-114366.04 nan -114366.04
-116413.21 nan -116413.21
-122030.77 nan -122030.77
-121355.47 nan -121355.47
0.00 -117662.75 -119933.15
-119550.11 nan -119550.11
-120531.55 nan -120531.55
0.00 -118296.91 -120004.93
-122077.94 nan -122077.94
-117753.23 nan -117753.23
-116172.02 nan -116172.02
-121288.68 nan -121288.68
-117092.55 nan -117092.55
-119644.92 nan -119644.92
-120161.26 nan -120161.26
-120505.10 nan -120505.10
-119942.58 nan -119942.58
-117265.64 nan -117265.64
-110244.20 nan -110244.20
-115691.21 nan -115691.21
0.00 -114845.34 -114400.35
0.00 -117073.27 -117309.82
0.00 -117992.85 -119936.70
0.00 -118121.23 -120324.59
-121183.54 nan -121183.54
-115759.18 nan -115759.18
-117301.04 nan -117301.04
0.00 -115587.97 -118081.25
-112994.66 nan -112994.66
-113184.61 nan -113184.61
0.00 -114124.66 -115161.87
-119314.92 nan -119314.92
-110800.74 nan -110800.74
-117818.88 nan -117818.88
-118243.39 nan -118243.39
0.00 -114712.72 -115621.01
-119567.09 nan -119567.09
0.00 -115362.88 -117810.49
-121393.31 nan -121393.31
-116705.44 nan -116705.44
-117308.34 nan -117308.34
-113790.41 nan -113790.41
-122325.28 nan -122325.28
-123091.13 nan -123091.13
-118357.14 nan -118357.14
-114125.92 nan -114125.92
-110977.87 nan -110977.87
-118916.85 nan -118916.85
-116688.11 nan -116688.11
-119092.09 nan -119092.09
-125168.64 nan -125168.64
0.00 -116554.86 -120316.28
-121120.51 nan -121120.51
-122134.41 nan -122134.41
-118712.97 nan -118712.97
-114266.61 nan -114266.61
-116854.43 nan -116854.43
-119609.55 nan -119609.55
-114496.62 nan -114496.62
-120720.63 nan -120720.63
-120534.17 nan -120534.17
-114677.54 nan -114677.54
0.00 -117675.00 -118644.11
-115460.93 nan -115460.93
-113143.01 nan -113143.01
0.00 -116618.55 -116649.10
-121731.63 nan -121731.63
-118993.43 nan -118993.43
-121087.43 nan -121087.43
-119503.06 nan -119503.06
-116258.50 nan -116258.50
-117351.66 nan -117351.66
-115014.06 nan -115014.06
-110726.35 nan -110726.35
0.00 -116414.25 -115551.85
-109193.81 nan -109193.81
-113457.75 nan -113457.75
-114233.31 nan -114233.31
-116579.07 nan -116579.07
-119164.16 nan -119164.16
-116622.23 nan -116622.23
-106863.08 nan -106863.08
-112915.58 nan -112915.58
-118729.06 nan -118729.06
-114914.81 nan -114914.81
-114123.58 nan -114123.58
-115575.99 nan -115575.99
-115497.73 nan -115497.73
-117975.42 nan -117975.42
0.00 -115790.39 -116349.71
-117011.23 nan -117011.23
-116745.93 nan -116745.93
0.00 -117141.70 -119150.80
-120590.10 nan -120590.10
0.00 -116883.36 -118126.91
0.00 -117664.00 -118015.70
0.00 -117529.23 -119314.59
0.00 -116019.79 -116896.77
-113648.22 nan -113648.22
-114557.20 nan -114557.20
-120270.99 nan -120270.99
-115350.88 nan -115350.88
-118636.50 nan -118636.50
-121167.86 nan -121167.86
-114387.40 nan -114387.40
0.00 -117877.23 -118889.81
0.00 -116697.06 -118130.46
-111245.21 nan -111245.21
-118907.42 nan -118907.42
-118030.94 nan -118030.94
-115116.60 nan -115116.60
-119266.95 nan -119266.95
-116338.47 nan -116338.47
-114379.03 nan -114379.03
-116556.60 nan -116556.60
-119370.20 nan -119370.20
0.00 -116384.53 -116768.61
-117890.27 nan -117890.27
-114039.90 nan -114039.90
0.00 -116812.70 -117741.66
-117406.98 nan -117406.98
-122862.68 nan -122862.68
-121979.69 nan -121979.69
-122491.91 nan -122491.91
-117048.24 nan -117048.24
-116615.85 nan -116615.85
-120502.64 nan -120502.64
-120536.77 nan -120536.77
-108431.66 nan -108431.66
-118174.58 nan -118174.58
-120009.69 nan -120009.69
0.00 -115721.02 -115538.64
-116541.92 nan -116541.92
-117379.39 nan -117379.39
-111043.26 nan -111043.26
-124364.45 nan -124364.45
-120496.11 nan -120496.11
-121498.32 nan -121498.32
-112513.88 nan -112513.88
-120922.13 nan -120922.13
0.00 -117077.33 -118311.44
-119550.55 nan -119550.55
-120105.31 nan -120105.31
-118297.12 nan -118297.12
-113726.82 nan -113726.82
-111918.89 nan -111918.89
-119368.95 nan -119368.95
-116492.04 nan -116492.04
-118028.02 nan -118028.02
-118594.44 nan -118594.44
0.00 -114536.42 -117704.83
-121096.95 nan -121096.95
-111106.19 nan -111106.19
0.00 -114030.66 -117302.02
-115882.01 nan -115882.01
-112655.24 nan -112655.24
-115942.30 nan -115942.30
-114241.14 nan -114241.14
-116796.40 nan -116796.40
0.00 -113903.83 -116639.48
-108766.49 nan -108766.49
-119716.19 nan -119716.19
-117699.87 nan -117699.87
-121970.60 nan -121970.60
-118366.07 nan -118366.07
-115913.31 nan -115913.31
0.00 -113998.46 -117385.09
-123451.03 nan -123451.03
-120297.00 nan -120297.00
-118067.72 nan -118067.72
-108721.17 nan -108721.17
-120292.79 nan -120292.79
-117606.39 nan -117606.39
-113294.12 nan -113294.12
-123197.49 nan -123197.49
-116145.63 nan -116145.63
-121111.99 nan -121111.99
-116394.58 nan -116394.58
-118684.27 nan -118684.27
-115157.48 nan -115157.48
-113761.21 nan -113761.21
-118503.25 nan -118503.25
-111839.99 nan -111839.99
-117629.74 nan -117629.74
-104199.08 nan -104199.08
-114774.35 nan -114774.35
0.00 -114467.17 -112201.05
-121420.18 nan -121420.18
-118310.54 nan -118310.54
-115931.20 nan -115931.20
-118591.77 nan -118591.77
-114744.55 nan -114744.55
-122374.46 nan -122374.46
-116321.62 nan -116321.62
-118631.32 nan -118631.32
-108900.31 nan -108900.31
0.00 -116479.78 -116336.01
-116823.62 nan -116823.62
-115034.01 nan -115034.01
-120073.91 nan -120073.91
-117944.20 nan -117944.20
-114012.09 nan -114012.09
-114445.87 nan -114445.87
-113885.63 nan -113885.63
-113690.05 nan -113690.05
-114853.03 nan -114853.03
-121229.73 nan -121229.73
-113938.33 nan -113938.33
-119639.60 nan -119639.60
-122679.58 nan -122679.58
-111330.58 nan -111330.58
0.00 -116810.80 -117883.25
-119612.24 nan -119612.24
0.00 -117000.39 -117715.37
-116465.67 nan -116465.67
0.00 -116812.55 -117596.11
-116845.84 nan -116845.84
-116317.76 nan -116317.76
-115398.05 nan -115398.05
-114488.02 nan -114488.02
-116974.38 nan -116974.38
-116919.45 nan -116919.45
-116800.65 nan -116800.65
0.00 -116861.34 -118194.97
-118629.16 nan -118629.16
-120962.35 nan -120962.35
-121578.42 nan -121578.42
-119959.82 nan -119959.82
-118776.55 nan -118776.55
0.00 -118093.19 -120104.93
-119391.60 nan -119391.60
0.00 -116647.14 -117397.51
0.00 -117182.27 -118209.75
-115209.09 nan -115209.09
-115551.71 nan -115551.71
-113278.30 nan -113278.30
0.00 -115715.03 -114673.03
-117146.68 nan -117146.68
-112814.69 nan -112814.69
-116243.40 nan -116243.40
-121580.66 nan -121580.66
-115752.69 nan -115752.69
0.00 -116351.58 -116797.61
0.00 -115671.91 -115203.26
-120999.91 nan -120999.91
-119657.23 nan -119657.23
0.00 -118124.72 -119759.09
-118397.83 nan -118397.83
-118329.24 nan -118329.24
-120412.08 nan -120412.08
0.00 -117434.12 -119046.39
-110495.58 nan -110495.58
-114454.29 nan -114454.29
0.00 -115233.53 -114665.42
-121964.77 nan -121964.77
-115901.20 nan -115901.20
-115802.85 nan -115802.85
-119712.48 nan -119712.48
0.00 -117914.56 -118377.12
-117864.41 nan -117864.41
-119999.12 nan -119999.12
-118079.97 nan -118079.97
0.00 -117934.67 -119614.02
-117474.67 nan -117474.67
-110488.97 nan -110488.97
-114566.46 nan -114566.46
-108723.91 nan -108723.91
0.00 -113844.70 -111259.78
-121377.82 nan -121377.82
-118791.77 nan -118791.77
-121481.14 nan -121481.14
-122403.46 nan -122403.46
-113480.63 nan -113480.63
-118831.59 nan -118831.59
0.00 -116596.34 -117311.14
0.00 -117313.31 -118587.98
-115652.26 nan -115652.26
-114801.21 nan -114801.21
0.00 -116038.81 -116347.15
-120998.37 nan -120998.37
-120433.13 nan -120433.13
-120267.35 nan -120267.35
-118873.14 nan -118873.14
-119092.71 nan -119092.71
-118772.20 nan -118772.20
-116657.81 nan -116657.81
-121093.37 nan -121093.37
-114358.53 nan -114358.53
-120111.12 nan -120111.12
-117539.65 nan -117539.65
-113827.87 nan -113827.87
-111516.49 nan -111516.49
-112698.15 nan -112698.15
-126954.21 nan -126954.21
-118484.79 nan -118484.79
-113854.95 nan -113854.95
0.00 -118562.06 -119764.65
-120554.86 nan -120554.86
-106780.69 nan -106780.69
-112069.83 nan -112069.83
-119368.88 nan -119368.88
-105359.68 nan -105359.68
-116807.51 nan -116807.51
-113863.78 nan -113863.78
0.00 -116330.49 -115176.65
0.00 -116076.93 -115286.51
-122769.67 nan -122769.67
-112607.71 nan -112607.71
-113395.56 nan -113395.56
-116404.17 nan -116404.17
-115073.73 nan -115073.73
-121317.28 nan -121317.28
-119656.98 nan -119656.98
0.00 -116737.08 -119885.64
-119011.11 nan -119011.11
-114162.64 nan -114162.64
-119019.59 nan -119019.59
-121338.33 nan -121338.33
-114891.82 nan -114891.82
-121672.36 nan -121672.36
-120551.79 nan -120551.79
-117414.21 nan -117414.21
0.00 -114756.91 -116350.21
-113400.01 nan -113400.01
0.00 -115081.40 -117281.48
-118924.47 nan -118924.47
-116142.36 nan -116142.36
-117649.54 nan -117649.54
-117671.08 nan -117671.08
-119966.90 nan -119966.90
-119858.75 nan -119858.75
-117537.47 nan -117537.47
0.00 -115838.81 -118499.20
-113144.91 nan -113144.91
-111650.47 nan -111650.47
-111429.70 nan -111429.70
0.00 -114721.08 -112075.03
0.00 -114553.25 -111857.82
-117258.30 nan -117258.30
0.00 -117254.41 -117275.63
-114823.18 nan -114823.18
-118419.55 nan -118419.55
0.00 -116330.06 -115459.27
-119159.65 nan -119159.65
-119355.89 nan -119355.89
-114012.57 nan -114012.57
-115136.65 nan -115136.65
0.00 -116758.47 -116168.37
-114029.18 nan -114029.18
0.00 -116636.50 -116159.45
-115777.79 nan -115777.79
-102893.17 nan -102893.17
-120629.02 nan -120629.02
0.00 -115134.66 -113099.99
-115204.52 nan -115204.52
-123290.99 nan -123290.99
-120508.59 nan -120508.59
-112957.58 nan -112957.58
0.00 -116946.05 -117003.89
-115095.48 nan -115095.48
-119714.74 nan -119714.74
-115145.18 nan -115145.18
-118292.62 nan -118292.62
-114271.29 nan -114271.29
-120992.74 nan -120992.74
-119259.94 nan -119259.94
0.00 -118412.73 -118174.66
-111692.89 nan -111692.89
-113894.38 nan -113894.38
-112145.82 nan -112145.82
-121387.09 nan -121387.09
-116046.97 nan -116046.97
0.00 -117488.45 -116526.63
-115879.78 nan -115879.78
-118487.58 nan -118487.58
-108841.61 nan -108841.61
-123146.87 nan -123146.87
-120838.43 nan -120838.43
-114410.33 nan -114410.33
0.00 -118083.05 -117665.37
0.00 -117192.83 -115819.19
0.00 -116811.10 -114879.16
-118114.92 nan -118114.92
-120485.00 nan -120485.00
-110760.75 nan -110760.75
-116846.21 nan -116846.21
-122319.01 nan -122319.01
-110043.53 nan -110043.53
-116544.39 nan -116544.39
-108631.71 nan -108631.71
0.00 -114090.60 -111739.87
-114734.82 nan -114734.82
-113102.13 nan -113102.13
-120235.15 nan -120235.15
-121429.21 nan -121429.21
-117123.06 nan -117123.06
-121376.40 nan -121376.40
-121118.82 nan -121118.82
0.00 -117329.44 -118715.65
-119473.46 nan -119473.46
-107608.35 nan -107608.35
-114138.60 nan -114138.60
0.00 -116266.55 -116309.52
-124629.11 nan -124629.11
-120931.66 nan -120931.66
-113457.11 nan -113457.11
-120101.05 nan -120101.05
-115854.98 nan -115854.98
-116455.85 nan -116455.85
-117347.10 nan -117347.10
-122473.02 nan -122473.02
-119968.99 nan -119968.99
0.00 -117641.58 -119266.90
0.00 -117037.08 -118198.19
-120598.32 nan -120598.32
-119771.77 nan -119771.77
-121362.35 nan -121362.35
-116460.90 nan -116460.90
0.00 -118533.06 -119198.34
-121173.62 nan -121173.62
-115295.00 nan -115295.00
-108730.71 nan -108730.71
-119708.61 nan -119708.61
-115007.32 nan -115007.32
0.00 -116464.42 -116055.23
-115561.06 nan -115561.06
-120901.92 nan -120901.92
-113886.43 nan -113886.43
-112602.64 nan -112602.64
-121019.32 nan -121019.32
-109260.21 nan -109260.21
0.00 -115283.92 -114774.87
-121932.27 nan -121932.27
-117198.68 nan -117198.68
-121994.54 nan -121994.54
-121866.99 nan -121866.99
-115305.77 nan -115305.77
-118047.43 nan -118047.43
0.00 -117385.42 -118406.73
-121179.05 nan -121179.05
-115744.91 nan -115744.91
-111281.92 nan -111281.92
-117766.11 nan -117766.11
-110617.82 nan -110617.82
-120708.86 nan -120708.86
-113992.89 nan -113992.89
-121962.09 nan -121962.09
-120750.33 nan -120750.33
-111482.53 nan -111482.53
-120891.12 nan -120891.12
-117853.32 nan -117853.32
-120443.10 nan -120443.10
-116257.93 nan -116257.93
-121495.12 nan -121495.12
0.00 -118380.07 -119398.72
-112704.44 nan -112704.44
0.00 -115913.20 -116763.58
-114718.12 nan -114718.12
-121932.16 nan -121932.16
-122116.03 nan -122116.03
-116675.53 nan -116675.53
-112363.16 nan -112363.16
-114146.44 nan -114146.44
0.00 -114786.20 -114395.04
-121692.61 nan -121692.61
-113234.66 nan -113234.66
-113817.85 nan -113817.85
-120644.95 nan -120644.95
0.00 -116547.71 -115899.15
-118630.27 nan -118630.27
0.00 -116864.27 -118870.22
-120670.36 nan -120670.36
0.00 -119143.12 -120540.61
-123568.31 nan -123568.31
-107297.09 nan -107297.09
-111831.66 nan -111831.66
-116607.14 nan -116607.14
-117447.00 nan -117447.00
-121069.50 nan -121069.50
-115254.62 nan -115254.62
0.00 -118050.57 -118101.36
-115338.76 nan -115338.76
-121776.94 nan -121776.94
0.00 -117845.12 -118218.27
0.00 -117376.41 -117502.80
0.00 -117177.34 -116947.40
-118064.69 nan -118064.69
0.00 -118066.36 -118282.83
-117243.40 nan -117243.40
-120905.24 nan -120905.24
0.00 -119002.75 -120267.96
-123381.95 nan -123381.95
0.00 -119166.44 -121053.91
0.00 -118863.50 -120051.41
-113717.86 nan -113717.86
0.00 -117218.55 -116755.05
