-90666.08 nan -90666.08
-89100.47 nan -89100.47
-83265.46 nan -83265.46
-85689.10 nan -85689.10
-85653.90 nan -85653.90
-83621.03 nan -83621.03
-88324.74 nan -88324.74
-89082.80 nan -89082.80
-90984.14 nan -90984.14
-89306.81 nan -89306.81
-84327.91 nan -84327.91
-90055.86 nan -90055.86
-83260.47 nan -83260.47
-84118.16 nan -84118.16
-87926.50 nan -87926.50
-85821.09 nan -85821.09
-83202.72 nan -83202.72
-86090.37 nan -86090.37
-85664.34 nan -85664.34
-88621.18 nan -88621.18
-80082.35 nan -80082.35
-86792.88 nan -86792.88
-86238.51 nan -86238.51
-87109.98 nan -87109.98
-88718.35 nan -88718.35
-89769.00 nan -89769.00
-89250.67 nan -89250.67
-87424.18 nan -87424.18
-88283.91 nan -88283.91
-90062.41 nan -90062.41
-91121.38 nan -91121.38
-85535.71 nan -85535.71
-79772.80 nan -79772.80
0.00 -86533.08 -85476.63
-87396.01 nan -87396.01
-85738.95 nan -85738.95
-86536.00 nan -86536.00
-85197.15 nan -85197.15
-90588.03 nan -90588.03
-89013.58 nan -89013.58
-86922.74 nan -86922.74
-87955.21 nan -87955.21
-87005.77 nan -87005.77
-85818.14 nan -85818.14
-88869.90 nan -88869.90
0.00 -87404.30 -87231.27
-91277.80 nan -91277.80
-88580.06 nan -88580.06
-92601.94 nan -92601.94
-86304.21 nan -86304.21
-88367.92 nan -88367.92
-89231.10 nan -89231.10
0.00 -87204.85 -87967.74
-82009.34 nan -82009.34
-87866.79 nan -87866.79
-77190.46 nan -77190.46
-87197.53 nan -87197.53
0.00 -84578.31 -82824.31
-94206.82 nan -94206.82
-82488.22 nan -82488.22
0.00 -85694.93 -86506.45
0.00 -87318.11 -87733.83
0.00 -85307.67 -85576.17
-87789.35 nan -87789.35
-85985.30 nan -85985.30
-90704.82 nan -90704.82
0.00 -86776.23 -88386.61
-86851.53 nan -86851.53
-85969.17 nan -85969.17
-86061.46 nan -86061.46
-92520.43 nan -92520.43
-89247.60 nan -89247.60
-89115.32 nan -89115.32
-91259.42 nan -91259.42
-87521.57 nan -87521.57
0.00 -87652.95 -88956.85
-91394.06 nan -91394.06
-88164.82 nan -88164.82
-84573.20 nan -84573.20
-90453.45 nan -90453.45
-81715.87 nan -81715.87
-93870.15 nan -93870.15
-86407.02 nan -86407.02
0.00 -85402.58 -86670.70
0.00 -84848.51 -85113.31
-87493.73 nan -87493.73
-88100.10 nan -88100.10
-84827.42 nan -84827.42
-87538.25 nan -87538.25
0.00 -86271.42 -86821.92
-87392.95 nan -87392.95
-87360.75 nan -87360.75
-89638.62 nan -89638.62
-91752.70 nan -91752.70
-89112.78 nan -89112.78
-90326.73 nan -90326.73
0.00 -85971.78 -88515.10
-87134.79 nan -87134.79
0.00 -85214.91 -87633.93
0.00 -85610.06 -88365.01
-77190.46 nan -77190.46
-90775.14 nan -90775.14
-86229.99 nan -86229.99
-89988.15 nan -89988.15
-87572.73 nan -87572.73
-93544.84 nan -93544.84
-88964.78 nan -88964.78
-86684.61 nan -86684.61
0.00 -86062.62 -89731.41
-83817.50 nan -83817.50
0.00 -85000.98 -86744.51
-89824.34 nan -89824.34
-91285.58 nan -91285.58
-88821.97 nan -88821.97
-94066.70 nan -94066.70
-83239.53 nan -83239.53
-87133.23 nan -87133.23
-85820.70 nan -85820.70
-77190.46 nan -77190.46
0.00 -84687.98 -83381.46
-92399.50 nan -92399.50
0.00 -86845.83 -86369.99
-89930.21 nan -89930.21
0.00 -86833.70 -87964.72
-77190.46 nan -77190.46
-83667.89 nan -83667.89
-88913.20 nan -88913.20
-87793.66 nan -87793.66
-82359.13 nan -82359.13
-88846.83 nan -88846.83
-90953.21 nan -90953.21
0.00 -86713.92 -87386.39
-87895.97 nan -87895.97
-77190.46 nan -77190.46
-84053.02 nan -84053.02
-81716.50 nan -81716.50
-91168.39 nan -91168.39
-79924.32 nan -79924.32
0.00 -84799.39 -84269.73
-90324.81 nan -90324.81
-89021.38 nan -89021.38
-86587.90 nan -86587.90
-86992.47 nan -86992.47
0.00 -85985.70 -86148.39
-87619.87 nan -87619.87
-97215.38 nan -97215.38
-83486.82 nan -83486.82
0.00 -87594.76 -89440.69
-85550.42 nan -85550.42
-90595.14 nan -90595.14
0.00 -86720.11 -88528.75
-88706.02 nan -88706.02
-84089.55 nan -84089.55
-88373.78 nan -88373.78
-86979.41 nan -86979.41
0.00 -87003.37 -88412.29
-82845.97 nan -82845.97
0.00 -85989.80 -86790.90
-90091.31 nan -90091.31
-87222.58 nan -87222.58
0.00 -86590.16 -88449.61
-77190.46 nan -77190.46
-83022.57 nan -83022.57
0.00 -84030.49 -82887.55
-88826.26 nan -88826.26
-87315.04 nan -87315.04
-88871.77 nan -88871.77
-87606.32 nan -87606.32
0.00 -86830.39 -89048.20
-88915.35 nan -88915.35
-94249.04 nan -94249.04
-91888.13 nan -91888.13
-83518.01 nan -83518.01
-77190.46 nan -77190.46
-86593.06 nan -86593.06
-89132.21 nan -89132.21
0.00 -85092.91 -84305.24
-92388.22 nan -92388.22
0.00 -86870.16 -88219.41
0.00 -85904.12 -86193.32
0.00 -86016.68 -85844.14
-88063.74 nan -88063.74
-89827.04 nan -89827.04
-87448.07 nan -87448.07
0.00 -86828.19 -87707.08
-81733.65 nan -81733.65
-88941.57 nan -88941.57
-82998.49 nan -82998.49
0.00 -86862.80 -86995.75
-91287.95 nan -91287.95
0.00 -87771.47 -89110.30
-83133.69 nan -83133.69
-86215.51 nan -86215.51
-90273.75 nan -90273.75
-87530.55 nan -87530.55
-84978.91 nan -84978.91
-89991.73 nan -89991.73
0.00 -83850.66 -87490.35
0.00 -83930.77 -86103.43
0.00 -83377.19 -86116.16
-89390.55 nan -89390.55
-87029.12 nan -87029.12
-86029.88 nan -86029.88
-93469.76 nan -93469.76
0.00 -85582.09 -88842.92
-92300.79 nan -92300.79
-88810.16 nan -88810.16
-92842.15 nan -92842.15
-77190.46 nan -77190.46
-88619.02 nan -88619.02
-85508.61 nan -85508.61
-91972.50 nan -91972.50
0.00 -85689.88 -89959.49
-84982.33 nan -84982.33
-83715.76 nan -83715.76
0.00 -83909.82 -86219.19
-87654.07 nan -87654.07
-87757.67 nan -87757.67
-89807.82 nan -89807.82
-87237.57 nan -87237.57
-87962.78 nan -87962.78
-83601.69 nan -83601.69
-89460.03 nan -89460.03
-87040.81 nan -87040.81
-87942.42 nan -87942.42
-83190.90 nan -83190.90
-85444.62 nan -85444.62
-87407.65 nan -87407.65
-88927.74 nan -88927.74
-91245.12 nan -91245.12
-89264.54 nan -89264.54
-92070.75 nan -92070.75
-83802.64 nan -83802.64
-85875.52 nan -85875.52
-85208.75 nan -85208.75
-87452.84 nan -87452.84
0.00 -86508.08 -86179.04
-88588.38 nan -88588.38
0.00 -86751.69 -87406.75
-83739.42 nan -83739.42
-91687.52 nan -91687.52
-85137.02 nan -85137.02
-85547.78 nan -85547.78
-85877.10 nan -85877.10
-86797.05 nan -86797.05
0.00 -86697.54 -86960.72
-87189.02 nan -87189.02
-77190.46 nan -77190.46
-90111.68 nan -90111.68
0.00 -84621.35 -83595.69
-85864.62 nan -85864.62
-88376.93 nan -88376.93
-82485.14 nan -82485.14
0.00 -85382.11 -85575.56
-83159.24 nan -83159.24
-84045.59 nan -84045.59
-86643.84 nan -86643.84
-91237.64 nan -91237.64
-90758.50 nan -90758.50
0.00 -87207.83 -89546.66
-88225.28 nan -88225.28
-83204.47 nan -83204.47
-90546.16 nan -90546.16
-90792.50 nan -90792.50
0.00 -88121.38 -90865.74
-83005.44 nan -83005.44
-88721.67 nan -88721.67
0.00 -85621.55 -86114.28
-90304.80 nan -90304.80
-94768.44 nan -94768.44
-83495.55 nan -83495.55
-88865.41 nan -88865.41
-83150.33 nan -83150.33
-84803.60 nan -84803.60
0.00 -85188.18 -85348.58
0.00 -85476.05 -85530.24
-85447.83 nan -85447.83
0.00 -85758.20 -86600.21
-93093.56 nan -93093.56
0.00 -87424.08 -89505.44
-86860.97 nan -86860.97
-82811.62 nan -82811.62
0.00 -85714.82 -85426.58
-88408.49 nan -88408.49
-85095.82 nan -85095.82
-85490.42 nan -85490.42
-87012.66 nan -87012.66
0.00 -86980.23 -88045.21
-86191.31 nan -86191.31
-90758.91 nan -90758.91
0.00 -86288.53 -86976.42
0.00 -85949.77 -85977.05
-84344.30 nan -84344.30
0.00 -85423.28 -85166.96
-83579.46 nan -83579.46
-86131.90 nan -86131.90
-86720.25 nan -86720.25
0.00 -85430.61 -85477.20
-89451.49 nan -89451.49
-87012.21 nan -87012.21
-85471.37 nan -85471.37
-92386.03 nan -92386.03
0.00 -86971.09 -88289.87
-89508.18 nan -89508.18
0.00 -88013.12 -90061.36
-85324.84 nan -85324.84
-88549.49 nan -88549.49
-88927.77 nan -88927.77
-92590.63 nan -92590.63
0.00 -88079.81 -90022.63
-90593.12 nan -90593.12
-86824.71 nan -86824.71
-87976.35 nan -87976.35
0.00 -86454.28 -87252.61
-88150.48 nan -88150.48
-87304.12 nan -87304.12
-86629.05 nan -86629.05
-90381.04 nan -90381.04
-91076.16 nan -91076.16
0.00 -87036.90 -88110.82
-90491.30 nan -90491.30
-90315.60 nan -90315.60
0.00 -87986.72 -90223.74
-90463.00 nan -90463.00
0.00 -87916.67 -90183.70
0.00 -87965.67 -89785.16
-89829.01 nan -89829.01
-89187.23 nan -89187.23
0.00 -88038.88 -89743.72
-86486.59 nan -86486.59
0.00 -87977.57 -88665.12
-83529.40 nan -83529.40
-84034.28 nan -84034.28
-90212.30 nan -90212.30
-87055.23 nan -87055.23
0.00 -86418.65 -85623.10
0.00 -85746.41 -84392.96
-87472.39 nan -87472.39
-86890.11 nan -86890.11
-77190.46 nan -77190.46
-84986.71 nan -84986.71
-84717.60 nan -84717.60
-90051.44 nan -90051.44
-84450.13 nan -84450.13
-86272.89 nan -86272.89
-86258.43 nan -86258.43
-88764.27 nan -88764.27
-83341.27 nan -83341.27
0.00 -86826.05 -86674.94
-90805.85 nan -90805.85
0.00 -87859.14 -88466.69
-84081.26 nan -84081.26
0.00 -87834.00 -88773.99
0.00 -88818.42 -90338.23
-89254.96 nan -89254.96
-83419.30 nan -83419.30
0.00 -85692.56 -87670.83
-90735.64 nan -90735.64
-88123.62 nan -88123.62
-88688.44 nan -88688.44
-89713.82 nan -89713.82
0.00 -86331.63 -88841.96
-91771.78 nan -91771.78
-83821.90 nan -83821.90
-90952.22 nan -90952.22
-86786.84 nan -86786.84
0.00 -85838.52 -87872.15
-91781.52 nan -91781.52
-91987.45 nan -91987.45
-83909.65 nan -83909.65
-92566.19 nan -92566.19
0.00 -85565.99 -87510.50
-80378.53 nan -80378.53
-77190.46 nan -77190.46
-88551.78 nan -88551.78
-84280.88 nan -84280.88
0.00 -85200.95 -86362.62
-81880.45 nan -81880.45
-86993.64 nan -86993.64
-86514.63 nan -86514.63
-86540.06 nan -86540.06
-87048.90 nan -87048.90
0.00 -84723.63 -86701.20
-87313.90 nan -87313.90
-87196.77 nan -87196.77
-77190.46 nan -77190.46
-85955.82 nan -85955.82
-88102.15 nan -88102.15
-89078.99 nan -89078.99
-89321.60 nan -89321.60
-88868.33 nan -88868.33
-88887.32 nan -88887.32
0.00 -88011.67 -89025.75
-84323.75 nan -84323.75
-86432.72 nan -86432.72
-89817.83 nan -89817.83
-89669.61 nan -89669.61
-87315.96 nan -87315.96
0.00 -87085.58 -87180.52
-89031.77 nan -89031.77
-88495.38 nan -88495.38
-89494.93 nan -89494.93
-86761.68 nan -86761.68
-90014.20 nan -90014.20
0.00 -88139.41 -88756.94
-83442.23 nan -83442.23
-88320.86 nan -88320.86
-83861.96 nan -83861.96
-80060.99 nan -80060.99
-86734.65 nan -86734.65
-89398.96 nan -89398.96
-90064.11 nan -90064.11
-89985.39 nan -89985.39
-86600.24 nan -86600.24
-86068.53 nan -86068.53
-90368.24 nan -90368.24
-86000.33 nan -86000.33
-89251.86 nan -89251.86
-91651.12 nan -91651.12
-92032.14 nan -92032.14
-88516.36 nan -88516.36
-87607.67 nan -87607.67
0.00 -88760.22 -89385.39
-87944.85 nan -87944.85
-89283.32 nan -89283.32
-86150.77 nan -86150.77
-87449.40 nan -87449.40
-90161.35 nan -90161.35
-82133.07 nan -82133.07
-89682.21 nan -89682.21
0.00 -86757.45 -85403.53
-89172.69 nan -89172.69
-92535.68 nan -92535.68
-85966.01 nan -85966.01
-87788.63 nan -87788.63
-87310.38 nan -87310.38
-89161.64 nan -89161.64
0.00 -88293.03 -88529.52
-81319.26 nan -81319.26
-86591.09 nan -86591.09
-89281.44 nan -89281.44
-91508.61 nan -91508.61
0.00 -87379.70 -89127.05
0.00 -87355.27 -88309.64
-86919.08 nan -86919.08
0.00 -87057.16 -88108.18
-88065.61 nan -88065.61
-86512.28 nan -86512.28
-91462.15 nan -91462.15
0.00 -86586.64 -86963.18
0.00 -86490.29 -87113.48
-81012.38 nan -81012.38
0.00 -85609.16 -84915.15
-88772.57 nan -88772.57
-83838.40 nan -83838.40
-86639.58 nan -86639.58
-89029.17 nan -89029.17
0.00 -86897.02 -87559.61
-90935.30 nan -90935.30
0.00 -87669.36 -89478.43
0.00 -87949.72 -90118.03
-89850.96 nan -89850.96
0.00 -88037.23 -90013.81
0.00 -88053.50 -89979.07
-89386.64 nan -89386.64
-90301.43 nan -90301.43
-86362.65 nan -86362.65
-86244.61 nan -86244.61
-89403.77 nan -89403.77
-92509.66 nan -92509.66
-82270.79 nan -82270.79
-90442.05 nan -90442.05
-88302.40 nan -88302.40
-91289.60 nan -91289.60
-92031.65 nan -92031.65
-92135.81 nan -92135.81
-88789.79 nan -88789.79
-84682.99 nan -84682.99
0.00 -87328.68 -88536.20
-83929.97 nan -83929.97
-77190.46 nan -77190.46
-86786.67 nan -86786.67
-86038.27 nan -86038.27
-88188.45 nan -88188.45
-94894.38 nan -94894.38
0.00 -88055.02 -89707.03
-88379.11 nan -88379.11
-88924.52 nan -88924.52
-87792.73 nan -87792.73
-85014.46 nan -85014.46
0.00 -87307.88 -88349.83
0.00 -86541.11 -85897.85
-94006.84 nan -94006.84
-87360.26 nan -87360.26
-89021.31 nan -89021.31
-86673.04 nan -86673.04
0.00 -86882.53 -87684.87
-88238.37 nan -88238.37
-88620.98 nan -88620.98
-88881.78 nan -88881.78
0.00 -87521.77 -88635.64
-83070.73 nan -83070.73
0.00 -85822.58 -85716.06
-89309.05 nan -89309.05
-88466.96 nan -88466.96
-88733.21 nan -88733.21
-90079.91 nan -90079.91
-88189.18 nan -88189.18
-89071.01 nan -89071.01
-87399.53 nan -87399.53
-87954.73 nan -87954.73
-91838.98 nan -91838.98
-85715.54 nan -85715.54
-90988.29 nan -90988.29
-86094.49 nan -86094.49
-86407.76 nan -86407.76
-88574.23 nan -88574.23
-89511.85 nan -89511.85
-87318.56 nan -87318.56
0.00 -87371.49 -88468.22
-84405.12 nan -84405.12
-84752.88 nan -84752.88
0.00 -86335.94 -85875.40
-85601.95 nan -85601.95
-89487.95 nan -89487.95
-90610.05 nan -90610.05
-82127.59 nan -82127.59
-87242.19 nan -87242.19
-91171.91 nan -91171.91
-88741.07 nan -88741.07
0.00 -88814.84 -89654.90
-84318.82 nan -84318.82
-90408.41 nan -90408.41
0.00 -88076.25 -88193.85
-85779.74 nan -85779.74
0.00 -87726.45 -87783.48
0.00 -87755.75 -87725.17
-87094.48 nan -87094.48
-85699.04 nan -85699.04
-85964.62 nan -85964.62
-92148.91 nan -92148.91
-91356.10 nan -91356.10
-85270.16 nan -85270.16
-91133.88 nan -91133.88
-85264.18 nan -85264.18
-88905.94 nan -88905.94
-83135.48 nan -83135.48
0.00 -87406.27 -86830.76
-82902.22 nan -82902.22
-93260.97 nan -93260.97
-89123.32 nan -89123.32
