-64774.38 nan -64774.38
-73325.32 nan -73325.32
-69862.55 nan -69862.55
-71198.63 nan -71198.63
-71989.26 nan -71989.26
-69893.29 nan -69893.29
-72397.93 nan -72397.93
-69686.73 nan -69686.73
-72583.29 nan -72583.29
-71472.09 nan -71472.09
-73081.40 nan -73081.40
-68719.83 nan -68719.83
-73884.28 nan -73884.28
-72188.40 nan -72188.40
-69400.68 nan -69400.68
-73017.40 nan -73017.40
-70249.30 nan -70249.30
-69434.47 nan -69434.47
-65636.09 nan -65636.09
-74905.66 nan -74905.66
-72548.57 nan -72548.57
-72013.29 nan -72013.29
-73803.65 nan -73803.65
-73529.81 nan -73529.81
-69077.14 nan -69077.14
-72257.37 nan -72257.37
-69680.65 nan -69680.65
-73151.00 nan -73151.00
-71443.46 nan -71443.46
-71473.70 nan -71473.70
-65808.25 nan -65808.25
-73164.58 nan -73164.58
-73117.24 nan -73117.24
-68643.32 nan -68643.32
-70047.94 nan -70047.94
0.00 -70927.19 -70602.83
-67318.61 nan -67318.61
-69552.51 nan -69552.51
-71053.31 nan -71053.31
-72240.87 nan -72240.87
-73417.75 nan -73417.75
0.00 -72784.35 -74280.07
0.00 -72627.22 -74567.52
-74510.05 nan -74510.05
-74460.10 nan -74460.10
-70493.23 nan -70493.23
-74806.77 nan -74806.77
-69065.82 nan -69065.82
-69282.63 nan -69282.63
0.00 -71417.11 -71051.74
-71621.42 nan -71621.42
-70864.54 nan -70864.54
-73536.23 nan -73536.23
-70986.20 nan -70986.20
-70095.59 nan -70095.59
-75099.80 nan -75099.80
-71314.32 nan -71314.32
-71345.53 nan -71345.53
-70738.50 nan -70738.50
-71474.36 nan -71474.36
-70816.50 nan -70816.50
-70462.28 nan -70462.28
0.00 -71167.78 -70917.72
-74486.01 nan -74486.01
0.00 -71618.51 -71955.34
-68472.39 nan -68472.39
-71934.27 nan -71934.27
-74954.94 nan -74954.94
0.00 -71310.64 -71570.68
0.00 -70176.62 -70112.33
-70777.29 nan -70777.29
-73220.61 nan -73220.61
-71357.69 nan -71357.69
0.00 -71625.14 -71912.05
-74243.92 nan -74243.92
-73668.80 nan -73668.80
-68574.00 nan -68574.00
-73203.62 nan -73203.62
-68009.58 nan -68009.58
-74593.31 nan -74593.31
-70378.42 nan -70378.42
0.00 -70990.48 -71252.15
-73955.28 nan -73955.28
-68535.71 nan -68535.71
-71194.25 nan -71194.25
0.00 -69735.56 -68642.99
-68514.06 nan -68514.06
-71532.28 nan -71532.28
-73742.62 nan -73742.62
-73518.02 nan -73518.02
0.00 -71189.38 -72930.97
-72936.56 nan -72936.56
-71574.66 nan -71574.66
-74080.94 nan -74080.94
-71314.71 nan -71314.71
0.00 -71408.84 -72535.29
-69483.36 nan -69483.36
-69508.74 nan -69508.74
-70429.47 nan -70429.47
-67487.85 nan -67487.85
-67266.51 nan -67266.51
-70861.02 nan -70861.02
-70558.38 nan -70558.38
0.00 -70073.84 -70333.20
-70148.02 nan -70148.02
-72313.83 nan -72313.83
-67382.63 nan -67382.63
-74810.18 nan -74810.18
0.00 -70118.43 -71217.55
-71891.27 nan -71891.27
0.00 -70789.89 -72096.91
-70742.02 nan -70742.02
0.00 -70596.32 -72006.94
-69842.58 nan -69842.58
-69456.73 nan -69456.73
-67809.19 nan -67809.19
-76321.52 nan -76321.52
-70676.91 nan -70676.91
-67537.60 nan -67537.60
-73714.25 nan -73714.25
-70511.80 nan -70511.80
-73474.33 nan -73474.33
-72417.24 nan -72417.24
-73138.65 nan -73138.65
-72807.31 nan -72807.31
-67791.66 nan -67791.66
0.00 -71307.16 -71245.87
-72031.98 nan -72031.98
-73211.63 nan -73211.63
-72599.62 nan -72599.62
-71577.39 nan -71577.39
0.00 -71896.81 -72462.88
0.00 -71953.93 -72222.51
-72258.08 nan -72258.08
-76122.60 nan -76122.60
-71565.07 nan -71565.07
0.00 -71942.95 -73315.25
-67913.70 nan -67913.70
-71335.02 nan -71335.02
-67451.93 nan -67451.93
-71617.94 nan -71617.94
-69270.91 nan -69270.91
-71612.64 nan -71612.64
-71260.78 nan -71260.78
-72391.46 nan -72391.46
-74129.40 nan -74129.40
0.00 -71628.56 -72593.88
-74035.48 nan -74035.48
0.00 -72057.33 -73586.25
-74057.08 nan -74057.08
0.00 -72148.44 -73892.94
0.00 -71525.21 -72306.05
0.00 -71583.30 -71777.09
-70485.24 nan -70485.24
-72371.99 nan -72371.99
-70805.19 nan -70805.19
-70117.27 nan -70117.27
0.00 -70368.59 -70673.54
0.00 -70783.31 -71232.72
-70040.09 nan -70040.09
-73274.58 nan -73274.58
-72948.09 nan -72948.09
0.00 -70622.75 -71006.75
-72370.57 nan -72370.57
-71496.04 nan -71496.04
-74086.48 nan -74086.48
-70542.42 nan -70542.42
-72434.78 nan -72434.78
-69092.70 nan -69092.70
-71236.78 nan -71236.78
-69976.56 nan -69976.56
-68971.92 nan -68971.92
0.00 -70314.09 -69567.91
-71915.94 nan -71915.94
-67601.63 nan -67601.63
0.00 -70666.05 -70566.65
0.00 -70529.10 -70116.89
-74109.03 nan -74109.03
-74460.98 nan -74460.98
-73130.47 nan -73130.47
-74870.64 nan -74870.64
-67694.07 nan -67694.07
-75824.62 nan -75824.62
-68538.84 nan -68538.84
-74191.82 nan -74191.82
-72990.29 nan -72990.29
-67770.09 nan -67770.09
-72511.18 nan -72511.18
-70593.37 nan -70593.37
-74711.66 nan -74711.66
-73695.24 nan -73695.24
-72816.77 nan -72816.77
-72869.27 nan -72869.27
-72485.67 nan -72485.67
-71301.17 nan -71301.17
0.00 -71228.17 -72218.70
-73827.81 nan -73827.81
-73166.89 nan -73166.89
-73277.34 nan -73277.34
0.00 -70427.70 -73424.01
0.00 -70552.42 -72168.03
-73236.45 nan -73236.45
-73336.85 nan -73336.85
0.00 -69115.03 -71712.92
-69110.71 nan -69110.71
0.00 -69414.33 -70973.62
-74344.41 nan -74344.41
-71863.19 nan -71863.19
-74119.19 nan -74119.19
-71957.03 nan -71957.03
-74153.87 nan -74153.87
-68358.44 nan -68358.44
-70529.29 nan -70529.29
-68696.69 nan -68696.69
-72203.35 nan -72203.35
-72657.28 nan -72657.28
-69463.26 nan -69463.26
0.00 -68152.00 -68967.83
0.00 -70068.09 -71584.09
-73497.93 nan -73497.93
0.00 -71097.25 -73658.75
-73583.12 nan -73583.12
-71980.48 nan -71980.48
0.00 -72035.30 -72879.24
0.00 -72158.11 -73367.89
0.00 -72912.88 -73661.33
-71230.42 nan -71230.42
-68589.06 nan -68589.06
-74097.43 nan -74097.43
0.00 -71114.73 -71305.64
-70572.95 nan -70572.95
-69306.79 nan -69306.79
-68662.55 nan -68662.55
0.00 -71254.09 -71535.00
0.00 -71587.88 -72002.15
-69371.25 nan -69371.25
0.00 -71001.23 -70998.56
-67186.75 nan -67186.75
-70091.75 nan -70091.75
-72815.70 nan -72815.70
0.00 -71001.87 -71081.91
-70338.29 nan -70338.29
-72203.99 nan -72203.99
-73436.36 nan -73436.36
-75451.90 nan -75451.90
-71165.19 nan -71165.19
0.00 -71525.80 -73351.15
-69689.22 nan -69689.22
0.00 -70690.66 -71401.85
-72947.54 nan -72947.54
-72651.56 nan -72651.56
0.00 -71081.17 -72524.45
-74488.90 nan -74488.90
-68513.94 nan -68513.94
-71299.56 nan -71299.56
-72009.69 nan -72009.69
-75948.90 nan -75948.90
-71727.63 nan -71727.63
-73033.59 nan -73033.59
-72701.04 nan -72701.04
-70017.22 nan -70017.22
-70253.28 nan -70253.28
0.00 -70247.69 -69948.10
-70168.97 nan -70168.97
-69579.86 nan -69579.86
0.00 -70533.12 -70863.99
-72718.61 nan -72718.61
-70586.23 nan -70586.23
-71072.42 nan -71072.42
-71678.91 nan -71678.91
-69769.26 nan -69769.26
-73001.40 nan -73001.40
-67385.14 nan -67385.14
-70256.24 nan -70256.24
-70340.00 nan -70340.00
-74035.65 nan -74035.65
-72412.68 nan -72412.68
0.00 -71654.58 -72262.77
-72617.81 nan -72617.81
-71899.96 nan -71899.96
0.00 -71514.41 -72709.95
-71527.25 nan -71527.25
-70544.61 nan -70544.61
0.00 -70729.55 -71042.56
0.00 -71085.50 -71208.54
-70786.19 nan -70786.19
0.00 -70600.09 -71012.43
-70759.08 nan -70759.08
-72863.41 nan -72863.41
-73224.10 nan -73224.10
-72452.31 nan -72452.31
-66342.47 nan -66342.47
-67711.04 nan -67711.04
0.00 -68850.64 -67273.68
0.00 -69726.23 -68603.20
-67572.44 nan -67572.44
-70998.73 nan -70998.73
-68776.10 nan -68776.10
-72799.99 nan -72799.99
0.00 -70572.08 -70858.27
-72565.38 nan -72565.38
0.00 -71430.12 -72074.55
-72287.71 nan -72287.71
-72257.70 nan -72257.70
-71553.44 nan -71553.44
0.00 -71256.12 -71892.09
-72118.06 nan -72118.06
-69295.58 nan -69295.58
-71809.58 nan -71809.58
0.00 -70884.66 -70250.59
-72473.55 nan -72473.55
-73195.09 nan -73195.09
-72876.19 nan -72876.19
-70456.99 nan -70456.99
-73087.94 nan -73087.94
-72941.69 nan -72941.69
-68787.77 nan -68787.77
-73060.74 nan -73060.74
0.00 -71232.83 -71668.53
-71640.30 nan -71640.30
-70518.79 nan -70518.79
0.00 -70600.80 -70613.64
-74036.83 nan -74036.83
-74031.79 nan -74031.79
0.00 -72005.39 -72894.09
-67973.62 nan -67973.62
-71608.83 nan -71608.83
-75187.60 nan -75187.60
-71780.58 nan -71780.58
-72987.91 nan -72987.91
0.00 -72461.03 -73318.70
-72484.34 nan -72484.34
-74894.43 nan -74894.43
-70259.10 nan -70259.10
-73458.87 nan -73458.87
-72171.70 nan -72171.70
-68512.19 nan -68512.19
0.00 -71545.95 -71770.06
-69935.14 nan -69935.14
-66441.42 nan -66441.42
-70998.19 nan -70998.19
-69289.52 nan -69289.52
-68567.29 nan -68567.29
-73759.26 nan -73759.26
-69825.89 nan -69825.89
-72291.49 nan -72291.49
-70721.40 nan -70721.40
-71338.55 nan -71338.55
-65994.27 nan -65994.27
-71125.18 nan -71125.18
-68928.69 nan -68928.69
-72706.32 nan -72706.32
-69852.83 nan -69852.83
-71050.74 nan -71050.74
-72887.49 nan -72887.49
-74691.15 nan -74691.15
-71340.96 nan -71340.96
-72287.59 nan -72287.59
-69572.88 nan -69572.88
-67874.09 nan -67874.09
-74012.80 nan -74012.80
-69233.97 nan -69233.97
0.00 -69573.68 -70373.62
-71811.92 nan -71811.92
0.00 -69846.05 -70473.17
-76716.79 nan -76716.79
-69436.61 nan -69436.61
-69108.54 nan -69108.54
-67432.66 nan -67432.66
0.00 -68811.34 -69275.74
-70285.95 nan -70285.95
-73546.47 nan -73546.47
-71047.28 nan -71047.28
-68313.26 nan -68313.26
-70866.68 nan -70866.68
0.00 -69432.63 -70075.74
-71153.02 nan -71153.02
-70258.83 nan -70258.83
-72374.25 nan -72374.25
-73145.97 nan -73145.97
-76151.54 nan -76151.54
0.00 -70897.55 -73374.41
-70498.68 nan -70498.68
-72506.37 nan -72506.37
-72202.86 nan -72202.86
0.00 -71669.95 -71735.97
-68811.38 nan -68811.38
-71441.42 nan -71441.42
-69252.54 nan -69252.54
-73967.79 nan -73967.79
-72666.70 nan -72666.70
-69318.24 nan -69318.24
-74006.12 nan -74006.12
-70165.17 nan -70165.17
-66214.38 nan -66214.38
-73775.13 nan -73775.13
-70331.80 nan -70331.80
-68017.99 nan -68017.99
0.00 -70878.08 -70099.98
-74270.31 nan -74270.31
-71154.31 nan -71154.31
-73943.30 nan -73943.30
-70200.84 nan -70200.84
-72646.18 nan -72646.18
-72785.56 nan -72785.56
-72080.36 nan -72080.36
-68169.93 nan -68169.93
-69136.56 nan -69136.56
-68953.19 nan -68953.19
-71008.80 nan -71008.80
-70288.12 nan -70288.12
0.00 -70645.32 -70083.37
-73044.06 nan -73044.06
-74842.70 nan -74842.70
-73948.02 nan -73948.02
-73771.39 nan -73771.39
-73710.82 nan -73710.82
-74894.00 nan -74894.00
-69401.09 nan -69401.09
-73395.46 nan -73395.46
-70486.26 nan -70486.26
0.00 -71847.94 -71094.27
-68784.96 nan -68784.96
-73810.64 nan -73810.64
-68834.68 nan -68834.68
0.00 -71026.69 -69895.83
-73071.11 nan -73071.11
-66483.20 nan -66483.20
-72645.34 nan -72645.34
-69709.08 nan -69709.08
0.00 -72143.38 -71757.54
-74730.20 nan -74730.20
-72597.03 nan -72597.03
0.00 -72504.70 -72736.13
-71593.22 nan -71593.22
-75605.34 nan -75605.34
-74003.73 nan -74003.73
0.00 -73261.65 -74314.43
-67956.09 nan -67956.09
0.00 -72122.73 -71868.24
-75163.17 nan -75163.17
-73224.05 nan -73224.05
-69332.32 nan -69332.32
-72564.47 nan -72564.47
-69452.78 nan -69452.78
-70750.33 nan -70750.33
-71572.11 nan -71572.11
-69468.13 nan -69468.13
0.00 -70660.44 -70545.70
-70205.55 nan -70205.55
-73696.17 nan -73696.17
-71309.01 nan -71309.01
-69288.82 nan -69288.82
-74947.69 nan -74947.69
-72710.49 nan -72710.49
-72874.09 nan -72874.09
-69877.08 nan -69877.08
-71482.41 nan -71482.41
0.00 -70867.92 -71411.19
-73477.86 nan -73477.86
-69761.94 nan -69761.94
-70420.83 nan -70420.83
-67594.16 nan -67594.16
0.00 -69889.43 -69136.73
-67162.42 nan -67162.42
-73764.63 nan -73764.63
-72968.29 nan -72968.29
-70708.55 nan -70708.55
0.00 -71490.44 -72480.49
-73399.70 nan -73399.70
-71105.23 nan -71105.23
-65964.03 nan -65964.03
0.00 -70313.70 -70156.32
-69334.27 nan -69334.27
-71468.50 nan -71468.50
-73431.42 nan -73431.42
-69168.84 nan -69168.84
-68927.04 nan -68927.04
-70702.27 nan -70702.27
-75093.00 nan -75093.00
-72572.43 nan -72572.43
-73145.27 nan -73145.27
-77198.13 nan -77198.13
-73245.24 nan -73245.24
-73669.85 nan -73669.85
-73051.55 nan -73051.55
-68327.97 nan -68327.97
-72037.85 nan -72037.85
-72911.72 nan -72911.72
-69130.25 nan -69130.25
-71062.18 nan -71062.18
-71472.52 nan -71472.52
0.00 -71605.70 -72831.94
-71928.19 nan -71928.19
-70266.59 nan -70266.59
0.00 -71230.88 -71675.57
-72436.53 nan -72436.53
-70802.48 nan -70802.48
-72465.05 nan -72465.05
-71830.27 nan -71830.27
-72271.91 nan -72271.91
-73051.72 nan -73051.72
0.00 -71657.97 -72384.63
-70185.89 nan -70185.89
-70502.22 nan -70502.22
-67989.28 nan -67989.28
-72386.13 nan -72386.13
-73449.77 nan -73449.77
-72120.90 nan -72120.90
-70738.22 nan -70738.22
-71054.04 nan -71054.04
-72186.85 nan -72186.85
-72379.67 nan -72379.67
-73127.34 nan -73127.34
-72522.84 nan -72522.84
-74239.78 nan -74239.78
0.00 -71958.12 -73296.65
-71748.42 nan -71748.42
-69514.23 nan -69514.23
-68841.17 nan -68841.17
-70087.83 nan -70087.83
-74825.51 nan -74825.51
-67194.92 nan -67194.92
-71511.39 nan -71511.39
-69260.72 nan -69260.72
-72624.12 nan -72624.12
-70846.43 nan -70846.43
-73603.43 nan -73603.43
-69922.94 nan -69922.94
-70008.90 nan -70008.90
0.00 -71583.44 -71178.42
-72032.47 nan -72032.47
-68935.11 nan -68935.11
-72344.66 nan -72344.66
0.00 -71040.39 -70467.03
-73703.98 nan -73703.98
-74232.22 nan -74232.22
-73635.60 nan -73635.60
-68795.55 nan -68795.55
-69810.01 nan -69810.01
-73204.70 nan -73204.70
-72120.03 nan -72120.03
-69973.55 nan -69973.55
-70403.07 nan -70403.07
-67752.41 nan -67752.41
-73232.59 nan -73232.59
-70465.97 nan -70465.97
-71620.00 nan -71620.00
-66820.53 nan -66820.53
-68862.93 nan -68862.93
-69211.92 nan -69211.92
-70759.24 nan -70759.24
-69162.21 nan -69162.21
-70726.22 nan -70726.22
-69027.81 nan -69027.81
-73284.41 nan -73284.41
-71882.06 nan -71882.06
-73411.41 nan -73411.41
0.00 -72165.20 -72859.29
-72015.09 nan -72015.09
