-120913.96
-125780.46
-123797.24
-126024.85
-128004.09
-124063.32
-121810.43
-129116.09
-121980.09
-122043.99
-121367.42
-119428.22
-121908.84
-122403.79
-120033.43
-125962.43
-114677.93
-116357.33
-114159.36
-118138.05
-117098.72
-120721.14
-119528.58
-116493.07
-120495.00
-120748.79
-119943.26
-123493.00
-122192.66
-120669.10
-122902.68
-115756.59
-116523.38
-117600.30
-116780.96
-117956.68
-120491.97
-120788.43
-117587.04
-118860.48
-119543.53
-114754.26
-117270.52
-115146.19
-119293.95
-115083.42
-125438.35
-124101.81
-120546.31
-114159.36
-115904.11
-122963.46
-115053.77
-132429.45
-125169.64
-112393.23
-109969.06
-122909.04
-110947.82
-112326.61
-118826.20
-109969.06
-122057.57
-116037.97
-122243.78
-116085.96
-112601.70
-116529.02
-117367.23
-114484.51
-109969.06
-121888.74
-120119.22
-128285.04
-121000.89
-120916.26
-108099.41
-119768.33
-117475.42
-112236.94
-121932.27
-115851.52
-108099.41
-116598.85
-116884.37
-130853.55
-122635.70
-121854.19
-116500.06
-116690.02
-117368.53
-116635.75
-116587.98
-121990.45
-117714.83
-113166.87
-120469.23
-123516.20
-116252.52
-120787.75
-122047.26
-121036.80
-122940.26
-126923.22
-121583.51
-116285.29
-110202.07
-111788.42
-116445.03
-113204.18
-118911.11
-118061.10
-120227.16
-116852.69
-118390.37
-108099.41
-108099.41
-114821.86
-117302.38
-115191.41
-118065.62
-113728.75
-120673.67
-120544.88
-135297.09
-108480.70
-117986.98
-115736.04
-118704.30
-119667.70
-111206.77
-122558.16
-130262.36
-117410.80
-108099.41
-120591.05
-116168.67
-125024.88
-116141.66
-122794.85
-124210.45
-117792.17
-107678.67
-115227.35
-107678.67
-121217.54
-107678.67
-111832.10
-122521.39
-116327.08
-115778.37
-117241.49
-113418.83
-116235.86
-113177.47
-115589.73
-117537.98
-119281.52
-120099.51
-118250.25
-119245.22
-115270.11
-114858.57
-121810.99
-119108.06
-117467.66
-117160.18
-117263.08
-115913.26
-120528.64
-115981.09
-121989.02
-118781.37
-110899.68
-118515.89
-111490.98
-116300.76
-108544.30
-112997.95
-118971.20
-115718.16
-113544.95
-118646.16
-117993.97
-116950.51
-117922.03
-113380.59
-120544.54
-117624.91
-121695.84
-115085.58
-129293.67
-113894.70
-122006.79
-120301.98
-119936.77
-120681.41
-109419.31
-116373.88
-121590.11
-114891.88
-119522.08
-117181.24
-117256.22
-118786.13
-117365.37
-114968.22
-109384.30
-118920.35
-120560.11
-115803.93
-121812.49
-111350.34
-117478.18
-116319.34
-118890.07
-116285.39
-119212.90
-110788.79
-113080.99
-125899.91
-119345.35
-120362.96
-118674.22
-114305.02
-115094.68
-117669.17
-117944.01
-114638.80
-119929.31
-117144.40
-116931.09
-117612.27
-121951.55
-121497.86
-122757.19
-107678.67
-124802.62
-115254.73
-114829.97
-118698.78
-122767.21
-121381.39
-114645.02
-114237.78
-118679.82
-113779.67
-107984.81
-114580.75
-117910.25
-107678.67
-118296.43
-117499.15
-107678.67
-110103.89
-121105.32
-121070.16
-118520.65
-114577.42
-122095.50
-117359.88
-114155.66
-120107.70
-118115.88
-104678.08
-115790.68
-132206.64
-121160.71
-104678.08
-118959.81
-116984.64
-118914.08
-120143.81
-118720.40
-116328.70
-104678.08
-120860.36
-104678.08
-117099.92
-104678.08
-115833.12
-122608.62
-117666.50
-122479.16
-113861.97
-112249.09
-119666.38
-104678.08
-120091.80
-119418.78
-116006.53
-116887.89
-119449.77
-115775.18
-116719.60
-104678.08
-116743.34
-112720.08
-120263.74
-118726.90
-118624.04
-121542.34
-120809.78
-111961.18
-104678.08
-118742.52
-117509.05
-123998.91
-114568.76
-104678.08
-104678.08
-117801.05
-120030.82
-122128.17
-114551.47
-118209.15
-123562.25
-104678.08
-122225.13
-122634.38
-119560.94
-115972.53
-124049.62
-116482.94
-121144.56
-121305.43
-114583.00
-104678.08
-121142.63
-122086.74
-119518.55
-116979.72
-122866.47
-113945.18
-119935.56
-113989.40
-112609.04
-122184.80
-110186.10
-116032.33
-120725.96
-125569.80
-109060.89
-109843.29
-117023.07
-117614.06
-113522.42
-124940.46
-104678.08
-117266.24
-116449.86
-122415.21
-118784.03
-114036.90
-114142.36
-114424.92
-120812.19
-120026.78
-104678.08
-117403.72
-119447.20
-118840.70
-114549.54
-115078.87
-114472.35
-117196.29
-113681.67
-116345.38
-114365.55
-119728.45
-116448.67
-122547.40
-116460.10
-108092.73
-104678.08
-120264.09
-116977.59
-120284.00
-110491.85
-120145.41
-121622.12
-121160.80
-114721.75
-117628.20
-118132.36
-122563.06
-112061.97
-117223.69
-113836.00
-121038.40
-117565.47
-111738.98
-114888.16
-116988.06
-117047.42
-121794.93
-104678.08
-120138.49
-119453.81
-122915.23
-119865.15
-118928.75
-120900.33
-120869.06
-119716.55
-112301.42
-104678.08
-115646.36
-119694.40
-117350.23
-122366.45
-117037.21
-118856.23
-110590.63
-123655.69
-121185.39
-114128.47
-121908.09
-120917.89
-118158.35
-114373.47
-110726.93
-118759.87
-122787.49
-116966.95
-121967.67
-125681.55
-115671.35
-121712.95
-118878.02
-118905.68
-116076.86
-112443.23
-117047.89
-118703.95
-118168.74
-119432.57
-116174.58
-116642.40
-120423.48
-117569.61
-104678.08
-116768.19
-124122.91
-115265.68
-121619.95
-119671.41
-111453.56
-120120.68
-120715.47
-115322.84
-121202.91
-120370.54
-118140.34
-118923.53
-114511.32
-116323.58
-113629.66
-116207.96
-114479.68
-125287.16
-122529.67
-116152.52
-118558.77
-119249.63
-121282.89
-112981.95
-114065.95
-120065.47
-121582.36
-123475.83
-104678.08
-121403.31
-113718.86
-115928.65
-122880.30
-112930.93
-113116.00
-119167.94
-119780.11
-117744.88
-125154.39
-115409.07
-111963.21
-118018.38
-106930.79
-123389.91
-120056.81
-120387.12
-118473.40
-121036.97
-123463.81
-119459.95
-120902.22
-117028.53
-116383.12
-118850.01
-124812.49
-118594.87
-117411.49
-110712.34
-104678.08
-121892.42
-113576.40
-104678.08
-121408.36
-121562.97
-110502.47
-118802.83
-115546.73
-104400.64
-122849.99
-120203.13
-120474.47
-120330.78
-117173.61
-115000.72
-122269.34
-117374.56
-121022.29
-121607.30
-112558.58
-120231.02
-116466.73
-120295.28
-120146.09
-120792.64
-116698.33
-115310.82
-113925.38
-120210.52
-118545.24
-121623.15
-117872.08
-116285.76
-121018.75
-118272.45
-111202.77
-118605.39
-119622.30
-118256.57
-119652.93
-119449.64
-122124.25
-117970.61
-121312.96
-111681.57
-111554.38
-118425.60
-110643.69
-118733.19
-117477.86
-116709.96
-114188.58
-117318.35
-117603.10
-119114.80
-120069.34
-113153.13
-104400.64
-113628.36
-121485.79
-119194.64
-112352.28
-114680.30
-116486.76
-118676.15
-121829.94
-115971.06
-117305.77
-115843.81
-105384.90
-122758.47
-116633.29
-121218.22
-119076.69
-116026.01
-112121.98
-113741.81
-112314.16
-110673.56
-120751.07
-120419.64
-118487.29
-121061.80
-120933.60
-118517.62
-117109.77
-118775.82
-121915.64
-116729.21
-121560.26
-117180.32
-119898.64
-120385.16
-111621.90
-116015.29
-117659.37
-123750.55
-121825.44
-116269.38
-113193.58
-113888.25
-118677.79
-116765.02
-113456.39
-121976.32
-112985.68
-119047.45
-120366.27
-118697.28
-117520.34
-119923.25
-118343.56
-119967.49
-115309.41
-112586.36
-120011.85
-122396.77
-113777.40
-118794.38
-114301.59
-124564.08
-114532.53
