-92647.34
-89610.03
-89865.96
-92674.07
-87509.08
-90487.88
-86207.44
-91193.13
-83623.12
-87736.99
-87963.78
-81195.96
-84854.68
-89872.91
-90043.36
-87438.96
-87582.09
-89480.18
-87206.24
-85345.82
-85887.59
-90566.37
-85698.63
-86836.32
-93126.92
-88263.04
-87144.41
-87368.69
-87041.85
-89471.25
-91944.83
-84891.56
-88276.99
-82526.12
-85795.74
-84045.76
-83847.30
-87369.74
-88577.86
-84440.85
-86693.31
-92636.12
-89873.36
-93961.57
-88961.94
-84599.04
-89164.43
-91059.95
-86457.03
-84835.13
-87312.62
-83245.89
-83661.00
-88854.14
-91110.97
-89352.40
-91986.56
-88801.34
-87906.85
-82019.04
-88893.15
-89727.08
-91656.00
-91456.62
-86646.87
-92219.89
-87912.59
-85788.44
-87650.79
-86727.46
-88625.13
-88458.61
-86794.66
-89379.33
-81195.96
-91909.42
-92883.57
-87451.88
-78688.05
-89222.80
-87731.43
-89284.86
-90038.51
-84194.66
-88795.31
-88558.39
-85572.31
-89028.36
-90237.74
-86234.86
-85339.97
-91257.31
-85875.64
-91293.61
-85252.47
-89178.56
-84099.48
-86785.21
-83622.64
-87539.18
-83511.23
-87942.38
-86332.52
-85721.16
-88491.19
-89436.12
-85421.60
-87198.04
-84341.81
-85015.97
-90581.52
-83200.93
-86043.98
-82989.18
-87392.89
-90500.49
-85152.07
-89701.33
-86009.72
-92210.71
-83977.18
-88046.11
-90620.70
-89839.68
-79471.20
-87727.29
-86325.76
-85974.23
-87609.17
-82220.88
-85577.28
-88025.51
-88069.46
-86555.94
-88979.79
-84409.68
-87735.77
-93388.42
-82902.17
-86687.09
-91652.53
-87593.60
-83231.84
-90072.40
-88513.96
-84128.66
-86862.88
-88421.48
-83183.14
-90074.77
-90766.58
-82813.10
-83225.43
-98420.18
-90074.47
-84550.13
-90973.36
-88286.35
-85966.84
-92514.76
-87840.20
-80307.83
-87737.74
-87331.59
-87432.12
-85271.32
-88093.32
-81343.47
-89439.53
-85771.46
-90146.56
-88098.82
-88645.89
-86786.00
-89668.21
-89310.94
-85240.05
-89222.12
-87302.23
-87680.41
-90179.29
-88469.62
-84427.99
-81993.00
-87868.61
-90443.35
-88745.99
-87854.98
-84169.73
-85448.88
-86284.89
-89873.12
-87359.21
-89661.73
-82256.25
-88607.31
-85552.30
-99373.55
-86652.75
-90727.19
-89082.65
-89555.57
-85389.44
-83888.96
-84583.14
-89343.66
-88078.62
-87353.32
-85073.63
-91156.36
-89009.22
-85247.21
-92636.46
-87048.74
-86781.59
-90308.75
-89891.71
-87343.28
-89607.49
-87128.40
-84717.94
-80004.28
-86513.93
-89873.60
-80148.11
-89236.44
-85853.61
-87592.95
-77758.79
-87825.34
-83470.20
-88971.08
-86414.68
-82893.78
-84707.61
-85895.00
-89221.14
-82794.24
-85326.68
-84348.78
-90629.12
-88736.75
-83240.54
-89753.52
-90110.75
-89283.12
-87592.78
-90260.08
-88391.61
-89815.13
-84694.56
-88034.26
-89668.65
-86566.57
-82991.28
-85354.28
-86319.59
-84277.10
-85180.07
-85120.05
-87342.66
-84956.85
-87987.60
-84513.78
-85089.23
-78612.74
-85061.32
-85624.97
-86435.83
-91246.23
-89005.78
-82994.33
-85290.04
-88223.04
-87107.41
-84580.96
-92665.43
-87814.26
-89767.66
-88999.01
-85139.39
-87340.02
-78567.89
-87800.52
-87636.92
-81728.57
-84511.40
-83952.37
-88024.98
-87232.62
-85124.01
-86618.35
-90844.20
-92152.92
-88086.26
-89142.59
-82656.51
-89436.42
-86121.22
-90890.40
-87277.93
-90707.63
-87474.96
-85578.54
-88614.05
-86932.95
-83634.87
-85609.88
-82411.49
-83543.93
-89502.70
-90195.13
-86027.49
-89792.35
-81807.04
-86336.87
-84841.49
-83516.17
-85019.38
-82166.60
-78853.50
-84115.60
-86285.99
-86261.71
-86303.76
-83555.98
-89035.30
-87577.61
-87935.12
-85682.06
-81758.72
-85912.80
-86559.84
-88509.33
-91098.92
-91066.40
-89095.62
-89080.94
-88801.80
-87475.27
-87268.79
-91464.53
-80097.42
-84221.95
-86978.66
-89982.04
-92854.52
-88914.00
-85320.87
-89552.30
-80133.03
-92281.44
-88318.33
-83006.52
-84422.11
-80618.40
-88453.62
-89578.01
-85018.21
-88275.46
-90589.42
-83750.89
-88740.91
-85771.82
-88629.66
-81220.53
-83761.75
-87669.45
-87065.16
-92436.73
-87938.87
-93766.67
-86961.56
-84218.02
-84394.13
-86859.92
-82947.58
-89593.31
-87918.60
-88959.47
-90931.60
-87101.19
-87285.21
-84294.71
-86034.13
-85516.45
-90327.67
-87950.43
-87459.99
-86861.78
-88790.99
-79274.12
-87704.75
-87205.53
-86731.83
-87124.74
-82751.07
-90153.78
-86725.19
-92355.42
-89032.69
-77758.79
-88943.90
-88750.95
-91507.62
-83744.03
-88108.31
-90231.15
-86722.62
-77669.05
-89170.80
-87419.44
-91513.34
-91903.78
-89561.48
-89981.28
-87061.64
-92326.84
-83031.75
-84259.58
-87399.14
-88019.46
-89027.53
-89982.58
-87701.31
-81408.67
-92986.00
-87071.12
-85035.08
-87137.70
-86981.53
-88945.01
-88328.49
-82886.60
-86471.56
-83029.50
-85447.43
-90190.97
-88916.87
-87708.14
-83966.36
-89556.42
-87339.39
-88987.15
-89431.47
-90025.36
-86112.01
-89170.78
-86655.52
-87764.01
-89975.44
-91369.97
-89650.96
-89109.38
-92929.02
-84198.57
-79924.57
-86872.35
-91279.74
-91191.19
-89851.41
-83306.69
-85105.70
-88376.41
-89726.51
-91420.06
-89655.33
-91269.64
-86269.87
-86588.68
-83283.16
-85271.13
-80962.69
-83983.59
-90222.87
-87999.44
-90066.85
-86250.41
-87695.46
-90688.04
-84054.34
-87486.57
-88514.10
-89485.80
-89369.72
-85331.51
-88095.59
-86171.41
-92486.91
-87426.15
-80298.65
-83063.23
-89826.37
-89528.63
-82607.12
-88164.71
-89962.04
-88626.37
-88422.90
-85347.23
-86652.14
-82785.86
-87977.13
-86519.24
-82329.91
-85454.12
-87193.70
-88267.96
-88231.35
-86183.73
-84512.39
-86429.06
-91673.53
-84732.45
-84410.92
-89191.68
-85315.86
-93574.38
-85343.89
-81908.35
-85825.02
-86246.25
-84717.62
-90707.25
-88859.51
-81578.88
-88521.20
-86898.32
-84548.26
-81959.66
-91774.17
-82996.35
-90176.03
-86808.16
-86854.31
-83965.95
-87712.22
-86493.08
-88986.93
-90904.09
-88278.73
-84072.53
-81721.32
-90970.08
-84860.37
-88165.09
-85138.11
-83703.10
-90184.22
-86711.56
-90176.15
-90914.94
-85073.58
-88098.60
-88449.73
-88238.97
-84586.20
-80355.41
-85776.63
-87304.99
-89435.97
-89949.95
-84192.47
-83388.50
-90334.25
-87350.42
-87612.43
-90110.13
-89166.87
-89341.48
-92363.02
-85757.88
-83974.72
-90145.87
-85248.15
-88869.15
-86659.55
-80000.99
-89548.91
-85480.55
-83793.40
-89727.80
-84243.44
-77794.50
-85233.69
-84346.26
-83725.01
-82446.42
-84666.03
-83887.49
-84646.96
-87015.19
-83417.07
-86305.80
-90651.29
-88414.96
-86553.25
-91364.07
-86512.66
-88211.87
-87561.76
-88796.16
-84897.89
-89975.26
-83504.91
-86376.30
-88494.62
-86361.09
-89916.79
-89846.31
-86572.95
-84023.89
-89490.87
-88152.59
-87442.60
-90342.20
-88269.53
-86385.55
-86921.44
-89797.99
-85129.23
-89321.75
-85089.69
