-66857.07
-67951.45
-68506.95
-67275.04
-67591.41
-66158.18
-68633.20
-69698.77
-67440.75
-65866.90
-66987.82
-64420.84
-67169.79
-65059.17
-67686.45
-64409.08
-66292.87
-67413.31
-65642.35
-65572.40
-66542.26
-66144.75
-65194.26
-66522.64
-66842.83
-67024.50
-65254.29
-62508.36
-65260.24
-65954.04
-65611.42
-64574.71
-66865.30
-65196.63
-65645.71
-66662.61
-63735.37
-66733.88
-64659.00
-61820.28
-62230.47
-67999.03
-66462.67
-66092.71
-64293.97
-65079.55
-64868.80
-62844.44
-67137.55
-67369.92
-64347.62
-64213.40
-66332.38
-67497.55
-67842.02
-65090.65
-65432.25
-62163.29
-64714.79
-63625.68
-63809.87
-72746.65
-64560.46
-65872.27
-66347.09
-64857.46
-66012.20
-67672.93
-64351.42
-64854.92
-65884.35
-66016.93
-66523.05
-58668.14
-67332.13
-67159.71
-64919.64
-59685.45
-65740.07
-60821.14
-65549.71
-64978.84
-68016.37
-63737.63
-66620.96
-66862.88
-64232.97
-61037.27
-67792.70
-63890.05
-62053.94
-64217.10
-67141.28
-61802.08
-66951.27
-60708.54
-64336.38
-66651.99
-61668.13
-64131.67
-62055.23
-67175.06
-66609.62
-65753.11
-65726.65
-65080.74
-64240.23
-67047.70
-65369.84
-65966.54
-65607.22
-66813.67
-64938.63
-66990.37
-66230.04
-65159.48
-70770.32
-72322.56
-66372.52
-64838.51
-66158.55
-67493.26
-65828.05
-68775.07
-62626.28
-64780.71
-66226.21
-66341.24
-64710.55
-64976.96
-65936.33
-66890.06
-62553.96
-67626.57
-65118.87
-66039.06
-67441.64
-67521.45
-66137.43
-65615.35
-65147.34
-64692.99
-65529.05
-62152.82
-64084.83
-76788.42
-67376.48
-65645.76
-60169.03
-68011.51
-66587.55
-70656.52
-64716.61
-64916.62
-62144.29
-67174.68
-65302.06
-66938.48
-64998.93
-66279.33
-64486.88
-65003.19
-65855.04
-62084.98
-68033.51
-66291.65
-64526.11
-65805.81
-65946.32
-68071.74
-65627.31
-66014.18
-70852.09
-65328.77
-66980.66
-64482.90
-61297.22
-65050.04
-65258.13
-63519.17
-65223.78
-63429.68
-62958.25
-62395.01
-64823.68
-66659.55
-64878.71
-65200.74
-64277.69
-64077.91
-58505.27
-66027.63
-66046.57
-62350.93
-67107.99
-64981.64
-68937.93
-61115.12
-66605.23
-64602.47
-68858.14
-63507.98
-66723.44
-67160.96
-67341.42
-65114.57
-63554.10
-64662.15
-63673.94
-64861.46
-66999.41
-65190.59
-65001.52
-62931.64
-66612.87
-64731.00
-64746.57
-61498.00
-65570.76
-66448.83
-65487.90
-64818.27
-61679.14
-61546.91
-65770.50
-62171.20
-64013.61
-61714.45
-67311.17
-61832.40
-67166.98
-66415.31
-64758.95
-64728.83
-67426.73
-65163.13
-59740.17
-64274.38
-64425.17
-67627.07
-68403.69
-63426.57
-62180.75
-58630.62
-66578.29
-62894.09
-64023.33
-63612.34
-66824.99
-63092.87
-63061.19
-61451.38
-65636.98
-64218.51
-67984.97
-62249.34
-66891.87
-61982.02
-65841.90
-67740.29
-63649.38
-66391.94
-63448.83
-64370.66
-61698.40
-63336.51
-67361.61
-64247.51
-64917.38
-64526.99
-67896.76
-65610.43
-60850.83
-66700.37
-61237.55
-63939.65
-61809.88
-62470.35
-62597.83
-63095.48
-65610.81
-62092.20
-67198.85
-66013.59
-63087.58
-65395.72
-64631.94
-58643.37
-67059.93
-62943.73
-63197.52
-67088.89
-62199.02
-63285.23
-65105.26
-66058.98
-66885.69
-66126.12
-65603.24
-63594.36
-65859.17
-64255.19
-66176.04
-64459.05
-61794.68
-63944.85
-67259.27
-68037.90
-63741.29
-63747.13
-67907.31
-65352.14
-66938.53
-67749.57
-63362.66
-63955.86
-64311.56
-66429.23
-62671.51
-63883.08
-66816.25
-61351.36
-60640.86
-63962.26
-65893.44
-63710.71
-64483.06
-65688.50
-64480.16
-64513.34
-69471.30
-67322.63
-66452.17
-61525.29
-64991.57
-61239.28
-63109.05
-64798.65
-65781.55
-61510.67
-67024.67
-65331.99
-64935.04
-59800.78
-66314.32
-62572.82
-62985.24
-63041.88
-65341.71
-65015.79
-65906.42
-67001.40
-67258.32
-62130.63
-69118.74
-65519.11
-67510.58
-62421.51
-66152.77
-60283.30
-66373.93
-66061.34
-67547.68
-65352.14
-65708.02
-63426.67
-64806.69
-61646.09
-63833.29
-69673.55
-62302.97
-63105.97
-67929.48
-64421.07
-68505.81
-63661.99
-65095.31
-65847.22
-66783.59
-64382.62
-65375.37
-65869.25
-66589.81
-66619.56
-63584.15
-62870.29
-65152.78
-66471.80
-59508.87
-63004.90
-62385.44
-65639.79
-67584.85
-65731.83
-64694.19
-67850.35
-62528.99
-67111.71
-65207.83
-64495.85
-68152.42
-63791.74
-65454.25
-65023.51
-64901.93
-61526.88
-66780.57
-64101.09
-68559.21
-69476.26
-59410.88
-64637.18
-67324.55
-63932.37
-64518.91
-67093.37
-66641.56
-63281.81
-66856.22
-59982.02
-64679.86
-65730.52
-65701.52
-66910.42
-66099.84
-67053.38
-65568.97
-64483.15
-64648.43
-66605.57
-63319.56
-65712.94
-64308.27
-63547.70
-68856.51
-63876.43
-64403.62
-62378.38
-66116.04
-65971.52
-65131.54
-63056.28
-63581.66
-63746.41
-62000.26
-65827.64
-64180.37
-69122.58
-64096.37
-68570.36
-65980.49
-62850.98
-63380.22
-64986.83
-63320.80
-62932.40
-69279.01
-63449.29
-65582.78
-65343.20
-65060.68
-67963.77
-66097.79
-66612.98
-64050.67
-61682.66
-68315.78
-67934.03
-65575.20
-66495.79
-62457.53
-62641.36
-65177.12
-62095.24
-65331.42
-66029.50
-60683.33
-64226.05
-64493.54
-65731.54
-65792.51
-63671.35
-67924.69
-64526.16
-66837.07
-66371.62
-66907.15
-63907.21
-69267.32
-64356.23
-65795.01
-65470.26
-59578.57
-65133.28
-61421.94
-69492.77
-64168.56
-66880.72
-64435.61
-66428.64
-65263.42
-64365.97
-65633.81
-67575.64
-67912.18
-63839.57
-66416.17
-67244.43
-64887.82
-62218.16
-63404.61
-65551.53
-65784.81
-62110.27
-66396.02
-63597.54
-64691.23
-65480.95
-67884.93
-58062.41
-61661.30
-66967.24
-63894.85
-62007.68
-67081.13
-63340.79
-59053.25
-65187.03
-66744.54
-64328.83
-60103.13
-67147.26
-60450.91
-62697.09
-63915.54
-65351.72
-63962.65
-65099.59
-65380.59
-67107.33
-66827.48
-63168.77
-65106.01
-62877.38
-67509.27
-67588.26
-60197.90
-66001.49
-67460.81
-58062.41
-66249.06
-66797.88
-63646.95
-58039.30
-65680.85
-62448.53
-61868.94
-63057.78
-61070.60
-65888.32
-65521.99
-61239.18
-67561.75
-66303.36
-65692.76
-62646.82
-62079.53
-65158.34
-65477.84
-65721.61
-64085.38
-66653.15
-63361.54
-65658.54
-67148.26
-60424.85
-63591.09
-65090.56
-65919.40
-68178.56
-64354.56
-65568.92
-62551.49
-62752.31
-60684.42
-66750.77
-65379.34
-65946.36
-62925.86
-62156.27
-65074.12
-68747.35
-64757.85
-63153.24
-71714.92
-63535.16
-67019.89
-65241.69
-65120.12
-64297.93
-65210.00
-62004.16
-65497.46
-65180.59
-67520.73
-63245.96
-59789.09
-69634.15
-62845.13
-63972.45
-67883.10
-65646.85
-67423.62
-65144.56
-65404.20
-65598.27
-66531.34
-64898.33
-65358.91
-63812.13
-64889.95
-63818.07
-64178.45
