-60593.40
-60713.53
-61990.41
-63843.18
-62482.28
-63480.62
-60956.99
-62759.29
-63883.65
-60702.81
-62283.26
-62986.44
-61490.05
-62212.75
-62149.18
-59970.04
-60932.97
-61308.24
-61058.87
-59323.66
-59318.65
-60243.90
-58072.56
-59889.14
-58262.49
-57927.20
-59305.26
-59186.95
-60509.86
-61838.62
-58775.31
-61017.00
-58855.26
-59757.15
-58515.80
-58047.98
-60066.65
-58316.20
-59427.74
-56701.13
-60944.06
-59855.88
-59660.07
-63641.21
-60699.09
-58242.74
-56854.48
-58114.12
-54542.50
-58024.07
-58430.48
-61016.86
-58307.14
-59857.48
-61241.52
-58025.17
-59145.73
-54291.56
-61652.02
-56837.35
-56277.54
-54459.32
-54291.56
-58082.30
-57127.53
-56524.37
-60167.61
-61580.82
-58340.63
-51923.37
-62066.77
-60153.00
-58820.12
-58430.60
-60720.02
-62772.12
-60182.66
-57602.59
-55495.85
-60305.82
-56951.73
-61327.16
-60005.63
-59449.65
-60466.60
-59164.14
-59464.12
-59115.96
-61622.59
-62103.71
-62166.00
-57029.81
-57892.73
-51923.37
-57983.32
-60857.74
-59476.44
-61010.70
-63673.20
-51923.37
-59096.74
-58710.57
-58603.86
-61734.45
-51923.37
-58866.47
-55638.85
-61293.05
-60003.75
-57717.00
-61811.27
-58552.91
-58945.51
-56884.05
-57843.56
-51923.37
-56441.12
-57980.53
-57115.45
-58347.63
-51923.37
-57126.67
-54661.07
-60666.17
-62144.27
-55884.09
-59896.95
-56309.93
-62400.90
-58139.90
-59588.72
-57932.73
-55568.70
-60714.18
-61130.36
-59269.95
-59990.19
-54229.95
-59297.96
-60658.83
-58229.06
-51923.37
-58725.32
-58068.38
-59263.85
-64456.29
-51923.37
-61174.43
-58984.43
-58802.25
-57078.32
-57497.58
-58566.65
-59529.43
-57359.60
-58800.37
-60030.77
-57263.51
-57708.13
-55172.65
-61033.91
-56316.82
-51923.37
-61745.13
-60145.83
-59529.80
-62188.40
-60255.17
-58639.76
-51923.37
-56766.90
-61913.52
-58969.74
-57420.06
-62651.85
-56973.20
-60554.16
-58173.11
-57974.57
-59608.92
-60897.47
-64467.73
-58366.15
-60775.55
-59706.28
-56549.81
-58513.48
-58420.25
-58108.79
-59465.28
-56668.59
-60818.83
-60088.26
-57005.80
-59013.33
-60773.64
-60042.72
-59804.03
-59836.67
-55496.69
-56560.67
-58597.75
-56204.66
-58970.39
-59789.53
-55322.51
-57959.25
-59181.26
-55665.12
-59248.61
-58140.10
-60488.65
-58692.58
-60931.14
-57542.06
-57182.20
-59593.70
-60192.06
-57022.64
-57563.85
-60681.61
-58298.45
-60702.94
-63830.59
-57744.93
-61362.77
-55627.58
-54992.44
-60872.64
-56477.38
-60552.49
-59541.96
-59988.07
-60654.72
-59414.42
-57638.86
-60394.30
-57221.60
-60243.82
-57386.48
-59306.97
-58641.72
-55517.21
-58863.23
-60787.92
-55695.56
-57534.95
-58270.63
-59972.64
-57906.77
-55727.94
-59871.53
-60056.14
-57794.74
-60310.11
-54168.11
-62631.76
-58235.27
-59608.64
-58589.50
-59500.92
-59920.76
-60031.70
-58328.75
-59999.46
-61704.32
-60541.85
-55996.64
-57441.98
-57104.20
-56509.97
-59709.27
-60077.41
-56472.34
-58278.89
-59977.61
-58467.32
-58772.77
-61683.49
-59358.76
-57672.74
-57789.82
-59007.04
-56583.24
-56213.62
-59876.32
-59541.61
-60788.53
-59654.19
-60464.13
-59473.11
-59396.40
-58061.70
-57669.28
-60107.72
-61557.34
-57416.17
-59463.26
-58521.67
-59854.58
-57643.92
-57664.85
-57340.99
-59831.85
-57600.89
-57993.44
-56708.64
-58152.02
-59103.76
-57988.59
-58583.48
-58307.57
-56156.60
-60973.44
-57848.08
-58539.82
-60177.21
-56716.56
-55943.53
-59650.14
-59947.04
-58243.77
-59768.40
-59667.97
-60928.60
-59760.64
-54823.19
-56024.05
-62525.76
-58748.61
-58344.76
-61904.21
-58137.75
-60017.74
-59583.75
-59503.92
-58928.51
-57513.57
-57520.97
-60093.76
-56159.49
-60153.74
-60527.87
-59169.66
-59496.54
-58137.20
-59305.36
-61997.93
-57947.21
-53191.66
-55987.02
-62300.49
-58051.76
-60144.30
-58373.62
-58936.70
-60897.51
-60040.80
-59165.29
-57444.29
-58223.01
-59502.73
-59462.77
-52078.61
-55440.83
-59518.64
-60071.82
-61574.03
-60834.71
-58918.96
-53179.10
-57426.78
-58980.73
-54796.21
-51923.37
-54689.27
-59051.55
-59831.38
-57231.78
-58072.36
-57227.08
-59331.15
-56835.57
-64046.56
-60723.33
-59092.56
-59391.79
-57782.56
-61700.69
-56952.18
-61212.98
-60633.04
-60587.23
-57636.85
-62050.87
-59330.40
-60121.88
-60008.10
-57905.40
-58230.64
-57443.74
-56771.06
-57913.34
-58188.65
-59271.13
-60314.21
-58271.71
-58532.80
-60042.88
-58632.01
-59238.12
-61275.73
-60031.39
-55773.49
-57136.47
-59578.00
-56582.24
-60802.64
-59799.65
-56675.23
-58237.68
-56386.47
-59381.17
-61259.91
-55181.53
-55890.83
-55941.14
-59921.36
-58346.55
-56812.62
-59885.79
-55964.76
-51923.37
-60268.90
-57462.65
-54048.26
-60680.75
-60657.93
-59037.65
-58417.48
-59151.31
-56732.25
-61594.88
-58657.33
-56420.79
-58937.00
-60159.54
-60607.62
-61768.77
-57624.65
-60274.84
-60396.81
-58274.59
-59743.45
-59028.77
-56692.74
-59298.67
-58793.36
-58565.81
-59553.33
-59624.24
-55619.17
-61168.49
-56849.71
-60682.23
-59281.71
-56303.34
-56756.10
-58560.56
-60226.89
-56613.16
-58493.36
-59467.62
-55150.52
-62775.49
-57426.82
-57516.67
-54870.27
-54179.72
-57983.99
-56920.16
-57474.32
-60821.72
-59285.22
-59027.87
-51923.37
-58244.85
-56096.96
-61809.79
-59904.03
-59108.75
-60846.40
-58232.71
-55229.84
-57958.18
-57908.38
-56753.41
-56250.69
-59680.04
-63126.93
-59105.57
-55714.37
-59296.04
-55601.79
-59026.33
-57425.02
-57518.06
-61609.26
-58345.73
-61233.38
-56630.48
-59779.79
-55609.47
-56355.76
-55947.99
-58493.26
-59261.63
-60564.71
-57969.15
-57212.45
-60222.23
-61076.01
-60078.55
-58569.02
-60606.99
-60707.94
-55446.56
-58004.69
-57694.71
-59580.40
-59784.49
-59414.31
-58356.92
-60751.21
-56666.68
-57072.18
-60987.34
-57608.35
-61560.09
-61394.09
-57787.14
-55121.82
-59006.46
-60259.50
-58084.85
-58648.10
-61613.52
-58621.00
-51923.37
-61275.59
-57691.55
-59223.81
-60354.64
-56012.16
-61096.08
-59177.94
-56761.98
-60076.26
-57730.73
-58605.55
-54091.26
-58990.81
-60376.88
-59933.62
-60454.00
-56558.85
-59906.30
-55818.16
-61116.66
-55899.91
-57485.71
-57410.08
-59374.43
-55560.09
-58763.47
-58675.15
-58808.55
-55035.98
-54225.34
-60238.63
-56639.72
-58349.52
-59336.30
-58948.35
-57014.22
-54749.22
-59943.14
-63218.00
-53894.55
-56104.68
-53439.00
-56315.42
-57467.59
-56353.39
-58328.91
-57551.48
-57287.87
-57436.25
-58066.07
-57603.88
-58022.42
-57677.97
-61287.98
-59200.53
-57933.48
-58208.68
-59931.06
-59046.79
-54570.02
-55717.78
-59694.29
-61173.73
-56691.78
-55264.98
-60940.79
-61169.28
-57604.02
-54531.05
-55322.67
-60043.38
-59250.58
-58010.85
-60327.32
