-77214.91
-73763.86
-76442.76
-73347.31
-73318.06
-71959.66
-71769.24
-73338.17
-74658.57
-72719.48
-73861.06
-71257.43
-74292.96
-74567.47
-72579.90
-76109.38
-71341.66
-75820.04
-74486.06
-72504.03
-74794.55
-73374.19
-73075.51
-74161.52
-73433.63
-73076.45
-73739.69
-73458.18
-70455.93
-72795.08
-73020.15
-70260.80
-70989.76
-71091.89
-75026.99
-70922.97
-74621.74
-73141.38
-73025.58
-71682.51
-73886.40
-73771.19
-73303.49
-76421.44
-74143.77
-70536.21
-71667.00
-75465.12
-75343.56
-70605.65
-71172.52
-71601.03
-72705.78
-70835.10
-72351.22
-71394.83
-71096.31
-75671.15
-75875.43
-68623.90
-69501.51
-66749.70
-70610.68
-69936.86
-67967.80
-73723.95
-68661.45
-72003.23
-69696.64
-68979.30
-74393.26
-70640.36
-72867.33
-73660.10
-69353.46
-74777.60
-72904.66
-69491.66
-72410.05
-71184.09
-74773.20
-64705.15
-70708.09
-71017.88
-73804.96
-71109.71
-69876.75
-73374.82
-72264.29
-68470.19
-72421.82
-71443.31
-72168.23
-71335.20
-72888.20
-76519.43
-76959.38
-72863.64
-69916.51
-69530.44
-70610.24
-75804.09
-71505.34
-73862.74
-69716.68
-64705.15
-69240.07
-71454.09
-70203.33
-73501.76
-72270.81
-70917.25
-70818.97
-68578.98
-69500.02
-72470.51
-68270.04
-70141.75
-76013.32
-70323.76
-69817.89
-73227.59
-68781.18
-72456.71
-75210.89
-70069.07
-73833.21
-72858.53
-73747.92
-72266.53
-69924.06
-71927.88
-71411.16
-73408.31
-67540.13
-72680.64
-71394.57
-69427.72
-72604.10
-70316.96
-72059.61
-72411.51
-72248.86
-72157.73
-74319.51
-70822.46
-73554.44
-72869.97
-69986.98
-68979.18
-73648.07
-73375.40
-71852.97
-68576.65
-71271.41
-72178.32
-72218.96
-69706.32
-64705.15
-64705.15
-70326.10
-72999.48
-68898.18
-71144.81
-70634.47
-64705.15
-74250.85
-72154.59
-71868.25
-74862.79
-70333.29
-67048.44
-73405.99
-73071.53
-71627.14
-72732.30
-65952.38
-74321.95
-72626.23
-69019.79
-74078.56
-72616.99
-71262.50
-70824.61
-71335.59
-74621.89
-71283.15
-73574.19
-73936.84
-71535.64
-67513.93
-70036.61
-66930.79
-69845.97
-72388.39
-76929.97
-72726.08
-72792.30
-73198.47
-71969.14
-75316.42
-71807.65
-68226.54
-71784.80
-70436.27
-70562.34
-68368.72
-71102.07
-71595.27
-74374.93
-64705.15
-66956.50
-73466.05
-73115.34
-73017.24
-69586.15
-74849.76
-71033.81
-73233.76
-64705.15
-74278.48
-71715.02
-76405.46
-73307.25
-73966.68
-72618.87
-73512.22
-74647.34
-71035.00
-70418.91
-73869.84
-71471.36
-69215.61
-71941.74
-71212.74
-71697.96
-76681.81
-68037.12
-71305.06
-72130.56
-69159.47
-75341.79
-70233.34
-73543.90
-74225.66
-76368.84
-73402.07
-69525.85
-70754.52
-64705.15
-71864.03
-69876.48
-68463.70
-78099.64
-72214.83
-73800.02
-73633.83
-72937.79
-72550.10
-68505.16
-70784.96
-74264.89
-71078.80
-69191.22
-65438.43
-75567.58
-71971.17
-70930.93
-72796.50
-72249.06
-74591.75
-73800.56
-76668.29
-72164.89
-72015.15
-72674.59
-71529.64
-66898.59
-74639.39
-72863.37
-68490.24
-73582.88
-69580.97
-65245.80
-68535.06
-70530.81
-73598.17
-71219.36
-78707.21
-74822.36
-69997.03
-72189.03
-73525.85
-70555.62
-70969.79
-69518.82
-69508.53
-75225.69
-70199.98
-71916.99
-72860.37
-71675.80
-69991.01
-70925.00
-71146.59
-66931.88
-73626.30
-67519.36
-72788.54
-76045.07
-74812.82
-70486.99
-73358.91
-71501.11
-69826.71
-64705.15
-73539.90
-75045.11
-74344.04
-72497.97
-77427.55
-69949.10
-72741.86
-73503.47
-73558.90
-71660.26
-71855.00
-68945.61
-72689.14
-67696.90
-73342.47
-67277.86
-73644.54
-70253.53
-71779.37
-70926.20
-69005.24
-73649.00
-72103.92
-69265.56
-72507.88
-73318.95
-74314.12
-73667.20
-72466.13
-70168.89
-78445.27
-72479.27
-68825.56
-69879.00
-73039.43
-70060.13
-70943.51
-74231.60
-73038.63
-69731.39
-72239.19
-77800.35
-69945.49
-72651.63
-73240.69
-72956.58
-72030.04
-72534.87
-70805.38
-69728.37
-73891.37
-69254.44
-73385.44
-70598.09
-74611.85
-76814.27
-72099.03
-74177.11
-75128.79
-73920.34
-70220.86
-64705.15
-73038.56
-68157.29
-65538.17
-72903.62
-73726.83
-69714.60
-72418.46
-73552.25
-71968.00
-72610.27
-64705.15
-72194.82
-71205.44
-67485.47
-69535.41
-67120.58
-70661.24
-73521.45
-70021.50
-68878.14
-74372.22
-71832.44
-74427.27
-71657.15
-65963.59
-73430.97
-68947.62
-73623.94
-70532.29
-73673.70
-71786.03
-69695.92
-75990.47
-69137.24
-74884.83
-69706.89
-74133.72
-71386.86
-69330.98
-74299.75
-74750.53
-73687.48
-70985.86
-68883.95
-74224.98
-72103.31
-74972.23
-70383.43
-69504.21
-76017.72
-68096.59
-70116.13
-74069.14
-70153.65
-75005.42
-72568.99
-67365.83
-73378.93
-70524.15
-73450.66
-72016.84
-72222.18
-74306.99
-67934.87
-71478.25
-66657.77
-68243.38
-74180.38
-68047.74
-73552.41
-71857.10
-73049.55
-73360.04
-71534.56
-72764.32
-67677.05
-71048.19
-71523.89
-71341.24
-71881.02
-71139.97
-74271.82
-72310.48
-73070.78
-72769.58
-71838.38
-72562.99
-70529.54
-70929.14
-68508.96
-73803.81
-68153.57
-68801.21
-70272.26
-68679.46
-73449.81
-72401.29
-69602.51
-73791.50
-73096.47
-75682.94
-72977.60
-70937.29
-69461.43
-73434.16
-74241.52
-73530.33
-71493.18
-72062.95
-73434.23
-67061.43
-68567.07
-65815.49
-74080.02
-71738.74
-72628.58
-71580.24
-73119.85
-72606.97
-69779.47
-72375.58
-68560.94
-72678.74
-71772.26
-71831.18
-64620.25
-64259.01
-67526.26
-70748.92
-70096.78
-65743.80
-74013.10
-69922.73
-72255.03
-74170.89
-70026.58
-74437.79
-71488.32
-64259.01
-75921.96
-72666.63
-73442.57
-75979.20
-73464.15
-71466.23
-68103.62
-69960.50
-70965.82
-67850.49
-73617.64
-71223.35
-68473.52
-68450.66
-73924.77
-68045.25
-71422.06
-70254.86
-74712.42
-69503.43
-71771.56
-74688.47
-66563.00
-74158.24
-73972.17
-72985.91
-74291.32
-68213.60
-68059.93
-70884.93
-69783.99
-73957.54
-70665.49
-71240.38
-74461.58
-66159.07
-69957.63
-64259.01
-72740.17
-66832.25
-75572.39
-66183.06
-73975.24
-70815.11
-70406.41
-73278.53
-71972.32
-69010.92
-72693.16
-71497.10
-73018.63
-70311.63
-69731.04
-71424.32
-70361.93
-71656.23
-68274.51
-71665.04
-74328.98
-71429.26
-70647.86
-71344.34
-71882.98
-70148.80
-69188.64
-73626.19
-72999.69
-75919.22
-71915.12
-66479.16
-73188.32
-71388.67
-73745.63
-67298.00
-69917.17
-73462.16
-73753.96
-70720.33
-64614.53
-73480.03
-70136.44
-75153.67
-72972.78
-69698.77
-71829.72
-70372.54
-71772.47
-72589.37
-71155.57
-70159.33
-67247.95
-64259.01
-73950.83
-69178.28
-76217.98
-68849.62
-69301.96
-73561.48
-71241.42
-69321.62
-72732.56
-72547.52
-71530.36
-70247.07
-72925.95
-72892.39
