-1176907.65000 -1280810.15000 -1327860.27000 -1891574.48000 -1066406.39000 -1537338.77000 -1718437.56000 -2122777.96000
-1105909.68000 -1276317.62000 -1351562.92000 -1931132.41000 -1008250.89000 -1554246.85000 -1616357.93000 -2070057.00000
-1060648.70000 -1288376.71000 -1344252.90000 -1836526.64000 -1067131.21000 -1556570.09000 -1724615.36000 -2107567.76000
-1141910.95000 -1267279.55000 -1394737.13000 -1903626.47000 -1006677.09000 -1514476.97000 -1680958.49000 -2089161.67000
-1147583.39000 -1207018.54000 -1355979.52000 -1837729.87000 -1044341.27000 -1473322.91000 -1645080.61000 -2115795.16000
-1158844.71000 -1252644.27000 -1417228.95000 -1863394.50000 -1034001.91000 -1537329.52000 -1699250.23000 -2058226.25000
-1126296.26000 -1243955.14000 -1391908.22000 -1881198.47000 -1068232.29000 -1508934.43000 -1742347.62000 -2094649.83000
-1142853.22000 -1261063.41000 -1409388.29000 -1833098.04000 -1067965.49000 -1525187.34000 -1703088.02000 -2012582.57000
-1147211.75000 -1304069.46000 -1385488.18000 -1874098.00000 -1041041.50000 -1529188.45000 -1655482.87000 -2038798.92000
-1119660.84000 -1268280.49000 -1414664.98000 -1833303.82000 -1035750.82000 -1545736.74000 -1741347.88000 -2039128.69000
-1110652.80000 -1236568.26000 -1351882.43000 -1867108.55000 -1060069.84000 -1557212.41000 -1648675.05000 -2055949.73000
-1149001.83000 -1251511.12000 -1344829.63000 -1882022.14000 -1002772.43000 -1525422.31000 -1709597.49000 -1989726.10000
-1157135.30000 -1260306.51000 -1400573.59000 -1839344.70000 -974405.77000 -1517363.37000 -1742151.37000 -2053583.85000
-1130192.80000 -1288454.21000 -1396283.83000 -1889168.72000 -1023846.38000 -1525158.71000 -1728950.12000 -2148380.89000
-1132819.57000 -1242159.80000 -1447690.08000 -1857615.19000 -1031801.37000 -1545136.71000 -1708649.05000 -2054932.99000
-1128835.26000 -1257051.46000 -1405835.44000 -1875814.86000 -1052754.28000 -1607235.91000 -1772720.80000 -2123706.56000
-1148008.93000 -1273683.18000 -1376850.27000 -1912019.35000 -1013427.40000 -1549647.30000 -1690812.32000 -2003994.69000
-1140203.81000 -1244050.87000 -1430059.83000 -1845850.44000 -1051961.16000 -1588446.77000 -1678613.93000 -2090053.88000
-1137422.27000 -1226323.54000 -1436243.18000 -1842235.56000 -1040065.58000 -1551108.28000 -1734041.99000 -2087266.70000
-1119275.23000 -1211130.19000 -1410910.35000 -1834843.77000 -1032378.48000 -1582856.68000 -1639459.18000 -2006370.74000
-1132345.18000 -1286432.32000 -1357537.03000 -1849066.43000 -1056723.50000 -1588145.69000 -1741130.91000 -2078382.40000
-1173174.00000 -1225257.88000 -1427683.91000 -1950470.74000 -1014876.95000 -1574800.00000 -1736646.99000 -2032630.53000
-1115777.16000 -1256630.27000 -1377688.98000 -1925029.50000 -1031364.89000 -1553899.32000 -1705057.66000 -2069776.47000
-1153127.22000 -1266256.64000 -1449131.22000 -1923811.71000 -1010296.93000 -1502529.10000 -1689462.60000 -2118225.24000
-1155025.20000 -1251000.56000 -1389038.94000 -1942649.87000 -1033410.61000 -1485313.04000 -1660736.32000 -2015210.85000
-1145241.48000 -1327115.30000 -1397428.45000 -1891663.55000 -1006978.71000 -1432513.35000 -1707028.76000 -2037577.29000
-1153669.97000 -1208404.95000 -1375560.54000 -1854297.25000 -1072562.60000 -1520039.01000 -1747984.62000 -2052546.54000
-1116625.81000 -1271832.34000 -1314116.53000 -1875124.87000 -1050075.34000 -1568984.54000 -1676586.42000 -2017981.59000
-1151918.21000 -1233994.80000 -1426492.19000 -1865361.17000 -1034156.00000 -1605705.22000 -1681992.17000 -2092665.99000
-1123410.74000 -1323942.42000 -1443175.55000 -1891542.76000 -1015848.78000 -1513741.98000 -1740137.10000 -2022737.67000
-1171387.65000 -1282505.60000 -1381389.40000 -1837642.82000 -1047639.11000 -1539864.68000 -1707800.34000 -2124918.59000
-1127623.92000 -1305783.81000 -1399622.42000 -1950443.35000 -1057395.08000 -1497373.13000 -1730112.55000 -2080697.13000
-1108982.18000 -1254045.73000 -1356875.46000 -1847964.96000 -1044174.68000 -1574568.63000 -1774545.26000 -2068396.61000
-1121428.66000 -1245513.16000 -1381722.82000 -1870098.04000 -1072785.56000 -1523708.01000 -1764420.44000 -1954896.01000
-1143304.30000 -1244502.92000 -1428365.50000 -1761639.34000 -1048626.84000 -1559580.20000 -1651998.82000 -2084236.60000
-1183918.35000 -1244992.70000 -1415172.62000 -1823518.42000 -972335.07000 -1573060.44000 -1726732.59000 -2072800.82000
-1137143.10000 -1272583.90000 -1366786.63000 -1835694.43000 -992420.17000 -1574916.55000 -1730707.82000 -2058954.87000
-1114958.87000 -1254179.88000 -1375538.59000 -1882090.84000 -1044456.04000 -1570870.22000 -1663922.08000 -2062882.37000
-1102925.81000 -1224474.89000 -1404239.67000 -1895817.49000 -1024387.62000 -1526011.73000 -1702071.16000 -2009165.17000
-1116864.48000 -1300247.49000 -1375048.14000 -1874504.48000 -1007625.55000 -1532288.09000 -1725985.94000 -2121771.15000
-1196394.45000 -1244446.85000 -1431211.60000 -1824168.82000 -1012031.69000 -1521323.29000 -1772135.36000 -2028512.70000
-1176736.51000 -1241033.81000 -1415500.24000 -1852972.05000 -1004508.32000 -1557093.49000 -1663588.59000 -2085614.91000
-1152998.64000 -1261640.07000 -1383652.88000 -1841391.17000 -972335.07000 -1521449.83000 -1668221.95000 -2068426.24000
-1128487.91000 -1268945.34000 -1438541.40000 -1878407.35000 -995387.59000 -1502741.50000 -1696927.35000 -2097839.93000
-1165492.32000 -1264662.19000 -1397758.48000 -1863920.24000 -991973.02000 -1566824.48000 -1607398.45000 -2083296.97000
-1131386.03000 -1242169.24000 -1353515.67000 -1948740.95000 -1041624.40000 -1579376.84000 -1728133.12000 -2083259.40000
-1117311.79000 -1305684.07000 -1415166.82000 -1850542.17000 -1018589.80000 -1543251.50000 -1663806.67000 -2030192.89000
-1138205.78000 -1272611.03000 -1383958.40000 -1916468.44000 -1064226.62000 -1579447.92000 -1693490.52000 -2062169.06000
-1176104.21000 -1262041.95000 -1389260.03000 -1876870.20000 -1029267.58000 -1569402.89000 -1713514.02000 -2030102.42000
-1136915.44000 -1255274.22000 -1413287.42000 -1885066.08000 -1002331.52000 -1507863.35000 -1713860.29000 -2046989.74000
-1168158.40000 -1291185.21000 -1410442.47000 -1761639.34000 -972335.07000 -1520719.25000 -1756081.06000 -2062081.07000
-1114838.55000 -1273240.09000 -1427908.98000 -1868824.91000 -986663.93000 -1530005.94000 -1642232.30000 -2006642.46000
-1154895.38000 -1218018.40000 -1384225.99000 -1812606.74000 -1005604.30000 -1601192.12000 -1681075.83000 -2081554.44000
-1117735.43000 -1255492.16000 -1381886.94000 -1862441.09000 -1049547.41000 -1526852.48000 -1670115.54000 -2032254.68000
-1191555.80000 -1232069.39000 -1347994.99000 -1932585.74000 -972335.07000 -1484451.98000 -1710056.22000 -2043722.97000
-1161805.49000 -1275810.76000 -1421027.63000 -1850986.17000 -1064110.01000 -1569407.65000 -1753573.26000 -2062699.64000
-1104660.45000 -1257183.60000 -1413249.16000 -1870303.05000 -1057377.34000 -1513382.32000 -1689060.34000 -1935086.64000
-1137902.02000 -1233210.36000 -1415059.83000 -1882493.44000 -1026690.06000 -1507610.18000 -1723407.33000 -2067348.44000
-1104798.57000 -1248939.10000 -1397419.78000 -1858567.91000 -1025128.62000 -1535675.98000 -1657541.32000 -2106415.47000
-1151255.80000 -1286182.09000 -1399755.32000 -1814348.76000 -972335.07000 -1525217.10000 -1686216.95000 -1935086.64000
-1167367.93000 -1253999.69000 -1382533.66000 -1798519.95000 -1010246.90000 -1580196.94000 -1757386.28000 -2045793.80000
-1168203.52000 -1244090.43000 -1465640.83000 -1888143.24000 -972335.07000 -1525900.72000 -1699436.46000 -2074568.48000
-1177351.51000 -1240867.58000 -1390019.68000 -1950068.92000 -991839.55000 -1535658.77000 -1684505.35000 -2075147.35000
-1135822.74000 -1313010.53000 -1444050.07000 -1907405.87000 -972335.07000 -1497779.89000 -1745799.32000 -1935086.64000
-1126210.63000 -1225263.09000 -1373173.48000 -1878376.68000 -1019134.95000 -1557754.23000 -1635860.48000 -2115867.88000
-1133227.18000 -1283144.85000 -1385654.95000 -1824245.43000 -979591.56000 -1564072.04000 -1734416.69000 -2092438.47000
-1157038.28000 -1307434.07000 -1390987.02000 -1886757.59000 -1069428.87000 -1543223.49000 -1698370.86000 -2116566.99000
-1132028.11000 -1254712.69000 -1380041.56000 -1846184.72000 -1020580.69000 -1566495.13000 -1716682.01000 -1977688.88000
-1145350.55000 -1243270.09000 -1370020.44000 -1922220.41000 -1043815.83000 -1592144.83000 -1747997.89000 -1999395.46000
-1125309.20000 -1274922.22000 -1407082.94000 -1908890.48000 -1012536.35000 -1513218.97000 -1737139.68000 -2063599.56000
-1161698.69000 -1255060.05000 -1403499.55000 -1880160.47000 -996969.10000 -1524064.04000 -1682482.45000 -1935086.64000
-1148533.10000 -1280935.10000 -1386443.59000 -1761639.34000 -1023901.85000 -1487786.52000 -1748901.88000 -2098141.78000
-1172686.77000 -1226414.47000 -1353250.21000 -1869128.65000 -1028339.74000 -1524703.45000 -1748942.86000 -2094633.11000
-1154945.07000 -1271637.07000 -1408520.65000 -1818315.73000 -1008735.59000 -1523632.90000 -1738730.05000 -2093413.31000
-1134790.73000 -1309242.75000 -1437197.62000 -1878467.42000 -1006075.36000 -1521574.59000 -1695422.62000 -1991193.20000
-1156481.91000 -1261345.33000 -1441090.96000 -1946520.15000 -993430.38000 -1487713.65000 -1743903.18000 -2108149.12000
-1146705.47000 -1221206.15000 -1364199.15000 -1821244.75000 -972335.07000 -1510761.72000 -1759959.72000 -1971927.24000
-1168812.20000 -1261800.82000 -1353044.73000 -1868471.94000 -972335.07000 -1553904.34000 -1704701.68000 -2019583.69000
-1163643.60000 -1297926.12000 -1392703.79000 -1841022.54000 -1015457.21000 -1561462.38000 -1690986.36000 -2055355.02000
-1113478.78000 -1232489.86000 -1419088.38000 -1908827.69000 -1057662.44000 -1469951.13000 -1694935.31000 -2041534.88000
-1100984.86000 -1290743.83000 -1424696.75000 -1857504.29000 -1026765.23000 -1508442.98000 -1700805.46000 -2082763.74000
-1151948.83000 -1245149.13000 -1373248.05000 -1859669.47000 -994189.64000 -1489166.93000 -1676319.24000 -2041285.50000
-1114598.98000 -1262906.77000 -1378615.72000 -1916927.08000 -1031147.74000 -1597961.32000 -1690668.09000 -2081935.28000
-1103574.88000 -1279670.32000 -1401034.37000 -1895520.10000 -1011714.07000 -1535020.70000 -1690047.01000 -2066110.06000
-1184615.36000 -1237756.85000 -1370936.39000 -1854180.56000 -1001277.45000 -1590843.48000 -1764854.05000 -1935086.64000
-1134369.43000 -1260283.05000 -1384935.77000 -1903958.64000 -972335.07000 -1481308.72000 -1669933.80000 -2139161.16000
-1125704.15000 -1247888.00000 -1407368.60000 -1892288.15000 -1048651.75000 -1489344.55000 -1739215.94000 -2059437.68000
-1136125.92000 -1264711.10000 -1371348.02000 -1842779.60000 -972335.07000 -1591181.34000 -1716266.73000 -2065463.86000
-1143824.99000 -1245329.49000 -1383172.18000 -1892715.59000 -1006193.40000 -1557311.16000 -1667733.06000 -2047290.35000
-1152472.59000 -1243666.43000 -1354342.56000 -1883652.41000 -1045657.02000 -1551771.30000 -1724440.76000 -2043783.39000
-1155660.87000 -1271401.73000 -1376094.85000 -1748700.27000 -1042615.33000 -1570837.11000 -1674770.16000 -2048660.43000
-1131791.09000 -1236254.63000 -1372908.72000 -1872250.23000 -1048143.90000 -1528148.30000 -1667678.07000 -2138872.78000
-1155781.19000 -1244503.90000 -1439461.14000 -1885344.35000 -1031492.22000 -1584858.50000 -1745522.62000 -2039411.78000
-1152721.07000 -1259492.33000 -1381061.37000 -1896682.73000 -1001211.04000 -1548850.43000 -1721464.71000 -2013870.92000
-1172393.13000 -1242203.73000 -1394286.29000 -1882129.75000 -1006341.88000 -1531573.08000 -1644536.87000 -2033106.88000
-1166516.94000 -1313495.99000 -1415272.79000 -1874005.48000 -1030226.49000 -1545814.69000 -1682559.01000 -1990350.97000
-1133486.89000 -1241802.78000 -1417799.51000 -1906894.26000 -1061204.87000 -1488593.40000 -1721548.30000 -2058738.13000
-1128294.13000 -1261895.50000 -1400638.10000 -1748700.27000 -1047639.06000 -1560142.43000 -1662344.28000 -2026063.81000
-1140373.28000 -1263631.37000 -1395573.22000 -1833661.92000 -1033364.00000 -1562878.90000 -1721234.08000 -2039375.93000
-1105326.88000 -1274979.94000 -1454401.61000 -1867970.07000 -1015412.10000 -1582831.89000 -1713206.97000 -2034233.83000
-1137975.87000 -1278206.36000 -1404130.51000 -1859028.44000 -1041253.71000 -1523549.02000 -1674954.36000 -2116343.21000
-1183050.93000 -1217186.30000 -1368018.16000 -1862490.29000 -1072384.88000 -1611727.51000 -1735163.43000 -2054132.50000
-1186443.77000 -1259233.60000 -1419105.60000 -1839602.91000 -1042293.74000 -1493107.70000 -1699987.42000 -2078669.41000
-1148108.80000 -1235095.25000 -1402524.00000 -1877527.67000 -1037171.92000 -1498183.81000 -1726926.30000 -2020540.62000
-1182221.77000 -1173492.04000 -1402931.99000 -1787462.38000 -1045033.42000 -1531753.95000 -1798231.60000 -2030086.82000
-1143960.33000 -1255037.35000 -1408680.66000 -1848606.40000 -1073053.78000 -1542942.43000 -1702565.98000 -2101696.01000
-1083466.41000 -1211973.28000 -1453896.58000 -1871723.54000 -1035529.50000 -1544987.91000 -1689699.23000 -2098854.88000
-1151101.24000 -1244218.77000 -1422987.34000 -1886760.08000 -1037883.29000 -1428755.70000 -1710623.51000 -1952610.75000
-1129782.90000 -1276497.66000 -1343320.99000 -1853948.33000 -972335.07000 -1572670.08000 -1699472.13000 -2088051.14000
-1060648.70000 -1243597.56000 -1385301.08000 -1842996.46000 -1010247.34000 -1511476.88000 -1642916.93000 -1893115.11000
-1174976.14000 -1277887.37000 -1413000.15000 -1858441.57000 -1037848.23000 -1538317.27000 -1655215.29000 -2144597.17000
-1120169.75000 -1260969.45000 -1423539.98000 -1862747.02000 -972335.07000 -1513713.24000 -1709611.74000 -2071271.68000
-1162520.99000 -1253945.39000 -1441105.87000 -1845518.21000 -1004242.74000 -1507629.20000 -1707603.60000 -2086179.66000
-1167699.85000 -1249539.70000 -1428355.56000 -1748700.27000 -1008657.68000 -1515645.29000 -1718288.34000 -2123569.67000
-1107044.62000 -1244671.64000 -1412467.64000 -1876875.51000 -1012802.90000 -1510803.01000 -1631885.47000 -2036295.53000
-1153656.45000 -1243093.21000 -1417517.77000 -1838640.40000 -1068479.74000 -1543708.15000 -1683214.37000 -2060176.78000
-1076094.85000 -1233132.32000 -1351948.44000 -1748700.27000 -1031552.32000 -1554854.95000 -1676313.88000 -2043004.29000
-1100049.51000 -1228624.12000 -1380629.69000 -1889215.62000 -1077030.99000 -1519145.28000 -1720521.92000 -1893115.11000
-1183064.44000 -1173492.04000 -1387995.45000 -1748700.27000 -1032638.63000 -1540375.53000 -1726119.33000 -2017766.26000
-1165589.58000 -1272602.55000 -1421796.70000 -1846171.39000 -1026962.17000 -1606125.91000 -1680497.53000 -2120656.64000
-1148022.13000 -1284381.06000 -1444890.89000 -1825267.49000 -997642.88000 -1556001.25000 -1695878.63000 -2011249.65000
-1080723.33000 -1262892.66000 -1399502.86000 -1892274.85000 -969549.98000 -1542287.91000 -1766141.62000 -1988533.23000
-1154832.99000 -1231411.16000 -1395333.40000 -1826901.79000 -1068259.84000 -1528025.92000 -1688295.92000 -2036598.67000
-1143935.79000 -1294544.70000 -1440128.67000 -1911645.86000 -1066379.54000 -1477486.92000 -1720598.85000 -2024988.43000
-1175812.92000 -1224531.73000 -1389681.95000 -1891673.29000 -1056987.66000 -1526325.75000 -1683408.29000 -2060658.13000
-1146550.74000 -1262115.69000 -1355569.53000 -1802978.53000 -1038626.00000 -1534114.61000 -1664249.33000 -2034257.80000
-1161904.46000 -1282837.38000 -1394821.85000 -1850699.19000 -1046711.45000 -1525832.19000 -1637811.37000 -2112005.30000
-1163841.89000 -1259772.26000 -1403986.80000 -1821164.18000 -1029960.87000 -1501883.63000 -1678032.18000 -2037743.85000
-1168567.66000 -1236749.05000 -1308814.12000 -1852282.79000 -1076411.39000 -1573133.63000 -1713546.41000 -2051979.85000
-1172756.93000 -1280523.46000 -1357964.17000 -1787010.58000 -1049634.19000 -1561730.81000 -1740775.81000 -1893115.11000
-1169947.50000 -1289156.96000 -1411509.80000 -1898923.31000 -1070007.34000 -1571777.24000 -1661887.12000 -1984593.36000
-1158161.16000 -1211212.98000 -1404640.84000 -1790456.88000 -1023922.31000 -1524211.21000 -1703542.26000 -2021077.13000
-1114319.27000 -1276419.70000 -1397895.39000 -1823007.50000 -1045431.66000 -1464150.54000 -1624524.00000 -2075829.25000
-1135694.12000 -1306306.49000 -1348403.71000 -1873293.69000 -1017611.09000 -1519901.11000 -1726143.16000 -2044219.70000
-1139633.12000 -1298297.52000 -1405533.30000 -1899210.58000 -1066746.22000 -1542654.86000 -1754061.62000 -2077174.00000
-1143942.72000 -1210834.13000 -1435799.91000 -1850733.99000 -1033445.27000 -1521493.06000 -1684921.75000 -2075613.94000
-1131007.81000 -1266851.47000 -1409817.99000 -1907241.94000 -1020050.45000 -1536499.44000 -1731746.86000 -2078049.89000
-1118429.91000 -1197464.32000 -1444136.57000 -1858231.69000 -1029632.55000 -1612243.70000 -1768609.65000 -2080775.62000
-1159180.26000 -1247692.13000 -1427317.74000 -1889855.26000 -1065326.55000 -1496130.61000 -1663021.29000 -2091776.04000
-1170092.84000 -1318579.77000 -1352238.56000 -1883471.62000 -1010143.57000 -1519652.53000 -1650332.97000 -2028780.05000
-1120094.54000 -1282196.74000 -1361117.76000 -1831461.64000 -1001794.05000 -1506908.12000 -1666339.48000 -1987244.26000
-1162605.00000 -1284145.47000 -1436729.18000 -1822006.36000 -1075270.77000 -1428755.70000 -1727016.70000 -2129776.60000
-1175191.48000 -1249356.08000 -1407883.03000 -1861839.37000 -1042854.15000 -1518198.05000 -1657203.22000 -2068473.04000
-1131081.33000 -1271339.49000 -1400476.28000 -1827872.43000 -1072467.10000 -1511355.80000 -1673558.08000 -2066103.85000
-1132236.53000 -1211326.43000 -1417868.36000 -1847716.67000 -1053821.75000 -1548628.81000 -1714287.62000 -2110323.87000
-1129628.79000 -1230415.99000 -1410967.77000 -1796845.40000 -1018671.29000 -1525575.80000 -1702626.50000 -2093573.33000
-1164357.69000 -1232643.31000 -1449831.72000 -1816986.42000 -1043137.34000 -1439244.38000 -1699159.36000 -2094498.71000
-1151869.11000 -1282000.77000 -1402448.46000 -1847959.49000 -998230.67000 -1509636.53000 -1684331.26000 -2045182.94000
-1118748.53000 -1269230.04000 -1398699.48000 -1899787.05000 -991229.54000 -1526202.56000 -1691304.77000 -2085572.00000
-1149065.87000 -1296406.93000 -1392636.26000 -1893661.33000 -1032349.18000 -1511781.40000 -1696428.93000 -2029578.65000
-1101757.03000 -1255227.96000 -1344945.18000 -1861197.67000 -1043696.55000 -1534967.83000 -1669166.23000 -2017953.35000
-1104446.01000 -1235395.36000 -1295875.75000 -1950371.02000 -1038832.99000 -1513139.75000 -1677997.09000 -2000501.90000
-1163114.55000 -1271265.83000 -1437625.42000 -1836353.94000 -1023060.91000 -1553300.58000 -1679024.47000 -1995326.16000
-1150790.86000 -1298364.40000 -1382803.90000 -1885014.30000 -1035235.36000 -1523560.41000 -1683685.40000 -2104751.97000
-1116762.03000 -1256498.12000 -1368593.06000 -1832133.70000 -1037863.54000 -1505784.27000 -1661234.58000 -2164805.89000
-1135484.98000 -1253816.13000 -1361536.26000 -1879608.31000 -1035057.07000 -1496221.63000 -1732275.87000 -2086963.26000
-1120966.83000 -1173492.04000 -1415434.74000 -1784326.17000 -1008284.66000 -1576697.99000 -1696226.48000 -2138748.50000
-1120104.42000 -1284305.22000 -1385029.09000 -1868718.15000 -1062331.20000 -1529963.13000 -1715911.67000 -2061559.10000
-1050106.61000 -1282203.23000 -1399627.88000 -1818794.26000 -1060682.79000 -1558103.15000 -1676504.57000 -2030521.24000
-1154326.16000 -1300215.97000 -1407204.18000 -1954579.23000 -1016176.70000 -1510842.30000 -1756496.80000 -2096240.95000
-1158378.05000 -1268390.52000 -1376898.05000 -1874328.01000 -998146.62000 -1543299.17000 -1745074.72000 -2101051.39000
-1137815.19000 -1277719.55000 -1394701.92000 -1906283.62000 -1055753.57000 -1554896.24000 -1664826.39000 -2084586.38000
-1089236.92000 -1259363.70000 -1384188.24000 -1885925.38000 -1054352.77000 -1498891.32000 -1669525.12000 -2021498.70000
-1158225.04000 -1291778.73000 -1405521.33000 -1890925.25000 -1052492.94000 -1529429.88000 -1678649.02000 -2130185.66000
-1157784.43000 -1245944.83000 -1404782.92000 -1845625.56000 -1045040.99000 -1479106.89000 -1690954.85000 -2098328.84000
-1101099.83000 -1266835.40000 -1337982.93000 -1861630.73000 -1014387.82000 -1529714.70000 -1740741.95000 -2036668.62000
-1141809.06000 -1295961.63000 -1357713.24000 -1908451.97000 -1023463.20000 -1526955.71000 -1705100.61000 -2066851.46000
-1139428.35000 -1245207.26000 -1311607.14000 -1879336.17000 -1068824.59000 -1534383.83000 -1617941.89000 -2072542.53000
-1171141.09000 -1242879.98000 -1383580.41000 -1937791.93000 -1043363.65000 -1471797.42000 -1680205.40000 -2064286.66000
-1187365.15000 -1264144.48000 -1376013.45000 -1866876.90000 -1031788.95000 -1474285.13000 -1721859.57000 -2048617.46000
-1161913.71000 -1255168.16000 -1340277.57000 -1865687.67000 -1031759.85000 -1565009.19000 -1700581.66000 -2002619.87000
-1177206.62000 -1238510.53000 -1365883.70000 -1846165.74000 -1043185.64000 -1498423.68000 -1637603.31000 -2122120.16000
-1150658.33000 -1246290.21000 -1446169.51000 -1850456.11000 -1030407.77000 -1575661.48000 -1707673.85000 -2089846.60000
-1137074.58000 -1243555.62000 -1402454.86000 -1884530.98000 -1041794.66000 -1417929.22000 -1724979.90000 -2084525.20000
-1104930.86000 -1294892.31000 -1398034.14000 -1935005.26000 -1056369.31000 -1476441.96000 -1693489.59000 -1998361.54000
-1120138.34000 -1235524.35000 -1400838.60000 -1789966.25000 -1008005.32000 -1545971.79000 -1646960.43000 -2043335.03000
-1165971.11000 -1266943.76000 -1429675.67000 -1890803.52000 -1044785.00000 -1536016.64000 -1717988.11000 -2107911.22000
-1089391.54000 -1224476.71000 -1391345.07000 -1821371.68000 -1047301.12000 -1542763.88000 -1746128.88000 -2123889.25000
-1138464.96000 -1299382.18000 -1381827.91000 -1853277.46000 -1057319.17000 -1551059.95000 -1690697.35000 -2036264.55000
