-1349406.09
-1347635.97
-1390577.55
-1394943.37
-1351593.18
-1377169.18
-1397927.74
-1365497.50
-1384569.09
-1393635.20
-1367919.37
-1377303.88
-1374959.38
-1389888.58
-1380994.00
-1382259.94
-1374414.50
-1379037.50
-1384720.25
-1401244.00
-1380170.75
-1367553.75
-1379072.75
-1398268.27
-1373826.00
-1374894.88
-1375275.25
-1374826.75
-1378223.78
-1373955.00
-1376126.12
-1369483.25
-1367636.00
-1368699.25
-1348890.65
-1370542.00
-1388067.66
-1387168.97
-1385342.10
-1380256.25
-1372396.38
-1360825.50
-1380750.05
-1374017.50
-1367914.62
-1371748.00
-1393857.76
-1402291.58
-1399317.85
-1383310.50
-1389129.50
-1390277.38
-1383504.88
-1382846.50
-1369321.48
-1396700.34
-1377621.88
-1373826.12
-1366527.31
-1372741.75
-1379082.92
-1373192.75
-1358757.50
-1355625.00
-1395888.63
-1378448.45
-1378604.50
-1374291.50
-1381961.75
-1381453.88
-1381722.62
-1388077.38
-1420349.31
-1368759.08
-1374937.54
-1379321.12
-1377930.38
-1378035.75
-1358252.81
-1373359.25
-1384666.00
-1387719.50
-1391897.25
-1373139.00
-1381558.76
-1364514.50
-1368349.18
-1364530.50
-1336828.18
-1355193.75
-1352395.75
-1361976.16
-1436427.70
-1392548.50
-1380946.50
-1423878.56
-1390653.75
-1409134.67
-1382611.12
-1387629.54
-1381289.62
-1437060.55
-1366784.00
-1369342.25
-1381133.88
-1371749.81
-1379579.12
-1389399.08
-1379646.75
-1406048.52
-1363909.75
-1376109.77
-1386755.36
-1358068.50
-1365876.25
-1368217.88
-1400803.99
-1384581.94
-1383350.95
-1386495.75
-1361043.02
-1312755.48
-1360157.25
-1379310.75
-1367142.75
-1371201.38
-1360647.75
-1396176.70
-1372848.38
-1371123.75
-1360404.50
-1363508.62
-1370818.62
-1355299.38
-1345045.75
-1372497.64
-1360317.00
-1371577.75
-1384049.17
-1375646.38
-1406447.64
-1370648.50
-1368440.00
-1399125.57
-1377022.49
-1409670.52
-1399839.56
-1405530.92
-1380996.12
-1365651.56
-1342599.71
-1385739.28
-1365298.35
-1355373.00
-1417176.17
-1386418.65
-1365922.00
-1404491.88
-1344517.89
-1405028.57
-1384579.12
-1392125.75
-1391016.50
-1388754.50
-1356426.21
-1358996.83
-1358446.62
-1373411.25
-1375374.50
-1384076.42
-1366705.25
-1376645.62
-1368662.10
-1370346.25
-1419623.86
-1364134.00
-1362785.88
-1357158.25
-1356502.38
-1388463.97
-1373051.00
-1411136.95
-1366144.25
-1402838.04
-1397131.26
