-1109051.72
-1132699.73
-1135131.01
-1138546.33
-1124714.16
-1137558.61
-1101682.04
-1110205.87
-1116612.19
-1136910.49
-1153338.88
-1135377.25
-1135918.25
-1137854.88
-1132072.25
-1141139.75
-1138775.75
-1128512.36
-1136649.25
-1135591.75
-1130482.63
-1135309.45
-1132177.75
-1184209.09
-1139228.50
-1134242.00
-1128380.00
-1136037.25
-1125579.77
-1100143.12
-1125280.06
-1128967.50
-1127591.50
-1122653.14
-1127799.79
-1128805.50
-1124577.95
-1131394.65
-1140885.96
-1125912.62
-1134023.25
-1141040.62
-1144179.25
-1158093.31
-1122853.12
-1139441.06
-1125830.50
-1132475.75
-1137473.38
-1143252.50
-1138578.00
-1155477.38
-1134631.75
-1122946.12
-1124140.73
-1134315.88
-1128281.50
-1129468.61
-1156690.33
-1121260.00
-1125141.50
-1134700.25
-1124183.75
-1138222.97
-1150997.33
-1137190.25
-1133734.88
-1138067.90
-1150524.49
-1135803.75
-1125928.88
-1124418.25
-1125570.00
-1134255.70
-1144476.39
-1127516.54
-1124068.50
-1131527.62
-1132392.12
-1120438.56
-1136011.13
-1144640.01
-1133752.10
-1142257.10
-1128303.25
-1126678.25
-1128043.50
-1141842.14
-1119648.62
-1116130.23
-1122768.62
-1122127.25
-1133587.12
-1134365.00
-1136637.38
-1117806.61
-1136680.50
-1131795.50
-1130109.50
-1132018.75
-1146582.49
-1134036.12
-1134763.25
-1132589.00
-1127210.51
-1135656.25
-1131745.50
-1130845.38
-1137459.25
-1137536.25
-1116019.73
-1128222.87
-1118594.25
-1120218.25
-1128208.27
-1125596.75
-1146755.54
-1124323.00
-1150548.62
-1137365.62
-1139262.25
-1119399.25
-1137069.75
-1141109.34
-1137322.25
-1123015.86
-1134929.61
-1139729.75
-1139348.85
-1129692.01
-1125952.75
-1120012.00
-1116606.50
-1121040.00
-1106176.94
-1117189.75
-1143027.71
-1120996.62
-1127135.62
-1112910.45
-1141590.27
-1128047.32
-1148690.83
-1118678.15
-1130274.25
-1140482.97
-1125294.62
-1139972.09
-1131567.61
-1124390.00
-1149137.15
-1145193.20
-1144723.53
-1125538.75
-1123660.00
-1116300.43
-1128922.90
-1130230.02
-1149345.23
-1132139.62
-1132763.58
-1067985.87
-1124364.49
-1130043.25
-1158904.41
-1115293.23
-1139907.47
-1096927.57
-1112430.25
-1139288.86
-1113274.47
-1128766.00
-1133232.75
-1135696.12
-1135326.38
-1135227.50
-1129691.25
-1122855.00
-1127028.00
-1125416.75
-1150071.20
-1136901.12
-1153278.53
