-1523874.42
-1514798.67
-1526853.88
-1546038.37
-1530881.69
-1515214.24
-1501969.03
-1482267.11
-1529257.57
-1517472.94
-1549473.90
-1522910.50
-1526380.88
-1525870.75
-1527828.00
-1500733.16
-1506490.50
-1545613.31
-1516827.24
-1519577.25
-1513876.00
-1531094.32
-1511484.50
-1503086.00
-1558180.13
-1529877.00
-1540265.26
-1536962.74
-1525706.75
-1513557.25
-1523645.62
-1521027.50
-1513208.50
-1546768.20
-1523481.25
-1505862.38
-1553716.22
-1545318.80
-1510413.25
-1517105.38
-1516708.25
-1546583.32
-1527692.50
-1517938.50
-1577121.85
-1542902.63
-1538883.50
-1545198.49
-1527457.50
-1523642.12
-1526264.38
-1542490.49
-1514742.88
-1519218.75
-1521084.50
-1513632.75
-1543940.33
-1508720.75
-1485764.25
-1520890.12
-1514852.88
-1530555.47
-1483650.90
-1552856.63
-1527977.75
-1543990.05
-1498097.04
-1521568.62
-1511637.25
-1518884.50
-1514303.82
-1518356.00
-1559669.00
-1568736.12
-1531329.00
-1528701.50
-1527140.88
-1495517.33
-1535777.75
-1537234.75
-1537971.50
-1536785.38
-1518417.50
-1512423.12
-1515024.62
-1565506.99
-1524476.53
-1471798.20
-1494415.90
-1515661.25
-1515672.07
-1522517.75
-1530824.60
-1536124.50
-1521252.92
-1482639.77
-1518150.62
-1527156.50
-1517882.75
-1544738.28
-1513558.77
-1525669.25
-1517936.00
-1524862.62
-1529162.25
-1521340.75
-1520654.75
-1522788.90
-1523345.00
-1518944.62
-1509557.25
-1514174.38
-1517327.13
-1507211.75
-1534903.41
-1505135.68
-1503322.75
-1512394.82
-1505555.75
-1511348.83
-1516058.00
-1520732.75
-1502925.54
-1537004.26
-1521923.82
-1436650.02
-1514444.88
-1497150.25
-1500170.75
-1499579.00
-1521100.59
-1514355.62
-1515768.62
-1514429.75
-1504324.50
-1540816.94
-1518074.25
-1537527.22
-1511526.12
-1520005.62
-1517682.49
-1510579.00
-1518851.12
-1534202.80
-1522363.75
-1508829.88
-1550956.44
-1488480.40
-1500049.25
-1505677.75
-1504614.38
-1573838.04
-1525749.50
-1547952.51
-1507241.39
-1561921.56
-1537055.25
-1539649.25
-1531797.40
-1558829.98
-1532764.75
-1532919.50
-1547721.42
-1509536.33
-1520823.00
-1519907.98
-1539732.57
-1577764.26
-1512763.40
-1523076.00
-1524551.65
-1535381.13
-1505120.63
-1523708.62
-1521340.25
-1522283.75
-1516759.64
-1523472.50
-1516036.00
-1525495.98
-1564047.73
-1509560.09
