-1240977.99
-1243665.83
-1244005.18
-1245926.13
-1221613.30
-1258162.26
-1255007.32
-1279907.49
-1240181.98
-1253697.21
-1251963.50
-1255775.00
-1246904.12
-1261397.12
-1255710.88
-1255309.25
-1225490.00
-1239638.00
-1237027.38
-1237846.75
-1257986.63
-1230561.88
-1242569.00
-1228896.88
-1232290.50
-1234379.12
-1237564.12
-1244341.21
-1228944.75
-1235085.50
-1268136.69
-1204439.99
-1234729.67
-1251639.42
-1242420.62
-1243623.88
-1255054.56
-1237078.36
-1222790.28
-1253509.00
-1244354.52
-1240317.25
-1237764.75
-1238397.50
-1232641.25
-1277548.43
-1204439.99
-1204439.99
-1245766.25
-1271730.33
-1276652.68
-1238274.50
-1248013.15
-1248675.75
-1267689.99
-1204439.99
-1233000.88
-1272299.87
-1249401.50
-1293729.86
-1234268.25
-1204439.99
-1229059.00
-1232708.62
-1204439.99
-1237098.62
-1241944.75
-1259908.20
-1267516.99
-1252500.75
-1250210.00
-1244766.87
-1247994.12
-1258463.01
-1249370.12
-1251334.75
-1237619.00
-1271514.89
-1253353.00
-1252165.00
-1204439.99
-1269890.87
-1231743.62
-1204439.99
-1220373.25
-1218937.00
-1224378.75
-1218409.00
-1204439.99
-1197062.69
-1214045.00
-1197062.69
-1235637.50
-1243581.38
-1197062.69
-1282826.64
-1252635.85
-1230612.88
-1197062.69
-1231515.25
-1267640.16
-1245418.88
-1258545.23
-1275076.47
-1246056.38
-1249441.25
-1231499.75
-1224886.62
-1221884.38
-1269949.78
-1265936.51
-1252969.25
-1229870.09
-1197062.69
-1227468.00
-1234739.00
-1280983.71
-1213464.40
-1243082.00
-1228212.50
-1248015.75
-1220866.50
-1256350.53
-1234764.25
-1237376.50
-1230434.25
-1191269.34
-1191269.34
-1266197.75
-1191269.34
-1218693.25
-1191269.34
-1214552.00
-1191269.34
-1191269.34
-1209576.25
-1258865.24
-1227585.00
-1253162.01
-1240304.80
-1263363.24
-1282890.37
-1222349.25
-1221091.75
-1253510.22
-1191269.34
-1204940.74
-1202008.00
-1194559.75
-1201544.00
-1152135.13
-1195979.25
-1198301.00
-1271283.43
-1232768.12
-1235181.38
-1237660.12
-1252839.00
-1297374.83
-1262457.00
-1255894.25
-1152135.13
-1223323.92
-1229114.89
-1237678.75
-1265872.09
-1240974.38
-1225229.62
-1217675.38
-1218554.00
-1152135.13
-1205173.25
-1152135.13
-1196384.38
-1238838.70
-1251919.31
-1239657.50
-1238784.75
-1252963.62
-1245065.25
-1242703.00
-1211164.69
