-2056526.10
-2045216.93
-2074443.66
-2074193.54
-2035859.75
-2031656.30
-2036974.17
-2068382.55
-2004383.05
-1980746.75
-2061486.25
-2057657.75
-2059895.67
-2053686.32
-2055523.00
-2056992.75
-2055176.25
-2050917.00
-2046794.75
-2048021.75
-2066717.37
-2051595.00
-2105100.10
-2063647.25
-2062372.00
-2042657.25
-2097014.78
-2086733.09
-2051594.75
-2091764.47
-2031651.50
-2090867.98
-2055528.62
-2056463.61
-2036022.08
-2099195.74
-2054043.75
-2083899.41
-2006667.16
-2045713.28
-2049075.88
-2060515.12
-2050964.88
-2048527.25
-2055879.50
-2058700.50
-2063175.75
-2008305.94
-2103702.53
-2063536.93
-2071793.93
-2063295.73
-2058209.25
-2063279.25
-2057118.81
-2055517.62
-2059470.88
-2070815.25
-2110214.36
-2062161.50
-2067455.66
-2053123.25
-2058159.00
-2068175.92
-2059637.00
-2059198.25
-2058906.50
-2059536.50
-2043825.91
-2055508.75
-2063713.71
-2026629.83
-2025551.73
-2045882.25
-2064823.25
-2056453.75
-2024515.96
-2058869.75
-2040717.00
-2055781.75
-2045991.00
-2044929.50
-2034420.75
-2034283.38
-2053217.50
-2050976.50
-2053631.75
-2049884.12
-2062611.21
-2076894.88
-2024020.54
-2057849.50
-2057588.75
-2062620.88
-2062588.50
-2069886.38
-2090500.22
-2100220.32
-2059698.48
-2045917.02
-2062274.75
-2049826.50
-2053233.92
-2052759.00
-2054613.00
-2054808.88
-2049809.25
-2041960.50
-2073885.91
-2048997.75
-2041759.25
-2057861.50
-2067636.78
-2029061.77
-2045770.50
-2036493.25
-2050136.10
-2018459.69
-2067923.56
-2048150.25
-2033712.69
-2049720.44
-2079822.59
-2056965.38
-2060937.25
-2035197.68
-2026051.16
-2078200.75
-2047361.25
-2027437.12
-2043988.96
-2071544.78
-2056787.27
-2048372.50
-2035002.75
-2027790.34
-2052968.50
-2036399.44
-2048342.63
-2042922.75
-2084347.19
-2078490.62
-2063900.75
-2058060.75
-2043096.64
-2060384.25
-2035146.38
-2034762.25
-2032896.50
-2024453.25
-2055554.52
-2060288.29
-2057078.82
-2044698.93
-2029833.25
-2063453.75
-2065610.50
-2074298.02
-2020770.28
-2013990.32
-2100011.46
-2059258.50
-2055851.25
-2007893.80
-2066575.52
-2044529.50
-2024944.25
-2026723.88
-2036838.12
-2039465.50
-2047173.00
-1984834.40
-2034696.50
-2105790.15
-2063369.50
-2057055.30
-2036212.62
-2035525.62
-2035357.25
-2043738.25
-2037581.75
-2083228.03
