-1820483.82
-1768487.51
-1889294.17
-1863638.47
-1860799.93
-1886648.24
-1861967.30
-1864591.53
-1899774.93
-1876848.74
-1791190.26
-1844762.25
-1851858.75
-1859973.75
-1851932.38
-1861900.50
-1842552.40
-1877174.58
-1865022.38
-1794888.59
-1848731.43
-1854570.68
-1867208.46
-1858248.00
-1867138.25
-1864920.25
-1863017.50
-1849306.00
-1873768.08
-1860412.75
-1852275.84
-1834041.25
-1841297.25
-1848510.75
-1838529.62
-1847471.25
-1847261.25
-1846916.25
-1873994.05
-1860177.00
-1864833.91
-1849168.50
-1799845.22
-1837050.00
-1898361.41
-1858478.00
-1854182.25
-1795814.88
-1840125.60
-1852739.50
-1864534.75
-1863529.49
-1868295.41
-1833177.25
-1851654.14
-1863730.12
-1851596.00
-1848636.88
-1855084.00
-1842702.00
-1838886.50
-1854902.25
-1858978.50
-1842009.50
-1848927.75
-1866740.13
-1839379.00
-1844987.26
-1854750.06
-1817874.48
-1839470.38
-1869584.80
-1850533.38
-1852622.50
-1852565.12
-1872227.12
-1859319.25
-1860392.50
-1857188.75
-1855039.00
-1848441.25
-1853984.50
-1846167.82
-1838350.62
-1844020.88
-1847283.88
-1842722.75
-1831076.12
-1820993.00
-1807852.05
-1812726.00
-1867410.81
-1880280.46
-1869257.38
-1765603.61
-1870310.50
-1869468.00
-1808827.91
-1850834.88
-1842242.89
-1836734.33
-1817131.80
-1843421.07
-1856629.02
-1856864.00
-1883758.71
-1886813.15
-1866574.25
-1871775.67
-1870935.73
-1880772.61
-1875916.88
-1847418.50
-1817998.25
-1823401.38
-1871606.79
-1848722.50
-1858890.25
-1824467.50
-1868315.25
-1827268.54
-1842221.75
-1833550.75
-1846012.17
-1856170.25
-1868210.88
-1803127.80
-1856124.87
-1857476.12
-1850391.50
-1849196.21
-1853092.75
-1841700.25
-1849043.38
-1808695.90
-1830722.18
-1871642.19
-1814323.96
-1840536.22
-1861924.50
-1843148.50
-1846648.38
-1840928.50
-1864791.55
-1876437.16
-1843926.00
-1858651.59
-1908013.87
-1837376.02
-1869505.12
-1895371.97
-1833387.88
-1840206.25
-1831736.50
-1858786.50
-1852154.50
-1865166.44
-1850035.15
-1836192.62
-1858894.75
-1857990.00
-1864331.38
-1797577.32
-1852396.88
-1862738.50
-1863746.38
-1846802.23
-1825199.52
-1853286.25
-1859264.25
-1839940.88
-1869638.68
-1912645.31
-1868460.00
-1836926.25
-1858811.62
-1864846.47
-1918024.15
-1795111.96
-1847250.25
-1893207.19
-1865206.50
-1799451.95
-1830291.75
-1850619.25
-1919454.56
-1870147.61
