-1723156.37
-1683500.03
-1715080.87
-1701991.64
-1702461.31
-1741514.07
-1680282.98
-1690453.62
-1634940.45
-1684135.57
-1673712.50
-1668179.50
-1660029.75
-1698204.82
-1672755.77
-1671037.00
-1675045.43
-1674756.98
-1755594.34
-1693659.62
-1694349.88
-1680127.88
-1706522.98
-1654893.75
-1669079.12
-1700204.58
-1658905.39
-1744601.05
-1685061.75
-1663633.25
-1677950.75
-1665198.88
-1669413.25
-1647894.54
-1680610.09
-1683800.50
-1571764.14
-1726064.33
-1681646.00
-1682831.12
-1659648.48
-1678543.25
-1681008.88
-1676903.25
-1672225.75
-1719959.24
-1693705.62
-1666117.76
-1679888.25
-1674804.00
-1724280.82
-1675555.72
-1682928.12
-1679804.62
-1660226.99
-1664163.88
-1674215.50
-1707504.11
-1684433.75
-1675697.00
-1635374.61
-1668364.12
-1671954.00
-1709054.22
-1676393.19
-1676590.25
-1708508.34
-1671095.62
-1681048.50
-1682424.62
-1682336.75
-1695315.04
-1687309.38
-1678408.50
-1680457.50
-1682962.50
-1684146.88
-1765015.18
-1685186.00
-1691806.25
-1685865.25
-1684186.50
-1672012.75
-1614809.51
-1629514.02
-1654794.50
-1655994.50
-1647742.82
-1654905.25
-1706158.58
-1664681.62
-1719612.67
-1696689.50
-1684818.12
-1691531.00
-1695527.25
-1671695.69
-1671238.31
-1728271.74
-1712842.30
-1686348.75
-1688293.12
-1669200.88
-1676619.75
-1679766.43
-1688252.20
-1685853.00
-1684765.62
-1685887.00
-1674997.75
-1677945.00
-1673491.25
-1725575.58
-1653159.00
-1654320.00
-1650334.25
-1662259.13
-1658381.25
-1653196.50
-1731172.87
-1696535.75
-1652377.39
-1635769.96
-1657231.67
-1675730.25
-1682660.75
-1659354.00
-1659753.58
-1655265.50
-1670947.09
-1673487.00
-1676720.50
-1678080.00
-1676871.12
-1707107.21
-1670771.00
-1667217.25
-1676968.44
-1667481.78
-1662526.00
-1664449.62
-1661892.50
-1679021.36
-1666327.61
-1673498.50
-1686576.04
-1722526.23
-1672768.88
-1645572.42
-1670847.12
-1721457.24
-1682399.03
-1657488.00
-1657653.50
-1660131.25
-1653524.00
-1693079.30
-1690972.50
-1699204.75
-1690517.00
-1690569.25
-1678146.19
-1688414.50
-1686862.75
-1686279.50
-1677473.46
-1677552.00
-1679170.50
-1662869.88
-1682198.38
-1739227.15
-1693520.25
-1694989.00
-1691707.25
-1680221.88
-1683731.00
-1707388.70
-1701671.78
-1658289.75
-1669253.25
-1708223.25
-1687242.25
-1658358.69
