-1108400.85000 -1250264.98000 -1400072.55000 -1854195.87000 -1036421.09000 -1474630.71000 -1687923.96000 -2132218.48000
-1156621.27000 -1283547.44000 -1411735.72000 -1884662.74000 -1017610.40000 -1485379.65000 -1665346.71000 -2124983.54000
-1172739.50000 -1236417.11000 -1384166.98000 -1873672.50000 -1047558.43000 -1570105.94000 -1700480.39000 -2126889.51000
-1089665.28000 -1229463.74000 -1400881.57000 -1826554.40000 -1049121.69000 -1521209.52000 -1737887.11000 -2047948.07000
-1157641.31000 -1221999.14000 -1403975.96000 -1895515.97000 -1081678.56000 -1521516.11000 -1679854.38000 -2055999.81000
-1128505.38000 -1242736.25000 -1382545.50000 -1866524.00000 -1035831.06000 -1515699.50000 -1694562.25000 -2110451.26000
-1118243.03000 -1259718.09000 -1381528.50000 -1865436.50000 -1030953.00000 -1518388.12000 -1676228.00000 -2072704.88000
-1166105.28000 -1233456.84000 -1414961.13000 -1909195.55000 -1013832.49000 -1524513.63000 -1684062.12000 -2038113.18000
-1151627.81000 -1282740.02000 -1379917.00000 -1872751.41000 -1021015.44000 -1515119.00000 -1686057.38000 -2052191.00000
-1141646.75000 -1267673.45000 -1374074.75000 -1863249.75000 -1073925.90000 -1515751.25000 -1685589.62000 -2055798.75000
-1147972.99000 -1273439.50000 -1372653.25000 -1860208.67000 -1064950.25000 -1541584.75000 -1720254.25000 -2107764.58000
-1113242.02000 -1282105.62000 -1417814.54000 -1919227.18000 -1060368.00000 -1542259.62000 -1751780.80000 -2041277.68000
-1149820.19000 -1281716.00000 -1403957.25000 -1886040.50000 -1069958.83000 -1534076.69000 -1720393.50000 -1989674.21000
-1150703.26000 -1281942.88000 -1404019.25000 -1882135.50000 -1020659.18000 -1597500.12000 -1618094.58000 -2040350.41000
-1146168.09000 -1269958.00000 -1404588.00000 -1917298.96000 -1035497.12000 -1549608.25000 -1685289.50000 -2087357.99000
-1150302.38000 -1273077.25000 -1432816.98000 -1876901.25000 -1037891.38000 -1549309.21000 -1703741.00000 -2080317.54000
-1162927.46000 -1225582.19000 -1411291.88000 -1893347.50000 -1043737.75000 -1544956.90000 -1713854.25000 -1996290.73000
-1147942.00000 -1258690.38000 -1398933.00000 -1888894.50000 -1015759.50000 -1562165.99000 -1628693.53000 -2085007.92000
-1120008.41000 -1288744.52000 -1401441.25000 -1892300.50000 -1040065.62000 -1552333.62000 -1708979.75000 -2093228.12000
-1144844.50000 -1264696.50000 -1405689.25000 -1891302.52000 -1045131.50000 -1561729.23000 -1717499.25000 -1989674.21000
-1148024.12000 -1270120.75000 -1408758.25000 -1891881.50000 -1013266.18000 -1548597.75000 -1752709.33000 -2090553.75000
-1188376.33000 -1277640.74000 -1427486.73000 -1918202.82000 -1011628.67000 -1589127.12000 -1722984.24000 -2063700.28000
-1165356.88000 -1264616.69000 -1413166.25000 -1899603.50000 -1037274.25000 -1544222.92000 -1720080.54000 -2006779.93000
-1163606.93000 -1256511.60000 -1373778.56000 -1898984.88000 -1031981.88000 -1550572.50000 -1651386.99000 -2061444.75000
-1137427.67000 -1285526.38000 -1370119.13000 -1894496.62000 -1081223.31000 -1540594.50000 -1710010.00000 -2092247.21000
-1142484.19000 -1258614.31000 -1401491.00000 -1944508.36000 -1043759.50000 -1480089.67000 -1775409.36000 -2072010.16000
-1123002.65000 -1261482.75000 -1366357.74000 -1936692.21000 -1019747.09000 -1607872.21000 -1739489.30000 -2065651.33000
-1136438.75000 -1250613.25000 -1377863.25000 -1879805.75000 -985649.27000 -1561800.78000 -1694412.50000 -2069524.50000
-1109365.65000 -1251817.91000 -1396665.00000 -1893917.25000 -1031169.38000 -1551841.25000 -1669046.25000 -2080913.38000
-1159665.25000 -1264261.93000 -1385926.50000 -1918093.33000 -1072690.82000 -1535332.60000 -1664294.25000 -2078992.25000
-1101848.86000 -1252253.30000 -1421952.70000 -1939109.75000 -1039788.91000 -1512077.79000 -1678319.75000 -2058128.73000
-1132036.50000 -1261896.78000 -1374707.63000 -1882189.98000 -1040854.75000 -1524110.89000 -1682731.50000 -2063810.50000
-1154397.62000 -1222885.65000 -1391637.75000 -1875411.50000 -1046693.25000 -1537590.38000 -1703983.75000 -2070834.75000
-1119061.09000 -1254188.12000 -1418434.80000 -1868735.17000 -1053622.41000 -1574090.09000 -1675466.84000 -2118148.65000
-1113569.04000 -1253573.75000 -1413409.07000 -1883381.25000 -1047537.31000 -1499095.48000 -1745408.07000 -2070256.74000
-1156200.18000 -1256992.62000 -1374519.32000 -1881181.75000 -1026744.50000 -1550073.85000 -1720143.12000 -2078707.75000
-1142550.38000 -1256758.75000 -1386294.00000 -1801427.00000 -1045851.42000 -1537028.60000 -1693754.75000 -1989674.21000
-1142884.50000 -1278387.11000 -1401375.75000 -1876617.17000 -1040242.47000 -1546536.12000 -1698376.95000 -2074474.57000
-1123036.64000 -1273897.79000 -1368882.03000 -1840435.82000 -1044440.12000 -1551698.50000 -1707782.88000 -2100798.61000
-1146623.00000 -1264608.50000 -1395995.66000 -1853969.25000 -1043118.62000 -1544248.75000 -1709211.38000 -2109147.75000
