1.322171489999999894e+00 5.120000000000000107e-06 1.908080989999999977e+00 1.377221269999999942e+00 6.417069600000000484e-01 3.378755500000000245e-01
1.322171489999999894e+00 5.120000000000000107e-06 1.908080989999999977e+00 1.377221269999999942e+00 6.417069600000000484e-01 3.378755500000000245e-01
1.334105600000000003e+00 5.589999999999999842e-06 1.790351709999999930e+00 1.403557879999999924e+00 6.543581899999999507e-01 3.039833800000000252e-01
1.334105600000000003e+00 5.589999999999999842e-06 1.790351709999999930e+00 1.403557879999999924e+00 6.543581899999999507e-01 3.039833800000000252e-01
1.334105600000000003e+00 5.589999999999999842e-06 1.790351709999999930e+00 1.403557879999999924e+00 6.543581899999999507e-01 3.039833800000000252e-01
1.334105600000000003e+00 5.589999999999999842e-06 1.790351709999999930e+00 1.403557879999999924e+00 6.543581899999999507e-01 3.039833800000000252e-01
1.334105600000000003e+00 5.589999999999999842e-06 1.790351709999999930e+00 1.403557879999999924e+00 6.543581899999999507e-01 3.039833800000000252e-01
1.334105600000000003e+00 5.589999999999999842e-06 1.790351709999999930e+00 1.403557879999999924e+00 6.543581899999999507e-01 3.039833800000000252e-01
1.334105600000000003e+00 5.589999999999999842e-06 1.790351709999999930e+00 1.403557879999999924e+00 6.543581899999999507e-01 3.039833800000000252e-01
1.334105600000000003e+00 5.589999999999999842e-06 1.790351709999999930e+00 1.403557879999999924e+00 6.543581899999999507e-01 3.039833800000000252e-01
1.334105600000000003e+00 5.589999999999999842e-06 1.790351709999999930e+00 1.403557879999999924e+00 6.543581899999999507e-01 3.039833800000000252e-01
1.334105600000000003e+00 5.589999999999999842e-06 1.790351709999999930e+00 1.403557879999999924e+00 6.543581899999999507e-01 3.039833800000000252e-01
1.334105600000000003e+00 5.589999999999999842e-06 1.790351709999999930e+00 1.403557879999999924e+00 6.543581899999999507e-01 3.039833800000000252e-01
1.334105600000000003e+00 5.589999999999999842e-06 1.790351709999999930e+00 1.403557879999999924e+00 6.543581899999999507e-01 3.039833800000000252e-01
1.334105600000000003e+00 5.589999999999999842e-06 1.790351709999999930e+00 1.403557879999999924e+00 6.543581899999999507e-01 3.039833800000000252e-01
1.334105600000000003e+00 5.589999999999999842e-06 1.790351709999999930e+00 1.403557879999999924e+00 6.543581899999999507e-01 3.039833800000000252e-01
1.334105600000000003e+00 5.589999999999999842e-06 1.790351709999999930e+00 1.403557879999999924e+00 6.543581899999999507e-01 3.039833800000000252e-01
1.334105600000000003e+00 5.589999999999999842e-06 1.790351709999999930e+00 1.403557879999999924e+00 6.543581899999999507e-01 3.039833800000000252e-01
1.334105600000000003e+00 5.589999999999999842e-06 1.790351709999999930e+00 1.403557879999999924e+00 6.543581899999999507e-01 3.039833800000000252e-01
1.334105600000000003e+00 5.589999999999999842e-06 1.790351709999999930e+00 1.403557879999999924e+00 6.543581899999999507e-01 3.039833800000000252e-01
1.334105600000000003e+00 5.589999999999999842e-06 1.790351709999999930e+00 1.403557879999999924e+00 6.543581899999999507e-01 3.039833800000000252e-01
1.334105600000000003e+00 5.589999999999999842e-06 1.790351709999999930e+00 1.403557879999999924e+00 6.543581899999999507e-01 3.039833800000000252e-01
1.334105600000000003e+00 5.589999999999999842e-06 1.790351709999999930e+00 1.403557879999999924e+00 6.543581899999999507e-01 3.039833800000000252e-01
1.334105600000000003e+00 5.589999999999999842e-06 1.790351709999999930e+00 1.403557879999999924e+00 6.543581899999999507e-01 3.039833800000000252e-01
1.334105600000000003e+00 5.589999999999999842e-06 1.790351709999999930e+00 1.403557879999999924e+00 6.543581899999999507e-01 3.039833800000000252e-01
1.334105600000000003e+00 5.589999999999999842e-06 1.790351709999999930e+00 1.403557879999999924e+00 6.543581899999999507e-01 3.039833800000000252e-01
1.334105600000000003e+00 5.589999999999999842e-06 1.790351709999999930e+00 1.403557879999999924e+00 6.543581899999999507e-01 3.039833800000000252e-01
1.334105600000000003e+00 5.589999999999999842e-06 1.790351709999999930e+00 1.403557879999999924e+00 6.543581899999999507e-01 3.039833800000000252e-01
1.334105600000000003e+00 5.589999999999999842e-06 1.790351709999999930e+00 1.403557879999999924e+00 6.543581899999999507e-01 3.039833800000000252e-01
1.334105600000000003e+00 5.589999999999999842e-06 1.790351709999999930e+00 1.403557879999999924e+00 6.543581899999999507e-01 3.039833800000000252e-01
1.334105600000000003e+00 5.589999999999999842e-06 1.790351709999999930e+00 1.403557879999999924e+00 6.543581899999999507e-01 3.039833800000000252e-01
1.334105600000000003e+00 5.589999999999999842e-06 1.790351709999999930e+00 1.403557879999999924e+00 6.543581899999999507e-01 3.039833800000000252e-01
1.334105600000000003e+00 5.589999999999999842e-06 1.790351709999999930e+00 1.403557879999999924e+00 6.543581899999999507e-01 3.039833800000000252e-01
1.334105600000000003e+00 5.589999999999999842e-06 1.790351709999999930e+00 1.403557879999999924e+00 6.543581899999999507e-01 3.039833800000000252e-01
1.334105600000000003e+00 5.589999999999999842e-06 1.790351709999999930e+00 1.403557879999999924e+00 6.543581899999999507e-01 3.039833800000000252e-01
1.334105600000000003e+00 5.589999999999999842e-06 1.790351709999999930e+00 1.403557879999999924e+00 6.543581899999999507e-01 3.039833800000000252e-01
1.334105600000000003e+00 5.589999999999999842e-06 1.790351709999999930e+00 1.403557879999999924e+00 6.543581899999999507e-01 3.039833800000000252e-01
1.334105600000000003e+00 5.589999999999999842e-06 1.790351709999999930e+00 1.403557879999999924e+00 6.543581899999999507e-01 3.039833800000000252e-01
1.334105600000000003e+00 5.589999999999999842e-06 1.790351709999999930e+00 1.403557879999999924e+00 6.543581899999999507e-01 3.039833800000000252e-01
1.334105600000000003e+00 5.589999999999999842e-06 1.790351709999999930e+00 1.403557879999999924e+00 6.543581899999999507e-01 3.039833800000000252e-01
0.000000000000000000e+00 0.000000000000000000e+00 0.000000000000000000e+00 0.000000000000000000e+00 0.000000000000000000e+00 0.000000000000000000e+00
1.556306039999999946e+00 5.329999999999999791e-06 1.826484119999999933e+00 1.476319369999999909e+00 6.372265700000000477e-01 3.376337799999999945e-01
1.556306039999999946e+00 5.329999999999999791e-06 1.826484119999999933e+00 1.476319369999999909e+00 6.372265700000000477e-01 3.376337799999999945e-01
1.675016470000000091e+00 5.169999999999999628e-06 1.825292729999999919e+00 1.458262130000000045e+00 6.668876400000000038e-01 3.492502599999999791e-01
1.675016470000000091e+00 5.169999999999999628e-06 1.825292729999999919e+00 1.458262130000000045e+00 6.668876400000000038e-01 3.492502599999999791e-01
1.675016470000000091e+00 5.169999999999999628e-06 1.825292729999999919e+00 1.458262130000000045e+00 6.668876400000000038e-01 3.492502599999999791e-01
1.675016470000000091e+00 5.169999999999999628e-06 1.825292729999999919e+00 1.458262130000000045e+00 6.668876400000000038e-01 3.492502599999999791e-01
1.804001490000000096e+00 5.399999999999999967e-06 1.683503779999999894e+00 1.384719239999999907e+00 6.514559599999999451e-01 3.632041400000000086e-01
1.804001490000000096e+00 5.399999999999999967e-06 1.683503779999999894e+00 1.384719239999999907e+00 6.514559599999999451e-01 3.632041400000000086e-01
1.804001490000000096e+00 5.399999999999999967e-06 1.683503779999999894e+00 1.384719239999999907e+00 6.514559599999999451e-01 3.632041400000000086e-01
1.804001490000000096e+00 5.399999999999999967e-06 1.683503779999999894e+00 1.384719239999999907e+00 6.514559599999999451e-01 3.632041400000000086e-01
1.804001490000000096e+00 5.399999999999999967e-06 1.683503779999999894e+00 1.384719239999999907e+00 6.514559599999999451e-01 3.632041400000000086e-01
1.788576670000000091e+00 5.380000000000000159e-06 1.804212389999999999e+00 1.236135079999999942e+00 6.351452899999999735e-01 3.595641500000000268e-01
1.788576670000000091e+00 5.380000000000000159e-06 1.804212389999999999e+00 1.236135079999999942e+00 6.351452899999999735e-01 3.595641500000000268e-01
1.788576670000000091e+00 5.380000000000000159e-06 1.804212389999999999e+00 1.236135079999999942e+00 6.351452899999999735e-01 3.595641500000000268e-01
1.788576670000000091e+00 5.380000000000000159e-06 1.804212389999999999e+00 1.236135079999999942e+00 6.351452899999999735e-01 3.595641500000000268e-01
1.788576670000000091e+00 5.380000000000000159e-06 1.804212389999999999e+00 1.236135079999999942e+00 6.351452899999999735e-01 3.595641500000000268e-01
1.788576670000000091e+00 5.380000000000000159e-06 1.804212389999999999e+00 1.236135079999999942e+00 6.351452899999999735e-01 3.595641500000000268e-01
1.788576670000000091e+00 5.380000000000000159e-06 1.804212389999999999e+00 1.236135079999999942e+00 6.351452899999999735e-01 3.595641500000000268e-01
1.788576670000000091e+00 5.380000000000000159e-06 1.804212389999999999e+00 1.236135079999999942e+00 6.351452899999999735e-01 5.166698699999999755e-01
1.788576670000000091e+00 5.380000000000000159e-06 1.804212389999999999e+00 1.236135079999999942e+00 6.351452899999999735e-01 5.166698699999999755e-01
1.788576670000000091e+00 5.380000000000000159e-06 1.804212389999999999e+00 1.236135079999999942e+00 6.351452899999999735e-01 5.166698699999999755e-01
1.788576670000000091e+00 5.380000000000000159e-06 1.804212389999999999e+00 1.236135079999999942e+00 6.351452899999999735e-01 5.166698699999999755e-01
1.788576670000000091e+00 5.380000000000000159e-06 1.804212389999999999e+00 1.236135079999999942e+00 6.351452899999999735e-01 5.166698699999999755e-01
1.788576670000000091e+00 5.380000000000000159e-06 1.804212389999999999e+00 1.236135079999999942e+00 6.351452899999999735e-01 5.166698699999999755e-01
1.788576670000000091e+00 5.380000000000000159e-06 1.804212389999999999e+00 1.236135079999999942e+00 6.351452899999999735e-01 5.166698699999999755e-01
1.788576670000000091e+00 5.380000000000000159e-06 1.804212389999999999e+00 1.236135079999999942e+00 6.351452899999999735e-01 5.166698699999999755e-01
1.788576670000000091e+00 5.380000000000000159e-06 1.804212389999999999e+00 1.236135079999999942e+00 6.351452899999999735e-01 5.166698699999999755e-01
1.788576670000000091e+00 5.380000000000000159e-06 1.804212389999999999e+00 1.236135079999999942e+00 6.351452899999999735e-01 5.166698699999999755e-01
1.788576670000000091e+00 5.380000000000000159e-06 1.804212389999999999e+00 1.236135079999999942e+00 6.351452899999999735e-01 5.166698699999999755e-01
1.788576670000000091e+00 5.380000000000000159e-06 1.804212389999999999e+00 1.236135079999999942e+00 6.351452899999999735e-01 5.166698699999999755e-01
1.788576670000000091e+00 5.380000000000000159e-06 1.804212389999999999e+00 1.236135079999999942e+00 6.351452899999999735e-01 5.166698699999999755e-01
1.788576670000000091e+00 5.380000000000000159e-06 1.804212389999999999e+00 1.236135079999999942e+00 6.351452899999999735e-01 5.166698699999999755e-01
1.788576670000000091e+00 5.380000000000000159e-06 1.804212389999999999e+00 1.236135079999999942e+00 6.351452899999999735e-01 5.166698699999999755e-01
1.788576670000000091e+00 5.380000000000000159e-06 1.804212389999999999e+00 1.236135079999999942e+00 6.351452899999999735e-01 5.166698699999999755e-01
1.788576670000000091e+00 5.380000000000000159e-06 1.804212389999999999e+00 1.236135079999999942e+00 6.351452899999999735e-01 5.166698699999999755e-01
1.788576670000000091e+00 5.380000000000000159e-06 1.804212389999999999e+00 1.236135079999999942e+00 6.351452899999999735e-01 5.166698699999999755e-01
1.788576670000000091e+00 5.380000000000000159e-06 1.804212389999999999e+00 1.236135079999999942e+00 6.351452899999999735e-01 5.166698699999999755e-01
1.788576670000000091e+00 5.380000000000000159e-06 1.804212389999999999e+00 1.236135079999999942e+00 6.351452899999999735e-01 5.166698699999999755e-01
7.489810599999999763e-01 5.380000000000000159e-06 1.860088849999999905e+00 1.236135079999999942e+00 6.351452899999999735e-01 3.062459499999999890e-01
0.000000000000000000e+00 0.000000000000000000e+00 0.000000000000000000e+00 0.000000000000000000e+00 0.000000000000000000e+00 0.000000000000000000e+00
1.477280240000000022e+00 5.849999999999999894e-06 1.989371640000000108e+00 1.237800049999999930e+00 6.299141900000000405e-01 3.172233300000000256e-01
1.369787609999999933e+00 5.480000000000000048e-06 1.942325089999999976e+00 1.104133459999999900e+00 6.456251200000000523e-01 3.455161900000000008e-01
1.369787609999999933e+00 5.480000000000000048e-06 1.942325089999999976e+00 1.104133459999999900e+00 6.456251200000000523e-01 3.455161900000000008e-01
1.369787609999999933e+00 5.480000000000000048e-06 1.942325089999999976e+00 1.104133459999999900e+00 6.456251200000000523e-01 3.455161900000000008e-01
1.369787609999999933e+00 5.480000000000000048e-06 1.942325089999999976e+00 1.104133459999999900e+00 6.456251200000000523e-01 3.455161900000000008e-01
1.369787609999999933e+00 5.480000000000000048e-06 1.942325089999999976e+00 1.104133459999999900e+00 6.456251200000000523e-01 3.455161900000000008e-01
1.229040609999999978e+00 5.769999999999999813e-06 1.992866239999999900e+00 1.304285460000000008e+00 6.652981100000000536e-01 3.736545299999999847e-01
1.229040609999999978e+00 5.769999999999999813e-06 1.992866239999999900e+00 1.304285460000000008e+00 6.652981100000000536e-01 3.736545299999999847e-01
1.229040609999999978e+00 5.769999999999999813e-06 1.992866239999999900e+00 1.304285460000000008e+00 6.652981100000000536e-01 3.736545299999999847e-01
1.229040609999999978e+00 5.769999999999999813e-06 1.992866239999999900e+00 1.304285460000000008e+00 6.652981100000000536e-01 3.736545299999999847e-01
1.294228809999999896e+00 5.530000000000000417e-06 1.997700239999999905e+00 1.298293560000000069e+00 6.637442399999999854e-01 3.388936499999999907e-01
1.294228809999999896e+00 5.530000000000000417e-06 1.997700239999999905e+00 1.298293560000000069e+00 6.637442399999999854e-01 3.388936499999999907e-01
1.294228809999999896e+00 5.530000000000000417e-06 1.997700239999999905e+00 1.298293560000000069e+00 6.637442399999999854e-01 3.388936499999999907e-01
1.294228809999999896e+00 5.530000000000000417e-06 1.997700239999999905e+00 1.298293560000000069e+00 6.637442399999999854e-01 3.388936499999999907e-01
1.294228809999999896e+00 5.530000000000000417e-06 1.997700239999999905e+00 1.298293560000000069e+00 6.637442399999999854e-01 3.388936499999999907e-01
1.294228809999999896e+00 5.530000000000000417e-06 1.997700239999999905e+00 1.298293560000000069e+00 6.637442399999999854e-01 3.388936499999999907e-01
1.294228809999999896e+00 5.530000000000000417e-06 1.997700239999999905e+00 1.298293560000000069e+00 6.637442399999999854e-01 3.388936499999999907e-01
1.294228809999999896e+00 5.530000000000000417e-06 1.997700239999999905e+00 1.298293560000000069e+00 6.637442399999999854e-01 3.388936499999999907e-01
1.294228809999999896e+00 5.530000000000000417e-06 1.997700239999999905e+00 1.298293560000000069e+00 6.637442399999999854e-01 3.388936499999999907e-01
1.294228809999999896e+00 5.530000000000000417e-06 1.997700239999999905e+00 1.298293560000000069e+00 6.637442399999999854e-01 3.388936499999999907e-01
1.294228809999999896e+00 5.530000000000000417e-06 1.997700239999999905e+00 1.298293560000000069e+00 6.637442399999999854e-01 3.388936499999999907e-01
1.294228809999999896e+00 5.530000000000000417e-06 1.997700239999999905e+00 1.298293560000000069e+00 6.637442399999999854e-01 3.388936499999999907e-01
1.294228809999999896e+00 5.530000000000000417e-06 1.997700239999999905e+00 1.298293560000000069e+00 6.637442399999999854e-01 3.388936499999999907e-01
1.294228809999999896e+00 5.530000000000000417e-06 1.997700239999999905e+00 1.298293560000000069e+00 6.637442399999999854e-01 3.388936499999999907e-01
1.294228809999999896e+00 5.530000000000000417e-06 1.997700239999999905e+00 1.298293560000000069e+00 6.637442399999999854e-01 3.388936499999999907e-01
1.294228809999999896e+00 5.530000000000000417e-06 1.997700239999999905e+00 1.298293560000000069e+00 6.637442399999999854e-01 3.388936499999999907e-01
1.294228809999999896e+00 5.530000000000000417e-06 1.997700239999999905e+00 1.298293560000000069e+00 6.637442399999999854e-01 3.388936499999999907e-01
1.294228809999999896e+00 5.530000000000000417e-06 1.997700239999999905e+00 1.298293560000000069e+00 6.637442399999999854e-01 3.388936499999999907e-01
1.294228809999999896e+00 5.530000000000000417e-06 1.997700239999999905e+00 1.298293560000000069e+00 6.637442399999999854e-01 3.388936499999999907e-01
1.294228809999999896e+00 5.530000000000000417e-06 1.997700239999999905e+00 1.298293560000000069e+00 6.637442399999999854e-01 3.388936499999999907e-01
1.294228809999999896e+00 5.530000000000000417e-06 1.997700239999999905e+00 1.298293560000000069e+00 6.637442399999999854e-01 3.388936499999999907e-01
1.294228809999999896e+00 5.530000000000000417e-06 1.997700239999999905e+00 1.298293560000000069e+00 6.637442399999999854e-01 3.388936499999999907e-01
1.294228809999999896e+00 5.530000000000000417e-06 1.997700239999999905e+00 1.298293560000000069e+00 6.637442399999999854e-01 3.388936499999999907e-01
1.294228809999999896e+00 5.530000000000000417e-06 1.997700239999999905e+00 1.298293560000000069e+00 6.637442399999999854e-01 3.388936499999999907e-01
1.294228809999999896e+00 5.530000000000000417e-06 1.997700239999999905e+00 1.298293560000000069e+00 6.637442399999999854e-01 3.388936499999999907e-01
1.294228809999999896e+00 5.530000000000000417e-06 1.997700239999999905e+00 1.298293560000000069e+00 6.637442399999999854e-01 3.388936499999999907e-01
1.294228809999999896e+00 5.530000000000000417e-06 1.997700239999999905e+00 1.298293560000000069e+00 6.637442399999999854e-01 3.388936499999999907e-01
1.213213639999999982e+00 5.530000000000000417e-06 1.806090280000000048e+00 7.587540000000000395e-01 6.012496800000000086e-01 3.388936499999999907e-01
1.213213639999999982e+00 5.530000000000000417e-06 1.806090280000000048e+00 7.587540000000000395e-01 6.012496800000000086e-01 3.388936499999999907e-01
1.530584619999999951e+00 5.720000000000000292e-06 1.986332060000000066e+00 1.490459530000000088e+00 6.390495600000000165e-01 3.363181299999999929e-01
1.522045660000000078e+00 5.810000000000000277e-06 1.983554409999999990e+00 1.757269689999999995e+00 6.217749700000000379e-01 3.169354799999999917e-01
1.502317469999999933e+00 5.859999999999999798e-06 1.979284440000000034e+00 1.538363900000000006e+00 6.150727200000000172e-01 3.169354799999999917e-01
1.502317469999999933e+00 5.859999999999999798e-06 1.979284440000000034e+00 1.538363900000000006e+00 6.150727200000000172e-01 3.169354799999999917e-01
1.502317469999999933e+00 5.859999999999999798e-06 1.979284440000000034e+00 1.538363900000000006e+00 6.150727200000000172e-01 3.169354799999999917e-01
1.502317469999999933e+00 5.859999999999999798e-06 1.979284440000000034e+00 1.538363900000000006e+00 6.150727200000000172e-01 3.169354799999999917e-01
1.502317469999999933e+00 5.859999999999999798e-06 1.979284440000000034e+00 1.538363900000000006e+00 6.150727200000000172e-01 3.169354799999999917e-01
1.502317469999999933e+00 5.859999999999999798e-06 1.979284440000000034e+00 1.538363900000000006e+00 6.150727200000000172e-01 3.169354799999999917e-01
1.502317469999999933e+00 5.859999999999999798e-06 1.979284440000000034e+00 1.538363900000000006e+00 6.150727200000000172e-01 3.169354799999999917e-01
1.502317469999999933e+00 5.859999999999999798e-06 1.979284440000000034e+00 1.538363900000000006e+00 6.150727200000000172e-01 3.169354799999999917e-01
1.502317469999999933e+00 5.859999999999999798e-06 1.979284440000000034e+00 1.538363900000000006e+00 6.150727200000000172e-01 3.169354799999999917e-01
1.502317469999999933e+00 5.859999999999999798e-06 1.979284440000000034e+00 1.538363900000000006e+00 6.150727200000000172e-01 3.169354799999999917e-01
1.502317469999999933e+00 5.859999999999999798e-06 1.979284440000000034e+00 1.538363900000000006e+00 6.150727200000000172e-01 3.169354799999999917e-01
1.502317469999999933e+00 5.859999999999999798e-06 1.979284440000000034e+00 1.538363900000000006e+00 6.150727200000000172e-01 3.169354799999999917e-01
1.502317469999999933e+00 5.859999999999999798e-06 1.979284440000000034e+00 1.538363900000000006e+00 6.150727200000000172e-01 3.169354799999999917e-01
1.502317469999999933e+00 5.859999999999999798e-06 1.979284440000000034e+00 1.538363900000000006e+00 6.150727200000000172e-01 3.169354799999999917e-01
1.502317469999999933e+00 5.859999999999999798e-06 1.979284440000000034e+00 1.538363900000000006e+00 6.150727200000000172e-01 3.169354799999999917e-01
1.502317469999999933e+00 5.859999999999999798e-06 1.979284440000000034e+00 1.538363900000000006e+00 6.150727200000000172e-01 3.169354799999999917e-01
1.502317469999999933e+00 5.859999999999999798e-06 1.979284440000000034e+00 1.538363900000000006e+00 6.150727200000000172e-01 3.169354799999999917e-01
1.502317469999999933e+00 5.859999999999999798e-06 1.979284440000000034e+00 1.538363900000000006e+00 6.150727200000000172e-01 3.169354799999999917e-01
1.502317469999999933e+00 5.859999999999999798e-06 1.979284440000000034e+00 1.538363900000000006e+00 6.150727200000000172e-01 3.169354799999999917e-01
1.502317469999999933e+00 5.859999999999999798e-06 1.979284440000000034e+00 1.538363900000000006e+00 6.150727200000000172e-01 3.169354799999999917e-01
1.502317469999999933e+00 5.859999999999999798e-06 1.979284440000000034e+00 1.538363900000000006e+00 6.150727200000000172e-01 3.169354799999999917e-01
1.502317469999999933e+00 5.859999999999999798e-06 1.979284440000000034e+00 1.538363900000000006e+00 6.150727200000000172e-01 3.169354799999999917e-01
1.502317469999999933e+00 5.859999999999999798e-06 1.979284440000000034e+00 1.538363900000000006e+00 6.150727200000000172e-01 3.169354799999999917e-01
1.502317469999999933e+00 5.859999999999999798e-06 1.979284440000000034e+00 1.538363900000000006e+00 6.150727200000000172e-01 3.169354799999999917e-01
1.502317469999999933e+00 5.859999999999999798e-06 1.979284440000000034e+00 1.538363900000000006e+00 6.150727200000000172e-01 3.169354799999999917e-01
1.502317469999999933e+00 5.859999999999999798e-06 1.979284440000000034e+00 1.538363900000000006e+00 6.150727200000000172e-01 3.169354799999999917e-01
1.502317469999999933e+00 5.859999999999999798e-06 1.979284440000000034e+00 1.538363900000000006e+00 6.150727200000000172e-01 3.169354799999999917e-01
1.502317469999999933e+00 5.859999999999999798e-06 1.979284440000000034e+00 1.538363900000000006e+00 6.150727200000000172e-01 3.169354799999999917e-01
1.502317469999999933e+00 5.859999999999999798e-06 1.979284440000000034e+00 1.538363900000000006e+00 6.150727200000000172e-01 3.169354799999999917e-01
1.502317469999999933e+00 5.859999999999999798e-06 1.979284440000000034e+00 1.538363900000000006e+00 6.150727200000000172e-01 3.169354799999999917e-01
1.502317469999999933e+00 5.859999999999999798e-06 1.979284440000000034e+00 1.538363900000000006e+00 6.150727200000000172e-01 3.169354799999999917e-01
1.502317469999999933e+00 5.859999999999999798e-06 1.979284440000000034e+00 1.538363900000000006e+00 6.150727200000000172e-01 3.169354799999999917e-01
1.502317469999999933e+00 5.859999999999999798e-06 1.979284440000000034e+00 1.538363900000000006e+00 6.150727200000000172e-01 3.169354799999999917e-01
1.502317469999999933e+00 5.859999999999999798e-06 1.979284440000000034e+00 1.538363900000000006e+00 6.150727200000000172e-01 3.169354799999999917e-01
1.502317469999999933e+00 5.859999999999999798e-06 1.979284440000000034e+00 1.538363900000000006e+00 6.150727200000000172e-01 3.169354799999999917e-01
1.502317469999999933e+00 5.859999999999999798e-06 1.979284440000000034e+00 1.538363900000000006e+00 6.150727200000000172e-01 3.169354799999999917e-01
1.502317469999999933e+00 5.859999999999999798e-06 1.979284440000000034e+00 1.538363900000000006e+00 6.150727200000000172e-01 3.169354799999999917e-01
1.502317469999999933e+00 5.859999999999999798e-06 1.979284440000000034e+00 1.538363900000000006e+00 6.150727200000000172e-01 3.169354799999999917e-01
0.000000000000000000e+00 0.000000000000000000e+00 0.000000000000000000e+00 0.000000000000000000e+00 0.000000000000000000e+00 0.000000000000000000e+00
0.000000000000000000e+00 0.000000000000000000e+00 0.000000000000000000e+00 0.000000000000000000e+00 0.000000000000000000e+00 0.000000000000000000e+00
0.000000000000000000e+00 0.000000000000000000e+00 0.000000000000000000e+00 0.000000000000000000e+00 0.000000000000000000e+00 0.000000000000000000e+00
0.000000000000000000e+00 0.000000000000000000e+00 0.000000000000000000e+00 0.000000000000000000e+00 0.000000000000000000e+00 0.000000000000000000e+00
0.000000000000000000e+00 0.000000000000000000e+00 0.000000000000000000e+00 0.000000000000000000e+00 0.000000000000000000e+00 0.000000000000000000e+00
0.000000000000000000e+00 0.000000000000000000e+00 0.000000000000000000e+00 0.000000000000000000e+00 0.000000000000000000e+00 0.000000000000000000e+00
0.000000000000000000e+00 0.000000000000000000e+00 0.000000000000000000e+00 0.000000000000000000e+00 0.000000000000000000e+00 0.000000000000000000e+00
1.417280270000000009e+00 5.660000000000000019e-06 1.952567830000000004e+00 1.494174609999999959e+00 6.440809800000000251e-01 3.464366799999999968e-01
1.417280270000000009e+00 5.660000000000000019e-06 1.952567830000000004e+00 1.494174609999999959e+00 6.440809800000000251e-01 3.464366799999999968e-01
1.417280270000000009e+00 5.660000000000000019e-06 1.952567830000000004e+00 1.494174609999999959e+00 6.440809800000000251e-01 3.464366799999999968e-01
1.417280270000000009e+00 5.660000000000000019e-06 1.952567830000000004e+00 1.494174609999999959e+00 6.440809800000000251e-01 3.464366799999999968e-01
1.513330049999999982e+00 5.499999999999999857e-06 1.952567830000000004e+00 1.569872280000000009e+00 6.390208499999999736e-01 3.695285099999999767e-01
1.512318169999999906e+00 5.699999999999999636e-06 1.952567830000000004e+00 1.643106299999999909e+00 6.392484699999999576e-01 3.573801999999999812e-01
1.512318169999999906e+00 5.699999999999999636e-06 1.952567830000000004e+00 1.643106299999999909e+00 6.392484699999999576e-01 3.573801999999999812e-01
1.512318169999999906e+00 5.699999999999999636e-06 1.952567830000000004e+00 1.643106299999999909e+00 6.392484699999999576e-01 3.573801999999999812e-01
1.512318169999999906e+00 5.699999999999999636e-06 1.952567830000000004e+00 1.643106299999999909e+00 6.392484699999999576e-01 3.573801999999999812e-01
1.512318169999999906e+00 5.699999999999999636e-06 1.952567830000000004e+00 1.643106299999999909e+00 6.392484699999999576e-01 3.573801999999999812e-01
1.512318169999999906e+00 5.699999999999999636e-06 1.952567830000000004e+00 1.643106299999999909e+00 6.392484699999999576e-01 3.573801999999999812e-01
1.512318169999999906e+00 5.699999999999999636e-06 1.952567830000000004e+00 1.643106299999999909e+00 6.392484699999999576e-01 3.573801999999999812e-01
1.512318169999999906e+00 5.699999999999999636e-06 1.952567830000000004e+00 1.643106299999999909e+00 6.392484699999999576e-01 3.573801999999999812e-01
1.512318169999999906e+00 5.699999999999999636e-06 1.952567830000000004e+00 1.643106299999999909e+00 6.392484699999999576e-01 3.573801999999999812e-01
1.512318169999999906e+00 5.699999999999999636e-06 1.952567830000000004e+00 1.643106299999999909e+00 6.392484699999999576e-01 3.573801999999999812e-01
1.512318169999999906e+00 5.699999999999999636e-06 1.952567830000000004e+00 1.643106299999999909e+00 6.392484699999999576e-01 3.573801999999999812e-01
1.512318169999999906e+00 5.699999999999999636e-06 1.952567830000000004e+00 1.643106299999999909e+00 6.392484699999999576e-01 3.573801999999999812e-01
1.512318169999999906e+00 5.699999999999999636e-06 1.952567830000000004e+00 1.643106299999999909e+00 6.392484699999999576e-01 3.573801999999999812e-01
1.512318169999999906e+00 5.699999999999999636e-06 1.952567830000000004e+00 1.643106299999999909e+00 6.392484699999999576e-01 3.573801999999999812e-01
1.512318169999999906e+00 5.699999999999999636e-06 1.952567830000000004e+00 1.643106299999999909e+00 6.392484699999999576e-01 3.573801999999999812e-01
1.512318169999999906e+00 5.699999999999999636e-06 1.952567830000000004e+00 1.643106299999999909e+00 6.392484699999999576e-01 3.573801999999999812e-01
1.512318169999999906e+00 5.699999999999999636e-06 1.952567830000000004e+00 1.643106299999999909e+00 6.392484699999999576e-01 3.573801999999999812e-01
1.512318169999999906e+00 5.699999999999999636e-06 1.952567830000000004e+00 1.643106299999999909e+00 6.392484699999999576e-01 3.573801999999999812e-01
1.512318169999999906e+00 5.699999999999999636e-06 1.952567830000000004e+00 1.643106299999999909e+00 6.392484699999999576e-01 3.573801999999999812e-01
1.512318169999999906e+00 5.699999999999999636e-06 1.952567830000000004e+00 1.643106299999999909e+00 6.392484699999999576e-01 3.573801999999999812e-01
1.512318169999999906e+00 5.699999999999999636e-06 1.952567830000000004e+00 1.643106299999999909e+00 6.392484699999999576e-01 3.573801999999999812e-01
1.512318169999999906e+00 5.699999999999999636e-06 1.952567830000000004e+00 1.643106299999999909e+00 6.392484699999999576e-01 3.573801999999999812e-01
1.512318169999999906e+00 5.699999999999999636e-06 1.952567830000000004e+00 1.643106299999999909e+00 6.392484699999999576e-01 3.573801999999999812e-01
1.512318169999999906e+00 5.699999999999999636e-06 1.952567830000000004e+00 1.643106299999999909e+00 6.392484699999999576e-01 3.573801999999999812e-01
1.512318169999999906e+00 5.699999999999999636e-06 1.952567830000000004e+00 8.845884999999999998e-01 6.392484699999999576e-01 3.573801999999999812e-01
1.512318169999999906e+00 5.699999999999999636e-06 1.952567830000000004e+00 8.845884999999999998e-01 6.392484699999999576e-01 3.573801999999999812e-01
1.512318169999999906e+00 5.699999999999999636e-06 1.952567830000000004e+00 8.845884999999999998e-01 6.392484699999999576e-01 3.573801999999999812e-01
1.512318169999999906e+00 5.699999999999999636e-06 1.952567830000000004e+00 8.845884999999999998e-01 6.392484699999999576e-01 3.573801999999999812e-01
1.332569249999999927e+00 5.380000000000000159e-06 1.990933910000000084e+00 1.247463369999999960e+00 6.700220099999999457e-01 3.478420300000000243e-01
1.698070629999999914e+00 5.399999999999999967e-06 1.990933910000000084e+00 1.197699419999999959e+00 6.687269799999999709e-01 3.474779700000000249e-01
1.698070629999999914e+00 5.399999999999999967e-06 1.990933910000000084e+00 1.197699419999999959e+00 6.687269799999999709e-01 3.474779700000000249e-01
1.698070629999999914e+00 5.399999999999999967e-06 1.990933910000000084e+00 1.197699419999999959e+00 6.687269799999999709e-01 3.474779700000000249e-01
1.698070629999999914e+00 5.399999999999999967e-06 1.990933910000000084e+00 1.197699419999999959e+00 6.687269799999999709e-01 3.474779700000000249e-01
1.698070629999999914e+00 5.399999999999999967e-06 1.990933910000000084e+00 1.197699419999999959e+00 6.687269799999999709e-01 3.474779700000000249e-01
1.739474100000000023e+00 5.439999999999999584e-06 1.954859609999999970e+00 1.300116940000000110e+00 6.821554100000000176e-01 3.225949000000000177e-01
1.739474100000000023e+00 5.439999999999999584e-06 1.954859609999999970e+00 1.300116940000000110e+00 6.821554100000000176e-01 3.225949000000000177e-01
1.739474100000000023e+00 5.439999999999999584e-06 1.954859609999999970e+00 1.300116940000000110e+00 6.821554100000000176e-01 3.225949000000000177e-01
1.739474100000000023e+00 5.439999999999999584e-06 1.954859609999999970e+00 1.300116940000000110e+00 6.821554100000000176e-01 3.225949000000000177e-01
1.739474100000000023e+00 5.439999999999999584e-06 1.954859609999999970e+00 1.300116940000000110e+00 6.821554100000000176e-01 3.225949000000000177e-01
1.739474100000000023e+00 5.439999999999999584e-06 1.954859609999999970e+00 1.300116940000000110e+00 6.821554100000000176e-01 3.225949000000000177e-01
1.739474100000000023e+00 5.439999999999999584e-06 1.954859609999999970e+00 1.300116940000000110e+00 6.821554100000000176e-01 3.225949000000000177e-01
1.644238220000000084e+00 5.530000000000000417e-06 1.993863270000000076e+00 1.267886920000000028e+00 6.742371299999999623e-01 3.019371800000000272e-01
1.644238220000000084e+00 5.530000000000000417e-06 1.993863270000000076e+00 1.267886920000000028e+00 6.742371299999999623e-01 3.019371800000000272e-01
1.644238220000000084e+00 5.530000000000000417e-06 1.993863270000000076e+00 1.267886920000000028e+00 6.742371299999999623e-01 3.019371800000000272e-01
1.644238220000000084e+00 5.530000000000000417e-06 1.993863270000000076e+00 1.267886920000000028e+00 6.742371299999999623e-01 3.019371800000000272e-01
1.644238220000000084e+00 5.530000000000000417e-06 1.993863270000000076e+00 1.267886920000000028e+00 6.742371299999999623e-01 3.019371800000000272e-01
1.644238220000000084e+00 5.530000000000000417e-06 1.993863270000000076e+00 1.267886920000000028e+00 6.742371299999999623e-01 3.019371800000000272e-01
1.644238220000000084e+00 5.530000000000000417e-06 1.993863270000000076e+00 1.267886920000000028e+00 6.742371299999999623e-01 3.019371800000000272e-01
1.644238220000000084e+00 5.530000000000000417e-06 1.993863270000000076e+00 1.267886920000000028e+00 6.742371299999999623e-01 3.019371800000000272e-01
1.644238220000000084e+00 5.530000000000000417e-06 1.993863270000000076e+00 1.267886920000000028e+00 6.742371299999999623e-01 3.019371800000000272e-01
1.644238220000000084e+00 5.530000000000000417e-06 1.993863270000000076e+00 1.267886920000000028e+00 6.742371299999999623e-01 3.019371800000000272e-01
1.644238220000000084e+00 5.530000000000000417e-06 1.993863270000000076e+00 1.267886920000000028e+00 6.742371299999999623e-01 3.019371800000000272e-01
1.644238220000000084e+00 5.530000000000000417e-06 1.993863270000000076e+00 1.267886920000000028e+00 6.742371299999999623e-01 3.019371800000000272e-01
1.644238220000000084e+00 5.530000000000000417e-06 1.993863270000000076e+00 1.267886920000000028e+00 6.742371299999999623e-01 3.019371800000000272e-01
1.644238220000000084e+00 5.530000000000000417e-06 1.993863270000000076e+00 1.267886920000000028e+00 6.742371299999999623e-01 3.019371800000000272e-01
1.644238220000000084e+00 5.530000000000000417e-06 1.993863270000000076e+00 1.267886920000000028e+00 6.742371299999999623e-01 3.019371800000000272e-01
1.644238220000000084e+00 5.530000000000000417e-06 1.993863270000000076e+00 1.267886920000000028e+00 6.742371299999999623e-01 3.019371800000000272e-01
1.644238220000000084e+00 5.530000000000000417e-06 1.993863270000000076e+00 1.267886920000000028e+00 6.742371299999999623e-01 3.019371800000000272e-01
1.644238220000000084e+00 5.530000000000000417e-06 1.993863270000000076e+00 1.267886920000000028e+00 6.742371299999999623e-01 3.019371800000000272e-01
1.644238220000000084e+00 5.530000000000000417e-06 1.993863270000000076e+00 1.267886920000000028e+00 6.742371299999999623e-01 3.019371800000000272e-01
1.644238220000000084e+00 5.530000000000000417e-06 1.993863270000000076e+00 1.267886920000000028e+00 6.742371299999999623e-01 3.019371800000000272e-01
1.644238220000000084e+00 5.530000000000000417e-06 1.993863270000000076e+00 1.267886920000000028e+00 6.742371299999999623e-01 3.019371800000000272e-01
1.644238220000000084e+00 5.530000000000000417e-06 1.993863270000000076e+00 1.267886920000000028e+00 6.742371299999999623e-01 3.019371800000000272e-01
1.644238220000000084e+00 5.530000000000000417e-06 1.993863270000000076e+00 1.267886920000000028e+00 6.742371299999999623e-01 3.019371800000000272e-01
1.644238220000000084e+00 5.530000000000000417e-06 1.993863270000000076e+00 1.267886920000000028e+00 6.742371299999999623e-01 3.019371800000000272e-01
1.644238220000000084e+00 5.530000000000000417e-06 1.993863270000000076e+00 1.267886920000000028e+00 6.742371299999999623e-01 3.019371800000000272e-01
1.644238220000000084e+00 5.530000000000000417e-06 1.993863270000000076e+00 1.267886920000000028e+00 6.742371299999999623e-01 3.019371800000000272e-01
1.644238220000000084e+00 5.530000000000000417e-06 1.993863270000000076e+00 1.267886920000000028e+00 6.742371299999999623e-01 3.019371800000000272e-01
0.000000000000000000e+00 0.000000000000000000e+00 0.000000000000000000e+00 0.000000000000000000e+00 0.000000000000000000e+00 0.000000000000000000e+00
1.605735740000000078e+00 5.450000000000000336e-06 1.911618819999999941e+00 1.549489630000000062e+00 6.004363700000000525e-01 3.602163899999999974e-01
1.620998649999999985e+00 5.660000000000000019e-06 1.938615219999999972e+00 1.569074939999999918e+00 6.040851499999999596e-01 3.481655799999999745e-01
1.620998649999999985e+00 5.660000000000000019e-06 1.938615219999999972e+00 1.569074939999999918e+00 6.040851499999999596e-01 3.481655799999999745e-01
1.620998649999999985e+00 5.660000000000000019e-06 1.938615219999999972e+00 1.569074939999999918e+00 6.040851499999999596e-01 3.481655799999999745e-01
1.620998649999999985e+00 5.660000000000000019e-06 1.938615219999999972e+00 1.569074939999999918e+00 6.040851499999999596e-01 3.481655799999999745e-01
1.620998649999999985e+00 5.660000000000000019e-06 1.938615219999999972e+00 1.569074939999999918e+00 6.040851499999999596e-01 3.481655799999999745e-01
1.620998649999999985e+00 5.660000000000000019e-06 1.938615219999999972e+00 1.569074939999999918e+00 6.040851499999999596e-01 3.481655799999999745e-01
1.620998649999999985e+00 5.660000000000000019e-06 1.938615219999999972e+00 1.569074939999999918e+00 6.040851499999999596e-01 3.481655799999999745e-01
1.620998649999999985e+00 5.660000000000000019e-06 1.938615219999999972e+00 1.569074939999999918e+00 6.040851499999999596e-01 3.481655799999999745e-01
1.620998649999999985e+00 5.660000000000000019e-06 1.938615219999999972e+00 1.569074939999999918e+00 6.040851499999999596e-01 3.481655799999999745e-01
1.620998649999999985e+00 5.660000000000000019e-06 1.938615219999999972e+00 1.569074939999999918e+00 6.040851499999999596e-01 3.481655799999999745e-01
1.620998649999999985e+00 5.660000000000000019e-06 1.938615219999999972e+00 1.569074939999999918e+00 6.040851499999999596e-01 3.481655799999999745e-01
1.620998649999999985e+00 5.660000000000000019e-06 1.938615219999999972e+00 1.569074939999999918e+00 6.040851499999999596e-01 3.481655799999999745e-01
1.653567720000000074e+00 5.929999999999999975e-06 1.850720799999999944e+00 1.445934070000000071e+00 6.262174900000000433e-01 3.449578699999999998e-01
1.653567720000000074e+00 5.929999999999999975e-06 1.850720799999999944e+00 1.445934070000000071e+00 6.262174900000000433e-01 3.449578699999999998e-01
1.653567720000000074e+00 5.929999999999999975e-06 1.850720799999999944e+00 1.557970730000000081e+00 6.346602000000000077e-01 3.449578699999999998e-01
1.653567720000000074e+00 5.929999999999999975e-06 1.850720799999999944e+00 1.557970730000000081e+00 6.346602000000000077e-01 3.449578699999999998e-01
1.653567720000000074e+00 5.929999999999999975e-06 1.850720799999999944e+00 1.557970730000000081e+00 6.346602000000000077e-01 3.449578699999999998e-01
1.653567720000000074e+00 5.929999999999999975e-06 1.850720799999999944e+00 1.557970730000000081e+00 6.346602000000000077e-01 3.449578699999999998e-01
1.653567720000000074e+00 5.929999999999999975e-06 1.850720799999999944e+00 1.557970730000000081e+00 6.346602000000000077e-01 3.449578699999999998e-01
1.653567720000000074e+00 5.929999999999999975e-06 1.850720799999999944e+00 1.557970730000000081e+00 6.346602000000000077e-01 3.449578699999999998e-01
1.653567720000000074e+00 5.929999999999999975e-06 1.850720799999999944e+00 1.557970730000000081e+00 6.346602000000000077e-01 3.449578699999999998e-01
1.653567720000000074e+00 5.929999999999999975e-06 1.850720799999999944e+00 1.557970730000000081e+00 6.346602000000000077e-01 3.449578699999999998e-01
1.653567720000000074e+00 5.929999999999999975e-06 1.850720799999999944e+00 1.557970730000000081e+00 6.346602000000000077e-01 3.449578699999999998e-01
1.653567720000000074e+00 5.929999999999999975e-06 1.850720799999999944e+00 1.557970730000000081e+00 6.346602000000000077e-01 3.449578699999999998e-01
1.653567720000000074e+00 5.929999999999999975e-06 1.850720799999999944e+00 1.557970730000000081e+00 6.346602000000000077e-01 3.449578699999999998e-01
1.420135149999999902e+00 5.929999999999999975e-06 1.049511469999999891e+00 9.409186999999999967e-01 6.024977000000000249e-01 3.807509900000000114e-01
1.420135149999999902e+00 5.929999999999999975e-06 1.049511469999999891e+00 9.409186999999999967e-01 6.024977000000000249e-01 3.807509900000000114e-01
1.420135149999999902e+00 5.929999999999999975e-06 1.049511469999999891e+00 9.409186999999999967e-01 6.024977000000000249e-01 3.807509900000000114e-01
1.420135149999999902e+00 5.929999999999999975e-06 1.049511469999999891e+00 9.409186999999999967e-01 6.024977000000000249e-01 3.807509900000000114e-01
1.420135149999999902e+00 5.929999999999999975e-06 1.049511469999999891e+00 9.409186999999999967e-01 6.024977000000000249e-01 3.807509900000000114e-01
1.420135149999999902e+00 5.929999999999999975e-06 1.049511469999999891e+00 9.409186999999999967e-01 6.024977000000000249e-01 3.807509900000000114e-01
1.420135149999999902e+00 5.929999999999999975e-06 1.049511469999999891e+00 9.409186999999999967e-01 6.024977000000000249e-01 3.807509900000000114e-01
1.420135149999999902e+00 5.929999999999999975e-06 1.049511469999999891e+00 9.409186999999999967e-01 6.024977000000000249e-01 3.807509900000000114e-01
1.420135149999999902e+00 5.929999999999999975e-06 1.049511469999999891e+00 9.409186999999999967e-01 6.024977000000000249e-01 3.807509900000000114e-01
1.420135149999999902e+00 5.929999999999999975e-06 1.049511469999999891e+00 9.409186999999999967e-01 6.024977000000000249e-01 3.807509900000000114e-01
1.420135149999999902e+00 5.929999999999999975e-06 1.049511469999999891e+00 9.409186999999999967e-01 6.024977000000000249e-01 3.807509900000000114e-01
1.420135149999999902e+00 5.929999999999999975e-06 1.049511469999999891e+00 9.409186999999999967e-01 6.024977000000000249e-01 3.807509900000000114e-01
1.420135149999999902e+00 5.929999999999999975e-06 1.049511469999999891e+00 9.409186999999999967e-01 6.024977000000000249e-01 3.807509900000000114e-01
1.452699329999999955e+00 5.839999999999999990e-06 1.908080989999999977e+00 1.462697890000000056e+00 6.574314100000000494e-01 3.481245199999999929e-01
1.452699329999999955e+00 5.839999999999999990e-06 1.908080989999999977e+00 1.462697890000000056e+00 6.574314100000000494e-01 3.481245199999999929e-01
1.452699329999999955e+00 5.839999999999999990e-06 1.908080989999999977e+00 1.462697890000000056e+00 6.574314100000000494e-01 3.481245199999999929e-01
1.452699329999999955e+00 5.839999999999999990e-06 1.908080989999999977e+00 1.462697890000000056e+00 6.574314100000000494e-01 3.481245199999999929e-01
1.452699329999999955e+00 5.839999999999999990e-06 1.908080989999999977e+00 1.462697890000000056e+00 6.574314100000000494e-01 3.481245199999999929e-01
1.452699329999999955e+00 5.839999999999999990e-06 1.908080989999999977e+00 1.462697890000000056e+00 6.574314100000000494e-01 3.481245199999999929e-01
1.452699329999999955e+00 5.839999999999999990e-06 1.908080989999999977e+00 1.462697890000000056e+00 6.574314100000000494e-01 3.481245199999999929e-01
1.452699329999999955e+00 5.839999999999999990e-06 1.908080989999999977e+00 1.462697890000000056e+00 6.574314100000000494e-01 3.481245199999999929e-01
1.452699329999999955e+00 5.839999999999999990e-06 1.908080989999999977e+00 1.462697890000000056e+00 6.574314100000000494e-01 3.481245199999999929e-01
1.452699329999999955e+00 5.839999999999999990e-06 1.908080989999999977e+00 1.462697890000000056e+00 6.574314100000000494e-01 3.481245199999999929e-01
1.452699329999999955e+00 5.839999999999999990e-06 1.908080989999999977e+00 1.462697890000000056e+00 6.574314100000000494e-01 3.481245199999999929e-01
1.452699329999999955e+00 5.839999999999999990e-06 1.908080989999999977e+00 1.462697890000000056e+00 6.574314100000000494e-01 3.481245199999999929e-01
1.452699329999999955e+00 5.839999999999999990e-06 1.908080989999999977e+00 1.462697890000000056e+00 6.574314100000000494e-01 3.481245199999999929e-01
1.452699329999999955e+00 5.839999999999999990e-06 1.908080989999999977e+00 1.462697890000000056e+00 6.574314100000000494e-01 3.481245199999999929e-01
1.452699329999999955e+00 5.839999999999999990e-06 1.908080989999999977e+00 1.462697890000000056e+00 6.574314100000000494e-01 3.481245199999999929e-01
1.452699329999999955e+00 5.839999999999999990e-06 1.908080989999999977e+00 1.462697890000000056e+00 6.574314100000000494e-01 3.481245199999999929e-01
1.452699329999999955e+00 5.839999999999999990e-06 1.908080989999999977e+00 1.462697890000000056e+00 6.574314100000000494e-01 3.481245199999999929e-01
1.452699329999999955e+00 5.839999999999999990e-06 1.908080989999999977e+00 1.462697890000000056e+00 6.574314100000000494e-01 3.481245199999999929e-01
1.452699329999999955e+00 5.839999999999999990e-06 1.908080989999999977e+00 1.462697890000000056e+00 6.574314100000000494e-01 3.481245199999999929e-01
1.452699329999999955e+00 5.839999999999999990e-06 1.908080989999999977e+00 1.462697890000000056e+00 6.574314100000000494e-01 3.481245199999999929e-01
1.452699329999999955e+00 5.839999999999999990e-06 1.908080989999999977e+00 1.462697890000000056e+00 6.574314100000000494e-01 3.481245199999999929e-01
1.452699329999999955e+00 5.839999999999999990e-06 1.908080989999999977e+00 1.462697890000000056e+00 6.574314100000000494e-01 3.481245199999999929e-01
1.452699329999999955e+00 5.839999999999999990e-06 1.908080989999999977e+00 1.462697890000000056e+00 6.574314100000000494e-01 3.481245199999999929e-01
1.452699329999999955e+00 5.839999999999999990e-06 1.908080989999999977e+00 1.462697890000000056e+00 6.574314100000000494e-01 3.481245199999999929e-01
1.452699329999999955e+00 5.839999999999999990e-06 1.908080989999999977e+00 1.462697890000000056e+00 6.574314100000000494e-01 3.481245199999999929e-01
1.452699329999999955e+00 5.839999999999999990e-06 1.908080989999999977e+00 1.462697890000000056e+00 6.574314100000000494e-01 3.481245199999999929e-01
1.452699329999999955e+00 5.839999999999999990e-06 1.908080989999999977e+00 1.462697890000000056e+00 6.574314100000000494e-01 3.481245199999999929e-01
1.452699329999999955e+00 5.839999999999999990e-06 1.908080989999999977e+00 1.462697890000000056e+00 6.574314100000000494e-01 3.481245199999999929e-01
1.452699329999999955e+00 5.839999999999999990e-06 1.908080989999999977e+00 1.462697890000000056e+00 6.574314100000000494e-01 3.481245199999999929e-01
1.452699329999999955e+00 5.839999999999999990e-06 1.908080989999999977e+00 1.462697890000000056e+00 6.574314100000000494e-01 3.481245199999999929e-01
1.452699329999999955e+00 5.839999999999999990e-06 1.908080989999999977e+00 1.462697890000000056e+00 6.574314100000000494e-01 3.481245199999999929e-01
1.452699329999999955e+00 5.839999999999999990e-06 1.908080989999999977e+00 1.462697890000000056e+00 6.574314100000000494e-01 3.481245199999999929e-01
1.452699329999999955e+00 5.839999999999999990e-06 1.908080989999999977e+00 1.462697890000000056e+00 6.574314100000000494e-01 3.481245199999999929e-01
1.452699329999999955e+00 5.839999999999999990e-06 1.908080989999999977e+00 1.462697890000000056e+00 6.574314100000000494e-01 3.481245199999999929e-01
1.452699329999999955e+00 5.839999999999999990e-06 1.908080989999999977e+00 1.462697890000000056e+00 6.574314100000000494e-01 3.481245199999999929e-01
1.452699329999999955e+00 5.839999999999999990e-06 1.908080989999999977e+00 1.462697890000000056e+00 6.574314100000000494e-01 3.481245199999999929e-01
1.452699329999999955e+00 5.839999999999999990e-06 1.908080989999999977e+00 1.462697890000000056e+00 6.574314100000000494e-01 3.481245199999999929e-01
1.452699329999999955e+00 5.839999999999999990e-06 1.908080989999999977e+00 1.462697890000000056e+00 6.574314100000000494e-01 3.481245199999999929e-01
1.452699329999999955e+00 5.839999999999999990e-06 1.908080989999999977e+00 1.462697890000000056e+00 6.574314100000000494e-01 3.481245199999999929e-01
1.452699329999999955e+00 5.839999999999999990e-06 1.908080989999999977e+00 1.462697890000000056e+00 6.574314100000000494e-01 3.481245199999999929e-01
