-57281.46000 -64774.38000 -102376.52000 -119521.92000 -90666.08000 -75145.63000 -97939.63000 -63476.04000
-55799.67000 -73325.32000 -95638.61000 -106064.34000 -89100.47000 -75018.60000 -89865.05000 -63256.09000
-59881.42000 -69862.55000 -106492.86000 -117619.24000 -83265.46000 -79822.51000 -97796.39000 -63585.40000
-60282.54000 -71198.63000 -105425.31000 -111724.61000 -85689.10000 -73060.92000 -98687.00000 -65508.03000
-58329.78000 -71989.26000 -108737.72000 -118076.31000 -85653.90000 -80797.00000 -98866.64000 -62116.34000
-60078.44000 -69893.29000 -106141.57000 -118806.72000 -83621.03000 -75405.02000 -96016.67000 -64944.39000
-60886.71000 -72397.93000 -98977.20000 -108780.30000 -88324.74000 -79254.89000 -98871.97000 -66795.53000
-57028.78000 -69686.73000 -107432.75000 -120879.56000 -89082.80000 -78631.80000 -91181.84000 -63852.91000
-60738.96000 -72583.29000 -109026.00000 -111001.45000 -90984.14000 -81812.34000 -101411.12000 -66104.22000
-57605.56000 -71472.09000 -106772.35000 -115085.95000 -89306.81000 -81069.50000 -93371.06000 -65178.00000
-55768.50000 -73081.40000 -103848.03000 -112739.61000 -84327.91000 -74493.66000 -96017.10000 -67401.23000
-58106.45000 -68719.83000 -103918.70000 -117477.06000 -90055.86000 -75706.67000 -94376.84000 -61428.38000
-59470.41000 -73884.28000 -104628.76000 -117697.81000 -83260.47000 -72341.08000 -99017.22000 -65543.05000
-57739.65000 -72188.40000 -101697.59000 -116514.60000 -84118.16000 -77201.95000 -92047.99000 -64059.08000
-60119.01000 -69400.68000 -108250.49000 -117925.71000 -87926.50000 -77617.64000 -97898.01000 -67674.16000
-60793.68000 -73017.40000 -107419.38000 -116290.01000 -85821.09000 -76620.55000 -99375.15000 -65187.70000
-59525.12000 -70249.30000 -108768.67000 -115870.51000 -83202.72000 -75724.57000 -92123.39000 -65521.95000
-60938.09000 -69434.47000 -107393.98000 -114736.54000 -86090.37000 -80329.87000 -98672.59000 -64896.22000
-56383.56000 -65636.09000 -100326.67000 -119929.18000 -85664.34000 -79462.18000 -97524.11000 -61787.03000
-59962.07000 -74905.66000 -98708.15000 -112923.02000 -88621.18000 -81149.02000 -94526.54000 -62427.76000
-59588.84000 -72548.57000 -102969.32000 -109514.61000 -80082.35000 -83509.28000 -100859.86000 -68668.37000
-58981.00000 -72013.29000 -105789.30000 -118330.85000 -86792.88000 -78568.23000 -97888.32000 -65052.61000
-56157.36000 -73803.65000 -102344.29000 -118784.07000 -86238.51000 -81612.64000 -98898.49000 -66895.67000
-59993.65000 -73529.81000 -106002.58000 -111405.30000 -87109.98000 -78167.29000 -94677.65000 -64797.63000
-61476.62000 -69077.14000 -105567.06000 -120889.95000 -88718.35000 -78195.28000 -97479.29000 -67643.76000
-59128.76000 -72257.37000 -107963.39000 -114702.32000 -89769.00000 -79810.09000 -94474.89000 -62264.69000
-60167.25000 -69680.65000 -104737.79000 -114505.06000 -89250.67000 -77213.57000 -99800.02000 -64824.89000
-58948.28000 -73151.00000 -107706.39000 -107772.18000 -87424.18000 -75177.92000 -95470.26000 -65106.14000
-58392.10000 -71443.46000 -103551.83000 -114057.91000 -88283.91000 -76997.78000 -96002.91000 -59098.65000
-60961.17000 -71473.70000 -104672.04000 -109950.71000 -90062.41000 -77668.09000 -103062.82000 -62628.34000
-57885.55000 -65808.25000 -111199.51000 -117016.80000 -91121.38000 -78290.55000 -96659.70000 -60763.40000
-55230.16000 -73164.58000 -103326.46000 -121125.53000 -85535.71000 -77368.40000 -96949.19000 -62037.34000
-56060.79000 -73117.24000 -105660.14000 -115709.31000 -79772.80000 -73046.79000 -100196.23000 -62406.80000
-56757.19000 -70047.94000 -99613.69000 -118054.21000 -86533.08000 -77643.03000 -97478.76000 -63934.87000
-60645.39000 -68643.32000 -107329.13000 -117718.41000 -87396.01000 -77289.46000 -99402.86000 -64694.37000
-60472.11000 -70927.19000 -102051.62000 -115843.15000 -85738.95000 -77257.37000 -92479.83000 -64038.61000
-60436.03000 -67318.61000 -100985.09000 -113291.83000 -86536.00000 -77871.64000 -93670.63000 -64201.15000
-57823.46000 -69552.51000 -108067.71000 -112257.91000 -85197.15000 -82868.11000 -95603.75000 -64969.90000
-58743.19000 -71053.31000 -104854.76000 -110555.96000 -90588.03000 -77188.80000 -94171.69000 -63365.04000
-58769.53000 -72240.87000 -105526.27000 -118356.72000 -89013.58000 -75585.13000 -98322.47000 -66279.59000
-57944.03000 -73417.75000 -104428.90000 -113874.27000 -86922.74000 -80594.77000 -98957.39000 -63380.27000
-58333.07000 -72627.22000 -100495.67000 -114328.02000 -87955.21000 -79592.34000 -90740.62000 -64713.95000
-61141.62000 -74510.05000 -104039.98000 -116166.49000 -87005.77000 -79636.57000 -90704.25000 -65891.91000
-60272.45000 -74460.10000 -104712.78000 -119444.99000 -85818.14000 -79725.45000 -97265.99000 -64524.20000
-57349.05000 -70493.23000 -105696.52000 -115240.41000 -87404.30000 -79444.77000 -98285.35000 -65997.73000
-60746.39000 -74806.77000 -104811.70000 -122156.77000 -91277.80000 -79169.82000 -95274.17000 -65063.45000
-59279.80000 -69065.82000 -110685.99000 -117701.84000 -88580.06000 -82747.92000 -96061.07000 -65665.46000
-56550.32000 -71417.11000 -101364.77000 -121823.85000 -92601.94000 -77708.50000 -95888.72000 -65754.49000
-60497.56000 -71621.42000 -104959.38000 -121710.25000 -86304.21000 -79081.87000 -97607.47000 -66980.27000
-58829.15000 -70864.54000 -105740.12000 -119118.00000 -88367.92000 -80739.03000 -95878.22000 -62474.54000
-58844.71000 -73536.23000 -106217.05000 -118353.28000 -89231.10000 -76509.32000 -90349.30000 -68208.63000
-61479.40000 -70986.20000 -103439.27000 -116382.70000 -87204.85000 -79578.62000 -97534.65000 -62687.88000
-60903.40000 -70095.59000 -102407.50000 -114898.75000 -82009.34000 -82493.15000 -94731.41000 -64396.51000
-58266.08000 -75099.80000 -109584.56000 -110329.21000 -87866.79000 -82437.83000 -96306.61000 -64533.90000
-58520.73000 -71314.32000 -106663.12000 -112105.40000 -77190.46000 -77282.07000 -91626.74000 -65158.98000
-58175.83000 -71345.53000 -99606.36000 -119339.28000 -87197.53000 -80919.10000 -99143.41000 -66713.90000
-60372.33000 -70738.50000 -102316.00000 -117043.35000 -84578.31000 -79022.62000 -96471.73000 -65715.41000
-59320.73000 -71474.36000 -105086.34000 -121256.68000 -94206.82000 -79387.86000 -97759.26000 -65795.00000
-58356.14000 -70816.50000 -103179.90000 -115969.18000 -85694.93000 -78187.76000 -98220.78000 -68893.17000
-55230.16000 -70462.28000 -104554.59000 -117272.04000 -87318.11000 -76502.33000 -99593.95000 -66481.63000
-55182.60000 -71167.78000 -105577.04000 -115486.68000 -85307.67000 -80357.94000 -99366.37000 -62657.13000
-57343.18000 -74486.01000 -110679.90000 -123470.06000 -87789.35000 -75460.31000 -99551.74000 -61628.45000
-56829.70000 -71618.51000 -106992.13000 -118202.54000 -85985.30000 -81594.75000 -99895.30000 -69291.98000
-59839.25000 -68472.39000 -108755.33000 -114366.04000 -90704.82000 -78623.16000 -96449.30000 -64658.23000
-60753.86000 -71934.27000 -108061.44000 -116413.21000 -86776.23000 -80787.88000 -92122.76000 -64289.78000
-58266.11000 -74954.94000 -111654.69000 -122030.77000 -86851.53000 -78963.90000 -96908.60000 -61606.72000
-60306.07000 -71310.64000 -117703.72000 -121355.47000 -85969.17000 -78963.89000 -99465.91000 -65176.29000
-56575.04000 -70943.47000 -110847.25000 -117662.75000 -86061.46000 -80808.15000 -97212.12000 -63862.87000
-58572.32000 -70176.62000 -110986.47000 -119550.11000 -92520.43000 -75396.91000 -99179.15000 -62474.68000
-57281.31000 -70777.29000 -107513.52000 -120531.55000 -89247.60000 -79751.34000 -96542.42000 -65438.03000
-57337.58000 -73220.61000 -105431.32000 -118296.91000 -89115.32000 -76342.47000 -99181.05000 -62959.35000
-60391.12000 -71357.69000 -106102.01000 -122077.94000 -91259.42000 -75285.60000 -96378.30000 -64289.82000
-62073.95000 -71625.14000 -107253.89000 -117753.23000 -87521.57000 -77865.15000 -94982.79000 -65575.41000
-56835.40000 -74243.92000 -112223.78000 -116172.02000 -88089.55000 -78161.71000 -99117.74000 -57103.14000
-55308.13000 -73668.80000 -106777.31000 -121288.68000 -87652.95000 -78177.23000 -101057.95000 -67848.73000
-57237.02000 -68574.00000 -106375.96000 -117092.55000 -91394.06000 -77818.66000 -96336.22000 -70618.98000
-58000.24000 -73203.62000 -105848.20000 -119644.92000 -88164.82000 -77250.63000 -101712.93000 -65545.67000
-58207.92000 -68009.58000 -106044.03000 -120161.26000 -84573.20000 -77108.30000 -98167.21000 -62068.01000
-61506.48000 -74593.31000 -105643.20000 -120505.10000 -90453.45000 -79130.72000 -100344.90000 -63675.80000
-64445.77000 -70378.42000 -106728.41000 -119942.58000 -81715.87000 -79171.37000 -97596.80000 -63789.54000
-57851.05000 -70990.48000 -112494.56000 -117265.64000 -93870.15000 -77660.57000 -99216.11000 -64368.36000
-61690.50000 -73955.28000 -108020.85000 -110244.20000 -86407.02000 -78798.38000 -96934.14000 -71765.96000
-57904.36000 -68535.71000 -105651.59000 -114845.34000 -85402.58000 -80316.86000 -98404.54000 -64999.44000
-57703.68000 -71194.25000 -104716.65000 -117073.27000 -84848.51000 -78912.77000 -96275.22000 -64330.40000
-57490.36000 -69735.56000 -103261.56000 -117992.85000 -87493.73000 -75996.57000 -95615.43000 -64087.61000
-60515.71000 -68514.06000 -103186.92000 -120374.69000 -88100.10000 -78609.11000 -96343.29000 -65224.94000
-58517.26000 -71532.28000 -106685.48000 -118121.23000 -84827.42000 -79231.35000 -95852.91000 -66465.76000
-58797.37000 -73742.62000 -107491.12000 -121183.54000 -87538.25000 -79380.36000 -95302.19000 -62716.86000
-58431.92000 -73518.02000 -103399.38000 -115759.18000 -86271.42000 -78199.02000 -94047.89000 -67344.40000
-57490.99000 -71189.38000 -105017.16000 -117301.04000 -87392.95000 -81302.83000 -91813.89000 -66436.65000
-58703.68000 -72936.56000 -111558.43000 -115587.97000 -87360.75000 -78777.71000 -95507.25000 -65662.04000
-58683.73000 -71574.66000 -101823.75000 -112994.66000 -89638.62000 -80261.42000 -93610.79000 -66003.28000
-59676.09000 -74080.94000 -109626.32000 -113184.61000 -91752.70000 -79660.69000 -97835.06000 -64539.78000
-59696.25000 -71314.71000 -104927.20000 -114124.66000 -89112.78000 -78404.38000 -94648.33000 -66605.15000
-58686.36000 -71408.84000 -104788.73000 -119314.92000 -90326.73000 -81504.00000 -96011.32000 -63085.08000
-59331.37000 -69483.36000 -114045.99000 -110800.74000 -85971.78000 -77427.13000 -104465.07000 -66322.28000
-59639.38000 -69508.74000 -102111.89000 -117818.88000 -85434.95000 -78579.95000 -97945.29000 -67284.06000
-60382.02000 -70429.47000 -107890.71000 -114712.72000 -85214.91000 -77413.19000 -94988.04000 -65389.37000
-58611.44000 -67487.85000 -107429.59000 -119567.09000 -85610.06000 -82375.18000 -98058.77000 -64251.41000
-58322.43000 -67266.51000 -104781.41000 -115362.88000 -77190.46000 -78608.95000 -89865.05000 -66484.07000
-60008.74000 -70861.02000 -103638.91000 -121393.31000 -90775.14000 -79807.23000 -92535.64000 -64040.19000
-58086.92000 -70558.38000 -103595.70000 -116705.44000 -86229.99000 -79883.20000 -92464.85000 -66310.31000
-57750.21000 -69580.20000 -101750.24000 -117308.34000 -89988.15000 -80684.43000 -101300.96000 -60343.39000
-58650.74000 -70073.84000 -103278.23000 -113790.41000 -87572.73000 -80784.84000 -92426.54000 -65722.32000
-59115.54000 -70148.02000 -106820.43000 -122325.28000 -93544.84000 -79168.58000 -97646.36000 -66017.78000
-60893.10000 -72313.83000 -106312.64000 -123091.13000 -88964.78000 -78407.29000 -91967.57000 -67922.93000
-57338.16000 -67382.63000 -105395.81000 -118357.14000 -86684.61000 -79351.16000 -93657.63000 -62960.14000
-57811.96000 -74810.18000 -105302.81000 -114125.92000 -86062.62000 -77690.52000 -99249.89000 -63613.48000
-58353.36000 -70118.43000 -105134.23000 -110977.87000 -85000.98000 -76938.24000 -98917.24000 -65510.66000
-57766.11000 -71891.27000 -108356.16000 -118916.85000 -89824.34000 -77822.50000 -97057.90000 -64983.49000
-58108.89000 -70789.89000 -102798.23000 -116688.11000 -91285.58000 -77767.87000 -100012.08000 -66171.53000
-60464.08000 -70742.02000 -107672.82000 -119092.09000 -88821.97000 -77021.11000 -98950.46000 -64864.63000
-57393.88000 -70596.32000 -99730.22000 -116554.86000 -94066.70000 -79623.79000 -99903.45000 -64149.67000
-59870.84000 -69842.58000 -104353.38000 -121120.51000 -83239.53000 -82253.66000 -101708.94000 -63845.96000
-58753.42000 -69456.73000 -101877.55000 -122134.41000 -87133.23000 -79097.77000 -98727.62000 -66567.41000
-59436.09000 -67809.19000 -109261.05000 -118712.97000 -85820.70000 -78293.19000 -96877.39000 -65005.82000
-58133.03000 -76321.52000 -110576.50000 -114266.61000 -77190.46000 -82283.90000 -96072.89000 -67023.72000
-57613.40000 -70676.91000 -107379.78000 -116854.43000 -84687.98000 -79339.34000 -95771.39000 -66011.00000
-58846.96000 -67537.60000 -101495.32000 -119609.55000 -92399.50000 -82481.64000 -100566.31000 -64787.39000
-58759.01000 -73714.25000 -105533.75000 -114496.62000 -86845.83000 -79677.37000 -92865.17000 -62890.82000
-58353.16000 -70511.80000 -105613.67000 -120720.63000 -89930.21000 -76632.08000 -93652.56000 -64337.93000
-57818.10000 -73474.33000 -106024.69000 -120534.17000 -86833.70000 -78141.52000 -95025.31000 -64561.55000
-57689.50000 -72417.24000 -104678.38000 -114677.54000 -77190.46000 -78553.16000 -92952.78000 -68559.65000
-60808.43000 -73138.65000 -104909.10000 -117675.00000 -83667.89000 -79310.69000 -93468.44000 -65709.10000
-57138.15000 -72807.31000 -101506.02000 -115460.93000 -88913.20000 -77042.92000 -94381.90000 -66147.57000
-57755.75000 -67791.66000 -101561.02000 -113143.01000 -87793.66000 -81750.22000 -99564.13000 -65283.46000
-57975.40000 -71307.16000 -105174.52000 -116618.55000 -82359.13000 -78608.73000 -99894.59000 -64707.16000
-56772.89000 -72031.98000 -108996.66000 -121731.63000 -88846.83000 -78904.66000 -97478.05000 -64540.26000
-60025.98000 -73211.63000 -106035.69000 -118993.43000 -86713.92000 -80650.26000 -96638.67000 -64806.00000
-62149.63000 -72599.62000 -110798.01000 -121087.43000 -87895.97000 -79716.65000 -95431.40000 -68982.90000
-59348.41000 -71577.39000 -106364.73000 -119503.06000 -77190.46000 -79177.92000 -100276.61000 -66853.88000
-59276.46000 -71896.81000 -106120.99000 -116258.50000 -84053.02000 -78474.52000 -99146.02000 -64716.67000
-54765.03000 -71953.93000 -109046.16000 -117351.66000 -81716.50000 -78770.75000 -96520.81000 -64546.37000
-57962.63000 -72258.08000 -106666.05000 -115014.06000 -91168.39000 -79725.18000 -95801.94000 -64066.91000
-58362.81000 -76122.60000 -97962.54000 -110726.35000 -84799.39000 -78245.00000 -98107.96000 -64517.74000
-57625.03000 -71565.07000 -102951.63000 -116414.25000 -90324.81000 -80049.76000 -95578.75000 -63573.87000
-61994.22000 -71942.95000 -107618.65000 -109193.81000 -89021.38000 -78333.56000 -96953.37000 -64021.32000
-58461.31000 -67913.70000 -109281.73000 -113457.75000 -86587.90000 -79229.40000 -83713.04000 -63637.04000
-57583.11000 -71335.02000 -114034.12000 -114233.31000 -86992.47000 -79446.10000 -99866.32000 -61938.88000
-61799.48000 -67451.93000 -109649.06000 -116579.07000 -85985.70000 -78753.98000 -99283.51000 -67577.41000
-63538.73000 -71617.94000 -108122.69000 -119164.16000 -87619.87000 -79851.50000 -98739.29000 -63884.24000
-58266.37000 -69270.91000 -104217.37000 -116622.23000 -97215.38000 -78532.84000 -97763.03000 -63089.08000
-54309.96000 -71612.64000 -102817.57000 -106863.08000 -83486.82000 -79038.58000 -99682.40000 -67836.06000
-58939.53000 -71260.78000 -101806.35000 -112915.58000 -87594.76000 -80687.28000 -94795.64000 -68151.44000
-58874.11000 -72391.46000 -103862.06000 -118729.06000 -85550.42000 -81014.56000 -98148.86000 -67519.24000
-61460.39000 -74129.40000 -105947.73000 -114914.81000 -90595.14000 -80960.26000 -97032.44000 -66958.75000
-58900.86000 -71628.56000 -109225.23000 -114123.58000 -86720.11000 -75004.28000 -98860.39000 -65613.51000
-56569.65000 -72057.33000 -101750.25000 -115575.99000 -88706.02000 -76816.86000 -95618.83000 -65150.65000
-58074.99000 -72148.44000 -104432.55000 -115497.73000 -84089.55000 -76623.36000 -97209.04000 -65552.55000
-58719.94000 -71525.21000 -102988.57000 -117975.42000 -88373.78000 -76555.69000 -98302.81000 -63760.41000
-58789.78000 -71583.30000 -109759.57000 -115790.39000 -86979.41000 -81350.63000 -91575.89000 -64644.17000
-58068.48000 -70485.24000 -105126.45000 -117011.23000 -87003.37000 -76759.88000 -98037.67000 -68239.32000
-59445.70000 -72371.99000 -107255.63000 -116745.93000 -82845.97000 -77752.86000 -95551.89000 -64650.15000
-58568.33000 -70805.19000 -105756.53000 -117141.70000 -85989.80000 -77834.42000 -91063.26000 -63883.22000
-58269.74000 -71060.80000 -105261.09000 -120590.10000 -90091.31000 -79014.12000 -103309.44000 -64860.11000
-58542.35000 -70368.59000 -106319.74000 -116883.36000 -87222.58000 -78153.94000 -96132.26000 -66221.98000
-62353.07000 -70783.31000 -108133.73000 -117664.00000 -86590.16000 -78054.19000 -95049.81000 -64185.15000
-59260.84000 -70040.09000 -104366.89000 -117529.23000 -77190.46000 -79441.86000 -92621.80000 -63719.10000
-61350.03000 -73274.58000 -109651.01000 -116019.79000 -83022.57000 -77471.26000 -99126.67000 -65482.36000
-60587.17000 -72948.09000 -105257.76000 -113648.22000 -84030.49000 -80263.05000 -95539.25000 -65729.76000
-60616.11000 -70622.75000 -99703.26000 -114557.20000 -88826.26000 -79174.41000 -97966.11000 -63233.88000
-59301.84000 -72370.57000 -105862.04000 -120270.99000 -87315.04000 -80014.90000 -91497.26000 -64765.70000
-59186.41000 -71496.04000 -108458.08000 -115350.88000 -88871.77000 -79344.46000 -98840.12000 -63596.58000
-58278.89000 -74086.48000 -106821.28000 -118636.50000 -87606.32000 -79409.32000 -94988.32000 -64356.49000
-58007.87000 -70542.42000 -101786.74000 -121167.86000 -86830.39000 -78958.88000 -90622.39000 -63471.77000
-57683.82000 -72434.78000 -106488.13000 -114387.40000 -88915.35000 -78337.35000 -101505.38000 -64196.26000
-60548.33000 -69092.70000 -103690.39000 -117877.23000 -94249.04000 -79216.08000 -97863.45000 -67151.55000
-58301.88000 -71236.78000 -107892.68000 -116697.06000 -91888.13000 -78580.19000 -94194.06000 -64791.82000
-59837.71000 -69976.56000 -103450.97000 -111245.21000 -83518.01000 -76445.30000 -94377.55000 -66436.04000
-54799.26000 -68971.92000 -105087.74000 -118907.42000 -77190.46000 -82586.84000 -98369.84000 -65577.25000
-58761.67000 -70314.09000 -100989.78000 -118030.94000 -86593.06000 -81289.93000 -98586.88000 -67560.52000
-58142.35000 -71915.94000 -104720.83000 -115116.60000 -89132.21000 -81534.97000 -101943.66000 -65042.64000
-57791.12000 -67601.63000 -105560.24000 -119266.95000 -85092.91000 -80150.70000 -94668.26000 -66014.18000
-56898.88000 -70666.05000 -105695.37000 -116338.47000 -92388.22000 -79695.38000 -101773.62000 -63167.88000
-60671.18000 -70529.10000 -106738.73000 -114379.03000 -86870.16000 -79696.20000 -93724.29000 -64789.47000
-58602.84000 -74109.03000 -104081.58000 -116556.60000 -86016.68000 -78858.28000 -92952.16000 -64626.46000
-61058.70000 -74460.98000 -104546.73000 -119370.20000 -88063.74000 -79023.21000 -100824.26000 -63569.51000
-59596.84000 -73130.47000 -100758.33000 -116384.53000 -89827.04000 -79138.18000 -90784.61000 -65824.76000
-57015.39000 -74870.64000 -108526.96000 -117890.27000 -87448.07000 -79498.21000 -95111.04000 -67892.88000
-59331.05000 -67694.07000 -108607.15000 -114039.90000 -86828.19000 -77548.42000 -98659.68000 -65773.61000
-61353.00000 -75824.62000 -106995.34000 -116812.70000 -81733.65000 -73757.37000 -106933.79000 -64478.97000
-60292.53000 -68538.84000 -101971.84000 -117406.98000 -88941.57000 -87806.01000 -98126.62000 -69204.73000
-64491.26000 -74191.82000 -101921.58000 -122862.68000 -82998.49000 -78230.26000 -96516.14000 -64861.66000
-57813.07000 -72990.29000 -108004.80000 -121979.69000 -86862.80000 -80063.84000 -97421.20000 -61304.79000
-57444.87000 -67770.09000 -106270.88000 -122491.91000 -91287.95000 -75764.91000 -98902.05000 -61748.42000
-58435.36000 -72511.18000 -102941.91000 -117048.24000 -87771.47000 -73306.64000 -98843.52000 -63844.76000
-66101.62000 -70593.37000 -110588.90000 -116615.85000 -83133.69000 -79454.59000 -96419.16000 -63894.75000
-59308.57000 -74711.66000 -104003.10000 -120502.64000 -86215.51000 -78541.25000 -96911.89000 -63005.93000
-54080.17000 -73695.24000 -104143.81000 -120536.77000 -90273.75000 -77970.05000 -96439.02000 -66239.48000
-59149.53000 -72816.77000 -106565.57000 -108431.66000 -87530.55000 -82413.82000 -93385.62000 -64998.39000
-62589.07000 -72869.27000 -106512.33000 -118174.58000 -84978.91000 -76822.04000 -101897.76000 -65923.88000
-57363.13000 -72485.67000 -107518.64000 -120009.69000 -89991.73000 -77231.80000 -98959.23000 -66013.30000
-56019.16000 -71301.17000 -101699.66000 -115721.02000 -83850.66000 -80430.31000 -91925.79000 -66014.09000
-61360.71000 -71228.17000 -101505.99000 -116541.92000 -83930.77000 -76039.83000 -96213.84000 -63969.91000
-60717.56000 -73827.81000 -103112.81000 -117379.39000 -83377.19000 -76535.94000 -94115.20000 -63571.44000
-61373.39000 -73166.89000 -105682.27000 -111043.26000 -89390.55000 -80820.85000 -92695.68000 -62645.58000
-60649.55000 -73277.34000 -103342.92000 -124364.45000 -87029.12000 -79477.89000 -98153.04000 -65110.64000
-61302.11000 -70427.70000 -111669.13000 -120496.11000 -86029.88000 -79858.52000 -95365.44000 -67635.56000
-59837.96000 -70552.42000 -112114.22000 -121498.32000 -85582.09000 -76061.64000 -95816.93000 -63854.77000
-57932.47000 -73236.45000 -106167.66000 -112513.88000 -92300.79000 -79404.85000 -93505.67000 -67365.62000
-59094.97000 -73336.85000 -108524.53000 -120922.13000 -88810.16000 -83006.88000 -93149.52000 -68137.54000
-57849.14000 -69115.03000 -109126.73000 -117077.33000 -92842.15000 -77578.51000 -99896.78000 -65897.42000
-59563.36000 -69110.71000 -102133.14000 -119550.55000 -77190.46000 -80271.57000 -93769.20000 -64825.02000
-61424.03000 -69414.33000 -106631.01000 -120105.31000 -88619.02000 -78738.05000 -98501.84000 -64938.74000
-59709.80000 -74344.41000 -102386.71000 -118297.12000 -85508.61000 -77043.02000 -94832.39000 -61910.53000
-59172.18000 -71863.19000 -109014.24000 -113726.82000 -91972.50000 -81908.86000 -99949.10000 -65041.20000
-57316.01000 -74119.19000 -107666.15000 -111918.89000 -85689.88000 -81552.01000 -102392.56000 -64495.79000
-57489.54000 -71957.03000 -110204.70000 -119368.95000 -84982.33000 -82038.72000 -98039.67000 -66189.96000
-63261.92000 -74153.87000 -104467.76000 -116492.04000 -83715.76000 -80561.49000 -97712.78000 -63623.98000
-58201.13000 -68358.44000 -101727.30000 -118028.02000 -83909.82000 -82752.90000 -94042.63000 -62138.45000
-58250.80000 -70529.29000 -104892.37000 -118594.44000 -87654.07000 -75014.32000 -95282.18000 -60359.73000
-56998.55000 -68696.69000 -104528.52000 -114536.42000 -87757.67000 -75867.42000 -97585.40000 -61582.34000
-59742.60000 -72203.35000 -104839.41000 -121096.95000 -89807.82000 -78242.45000 -93803.30000 -62286.62000
-58812.26000 -72657.28000 -105080.79000 -111106.19000 -87237.57000 -75180.85000 -100998.59000 -65502.70000
-58623.71000 -69463.26000 -103208.91000 -114030.66000 -87962.78000 -75822.95000 -91682.25000 -65076.57000
-59929.56000 -68152.00000 -105901.69000 -115882.01000 -83601.69000 -72605.96000 -93377.84000 -65573.93000
-60662.69000 -70068.09000 -104769.33000 -112655.24000 -89460.03000 -78506.34000 -91707.73000 -66437.74000
-58195.10000 -73497.93000 -104040.29000 -115942.30000 -87040.81000 -81300.42000 -94685.20000 -63083.17000
-59390.22000 -71097.25000 -106426.68000 -114241.14000 -87942.42000 -80319.78000 -92113.94000 -62078.01000
-60203.17000 -73583.12000 -107818.89000 -116796.40000 -83190.90000 -74393.76000 -93918.72000 -65341.74000
-58173.45000 -71980.48000 -106277.19000 -113903.83000 -85444.62000 -78547.39000 -101031.05000 -66576.65000
-58720.83000 -72035.30000 -110340.55000 -108766.49000 -87407.65000 -78865.77000 -95771.14000 -66165.62000
-59309.21000 -72158.11000 -101288.86000 -119716.19000 -88927.74000 -77571.82000 -94622.27000 -64057.47000
-58066.44000 -72912.88000 -105359.03000 -117699.87000 -91245.12000 -77264.53000 -95750.53000 -66390.32000
-57322.46000 -71230.42000 -104403.44000 -121970.60000 -89264.54000 -78648.53000 -98563.22000 -64377.51000
-59382.35000 -68589.06000 -104227.28000 -118366.07000 -92070.75000 -78061.59000 -93812.71000 -60933.24000
-57449.24000 -74097.43000 -106932.94000 -115913.31000 -83802.64000 -76026.55000 -93768.77000 -64802.01000
-59610.38000 -71114.73000 -106114.36000 -113998.46000 -85875.52000 -80192.72000 -98120.89000 -67059.87000
-59995.18000 -70572.95000 -106333.05000 -123451.03000 -85208.75000 -78192.36000 -96599.92000 -67189.82000
-58345.04000 -69306.79000 -110080.35000 -120297.00000 -87452.84000 -81594.69000 -93339.66000 -62347.56000
-59178.42000 -68662.55000 -114453.67000 -118067.72000 -86508.08000 -79859.14000 -96073.25000 -65809.11000
-57431.03000 -74964.51000 -109957.85000 -108721.17000 -86751.69000 -81033.68000 -96155.06000 -62610.66000
-58226.13000 -71254.09000 -102630.13000 -120292.79000 -83739.42000 -79065.01000 -96468.97000 -64368.34000
-60376.88000 -71587.88000 -107553.26000 -117606.39000 -91687.52000 -81917.18000 -96007.27000 -65532.56000
-58239.94000 -71101.31000 -109492.91000 -113294.12000 -85137.02000 -78341.28000 -95216.09000 -63917.19000
-57643.92000 -71001.23000 -105392.48000 -123197.49000 -85547.78000 -77059.47000 -94408.97000 -64632.41000
-58492.82000 -67186.75000 -105465.58000 -116145.63000 -85877.10000 -78942.68000 -95542.28000 -64145.74000
-60891.03000 -70091.75000 -102246.88000 -121111.99000 -86797.05000 -78870.68000 -95088.09000 -67091.42000
-59053.84000 -72815.70000 -107465.53000 -116394.58000 -86697.54000 -80406.95000 -93827.71000 -65196.90000
-58848.38000 -70338.29000 -110191.14000 -118684.27000 -87189.02000 -80316.75000 -91908.36000 -64263.15000
-60342.93000 -71001.87000 -104714.05000 -115157.48000 -77190.46000 -78053.83000 -95938.52000 -64426.33000
-58817.04000 -72203.99000 -105489.49000 -113761.21000 -90111.68000 -77161.55000 -97006.29000 -65157.19000
-60296.31000 -73436.36000 -112263.53000 -118503.25000 -84621.35000 -77880.11000 -104277.91000 -61628.84000
-60337.60000 -75451.90000 -106733.79000 -111839.99000 -85864.62000 -77075.48000 -95820.32000 -67305.91000
-59303.12000 -71165.19000 -109716.02000 -117629.74000 -88376.93000 -80635.34000 -96060.03000 -65929.91000
-60375.35000 -71525.80000 -102945.21000 -104199.08000 -82485.14000 -74157.49000 -92132.39000 -66567.28000
-59268.79000 -70690.66000 -107824.33000 -114774.35000 -85382.11000 -81281.58000 -98713.11000 -65480.66000
-58048.40000 -72947.54000 -111048.00000 -114467.17000 -83159.24000 -78059.52000 -97297.61000 -65540.60000
-59302.88000 -72651.56000 -110990.02000 -121420.18000 -84045.59000 -79137.47000 -96785.59000 -62003.12000
-58457.41000 -71081.17000 -107450.66000 -118310.54000 -86643.84000 -79920.72000 -96133.04000 -66598.82000
-58428.63000 -74488.90000 -106733.09000 -115931.20000 -91237.64000 -77791.17000 -96262.70000 -66168.17000
-56141.92000 -68513.94000 -107192.32000 -118591.77000 -87207.83000 -78326.32000 -99221.08000 -62836.87000
-60472.67000 -71299.56000 -106411.60000 -114744.55000 -88225.28000 -79546.96000 -93216.31000 -64270.66000
-58517.80000 -72009.69000 -107896.21000 -122374.46000 -83204.47000 -80586.32000 -89762.10000 -65428.84000
-58901.12000 -75948.90000 -113667.96000 -116321.62000 -90546.16000 -79061.14000 -97974.43000 -63864.25000
-58636.34000 -71727.63000 -111748.44000 -118631.32000 -90792.50000 -79927.59000 -97936.95000 -64092.87000
-58056.82000 -73033.59000 -103475.39000 -108900.31000 -88121.38000 -78266.28000 -94553.67000 -62642.78000
-57939.47000 -72701.04000 -106536.34000 -116479.78000 -83005.44000 -76650.37000 -97432.67000 -64073.27000
-58349.24000 -70017.22000 -112453.57000 -116823.62000 -88721.67000 -79533.12000 -99278.19000 -61735.39000
-58450.98000 -70253.28000 -106094.41000 -115034.01000 -85621.55000 -77691.88000 -96468.49000 -65268.21000
-58862.44000 -70247.69000 -106251.90000 -120073.91000 -90304.80000 -80560.07000 -99804.56000 -59382.70000
-58431.48000 -70168.97000 -107772.50000 -117944.20000 -94768.44000 -82602.55000 -100643.74000 -63217.98000
-57183.11000 -69579.86000 -110136.52000 -114012.09000 -83495.55000 -78854.73000 -95245.21000 -63572.54000
-62253.04000 -70533.12000 -105048.92000 -114445.87000 -88865.41000 -81629.24000 -91305.94000 -64631.97000
-60432.75000 -72718.61000 -107406.43000 -113885.63000 -83150.33000 -79295.81000 -96021.98000 -65035.51000
-58844.33000 -70586.23000 -105869.07000 -113690.05000 -84803.60000 -78694.88000 -92431.78000 -61658.74000
-59025.67000 -71072.42000 -108632.88000 -114853.03000 -85476.05000 -77994.44000 -94720.59000 -67268.45000
-61104.48000 -71678.91000 -106948.33000 -121229.73000 -85447.83000 -76809.94000 -87586.57000 -66365.64000
-55595.49000 -69769.26000 -106295.66000 -113938.33000 -85758.20000 -77795.93000 -99597.10000 -62960.62000
-60192.85000 -73001.40000 -99569.92000 -119639.60000 -93093.56000 -81658.49000 -93420.51000 -63990.15000
-59188.05000 -67385.14000 -103770.62000 -122679.58000 -87424.08000 -78531.95000 -95013.91000 -62243.77000
-60140.03000 -70256.24000 -109249.10000 -111330.58000 -86860.97000 -78754.45000 -94708.48000 -65552.79000
-55909.19000 -70340.00000 -105004.30000 -116810.80000 -82811.62000 -76419.34000 -96727.33000 -66837.92000
-58194.19000 -74035.65000 -106378.51000 -119612.24000 -85714.82000 -76569.28000 -96121.80000 -64415.02000
-61454.98000 -72412.68000 -105881.59000 -117000.39000 -88408.49000 -78024.20000 -91760.30000 -65214.36000
-60734.31000 -71654.58000 -108201.34000 -116465.67000 -85095.82000 -82813.19000 -85783.23000 -68369.11000
-59189.48000 -72617.81000 -105817.10000 -116812.55000 -85490.42000 -80854.22000 -90764.93000 -65240.05000
-56201.19000 -71899.96000 -106207.44000 -116845.84000 -87012.66000 -76615.57000 -96738.28000 -65539.16000
-59523.80000 -71514.41000 -106665.82000 -116317.76000 -86980.23000 -75309.38000 -97147.98000 -65868.83000
-59719.83000 -71527.25000 -107618.85000 -115398.05000 -86191.31000 -78490.48000 -99901.05000 -65929.62000
-57687.02000 -70544.61000 -106278.13000 -114488.02000 -90758.91000 -79110.07000 -97446.47000 -60419.62000
-64566.56000 -70729.55000 -111236.59000 -116974.38000 -86288.53000 -81375.03000 -96328.42000 -65572.58000
-59554.88000 -71085.50000 -108997.08000 -116919.45000 -85949.77000 -77758.84000 -97968.65000 -61352.43000
-56722.40000 -70786.19000 -109647.94000 -116800.65000 -84344.30000 -82168.81000 -96953.01000 -65107.31000
-55916.94000 -70600.09000 -103276.77000 -116861.34000 -85423.28000 -73142.67000 -95555.12000 -67802.61000
-58836.60000 -70759.08000 -108471.29000 -118629.16000 -83579.46000 -77626.23000 -92962.42000 -65051.26000
-56891.92000 -72863.41000 -105960.89000 -120962.35000 -86131.90000 -76774.64000 -101511.31000 -64964.63000
-57710.42000 -73224.10000 -107700.03000 -121578.42000 -86720.25000 -77600.96000 -95980.61000 -65775.10000
-58058.80000 -72452.31000 -103350.66000 -119959.82000 -85430.61000 -75708.54000 -97342.62000 -63452.18000
-58910.69000 -66342.47000 -107578.55000 -118776.55000 -89451.49000 -78856.37000 -96122.17000 -65639.19000
-59763.77000 -67711.04000 -108136.50000 -118093.19000 -87012.21000 -77443.49000 -98565.39000 -64304.42000
-61428.96000 -68850.64000 -109297.16000 -119391.60000 -85471.37000 -81355.26000 -96380.20000 -64756.61000
-57645.86000 -69726.23000 -112495.42000 -116647.14000 -92386.03000 -82284.26000 -94513.33000 -64533.84000
-60377.95000 -67572.44000 -108862.13000 -117182.27000 -86971.09000 -81677.30000 -89872.29000 -62142.16000
-58754.30000 -70998.73000 -106589.17000 -115209.09000 -89508.18000 -73297.85000 -93917.98000 -66452.75000
-60299.05000 -68776.10000 -106794.47000 -115551.71000 -88013.12000 -80607.50000 -95904.35000 -62583.29000
-61885.31000 -72799.99000 -108492.25000 -113278.30000 -85324.84000 -76024.32000 -93918.12000 -64548.54000
-57876.21000 -70572.08000 -106261.70000 -115715.03000 -88549.49000 -77147.55000 -96655.18000 -64053.42000
-58679.48000 -72565.38000 -107483.16000 -117146.68000 -88927.77000 -78800.62000 -95922.88000 -66264.15000
-58046.68000 -71430.12000 -106792.56000 -112814.69000 -92590.63000 -76567.90000 -94655.84000 -62629.05000
-58819.68000 -72287.71000 -109803.38000 -116243.40000 -88079.81000 -77851.81000 -92676.89000 -64268.49000
-60151.96000 -72257.70000 -105218.33000 -121580.66000 -90593.12000 -78485.84000 -99588.90000 -63739.49000
-58724.33000 -71553.44000 -104579.67000 -115752.69000 -86824.71000 -78051.97000 -100580.99000 -69781.93000
-61428.39000 -71256.12000 -111314.17000 -115671.91000 -87976.35000 -80199.99000 -90996.98000 -64674.41000
-59489.82000 -72118.06000 -106893.54000 -120999.91000 -86454.28000 -77790.13000 -96168.96000 -69185.04000
-55600.33000 -69295.58000 -106542.12000 -119657.23000 -88150.48000 -79583.61000 -97495.63000 -64698.22000
-58384.70000 -71809.58000 -107204.53000 -118124.72000 -87304.12000 -80499.67000 -97011.53000 -64285.56000
-58736.44000 -70884.66000 -104186.69000 -118397.83000 -86629.05000 -72199.65000 -93862.43000 -64177.60000
-58270.74000 -72473.55000 -103633.59000 -118329.24000 -90381.04000 -77612.74000 -95715.62000 -64036.46000
-58738.69000 -73195.09000 -107473.28000 -120412.08000 -91076.16000 -80742.67000 -95779.84000 -64982.40000
-58323.38000 -72876.19000 -101474.96000 -117434.12000 -87036.90000 -82550.01000 -94548.19000 -63068.42000
-58855.21000 -70456.99000 -104069.61000 -110495.58000 -90491.30000 -77244.54000 -100444.98000 -67026.14000
-58693.24000 -73087.94000 -108321.19000 -114454.29000 -90315.60000 -79296.12000 -94413.40000 -64256.25000
-60368.23000 -72941.69000 -99412.36000 -115233.53000 -87986.72000 -80935.75000 -94065.91000 -64665.44000
-59491.98000 -68787.77000 -104925.41000 -121964.77000 -90463.00000 -77557.44000 -95788.97000 -63063.24000
-58595.25000 -73060.74000 -104092.41000 -115901.20000 -87916.67000 -78479.55000 -93360.89000 -64260.15000
-57534.16000 -71232.83000 -107117.67000 -115802.85000 -87965.67000 -80654.36000 -102038.04000 -67487.23000
-58804.97000 -71640.30000 -105740.23000 -119712.48000 -89829.01000 -72199.65000 -95652.53000 -66282.27000
-59717.04000 -70518.79000 -106676.98000 -117914.56000 -89187.23000 -81335.92000 -98174.40000 -64837.95000
-58629.16000 -70600.80000 -103550.25000 -117864.41000 -88038.88000 -77776.69000 -96515.04000 -65049.86000
-61823.95000 -74036.83000 -100910.36000 -119999.12000 -86486.59000 -78341.97000 -94438.14000 -63353.12000
-59607.52000 -74031.79000 -106853.17000 -118079.97000 -87977.57000 -82341.17000 -97205.72000 -65299.02000
-58075.19000 -72005.39000 -108693.09000 -117934.67000 -83529.40000 -77712.59000 -95994.97000 -65175.73000
-59522.81000 -67973.62000 -105456.05000 -117474.67000 -84034.28000 -79032.92000 -99198.72000 -66994.76000
-58829.32000 -71608.83000 -102623.47000 -110488.97000 -90212.30000 -73441.72000 -97950.22000 -67028.86000
-59786.94000 -75187.60000 -103624.21000 -114566.46000 -87055.23000 -81024.12000 -98334.63000 -66695.46000
-59949.72000 -71780.58000 -109373.21000 -113844.70000 -86418.65000 -82286.93000 -96844.28000 -62010.64000
-59910.76000 -72987.91000 -105790.30000 -121377.82000 -85746.41000 -81089.16000 -95422.78000 -67499.87000
-58788.57000 -72461.03000 -102783.43000 -118791.77000 -87472.39000 -72048.61000 -94573.04000 -67577.35000
-58591.41000 -72484.34000 -106726.75000 -121481.14000 -86890.11000 -80575.11000 -98951.37000 -65685.51000
-58516.40000 -74894.43000 -107022.60000 -122403.46000 -77190.46000 -81018.23000 -96968.16000 -65568.39000
-59450.05000 -70259.10000 -106125.29000 -113480.63000 -84986.71000 -77060.71000 -92326.34000 -66961.05000
-61798.97000 -73458.87000 -103648.72000 -118831.59000 -84717.60000 -79250.98000 -95423.55000 -65647.17000
-59719.52000 -72171.70000 -108556.23000 -116596.34000 -90051.44000 -78395.67000 -94974.54000 -66909.49000
-61675.02000 -68512.19000 -108987.00000 -117313.31000 -84450.13000 -76818.69000 -97545.06000 -65614.09000
-57988.96000 -71545.95000 -107987.85000 -115652.26000 -86272.89000 -76776.88000 -98134.68000 -61949.76000
-59157.00000 -69935.14000 -109079.19000 -114801.21000 -86258.43000 -76777.50000 -99391.17000 -66176.99000
-57992.95000 -66441.42000 -110262.43000 -116038.81000 -88764.27000 -80604.89000 -98219.72000 -65346.66000
-60705.60000 -70998.19000 -107706.08000 -120998.37000 -83341.27000 -79218.19000 -97537.36000 -64638.47000
-59081.17000 -69289.52000 -97296.10000 -120433.13000 -86826.05000 -76535.54000 -96860.12000 -64759.73000
-57711.51000 -68567.29000 -103667.51000 -120267.35000 -90805.85000 -77834.09000 -96401.70000 -65354.69000
-61657.93000 -73759.26000 -104361.46000 -118873.14000 -87859.14000 -79216.43000 -92003.49000 -65454.52000
-59097.82000 -69825.89000 -106157.08000 -119092.71000 -84081.26000 -79285.87000 -95349.13000 -66202.05000
-60991.21000 -72291.49000 -112261.27000 -118772.20000 -87834.00000 -78203.16000 -97486.75000 -67857.77000
-60856.83000 -70721.40000 -111014.11000 -116657.81000 -88818.42000 -78566.04000 -88679.13000 -65473.84000
-58195.17000 -71338.55000 -107778.80000 -121093.37000 -89254.96000 -83215.75000 -94636.49000 -64804.96000
-58963.33000 -65994.27000 -104461.66000 -114358.53000 -83419.30000 -78791.16000 -94813.61000 -68001.05000
-60036.52000 -71125.18000 -109238.11000 -120111.12000 -85692.56000 -78954.91000 -95050.33000 -65944.29000
-59441.89000 -68928.69000 -106286.73000 -117539.65000 -90735.64000 -78852.03000 -96469.78000 -66867.92000
-58883.05000 -72706.32000 -105802.31000 -113827.87000 -88123.62000 -75590.32000 -91080.86000 -65244.29000
-53343.67000 -69852.83000 -103646.86000 -111516.49000 -88688.44000 -78301.78000 -96465.89000 -64566.05000
-60142.56000 -71050.74000 -105651.96000 -112698.15000 -89713.82000 -77244.41000 -99011.56000 -63644.93000
-58178.59000 -72887.49000 -106798.84000 -126954.21000 -86331.63000 -79202.40000 -96203.98000 -63733.85000
-64550.74000 -74691.15000 -110387.29000 -118484.79000 -91771.78000 -79606.01000 -97622.61000 -67603.35000
-58724.93000 -71340.96000 -100045.26000 -113854.95000 -83821.90000 -83002.16000 -95906.17000 -63746.12000
-59141.82000 -72287.59000 -111195.10000 -118562.06000 -90952.22000 -72973.55000 -95637.59000 -64879.42000
-59926.88000 -69572.88000 -101933.32000 -120554.86000 -86786.84000 -75133.61000 -96683.06000 -64926.74000
-59613.51000 -67874.09000 -104062.34000 -106780.69000 -85838.52000 -78158.89000 -88782.33000 -66199.72000
-57566.87000 -74012.80000 -107569.38000 -112069.83000 -91781.52000 -75924.14000 -99373.58000 -64415.20000
-60582.20000 -69233.97000 -108822.73000 -119368.88000 -91987.45000 -80785.59000 -95213.39000 -64554.08000
-59919.41000 -69573.68000 -109783.49000 -105359.68000 -83909.65000 -82923.69000 -96178.88000 -66310.17000
-56593.15000 -69846.05000 -105166.79000 -116807.51000 -92566.19000 -82515.50000 -97073.45000 -63471.14000
-58855.43000 -76716.79000 -103728.20000 -113863.78000 -85565.99000 -78633.54000 -99014.27000 -63417.69000
-56950.72000 -69436.61000 -104003.54000 -116330.49000 -80378.53000 -79225.18000 -95878.14000 -62204.64000
-60034.45000 -69108.54000 -103710.50000 -116076.93000 -77190.46000 -77729.80000 -95789.72000 -65172.64000
-59609.78000 -67432.66000 -106272.13000 -122769.67000 -88551.78000 -78947.38000 -101689.96000 -64050.25000
-58767.32000 -68811.34000 -102108.67000 -112607.71000 -84280.88000 -75268.58000 -94943.80000 -65990.78000
-60097.98000 -70285.95000 -110193.96000 -113395.56000 -85200.95000 -77232.00000 -100140.02000 -63721.82000
-58898.76000 -73546.47000 -101900.01000 -116404.17000 -81880.45000 -76377.56000 -94588.77000 -65681.62000
-58238.82000 -71047.28000 -107007.50000 -115073.73000 -86993.64000 -83031.80000 -95297.13000 -69250.40000
-56493.12000 -68313.26000 -103795.89000 -121317.28000 -86514.63000 -78645.79000 -95851.20000 -62519.74000
-57394.25000 -70866.68000 -103479.19000 -119656.98000 -86540.06000 -79504.03000 -98990.17000 -61950.18000
-57455.00000 -69432.63000 -102655.57000 -116737.08000 -87048.90000 -78000.95000 -96977.36000 -65727.01000
-51513.74000 -71153.02000 -103834.81000 -119011.11000 -84723.63000 -80077.24000 -93784.35000 -65006.64000
-56113.64000 -70258.83000 -107700.87000 -114162.64000 -87313.90000 -79990.81000 -97448.25000 -65731.41000
-59630.59000 -72374.25000 -105655.12000 -119019.59000 -87196.77000 -76542.55000 -97243.16000 -64322.19000
-58028.42000 -73145.97000 -106577.64000 -121338.33000 -77190.46000 -81079.62000 -94350.78000 -63575.89000
-59949.63000 -76151.54000 -107218.72000 -114891.82000 -85955.82000 -79516.86000 -93965.61000 -66592.40000
-55676.77000 -70825.74000 -106253.30000 -121672.36000 -88102.15000 -77645.27000 -93243.88000 -63874.01000
-56631.09000 -70897.55000 -106594.33000 -120551.79000 -89078.99000 -76849.45000 -98848.99000 -65238.42000
-56459.99000 -70498.68000 -109715.54000 -117414.21000 -89321.60000 -76516.57000 -95122.89000 -62691.24000
-57855.26000 -72506.37000 -107274.98000 -114756.91000 -88868.33000 -79008.44000 -93371.30000 -66809.66000
-57089.98000 -72202.86000 -109485.70000 -113400.01000 -88887.32000 -81227.41000 -94372.95000 -65248.91000
-57244.53000 -71669.95000 -108519.49000 -115081.40000 -88011.67000 -79357.61000 -92606.49000 -63570.07000
-57632.27000 -68811.38000 -107759.49000 -118924.47000 -84323.75000 -78205.53000 -99437.67000 -66298.99000
-55834.40000 -71441.42000 -101085.29000 -116142.36000 -86432.72000 -80113.79000 -98613.12000 -63851.04000
-54422.79000 -69252.54000 -104652.93000 -117649.54000 -89817.83000 -79053.41000 -97602.73000 -66219.29000
-59212.16000 -73967.79000 -105684.58000 -117671.08000 -89669.61000 -78522.24000 -100277.32000 -65169.01000
-58399.48000 -72666.70000 -106604.16000 -119966.90000 -87315.96000 -78772.51000 -97865.98000 -63079.16000
-55699.65000 -69318.24000 -108263.76000 -119858.75000 -87085.58000 -76831.47000 -86791.99000 -64360.36000
-59031.55000 -74006.12000 -106313.61000 -116438.06000 -89031.77000 -76937.07000 -95413.38000 -65889.49000
-56700.99000 -70165.17000 -107615.31000 -115838.81000 -88495.38000 -80165.99000 -91437.56000 -65328.02000
-56905.07000 -66214.38000 -107530.34000 -113144.91000 -89494.93000 -78441.46000 -91063.00000 -65688.17000
-57082.05000 -73775.13000 -107852.51000 -111650.47000 -86761.68000 -76747.10000 -90933.38000 -64140.05000
-58918.86000 -70331.80000 -111539.41000 -111429.70000 -90014.20000 -78054.47000 -93791.71000 -63527.16000
-59799.96000 -68017.99000 -98057.42000 -114721.08000 -88139.41000 -78689.43000 -99019.35000 -60948.14000
-53971.10000 -70878.08000 -102129.44000 -114553.25000 -83442.23000 -79822.89000 -99186.71000 -67187.62000
-58044.01000 -74270.31000 -105271.15000 -117258.30000 -88320.86000 -79205.44000 -93417.63000 -64565.50000
-57791.93000 -71154.31000 -109544.26000 -117254.41000 -83861.96000 -76393.30000 -93540.36000 -63352.45000
-59051.45000 -73943.30000 -109283.26000 -114823.18000 -80060.99000 -81801.04000 -94184.67000 -63412.78000
-59807.42000 -70200.84000 -110842.69000 -118419.55000 -86734.65000 -80886.74000 -87593.53000 -65394.22000
-61529.37000 -72646.18000 -108677.11000 -116330.06000 -89398.96000 -80010.93000 -98851.30000 -66400.58000
-55931.57000 -72785.56000 -105114.02000 -119159.65000 -90064.11000 -79454.32000 -96478.37000 -66556.98000
-57095.61000 -72080.36000 -104285.40000 -119355.89000 -89985.39000 -76246.28000 -99886.65000 -64206.58000
-58945.87000 -68169.93000 -110421.22000 -114012.57000 -86600.24000 -79191.92000 -97285.55000 -63247.83000
-54782.54000 -69136.56000 -105540.41000 -115136.65000 -86068.53000 -80755.29000 -100465.89000 -65271.23000
-57579.12000 -68953.19000 -109306.82000 -116758.47000 -90368.24000 -81247.64000 -99345.20000 -64718.70000
-54739.86000 -71008.80000 -103755.46000 -114029.18000 -86000.33000 -80931.28000 -97744.56000 -65261.16000
-58119.59000 -70288.12000 -102372.08000 -116636.50000 -89251.86000 -80440.86000 -99307.14000 -63593.81000
-59446.63000 -70645.32000 -107028.98000 -115777.79000 -91651.12000 -80953.30000 -97020.64000 -67994.59000
-61060.67000 -73044.06000 -102697.10000 -102893.17000 -92032.14000 -80741.36000 -91464.10000 -62756.26000
-59794.51000 -74842.70000 -110648.99000 -115134.66000 -88516.36000 -79522.92000 -88980.59000 -65792.49000
-58491.32000 -73948.02000 -107841.02000 -115204.52000 -87607.67000 -80750.45000 -98233.09000 -65123.39000
-61028.16000 -73771.39000 -111267.17000 -123290.99000 -88760.22000 -77766.31000 -99437.42000 -65185.00000
-59532.09000 -73710.82000 -107613.05000 -120508.59000 -87944.85000 -80327.62000 -97239.11000 -65418.24000
-59695.63000 -74894.00000 -108701.00000 -112957.58000 -89283.32000 -79290.42000 -91520.00000 -64564.44000
-59011.11000 -69401.09000 -103794.16000 -116946.05000 -86150.77000 -81051.99000 -93283.96000 -64783.79000
-57518.92000 -73395.46000 -108475.22000 -115095.48000 -87449.40000 -79265.97000 -95826.43000 -64304.14000
-55995.58000 -70486.26000 -103994.08000 -119714.74000 -90161.35000 -76034.34000 -97007.12000 -66167.77000
-58557.00000 -71847.94000 -107535.24000 -115145.18000 -82133.07000 -80219.04000 -97380.19000 -62977.15000
-57781.09000 -68784.96000 -104776.46000 -118292.62000 -89682.21000 -79530.24000 -97196.43000 -67156.12000
-58109.59000 -73810.64000 -103479.15000 -114271.29000 -86757.45000 -75671.39000 -97355.30000 -63670.90000
-60703.20000 -68834.68000 -103755.35000 -120992.74000 -89172.69000 -77741.51000 -95484.69000 -63772.05000
-56716.13000 -71026.69000 -105545.02000 -119259.94000 -92535.68000 -79804.19000 -98034.19000 -65225.62000
-59881.35000 -73071.11000 -104274.89000 -118412.73000 -85966.01000 -79452.89000 -97667.48000 -70422.40000
-59015.60000 -66483.20000 -111394.15000 -111692.89000 -87788.63000 -79671.86000 -95109.05000 -64821.72000
-60338.58000 -72645.34000 -108726.82000 -113894.38000 -87310.38000 -78051.13000 -98524.85000 -69421.67000
-58308.70000 -69709.08000 -105717.87000 -112145.82000 -89161.64000 -76850.53000 -95511.66000 -62910.43000
-60875.22000 -72143.38000 -107978.09000 -121387.09000 -88293.03000 -81824.74000 -97143.40000 -63948.69000
-61117.58000 -74730.20000 -106378.00000 -116046.97000 -81319.26000 -79939.31000 -96343.12000 -64681.65000
-58949.10000 -72597.03000 -107677.01000 -117488.45000 -86591.09000 -82738.47000 -91796.24000 -65469.35000
-60332.23000 -72504.70000 -101584.56000 -115879.78000 -89281.44000 -85011.22000 -97216.84000 -65529.98000
-55885.75000 -71593.22000 -105305.90000 -118487.58000 -91508.61000 -81355.51000 -93829.10000 -63987.86000
-59740.18000 -75605.34000 -111217.56000 -108841.61000 -87379.70000 -79214.96000 -97431.97000 -64368.83000
-60571.65000 -74003.73000 -108885.52000 -123146.87000 -87355.27000 -80130.33000 -97890.62000 -65375.67000
-56802.87000 -73261.65000 -106965.89000 -120838.43000 -86919.08000 -80242.00000 -98085.77000 -63428.43000
-58832.92000 -67956.09000 -102047.27000 -114410.33000 -87057.16000 -74438.45000 -98019.28000 -64974.92000
-58568.96000 -72122.73000 -110334.51000 -118083.05000 -88065.61000 -77589.10000 -97762.89000 -64019.48000
-62478.83000 -75163.17000 -103816.68000 -116828.97000 -86512.28000 -85320.47000 -97918.27000 -64224.54000
-59738.41000 -73224.05000 -106922.32000 -116811.10000 -91462.15000 -80117.98000 -95465.46000 -64001.48000
-61603.76000 -69332.32000 -106231.21000 -118114.92000 -86586.64000 -78281.57000 -90776.89000 -65538.17000
-60254.05000 -72564.47000 -106594.67000 -120485.00000 -86490.29000 -76144.40000 -97273.05000 -64006.56000
-60440.93000 -69452.78000 -105937.12000 -110760.75000 -81012.38000 -77254.10000 -98758.12000 -67676.84000
-56609.81000 -70750.33000 -107458.42000 -116846.21000 -86619.60000 -76487.50000 -95714.03000 -62608.44000
-59645.32000 -71572.11000 -107024.66000 -122319.01000 -85609.16000 -78204.51000 -98502.57000 -59320.40000
-57790.83000 -69468.13000 -108846.77000 -110043.53000 -88772.57000 -78858.52000 -97888.14000 -66895.32000
-59967.79000 -70660.44000 -107152.62000 -116544.39000 -83838.40000 -78499.07000 -96914.54000 -63997.07000
-61524.67000 -70205.55000 -106729.51000 -108631.71000 -86639.58000 -78404.28000 -99839.35000 -66675.11000
-61788.87000 -73696.17000 -107710.79000 -114090.60000 -89029.17000 -80675.07000 -96897.80000 -66547.83000
-55489.91000 -71309.01000 -108281.12000 -114734.82000 -86897.02000 -81948.84000 -100333.53000 -65783.13000
-58449.99000 -69288.82000 -108945.79000 -113102.13000 -90935.30000 -78486.09000 -98799.51000 -63061.58000
-56328.73000 -74947.69000 -113956.64000 -120235.15000 -87669.36000 -77681.19000 -94411.43000 -64235.79000
-57347.19000 -72710.49000 -108104.21000 -121429.21000 -87949.72000 -78942.19000 -96143.41000 -67413.31000
-59140.02000 -72874.09000 -102597.29000 -117123.06000 -89850.96000 -78877.29000 -96189.02000 -66184.71000
-55780.02000 -69877.08000 -109027.38000 -121376.40000 -88053.50000 -78814.73000 -98113.81000 -62880.44000
-57851.50000 -71482.41000 -105113.16000 -121118.82000 -89386.64000 -78266.31000 -96319.21000 -69896.56000
-61815.53000 -70867.92000 -108379.19000 -117329.44000 -90301.43000 -77684.66000 -99875.64000 -64919.61000
-58698.89000 -73477.86000 -108944.29000 -119473.46000 -86362.65000 -78747.02000 -93313.07000 -66912.26000
-59606.80000 -69761.94000 -98554.22000 -107608.35000 -86244.61000 -77557.69000 -100758.82000 -66909.48000
-56887.80000 -70420.83000 -105771.30000 -114138.60000 -89403.77000 -78265.38000 -95126.97000 -62482.44000
-60363.08000 -67594.16000 -106422.20000 -116266.55000 -92509.66000 -79349.48000 -97828.61000 -64826.16000
-58480.70000 -69889.43000 -110401.81000 -124629.11000 -82270.79000 -82374.59000 -96048.83000 -63051.68000
-56947.50000 -67162.42000 -102575.36000 -120931.66000 -90442.05000 -82121.40000 -95476.15000 -66926.00000
-56345.75000 -73764.63000 -102477.52000 -113457.11000 -88302.40000 -78196.20000 -94113.12000 -65353.83000
-57413.80000 -72968.29000 -110484.90000 -120101.05000 -91289.60000 -81736.43000 -93662.52000 -64414.25000
-60873.52000 -70708.55000 -100820.42000 -115854.98000 -92031.65000 -79149.74000 -93125.94000 -64755.37000
-56083.98000 -71490.44000 -105788.03000 -116455.85000 -92135.81000 -73892.79000 -100024.22000 -64780.47000
-58041.99000 -73399.70000 -106842.28000 -117347.10000 -88789.79000 -81351.56000 -95595.50000 -65124.99000
-57086.00000 -71105.23000 -107398.48000 -122473.02000 -84682.99000 -84530.41000 -97731.25000 -66247.46000
-58761.05000 -65964.03000 -103272.57000 -119968.99000 -87328.68000 -79117.03000 -98496.54000 -60261.30000
-56514.92000 -70313.70000 -104358.05000 -117641.58000 -83929.97000 -76856.33000 -94719.16000 -63601.33000
-56378.09000 -69334.27000 -106690.56000 -117037.08000 -77190.46000 -75019.45000 -98358.31000 -65881.61000
-56560.46000 -71468.50000 -103471.38000 -120598.32000 -86786.67000 -80397.64000 -98934.36000 -65734.98000
-58222.32000 -73431.42000 -107123.03000 -119771.77000 -86038.27000 -77109.12000 -94438.09000 -64659.46000
-61362.70000 -69168.84000 -105331.67000 -121362.35000 -88188.45000 -80610.21000 -95839.98000 -65223.07000
-57895.03000 -68927.04000 -108967.77000 -116460.90000 -94894.38000 -75854.52000 -104219.40000 -63258.11000
-58227.34000 -70702.27000 -103751.69000 -118533.06000 -88055.02000 -77807.33000 -95597.82000 -65991.09000
-58632.25000 -75093.00000 -105834.83000 -121173.62000 -88379.11000 -81412.52000 -99609.19000 -64792.87000
-60184.07000 -72572.43000 -105225.27000 -115295.00000 -88924.52000 -71293.07000 -102520.69000 -65654.08000
-60949.15000 -73145.27000 -105369.33000 -108730.71000 -87792.73000 -75755.22000 -98686.68000 -65073.03000
-58314.04000 -77198.13000 -106174.52000 -119708.61000 -85014.46000 -76995.95000 -90727.18000 -67517.03000
-59299.82000 -73245.24000 -108816.02000 -115007.32000 -87307.88000 -78488.77000 -92294.72000 -64250.35000
-58805.03000 -73669.85000 -104199.73000 -116464.42000 -86541.11000 -72795.09000 -91312.61000 -68535.69000
-58747.04000 -73051.55000 -108841.18000 -115561.06000 -94006.84000 -79808.32000 -93449.39000 -67112.97000
-60582.28000 -68327.97000 -102699.73000 -120901.92000 -87360.26000 -80591.53000 -97323.94000 -62315.33000
-58624.96000 -72037.85000 -105212.48000 -113886.43000 -89021.31000 -77651.34000 -93358.61000 -63144.74000
-58481.03000 -72911.72000 -102195.48000 -112602.64000 -86673.04000 -81787.29000 -94416.93000 -63390.17000
-61526.48000 -69130.25000 -102882.13000 -121019.32000 -86882.53000 -77434.97000 -95124.19000 -67271.42000
-61010.60000 -71062.18000 -104282.52000 -109260.21000 -88238.37000 -78580.74000 -97449.85000 -64073.19000
-57193.48000 -71472.52000 -106327.16000 -115283.92000 -88620.98000 -82304.34000 -95849.14000 -66777.70000
-57829.11000 -71605.70000 -106552.01000 -121932.27000 -88881.78000 -75064.55000 -94980.54000 -60612.39000
-57865.43000 -70266.59000 -113306.19000 -117198.68000 -88404.17000 -82060.50000 -93342.74000 -64457.91000
-59071.62000 -71230.88000 -107004.07000 -121994.54000 -87521.77000 -78897.40000 -95864.13000 -63645.97000
-58518.54000 -72436.53000 -107730.23000 -121866.99000 -83070.73000 -78226.96000 -99053.31000 -64569.59000
-57265.32000 -70802.48000 -106277.81000 -115305.77000 -85822.58000 -82532.09000 -99963.61000 -64862.29000
-59921.05000 -72465.05000 -105950.07000 -118047.43000 -89309.05000 -84222.55000 -97983.04000 -65284.51000
-58637.35000 -71830.27000 -105225.81000 -117385.42000 -88466.96000 -79961.93000 -98009.49000 -63221.96000
-60023.56000 -72271.91000 -104943.89000 -121179.05000 -88733.21000 -75227.39000 -94806.36000 -64918.64000
-62024.46000 -73051.72000 -104967.04000 -115744.91000 -90079.91000 -80243.06000 -99529.90000 -64728.08000
-59385.98000 -71657.97000 -105617.87000 -111281.92000 -88189.18000 -79324.01000 -97602.49000 -64100.50000
-56974.43000 -70185.89000 -104444.50000 -117766.11000 -89071.01000 -78858.91000 -93580.47000 -64995.46000
-58906.71000 -70502.22000 -107500.67000 -110617.82000 -87399.53000 -80113.13000 -94607.78000 -63833.26000
-60235.04000 -67989.28000 -105573.36000 -120708.86000 -87954.73000 -80966.55000 -91976.97000 -65955.76000
-59183.73000 -72386.13000 -104956.00000 -113992.89000 -91838.98000 -77231.84000 -99208.41000 -63868.73000
-58346.35000 -73449.77000 -106621.25000 -121962.09000 -85715.54000 -79134.52000 -94835.91000 -68695.67000
-60112.67000 -72120.90000 -108905.06000 -120750.33000 -90988.29000 -75476.90000 -94085.02000 -64155.28000
-57537.89000 -70738.22000 -102785.67000 -111482.53000 -86094.49000 -77629.21000 -94006.94000 -64610.36000
-60703.77000 -71054.04000 -106181.83000 -120891.12000 -86407.76000 -81191.48000 -94700.47000 -65723.64000
-60030.75000 -72186.85000 -108537.64000 -117853.32000 -88574.23000 -80730.64000 -99631.62000 -64131.28000
-58114.51000 -72379.67000 -106597.25000 -120443.10000 -89511.85000 -77672.03000 -95890.63000 -59661.56000
-58160.67000 -73127.34000 -106896.10000 -116257.93000 -87371.49000 -72076.05000 -96884.06000 -66947.11000
-56012.71000 -72522.84000 -108537.09000 -121495.12000 -84405.12000 -78928.35000 -95485.40000 -67755.75000
-58237.88000 -71958.12000 -110354.75000 -118380.07000 -84752.88000 -77455.37000 -94066.95000 -66441.12000
-57336.34000 -71748.42000 -104086.78000 -112704.44000 -86335.94000 -80530.63000 -96706.00000 -65283.76000
-59281.43000 -69514.23000 -106363.18000 -115913.20000 -85601.95000 -73869.98000 -90786.38000 -62220.80000
-55069.74000 -68841.17000 -112977.24000 -114718.12000 -89487.95000 -83882.50000 -94833.89000 -67638.65000
-57541.46000 -70087.83000 -108139.97000 -121932.16000 -90610.05000 -79095.89000 -98622.88000 -64965.99000
-58791.64000 -74825.51000 -110096.47000 -122116.03000 -82127.59000 -78012.31000 -102671.96000 -66833.36000
-60286.39000 -67194.92000 -107276.60000 -116675.53000 -87242.19000 -78226.45000 -101059.99000 -65386.32000
-59359.36000 -71511.39000 -107703.91000 -112363.16000 -91171.91000 -78751.27000 -97880.16000 -67143.87000
-55566.23000 -69260.72000 -111709.13000 -114146.44000 -88741.07000 -78079.20000 -96640.77000 -62712.27000
-58258.59000 -72624.12000 -112872.65000 -114786.20000 -88814.84000 -78470.75000 -100051.66000 -67486.37000
-57975.17000 -70846.43000 -108963.71000 -121692.61000 -84318.82000 -78510.02000 -97841.51000 -64721.86000
-57551.80000 -73603.43000 -109195.89000 -113234.66000 -90408.41000 -80533.32000 -93608.65000 -65313.48000
-55986.24000 -69922.94000 -109021.39000 -113817.85000 -88076.25000 -77022.05000 -94763.95000 -62864.31000
-57080.14000 -70008.90000 -109711.44000 -120644.95000 -85779.74000 -76202.42000 -95860.92000 -64848.93000
-57091.03000 -71583.44000 -102142.23000 -116547.71000 -87726.45000 -74956.66000 -95535.24000 -65874.69000
-55728.52000 -72032.47000 -104292.27000 -118630.27000 -87755.75000 -77705.02000 -95834.13000 -63951.73000
-59103.42000 -68935.11000 -101112.66000 -116864.27000 -87094.48000 -77953.96000 -96371.21000 -64462.26000
-58310.41000 -72344.66000 -105918.70000 -120670.36000 -85699.04000 -81617.31000 -96345.13000 -61811.06000
-59576.43000 -71040.39000 -105915.08000 -119143.12000 -85964.62000 -81357.48000 -99675.91000 -63822.11000
-59147.87000 -73703.98000 -106503.45000 -123568.31000 -92148.91000 -78456.06000 -97410.70000 -64407.39000
