-21040.03360 -21561.16410
-21561.16410 -21775.95900
-21775.95900 -21644.50980
-21644.50980 -21695.74610
-21695.74610 -21598.20900
-21084.00980 -21662.30860
-21580.93730 -21698.86330
-21698.86330 -21732.53710
-21732.53710 -21655.30470
-21655.30470 -21587.21290
-22233.30580 -21823.45310
-21823.45310 -21676.03120
-21676.03120 -21895.91410
-21895.91410 -21744.27340
-21744.27340 -21652.30860
-21652.30860 -21632.94340
-21236.45510 -21500.67380
-21500.67380 -21515.88670
-21515.88670 -21780.77340
-21780.77340 -21790.47460
-21790.47460 -21636.76170
-20807.52900 -21699.01950
-21699.01950 -21561.12300
-21561.12300 -21563.49800
-21563.49800 -21688.92970
-21688.92970 -21591.86520
-21393.10130 -21637.18160
-21781.52000 -21715.89650
-21715.89650 -21690.91800
-21690.91800 -21629.32620
-21629.32620 -21703.78120
-21164.53610 -21632.56250
-21382.07740 -21693.60550
-21920.40440 -21624.49220
-22220.13630 -21639.02150
-21639.02150 -21705.67380
-21705.67380 -21663.01370
-21025.89820 -21618.68950
-21618.68950 -21806.12500
-22389.15880 -21643.45120
-21643.45120 -21666.51760
-21666.51760 -21636.80270
-22641.68820 -21498.08200
-20935.84850 -21720.46880
-21040.63440 -21760.25200
-22452.52060 -21655.65820
-21655.65820 -21675.16020
-21675.16020 -21671.66600
-21671.66600 -21622.73630
-22234.16010 -21679.37500
-21679.37500 -21604.70700
-22010.00450 -21669.11330
-20873.61560 -21756.05470
-21766.49460 -21683.67580
-21831.79020 -21716.91020
-21716.91020 -21632.90230
-21632.90230 -21838.98240
-21838.98240 -21573.12110
-21573.12110 -21747.40230
-21747.40230 -21818.95310
-21165.17850 -21628.05470
-20604.38140 -21738.97070
-21738.97070 -21637.52540
-21570.19660 -21699.71880
-21699.71880 -21629.15820
-21629.15820 -21692.67970
-21406.84010 -21593.30660
-21489.27920 -21710.83590
-21086.91080 -21865.04880
-21865.04880 -21754.16020
-21754.16020 -21578.20310
-21745.54150 -21757.50780
-21757.50780 -21642.17970
-21483.91410 -21738.01560
-21738.01560 -21661.66800
-21916.62930 -21691.73050
-22912.97710 -21770.99610
-21770.99610 -21687.66410
-21687.66410 -21503.92380
-21781.36550 -21553.32620
-22739.44280 -21670.45310
-21745.51870 -21711.08590
-21711.08590 -21782.81250
-21782.81250 -21623.48630
-21623.48630 -21814.88090
-21233.42620 -21748.62500
-21291.94530 -21607.39260
-21607.39260 -21759.71090
-21759.71090 -21651.91990
-21651.91990 -21810.59380
-21714.49090 -21649.80080
-21649.80080 -21694.77540
-20308.69330 -21742.71480
-21742.71480 -21564.14840
-21564.14840 -21682.49610
-22089.04520 -21777.46480
-21777.46480 -21563.99800
-21563.99800 -21701.27930
-22100.57960 -21589.36130
-21589.36130 -21731.89260
-22641.75480 -21386.10940
-22641.74920 -21383.04880
-20726.55900 -21474.88670
-21474.88670 -21374.64650
-21817.58810 -21416.16410
-21416.16410 -21350.70510
-21350.70510 -21502.07030
-21502.07030 -21462.51370
-21462.51370 -21375.70120
-20833.09990 -21382.24220
-21382.24220 -21377.20900
-21377.20900 -21401.29300
-21401.29300 -21449.47070
-21449.47070 -21414.50980
-21414.50980 -21369.39840
-21369.39840 -21453.43360
-21453.43360 -21383.72070
-21760.94900 -21383.58400
-19701.43900 -21426.49610
-22180.27810 -21467.40620
-21467.40620 -21449.50980
-21449.50980 -21479.44920
-21641.62090 -21416.31640
-22245.29310 -21457.54100
-22185.98350 -21489.60550
-21489.60550 -21309.87500
-22512.26520 -21402.05860
-21896.70200 -21364.54100
-21234.59340 -21471.66410
-20738.25460 -21411.43360
-21411.43360 -21351.50390
-20849.98030 -21424.32420
-21424.32420 -21364.79100
-21364.79100 -21416.41410
-21416.41410 -21363.89840
-22604.17270 -21419.00780
-21004.80830 -21333.69140
-21333.69140 -21471.60740
-21597.44080 -21421.70310
-21923.83050 -21495.82030
-22233.04140 -21434.24220
-22458.33770 -21345.30080
-21107.48300 -21302.65820
-22395.93730 -21357.46290
-21588.96030 -21381.50000
-21381.50000 -21352.39650
-21352.39650 -21398.60350
-21398.60350 -21365.70900
-21365.70900 -21407.06250
-21407.06250 -21361.01170
-21361.01170 -21448.34770
-21448.34770 -21393.77340
-21393.77340 -21317.71480
-21455.79580 -21352.36130
-21535.59970 -21398.50780
-21801.55390 -21330.56450
-21505.90310 -21404.68360
-21404.68360 -21398.39060
-21176.19360 -21409.64450
-20765.04840 -21381.71880
-21381.71880 -21359.73050
-21359.73050 -21367.79880
-20841.86030 -21364.60740
-21364.60740 -21474.20900
-21778.93150 -21376.34770
-21376.34770 -21471.61130
-21678.05190 -21412.81450
-23529.45760 -21445.28320
-21614.40120 -21492.38870
-21275.29850 -21336.08590
-21336.08590 -21283.77730
-20552.92380 -21451.49610
-21451.49610 -21377.81250
-21377.81250 -21410.31840
-21410.31840 -21453.10160
-21453.10160 -21430.23050
-22010.96670 -21402.18360
-21402.18360 -21378.96880
-21448.34160 -21456.07420
-23462.18660 -21407.09570
-20815.49740 -21400.75200
-21919.63290 -21350.85550
-20922.52710 -21406.66600
-22815.79290 -21333.02730
-21333.02730 -21450.79100
-21450.79100 -21431.72270
-21431.72270 -21391.49610
-21391.49610 -21406.42380
-21459.85820 -21389.50780
-20612.50400 -21353.05660
-21353.05660 -21335.24410
-21109.30740 -21379.86330
-21379.86330 -21377.79100
-21936.22010 -21214.49800
-22081.65860 -21374.02730
-21374.02730 -21334.22070
-21334.22070 -21421.55860
-21421.55860 -21455.68750
-21619.73960 -21389.21090
-21389.21090 -21284.78910
-21284.78910 -21413.35350
-20595.69630 -21288.93160
-21740.11290 -21390.14060
-21390.14060 -21431.71880
-21431.71880 -21347.08200
-20659.12590 -21438.96290
-21438.96290 -21325.87700
-20781.83340 -21424.52150
-21424.52150 -21422.91020
-21422.91020 -21393.33980
-21393.33980 -21346.22850
-21346.22850 -21420.84380
-21089.07670 -21392.24410
-21822.97190 -21482.22270
-20080.57480 -21386.20310
-21386.20310 -21407.47460
-19611.97890 -21359.78520
-21998.12180 -21380.73050
-21380.73050 -21473.27730
-21473.27730 -21415.43950
-21415.43950 -21347.55080
-21347.55080 -21439.49610
-21439.49610 -21317.53520
-21317.53520 -21425.66600
-21425.66600 -21411.72850
-21431.21370 -21419.12300
-21419.12300 -21368.93950
-21368.93950 -21350.48240
-21350.48240 -21392.13870
-21392.13870 -21506.60740
-21627.24830 -21377.27340
-21067.26220 -21387.61720
-21387.61720 -21346.58590
-21346.58590 -21268.60550
-21268.60550 -21438.80270
-21438.80270 -21566.96290
-21566.96290 -21326.80080
-21651.73890 -21454.79690
-21454.79690 -21352.45120
-21489.57410 -21483.54490
-21483.54490 -21379.97460
-21379.97460 -21279.31640
-21279.31640 -21384.32810
-21384.32810 -21416.80080
-21303.30860 -21299.60550
-21299.60550 -21411.65820
-21411.65820 -21353.85350
-22718.50830 -21399.73630
-22203.62290 -21439.70310
-21439.70310 -21426.75780
-22178.86600 -21418.81450
-21418.81450 -21273.75000
-23060.58720 -21341.95120
-22303.75490 -21412.76170
-21833.04790 -21448.07420
-21448.07420 -21371.73050
-21329.12760 -21398.78120
-21083.86320 -21368.61720
-21327.16720 -21257.57420
-21921.38210 -21382.17380
-20602.08840 -21528.93550
-20957.36440 -21376.96480
-21219.09660 -21417.53520
-21417.53520 -21420.40430
-21420.40430 -21274.11330
-21274.11330 -21410.00590
-21410.00590 -21355.55860
-21355.55860 -21449.01370
-21449.01370 -21423.03710
-21423.03710 -21431.56250
-21431.56250 -21405.17580
-21405.17580 -21437.40820
-20874.83750 -21373.11130
-20464.68300 -21446.61720
-21428.49030 -21390.65620
-21390.65620 -21441.84770
-20474.19050 -21386.56250
-20915.55850 -21403.65620
-21502.79590 -21335.10940
-21289.16320 -21431.46880
-21322.35010 -21333.05080
-21333.05080 -21499.68950
-21499.68950 -21432.41020
-21432.41020 -21412.19920
-21412.19920 -21330.21090
-22245.23790 -21317.18360
-22163.44570 -21354.29690
-21354.29690 -21444.69140
-21275.82730 -21410.91020
-22488.26290 -21436.86130
-21436.86130 -21415.54880
-21677.34320 -21407.05080
-21407.05080 -21358.89650
-21358.89650 -21410.04300
-21410.04300 -21418.78710
-21737.58570 -21414.99610
-21102.98600 -21462.25780
-21462.25780 -21392.44530
-20901.64210 -21438.73050
-21794.12550 -21321.16210
-21321.16210 -21347.04880
-21347.04880 -21341.47660
-21341.47660 -21407.89260
-21407.89260 -21486.04690
-21843.52930 -21384.66800
-21384.66800 -22022.65430
-21114.52770 -22052.09570
-21527.54520 -22050.91600
-22050.91600 -22074.35160
-22074.35160 -22069.15230
-22830.54470 -22055.12500
-21745.40980 -22048.56450
-20899.90590 -22053.67190
-22053.67190 -22047.87700
-22047.87700 -22052.81050
-22052.81050 -22062.28320
-21284.73260 -22069.76560
-22069.76560 -22051.19530
-20927.22620 -22059.84180
-20282.35190 -22056.19730
-21051.36860 -22063.49800
-22442.67810 -22045.85550
-21180.28270 -22064.98440
-22355.17320 -22057.91800
-22989.38470 -22043.36720
-22043.36720 -22055.74610
-21831.82590 -22044.28710
-21461.69580 -22060.67770
-21734.73520 -22039.79490
-22039.79490 -22059.58790
-21236.66060 -22060.08200
-21329.47950 -22048.23440
-21819.77590 -22050.03910
-22544.92750 -22053.75780
-22053.75780 -22034.68750
-22034.68750 -22057.27730
-21558.19290 -22063.29300
-21321.49340 -22047.42190
-22048.04640 -22045.97850
-22045.97850 -22061.50590
-22061.50590 -22062.64260
-22062.64260 -22043.72460
-21532.04740 -22055.98630
-22055.98630 -22063.41020
-21453.12660 -22078.33980
-20763.42460 -22078.39450
-22078.39450 -22063.90230
-22063.90230 -22037.01950
-21897.23870 -22033.76170
-22033.76170 -22065.96480
-22065.96480 -22055.78120
-21715.84500 -22065.44730
-22065.44730 -22059.52540
-22059.52540 -22067.81640
-21364.98940 -22059.78320
-14172.72580 -14196.69340
-14196.69340 -14294.27540
-14294.27540 -14245.28120
-14245.28120 -14299.03520
-13744.78260 -14262.61620
-14262.61620 -14257.31050
-13952.79510 -14286.16700
-13831.62490 -14239.35450
-14153.61030 -14222.25980
-14222.25980 -14195.42090
-13841.31270 -14264.02930
-14118.75970 -14246.94140
-14013.96840 -14303.63960
-14330.55080 -14222.13960
-14222.13960 -14253.51460
-14253.51460 -14276.18950
-13798.14360 -14285.15140
-14285.15140 -14281.91700
-14281.91700 -14322.31050
-13720.08190 -14259.79690
-14259.79690 -14349.74610
-14349.74610 -14283.80660
-14283.80660 -14294.90140
-14294.90140 -14316.13280
-14316.13280 -14224.24020
-14215.77920 -14200.84280
-14480.06910 -14245.77150
-14245.77150 -14245.66700
-14245.66700 -14271.85940
-14271.85940 -14264.50680
-14264.50680 -14269.33590
-14205.08180 -14283.40820
-14283.40820 -14262.78710
-14262.78710 -14294.61520
-13876.49570 -14237.46880
-14237.46880 -14289.54690
-14289.54690 -14297.87790
-13930.50720 -14200.95700
-15390.46400 -14294.48440
-14294.48440 -14268.91020
-14882.14180 -14270.28910
-14270.28910 -14243.75680
-14695.86280 -14307.13280
-14352.32430 -14270.61230
-14270.61230 -14216.86520
-14216.86520 -14299.60740
-14299.60740 -14338.04200
-14589.23960 -14300.72460
-13759.84890 -14242.81840
-14072.96500 -14166.72850
-14877.47620 -14289.20120
-14546.99600 -14407.21090
-14407.21090 -14293.50780
-14293.50780 -14379.64750
-14379.64750 -14457.27540
-14457.27540 -14361.52250
-14361.52250 -14310.44340
-14310.44340 -14398.27930
-14282.38210 -14355.24020
-15146.84570 -14258.88280
-14485.76830 -14337.82620
-14337.82620 -14351.76560
-14351.76560 -14388.68550
-14388.68550 -14425.32420
-14911.13640 -14446.12790
-14047.42800 -14365.66990
-14365.66990 -14312.22850
-14312.22850 -14294.84180
-14294.84180 -14408.50200
-14408.50200 -14396.57620
-14396.57620 -14464.57230
-14326.04720 -14352.81450
-14066.79320 -14430.59960
-14009.77280 -14285.69040
-14285.69040 -14397.42870
-14446.67510 -14443.83500
-14443.83500 -14371.87010
-14371.87010 -14315.64840
-14315.64840 -14315.90820
-14315.90820 -14314.19140
-14690.51880 -14485.51370
-14485.51370 -14389.06930
-14879.99720 -14444.10840
-13910.47230 -14400.57710
-14400.57710 -14401.60940
-14401.60940 -14317.58590
-14317.58590 -14445.80470
-14445.80470 -14407.11520
-14604.82910 -14386.29880
-14386.29880 -14339.11230
-14339.11230 -14464.66020
-14464.66020 -14301.44530
-13995.23530 -14352.93160
-14359.55260 -14340.45610
-14654.45870 -14507.88670
-14507.88670 -14610.51070
-13919.78150 -14363.19140
-14040.48540 -14411.55270
-14125.74490 -14349.62790
-14349.62790 -14424.50780
-14067.97990 -14413.38090
-14575.04210 -14429.76460
-14429.76460 -14429.32710
-14270.35400 -14333.18360
-14171.80550 -14299.49020
-14192.09170 -14232.05860
-15217.34690 -14266.10350
-14057.07010 -14285.75390
-14285.75390 -14231.15620
-15117.84420 -14304.62300
-14274.90260 -14255.05860
-13126.68850 -14283.93550
-14283.93550 -14337.68550
-14337.68550 -14298.26170
-14088.83390 -14421.93950
-14247.60340 -14346.32030
-14346.32030 -14359.06540
-14359.06540 -14338.65430
-14338.65430 -14272.23440
-14272.23440 -14410.70310
-14410.70310 -14284.01460
-14081.27940 -14322.74800
-13685.71200 -14354.68360
-14624.06560 -14312.23240
-14312.23240 -14304.29490
-14304.29490 -14309.15040
-14309.15040 -14312.99410
-14312.99410 -14285.78710
-13630.66250 -14304.47460
-15151.25770 -14305.36910
-14305.36910 -14336.20210
-13677.72700 -14266.91990
-13724.87020 -14392.41990
-14392.41990 -14294.84180
-13810.36720 -14367.58890
-13771.58150 -14311.18950
-14924.37740 -14297.42090
-14914.17550 -14260.17580
-13361.77050 -14323.10840
-13003.34060 -14351.17970
-14216.84690 -14337.21000
-14321.43560 -14295.09770
-14295.09770 -14424.96390
-14381.87040 -14336.58400
-13024.29080 -14438.44040
-14055.97040 -14317.58790
-14477.59560 -14353.24510
-14353.24510 -14390.20120
-14390.20120 -14417.75780
-14312.45920 -14418.31250
-14483.77060 -14428.66600
-14428.66600 -14406.61230
-13756.54860 -14372.94140
-14372.94140 -14428.49410
-14374.02860 -14342.41020
-14815.76640 -14412.58790
-14578.76170 -14429.50780
-13835.42940 -14339.44920
-14339.44920 -14400.25200
-14589.74610 -14345.20900
-14345.20900 -14334.25000
-14334.25000 -14389.73240
-13897.99920 -14336.72070
-13964.50580 -14412.57030
-14412.57030 -14318.16600
-14318.16600 -14323.18260
-14309.11540 -14287.01560
-14287.01560 -14378.38280
-14378.38280 -14336.49020
-14427.22220 -14431.00590
-14431.00590 -14413.59770
-14413.59770 -14363.44430
-14363.44430 -14415.70900
-14415.70900 -14468.33110
-13940.74510 -14478.77640
-14478.77640 -14335.27250
-14742.88600 -14417.45310
-14553.75870 -14313.19430
-14773.92530 -14370.25000
-14370.25000 -14407.33200
-14110.01980 -14359.48050
-14076.15940 -14318.57710
-14318.57710 -14331.08010
-13875.48680 -14404.69920
-14341.91500 -14276.50200
-14276.50200 -14425.13090
-14648.62170 -14329.22560
-14112.19520 -14412.23340
-13938.14330 -14343.44340
-14523.53970 -14325.56250
-13818.85320 -14384.16700
-14037.39930 -14327.44820
-14327.44820 -14409.26760
-14409.26760 -14327.51950
-14327.51950 -14340.11330
-14614.38020 -14345.76760
-14690.03830 -14317.81930
-14262.36180 -14340.21880
-14109.75270 -14401.56150
-14887.13370 -14334.42480
-14976.70260 -14445.94340
-14857.88010 -14328.86520
-14543.75780 -14340.00290
-13739.60490 -14357.87700
-14357.87700 -14470.23240
-14112.94500 -14440.62700
-14440.62700 -14339.69340
-14765.32840 -14338.19340
-14338.19340 -14422.21680
-14422.21680 -14392.85940
-13382.08840 -14387.33980
-14387.33980 -14334.53030
-14334.53030 -14460.25590
-14460.25590 -14324.17480
-14324.17480 -14286.61720
-13786.63200 -14403.50780
-14170.16290 -14364.29690
-14364.29690 -14337.59280
-15066.19510 -14375.66700
-14172.19270 -14439.41020
-14290.12390 -14524.44920
-14327.51310 -14331.48240
-14544.69050 -14348.83010
-14208.53820 -14411.16600
-14411.16600 -14544.29200
-14514.79010 -14270.72660
-14055.32500 -14376.77150
-14475.40020 -14371.47950
-14738.87740 -14416.00980
-14748.88870 -14444.56930
-14444.56930 -14405.78520
-13135.73700 -14395.37500
-15570.79660 -14404.27340
-14404.27340 -14327.76560
-14327.76560 -14392.03810
-14311.59980 -14336.99220
-14336.99220 -14349.56050
-14349.56050 -14452.28810
-14452.28810 -14367.75980
-14367.75980 -14366.55270
-14366.75300 -14327.57320
-14288.18990 -14370.22950
-14513.39140 -14316.99120
-13648.57510 -14322.14650
-14322.14650 -14346.93750
-14914.43220 -14399.33790
-14546.61670 -14442.53120
-14442.53120 -14382.27930
-14382.27930 -14408.69530
-15039.46320 -14389.72660
-14389.72660 -14393.37700
-14393.37700 -14445.99610
-14361.27820 -14393.54690
-14393.54690 -14488.36620
-14488.36620 -14410.71680
-14410.71680 -14386.09570
-14386.09570 -14324.39840
-14324.39840 -14391.61130
-14391.61130 -14432.19430
-14133.91440 -14417.20700
-14417.20700 -14354.28030
-14354.28030 -14423.19820
-14423.19820 -14421.88480
-14421.88480 -14367.34380
-14367.34380 -14233.87300
-14233.87300 -14324.76460
-14324.76460 -14339.60160
-14339.60160 -14439.71090
-14439.71090 -14411.41990
-14411.41990 -14322.57420
-14322.57420 -14388.95610
-14388.95610 -14427.76370
-14793.46220 -14482.39840
-14482.39840 -14415.62300
-14415.62300 -14389.95610
-13872.29410 -14439.99220
-14131.24120 -14370.29590
-14347.04090 -14432.22270
-14432.22270 -14324.14750
-14324.14750 -14410.80760
-14410.80760 -14302.07030
-14684.27800 -14420.59960
-14139.88870 -14399.20510
-15021.78840 -14312.66700
-15236.84340 -14304.99900
-14201.86980 -14457.56640
-14457.56640 -14381.75390
-14381.75390 -14438.79200
-13912.89130 -14464.83980
-14464.83980 -14443.68160
-14443.68160 -14367.95610
-14367.95610 -14364.52730
-14694.35150 -14471.87300
-14471.87300 -14314.03120
-14009.91120 -14423.33010
-14423.33010 -14413.47850
-14682.26770 -14779.50000
-14779.50000 -14765.47170
-14765.47170 -14772.22950
-15802.65690 -14823.41310
-14467.02880 -14784.88870
-14956.13650 -14767.27640
-14366.06880 -14767.29980
-14767.29980 -14780.84670
-14644.38750 -14714.32320
-14714.32320 -14772.52150
-14772.52150 -14806.24120
-14546.66910 -14752.04590
-14752.04590 -14754.36910
-14754.36910 -14832.79100
-14832.79100 -14826.33110
-14826.33110 -14771.44040
-14771.44040 -14793.35840
-15382.32470 -14809.55660
-14809.55660 -14778.12010
-14778.12010 -14885.99020
-13776.64470 -14705.70610
-14705.70610 -14805.26460
-14177.13580 -14809.70120
-14809.70120 -14868.90820
-14868.90820 -14778.22170
-13742.33400 -14832.73730
-14832.73730 -14764.55660
-14764.55660 -14774.04590
-14774.04590 -14734.26170
-14734.26170 -14807.04100
-14807.04100 -14711.09960
-14404.95940 -14816.70610
-14816.70610 -14752.30080
-14752.30080 -14825.96680
-13710.47450 -14859.01950
-14859.01950 -14718.22950
-15289.93800 -14866.61720
-14533.91270 -14834.60550
-14392.72300 -14756.15430
-14756.15430 -14764.10740
-14149.60290 -14793.92380
-14312.35510 -14771.11130
-14067.09840 -14753.18550
-14753.18550 -14842.51370
-14842.51370 -14800.85550
-14332.13730 -14760.45900
-14023.76560 -14794.86720
-14794.86720 -14787.19140
-14787.19140 -14792.41410
-14792.41410 -14764.41410
-14764.41410 -14839.93360
-13477.01280 -14797.13960
-14797.13960 -14751.36910
-14751.36910 -14828.11720
-14828.11720 -14773.73730
-14773.73730 -14714.45120
-14714.45120 -14804.41410
-14804.41410 -14800.48440
-14201.46970 -14813.74610
-14813.74610 -14792.12400
-10653.64770 -10688.47660
-10638.90870 -10806.65920
-10806.65920 -10742.95800
-10742.95800 -10745.21480
-10745.21480 -10736.04690
-10736.04690 -10730.03030
-10730.03030 -10755.81050
-10755.81050 -10725.57810
-10722.41490 -10742.54690
-10981.42510 -10762.90920
-10445.17090 -10800.52730
-10852.36120 -10751.20510
-10751.20510 -10760.26170
-10460.55360 -10765.48830
-10765.48830 -10765.95120
-10674.29000 -10753.31930
-10753.31930 -10745.92190
-10745.92190 -10815.40430
-10191.21130 -10757.77730
-10757.77730 -10748.83200
-10223.27000 -10732.85160
-10719.87640 -10719.51760
-10719.51760 -10735.29980
-10735.29980 -10749.64550
-10740.34190 -10769.56740
-10933.47160 -10757.34670
-10635.64560 -10750.27640
-10503.05670 -10768.67190
-10768.67190 -10738.58110
-9339.28740 -10735.91020
-10693.18760 -10753.91110
-10753.91110 -10773.55470
-10773.55470 -10749.45020
-11165.94900 -10771.01860
-11285.13530 -10755.25000
-9817.73620 -10738.10450
-10738.10450 -10703.76370
-10025.42850 -10756.28030
-10756.28030 -10710.66500
-10847.53180 -10710.16600
-10710.16600 -10758.77640
-9856.41830 -10732.18750
-10732.18750 -10705.88570
-10822.97530 -10749.66990
-10749.66990 -10741.02540
-10094.89120 -10804.21780
-10600.51960 -10770.28810
-10770.28810 -10845.56450
-10845.56450 -10771.85450
-10771.85450 -10707.09280
-10094.91560 -10731.66890
-10664.44230 -10759.41600
-10759.41600 -10767.50490
-10957.06790 -10785.38180
-10660.24820 -10764.18850
-10764.18850 -10756.71290
-10485.39500 -10718.94340
-10824.13480 -10790.53520
-11029.14520 -10824.95020
-10880.06670 -10751.47850
-10895.18660 -10740.95310
-10740.95310 -10732.03220
-10590.55960 -10764.12300
-10764.12300 -10743.76950
-10743.76950 -10733.50290
-10926.38290 -10753.25100
-10587.64620 -10749.10350
-10801.84840 -10802.23930
-10802.23930 -10739.62110
-10412.19600 -10804.00290
-10575.49310 -10753.44530
-10664.27050 -10748.45020
-10176.67280 -10708.74220
-11051.77350 -10758.31740
-10758.31740 -10747.32030
-10643.57610 -10829.63090
-10829.63090 -10738.35840
-9910.37970 -10833.96970
-10663.30760 -10718.78710
-10718.78710 -10740.83300
-10740.83300 -10730.32130
-11246.85530 -10823.35350
-10560.22420 -10778.06250
-10778.06250 -10843.83890
-10214.46740 -10784.36620
-10308.02870 -10765.19340
-10298.19750 -10744.99220
-10420.83000 -10748.23540
-10748.23540 -10701.04490
-10701.04490 -10771.67770
-11408.04830 -10768.59570
-11101.06990 -10730.75980
-10730.75980 -10772.48240
-10591.26260 -10735.56250
-10735.56250 -10759.69730
-10607.94070 -10732.70210
-10732.70210 -10753.17680
-10753.17680 -10788.17380
-10788.17380 -10824.56640
-10824.56640 -10760.85840
-10760.85840 -10737.82910
-10737.82910 -10757.86040
-10694.89690 -10826.80080
-10807.87010 -10754.78810
-10516.93800 -10747.48440
-10747.48440 -10743.02250
-10743.02250 -10723.77050
-10690.99220 -10819.04790
-10737.35900 -10732.71480
-10305.59100 -10795.19340
-10795.19340 -10746.42870
-10633.50180 -10760.01170
-10760.01170 -10807.59860
-10807.59860 -10757.49710
-10757.49710 -10777.64450
-10545.94200 -10789.24710
-10789.24710 -10740.01070
-10740.01070 -10759.74120
-10905.76920 -10781.91310
-10781.91310 -10746.81930
-11085.40690 -10829.11330
-10912.77060 -10782.01860
-10769.17700 -10764.57230
-10731.53390 -10867.37990
-10867.37990 -10735.30270
-10241.83260 -10801.26170
-10801.26170 -10754.37300
-10754.37300 -10789.90620
-10789.90620 -10786.71480
-10490.15930 -10743.88180
-10743.88180 -10789.05960
-10789.05960 -10822.06450
-10822.06450 -10788.10250
-10447.38040 -10831.94340
-9701.43110 -10737.17870
-10587.17180 -10752.06640
-10612.27830 -10737.31840
-10737.31840 -10745.38180
-10337.40610 -10784.33980
-10838.83330 -10755.91600
-10400.02560 -10751.21780
-10717.01140 -10764.81050
-10903.17730 -10791.83400
-10617.83120 -10727.86620
-10253.81560 -10840.98340
-10840.98340 -10812.71780
-10812.71780 -10739.93360
-10930.05360 -10840.06250
-11521.91010 -10804.96580
-11019.31390 -10744.84860
-10804.33190 -10791.29880
-10927.32110 -10735.76370
-10735.76370 -10785.81250
-11123.90370 -10827.86820
-10827.86820 -10821.75200
-10821.75200 -10716.21290
-10716.21290 -10753.06050
-10753.06050 -10896.67580
-10896.67580 -10864.82710
-10864.82710 -10766.26460
-11050.90830 -10792.44040
-10248.79020 -10781.48340
-11070.58940 -10786.20900
-10786.20900 -10739.15620
-10739.15620 -10795.16990
-10772.64060 -10782.56840
-10437.65510 -10710.85160
-10721.03330 -10700.36520
-10700.36520 -10738.09380
-10469.14540 -10751.31150
-10751.31150 -10741.66700
-10888.43270 -10869.70410
-10356.71290 -10703.04590
-10703.04590 -10777.40230
-10777.40230 -10757.63180
-10757.63180 -10741.98340
-10712.81710 -10745.04390
-10045.58840 -10759.77440
-10565.86320 -10800.54390
-11038.10080 -10700.09080
-10700.09080 -10730.03810
-10225.70630 -10736.86520
-10736.86520 -10718.42380
-11139.38550 -10778.80470
-10778.80470 -10799.80080
-10799.80080 -10815.82620
-10815.82620 -10722.64360
-10722.64360 -10888.22360
-11006.42260 -10745.30080
-10745.30080 -10826.64750
-10826.64750 -10768.40430
-10667.72400 -10756.13960
-10595.30680 -10727.48340
-10486.08920 -10709.19820
-10709.19820 -10734.37500
-10734.37500 -10740.14450
-10647.42340 -10806.91800
-10542.05720 -10781.20210
-10781.20210 -10812.25000
-10667.69410 -10749.27930
-10749.27930 -10746.00680
-10746.00680 -10742.13480
-10742.13480 -10743.17290
-10730.17870 -10744.98440
-10744.98440 -10768.30180
-10722.20650 -10788.53320
-10788.53320 -10762.58500
-10762.58500 -10795.92970
-10795.92970 -10765.18160
-10765.18160 -10750.93260
-10750.93260 -10763.11720
-10763.11720 -10735.31450
-10735.31450 -10702.58980
-10702.58980 -10721.50980
-10721.50980 -10698.34960
-10698.34960 -10721.30960
-11332.40840 -10735.84080
-10653.61860 -10821.82030
-10821.82030 -10705.75000
-11026.02880 -10768.17680
-10947.08540 -10776.92290
-10776.92290 -10832.92770
-10832.92770 -10753.32810
-10746.07420 -10821.16800
-10349.82380 -10721.58500
-10582.14930 -10754.65330
-10754.65330 -10814.12300
-10814.12300 -10749.91890
-10749.91890 -10776.96090
-10776.96090 -10789.06640
-10568.79770 -10827.12300
-10691.95710 -10777.26170
-10777.26170 -10756.86720
-10646.17110 -10735.21680
-10735.21680 -10709.56150
-10954.42010 -10752.88570
-10628.29850 -10781.47070
-10781.47070 -10762.09670
-11360.31640 -10784.04100
-10784.04100 -10741.58980
-10741.58980 -10743.22360
-10743.22360 -10768.13670
-10036.47110 -10744.53120
-10744.53120 -10772.82420
-10772.82420 -10758.95700
-10758.95700 -10767.94630
-10767.94630 -10777.72660
-10777.72660 -10802.77540
-10802.77540 -10761.18160
-10761.18160 -10756.79490
-10756.79490 -10698.63090
-10698.63090 -10767.00000
-11025.89450 -10776.77440
-11159.68220 -10809.94530
-10809.94530 -10707.45310
-9938.31870 -10733.93750
-10733.93750 -10737.16310
-11281.42790 -10805.00590
-10805.00590 -10799.08500
-10694.83710 -10745.25390
-10979.53510 -10764.04300
-10764.04300 -10803.67870
-10803.67870 -10764.09860
-10764.09860 -10815.08400
-10649.14860 -10695.03120
-10251.98370 -10826.28710
-10691.11630 -10743.29590
-10658.18050 -10767.24320
-11137.65140 -10794.95700
-10794.95700 -10730.37300
-10812.07270 -10816.79100
-10816.79100 -10709.79880
-10915.97200 -10821.08200
-10498.23590 -10915.02150
-10915.02150 -10772.28220
-10456.16320 -10742.57030
-10742.57030 -10730.70310
-10808.00210 -10736.53320
-10736.53320 -10723.99900
-10254.96840 -10775.19530
-10775.19530 -10742.75680
-10288.07640 -10832.56250
-10832.56250 -10717.27540
-10367.24690 -10708.20510
-10798.71970 -10789.75390
-10789.75390 -10711.13180
-10711.13180 -10732.32420
-10732.32420 -10780.96880
-10685.52670 -10783.70900
-10425.40680 -10681.19040
-10248.10360 -10705.34180
-11119.35810 -10724.76860
-10724.76860 -10762.52730
-10762.52730 -10790.18950
-10326.47360 -10779.64260
-10779.64260 -10749.87500
-10749.87500 -10717.90530
-10717.90530 -10745.71780
-10745.71780 -10770.55660
-10770.55660 -10821.18360
-10412.16560 -10707.29790
-10600.84940 -11185.34860
-10520.26580 -11136.09670
-10620.36290 -11118.50000
-11118.50000 -11135.93460
-11135.93460 -11143.80270
-11143.80270 -11128.25100
-11128.25100 -11141.95020
-11141.95020 -11102.58890
-11102.58890 -11121.89160
-10524.22410 -11121.41990
-11121.41990 -11131.83980
-10411.90390 -11195.44630
-11195.44630 -11145.67580
-10131.32060 -11106.09860
-10752.20120 -11147.85060
-10848.55940 -11163.97560
-10702.19120 -11176.32130
-10633.91760 -11114.85550
-11114.85550 -11157.25000
-11157.25000 -11146.56740
-11146.56740 -11113.86430
-10786.10980 -11143.28220
-11143.28220 -11169.79000
-11169.79000 -11132.04300
-11132.04300 -11191.24610
-11191.24610 -11160.80960
-11160.80960 -11148.63870
-9945.73590 -11152.91990
-11152.91990 -11141.07320
-11141.07320 -11160.40430
-11160.40430 -11116.70120
-11078.05800 -11169.79790
-10941.56540 -11135.20120
-11135.20120 -11128.47660
-10711.52150 -11102.11720
-10405.57950 -11177.99510
-11177.99510 -11096.98540
-11096.98540 -11134.07320
-11134.07320 -11170.90720
-11170.90720 -11137.98240
-11137.98240 -11140.97850
-10807.36930 -11154.42380
-11154.42380 -11147.48050
-10841.61920 -11133.45310
-11133.45310 -11181.21780
-10642.16530 -11165.29200
-11165.29200 -11177.70120
-11177.70120 -11140.67380
-11140.67380 -11112.06840
-11112.06840 -11291.16990
-11291.16990 -11114.75490
-11114.75490 -11091.51950
-10763.23580 -11161.83010
-10844.68860 -11136.43950
-8531.88330 -8636.40720
-8636.40720 -8648.30760
-8648.30760 -8648.57710
-8648.57710 -8634.79200
-8634.79200 -8613.98340
-8664.57140 -8617.32030
-8617.32030 -8698.10740
-8209.34330 -8529.99410
-8739.39210 -8618.71680
-8477.57610 -8592.32320
-8878.24160 -8590.63960
-8590.63960 -8631.90140
-8637.25960 -8619.20310
-8433.01230 -8559.29590
-8409.09570 -8616.12400
-8616.12400 -8589.93160
-8546.26500 -8540.86910
-8941.66630 -8660.01460
-9144.77310 -8607.29590
-8607.29590 -8604.10550
-8446.13010 -8563.55660
-8926.71310 -8575.27340
-8285.17710 -8584.64750
-8584.64750 -8735.17480
-8735.17480 -8584.68360
-8584.68360 -8562.33590
-8562.33590 -8599.75680
-8577.53610 -8572.44820
-8230.52170 -8652.30080
-8652.30080 -8572.11230
-8804.40010 -8618.72560
-8807.42030 -8646.47850
-8739.26710 -8603.90620
-8740.94000 -8597.04200
-8722.24020 -8577.41800
-8406.41850 -8624.20210
-8408.22420 -8578.73440
-8578.73440 -8582.96290
-8582.96290 -8606.30960
-8606.30960 -8658.63570
-8658.63570 -8586.49120
-8724.46340 -8656.11040
-8656.11040 -8586.27540
-8586.27540 -8594.05860
-8011.18270 -8561.30180
-8561.30180 -8601.19140
-7971.48500 -8547.23540
-8547.23540 -8545.88770
-8350.26070 -8524.07030
-8524.07030 -8545.58890
-8519.78830 -8525.10840
-8402.71020 -8545.51460
-8612.98380 -8617.17090
-8439.55300 -8519.70310
-8158.40850 -8559.09860
-8559.09860 -8543.50100
-8543.50100 -8546.77340
-8546.77340 -8547.08790
-8547.08790 -8560.96480
-8560.96480 -8568.44240
-8546.69900 -8518.46000
-8518.46000 -8534.91990
-8534.91990 -8525.41890
-8774.25150 -8528.20410
-8528.20410 -8575.22170
-7658.34430 -8559.51070
-8616.76080 -8496.81930
-8496.81930 -8553.25980
-8553.25980 -8523.60250
-8422.17430 -8450.93160
-8906.81270 -8518.69530
-8518.69530 -8521.34380
-8450.77340 -8538.71000
-8538.71000 -8533.45020
-8533.45020 -8538.81540
-9009.73020 -8527.30370
-8502.16520 -8558.46090
-8558.46090 -8517.57230
-8517.57230 -8474.11230
-8474.11230 -8518.16700
-8518.16700 -8512.78030
-8512.78030 -8509.79390
-8604.19850 -8500.70210
-7975.84390 -8559.58590
-8559.58590 -8521.58690
-8381.27990 -8512.17870
-8512.17870 -8577.78810
-8742.77030 -8496.80270
-9009.73120 -8548.75200
-8548.75200 -8564.96090
-8564.96090 -8512.55080
-8512.55080 -8505.68360
-8501.04800 -8486.16310
-8867.62710 -8489.80180
-8489.80180 -8503.17870
-8597.88450 -8533.74020
-8320.21180 -8523.05760
-8908.20810 -8535.56930
-8535.56930 -8520.39360
-8301.55770 -8508.87790
-8508.87790 -8550.26270
-9304.26540 -8552.12890
-8797.79780 -8548.04490
-8633.82750 -8493.94430
-8583.54120 -8518.39260
-8286.62500 -8530.72170
-8378.57680 -8513.95900
-8513.95900 -8520.10550
-8520.10550 -8544.08500
-8544.08500 -8540.84860
-8540.84860 -8506.92680
-8506.92680 -8558.97460
-8592.28520 -8532.03320
-8532.03320 -8537.53030
-8537.53030 -8526.09080
-8660.52460 -8534.63960
-8534.63960 -8538.62010
-8538.62010 -8512.55470
-8869.32670 -8515.42870
-8306.79950 -8580.22170
-8580.22170 -8531.64360
-8051.95110 -8510.27640
-8510.27640 -8496.63570
-8806.54150 -8539.80470
-8539.80470 -8533.27640
-8533.27640 -8504.09280
-8504.09280 -8495.43460
-8495.43460 -8535.35840
-8535.35840 -8497.00880
-8497.00880 -8538.09280
-8538.09280 -8509.09570
-8509.09570 -8550.76860
-8550.76860 -8535.14360
-8535.14360 -8528.95610
-8776.46580 -8496.34180
-8496.34180 -8489.08110
-8489.08110 -8512.09860
-8512.09860 -8537.09770
-8713.72260 -8538.37700
-8538.37700 -8542.28220
-8555.41730 -8552.41700
-8552.41700 -8521.43360
-7971.48520 -8517.97360
-8517.97360 -8497.48540
-7899.82950 -8495.18950
-8337.17310 -8527.54200
-8872.71930 -8536.84080
-8536.84080 -8546.92480
-8546.92480 -8526.61520
-9120.22400 -8560.02340
-8560.02340 -8590.83010
-8324.02740 -8543.09470
-8543.09470 -8521.07620
-8521.07620 -8534.12990
-8242.72450 -8482.87790
-8298.67600 -8526.59280
-8526.59280 -8480.90820
-8281.26250 -8531.60640
-8677.03670 -8494.57030
-9051.10300 -8495.11130
-8495.11130 -8529.31930
-8529.31930 -8527.98730
-8482.08130 -8509.44530
-8509.44530 -8512.48730
-7755.54890 -8507.54300
-8396.85850 -8533.99510
-8654.15680 -8492.40720
-8492.40720 -8520.82810
-8527.42310 -8518.44240
-8518.44240 -8536.57030
-9009.73890 -8537.86820
-9000.30460 -8527.57620
-8527.57620 -8520.19040
-8520.19040 -8550.63870
-8550.63870 -8507.66990
-8594.93740 -8506.82130
-8107.20050 -8542.89260
-8275.60180 -8518.60160
-8518.60160 -8513.87400
-8513.87400 -8514.59380
-8604.51540 -8510.85060
-8510.85060 -8494.03220
-8494.03220 -8535.07320
-8535.07320 -8499.98340
-8637.68120 -8544.34280
-8544.34280 -8549.46390
-8549.46390 -8513.84670
-8411.29980 -8513.63090
-8513.63090 -8527.24710
-8527.24710 -8489.90530
-8489.90530 -8525.01070
-8650.24080 -8537.42090
-8544.59570 -8617.32710
-8617.32710 -8588.67480
-8588.67480 -8605.33110
-8605.33110 -8581.52930
-8581.52930 -8592.87990
-8592.87990 -8618.40920
-8713.19700 -8596.42380
-8596.42380 -8628.08400
-8174.22340 -8590.10550
-8284.13660 -8585.04000
-8585.04000 -8622.33200
-8607.15650 -8585.79200
-8384.75330 -8628.02640
-8628.02640 -8604.02150
-7957.03580 -8639.62990
-8639.62990 -8607.21580
-8607.21580 -8628.25590
-8628.25590 -8597.02930
-8597.02930 -8581.22360
-8372.56410 -8621.84960
-8654.44880 -8595.89360
-8253.88020 -8601.48630
-8601.48630 -8550.38480
-8787.39730 -8641.05370
-8704.06690 -8656.91800
-8656.91800 -8617.01270
-8169.61810 -8679.63180
-8679.63180 -8580.72850
-8578.59090 -8606.88480
-8606.88480 -8600.91110
-8600.91110 -8602.47950
-8602.47950 -8612.39360
-8501.21630 -8619.11620
-8365.44170 -8607.24800
-8607.24800 -8611.28810
-8611.28810 -8612.88180
-8612.88180 -8596.26560
-8596.26560 -8655.62500
-8655.62500 -8600.54000
-9081.77590 -8579.12210
-8579.12210 -8566.96000
-8566.96000 -8582.41700
-8582.41700 -8574.32320
-8370.55510 -8600.93850
-8600.93850 -8606.32030
-9278.08550 -8579.20310
-8579.20310 -8601.16110
-8601.16110 -8582.66020
-8582.66020 -8615.90430
-8414.02200 -8596.60640
-8596.60640 -8644.51950
-8698.66460 -8571.38480
-8571.38480 -8666.03030
-8639.15610 -8601.08010
-8601.08010 -8603.55470
-8291.78050 -8588.13570
-8588.13570 -8573.91410
-8892.47580 -8581.25780
-8463.13230 -8576.30180
-8576.30180 -8618.92290
-8618.92290 -8552.39650
-8581.23090 -8591.19040
-7330.31660 -8542.00680
-8542.00680 -8575.23050
-8575.23050 -8585.71000
-8585.71000 -8575.17680
-8335.38110 -8547.62790
-8547.62790 -8577.96390
-8935.47030 -8578.27050
-8578.27050 -8556.11720
-8343.06970 -8555.19920
-8543.17290 -8558.11130
-8036.40870 -8564.24220
-8402.92360 -8573.23240
-8812.83290 -8516.64450
-8699.21760 -8547.10160
-8529.80580 -8567.40720
-8564.57660 -8587.62500
-8587.62500 -8577.32320
-8577.32320 -8552.16210
-8546.62370 -8593.88380
-8709.22490 -8585.73140
-8585.73140 -8599.88090
-7749.92550 -8555.86230
-8230.73830 -8559.05370
-8581.47500 -8561.75680
-8826.12350 -8531.90920
-8006.04880 -8572.92870
-8706.91830 -8594.95020
-8248.55110 -8617.79690
-8306.55140 -8573.25200
-8591.60880 -8619.26070
-8286.58980 -8546.54200
-8588.30840 -8578.83500
-8578.83500 -8601.31150
-8601.31150 -8548.23830
-8019.02910 -8581.03030
-8249.66720 -8575.36520
-8575.36520 -8612.32130
-8612.32130 -8577.65530
-8627.83180 -8585.50680
-8585.50680 -8611.51860
-8580.28350 -8562.03420
-8321.80700 -8599.60250
-7330.31420 -9002.53120
-9002.53120 -8954.70510
-8383.03840 -8963.64840
-8963.64840 -8954.72660
-8703.47560 -8904.31050
-8910.85030 -8964.63570
-8964.63570 -8948.64550
-8673.54870 -9010.99610
-9000.35450 -8942.31740
-8467.04530 -8955.57710
-8635.16810 -9055.34180
-9055.34180 -9067.19820
-8678.97130 -8933.55180
-8933.55180 -9057.95210
-9057.95210 -8949.24510
-8605.53120 -9001.67480
-8394.01350 -8957.05860
-8957.05860 -9048.43360
-9048.43360 -9036.33590
-8383.55720 -9040.03030
-8678.34900 -9006.84470
-9006.84470 -8968.40230
-8968.40230 -9051.60840
-8672.99870 -8963.36620
-8974.56100 -8942.37110
-8696.67150 -9097.91800
-9097.91800 -9045.11040
-9045.11040 -8966.37500
-8666.94100 -8951.98540
-8951.98540 -8924.90920
-8924.90920 -8936.58010
-8936.58010 -8944.97560
-8849.10210 -8950.81740
-8950.81740 -8913.30660
-8913.30660 -8972.65330
-8972.65330 -8953.67680
-8749.29910 -8965.05860
-8965.05860 -8952.19040
-8465.08360 -8996.91700
-8600.24930 -8931.08110
-8448.50100 -9065.22560
-9065.22560 -8958.08010
-8950.66310 -9095.68650
-9372.56470 -8948.47070
-8948.47070 -8949.29880
-8949.29880 -9059.88870
-9059.88870 -8991.04690
-8991.04690 -9050.54200
-8794.94790 -8960.90430
-8497.58580 -9059.57420
-9059.57420 -8963.89060
-8963.89060 -8943.08110
-6703.40880 -7123.43550
-7123.43550 -7124.82810
-7011.51990 -7122.03420
-7122.03420 -7106.78910
-7106.78910 -7141.91940
-7141.91940 -7137.47170
-7137.47170 -7108.18260
-7146.37920 -7115.14400
-7115.14400 -7154.01950
-7154.01950 -7136.12110
-7381.56120 -7125.73730
-7125.73730 -7149.00290
-7149.00290 -7136.80080
-7109.05580 -7105.88870
-7105.88870 -7092.05420
-7092.05420 -7142.72170
-7087.98970 -7113.08540
-7079.57250 -7134.86080
-7134.86080 -7126.90620
-7126.90620 -7143.38280
-6881.99410 -7126.42140
-7126.42140 -7103.50000
-7103.50000 -7123.14010
-7123.14010 -7097.70410
-7097.70410 -7141.60300
-6978.23460 -7121.51760
-7121.51760 -7107.38180
-7107.38180 -7128.00100
-7128.00100 -7131.18850
-6388.09590 -7093.72270
-7430.58630 -7077.44480
-7097.39400 -7079.42330
-7079.42330 -7053.59770
-7082.99960 -7075.74510
-7075.74510 -7074.69920
-7066.26060 -7054.90720
-7082.25750 -7093.61820
-7093.61820 -7079.75980
-7193.85290 -7106.56450
-7106.56450 -7084.34910
-7084.34910 -7102.62300
-6983.16860 -7084.03270
-7084.03270 -7049.66940
-7049.66940 -7076.09910
-7076.09910 -7109.10740
-7109.10740 -7099.27150
-6527.92720 -7085.35450
-7085.35450 -7091.77050
-7091.77050 -7126.23000
-7307.41400 -7073.83150
-7073.83150 -7077.63040
-7077.63040 -7095.37700
-6988.01300 -7080.44140
-7080.44140 -7095.19090
-7095.19090 -7098.82760
-7098.82760 -7079.04390
-7324.76770 -7087.61820
-7080.08600 -7073.26560
-7073.26560 -7090.79590
-7603.88300 -7072.67380
-7072.67380 -7084.51170
-7239.30030 -7092.17090
-7248.94180 -7070.97660
-7070.97660 -7090.96780
-7098.41090 -7095.10890
-7059.90290 -7067.45650
-7213.53650 -7090.58790
-7190.70230 -7059.52290
-6652.58450 -7071.61870
-7071.61870 -7086.01170
-6826.42530 -7074.31150
-7111.75670 -7088.55080
-7088.55080 -7116.67530
-7131.28300 -7064.74900
-6861.21880 -7084.97560
-7084.97560 -7084.02690
-7001.49680 -7114.40330
-6820.97530 -7085.50150
-7085.50150 -7108.17480
-7108.17480 -7099.50590
-7080.84170 -7093.39260
-7124.54030 -7081.72560
-7081.72560 -7105.02440
-7317.03530 -7043.74370
-7166.21970 -7078.38820
-7078.38820 -7067.65330
-6824.67190 -7097.65530
-7097.65530 -7076.88870
-7076.88870 -7090.80860
-7090.80860 -7089.00200
-7089.00200 -7103.39360
-7103.39360 -7096.99800
-6913.26070 -7083.80810
-7083.80810 -7075.29250
-6934.15750 -7093.83400
-7093.83400 -7094.08890
-7094.08890 -7065.18510
-7065.18510 -7084.92330
-6825.63030 -7095.59720
-7148.64930 -7080.48140
-7001.07290 -7067.54300
-7302.61390 -7103.65430
-6675.95920 -7090.34860
-6820.53760 -7074.41990
-7074.41990 -7082.88090
-7082.88090 -7062.80470
-7062.80470 -7253.59180
-7253.59180 -7220.51950
-7220.51950 -7248.58200
-7248.58200 -7172.16600
-7172.16600 -7171.12600
-7171.12600 -7213.04050
-7213.04050 -7180.88180
-7180.88180 -7171.15920
-7171.15920 -7200.49760
-7200.49760 -7169.69920
-7169.69920 -7156.52640
-7156.52640 -7174.65920
-7174.65920 -7157.06200
-7270.01900 -7182.11620
-7129.97280 -7175.43460
-7055.71430 -7180.84960
-7180.84960 -7162.99760
-6759.20340 -7167.80660
-7167.80660 -7155.29980
-7155.29980 -7200.96440
-7200.96440 -7167.98050
-7081.48230 -7142.35740
-7142.35740 -7182.80860
-7182.80860 -7175.83350
-7175.83350 -7169.14160
-7102.19640 -7171.17970
-7171.17970 -7137.02340
-6710.47020 -7136.73050
-7170.95570 -7119.20800
-7263.09850 -7137.36330
-6938.21350 -7145.20020
-7145.20020 -7190.29830
-7399.36510 -7148.17870
-7148.17870 -7149.58150
-7149.58150 -7149.56050
-7205.48000 -7138.01070
-7130.44950 -7118.93510
-6696.63140 -7140.10890
-7030.68280 -7161.93650
-7161.93650 -7128.93310
-7128.93310 -7119.13620
-7095.60930 -7128.27100
-7500.84860 -7138.88480
-7071.25530 -7169.34520
-7076.03520 -7140.31150
-7204.02090 -7171.56590
-7171.56590 -7119.13570
-6893.64180 -7144.43260
-6830.22690 -7161.91800
-7161.91800 -7144.02340
-7033.61360 -7154.90040
-7017.34700 -7164.48580
-6827.34160 -7121.10690
-7039.69770 -7161.31250
-7297.31630 -7155.50490
-7155.50490 -7117.77830
-7510.85230 -7136.25340
-7136.25340 -7146.39940
-7465.86510 -7161.99410
-7161.99410 -7160.61520
-7370.21130 -7120.15970
-6958.92020 -7155.66360
-7155.66360 -7155.66700
-7043.56730 -7149.98190
-7149.98190 -7145.33110
-7145.33110 -7126.47800
-6689.57160 -7147.77440
-7147.77440 -7154.11430
-7230.01050 -7139.02440
-7139.02440 -7155.41410
-7155.41410 -7134.99020
-7134.99020 -7134.73190
-7134.73190 -7181.37110
-7181.37110 -7149.63280
-7399.96950 -7148.60350
-7148.60350 -7152.79300
-7354.80060 -7165.52100
-7165.52100 -7145.60740
-6742.16030 -7164.70610
-7429.69510 -7174.51120
-7152.06670 -7148.41600
-7148.41600 -7136.89260
-7136.89260 -7147.69680
-7019.64510 -7159.82130
-7405.05130 -7160.22610
-7160.22610 -7161.52880
-7161.52880 -7135.53660
-6999.60960 -7135.33110
-6935.54600 -7161.95460
-7161.95460 -7153.68650
-7153.68650 -7157.90720
-6541.18470 -7148.99760
-7171.44360 -7143.25980
-6936.48810 -7125.57420
-7200.06660 -7136.06640
-7526.35710 -7130.06790
-7078.99570 -7103.05420
-7378.12810 -7157.93160
-7157.93160 -7127.12260
-7127.12260 -7159.76900
-7159.76900 -7169.29640
-6869.96220 -7128.12260
-7128.12260 -7158.33350
-6996.72360 -7186.50780
-6712.80610 -7135.23000
-6979.78860 -7151.31640
-7151.31640 -7117.15530
-7117.15530 -7167.16800
-7157.73990 -7144.24510
-7144.24510 -7129.76460
-6477.29830 -7122.66890
-7122.66890 -7155.81790
-7324.80370 -7156.70020
-6766.68750 -7163.33980
-7163.33980 -7118.75000
-6931.67680 -7147.08980
-7147.08980 -7168.49950
-7026.89590 -7108.33940
-7108.33940 -7146.24610
-7146.24610 -7122.15140
-7122.15140 -7174.03910
-7174.03910 -7167.55180
-7167.55180 -7153.08200
-7039.18560 -7177.08350
-7177.08350 -7140.85840
-6707.28070 -7128.13280
-7128.13280 -7136.21040
-7136.21040 -7167.49320
-7167.49320 -7116.99170
-7116.99170 -7121.82620
-6847.72270 -7172.27730
-7105.08450 -7154.43510
-7042.00440 -7134.69730
-7253.72080 -7141.19040
-7141.19040 -7175.22360
-7175.22360 -7137.98190
-7137.98190 -7150.57230
-7150.57230 -7126.28520
-7126.28520 -7141.32960
-6784.91930 -7180.02880
-7290.74400 -7167.57570
-7009.98630 -7129.38960
-7129.38960 -7146.34080
-6459.95380 -7141.14400
-7141.14400 -7142.18120
-7142.18120 -7164.25290
-7164.25290 -7151.90040
-7151.90040 -7163.06010
-7163.06010 -7155.25200
-7155.25200 -7153.57420
-7153.57420 -7183.09910
-6931.94690 -7163.23390
-7163.23390 -7147.78660
-7307.63150 -7126.24510
-7126.24510 -7135.14360
-6877.09470 -7153.15190
-7153.15190 -7151.99170
-7151.99170 -7159.49220
-7130.89450 -7137.63280
-7210.70790 -7136.67330
-7136.67330 -7168.63430
-7143.69800 -7136.37060
-7136.37060 -7153.08740
-6842.26780 -7179.47220
-7179.47220 -7151.49710
-6058.40710 -7149.63570
-7254.88280 -7145.26270
-7174.25620 -7103.66600
-6696.33580 -7105.96000
-7105.96000 -7158.63770
-7158.63770 -7141.88180
-7095.70450 -7120.92920
-7120.92920 -7154.02250
-7316.24050 -7161.69340
-7161.69340 -7159.98630
-7389.25550 -7146.00000
-7146.00000 -7131.43550
-6640.92460 -7133.32810
-7133.32810 -7119.42770
-7002.13650 -7103.95850
-6748.59520 -7116.85250
-7127.20160 -7122.61470
-7122.61470 -7137.40430
-7108.33980 -7147.31400
-7147.31400 -7135.13570
-7135.13570 -7129.21290
-7129.21290 -7144.41550
-7144.41550 -7155.86720
-7499.10420 -7166.90580
-7050.32860 -7128.48970
-7128.48970 -7139.59180
-7139.59180 -7151.49020
-7151.49020 -7156.64840
-6977.75680 -7122.05220
-7199.24640 -7155.95800
-7205.81810 -7125.18950
-7303.70660 -7152.55030
-7109.57760 -7132.08690
-7045.23710 -7159.08400
-7287.20100 -7137.10160
-7137.10160 -7136.07520
-7136.07520 -7154.12500
-7209.71490 -7128.83350
-7128.83350 -7126.54880
-7258.18120 -7166.33980
-7495.51340 -7108.67190
-7261.08950 -7142.79300
-6726.49380 -7148.21390
-6801.12310 -7149.78120
-7149.78120 -7150.50780
-7150.50780 -7104.45020
-6875.94460 -7166.88040
-7166.88040 -7104.40230
-7104.40230 -7133.79200
-7343.66480 -7127.58980
-6686.40520 -7157.62600
-6888.50040 -7352.54440
-7352.54440 -7369.46000
-7207.97780 -7349.33940
-7079.82960 -7356.02150
-6832.79930 -7346.37700
-6779.63980 -7350.94480
-7346.52010 -7350.42920
-7350.42920 -7356.74800
-7356.74800 -7354.22800
-5739.59910 -7350.42330
-7350.42330 -7354.69870
-7264.51670 -7355.83350
-7355.83350 -7352.67140
-7020.25890 -7352.96480
-6969.18540 -7353.21830
-7080.58530 -7350.13280
-7074.95240 -7351.06010
-7351.06010 -7348.46780
-7348.46780 -7353.88380
-7353.88380 -7352.88820
-7352.88820 -7349.90580
-7049.04550 -7355.43950
-7355.43950 -7356.10450
-7356.10450 -7352.93260
-7352.93260 -7352.90770
-7137.80720 -7346.72220
-7346.72220 -7358.52880
-7002.62800 -7352.61720
-7352.61720 -7355.34520
-6969.29250 -7361.10160
-7263.25610 -7356.48190
-7356.48190 -7357.46240
-7173.78420 -7354.06250
-7067.68510 -7353.94680
-7353.94680 -7356.73730
-7356.73730 -7353.64260
-7060.26260 -7349.85160
-7179.19220 -7357.46580
-7271.89400 -7357.40920
-6515.27530 -7355.41360
-7355.41360 -7354.90330
-7354.90330 -7350.23580
-6905.48930 -7351.00930
-6334.87080 -6193.71680
-5999.42650 -6141.52590
-6141.52590 -6158.42090
-6158.42090 -6133.73140
-5818.00070 -6176.78660
-6176.78660 -6136.75340
-6136.75340 -6167.71530
-6167.71530 -6167.58690
-6167.58690 -6127.16310
-6127.16310 -6119.44870
-6119.44870 -6162.54740
-6162.54740 -6142.86040
-6284.39210 -6147.56590
-6051.29840 -6146.83540
-6146.83540 -6159.47020
-6159.47020 -6139.00200
-5946.67790 -6136.08940
-6136.08940 -6163.07320
-6249.13080 -6151.74510
-6151.74510 -6141.84520
-6141.84520 -6164.54250
-5991.34010 -6165.15580
-6165.15580 -6202.99020
-6202.99020 -6170.51320
-6170.51320 -6143.28610
-6006.90020 -6153.78560
-5935.49470 -6158.99460
-6356.43710 -6159.67090
-5743.75310 -6196.68900
-6200.94760 -6204.20610
-6149.37030 -6174.59620
-6174.59620 -6175.29000
-6445.01360 -6160.89940
-6200.41170 -6194.83450
-5921.85010 -6163.18950
-6385.01810 -6145.45210
-6202.64680 -6175.02050
-6175.02050 -6141.35640
-6141.35640 -6135.77590
-6135.77590 -6157.14210
-6157.14210 -6180.23240
-6448.04100 -6142.76710
-5889.26210 -6144.52150
-6057.30390 -6181.31300
-6181.31300 -6174.60840
-6166.11760 -6177.55030
-6177.55030 -6147.53560
-6229.55130 -6183.45260
-5992.30370 -6145.28710
-6145.28710 -6161.88870
-6161.88870 -6130.49900
-6097.33150 -6173.21630
-6173.21630 -6187.43210
-6187.43210 -6157.35210
-6234.38190 -6172.14940
-6172.14940 -6176.23190
-6648.19010 -6158.54830
-6061.72570 -6172.26030
-6186.68760 -6195.92770
-6058.21600 -6157.69480
-6157.69480 -6176.71440
-6176.71440 -6154.14010
-6293.85250 -6122.32280
-6454.11220 -6220.99120
-6220.99120 -6153.19680
-6326.29880 -6176.41260
-6044.07610 -6180.91310
-5854.61200 -6196.53030
-6108.61660 -6202.79050
-6343.17400 -6189.90330
-6024.16770 -6191.16260
-6303.77210 -6134.24850
-5937.36400 -6191.76070
-6191.76070 -6187.79830
-5806.17210 -6168.44970
-6168.44970 -6161.85010
-6161.85010 -6144.02930
-6144.02930 -6159.51710
-6159.51710 -6197.78270
-5996.91700 -6134.62450
-6283.02910 -6144.14210
-6144.14210 -6150.82960
-6150.82960 -6139.83890
-6139.83890 -6143.76810
-5918.21400 -6182.09130
-6182.09130 -6189.84910
-6189.84910 -6157.24950
-6401.22950 -6163.28270
-6163.28270 -6150.51900
-6150.51900 -6168.65190
-6168.65190 -6165.49320
-6050.88280 -6208.44190
-6208.44190 -6188.07320
-6356.53930 -6161.34720
-6000.81620 -6133.14890
-6141.08570 -6214.01710
-6277.73780 -6138.02880
-6138.02880 -6178.11770
-6180.92640 -6186.73580
-6186.73580 -6172.66940
-6172.66940 -6174.63920
-6155.65800 -6230.29100
-6230.29100 -6165.02690
-5728.08650 -6131.81200
-6077.55610 -6100.68160
-6341.47730 -6146.61620
-6165.19470 -6108.41360
-6108.41360 -6130.00340
-6130.00340 -6152.52830
-6152.52830 -6140.89790
-6154.72390 -6140.80960
-6574.82710 -6127.52640
-5975.77300 -6120.89210
-6120.89210 -6158.49800
-6321.86870 -6125.23780
-5865.33220 -6119.93850
-6119.93850 -6130.56490
-6130.56490 -6156.95360
-6006.21520 -6126.83500
-5977.74310 -6118.83790
-5986.29020 -6134.75490
-6134.75490 -6127.51610
-6127.51610 -6127.71000
-6127.71000 -6115.83250
-6025.85770 -6107.68070
-6107.68070 -6141.79000
-5931.23540 -6151.31690
-6151.31690 -6117.60690
-6048.27580 -6118.00590
-6118.00590 -6128.96830
-6128.96830 -6107.82520
-6107.82520 -6128.70170
-6128.70170 -6158.52440
-6158.52440 -6131.20510
-6131.20510 -6125.98680
-6125.98680 -6125.83840
-6125.83840 -6109.86280
-5684.22320 -6102.96340
-6102.96340 -6078.36960
-6078.36960 -6111.40090
-6111.40090 -6091.70900
-6153.14020 -6093.22750
-6220.75420 -6101.32620
-6101.32620 -6101.59960
-5981.33390 -6117.73390
-6017.92320 -6097.35300
-5916.39800 -6107.89110
-5956.83680 -6102.17090
-5999.37410 -6092.59910
-6092.59910 -6085.46290
-6082.13040 -6092.60010
-6092.60010 -6107.63960
-6207.02640 -6076.72020
-6076.72020 -6118.49370
-6118.49370 -6091.72950
-6137.58320 -6103.35640
-5952.72970 -6093.00540
-6093.00540 -6131.63530
-6131.63530 -6118.36570
-6118.36570 -6102.52980
-6088.18230 -6101.56350
-6377.38080 -6095.45510
-6095.45510 -6114.87260
-5873.84640 -6101.21830
-6017.19610 -6108.36180
-6108.36180 -6084.82280
-6084.82280 -6105.64650
-6105.64650 -6080.67680
-6080.67680 -6067.60300
-6067.60300 -6122.37600
-6324.67490 -6100.49070
-6100.49070 -6081.36960
-6220.91620 -6091.21440
-6146.74120 -6099.65770
-6014.20480 -6119.17330
-6119.17330 -6099.64890
-5630.32830 -6107.65280
-6107.65280 -6087.15040
-5751.74030 -6095.41500
-6095.41500 -6083.81100
-6083.81100 -6098.33790
-5974.23990 -6107.80960
-5842.54620 -6092.64700
-6099.88610 -6110.14210
-5996.88260 -6086.39400
-6086.39400 -6060.62550
-6060.62550 -6084.36040
-6514.07430 -6099.63130
-6188.85000 -6092.63430
-5862.70190 -6105.16060
-6213.11410 -6114.99710
-6014.58840 -6089.38770
-6164.00370 -6066.48290
-6066.48290 -6129.72170
-6373.85340 -6102.87060
-5697.57930 -6097.76810
-5910.12650 -6178.22610
-6097.15610 -6158.73540
-6158.73540 -6140.61040
-6172.34630 -6186.07130
-6353.30710 -6123.93990
-6123.93990 -6153.22900
-5657.41890 -6134.06010
-6144.30810 -6182.12940
-5881.04090 -6164.39890
-6164.39890 -6137.44190
-6137.44190 -6151.83500
-5926.80310 -6171.64210
-6171.64210 -6151.60450
-6635.77300 -6158.42330
-6161.60450 -6127.93600
-5928.35720 -6190.67430
-6146.45470 -6164.96440
-6209.32100 -6173.00150
-6182.07150 -6147.94870
-6147.94870 -6153.87840
-6153.87840 -6166.66260
-6131.34730 -6174.69580
-6174.69580 -6139.56350
-6175.82600 -6161.59080
-6161.59080 -6159.28860
-6159.28860 -6164.58150
-6164.58150 -6137.15770
-5963.95270 -6125.50340
-6125.50340 -6172.47020
-5902.08930 -6126.65090
-5941.58150 -6193.57180
-5664.72470 -6149.75930
-6149.75930 -6159.46390
-6159.46390 -6174.81690
-6174.81690 -6158.08690
-6158.08690 -6171.07280
-6171.07280 -6135.48490
-5967.15890 -6153.30960
-6153.30960 -6130.25540
-6130.25540 -6132.71630
-6132.71630 -6123.22750
-6123.22750 -6161.26220
-6200.08030 -6129.34520
-5878.61960 -6172.90970
-6162.40180 -6151.89990
-6089.45320 -6163.23580
-6163.23580 -6164.07180
-6164.07180 -6131.64160
-6131.64160 -6140.85890
-5883.55610 -6119.56490
-6119.56490 -6144.19290
-6004.82720 -6157.04740
-6157.04740 -6192.14700
-6192.14700 -6164.34720
-6164.34720 -6164.75730
-6164.75730 -6143.04830
-6222.01060 -6207.09030
-6160.74070 -6197.34470
-5968.78010 -6187.83940
-6187.83940 -6115.68410
-6393.79630 -6181.59080
-6143.91770 -6132.40530
-5768.78410 -6181.29150
-5806.26540 -6150.91990
-6150.91990 -6172.23930
-6172.23930 -6185.55910
-6185.55910 -6135.82080
-5790.15990 -6175.46340
-5935.39170 -6150.34470
-6150.34470 -6153.04100
-6153.04100 -6177.49410
-6175.56630 -6158.80710
-6069.24710 -6131.49270
-6131.49270 -6151.81100
-6239.00390 -6157.51710
-6157.51710 -6158.34960
-6030.80630 -6173.59420
-6014.63270 -6134.04640
-6134.04640 -6162.18210
-6162.18210 -6122.18210
-6122.18210 -6121.73290
-6121.73290 -6159.54640
-6094.93450 -6184.14310
-6184.14310 -6141.09960
-5827.61550 -6140.35250
-5968.60740 -6134.13720
-6134.13720 -6172.62840
-6233.32330 -6156.87840
-6286.40420 -6166.25930
-6222.03470 -6166.42680
-6166.42680 -6154.96780
-5973.09370 -6150.56010
-6150.56010 -6174.35690
-6174.35690 -6141.52050
-5837.57190 -6174.78660
-6108.56960 -6126.46530
-6126.46530 -6236.32620
-5911.64490 -6299.55130
-5930.33730 -6304.49120
-6304.49120 -6307.50680
-5844.00620 -6338.01320
-6368.02520 -6309.23730
-6309.23730 -6328.64990
-6328.64990 -6350.14500
-6061.16930 -6307.06450
-6307.06450 -6325.95510
-6325.95510 -6330.25880
-6308.21430 -6342.33940
-6234.45950 -6361.90670
-6361.90670 -6308.09910
-5777.02160 -6342.82910
-6342.82910 -6308.67430
-6053.82570 -6349.97120
-6349.97120 -6308.00440
-6308.00440 -6308.35350
-5950.97880 -6309.16500
-5984.27450 -6310.38040
-6272.88000 -6346.24460
-6346.24460 -6358.29390
-5947.53950 -6355.24950
-6178.62780 -6358.35250
-6358.35250 -6304.30910
-6448.81650 -6326.20950
-6326.20950 -6343.40720
-6241.88050 -6373.88770
-6373.88770 -6354.76420
-6354.76420 -6340.70210
-6107.76940 -6368.38480
-6368.38480 -6343.59470
-6343.59470 -6367.95410
-6180.01340 -6333.59180
-6067.48080 -6306.49950
-6306.49950 -6357.79250
-5996.83320 -6327.87350
-6327.87350 -6352.60110
-6323.64150 -6330.39400
-5705.34960 -6367.56200
-5739.59160 -6361.46040
-6113.48010 -6364.54150
-6364.54150 -6367.02540
-6079.10830 -6360.88530
-5446.27360 -6369.63430
-5986.24040 -6363.02440
-6363.02440 -6375.42720
-5989.08480 -6359.47510
-5452.59210 -5553.68070
-5316.10860 -5477.02290
-5446.18930 -5530.43070
-5614.50690 -5448.84810
-5448.84810 -5428.32130
-5468.46960 -5490.59280
-5490.59280 -5473.43360
-5473.43360 -5439.73730
-5439.73730 -5447.03120
-5430.93600 -5390.45120
-5390.45120 -5396.98290
-5396.98290 -5432.96090
-5369.22800 -5432.95070
-5432.95070 -5439.20510
-5439.20510 -5409.10450
-5409.10450 -5427.12840
-5344.90610 -5408.08840
-5628.33790 -5392.23190
-5758.01230 -5433.67820
-4936.81400 -5485.07910
-5485.07910 -5463.52780
-5463.52780 -5441.96970
-5757.96300 -5391.54640
-5451.66710 -5392.85640
-5392.85640 -5429.92190
-5429.92190 -5416.67720
-5416.67720 -5434.14940
-5434.14940 -5438.14060
-5279.70480 -5428.24660
-5428.24660 -5417.95210
-5289.04090 -5433.91800
-5655.05900 -5413.89450
-5413.89450 -5393.59130
-5234.45750 -5439.40530
-5580.20850 -5416.02980
-5184.44410 -5455.18600
-5462.38090 -5424.47950
-5251.88890 -5389.07080
-5389.07080 -5412.07620
-5412.07620 -5411.97070
-5456.49410 -5458.49610
-5458.49610 -5422.31880
-5422.31880 -5462.54980
-5462.54980 -5414.06640
-5414.06640 -5408.72610
-5408.72610 -5501.80420
-5444.90170 -5440.77830
-5440.77830 -5434.56740
-5347.36070 -5456.11380
-5456.11380 -5436.68020
-5300.22000 -5429.07080
-5393.18630 -5408.50390
-5336.58480 -5379.74560
-5009.21670 -5387.78030
-5387.78030 -5387.28610
-5191.95470 -5395.27930
-5395.27930 -5348.63670
-5348.63670 -5387.54690
-5245.24790 -5389.63820
-5443.25540 -5382.96480
-5382.96480 -5406.58940
-5317.93480 -5369.89550
-5369.89550 -5403.80760
-5403.80760 -5373.18310
-5373.18310 -5369.15670
-5369.15670 -5420.76270
-5420.76270 -5391.63090
-5226.96490 -5366.48630
-5241.79530 -5374.96390
-5436.50080 -5430.79740
-5430.79740 -5360.64940
-5246.48590 -5421.01560
-5421.01560 -5379.15870
-5155.90240 -5379.59180
-5256.49050 -5413.47220
-5437.52460 -5422.50680
-5517.85670 -5346.27250
-5346.27250 -5394.25730
-5307.61040 -5404.85300
-5181.69240 -5376.35250
-5444.82030 -5387.86330
-5402.28620 -5362.82760
-5362.82760 -5384.20800
-5384.20800 -5357.23440
-5331.30970 -5404.48880
-5235.28430 -5372.18070
-5509.67200 -5419.01710
-5419.01710 -5383.67630
-5227.09970 -5426.56300
-5315.02310 -5378.04490
-5378.04490 -5399.28120
-5399.28120 -5415.96580
-5415.96580 -5391.89550
-5564.75860 -5390.05320
-5390.05320 -5387.55320
-5387.55320 -5388.80420
-5332.64470 -5411.23240
-5411.23240 -5357.74950
-5357.74950 -5400.26420
-5261.92960 -5384.55760
-5266.15570 -5401.12790
-5401.12790 -5385.54790
-4983.10610 -5392.14750
-5392.14750 -5396.63130
-5207.15940 -5378.08200
-5674.94670 -5426.62650
-5426.62650 -5401.73930
-5401.73930 -5376.17680
-5376.17680 -5432.13230
-5432.13230 -5394.10690
-5273.45910 -5397.04540
-5221.58060 -5424.93410
-5147.13460 -5414.25150
-5414.25150 -5383.58010
-5383.58010 -5368.40190
-5368.40190 -5406.28220
-5406.28220 -5381.10110
-5381.10110 -5398.08500
-5398.08500 -5406.62350
-5459.40130 -5377.42240
-5377.42240 -5409.32080
-5409.32080 -5408.57320
-5408.57320 -5415.64400
-5415.64400 -5394.73290
-5394.73290 -5381.15580
-5381.15580 -5398.41260
-5398.41260 -5379.71680
-5379.71680 -5398.47310
-5253.75130 -5384.94430
-5384.94430 -5375.35010
-5375.35010 -5425.75880
-5425.75880 -5406.45610
-5406.45610 -5403.81250
-5659.87730 -5395.32710
-5395.32710 -5379.74170
-5421.91760 -5377.32370
-5377.32370 -5404.49710
-5088.62320 -5378.42480
-5356.04280 -5392.35940
-5492.35690 -5410.88770
-5337.68160 -5417.21190
-5383.24900 -5422.10350
-5050.56880 -5390.13380
-5390.13380 -5381.86520
-5381.86520 -5373.05180
-5373.05180 -5405.60600
-5405.60600 -5395.39940
-5395.39940 -5382.78170
-5382.78170 -5377.62500
-5377.62500 -5363.60300
-5647.88390 -5357.25150
-5357.25150 -5387.47850
-5232.14380 -5396.80570
-5363.17280 -5366.78220
-5366.78220 -5399.87700
-5149.60220 -5417.43650
-5417.43650 -5382.99900
-5643.75880 -5377.53420
-5377.53420 -5429.22310
-5429.22310 -5393.65530
-5545.24660 -5368.97850
-5368.97850 -5385.81250
-5112.17900 -5391.03420
-5391.03420 -5432.82030
-5312.38800 -5367.56150
-5367.56150 -5404.57320
-5404.57320 -5368.87840
-5368.87840 -5386.76070
-5386.76070 -5377.30520
-5377.30520 -5384.10010
-4998.19760 -5362.74850
-5321.45710 -5403.06880
-5403.06880 -5392.85250
-5481.11200 -5382.57810
-5372.47230 -5361.16110
-5376.26940 -5360.06930
-5339.15140 -5361.90480
-5361.90480 -5373.00630
-5234.24970 -5351.61280
-5515.41580 -5356.16500
-5356.16500 -5362.68410
-5362.14780 -5352.30760
-5420.37570 -5373.39600
-5373.39600 -5369.58890
-5369.58890 -5352.88040
-5352.88040 -5346.96340
-5346.96340 -5344.88090
-5344.88090 -5370.58540
-5790.02820 -5381.41460
-5627.00140 -5366.05620
-5366.05620 -5359.97800
-5359.97800 -5370.39650
-5011.89330 -5355.32910
-5355.32910 -5358.61330
-5173.18410 -5389.60790
-5300.95040 -5381.81540
-5381.81540 -5338.94040
-5233.00890 -5363.10010
-4982.56600 -5356.77050
-5356.77050 -5379.18160
-5353.96770 -5377.59130
-4951.98540 -5390.64750
-5215.96660 -5364.70950
-5364.70950 -5373.43650
-5373.43650 -5361.02200
-5361.02200 -5341.21090
-5199.40370 -5363.18310
-5341.93430 -5360.89010
-5247.22700 -5372.78560
-5372.78560 -5331.20950
-5434.96170 -5369.79540
-5369.79540 -5369.55660
-5426.90930 -5348.70650
-5249.89840 -5355.40620
-5355.40620 -5361.18950
-5313.94770 -5392.01710
-5250.62820 -5360.10450
-5427.55570 -5374.08690
-5374.08690 -5357.70310
-4912.72360 -5390.16260
-5390.16260 -5360.04690
-5171.68670 -5362.40230
-5575.00650 -5363.57910
-5363.57910 -5352.30180
-5483.90170 -5380.04200
-5380.04200 -5357.80180
-5357.80180 -5384.56250
-5384.56250 -5359.78420
-5359.78420 -5381.97310
-5258.40500 -5381.63040
-5523.71310 -5356.13090
-5356.13090 -5361.53760
-5021.15450 -5368.08150
-5368.08150 -5363.24710
-5363.24710 -5340.95800
-5340.95800 -5367.82280
-5367.82280 -5363.95360
-5363.95360 -5366.27050
-5366.27050 -5402.29390
-5402.29390 -5372.75780
-5211.19510 -5350.16700
-5015.13130 -5361.99710
-5361.99710 -5365.57570
-5365.57570 -5359.96530
-5256.09230 -5409.51560
-5409.51560 -5394.42530
-5394.42530 -5360.61330
-5360.61330 -5356.90970
-5361.80440 -5365.22120
-5193.87860 -5354.52340
-5354.52340 -5350.65380
-4995.95630 -5363.77640
-5435.58600 -5342.91260
-5342.91260 -5385.34130
-5160.81130 -5401.51900
-5401.51900 -5359.15280
-5322.63570 -5381.75590
-4905.14170 -5365.27000
-5303.12100 -5360.72610
-5360.72610 -5345.01560
-5345.01560 -5373.78320
-5673.14970 -5359.05220
-5447.01560 -5380.23050
-5394.34270 -5377.33500
-5377.33500 -5362.10250
-5180.66070 -5345.34030
-5331.49730 -5379.29300
-4640.22460 -5343.46390
-5343.46390 -5354.48490
-5354.48490 -5369.80660
-5395.89910 -5392.34810
-5394.10850 -5366.50440
-5366.50440 -5350.90190
-5274.72120 -5371.70360
-5371.70360 -5383.81840
-5237.05290 -5338.38180
-5393.92410 -5343.54930
-5343.54930 -5390.47660
-5239.56400 -5369.31050
-5369.31050 -5351.54790
-5759.62710 -5361.65970
-5361.65970 -5345.69970
-5345.69970 -5328.48240
-5255.31450 -5344.50290
-5344.50290 -5352.93160
-5393.46210 -5364.60060
-5182.23420 -5361.20410
-5361.20410 -5369.21240
-5369.21240 -5363.63180
-5363.63180 -5350.21730
-5350.21730 -5350.43550
-5391.19520 -5360.16890
-5360.16890 -5349.00880
-5349.00880 -5363.77000
-5290.94200 -5364.97360
-5364.97360 -5375.62160
-5375.62160 -5328.12990
-5328.12990 -5360.16940
-5202.84180 -5370.34770
-5675.25230 -5390.28470
-5228.03920 -5346.02640
-5129.79280 -5340.80960
-5404.47800 -5384.86380
-5384.86380 -5370.70700
-5407.29060 -5366.34620
-5366.34620 -5343.86770
-5343.86770 -5338.13180
-5338.13180 -5393.58740
-5322.53460 -5349.83740
-5408.73550 -5385.50240
-5385.50240 -5323.78080
-5323.78080 -5360.29980
-5360.29980 -5513.20560
-5207.25380 -5554.92190
-5554.92190 -5540.89940
-5550.21160 -5514.09380
-5182.33780 -5558.06880
-5558.06880 -5543.25780
-5543.25780 -5546.73240
-5398.00150 -5543.47310
-5543.47310 -5537.98680
-5190.70890 -5515.17480
-5653.69890 -5531.29740
-5667.06040 -5531.08250
-5531.08250 -5512.74850
-5512.74850 -5535.95900
-5584.03680 -5549.11910
-5549.11910 -5541.59620
-5197.92220 -5535.85840
-5535.85840 -5561.43070
-5546.57980 -5528.28470
-5528.28470 -5520.10690
-5520.10690 -5539.35840
-5539.35840 -5535.29300
-5205.12760 -5557.10400
-5557.10400 -5525.40820
-5198.91400 -5551.73390
-5202.12550 -5538.48880
-5538.48880 -5514.72070
-5522.05630 -5523.24020
-5523.24020 -5527.91600
-5411.17950 -5525.94630
-5525.94630 -5523.59910
-4996.93880 -5527.01810
-5527.01810 -5523.68210
-5523.68210 -5539.33010
-5134.35130 -5530.01760
-5530.01760 -5535.30080
-5535.30080 -5512.84330
-5512.84330 -5545.97560
-5492.78670 -5526.35350
-5507.09370 -5544.04640
-5305.54430 -5565.61820
-5565.61820 -5543.00440
-5546.26270 -5548.56690
-5548.56690 -5551.98830
-5551.98830 -5535.99070
-5535.99070 -5531.17770
-5105.13120 -5539.58250
-5353.50970 -5524.91110
-5524.91110 -5517.57860
-5517.57860 -5525.42480
-5206.65830 -5540.32030
-5532.15760 -5522.21580
-5318.45630 -5534.82960
-5534.82960 -5533.66110
-4989.67860 -5520.00290
-5075.15820 -5526.32320
-4967.44110 -4741.26030
-4741.26030 -4753.08590
-4753.08590 -4758.48440
-4758.48440 -4758.67290
-4758.67290 -4763.79440
-4763.79440 -4762.74220
-4805.54470 -4746.75880
-4746.75880 -4773.28660
-4773.28660 -4750.75100
-4639.97780 -4770.35160
-4988.46620 -4751.96040
-4751.96040 -4784.21340
-4821.90460 -4740.03860
-4740.03860 -4758.94040
-4758.94040 -4741.98340
-4767.95240 -4758.65670
-4758.65670 -4754.29100
-4592.58100 -4738.86230
-4738.86230 -4758.86670
-4758.86670 -4774.09030
-4774.09030 -4772.72510
-4772.72510 -4759.89310
-4368.22770 -4735.81690
-4765.90870 -4740.76560
-4740.76560 -4757.63130
-4585.84860 -4747.11770
-4747.11770 -4763.03370
-4763.03370 -4759.10600
-4759.10600 -4752.72610
-4752.72610 -4757.90090
-4757.90090 -4765.47510
-4563.89740 -4754.57960
-4744.02640 -4754.54590
-4754.54590 -4769.76660
-4627.81750 -4765.96830
-4870.90610 -4759.18950
-4759.18950 -4788.95460
-4788.95460 -4746.94580
-4474.01390 -4756.83010
-4756.83010 -4768.33450
-4768.33450 -4748.87990
-4748.87990 -4745.76760
-4745.76760 -4753.46290
-4793.13570 -4757.99410
-4579.68230 -4762.52930
-4762.52930 -4772.33060
-4822.34160 -4735.68600
-4735.68600 -4773.40430
-4773.56690 -4775.17380
-4775.17380 -4757.91990
-4584.88380 -4754.25780
-4754.25780 -4756.18650
-4710.55780 -4774.00100
-4768.97300 -4755.72120
-4755.72120 -4774.64600
-4863.57800 -4757.73000
-4757.73000 -4742.28760
-4742.28760 -4795.34420
-4795.34420 -4759.54590
-4724.24150 -4789.06200
-4782.99790 -4768.08790
-4721.77330 -4744.83010
-4744.83010 -4748.35210
-4748.35210 -4758.74220
-4706.77140 -4765.51370
-4765.51370 -4804.83010
-4804.83010 -4761.91600
-4738.59310 -4751.67480
-4751.67480 -4773.28710
-4816.29810 -4763.33640
-4839.02970 -4750.08400
-4750.08400 -4794.75340
-4664.45190 -4754.79590
-4785.08790 -4757.60160
-4924.14560 -4756.48580
-4756.48580 -4791.69090
-4791.69090 -4769.40820
-4769.40820 -4761.70950
-4761.70950 -4772.94780
-4772.94780 -4755.60300
-4651.20850 -4760.97850
-4630.46300 -4754.78120
-4754.78120 -4759.81930
-4614.63470 -4783.67720
-4783.67720 -4753.29440
-4852.69290 -4738.25150
-4738.25150 -4761.41750
-4761.41750 -4768.84770
-4768.84770 -4769.18310
-4787.67500 -4761.84470
-4986.07110 -4757.02780
-4757.02780 -4751.47510
-4853.49410 -4789.59080
-4832.36450 -4769.96630
-4769.96630 -4766.95650
-4766.95650 -4765.28370
-4765.28370 -4775.12160
-4743.78930 -4797.57230
-4797.57230 -4760.41940
-4760.41940 -4753.10300
-4909.26110 -4751.24760
-4751.24760 -4831.20950
-4761.04710 -4754.74020
-4754.74020 -4755.14210
-4755.14210 -4747.02200
-4845.21980 -4759.04250
-4770.87770 -4751.20650
-4622.83150 -4757.90670
-4788.61100 -4760.31880
-4732.89620 -4737.94920
-4737.94920 -4759.80180
-4563.47910 -4747.47270
-4794.36770 -4753.11040
-4753.11040 -4776.08450
-4704.06190 -4753.03960
-4819.55810 -4763.47850
-5167.79370 -4770.71390
-4770.71390 -4750.48100
-4934.16720 -4742.26420
-4742.26420 -4759.03370
-4759.03370 -4775.20410
-5016.25100 -4754.80320
-4754.80320 -4749.71140
-4749.71140 -4786.17430
-4874.21000 -4736.87450
-4672.45200 -4749.17870
-4575.57890 -4762.11960
-4717.20100 -4747.52690
-4747.52690 -4744.89700
-4744.89700 -4744.30180
-4744.30180 -4757.92680
-4757.92680 -4754.44730
-4754.44730 -4761.31050
-4761.31050 -4758.39010
-4853.87880 -4755.40040
-4755.40040 -4737.65620
-4203.71790 -4757.04000
-4732.38510 -4779.38330
-4779.38330 -4766.26320
-4766.26320 -4753.26660
-4934.96560 -4736.52390
-4736.52390 -4746.60790
-4746.60790 -4752.70310
-4630.62960 -4746.84620
-5009.89350 -4727.10840
-4727.10840 -4739.44140
-4739.44140 -4740.76660
-4740.76660 -4739.35060
-4739.35060 -4766.50200
-4766.50200 -4745.89600
-4745.89600 -4767.59230
-4767.59230 -4758.16600
-4758.16600 -4769.40720
-4822.92930 -4740.35250
-4587.19870 -4771.43990
-4771.43990 -4752.33590
-4752.33590 -4773.03910
-4804.39470 -4733.57960
-4733.57960 -4765.58790
-4765.58790 -4779.78560
-4979.61550 -4741.46730
-4683.37070 -4758.44970
-4564.35650 -4752.10060
-4752.10060 -4745.51660
-4410.00350 -4757.27000
-4787.04650 -4753.09810
-4767.77990 -4733.57910
-4733.57910 -4746.13720
-4663.12370 -4725.16890
-4866.56460 -4746.48000
-4691.30170 -4734.77540
-4476.80800 -4726.23780
-4699.74470 -4749.22360
-4749.22360 -4724.39360
-4724.39360 -4743.19240
-4743.19240 -4747.38920
-4806.26820 -4738.85640
-4771.33950 -4729.20260
-5081.38870 -4752.80370
-4752.80370 -4728.20560
-4938.22460 -4723.59130
-4723.59130 -4758.90040
-4915.36240 -4745.75880
-4745.75880 -4733.63280
-4733.63280 -4734.83500
-4734.83500 -4752.76760
-4637.97230 -4737.38040
-4737.38040 -4755.16500
-4944.30990 -4763.01710
-4610.19280 -4733.52200
-4636.49820 -4742.60160
-4742.60160 -4735.10640
-4735.10640 -4754.78810
-5106.43800 -4755.71340
-4755.71340 -4750.67720
-4755.12770 -4777.06640
-4720.15370 -4742.93600
-4742.93600 -4752.78560
-4752.78560 -4735.73290
-4735.73290 -4728.40140
-4408.89170 -4733.90190
-4583.64310 -4736.48830
-4736.48830 -4731.22710
-4776.61070 -4752.58300
-4646.22100 -4765.79640
-4689.25640 -4744.44780
-4744.44780 -4736.80080
-4736.80080 -4736.81980
-4736.81980 -4724.12790
-4837.69120 -4749.64400
-4749.64400 -4746.13820
-4508.15920 -4733.59770
-4964.90100 -4748.61570
-4748.61570 -4738.91110
-4738.91110 -4739.74850
-4771.98540 -4740.29590
-4740.29590 -4743.47510
-4743.47510 -4771.37260
-4771.37260 -4755.74950
-4755.74950 -4736.70900
-4736.70900 -4748.33840
-4548.90980 -4772.03710
-4772.03710 -4742.85600
-4635.85680 -4728.85210
-4465.48920 -4742.39940
-5183.26280 -4774.49410
-4581.00640 -4756.37260
-4964.90060 -4746.94870
-4863.18930 -4761.66800
-4863.90060 -4744.97660
-4566.91820 -4757.85890
-4757.85890 -4748.62350
-4622.97680 -4751.62350
-4751.62350 -4728.15870
-4673.16510 -4750.72710
-4750.72710 -4737.59520
-5030.16420 -4749.25780
-4607.43510 -4748.86520
-4748.86520 -4732.69630
-4754.06770 -4760.68990
-4760.68990 -4741.76030
-4741.76030 -4744.89500
-5001.83930 -4759.05320
-4592.12100 -4766.25340
-4766.25340 -4759.60690
-4759.60690 -4765.51170
-4765.51170 -4742.40040
-4843.55380 -4750.37350
-4750.37350 -4728.56790
-4789.62950 -4736.03420
-4722.16530 -4727.09620
-4727.09620 -4756.26900
-4756.26900 -4750.15190
-4750.15190 -4757.71680
-4825.87250 -4753.30760
-5095.41140 -4750.13720
-4597.31750 -4749.99170
-4621.09060 -4742.85600
-4742.85600 -4752.33840
-4752.33840 -4736.29690
-4736.29690 -4734.62550
-5166.86780 -4742.07960
-4742.07960 -4756.39060
-5067.37250 -4741.47610
-4741.47610 -4734.04540
-4734.04540 -4747.39400
-4747.39400 -4734.99510
-4734.99510 -4715.29490
-4755.86320 -4732.48340
-4732.48340 -4721.61430
-4721.61430 -4727.05270
-4796.81000 -4725.29300
-4725.29300 -4737.46190
-4737.46190 -4726.60600
-4726.60600 -4731.32280
-5081.37940 -4727.24270
-5015.99120 -4745.20850
-4718.29060 -4740.59330
-4948.35720 -4724.98730
-4883.86100 -4710.76510
-4710.76510 -4740.14010
-4740.14010 -4726.62740
-4787.18410 -4724.22020
-4724.22020 -4747.65480
-4747.65480 -4733.23190
-4733.23190 -4717.02690
-4766.52910 -4754.46970
-4754.46970 -4728.52590
-4858.73660 -4740.07670
-4740.07670 -4735.36280
-4551.54300 -4719.22070
-4719.22070 -4743.08690
-4743.08690 -4715.39500
-4715.39500 -4731.08060
-4433.36410 -4737.85350
-4737.85350 -4735.82760
-4735.82760 -4767.38280
-4821.90470 -4742.83010
-4742.83010 -4719.02590
-5032.60970 -4740.73630
-4704.68520 -4729.22270
-4729.22270 -4731.23780
-4731.23780 -4740.30220
-4774.46420 -4706.61910
-4706.61910 -4732.71440
-4606.30800 -4714.59230
-4927.19410 -4734.60690
-4590.86600 -4737.26030
-4829.83520 -4738.48970
-4779.11650 -4732.65620
-4588.59580 -4731.37110
-4712.97600 -4899.31690
-4899.31690 -4916.86960
-4916.86960 -4903.52250
-4903.52250 -4900.32280
-4900.32280 -4902.17720
-4801.21820 -4900.21880
-4761.04270 -4902.53080
-4575.52180 -4902.48440
-4902.48440 -4906.19240
-4906.19240 -4901.41800
-4901.41800 -4898.11430
-4898.11430 -4899.80270
-4998.93020 -4905.86720
-5025.01050 -4902.82810
-4806.62700 -4898.69290
-4898.69290 -4902.81250
-4625.11170 -4906.97900
-4886.69320 -4905.79100
-4464.98350 -4898.76810
-4785.84220 -4912.60250
-4912.60250 -4905.09380
-4905.09380 -4903.72510
-4903.72510 -4905.22410
-4905.22410 -4896.81880
-4639.47370 -4899.88090
-4899.88090 -4903.76320
-4903.76320 -4903.81100
-4903.81100 -4904.79440
-4894.96250 -4903.91500
-4903.91500 -4903.20170
-4520.29460 -4901.22900
-4901.22900 -4897.72220
-4507.36200 -4903.74120
-4903.74120 -4902.45950
-4902.45950 -4902.31010
-4902.31010 -4901.54740
-4541.98550 -4901.44040
-4869.41180 -4900.47170
-4900.47170 -4908.94240
-4451.16840 -4899.10010
-4770.15290 -4900.94820
-4710.20850 -4900.08350
-4453.44510 -4901.81350
-4632.24910 -4906.01510
-4799.65150 -4900.23970
-4735.40600 -4902.77340
-4902.77340 -4910.01510
-4910.01510 -4901.20460
-4901.20460 -4899.63280
-4561.36930 -4899.70260
-4539.55840 -4286.76120
-4257.73730 -4278.10450
-4278.10450 -4300.82670
-4500.65560 -4290.50340
-4290.50340 -4300.39110
-4300.39110 -4301.03220
-4301.03220 -4287.91160
-4458.49900 -4279.72220
-4223.55180 -4260.88280
-4260.88280 -4287.92330
-4287.92330 -4279.73000
-3928.30630 -4275.35350
-4275.35350 -4296.34230
-4296.34230 -4280.68120
-4280.68120 -4270.28470
-4270.28470 -4292.19290
-4292.19290 -4286.37940
-4216.58370 -4271.69780
-4208.12670 -4287.50930
-4287.50930 -4266.02690
-4266.02690 -4257.20650
-4246.51400 -4284.25830
-4064.31250 -4255.65920
-4255.65920 -4272.04790
-4272.04790 -4296.99070
-4197.17770 -4280.64890
-4338.94900 -4268.21190
-4109.37670 -4282.88090
-4282.88090 -4273.23930
-4273.23930 -4263.55810
-4263.55810 -4286.39260
-4322.68580 -4316.72410
-4316.72410 -4274.00100
-4274.00100 -4277.31540
-4502.38290 -4283.63770
-4170.38350 -4287.49950
-4300.53080 -4284.17630
-4284.17630 -4275.35110
-4144.17090 -4291.62160
-4291.62160 -4281.24560
-4281.24560 -4276.83500
-4280.19250 -4286.71090
-4338.46100 -4286.16110
-4286.16110 -4275.89790
-4412.72820 -4279.58590
-4337.02880 -4281.45210
-4006.92770 -4272.72410
-4375.69820 -4285.20750
-4186.04320 -4286.92290
-4286.92290 -4281.70210
-4281.70210 -4289.99020
-4289.99020 -4277.62450
-4234.73680 -4302.95460
-4302.95460 -4272.84770
-4272.84770 -4287.96630
-4287.96630 -4287.44290
-4237.93160 -4289.30710
-4680.21020 -4275.53270
-4275.53270 -4273.89600
-4273.89600 -4299.83980
-4309.77150 -4277.04880
-4051.89490 -4296.03660
-4296.03660 -4279.28710
-4216.78270 -4295.99850
-4172.33690 -4272.80470
-4174.17510 -4289.46630
-4289.46630 -4289.86670
-4394.53960 -4279.98290
-3964.94970 -4273.09620
-4170.58810 -4289.33150
-4289.33150 -4280.67970
-4280.67970 -4272.23830
-4394.48070 -4274.73440
-4274.73440 -4276.39840
-4276.39840 -4273.46190
-4273.46190 -4291.24660
-4273.76460 -4304.94240
-4218.98120 -4266.28760
-4331.49550 -4250.06050
-4488.83850 -4264.49510
-4346.23640 -4283.23190
-4210.20440 -4279.76120
-4279.76120 -4271.64260
-4271.64260 -4287.31540
-4418.92230 -4283.89210
-4561.75670 -4291.91210
-4291.91210 -4275.68990
-4275.68990 -4280.43310
-4280.43310 -4280.40190
-4280.40190 -4284.33200
-4284.33200 -4273.90530
-4157.48330 -4314.27200
-4549.64840 -4310.73140
-4123.53890 -4299.00540
-4033.84720 -4293.00150
-4322.72360 -4328.83540
-4173.09900 -4291.33540
-4291.33540 -4287.37500
-4251.69220 -4283.88820
-4168.01740 -4293.02290
-4154.66590 -4293.49560
-4092.70800 -4298.43510
-4192.90500 -4284.51030
-4254.66410 -4253.31980
-4406.84600 -4221.14110
-4221.14110 -4233.28170
-4316.46800 -4232.81640
-4232.81640 -4238.69090
-4238.69090 -4236.02390
-4236.02390 -4236.53120
-4172.64180 -4247.63330
-4261.32560 -4253.82420
-4385.69940 -4253.41260
-4253.41260 -4230.81790
-4230.81790 -4247.14990
-4307.36440 -4243.20850
-4243.20850 -4235.47270
-4229.17680 -4252.92140
-4153.85170 -4248.12600
-3806.58900 -4274.94090
-4274.94090 -4233.65230
-4204.72630 -4246.21040
-4264.70740 -4236.98240
-4236.98240 -4264.91360
-4444.49840 -4250.45650
-4245.45220 -4239.69680
-4239.69680 -4266.08740
-4404.72890 -4248.68750
-4248.68750 -4228.00680
-4352.55190 -4258.87260
-4457.36120 -4256.41550
-4256.41550 -4247.09470
-4247.09470 -4256.93020
-4256.93020 -4242.70410
-4242.70410 -4265.29640
-4274.55960 -4271.66650
-4337.45980 -4260.11080
-4260.11080 -4252.23730
-4240.71180 -4241.48390
-4241.48390 -4255.14400
-4024.56100 -4245.73440
-4207.86390 -4261.55180
-4261.55180 -4262.73680
-4262.73680 -4252.76270
-4262.29250 -4257.39010
-4257.39010 -4254.40090
-4254.40090 -4242.90330
-4051.19840 -4236.65670
-4054.22640 -4245.36280
-4179.69160 -4249.83940
-4249.83940 -4263.92720
-4263.92720 -4275.70410
-4304.99880 -4239.41940
-4239.41940 -4266.27250
-4432.98280 -4257.08940
-4117.34260 -4249.61280
-4249.61280 -4258.35890
-4362.09420 -4260.77880
-4260.77880 -4261.77490
-4261.77490 -4254.42240
-4254.42240 -4242.07280
-4502.48290 -4258.70850
-4163.80240 -4245.10640
-4245.10640 -4265.54830
-4211.25400 -4246.74800
-4246.74800 -4247.67870
-4362.34100 -4253.10840
-4253.10840 -4255.21090
-4089.07410 -4249.23970
-4249.23970 -4269.29390
-4269.29390 -4246.13180
-4246.13180 -4239.94430
-3942.89710 -4258.86870
-4258.86870 -4247.65820
-4247.65820 -4233.75830
-4233.75830 -4252.39990
-4252.39990 -4245.83940
-4226.77060 -4268.68900
-4268.68900 -4261.69090
-4261.69090 -4257.63720
-4259.46630 -4269.00630
-4269.00630 -4250.94680
-4250.94680 -4271.47900
-4271.47900 -4244.84910
-4244.84910 -4234.86570
-4221.18620 -4254.32180
-4254.32180 -4249.50390
-4238.61550 -4260.18700
-4177.51610 -4248.08300
-4248.08300 -4262.29740
-4262.29740 -4245.67920
-3954.45840 -4243.62210
-4409.78400 -4265.84330
-4307.44130 -4262.37740
-3868.50810 -4253.42530
-4147.21580 -4247.89600
-4155.04520 -4241.79050
-4241.79050 -4244.65820
-4511.24340 -4242.74610
-4121.41060 -4242.65920
-4242.65920 -4274.44480
-4274.44480 -4255.65140
-4255.65140 -4244.16020
-4386.05490 -4241.56790
-4194.65240 -4242.88820
-4242.88820 -4258.15040
-4213.22280 -4244.73000
-4244.73000 -4253.86470
-4322.48850 -4241.33690
-4241.33690 -4258.61330
-4258.61330 -4249.66800
-4249.66800 -4262.62350
-4349.29040 -4251.57760
-4345.97830 -4257.03420
-4084.19050 -4251.42870
-4396.75770 -4247.08500
-4029.99050 -4261.59380
-4129.52670 -4263.97750
-4263.97750 -4253.19290
-4268.70370 -4248.72800
-4248.72800 -4272.35250
-4272.35250 -4253.10890
-4182.92490 -4244.96000
-4244.96000 -4258.71630
-4258.71630 -4243.17720
-4092.91140 -4259.04830
-4051.32140 -4267.03860
-4267.03860 -4271.30030
-4271.30030 -4253.94380
-4347.15820 -4238.81250
-4238.81250 -4234.60690
-4327.41390 -4256.45950
-4256.45950 -4270.90380
-4270.90380 -4255.32910
-4255.32910 -4250.05470
-4250.05470 -4255.12890
-4468.09340 -4270.18900
-4048.63490 -4234.44580
-4234.44580 -4245.65620
-4245.65620 -4251.27390
-4281.96670 -4261.93120
-4337.63900 -4257.82760
-4568.80960 -4248.49950
-4072.02980 -4251.94380
-4251.94380 -4243.46580
-4202.91420 -4241.80270
-4241.80270 -4254.99950
-4493.42840 -4275.57370
-4118.99040 -4275.12500
-4178.15540 -4249.61670
-4249.61670 -4258.29980
-4114.56900 -4254.94380
-4254.94380 -4240.73390
-4240.73390 -4239.87650
-4239.87650 -4237.98140
-4237.98140 -4261.14790
-4261.14790 -4252.84470
-4340.76380 -4262.70260
-4262.70260 -4246.33840
-4212.21660 -4251.48140
-4251.48140 -4261.06200
-4261.06200 -4248.75200
-4248.75200 -4252.86720
-4252.86720 -4246.18210
-4287.45950 -4242.20750
-4352.44670 -4249.93410
-4275.75270 -4251.36040
-4251.36040 -4256.21440
-4267.27200 -4246.25490
-4246.25490 -4250.99800
-4250.99800 -4247.32710
-4317.19940 -4252.72120
-4377.70610 -4254.35350
-4538.95180 -4241.21680
-4241.21680 -4241.97310
-4100.00460 -4252.18900
-4403.92280 -4264.05860
-4597.21090 -4223.27100
-4223.27100 -4258.87740
-4074.05170 -4256.19630
-4256.19630 -4260.97270
-4260.97270 -4240.87840
-4178.53670 -4260.36330
-4446.40040 -4257.71340
-4257.71340 -4244.11080
-4244.11080 -4244.39790
-4335.57360 -4257.38960
-4192.41350 -4243.53170
-4243.53170 -4264.32470
-4264.32470 -4244.07810
-4244.07810 -4242.55570
-4218.58000 -4268.17580
-4268.17580 -4427.94820
-4179.38000 -4429.91990
-4429.91990 -4451.19240
-4026.33840 -4443.15870
-4469.87630 -4451.52250
-4197.67470 -4439.63130
-4439.63130 -4438.76560
-4298.84790 -4432.71530
-4208.81080 -4412.57570
-4412.57570 -4416.73970
-4245.98810 -4408.78760
-4029.01350 -4444.42380
-4444.42380 -4434.78760
-4434.78760 -4436.99370
-4340.57540 -4449.32180
-4447.65780 -4417.64210
-4211.04080 -4427.83350
-4263.56990 -4454.85350
-4454.85350 -4457.08200
-4274.30260 -4431.17040
-4431.17040 -4423.91110
-4336.06250 -4437.55180
-4237.09990 -4432.63130
-4432.63130 -4438.83940
-4066.53650 -4445.62500
-4445.62500 -4410.39310
-4410.39310 -4434.03610
-4293.59040 -4428.85500
-4354.61260 -4441.18070
-4441.18070 -4418.79540
-4210.53420 -4432.47750
-4311.15470 -4432.27290
-4243.61470 -4412.59910
-4412.59910 -4413.76320
-3978.56200 -4427.59620
-4427.59620 -4424.82470
-4424.82470 -4435.99710
-4435.99710 -4428.04300
-4295.64780 -4419.49950
-4007.06850 -4416.01120
-4416.01120 -4426.46190
-4426.46190 -4423.87700
-4205.88980 -4427.53170
-4073.72530 -4420.82230
-4420.82230 -4410.76220
-4410.76220 -4425.49170
-4425.49170 -4431.90770
-4148.46390 -4421.73880
-4312.04200 -4421.98050
-4421.98050 -4426.89160
-4174.00610 -4413.85500
-3666.47040 -3897.82030
-3897.82030 -3904.86470
-3904.86470 -3905.08280
-3905.08280 -3910.82760
-3910.82760 -3898.08150
-3898.08150 -3928.45900
-3928.45900 -3920.99050
-3920.99050 -3912.35910
-3912.35910 -3913.35770
-3913.35770 -3914.24490
-3855.34010 -3890.65380
-3890.65380 -3911.47270
-3911.47270 -3901.27220
-3901.27220 -3917.05830
-3917.05830 -3911.27610
-3969.39190 -3936.58030
-3936.58030 -3904.84380
-4112.08220 -3920.36010
-3791.53620 -3911.80910
-3911.80910 -3909.29570
-3909.29570 -3909.72800
-3590.59640 -3922.38260
-3830.60020 -3913.04640
-3825.53550 -3913.63330
-3913.63330 -3904.10740
-3512.15140 -3889.14530
-3889.14530 -3892.82710
-3892.82710 -3892.38550
-3892.38550 -3899.92940
-3780.72000 -3895.42870
-4060.18220 -3905.56790
-3905.56790 -3902.30150
-3902.30150 -3894.07860
-3939.97320 -3892.72410
-3822.17210 -3903.18040
-3903.18040 -3896.38870
-3803.48020 -3901.66360
-3901.66360 -3912.66800
-3757.26830 -3905.70190
-3905.70190 -3893.34770
-3893.34770 -3880.37870
-3880.37870 -3890.54830
-3765.62350 -3875.43120
-3938.10620 -3876.91940
-3876.91940 -3893.09670
-3822.91490 -3883.99120
-3883.99120 -3892.39500
-3892.39500 -3899.66940
-3899.32280 -3886.31400
-3926.88820 -3898.22090
-3898.22090 -3902.63940
-3981.68690 -3904.14720
-3904.14720 -3896.67650
-3896.67650 -3905.70120
-3905.70120 -3907.15920
-3907.15920 -3878.49760
-3878.49760 -3889.41060
-3493.67340 -3912.82810
-3912.82810 -3911.49490
-3987.38110 -3900.22410
-3900.22410 -3889.33790
-3977.70750 -3908.01780
-3818.54050 -3891.98120
-3887.62560 -3899.98170
-3878.98770 -3897.42460
-3926.21670 -3889.71240
-4009.26770 -3895.15360
-3895.15360 -3905.69090
-3890.38520 -3913.35770
-4045.97360 -3892.42650
-3860.59800 -3904.75050
-4126.24070 -3894.86910
-3825.77270 -3900.27930
-3758.53550 -3910.55520
-3910.55520 -3885.71750
-3936.25910 -3907.95650
-3913.87660 -3905.30660
-3893.23730 -3909.77690
-4018.53370 -3899.31200
-3919.58330 -3901.99980
-3901.99980 -3900.49830
-3888.14020 -3882.05300
-3882.05300 -3899.60160
-3966.02830 -3906.60130
-3906.60130 -3883.71390
-3883.71390 -3899.48630
-3870.44490 -3903.24610
-3747.88120 -3899.39650
-3742.49490 -3890.40360
-3890.40360 -3884.46530
-4014.91860 -3904.80690
-3677.10740 -3892.90580
-3892.90580 -3905.34640
-3746.42080 -3894.37180
-3894.37180 -3891.76050
-3891.76050 -3908.55050
-4025.96290 -3892.31840
-3908.24720 -3906.31790
-3906.31790 -3875.44040
-3875.44040 -3909.10520
-3968.68130 -3897.91240
-3932.01290 -3899.51220
-3872.23720 -3890.57620
-3912.36150 -3908.69040
-3672.25080 -3904.53390
-3904.53390 -3901.12770
-3901.12770 -3878.41920
-3878.41920 -3883.49510
-3488.80600 -3876.93730
-3699.41200 -3899.86210
-3795.83410 -3885.10380
-3818.28450 -3887.91310
-3887.91310 -3889.08280
-3986.54330 -3893.18650
-3778.06070 -3899.71170
-3899.71170 -3895.21090
-3895.21090 -3882.75070
-3882.75070 -3890.66240
-3843.42240 -3891.56790
-3891.56790 -3891.49610
-3873.03890 -3896.93260
-3810.20720 -3888.58860
-3966.03400 -3899.53520
-4124.31570 -3886.00760
-3872.44520 -3900.11470
-4010.43400 -3884.99680
-3884.99680 -3904.31300
-4016.79890 -3888.86990
-3935.54780 -3889.73440
-3889.73440 -3881.18260
-3881.18260 -3876.69730
-4243.31170 -3881.79830
-3881.79830 -3888.85130
-3956.27170 -3892.86230
-3993.52430 -3895.02320
-3895.02320 -3883.64280
-3883.64280 -3874.21140
-3874.21140 -3899.16670
-3899.16670 -3891.09810
-3816.32510 -3893.04250
-3893.04250 -3883.99680
-3727.19320 -3906.49580
-3745.79980 -3885.33280
-3967.44660 -3886.19430
-3886.19430 -3889.44210
-3889.44210 -3901.28000
-3901.28000 -3881.41850
-3807.81510 -3896.92460
-3942.09280 -3889.71610
-4019.57000 -3900.84060
-3918.21300 -3900.06710
-3955.51180 -3888.30440
-3614.01430 -3886.40210
-4260.15430 -3898.09960
-3898.09960 -3902.72920
-3791.86350 -3900.69340
-3900.69340 -3896.51710
-3896.51710 -3882.26150
-3882.26150 -3906.31470
-3906.31470 -3926.41210
-3926.41210 -3897.65040
-3897.65040 -3902.49610
-3902.49610 -3909.12960
-3909.12960 -3878.48660
-3781.06300 -3889.32400
-3980.27990 -3900.96750
-3900.96750 -3904.06860
-3904.06860 -3898.24880
-3898.24880 -3907.54960
-3907.54960 -3901.54520
-3901.54520 -3905.45780
-3905.45780 -3914.40670
-3914.40670 -3892.91380
-3696.51130 -3908.50680
-3887.65930 -3903.45310
-3903.45310 -3896.54270
-3856.14830 -3894.67770
-4044.71050 -3886.49190
-3886.49190 -3897.51610
-3897.51610 -3881.18870
-3881.18870 -3885.95000
-3885.95000 -3901.39400
-3901.39400 -3904.32570
-3927.66440 -3909.75850
-3909.75850 -3886.08810
-3850.96680 -3890.78100
-3890.78100 -3882.82400
-3798.28830 -3898.36380
-3898.36380 -3885.32620
-3907.12740 -3906.67330
-3906.67330 -3902.58790
-3951.21420 -3901.02880
-3901.02880 -3877.68020
-3877.68020 -3902.85620
-3985.94490 -3876.73580
-3876.73580 -3867.39360
-3782.11910 -3848.25780
-4107.55230 -3846.78660
-3583.12620 -3849.91060
-3638.20330 -3867.96560
-3867.96560 -3852.41060
-3852.41060 -3843.61210
-3843.61210 -3853.70510
-3885.20850 -3846.70430
-3846.70430 -3864.84250
-3864.84250 -3846.66020
-3846.66020 -3859.54830
-3790.03580 -3843.73240
-3938.99970 -3842.17090
-3798.05020 -3834.89820
-3834.89820 -3838.22950
-3838.22950 -3843.25220
-3908.24760 -3844.81150
-3844.81150 -3858.52730
-3844.57030 -3844.00730
-3844.00730 -3831.14110
-3899.75400 -3842.86940
-3842.86940 -3848.70680
-3848.70680 -3846.37080
-3846.37080 -3849.81640
-3849.81640 -3837.18160
-4100.99630 -3836.04910
-3891.07160 -3820.21310
-3966.07890 -3842.11790
-3702.77210 -3838.40040
-3838.40040 -3846.81690
-3853.40130 -3853.64280
-3968.68150 -3848.99170
-3803.46020 -3858.49880
-3858.49880 -3843.60770
-3866.26090 -3858.22490
-3693.32850 -3842.00290
-3842.00290 -3837.06010
-4009.65350 -3850.87400
-3850.87400 -3851.01050
-3802.54120 -3855.70900
-3619.77850 -3842.74410
-3842.74410 -3826.27730
-3868.12830 -3855.95460
-3855.95460 -3852.73780
-3852.73780 -3842.97410
-3842.97410 -3838.05520
-3778.23040 -3842.42410
-3929.34230 -3850.56010
-3850.56010 -3840.87110
-3938.75440 -3859.79640
-3850.89960 -3862.13750
-3862.13750 -3851.90670
-3851.90670 -3855.23320
-3855.23320 -3842.23630
-3842.23630 -3844.98950
-3844.98950 -3853.75900
-3905.62380 -3859.83740
-3859.83740 -3845.01640
-3845.01640 -3841.91990
-3841.91990 -3848.15580
-3848.15580 -3849.78470
-3800.07660 -3856.74050
-3919.02020 -3831.13090
-3831.13090 -3850.32790
-3815.12550 -3840.54270
-3840.54270 -3874.38790
-4061.22790 -3861.63040
-3792.18250 -3849.61600
-3802.25310 -3836.98560
-3836.98560 -3855.33180
-3758.00900 -3853.93410
-3852.40260 -3852.93750
-3852.93750 -3827.08180
-3705.24970 -3838.42700
-3838.42700 -3842.85600
-4176.39740 -3836.33420
-3836.33420 -3842.65990
-3650.78860 -3856.27540
-3856.27540 -3833.71680
-3833.71680 -3842.62770
-3842.62770 -3857.45310
-3857.45310 -3844.35940
-3769.06400 -3845.44120
-3956.50630 -3857.52780
-3857.52780 -3856.39360
-3856.39360 -3839.86790
-3839.86790 -3850.88500
-3810.72190 -3848.99800
-3848.99800 -3851.82370
-3851.82370 -3857.54810
-3857.54810 -3839.75220
-3940.98690 -3842.20850
-3842.20850 -3845.81200
-3797.39790 -3852.11300
-3852.11300 -3827.67550
-3827.67550 -3848.73020
-3495.33230 -3861.12890
-3861.12890 -3865.82400
-3928.99250 -3868.10840
-3790.64090 -3863.92090
-3863.92090 -3837.17530
-3707.73560 -3841.78470
-3841.78470 -3826.23100
-3826.23100 -3854.58470
-3854.58470 -3845.19970
-3845.19970 -3842.83400
-3805.91640 -3849.62620
-3919.88370 -3852.88260
-3852.88260 -3843.95850
-3968.56260 -4014.66160
-4014.66160 -4021.91850
-4021.91850 -4011.17330
-3829.60770 -4027.15310
-4027.15310 -4018.61620
-3871.33830 -4019.79370
-4019.79370 -4012.28860
-4012.28860 -4016.19340
-3553.05550 -4029.39140
-4029.39140 -4030.49800
-4030.49800 -4047.47530
-3783.45120 -4025.88500
-4025.88500 -4012.68870
-3925.22240 -4020.96440
-3514.96060 -4023.23170
-4023.23170 -4014.35620
-3895.13240 -4017.12570
-3796.09010 -4014.18800
-4014.18800 -4022.19040
-4022.19040 -4013.99370
-4013.99370 -4029.68510
-3846.17890 -4020.10500
-3953.74740 -4021.08010
-4021.08010 -4013.75510
-3828.39710 -4035.73490
-4059.43790 -4033.89330
-4042.79220 -4014.32370
-4014.32370 -4034.61380
-4034.61380 -4013.71220
-3958.64490 -4032.31590
-4032.31590 -4012.99800
-4137.00420 -4012.53100
-4012.53100 -4049.83670
-3567.22130 -4013.25200
-4159.96200 -4015.88570
-3749.23780 -4027.76860
-4027.76860 -4030.57320
-3786.94680 -4034.21880
-3792.85010 -4031.72240
-3852.32260 -4030.69090
-4030.69090 -4019.85450
-4019.85450 -4020.68190
-4020.68190 -4016.99440
-4016.99440 -4017.99610
-3773.95290 -4013.13870
-3757.79950 -4035.33180
-3722.26600 -4028.08860
-3679.99410 -4023.65210
