2.00 1.00 -1820483.82 -1820483.82 225.61 233.42
6.00 2.00 -1768487.51 -1832397.66 185.33 233.42
9.00 2.00 -1768487.51 -1889294.17 185.33 233.42
13.00 2.00 -1768487.51 -1863638.47 185.33 233.42
17.00 2.00 -1768487.51 -1860799.93 185.33 233.42
21.00 2.00 -1768487.51 -1886648.24 185.33 233.42
25.00 2.00 -1768487.51 -1861967.30 185.33 233.42
29.00 2.00 -1768487.51 -1864591.53 185.33 233.42
30.00 2.00 -1768487.51 -1899774.93 185.33 233.42
31.00 2.00 -1768487.51 -1876848.74 185.33 233.42
34.00 2.00 -1768487.51 -1791190.26 185.33 233.42
36.00 2.00 -1768487.51 -1844762.25 185.33 233.42
39.00 2.00 -1768487.51 -1851858.75 185.33 233.42
43.00 2.00 -1768487.51 -1859973.75 185.33 233.42
47.00 2.00 -1768487.51 -1851932.38 185.33 233.42
51.00 2.00 -1768487.51 -1861900.50 185.33 233.42
55.00 2.00 -1768487.51 -1842552.40 185.33 233.42
59.00 2.00 -1768487.51 -1877174.58 185.33 233.42
61.00 2.00 -1768487.51 -1865022.38 185.33 233.42
63.00 2.00 -1768487.51 -1794888.59 185.33 233.42
65.00 2.00 -1768487.51 -1848731.43 185.33 233.42
69.00 2.00 -1768487.51 -1854570.68 185.33 233.42
73.00 2.00 -1768487.51 -1867208.46 185.33 233.42
77.00 2.00 -1768487.51 -1858248.00 185.33 233.42
81.00 2.00 -1768487.51 -1867138.25 185.33 233.42
85.00 2.00 -1768487.51 -1864920.25 185.33 233.42
88.00 2.00 -1768487.51 -1863017.50 185.33 233.42
92.00 2.00 -1768487.51 -1849306.00 185.33 233.42
94.00 2.00 -1768487.51 -1873768.08 185.33 233.42
97.00 2.00 -1768487.51 -1860412.75 185.33 233.42
101.00 2.00 -1768487.51 -1852275.84 185.33 233.42
105.00 2.00 -1768487.51 -1834041.25 185.33 233.42
109.00 2.00 -1768487.51 -1841297.25 185.33 233.42
113.00 2.00 -1768487.51 -1848510.75 185.33 233.42
117.00 2.00 -1768487.51 -1859753.00 185.33 233.42
121.00 2.00 -1768487.51 -1849245.62 185.33 233.42
123.00 2.00 -1768487.51 -1847261.25 185.33 233.42
124.00 2.00 -1768487.51 -1846916.25 185.33 233.42
128.00 2.00 -1768487.51 -1849634.88 185.33 233.42
131.00 2.00 -1768487.51 -1860177.00 185.33 233.42
132.00 2.00 -1768487.51 -1856208.00 185.33 233.42
135.00 2.00 -1768487.51 -1864833.91 185.33 233.42
139.00 2.00 -1768487.51 -1849168.50 185.33 233.42
143.00 2.00 -1768487.51 -1799845.22 185.33 233.42
147.00 2.00 -1768487.51 -1837050.00 185.33 233.42
151.00 2.00 -1768487.51 -1898361.41 185.33 233.42
154.00 2.00 -1768487.51 -1858478.00 185.33 233.42
155.00 2.00 -1768487.51 -1854182.25 185.33 233.42
158.00 2.00 -1768487.51 -1795814.88 185.33 233.42
162.00 2.00 -1768487.51 -1840125.60 185.33 233.42
166.00 2.00 -1768487.51 -1852739.50 185.33 233.42
170.00 2.00 -1768487.51 -1864534.75 185.33 233.42
174.00 2.00 -1768487.51 -1863529.49 185.33 233.42
178.00 2.00 -1768487.51 -1868295.41 185.33 233.42
182.00 2.00 -1768487.51 -1833177.25 185.33 233.42
185.00 2.00 -1768487.51 -1851654.14 185.33 233.42
186.00 2.00 -1768487.51 -1863730.12 185.33 233.42
190.00 2.00 -1768487.51 -1851596.00 185.33 233.42
194.00 2.00 -1768487.51 -1848636.88 185.33 233.42
197.00 2.00 -1768487.51 -1855084.00 185.33 233.42
201.00 2.00 -1768487.51 -1842702.00 185.33 233.42
205.00 2.00 -1768487.51 -1838886.50 185.33 233.42
209.00 2.00 -1768487.51 -1854902.25 185.33 233.42
213.00 2.00 -1768487.51 -1858978.50 185.33 233.42
216.00 2.00 -1768487.51 -1842009.50 185.33 233.42
217.00 2.00 -1768487.51 -1848927.75 185.33 233.42
221.00 2.00 -1768487.51 -1858998.50 185.33 233.42
225.00 2.00 -1768487.51 -1835228.88 185.33 233.42
228.00 2.00 -1768487.51 -1844987.26 185.33 233.42
232.00 2.00 -1768487.51 -1854750.06 185.33 233.42
236.00 2.00 -1768487.51 -1817874.48 185.33 233.42
240.00 2.00 -1768487.51 -1839470.38 185.33 233.42
244.00 2.00 -1768487.51 -1869584.80 185.33 233.42
247.00 2.00 -1768487.51 -1850533.38 185.33 233.42
248.00 2.00 -1768487.51 -1852622.50 185.33 233.42
252.00 2.00 -1768487.51 -1852565.12 185.33 233.42
255.00 2.00 -1768487.51 -1872227.12 185.33 233.42
259.00 2.00 -1768487.51 -1859319.25 185.33 233.42
263.00 2.00 -1768487.51 -1860392.50 185.33 233.42
267.00 2.00 -1768487.51 -1857188.75 185.33 233.42
271.00 2.00 -1768487.51 -1855039.00 185.33 233.42
275.00 2.00 -1768487.51 -1848441.25 185.33 233.42
278.00 2.00 -1768487.51 -1853984.50 185.33 233.42
280.00 2.00 -1768487.51 -1846167.82 185.33 233.42
283.00 2.00 -1768487.51 -1838350.62 185.33 233.42
287.00 2.00 -1768487.51 -1844020.88 185.33 233.42
291.00 2.00 -1768487.51 -1847283.88 185.33 233.42
295.00 2.00 -1768487.51 -1842722.75 185.33 233.42
299.00 2.00 -1768487.51 -1807852.05 185.33 233.42
303.00 2.00 -1768487.51 -1828689.55 185.33 233.42
307.00 2.00 -1768487.51 -1815663.62 185.33 233.42
309.00 2.00 -1768487.51 -1812726.00 185.33 233.42
311.00 2.00 -1768487.51 -1867410.81 185.33 233.42
312.00 2.00 -1768487.51 -1880280.46 185.33 233.42
316.00 2.00 -1768487.51 -1869257.38 185.33 233.42
320.00 3.00 -1765603.61 -1912089.82 183.32 233.42
324.00 3.00 -1765603.61 -1865029.00 183.32 233.42
328.00 3.00 -1765603.61 -1872530.25 183.32 233.42
331.00 3.00 -1765603.61 -1808827.91 183.32 233.42
335.00 3.00 -1765603.61 -1850834.88 183.32 233.42
339.00 3.00 -1765603.61 -1842242.89 183.32 233.42
340.00 3.00 -1765603.61 -1836734.33 183.32 233.42
342.00 3.00 -1765603.61 -1817131.80 183.32 233.42
345.00 3.00 -1765603.61 -1843421.07 183.32 233.42
349.00 3.00 -1765603.61 -1856629.02 183.32 233.42
353.00 3.00 -1765603.61 -1856864.00 183.32 233.42
357.00 3.00 -1765603.61 -1883758.71 183.32 233.42
361.00 3.00 -1765603.61 -1862534.38 183.32 233.42
365.00 3.00 -1765603.61 -1867355.25 183.32 233.42
368.00 3.00 -1765603.61 -1871775.67 183.32 233.42
371.00 3.00 -1765603.61 -1870935.73 183.32 233.42
373.00 3.00 -1765603.61 -1880772.61 183.32 233.42
377.00 3.00 -1765603.61 -1875916.88 183.32 233.42
379.00 3.00 -1765603.61 -1847418.50 183.32 233.42
383.00 4.00 -1763584.82 -1817998.25 181.92 233.42
387.00 4.00 -1763584.82 -1823401.38 181.92 233.42
391.00 4.00 -1763584.82 -1871606.79 181.92 233.42
395.00 4.00 -1763584.82 -1848722.50 181.92 233.42
399.00 4.00 -1763584.82 -1858890.25 181.92 233.42
402.00 4.00 -1763584.82 -1824467.50 181.92 233.42
404.00 4.00 -1763584.82 -1868315.25 181.92 233.42
407.00 4.00 -1763584.82 -1827268.54 181.92 233.42
411.00 4.00 -1763584.82 -1842221.75 181.92 233.42
415.00 4.00 -1763584.82 -1833550.75 181.92 233.42
419.00 4.00 -1763584.82 -1846012.17 181.92 233.42
423.00 4.00 -1763584.82 -1856170.25 181.92 233.42
427.00 4.00 -1763584.82 -1868210.88 181.92 233.42
431.00 4.00 -1763584.82 -1857120.37 181.92 233.42
433.00 4.00 -1763584.82 -1856124.87 181.92 233.42
434.00 4.00 -1763584.82 -1857476.12 181.92 233.42
437.00 4.00 -1763584.82 -1850391.50 181.92 233.42
441.00 4.00 -1763584.82 -1849196.21 181.92 233.42
445.00 4.00 -1763584.82 -1853092.75 181.92 233.42
449.00 4.00 -1763584.82 -1841700.25 181.92 233.42
453.00 4.00 -1763584.82 -1849043.38 181.92 233.42
457.00 4.00 -1763584.82 -1808695.90 181.92 233.42
461.00 4.00 -1763584.82 -1830722.18 181.92 233.42
464.00 4.00 -1763584.82 -1871642.19 181.92 233.42
466.00 4.00 -1763584.82 -1814323.96 181.92 233.42
467.00 4.00 -1763584.82 -1840536.22 181.92 233.42
471.00 4.00 -1763584.82 -1861924.50 181.92 233.42
475.00 4.00 -1763584.82 -1843148.50 181.92 233.42
478.00 4.00 -1763584.82 -1846648.38 181.92 233.42
482.00 4.00 -1763584.82 -1840928.50 181.92 233.42
486.00 4.00 -1763584.82 -1864791.55 181.92 233.42
490.00 4.00 -1763584.82 -1876437.16 181.92 233.42
494.00 4.00 -1763584.82 -1843926.00 181.92 233.42
495.00 4.00 -1763584.82 -1858651.59 181.92 233.42
496.00 4.00 -1763584.82 -1908013.87 181.92 233.42
500.00 4.00 -1763584.82 -1846750.00 181.92 233.42
503.00 4.00 -1763584.82 -1869505.12 181.92 233.42
507.00 4.00 -1763584.82 -1895371.97 181.92 233.42
511.00 4.00 -1763584.82 -1833387.88 181.92 233.42
515.00 4.00 -1763584.82 -1840206.25 181.92 233.42
519.00 4.00 -1763584.82 -1831736.50 181.92 233.42
523.00 4.00 -1763584.82 -1858786.50 181.92 233.42
526.00 4.00 -1763584.82 -1852154.50 181.92 233.42
528.00 4.00 -1763584.82 -1865166.44 181.92 233.42
529.00 4.00 -1763584.82 -1850035.15 181.92 233.42
533.00 4.00 -1763584.82 -1858894.75 181.92 233.42
536.00 4.00 -1763584.82 -1857990.00 181.92 233.42
540.00 4.00 -1763584.82 -1864331.38 181.92 233.42
544.00 4.00 -1763584.82 -1797577.32 181.92 233.42
548.00 4.00 -1763584.82 -1852396.88 181.92 233.42
552.00 4.00 -1763584.82 -1862738.50 181.92 233.42
556.00 4.00 -1763584.82 -1863746.38 181.92 233.42
557.00 4.00 -1763584.82 -1846802.23 181.92 233.42
558.00 4.00 -1763584.82 -1825199.52 181.92 233.42
561.00 4.00 -1763584.82 -1853286.25 181.92 233.42
565.00 4.00 -1763584.82 -1859264.25 181.92 233.42
569.00 4.00 -1763584.82 -1839940.88 181.92 233.42
573.00 4.00 -1763584.82 -1869638.68 181.92 233.42
577.00 4.00 -1763584.82 -1912645.31 181.92 233.42
581.00 4.00 -1763584.82 -1868460.00 181.92 233.42
585.00 4.00 -1763584.82 -1836926.25 181.92 233.42
588.00 4.00 -1763584.82 -1858811.62 181.92 233.42
590.00 4.00 -1763584.82 -1864846.47 181.92 233.42
594.00 4.00 -1763584.82 -1918024.15 181.92 233.42
598.00 4.00 -1763584.82 -1847250.25 181.92 233.42
602.00 4.00 -1763584.82 -1867232.75 181.92 233.42
605.00 4.00 -1763584.82 -1865206.50 181.92 233.42
609.00 4.00 -1763584.82 -1799451.95 181.92 233.42
613.00 4.00 -1763584.82 -1830291.75 181.92 233.42
617.00 4.00 -1763584.82 -1850619.25 181.92 233.42
619.00 4.00 -1763584.82 -1919454.56 181.92 233.42
621.00 4.00 -1763584.82 -1870147.61 181.92 233.42
