2.00 1.00 -1333089.24 -1349406.09 204.26 233.42
5.00 1.00 -1333089.24 -1347635.97 204.26 233.42
9.00 1.00 -1333089.24 -1390577.55 204.26 233.42
13.00 1.00 -1333089.24 -1394943.37 204.26 233.42
17.00 1.00 -1333089.24 -1351593.18 204.26 233.42
21.00 1.00 -1333089.24 -1377169.18 204.26 233.42
25.00 1.00 -1333089.24 -1397927.74 204.26 233.42
29.00 1.00 -1333089.24 -1365497.50 204.26 233.42
30.00 1.00 -1333089.24 -1384569.09 204.26 233.42
31.00 1.00 -1333089.24 -1393635.20 204.26 233.42
32.00 1.00 -1333089.24 -1367919.37 204.26 233.42
35.00 1.00 -1333089.24 -1377303.88 204.26 233.42
39.00 1.00 -1333089.24 -1374959.38 204.26 233.42
43.00 1.00 -1333089.24 -1389888.58 204.26 233.42
47.00 1.00 -1333089.24 -1380994.00 204.26 233.42
51.00 1.00 -1333089.24 -1382259.94 204.26 233.42
55.00 1.00 -1333089.24 -1374414.50 204.26 233.42
59.00 1.00 -1333089.24 -1379037.50 204.26 233.42
61.00 1.00 -1333089.24 -1384720.25 204.26 233.42
63.00 1.00 -1333089.24 -1401244.00 204.26 233.42
66.00 1.00 -1333089.24 -1380170.75 204.26 233.42
70.00 1.00 -1333089.24 -1367553.75 204.26 233.42
74.00 1.00 -1333089.24 -1379072.75 204.26 233.42
78.00 1.00 -1333089.24 -1398268.27 204.26 233.42
82.00 1.00 -1333089.24 -1373826.00 204.26 233.42
86.00 1.00 -1333089.24 -1375553.25 204.26 233.42
90.00 1.00 -1333089.24 -1372386.88 204.26 233.42
92.00 1.00 -1333089.24 -1374826.75 204.26 233.42
93.00 1.00 -1333089.24 -1378223.78 204.26 233.42
97.00 1.00 -1333089.24 -1373955.00 204.26 233.42
101.00 1.00 -1333089.24 -1376126.12 204.26 233.42
104.00 1.00 -1333089.24 -1369483.25 204.26 233.42
108.00 1.00 -1333089.24 -1367636.00 204.26 233.42
112.00 1.00 -1333089.24 -1368699.25 204.26 233.42
116.00 1.00 -1333089.24 -1348890.65 204.26 233.42
120.00 1.00 -1333089.24 -1370542.00 204.26 233.42
123.00 1.00 -1333089.24 -1388067.66 204.26 233.42
125.00 1.00 -1333089.24 -1387168.97 204.26 233.42
127.00 1.00 -1333089.24 -1385342.10 204.26 233.42
131.00 1.00 -1333089.24 -1380256.25 204.26 233.42
135.00 1.00 -1333089.24 -1372396.38 204.26 233.42
139.00 1.00 -1333089.24 -1360825.50 204.26 233.42
143.00 1.00 -1333089.24 -1380750.05 204.26 233.42
146.00 1.00 -1333089.24 -1374017.50 204.26 233.42
150.00 1.00 -1333089.24 -1367914.62 204.26 233.42
154.00 1.00 -1333089.24 -1371748.00 204.26 233.42
156.00 1.00 -1333089.24 -1393857.76 204.26 233.42
159.00 1.00 -1333089.24 -1402291.58 204.26 233.42
162.00 1.00 -1333089.24 -1399317.85 204.26 233.42
166.00 1.00 -1333089.24 -1383310.50 204.26 233.42
170.00 1.00 -1333089.24 -1389129.50 204.26 233.42
174.00 1.00 -1333089.24 -1390277.38 204.26 233.42
178.00 1.00 -1333089.24 -1383504.88 204.26 233.42
182.00 1.00 -1333089.24 -1382846.50 204.26 233.42
185.00 1.00 -1333089.24 -1369321.48 204.26 233.42
186.00 1.00 -1333089.24 -1396700.34 204.26 233.42
190.00 1.00 -1333089.24 -1377621.88 204.26 233.42
194.00 1.00 -1333089.24 -1373826.12 204.26 233.42
198.00 1.00 -1333089.24 -1370195.12 204.26 233.42
202.00 1.00 -1333089.24 -1371830.38 204.26 233.42
205.00 1.00 -1333089.24 -1379082.92 204.26 233.42
209.00 1.00 -1333089.24 -1373192.75 204.26 233.42
213.00 2.00 -1312755.48 -1358757.50 184.17 233.42
216.00 2.00 -1312755.48 -1355625.00 184.17 233.42
218.00 2.00 -1312755.48 -1395888.63 184.17 233.42
221.00 2.00 -1312755.48 -1378448.45 184.17 233.42
225.00 2.00 -1312755.48 -1378604.50 184.17 233.42
229.00 2.00 -1312755.48 -1374291.50 184.17 233.42
233.00 2.00 -1312755.48 -1381961.75 184.17 233.42
237.00 2.00 -1312755.48 -1381453.88 184.17 233.42
241.00 2.00 -1312755.48 -1381722.62 184.17 233.42
245.00 2.00 -1312755.48 -1411922.85 184.17 233.42
247.00 2.00 -1312755.48 -1420349.31 184.17 233.42
249.00 2.00 -1312755.48 -1368759.08 184.17 233.42
251.00 2.00 -1312755.48 -1374937.54 184.17 233.42
255.00 2.00 -1312755.48 -1379321.12 184.17 233.42
259.00 2.00 -1312755.48 -1377182.75 184.17 233.42
263.00 2.00 -1312755.48 -1373833.25 184.17 233.42
266.00 2.00 -1312755.48 -1358252.81 184.17 233.42
270.00 2.00 -1312755.48 -1373359.25 184.17 233.42
274.00 2.00 -1312755.48 -1384666.00 184.17 233.42
278.00 2.00 -1312755.48 -1387719.50 184.17 233.42
279.00 2.00 -1312755.48 -1391897.25 184.17 233.42
283.00 2.00 -1312755.48 -1373139.00 184.17 233.42
287.00 2.00 -1312755.48 -1370410.00 184.17 233.42
290.00 2.00 -1312755.48 -1364514.50 184.17 233.42
294.00 2.00 -1312755.48 -1368349.18 184.17 233.42
298.00 2.00 -1312755.48 -1364530.50 184.17 233.42
302.00 2.00 -1312755.48 -1336828.18 184.17 233.42
306.00 2.00 -1312755.48 -1355193.75 184.17 233.42
309.00 2.00 -1312755.48 -1352395.75 184.17 233.42
311.00 2.00 -1312755.48 -1361976.16 184.17 233.42
314.00 2.00 -1312755.48 -1436427.70 184.17 233.42
318.00 2.00 -1312755.48 -1392548.50 184.17 233.42
322.00 2.00 -1312755.48 -1371201.38 184.17 233.42
326.00 2.00 -1312755.48 -1380946.50 184.17 233.42
330.00 2.00 -1312755.48 -1384875.00 184.17 233.42
334.00 2.00 -1312755.48 -1392683.62 184.17 233.42
337.00 2.00 -1312755.48 -1409134.67 184.17 233.42
340.00 2.00 -1312755.48 -1382611.12 184.17 233.42
342.00 2.00 -1312755.48 -1387629.54 184.17 233.42
345.00 2.00 -1312755.48 -1381289.62 184.17 233.42
349.00 2.00 -1312755.48 -1437060.55 184.17 233.42
353.00 3.00 -1312755.48 -1366784.00 184.17 233.42
357.00 3.00 -1312755.48 -1369342.25 184.17 233.42
361.00 3.00 -1312755.48 -1381133.88 184.17 233.42
365.00 3.00 -1312755.48 -1371749.81 184.17 233.42
369.00 3.00 -1312755.48 -1379579.12 184.17 233.42
371.00 3.00 -1312755.48 -1389399.08 184.17 233.42
372.00 3.00 -1312755.48 -1379646.75 184.17 233.42
375.00 3.00 -1312755.48 -1406048.52 184.17 233.42
379.00 3.00 -1312755.48 -1363909.75 184.17 233.42
383.00 3.00 -1312755.48 -1376109.77 184.17 233.42
387.00 3.00 -1312755.48 -1386755.36 184.17 233.42
391.00 3.00 -1312755.48 -1358068.50 184.17 233.42
395.00 3.00 -1312755.48 -1365876.25 184.17 233.42
399.00 3.00 -1312755.48 -1368217.88 184.17 233.42
402.00 3.00 -1312755.48 -1400803.99 184.17 233.42
404.00 3.00 -1312755.48 -1384581.94 184.17 233.42
407.00 3.00 -1312755.48 -1383350.95 184.17 233.42
411.00 3.00 -1312755.48 -1386495.75 184.17 233.42
415.00 3.00 -1312755.48 -1361043.02 184.17 233.42
419.00 4.00 -1312755.48 -1312755.48 184.17 233.42
422.00 4.00 -1312755.48 -1360157.25 184.17 233.42
426.00 4.00 -1312755.48 -1379310.75 184.17 233.42
430.00 4.00 -1312755.48 -1367142.75 184.17 233.42
433.00 5.00 -1312755.48 -1360647.75 184.17 233.42
435.00 5.00 -1312755.48 -1396176.70 184.17 233.42
438.00 5.00 -1312755.48 -1372848.38 184.17 233.42
442.00 5.00 -1312755.48 -1375222.50 184.17 233.42
445.00 6.00 -1312755.48 -1360404.50 184.17 233.42
449.00 6.00 -1312755.48 -1363508.62 184.17 233.42
453.00 6.00 -1312755.48 -1370818.62 184.17 233.42
457.00 7.00 -1312755.48 -1355299.38 184.17 233.42
461.00 7.00 -1312755.48 -1345045.75 184.17 233.42
464.00 7.00 -1312755.48 -1372497.64 184.17 233.42
465.00 7.00 -1312755.48 -1360317.00 184.17 233.42
468.00 7.00 -1312755.48 -1371577.75 184.17 233.42
472.00 7.00 -1312755.48 -1384049.17 184.17 233.42
476.00 7.00 -1312755.48 -1375646.38 184.17 233.42
480.00 7.00 -1312755.48 -1406447.64 184.17 233.42
484.00 7.00 -1312755.48 -1370648.50 184.17 233.42
488.00 7.00 -1312755.48 -1368440.00 184.17 233.42
492.00 7.00 -1312755.48 -1399125.57 184.17 233.42
495.00 7.00 -1312755.48 -1377022.49 184.17 233.42
497.00 7.00 -1312755.48 -1409670.52 184.17 233.42
498.00 7.00 -1312755.48 -1399839.56 184.17 233.42
502.00 7.00 -1312755.48 -1380996.12 184.17 233.42
506.00 7.00 -1312755.48 -1365999.75 184.17 233.42
509.00 7.00 -1312755.48 -1342599.71 184.17 233.42
513.00 7.00 -1312755.48 -1385739.28 184.17 233.42
517.00 7.00 -1312755.48 -1365298.35 184.17 233.42
521.00 7.00 -1312755.48 -1355373.00 184.17 233.42
525.00 7.00 -1312755.48 -1417176.17 184.17 233.42
526.00 7.00 -1312755.48 -1386418.65 184.17 233.42
527.00 7.00 -1312755.48 -1365922.00 184.17 233.42
530.00 7.00 -1312755.48 -1404491.88 184.17 233.42
534.00 7.00 -1312755.48 -1344517.89 184.17 233.42
538.00 7.00 -1312755.48 -1405028.57 184.17 233.42
542.00 7.00 -1312755.48 -1384579.12 184.17 233.42
546.00 7.00 -1312755.48 -1392125.75 184.17 233.42
550.00 7.00 -1312755.48 -1391016.50 184.17 233.42
554.00 7.00 -1312755.48 -1388754.50 184.17 233.42
557.00 7.00 -1312755.48 -1356426.21 184.17 233.42
558.00 7.00 -1312755.48 -1358996.83 184.17 233.42
561.00 7.00 -1312755.48 -1358446.62 184.17 233.42
565.00 7.00 -1312755.48 -1373411.25 184.17 233.42
569.00 7.00 -1312755.48 -1375374.50 184.17 233.42
573.00 9.00 -1312755.48 -1384076.42 184.17 233.42
577.00 9.00 -1312755.48 -1366705.25 184.17 233.42
581.00 9.00 -1312755.48 -1376645.62 184.17 233.42
585.00 9.00 -1312755.48 -1368662.10 184.17 233.42
588.00 9.00 -1312755.48 -1370346.25 184.17 233.42
590.00 9.00 -1312755.48 -1419623.86 184.17 233.42
594.00 9.00 -1312755.48 -1364134.00 184.17 233.42
598.00 9.00 -1312755.48 -1357158.25 184.17 233.42
606.00 9.00 -1312755.48 -1367616.88 184.17 233.42
609.00 9.00 -1312755.48 -1373051.00 184.17 233.42
613.00 9.00 -1312755.48 -1411136.95 184.17 233.42
602.00 9.00 -1312755.48 -1357302.25 184.17 233.42
617.00 9.00 -1312755.48 -1366144.25 184.17 233.42
619.00 9.00 -1312755.48 -1402838.04 184.17 233.42
621.00 9.00 -1312755.48 -1397131.26 184.17 233.42
