2.00 2.00 -1487906.67 -1523874.42 219.96 233.42
5.00 2.00 -1487906.67 -1514798.67 219.96 233.42
9.00 2.00 -1487906.67 -1526853.88 219.96 233.42
13.00 2.00 -1487906.67 -1546038.37 219.96 233.42
17.00 2.00 -1487906.67 -1530881.69 219.96 233.42
21.00 2.00 -1487906.67 -1515214.24 219.96 233.42
25.00 3.00 -1485027.29 -1501969.03 217.06 233.42
29.00 4.00 -1397530.02 -1482267.11 145.00 233.42
30.00 4.00 -1397530.02 -1529257.57 145.00 233.42
31.00 4.00 -1397530.02 -1517472.94 145.00 233.42
35.00 4.00 -1397530.02 -1549473.90 145.00 233.42
39.00 4.00 -1397530.02 -1522910.50 145.00 233.42
43.00 4.00 -1397530.02 -1526380.88 145.00 233.42
47.00 4.00 -1397530.02 -1525870.75 145.00 233.42
51.00 4.00 -1397530.02 -1527828.00 145.00 233.42
32.00 4.00 -1397530.02 -1515278.50 145.00 233.42
55.00 4.00 -1397530.02 -1500733.16 145.00 233.42
59.00 4.00 -1397530.02 -1506490.50 145.00 233.42
61.00 4.00 -1397530.02 -1545613.31 145.00 233.42
62.00 4.00 -1397530.02 -1516827.24 145.00 233.42
66.00 4.00 -1397530.02 -1517674.62 145.00 233.42
69.00 4.00 -1397530.02 -1513876.00 145.00 233.42
70.00 4.00 -1397530.02 -1517134.50 145.00 233.42
73.00 4.00 -1397530.02 -1531094.32 145.00 233.42
77.00 4.00 -1397530.02 -1511484.50 145.00 233.42
81.00 4.00 -1397530.02 -1503086.00 145.00 233.42
85.00 4.00 -1397530.02 -1558180.13 145.00 233.42
89.00 4.00 -1397530.02 -1529877.00 145.00 233.42
92.00 4.00 -1397530.02 -1540265.26 145.00 233.42
94.00 4.00 -1397530.02 -1536962.74 145.00 233.42
97.00 4.00 -1397530.02 -1525706.75 145.00 233.42
100.00 4.00 -1397530.02 -1513557.25 145.00 233.42
104.00 4.00 -1397530.02 -1523645.62 145.00 233.42
108.00 4.00 -1397530.02 -1521027.50 145.00 233.42
112.00 4.00 -1397530.02 -1513208.50 145.00 233.42
116.00 4.00 -1397530.02 -1546768.20 145.00 233.42
120.00 4.00 -1397530.02 -1523481.25 145.00 233.42
123.00 4.00 -1397530.02 -1505862.38 145.00 233.42
125.00 4.00 -1397530.02 -1553716.22 145.00 233.42
127.00 4.00 -1397530.02 -1545318.80 145.00 233.42
131.00 4.00 -1397530.02 -1510413.25 145.00 233.42
135.00 4.00 -1397530.02 -1517105.38 145.00 233.42
139.00 4.00 -1397530.02 -1516708.25 145.00 233.42
143.00 4.00 -1397530.02 -1546583.32 145.00 233.42
147.00 4.00 -1397530.02 -1527692.50 145.00 233.42
150.00 4.00 -1397530.02 -1517938.50 145.00 233.42
154.00 4.00 -1397530.02 -1577121.85 145.00 233.42
156.00 4.00 -1397530.02 -1542902.63 145.00 233.42
162.00 4.00 -1397530.02 -1545198.49 145.00 233.42
166.00 4.00 -1397530.02 -1527457.50 145.00 233.42
170.00 4.00 -1397530.02 -1523642.12 145.00 233.42
174.00 4.00 -1397530.02 -1526264.38 145.00 233.42
178.00 4.00 -1397530.02 -1542490.49 145.00 233.42
182.00 4.00 -1397530.02 -1514742.88 145.00 233.42
159.00 4.00 -1397530.02 -1559540.75 145.00 233.42
185.00 4.00 -1397530.02 -1519218.75 145.00 233.42
186.00 4.00 -1397530.02 -1521084.50 145.00 233.42
190.00 4.00 -1397530.02 -1513632.75 145.00 233.42
194.00 4.00 -1397530.02 -1519377.75 145.00 233.42
197.00 4.00 -1397530.02 -1508720.75 145.00 233.42
201.00 4.00 -1397530.02 -1485764.25 145.00 233.42
205.00 4.00 -1397530.02 -1520890.12 145.00 233.42
209.00 4.00 -1397530.02 -1514852.88 145.00 233.42
213.00 4.00 -1397530.02 -1530555.47 145.00 233.42
216.00 4.00 -1397530.02 -1483650.90 145.00 233.42
217.00 4.00 -1397530.02 -1552856.63 145.00 233.42
221.00 4.00 -1397530.02 -1527977.75 145.00 233.42
224.00 4.00 -1397530.02 -1543990.05 145.00 233.42
228.00 4.00 -1397530.02 -1498097.04 145.00 233.42
232.00 4.00 -1397530.02 -1521568.62 145.00 233.42
236.00 4.00 -1397530.02 -1511637.25 145.00 233.42
240.00 4.00 -1397530.02 -1518884.50 145.00 233.42
244.00 4.00 -1397530.02 -1514303.82 145.00 233.42
247.00 4.00 -1397530.02 -1518356.00 145.00 233.42
248.00 4.00 -1397530.02 -1559669.00 145.00 233.42
252.00 4.00 -1397530.02 -1536459.88 145.00 233.42
255.00 4.00 -1397530.02 -1531329.00 145.00 233.42
259.00 4.00 -1397530.02 -1528701.50 145.00 233.42
263.00 4.00 -1397530.02 -1527140.88 145.00 233.42
267.00 4.00 -1397530.02 -1495517.33 145.00 233.42
271.00 4.00 -1397530.02 -1535777.75 145.00 233.42
275.00 4.00 -1397530.02 -1537234.75 145.00 233.42
278.00 4.00 -1397530.02 -1537971.50 145.00 233.42
279.00 4.00 -1397530.02 -1536785.38 145.00 233.42
282.00 4.00 -1397530.02 -1518417.50 145.00 233.42
286.00 4.00 -1397530.02 -1512423.12 145.00 233.42
290.00 4.00 -1397530.02 -1515024.62 145.00 233.42
294.00 4.00 -1397530.02 -1565506.99 145.00 233.42
298.00 4.00 -1397530.02 -1524476.53 145.00 233.42
302.00 4.00 -1397530.02 -1471798.20 145.00 233.42
306.00 4.00 -1397530.02 -1494415.90 145.00 233.42
309.00 4.00 -1397530.02 -1515661.25 145.00 233.42
311.00 4.00 -1397530.02 -1515672.07 145.00 233.42
314.00 4.00 -1397530.02 -1522517.75 145.00 233.42
318.00 4.00 -1397530.02 -1530824.60 145.00 233.42
322.00 4.00 -1397530.02 -1536124.50 145.00 233.42
326.00 4.00 -1397530.02 -1521252.92 145.00 233.42
330.00 4.00 -1397530.02 -1482639.77 145.00 233.42
334.00 4.00 -1397530.02 -1530714.37 145.00 233.42
337.00 4.00 -1397530.02 -1527156.50 145.00 233.42
340.00 4.00 -1397530.02 -1517882.75 145.00 233.42
342.00 4.00 -1397530.02 -1544738.28 145.00 233.42
344.00 4.00 -1397530.02 -1513558.77 145.00 233.42
348.00 4.00 -1397530.02 -1525669.25 145.00 233.42
351.00 4.00 -1397530.02 -1517936.00 145.00 233.42
355.00 4.00 -1397530.02 -1524862.62 145.00 233.42
359.00 4.00 -1397530.02 -1529162.25 145.00 233.42
363.00 4.00 -1397530.02 -1521340.75 145.00 233.42
367.00 4.00 -1397530.02 -1520654.75 145.00 233.42
371.00 4.00 -1397530.02 -1522788.90 145.00 233.42
372.00 4.00 -1397530.02 -1523345.00 145.00 233.42
376.00 4.00 -1397530.02 -1518944.62 145.00 233.42
379.00 4.00 -1397530.02 -1509557.25 145.00 233.42
383.00 4.00 -1397530.02 -1514174.38 145.00 233.42
387.00 4.00 -1397530.02 -1517327.13 145.00 233.42
391.00 4.00 -1397530.02 -1507211.75 145.00 233.42
395.00 4.00 -1397530.02 -1534903.41 145.00 233.42
399.00 4.00 -1397530.02 -1505135.68 145.00 233.42
402.00 4.00 -1397530.02 -1503322.75 145.00 233.42
403.00 4.00 -1397530.02 -1512394.82 145.00 233.42
406.00 4.00 -1397530.02 -1505555.75 145.00 233.42
410.00 4.00 -1397530.02 -1511348.83 145.00 233.42
414.00 4.00 -1397530.02 -1516058.00 145.00 233.42
418.00 4.00 -1397530.02 -1520732.75 145.00 233.42
422.00 4.00 -1397530.02 -1502925.54 145.00 233.42
426.00 4.00 -1397530.02 -1537004.26 145.00 233.42
430.00 4.00 -1397530.02 -1521923.82 145.00 233.42
433.00 4.00 -1397530.02 -1436650.02 145.00 233.42
434.00 4.00 -1397530.02 -1514444.88 145.00 233.42
437.00 4.00 -1397530.02 -1497150.25 145.00 233.42
441.00 4.00 -1397530.02 -1500170.75 145.00 233.42
445.00 4.00 -1397530.02 -1499579.00 145.00 233.42
449.00 4.00 -1397530.02 -1521100.59 145.00 233.42
453.00 4.00 -1397530.02 -1514355.62 145.00 233.42
457.00 4.00 -1397530.02 -1515768.62 145.00 233.42
461.00 4.00 -1397530.02 -1514429.75 145.00 233.42
464.00 4.00 -1397530.02 -1504324.50 145.00 233.42
465.00 4.00 -1397530.02 -1540816.94 145.00 233.42
468.00 4.00 -1397530.02 -1518074.25 145.00 233.42
472.00 4.00 -1397530.02 -1537527.22 145.00 233.42
476.00 4.00 -1397530.02 -1511526.12 145.00 233.42
480.00 4.00 -1397530.02 -1520005.62 145.00 233.42
484.00 4.00 -1397530.02 -1517682.49 145.00 233.42
488.00 4.00 -1397530.02 -1510579.00 145.00 233.42
492.00 4.00 -1397530.02 -1518851.12 145.00 233.42
495.00 4.00 -1397530.02 -1534202.80 145.00 233.42
496.00 4.00 -1397530.02 -1522363.75 145.00 233.42
499.00 4.00 -1397530.02 -1508829.88 145.00 233.42
503.00 4.00 -1397530.02 -1550956.44 145.00 233.42
507.00 4.00 -1397530.02 -1488480.40 145.00 233.42
511.00 4.00 -1397530.02 -1500049.25 145.00 233.42
515.00 4.00 -1397530.02 -1505677.75 145.00 233.42
519.00 4.00 -1397530.02 -1504614.38 145.00 233.42
523.00 4.00 -1397530.02 -1573838.04 145.00 233.42
526.00 4.00 -1397530.02 -1525749.50 145.00 233.42
528.00 4.00 -1397530.02 -1547952.51 145.00 233.42
531.00 4.00 -1397530.02 -1507241.39 145.00 233.42
535.00 4.00 -1397530.02 -1561921.56 145.00 233.42
539.00 4.00 -1397530.02 -1537055.25 145.00 233.42
543.00 4.00 -1397530.02 -1539649.25 145.00 233.42
547.00 4.00 -1397530.02 -1531797.40 145.00 233.42
551.00 4.00 -1397530.02 -1534865.27 145.00 233.42
554.00 4.00 -1397530.02 -1532764.75 145.00 233.42
557.00 4.00 -1397530.02 -1532919.50 145.00 233.42
559.00 4.00 -1397530.02 -1547721.42 145.00 233.42
562.00 4.00 -1397530.02 -1509536.33 145.00 233.42
566.00 4.00 -1397530.02 -1520823.00 145.00 233.42
570.00 4.00 -1397530.02 -1519907.98 145.00 233.42
574.00 4.00 -1397530.02 -1539732.57 145.00 233.42
578.00 4.00 -1397530.02 -1577764.26 145.00 233.42
582.00 4.00 -1397530.02 -1512763.40 145.00 233.42
586.00 4.00 -1397530.02 -1523076.00 145.00 233.42
588.00 4.00 -1397530.02 -1524551.65 145.00 233.42
590.00 4.00 -1397530.02 -1535381.13 145.00 233.42
591.00 4.00 -1397530.02 -1505120.63 145.00 233.42
595.00 4.00 -1397530.02 -1523708.62 145.00 233.42
603.00 4.00 -1397530.02 -1523689.00 145.00 233.42
606.00 4.00 -1397530.02 -1516759.64 145.00 233.42
610.00 4.00 -1397530.02 -1523472.50 145.00 233.42
614.00 4.00 -1397530.02 -1516036.00 145.00 233.42
599.00 4.00 -1397530.02 -1521084.75 145.00 233.42
618.00 4.00 -1397530.02 -1525495.98 145.00 233.42
619.00 4.00 -1397530.02 -1564047.73 145.00 233.42
621.00 4.00 -1397530.02 -1509560.09 145.00 233.42
