1.00 1.00 -1109051.72 -1109051.72 224.85 233.42
5.00 1.00 -1109051.72 -1132699.73 224.85 233.42
9.00 1.00 -1109051.72 -1135131.01 224.85 233.42
13.00 1.00 -1109051.72 -1138546.33 224.85 233.42
17.00 1.00 -1109051.72 -1124714.16 224.85 233.42
21.00 2.00 -1106626.04 -1137558.61 221.49 233.42
25.00 4.00 -1101682.04 -1101682.04 214.79 233.42
29.00 4.00 -1101682.04 -1110205.87 214.79 233.42
30.00 4.00 -1101682.04 -1116612.19 214.79 233.42
31.00 4.00 -1101682.04 -1136910.49 214.79 233.42
32.00 4.00 -1101682.04 -1153338.88 214.79 233.42
35.00 4.00 -1101682.04 -1135377.25 214.79 233.42
39.00 4.00 -1101682.04 -1135918.25 214.79 233.42
43.00 4.00 -1101682.04 -1137854.88 214.79 233.42
47.00 4.00 -1101682.04 -1132072.25 214.79 233.42
51.00 4.00 -1101682.04 -1141139.75 214.79 233.42
55.00 4.00 -1101682.04 -1138775.75 214.79 233.42
59.00 4.00 -1101682.04 -1128512.36 214.79 233.42
61.00 4.00 -1101682.04 -1136649.25 214.79 233.42
62.00 4.00 -1101682.04 -1135591.75 214.79 233.42
66.00 4.00 -1101682.04 -1136366.75 214.79 233.42
69.00 4.00 -1101682.04 -1135309.45 214.79 233.42
73.00 4.00 -1101682.04 -1132177.75 214.79 233.42
77.00 4.00 -1101682.04 -1184209.09 214.79 233.42
81.00 4.00 -1101682.04 -1139228.50 214.79 233.42
85.00 4.00 -1101682.04 -1134242.00 214.79 233.42
89.00 4.00 -1101682.04 -1128380.00 214.79 233.42
92.00 4.00 -1101682.04 -1136037.25 214.79 233.42
93.00 4.00 -1101682.04 -1125579.77 214.79 233.42
96.00 5.00 -1100143.12 -1100143.12 212.75 233.42
100.00 6.00 -1088665.19 -1125280.06 198.13 233.42
104.00 6.00 -1088665.19 -1128967.50 198.13 233.42
108.00 6.00 -1088665.19 -1127591.50 198.13 233.42
112.00 6.00 -1088665.19 -1122653.14 198.13 233.42
116.00 6.00 -1088665.19 -1127799.79 198.13 233.42
120.00 6.00 -1088665.19 -1128805.50 198.13 233.42
123.00 6.00 -1088665.19 -1124577.95 198.13 233.42
124.00 6.00 -1088665.19 -1131394.65 198.13 233.42
127.00 6.00 -1088665.19 -1140885.96 198.13 233.42
131.00 6.00 -1088665.19 -1125912.62 198.13 233.42
135.00 6.00 -1088665.19 -1134023.25 198.13 233.42
139.00 6.00 -1088665.19 -1141040.62 198.13 233.42
143.00 6.00 -1088665.19 -1144179.25 198.13 233.42
147.00 6.00 -1088665.19 -1158093.31 198.13 233.42
151.00 6.00 -1088665.19 -1122853.12 198.13 233.42
154.00 6.00 -1088665.19 -1139441.06 198.13 233.42
155.00 6.00 -1088665.19 -1125830.50 198.13 233.42
158.00 6.00 -1088665.19 -1132475.75 198.13 233.42
162.00 6.00 -1088665.19 -1137473.38 198.13 233.42
166.00 6.00 -1088665.19 -1143252.50 198.13 233.42
170.00 6.00 -1088665.19 -1138578.00 198.13 233.42
174.00 6.00 -1088665.19 -1155477.38 198.13 233.42
178.00 6.00 -1088665.19 -1134631.75 198.13 233.42
182.00 7.00 -1086914.08 -1122946.12 195.98 233.42
185.00 7.00 -1086914.08 -1124140.73 195.98 233.42
186.00 7.00 -1086914.08 -1134315.88 195.98 233.42
190.00 7.00 -1086914.08 -1128281.50 195.98 233.42
193.00 7.00 -1086914.08 -1129468.61 195.98 233.42
197.00 7.00 -1086914.08 -1156690.33 195.98 233.42
201.00 7.00 -1086914.08 -1121260.00 195.98 233.42
205.00 7.00 -1086914.08 -1125141.50 195.98 233.42
209.00 7.00 -1086914.08 -1134700.25 195.98 233.42
213.00 7.00 -1086914.08 -1124183.75 195.98 233.42
216.00 7.00 -1086914.08 -1138222.97 195.98 233.42
218.00 7.00 -1086914.08 -1150997.33 195.98 233.42
221.00 7.00 -1086914.08 -1137190.25 195.98 233.42
225.00 7.00 -1086914.08 -1133734.88 195.98 233.42
229.00 7.00 -1086914.08 -1138067.90 195.98 233.42
233.00 7.00 -1086914.08 -1150524.49 195.98 233.42
237.00 7.00 -1086914.08 -1135803.75 195.98 233.42
241.00 7.00 -1086914.08 -1125928.88 195.98 233.42
245.00 7.00 -1086914.08 -1124418.25 195.98 233.42
247.00 7.00 -1086914.08 -1125570.00 195.98 233.42
249.00 7.00 -1086914.08 -1134255.70 195.98 233.42
252.00 7.00 -1086914.08 -1144476.39 195.98 233.42
256.00 7.00 -1086914.08 -1127516.54 195.98 233.42
260.00 7.00 -1086914.08 -1124068.50 195.98 233.42
264.00 7.00 -1086914.08 -1131527.62 195.98 233.42
268.00 7.00 -1086914.08 -1099906.16 195.98 233.42
272.00 7.00 -1086914.08 -1130590.25 195.98 233.42
275.00 7.00 -1086914.08 -1136011.13 195.98 233.42
278.00 7.00 -1086914.08 -1144640.01 195.98 233.42
279.00 7.00 -1086914.08 -1133752.10 195.98 233.42
282.00 7.00 -1086914.08 -1142257.10 195.98 233.42
286.00 7.00 -1086914.08 -1128303.25 195.98 233.42
290.00 7.00 -1086914.08 -1126678.25 195.98 233.42
294.00 7.00 -1086914.08 -1128043.50 195.98 233.42
298.00 7.00 -1086914.08 -1141842.14 195.98 233.42
302.00 7.00 -1086914.08 -1119648.62 195.98 233.42
306.00 7.00 -1086914.08 -1116130.23 195.98 233.42
309.00 7.00 -1086914.08 -1122768.62 195.98 233.42
310.00 7.00 -1086914.08 -1122127.25 195.98 233.42
314.00 7.00 -1086914.08 -1133587.12 195.98 233.42
318.00 7.00 -1086914.08 -1134365.00 195.98 233.42
322.00 7.00 -1086914.08 -1138221.12 195.98 233.42
325.00 7.00 -1086914.08 -1117806.61 195.98 233.42
329.00 7.00 -1086914.08 -1136680.50 195.98 233.42
333.00 7.00 -1086914.08 -1131795.50 195.98 233.42
337.00 7.00 -1086914.08 -1130109.50 195.98 233.42
340.00 7.00 -1086914.08 -1132018.75 195.98 233.42
341.00 7.00 -1086914.08 -1146582.49 195.98 233.42
345.00 7.00 -1086914.08 -1134036.12 195.98 233.42
348.00 7.00 -1086914.08 -1134763.25 195.98 233.42
352.00 7.00 -1086914.08 -1132589.00 195.98 233.42
356.00 7.00 -1086914.08 -1127210.51 195.98 233.42
360.00 7.00 -1086914.08 -1135656.25 195.98 233.42
364.00 7.00 -1086914.08 -1131745.50 195.98 233.42
368.00 7.00 -1086914.08 -1130845.38 195.98 233.42
371.00 7.00 -1086914.08 -1137459.25 195.98 233.42
372.00 7.00 -1086914.08 -1137536.25 195.98 233.42
375.00 7.00 -1086914.08 -1116019.73 195.98 233.42
379.00 7.00 -1086914.08 -1128222.87 195.98 233.42
383.00 7.00 -1086914.08 -1118594.25 195.98 233.42
387.00 7.00 -1086914.08 -1120218.25 195.98 233.42
391.00 7.00 -1086914.08 -1128208.27 195.98 233.42
395.00 7.00 -1086914.08 -1125596.75 195.98 233.42
399.00 7.00 -1086914.08 -1146755.54 195.98 233.42
402.00 7.00 -1086914.08 -1124323.00 195.98 233.42
403.00 7.00 -1086914.08 -1150548.62 195.98 233.42
407.00 7.00 -1086914.08 -1137365.62 195.98 233.42
410.00 7.00 -1086914.08 -1139262.25 195.98 233.42
414.00 7.00 -1086914.08 -1119399.25 195.98 233.42
418.00 7.00 -1086914.08 -1137069.75 195.98 233.42
422.00 7.00 -1086914.08 -1141109.34 195.98 233.42
426.00 7.00 -1086914.08 -1137322.25 195.98 233.42
430.00 7.00 -1086914.08 -1123015.86 195.98 233.42
433.00 7.00 -1086914.08 -1134929.61 195.98 233.42
435.00 7.00 -1086914.08 -1139729.75 195.98 233.42
436.00 7.00 -1086914.08 -1139348.85 195.98 233.42
439.00 7.00 -1086914.08 -1129692.01 195.98 233.42
443.00 7.00 -1086914.08 -1125952.75 195.98 233.42
447.00 7.00 -1086914.08 -1120012.00 195.98 233.42
451.00 7.00 -1086914.08 -1116606.50 195.98 233.42
455.00 7.00 -1086914.08 -1121040.00 195.98 233.42
459.00 7.00 -1086914.08 -1106176.94 195.98 233.42
463.00 7.00 -1086914.08 -1117189.75 195.98 233.42
464.00 7.00 -1086914.08 -1143027.71 195.98 233.42
465.00 7.00 -1086914.08 -1120996.62 195.98 233.42
468.00 7.00 -1086914.08 -1127135.62 195.98 233.42
472.00 7.00 -1086914.08 -1112910.45 195.98 233.42
476.00 7.00 -1086914.08 -1141590.27 195.98 233.42
480.00 7.00 -1086914.08 -1128047.32 195.98 233.42
484.00 7.00 -1086914.08 -1148690.83 195.98 233.42
488.00 7.00 -1086914.08 -1118678.15 195.98 233.42
492.00 7.00 -1086914.08 -1130274.25 195.98 233.42
495.00 7.00 -1086914.08 -1140482.97 195.98 233.42
496.00 7.00 -1086914.08 -1125294.62 195.98 233.42
500.00 7.00 -1086914.08 -1121536.38 195.98 233.42
503.00 7.00 -1086914.08 -1131567.61 195.98 233.42
507.00 7.00 -1086914.08 -1124390.00 195.98 233.42
511.00 7.00 -1086914.08 -1149137.15 195.98 233.42
515.00 7.00 -1086914.08 -1145193.20 195.98 233.42
519.00 7.00 -1086914.08 -1144723.53 195.98 233.42
523.00 7.00 -1086914.08 -1125538.75 195.98 233.42
526.00 7.00 -1086914.08 -1123660.00 195.98 233.42
528.00 7.00 -1086914.08 -1116300.43 195.98 233.42
532.00 7.00 -1086914.08 -1128922.90 195.98 233.42
535.00 7.00 -1086914.08 -1130230.02 195.98 233.42
538.00 7.00 -1086914.08 -1149345.23 195.98 233.42
542.00 7.00 -1086914.08 -1132139.62 195.98 233.42
546.00 7.00 -1086914.08 -1132763.58 195.98 233.42
550.00 8.00 -1067985.87 -1067985.87 174.26 233.42
554.00 8.00 -1067985.87 -1124364.49 174.26 233.42
557.00 8.00 -1067985.87 -1130043.25 174.26 233.42
558.00 8.00 -1067985.87 -1158904.41 174.26 233.42
562.00 8.00 -1067985.87 -1129014.00 174.26 233.42
565.00 8.00 -1067985.87 -1139907.47 174.26 233.42
569.00 8.00 -1067985.87 -1096927.57 174.26 233.42
573.00 8.00 -1067985.87 -1112430.25 174.26 233.42
577.00 8.00 -1067985.87 -1139288.86 174.26 233.42
581.00 8.00 -1067985.87 -1113274.47 174.26 233.42
585.00 8.00 -1067985.87 -1128766.00 174.26 233.42
588.00 8.00 -1067985.87 -1133232.75 174.26 233.42
589.00 8.00 -1067985.87 -1135696.12 174.26 233.42
592.00 8.00 -1067985.87 -1135326.38 174.26 233.42
596.00 8.00 -1067985.87 -1135227.50 174.26 233.42
600.00 8.00 -1067985.87 -1129691.25 174.26 233.42
604.00 8.00 -1067985.87 -1122855.00 174.26 233.42
608.00 8.00 -1067985.87 -1127028.00 174.26 233.42
612.00 8.00 -1067985.87 -1125416.75 174.26 233.42
616.00 8.00 -1067985.87 -1150071.20 174.26 233.42
619.00 8.00 -1067985.87 -1136901.12 174.26 233.42
621.00 8.00 -1067985.87 -1153278.53 174.26 233.42
