2.00 0.00 -1232493.63 -1240977.99 0.00 0.00
5.00 0.00 -1232493.63 -1243665.83 0.00 0.00
9.00 1.00 -1231124.59 -1244005.18 233.39 233.42
13.00 1.00 -1231124.59 -1245926.13 233.39 233.42
17.00 3.00 -1221613.30 -1221613.30 221.24 233.42
21.00 3.00 -1221613.30 -1258162.26 221.24 233.42
25.00 3.00 -1221613.30 -1255007.32 221.24 233.42
29.00 3.00 -1221613.30 -1279907.49 221.24 233.42
30.00 3.00 -1221613.30 -1240181.98 221.24 233.42
31.00 3.00 -1221613.30 -1253697.21 221.24 233.42
35.00 3.00 -1221613.30 -1251963.50 221.24 233.42
39.00 3.00 -1221613.30 -1255775.00 221.24 233.42
43.00 3.00 -1221613.30 -1246904.12 221.24 233.42
47.00 3.00 -1221613.30 -1261397.12 221.24 233.42
51.00 3.00 -1221613.30 -1255710.88 221.24 233.42
32.00 3.00 -1221613.30 -1253814.00 221.24 233.42
55.00 4.00 -1204439.99 -1204439.99 200.88 233.42
58.00 5.00 -1204439.99 -1225490.00 200.88 233.42
61.00 5.00 -1204439.99 -1239638.00 200.88 233.42
62.00 5.00 -1204439.99 -1237027.38 200.88 233.42
66.00 5.00 -1204439.99 -1237846.75 200.88 233.42
69.00 5.00 -1204439.99 -1257986.63 200.88 233.42
73.00 6.00 -1204439.99 -1230561.88 200.88 233.42
77.00 6.00 -1204439.99 -1242569.00 200.88 233.42
81.00 7.00 -1204439.99 -1228896.88 200.88 233.42
85.00 8.00 -1204439.99 -1232290.50 200.88 233.42
89.00 9.00 -1204439.99 -1234379.12 200.88 233.42
92.00 9.00 -1204439.99 -1237564.12 200.88 233.42
94.00 9.00 -1204439.99 -1244341.21 200.88 233.42
97.00 10.00 -1204439.99 -1228944.75 200.88 233.42
100.00 10.00 -1204439.99 -1235085.50 200.88 233.42
104.00 11.00 -1204439.99 -1268136.69 200.88 233.42
108.00 13.00 -1204439.99 -1204439.99 200.88 233.42
112.00 13.00 -1204439.99 -1234729.67 200.88 233.42
116.00 13.00 -1204439.99 -1251639.42 200.88 233.42
120.00 13.00 -1204439.99 -1242420.62 200.88 233.42
123.00 13.00 -1204439.99 -1243623.88 200.88 233.42
124.00 13.00 -1204439.99 -1255054.56 200.88 233.42
128.00 13.00 -1204439.99 -1249324.25 200.88 233.42
131.00 13.00 -1204439.99 -1222790.28 200.88 233.42
135.00 13.00 -1204439.99 -1253509.00 200.88 233.42
139.00 14.00 -1204439.99 -1244354.52 200.88 233.42
143.00 14.00 -1204439.99 -1240317.25 200.88 233.42
147.00 14.00 -1204439.99 -1237764.75 200.88 233.42
151.00 14.00 -1204439.99 -1238397.50 200.88 233.42
154.00 15.00 -1204439.99 -1232641.25 200.88 233.42
155.00 15.00 -1204439.99 -1277548.43 200.88 233.42
158.00 16.00 -1204439.99 -1204439.99 200.88 233.42
162.00 18.00 -1204439.99 -1204439.99 200.88 233.42
166.00 18.00 -1204439.99 -1245766.25 200.88 233.42
170.00 18.00 -1204439.99 -1271730.33 200.88 233.42
174.00 20.00 -1204439.99 -1276652.68 200.88 233.42
178.00 20.00 -1204439.99 -1238274.50 200.88 233.42
182.00 21.00 -1204439.99 -1248013.15 200.88 233.42
185.00 21.00 -1204439.99 -1248675.75 200.88 233.42
187.00 21.00 -1204439.99 -1267689.99 200.88 233.42
189.00 22.00 -1204439.99 -1204439.99 200.88 233.42
193.00 22.00 -1204439.99 -1233000.88 200.88 233.42
197.00 22.00 -1204439.99 -1272299.87 200.88 233.42
200.00 22.00 -1204439.99 -1249401.50 200.88 233.42
204.00 23.00 -1204439.99 -1293729.86 200.88 233.42
208.00 24.00 -1204439.99 -1234268.25 200.88 233.42
212.00 25.00 -1204439.99 -1204439.99 200.88 233.42
216.00 25.00 -1204439.99 -1229059.00 200.88 233.42
217.00 25.00 -1204439.99 -1232708.62 200.88 233.42
221.00 26.00 -1204439.99 -1239180.50 200.88 233.42
224.00 26.00 -1204439.99 -1237098.62 200.88 233.42
228.00 26.00 -1204439.99 -1241944.75 200.88 233.42
232.00 26.00 -1204439.99 -1259908.20 200.88 233.42
236.00 27.00 -1204439.99 -1267516.99 200.88 233.42
240.00 27.00 -1204439.99 -1252500.75 200.88 233.42
244.00 27.00 -1204439.99 -1250210.00 200.88 233.42
247.00 27.00 -1204439.99 -1244766.87 200.88 233.42
248.00 27.00 -1204439.99 -1247994.12 200.88 233.42
251.00 27.00 -1204439.99 -1258463.01 200.88 233.42
255.00 27.00 -1204439.99 -1249370.12 200.88 233.42
259.00 27.00 -1204439.99 -1251334.75 200.88 233.42
263.00 27.00 -1204439.99 -1237619.00 200.88 233.42
267.00 27.00 -1204439.99 -1271514.89 200.88 233.42
271.00 27.00 -1204439.99 -1253353.00 200.88 233.42
275.00 27.00 -1204439.99 -1252165.00 200.88 233.42
278.00 28.00 -1204439.99 -1204439.99 200.88 233.42
279.00 28.00 -1204439.99 -1269890.87 200.88 233.42
283.00 28.00 -1204439.99 -1231743.62 200.88 233.42
287.00 30.00 -1204439.99 -1217225.38 200.88 233.42
290.00 30.00 -1204439.99 -1220373.25 200.88 233.42
291.00 30.00 -1204439.99 -1221857.62 200.88 233.42
294.00 31.00 -1204439.99 -1218937.00 200.88 233.42
298.00 31.00 -1204439.99 -1224378.75 200.88 233.42
302.00 33.00 -1204439.99 -1218409.00 200.88 233.42
306.00 34.00 -1204439.99 -1204439.99 200.88 233.42
309.00 36.00 -1197062.69 -1197062.69 192.72 233.42
310.00 36.00 -1197062.69 -1214045.00 192.72 233.42
313.00 37.00 -1197062.69 -1197062.69 192.72 233.42
317.00 37.00 -1197062.69 -1235637.50 192.72 233.42
321.00 37.00 -1197062.69 -1243581.38 192.72 233.42
325.00 39.00 -1197062.69 -1197062.69 192.72 233.42
329.00 39.00 -1197062.69 -1282826.64 192.72 233.42
333.00 40.00 -1197062.69 -1252635.85 192.72 233.42
337.00 41.00 -1197062.69 -1230612.88 192.72 233.42
340.00 42.00 -1197062.69 -1197062.69 192.72 233.42
341.00 42.00 -1197062.69 -1231515.25 192.72 233.42
345.00 42.00 -1197062.69 -1231903.75 192.72 233.42
348.00 42.00 -1197062.69 -1245418.88 192.72 233.42
352.00 44.00 -1197062.69 -1258545.23 192.72 233.42
356.00 44.00 -1197062.69 -1275076.47 192.72 233.42
360.00 44.00 -1197062.69 -1246056.38 192.72 233.42
364.00 44.00 -1197062.69 -1249441.25 192.72 233.42
368.00 46.00 -1197062.69 -1231499.75 192.72 233.42
371.00 46.00 -1197062.69 -1224886.62 192.72 233.42
372.00 46.00 -1197062.69 -1221884.38 192.72 233.42
375.00 46.00 -1197062.69 -1269949.78 192.72 233.42
379.00 46.00 -1197062.69 -1265936.51 192.72 233.42
383.00 46.00 -1197062.69 -1252969.25 192.72 233.42
387.00 48.00 -1197062.69 -1229870.09 192.72 233.42
391.00 50.00 -1197062.69 -1197062.69 192.72 233.42
395.00 50.00 -1197062.69 -1227468.00 192.72 233.42
399.00 50.00 -1197062.69 -1234739.00 192.72 233.42
402.00 50.00 -1197062.69 -1280983.71 192.72 233.42
404.00 50.00 -1197062.69 -1213464.40 192.72 233.42
407.00 50.00 -1197062.69 -1243082.00 192.72 233.42
411.00 52.00 -1191269.34 -1228212.50 186.55 233.42
415.00 52.00 -1191269.34 -1248015.75 186.55 233.42
419.00 54.00 -1191269.34 -1220866.50 186.55 233.42
423.00 54.00 -1191269.34 -1256350.53 186.55 233.42
427.00 54.00 -1191269.34 -1234764.25 186.55 233.42
431.00 54.00 -1191269.34 -1237376.50 186.55 233.42
433.00 55.00 -1191269.34 -1230434.25 186.55 233.42
435.00 56.00 -1191269.34 -1191269.34 186.55 233.42
438.00 57.00 -1191269.34 -1271942.08 186.55 233.42
441.00 58.00 -1191269.34 -1266197.75 186.55 233.42
445.00 59.00 -1191269.34 -1191269.34 186.55 233.42
449.00 60.00 -1191269.34 -1218693.25 186.55 233.42
453.00 62.00 -1191269.34 -1191269.34 186.55 233.42
457.00 62.00 -1191269.34 -1214552.00 186.55 233.42
461.00 64.00 -1191269.34 -1191269.34 186.55 233.42
464.00 66.00 -1191269.34 -1191269.34 186.55 233.42
465.00 66.00 -1191269.34 -1209576.25 186.55 233.42
469.00 66.00 -1191269.34 -1221674.75 186.55 233.42
472.00 66.00 -1191269.34 -1227585.00 186.55 233.42
476.00 66.00 -1191269.34 -1253162.01 186.55 233.42
480.00 66.00 -1191269.34 -1240304.80 186.55 233.42
484.00 66.00 -1191269.34 -1263363.24 186.55 233.42
488.00 66.00 -1191269.34 -1282890.37 186.55 233.42
492.00 68.00 -1191269.34 -1222349.25 186.55 233.42
495.00 68.00 -1191269.34 -1221091.75 186.55 233.42
496.00 68.00 -1191269.34 -1253510.22 186.55 233.42
499.00 69.00 -1191269.34 -1191269.34 186.55 233.42
503.00 71.00 -1152135.13 -1204940.74 149.71 233.42
507.00 72.00 -1152135.13 -1202008.00 149.71 233.42
511.00 72.00 -1152135.13 -1194559.75 149.71 233.42
515.00 72.00 -1152135.13 -1201544.00 149.71 233.42
519.00 73.00 -1152135.13 -1152135.13 149.71 233.42
523.00 74.00 -1152135.13 -1195979.25 149.71 233.42
526.00 74.00 -1152135.13 -1198301.00 149.71 233.42
527.00 74.00 -1152135.13 -1271283.43 149.71 233.42
531.00 74.00 -1152135.13 -1232768.12 149.71 233.42
535.00 74.00 -1152135.13 -1235181.38 149.71 233.42
539.00 74.00 -1152135.13 -1237660.12 149.71 233.42
546.00 74.00 -1152135.13 -1297374.83 149.71 233.42
550.00 74.00 -1152135.13 -1262457.00 149.71 233.42
554.00 74.00 -1152135.13 -1255894.25 149.71 233.42
543.00 74.00 -1152135.13 -1255553.00 149.71 233.42
557.00 75.00 -1152135.13 -1152135.13 149.71 233.42
559.00 75.00 -1152135.13 -1223323.92 149.71 233.42
560.00 75.00 -1152135.13 -1229114.89 149.71 233.42
563.00 75.00 -1152135.13 -1237678.75 149.71 233.42
567.00 75.00 -1152135.13 -1265872.09 149.71 233.42
571.00 75.00 -1152135.13 -1240974.38 149.71 233.42
575.00 76.00 -1152135.13 -1225229.62 149.71 233.42
579.00 76.00 -1152135.13 -1217675.38 149.71 233.42
583.00 76.00 -1152135.13 -1218554.00 149.71 233.42
587.00 79.00 -1152135.13 -1152135.13 149.71 233.42
588.00 79.00 -1152135.13 -1205173.25 149.71 233.42
589.00 80.00 -1152135.13 -1152135.13 149.71 233.42
593.00 80.00 -1152135.13 -1196384.38 149.71 233.42
597.00 80.00 -1152135.13 -1208816.75 149.71 233.42
600.00 80.00 -1152135.13 -1251919.31 149.71 233.42
604.00 80.00 -1152135.13 -1239657.50 149.71 233.42
608.00 80.00 -1152135.13 -1238784.75 149.71 233.42
612.00 80.00 -1152135.13 -1252963.62 149.71 233.42
616.00 80.00 -1152135.13 -1245065.25 149.71 233.42
619.00 80.00 -1152135.13 -1242703.00 149.71 233.42
621.00 80.00 -1152135.13 -1211164.69 149.71 233.42
