1.00 1.00 -1010091.86 -1034900.58 233.64 233.42
5.00 1.00 -1010091.86 -1021671.25 233.64 233.42
9.00 2.00 -998020.35 -1010304.12 215.09 233.42
13.00 3.00 -963984.79 -1030168.88 170.35 233.42
17.00 3.00 -963984.79 -1018148.42 170.35 233.42
21.00 3.00 -963984.79 -1013948.08 170.35 233.42
25.00 3.00 -963984.79 -1031382.19 170.35 233.42
29.00 3.00 -963984.79 -1026531.97 170.35 233.42
30.00 3.00 -963984.79 -1044510.46 170.35 233.42
31.00 3.00 -963984.79 -1027263.15 170.35 233.42
35.00 3.00 -963984.79 -1015667.95 170.35 233.42
39.00 3.00 -963984.79 -1008888.80 170.35 233.42
43.00 3.00 -963984.79 -1021864.44 170.35 233.42
32.00 3.00 -963984.79 -1028058.56 170.35 233.42
47.00 3.00 -963984.79 -1034249.90 170.35 233.42
51.00 3.00 -963984.79 -1025285.25 170.35 233.42
54.00 3.00 -963984.79 -1007841.61 170.35 233.42
58.00 3.00 -963984.79 -1027516.75 170.35 233.42
61.00 3.00 -963984.79 -1030606.50 170.35 233.42
62.00 3.00 -963984.79 -1028694.12 170.35 233.42
65.00 3.00 -963984.79 -1027504.00 170.35 233.42
69.00 3.00 -963984.79 -1018987.25 170.35 233.42
73.00 3.00 -963984.79 -1023139.62 170.35 233.42
77.00 3.00 -963984.79 -1018318.40 170.35 233.42
81.00 3.00 -963984.79 -1023579.62 170.35 233.42
85.00 3.00 -963984.79 -1012421.24 170.35 233.42
89.00 3.00 -963984.79 -1017653.31 170.35 233.42
92.00 3.00 -963984.79 -999334.83 170.35 233.42
93.00 3.00 -963984.79 -1016648.75 170.35 233.42
97.00 3.00 -963984.79 -1012621.62 170.35 233.42
101.00 3.00 -963984.79 -1013001.25 170.35 233.42
104.00 3.00 -963984.79 -1012062.25 170.35 233.42
108.00 3.00 -963984.79 -1030535.79 170.35 233.42
112.00 3.00 -963984.79 -1017490.62 170.35 233.42
116.00 3.00 -963984.79 -1019280.00 170.35 233.42
120.00 3.00 -963984.79 -1055650.27 170.35 233.42
123.00 3.00 -963984.79 -1032558.59 170.35 233.42
125.00 3.00 -963984.79 -1037230.83 170.35 233.42
128.00 3.00 -963984.79 -1027928.51 170.35 233.42
132.00 3.00 -963984.79 -1025764.62 170.35 233.42
136.00 3.00 -963984.79 -1009227.09 170.35 233.42
140.00 3.00 -963984.79 -1023594.94 170.35 233.42
144.00 3.00 -963984.79 -1014396.15 170.35 233.42
147.00 3.00 -963984.79 -1019303.88 170.35 233.42
151.00 3.00 -963984.79 -1006731.88 170.35 233.42
154.00 3.00 -963984.79 -1014762.62 170.35 233.42
156.00 3.00 -963984.79 -1029083.48 170.35 233.42
159.00 3.00 -963984.79 -1014834.62 170.35 233.42
162.00 3.00 -963984.79 -1011251.44 170.35 233.42
166.00 3.00 -963984.79 -1028795.62 170.35 233.42
170.00 3.00 -963984.79 -1046982.09 170.35 233.42
174.00 3.00 -963984.79 -997506.94 170.35 233.42
178.00 3.00 -963984.79 -1018906.85 170.35 233.42
182.00 3.00 -963984.79 -1050234.35 170.35 233.42
185.00 3.00 -963984.79 -1035326.88 170.35 233.42
186.00 3.00 -963984.79 -1032474.06 170.35 233.42
190.00 3.00 -963984.79 -1054744.64 170.35 233.42
193.00 3.00 -963984.79 -1032222.94 170.35 233.42
197.00 3.00 -963984.79 -1027210.50 170.35 233.42
201.00 3.00 -963984.79 -1020332.19 170.35 233.42
205.00 3.00 -963984.79 -1023537.25 170.35 233.42
209.00 3.00 -963984.79 -1015642.50 170.35 233.42
213.00 3.00 -963984.79 -1019437.88 170.35 233.42
216.00 3.00 -963984.79 -1019588.35 170.35 233.42
217.00 3.00 -963984.79 -1042561.02 170.35 233.42
221.00 3.00 -963984.79 -1026087.50 170.35 233.42
225.00 3.00 -963984.79 -1028825.74 170.35 233.42
229.00 3.00 -963984.79 -1027352.19 170.35 233.42
233.00 3.00 -963984.79 -1033075.99 170.35 233.42
236.00 3.00 -963984.79 -983142.04 170.35 233.42
240.00 3.00 -963984.79 -1026063.94 170.35 233.42
244.00 3.00 -963984.79 -1025506.88 170.35 233.42
247.00 3.00 -963984.79 -1043229.50 170.35 233.42
249.00 3.00 -963984.79 -1029327.12 170.35 233.42
252.00 3.00 -963984.79 -1026516.03 170.35 233.42
256.00 3.00 -963984.79 -1031695.06 170.35 233.42
260.00 3.00 -963984.79 -1034227.38 170.35 233.42
264.00 3.00 -963984.79 -1034677.88 170.35 233.42
268.00 3.00 -963984.79 -1034693.88 170.35 233.42
272.00 3.00 -963984.79 -1032944.12 170.35 233.42
276.00 3.00 -963984.79 -1031434.00 170.35 233.42
278.00 3.00 -963984.79 -1030212.00 170.35 233.42
280.00 3.00 -963984.79 -1042990.34 170.35 233.42
283.00 3.00 -963984.79 -1021514.12 170.35 233.42
287.00 3.00 -963984.79 -1013568.50 170.35 233.42
291.00 3.00 -963984.79 -1019689.19 170.35 233.42
295.00 3.00 -963984.79 -1042160.72 170.35 233.42
299.00 3.00 -963984.79 -1038245.50 170.35 233.42
303.00 3.00 -963984.79 -1014313.75 170.35 233.42
307.00 3.00 -963984.79 -1016992.75 170.35 233.42
309.00 3.00 -963984.79 -1014220.37 170.35 233.42
310.00 3.00 -963984.79 -1025868.43 170.35 233.42
314.00 3.00 -963984.79 -1024500.38 170.35 233.42
317.00 3.00 -963984.79 -1032434.00 170.35 233.42
321.00 3.00 -963984.79 -1010421.82 170.35 233.42
325.00 3.00 -963984.79 -1019820.62 170.35 233.42
329.00 3.00 -963984.79 -1020473.50 170.35 233.42
333.00 3.00 -963984.79 -1019053.62 170.35 233.42
337.00 3.00 -963984.79 -1014532.17 170.35 233.42
340.00 3.00 -963984.79 -1017432.00 170.35 233.42
342.00 3.00 -963984.79 -1011100.04 170.35 233.42
344.00 3.00 -963984.79 -1038840.43 170.35 233.42
348.00 3.00 -963984.79 -1030370.50 170.35 233.42
352.00 3.00 -963984.79 -1025648.25 170.35 233.42
356.00 3.00 -963984.79 -1026514.50 170.35 233.42
359.00 3.00 -963984.79 -1021877.21 170.35 233.42
363.00 3.00 -963984.79 -1020961.88 170.35 233.42
367.00 3.00 -963984.79 -1019587.75 170.35 233.42
371.00 3.00 -963984.79 -1040901.22 170.35 233.42
373.00 3.00 -963984.79 -1032879.22 170.35 233.42
376.00 3.00 -963984.79 -1039181.08 170.35 233.42
380.00 3.00 -963984.79 -1026863.50 170.35 233.42
384.00 3.00 -963984.79 -1027396.00 170.35 233.42
388.00 3.00 -963984.79 -1006577.14 170.35 233.42
392.00 3.00 -963984.79 -1016919.94 170.35 233.42
396.00 3.00 -963984.79 -1005104.50 170.35 233.42
400.00 3.00 -963984.79 -1013129.56 170.35 233.42
402.00 3.00 -963984.79 -1012581.06 170.35 233.42
403.00 3.00 -963984.79 -1028103.78 170.35 233.42
407.00 3.00 -963984.79 -1026532.62 170.35 233.42
411.00 3.00 -963984.79 -1026445.31 170.35 233.42
414.00 3.00 -963984.79 -1027621.12 170.35 233.42
415.00 3.00 -963984.79 -1027564.06 170.35 233.42
418.00 3.00 -963984.79 -994115.74 170.35 233.42
422.00 3.00 -963984.79 -1026453.66 170.35 233.42
426.00 3.00 -963984.79 -1028863.50 170.35 233.42
430.00 3.00 -963984.79 -1001798.62 170.35 233.42
433.00 3.00 -963984.79 -1021873.12 170.35 233.42
434.00 3.00 -963984.79 -1020188.27 170.35 233.42
437.00 3.00 -963984.79 -1009603.85 170.35 233.42
441.00 3.00 -963984.79 -1014631.38 170.35 233.42
445.00 3.00 -963984.79 -1024997.75 170.35 233.42
449.00 3.00 -963984.79 -1032668.87 170.35 233.42
453.00 3.00 -963984.79 -1017881.19 170.35 233.42
457.00 3.00 -963984.79 -1051752.33 170.35 233.42
461.00 3.00 -963984.79 -1025529.50 170.35 233.42
464.00 3.00 -963984.79 -1028725.06 170.35 233.42
465.00 3.00 -963984.79 -1039432.20 170.35 233.42
468.00 3.00 -963984.79 -1032418.43 170.35 233.42
472.00 3.00 -963984.79 -1021252.06 170.35 233.42
476.00 3.00 -963984.79 -1020395.88 170.35 233.42
480.00 3.00 -963984.79 -1019605.88 170.35 233.42
484.00 3.00 -963984.79 -1040422.66 170.35 233.42
488.00 3.00 -963984.79 -1026684.00 170.35 233.42
492.00 3.00 -963984.79 -1027190.25 170.35 233.42
495.00 3.00 -963984.79 -1018827.44 170.35 233.42
496.00 3.00 -963984.79 -1016206.75 170.35 233.42
500.00 3.00 -963984.79 -1010300.25 170.35 233.42
504.00 3.00 -963984.79 -1010654.75 170.35 233.42
508.00 3.00 -963984.79 -1011138.88 170.35 233.42
511.00 3.00 -963984.79 -1010844.12 170.35 233.42
515.00 3.00 -963984.79 -1016498.25 170.35 233.42
519.00 3.00 -963984.79 -1011800.25 170.35 233.42
523.00 3.00 -963984.79 -1002620.69 170.35 233.42
526.00 3.00 -963984.79 -1028023.57 170.35 233.42
527.00 3.00 -963984.79 -1015902.35 170.35 233.42
531.00 3.00 -963984.79 -1024424.94 170.35 233.42
534.00 3.00 -963984.79 -1039618.95 170.35 233.42
538.00 3.00 -963984.79 -1037034.88 170.35 233.42
542.00 3.00 -963984.79 -1034391.53 170.35 233.42
546.00 3.00 -963984.79 -1027091.75 170.35 233.42
550.00 3.00 -963984.79 -1029366.75 170.35 233.42
554.00 3.00 -963984.79 -1027195.88 170.35 233.42
557.00 3.00 -963984.79 -1028666.12 170.35 233.42
558.00 3.00 -963984.79 -1028076.70 170.35 233.42
562.00 3.00 -963984.79 -1023707.25 170.35 233.42
565.00 3.00 -963984.79 -1020501.31 170.35 233.42
569.00 3.00 -963984.79 -1026656.69 170.35 233.42
573.00 3.00 -963984.79 -1019524.38 170.35 233.42
577.00 3.00 -963984.79 -1021707.25 170.35 233.42
581.00 3.00 -963984.79 -1017753.00 170.35 233.42
585.00 3.00 -963984.79 -1005530.26 170.35 233.42
588.00 3.00 -963984.79 -1005024.80 170.35 233.42
590.00 3.00 -963984.79 -1037486.68 170.35 233.42
598.00 3.00 -963984.79 -1016440.75 170.35 233.42
601.00 3.00 -963984.79 -1042066.98 170.35 233.42
602.00 3.00 -963984.79 -1033618.62 170.35 233.42
605.00 4.00 -926174.62 -1013666.62 131.47 233.42
609.00 4.00 -926174.62 -1019820.62 131.47 233.42
613.00 4.00 -926174.62 -1025221.50 131.47 233.42
617.00 4.00 -926174.62 -1019282.12 131.47 233.42
594.00 3.00 -963984.79 -1019969.12 170.35 233.42
619.00 4.00 -926174.62 -1024287.56 131.47 233.42
620.00 4.00 -926174.62 -1029835.73 131.47 233.42
623.00 4.00 -926174.62 -1030074.94 131.47 233.42
