2.00 0.00 -1658813.42 -1723156.37 0.00 0.00
5.00 1.00 -1639401.82 -1683500.03 216.87 233.42
6.00 1.00 -1639401.82 -1657519.28 216.87 233.42
9.00 1.00 -1639401.82 -1715080.87 216.87 233.42
13.00 2.00 -1585198.82 -1701991.64 172.94 233.42
17.00 2.00 -1585198.82 -1702461.31 172.94 233.42
21.00 2.00 -1585198.82 -1741514.07 172.94 233.42
25.00 2.00 -1585198.82 -1680282.98 172.94 233.42
29.00 2.00 -1585198.82 -1690453.62 172.94 233.42
30.00 2.00 -1585198.82 -1634940.45 172.94 233.42
31.00 2.00 -1585198.82 -1684135.57 172.94 233.42
35.00 2.00 -1585198.82 -1673712.50 172.94 233.42
39.00 2.00 -1585198.82 -1668179.50 172.94 233.42
43.00 2.00 -1585198.82 -1660029.75 172.94 233.42
47.00 2.00 -1585198.82 -1698204.82 172.94 233.42
51.00 2.00 -1585198.82 -1672755.77 172.94 233.42
32.00 2.00 -1585198.82 -1674472.75 172.94 233.42
55.00 2.00 -1585198.82 -1671037.00 172.94 233.42
58.00 2.00 -1585198.82 -1675045.43 172.94 233.42
61.00 2.00 -1585198.82 -1674756.98 172.94 233.42
62.00 2.00 -1585198.82 -1755594.34 172.94 233.42
66.00 2.00 -1585198.82 -1685998.75 172.94 233.42
69.00 2.00 -1585198.82 -1694349.88 172.94 233.42
73.00 2.00 -1585198.82 -1680127.88 172.94 233.42
77.00 2.00 -1585198.82 -1706522.98 172.94 233.42
81.00 2.00 -1585198.82 -1654893.75 172.94 233.42
85.00 2.00 -1585198.82 -1669079.12 172.94 233.42
89.00 2.00 -1585198.82 -1700204.58 172.94 233.42
92.00 2.00 -1585198.82 -1658905.39 172.94 233.42
93.00 2.00 -1585198.82 -1744601.05 172.94 233.42
97.00 2.00 -1585198.82 -1685061.75 172.94 233.42
100.00 2.00 -1585198.82 -1663633.25 172.94 233.42
104.00 2.00 -1585198.82 -1677950.75 172.94 233.42
108.00 2.00 -1585198.82 -1665198.88 172.94 233.42
112.00 2.00 -1585198.82 -1669413.25 172.94 233.42
116.00 2.00 -1585198.82 -1647894.54 172.94 233.42
120.00 2.00 -1585198.82 -1680610.09 172.94 233.42
123.00 2.00 -1585198.82 -1683800.50 172.94 233.42
125.00 3.00 -1571764.14 -1571764.14 163.51 233.42
127.00 3.00 -1571764.14 -1726064.33 163.51 233.42
131.00 3.00 -1571764.14 -1681646.00 163.51 233.42
135.00 3.00 -1571764.14 -1682831.12 163.51 233.42
139.00 3.00 -1571764.14 -1659648.48 163.51 233.42
143.00 3.00 -1571764.14 -1678543.25 163.51 233.42
146.00 3.00 -1571764.14 -1681008.88 163.51 233.42
150.00 3.00 -1571764.14 -1676903.25 163.51 233.42
154.00 3.00 -1571764.14 -1672225.75 163.51 233.42
155.00 3.00 -1571764.14 -1719959.24 163.51 233.42
158.00 3.00 -1571764.14 -1693705.62 163.51 233.42
162.00 3.00 -1571764.14 -1666117.76 163.51 233.42
166.00 3.00 -1571764.14 -1679888.25 163.51 233.42
170.00 3.00 -1571764.14 -1674804.00 163.51 233.42
174.00 3.00 -1571764.14 -1724280.82 163.51 233.42
178.00 3.00 -1571764.14 -1675555.72 163.51 233.42
182.00 3.00 -1571764.14 -1682928.12 163.51 233.42
185.00 3.00 -1571764.14 -1679804.62 163.51 233.42
186.00 3.00 -1571764.14 -1660226.99 163.51 233.42
190.00 3.00 -1571764.14 -1640495.14 163.51 233.42
193.00 3.00 -1571764.14 -1674215.50 163.51 233.42
197.00 3.00 -1571764.14 -1707504.11 163.51 233.42
201.00 3.00 -1571764.14 -1684433.75 163.51 233.42
205.00 3.00 -1571764.14 -1675697.00 163.51 233.42
209.00 3.00 -1571764.14 -1635374.61 163.51 233.42
213.00 3.00 -1571764.14 -1668364.12 163.51 233.42
216.00 3.00 -1571764.14 -1671954.00 163.51 233.42
218.00 3.00 -1571764.14 -1709054.22 163.51 233.42
222.00 3.00 -1571764.14 -1676393.19 163.51 233.42
224.00 3.00 -1571764.14 -1676590.25 163.51 233.42
228.00 3.00 -1571764.14 -1708508.34 163.51 233.42
232.00 3.00 -1571764.14 -1671095.62 163.51 233.42
236.00 3.00 -1571764.14 -1681048.50 163.51 233.42
240.00 3.00 -1571764.14 -1682424.62 163.51 233.42
244.00 3.00 -1571764.14 -1682336.75 163.51 233.42
247.00 3.00 -1571764.14 -1695315.04 163.51 233.42
248.00 3.00 -1571764.14 -1687309.38 163.51 233.42
251.00 3.00 -1571764.14 -1678408.50 163.51 233.42
255.00 3.00 -1571764.14 -1680457.50 163.51 233.42
259.00 3.00 -1571764.14 -1682962.50 163.51 233.42
263.00 3.00 -1571764.14 -1684146.88 163.51 233.42
267.00 3.00 -1571764.14 -1765015.18 163.51 233.42
271.00 3.00 -1571764.14 -1685186.00 163.51 233.42
275.00 3.00 -1571764.14 -1691806.25 163.51 233.42
278.00 3.00 -1571764.14 -1685865.25 163.51 233.42
279.00 3.00 -1571764.14 -1684186.50 163.51 233.42
283.00 3.00 -1571764.14 -1672012.75 163.51 233.42
287.00 3.00 -1571764.14 -1633819.88 163.51 233.42
290.00 3.00 -1571764.14 -1629514.02 163.51 233.42
294.00 3.00 -1571764.14 -1654794.50 163.51 233.42
298.00 3.00 -1571764.14 -1655994.50 163.51 233.42
302.00 3.00 -1571764.14 -1647742.82 163.51 233.42
306.00 3.00 -1571764.14 -1654905.25 163.51 233.42
309.00 3.00 -1571764.14 -1706158.58 163.51 233.42
310.00 3.00 -1571764.14 -1664681.62 163.51 233.42
314.00 3.00 -1571764.14 -1691264.00 163.51 233.42
317.00 3.00 -1571764.14 -1696689.50 163.51 233.42
321.00 3.00 -1571764.14 -1684818.12 163.51 233.42
325.00 3.00 -1571764.14 -1691531.00 163.51 233.42
329.00 3.00 -1571764.14 -1695527.25 163.51 233.42
333.00 3.00 -1571764.14 -1671695.69 163.51 233.42
337.00 3.00 -1571764.14 -1671238.31 163.51 233.42
340.00 3.00 -1571764.14 -1728271.74 163.51 233.42
341.00 3.00 -1571764.14 -1712842.30 163.51 233.42
344.00 3.00 -1571764.14 -1686348.75 163.51 233.42
348.00 3.00 -1571764.14 -1688293.12 163.51 233.42
352.00 3.00 -1571764.14 -1669200.88 163.51 233.42
356.00 3.00 -1571764.14 -1676619.75 163.51 233.42
360.00 3.00 -1571764.14 -1679766.43 163.51 233.42
364.00 3.00 -1571764.14 -1688252.20 163.51 233.42
368.00 3.00 -1571764.14 -1685853.00 163.51 233.42
371.00 3.00 -1571764.14 -1684765.62 163.51 233.42
372.00 3.00 -1571764.14 -1685887.00 163.51 233.42
376.00 3.00 -1571764.14 -1674997.75 163.51 233.42
380.00 3.00 -1571764.14 -1673491.25 163.51 233.42
383.00 3.00 -1571764.14 -1725575.58 163.51 233.42
387.00 3.00 -1571764.14 -1653159.00 163.51 233.42
391.00 3.00 -1571764.14 -1654320.00 163.51 233.42
395.00 3.00 -1571764.14 -1650334.25 163.51 233.42
399.00 3.00 -1571764.14 -1662259.13 163.51 233.42
402.00 3.00 -1571764.14 -1658381.25 163.51 233.42
403.00 3.00 -1571764.14 -1653196.50 163.51 233.42
407.00 3.00 -1571764.14 -1693608.88 163.51 233.42
410.00 3.00 -1571764.14 -1696535.75 163.51 233.42
414.00 3.00 -1571764.14 -1652377.39 163.51 233.42
418.00 3.00 -1571764.14 -1635769.96 163.51 233.42
422.00 3.00 -1571764.14 -1657231.67 163.51 233.42
426.00 3.00 -1571764.14 -1675730.25 163.51 233.42
430.00 3.00 -1571764.14 -1682660.75 163.51 233.42
433.00 3.00 -1571764.14 -1659354.00 163.51 233.42
435.00 3.00 -1571764.14 -1659753.58 163.51 233.42
441.00 3.00 -1571764.14 -1670947.09 163.51 233.42
445.00 3.00 -1571764.14 -1673487.00 163.51 233.42
449.00 3.00 -1571764.14 -1676720.50 163.51 233.42
453.00 3.00 -1571764.14 -1678080.00 163.51 233.42
457.00 3.00 -1571764.14 -1676871.12 163.51 233.42
461.00 3.00 -1571764.14 -1707107.21 163.51 233.42
438.00 3.00 -1571764.14 -1683198.05 163.51 233.42
464.00 3.00 -1571764.14 -1670771.00 163.51 233.42
465.00 3.00 -1571764.14 -1667217.25 163.51 233.42
469.00 3.00 -1571764.14 -1672256.00 163.51 233.42
472.00 3.00 -1571764.14 -1667481.78 163.51 233.42
476.00 3.00 -1571764.14 -1662526.00 163.51 233.42
480.00 3.00 -1571764.14 -1664449.62 163.51 233.42
484.00 3.00 -1571764.14 -1661892.50 163.51 233.42
488.00 3.00 -1571764.14 -1679021.36 163.51 233.42
492.00 3.00 -1571764.14 -1666327.61 163.51 233.42
495.00 3.00 -1571764.14 -1673498.50 163.51 233.42
497.00 3.00 -1571764.14 -1686576.04 163.51 233.42
498.00 3.00 -1571764.14 -1722526.23 163.51 233.42
501.00 3.00 -1571764.14 -1672768.88 163.51 233.42
505.00 3.00 -1571764.14 -1645572.42 163.51 233.42
509.00 3.00 -1571764.14 -1670847.12 163.51 233.42
513.00 3.00 -1571764.14 -1721457.24 163.51 233.42
517.00 3.00 -1571764.14 -1682399.03 163.51 233.42
521.00 3.00 -1571764.14 -1657488.00 163.51 233.42
525.00 3.00 -1571764.14 -1657653.50 163.51 233.42
526.00 3.00 -1571764.14 -1660131.25 163.51 233.42
527.00 3.00 -1571764.14 -1653524.00 163.51 233.42
530.00 3.00 -1571764.14 -1693079.30 163.51 233.42
534.00 3.00 -1571764.14 -1690972.50 163.51 233.42
538.00 3.00 -1571764.14 -1699204.75 163.51 233.42
542.00 3.00 -1571764.14 -1690517.00 163.51 233.42
546.00 3.00 -1571764.14 -1690569.25 163.51 233.42
550.00 3.00 -1571764.14 -1678146.19 163.51 233.42
554.00 3.00 -1571764.14 -1688414.50 163.51 233.42
557.00 3.00 -1571764.14 -1686862.75 163.51 233.42
558.00 3.00 -1571764.14 -1686279.50 163.51 233.42
562.00 3.00 -1571764.14 -1680248.50 163.51 233.42
566.00 3.00 -1571764.14 -1676879.00 163.51 233.42
569.00 3.00 -1571764.14 -1679170.50 163.51 233.42
573.00 3.00 -1571764.14 -1662869.88 163.51 233.42
577.00 3.00 -1571764.14 -1682198.38 163.51 233.42
581.00 3.00 -1571764.14 -1739227.15 163.51 233.42
585.00 3.00 -1571764.14 -1693520.25 163.51 233.42
588.00 3.00 -1571764.14 -1694989.00 163.51 233.42
589.00 3.00 -1571764.14 -1691707.25 163.51 233.42
593.00 3.00 -1571764.14 -1680221.88 163.51 233.42
597.00 3.00 -1571764.14 -1684171.50 163.51 233.42
600.00 3.00 -1571764.14 -1707388.70 163.51 233.42
604.00 3.00 -1571764.14 -1701671.78 163.51 233.42
608.00 3.00 -1571764.14 -1658289.75 163.51 233.42
612.00 3.00 -1571764.14 -1669253.25 163.51 233.42
616.00 3.00 -1571764.14 -1708223.25 163.51 233.42
619.00 3.00 -1571764.14 -1687242.25 163.51 233.42
620.00 3.00 -1571764.14 -1658358.69 163.51 233.42
