31.00
0.20
9414.67
2.0000 8.0000 5000.0000 148.8506 3.4584 222.1123 30.4911 94.4500 0.0000 0.0000 24.2049 0.0544 120343.7888
93.00
0.00
8474.07
2.0000 8.0000 5000.0000 106.1000 20.3458 48.2432 24.0225 94.4400 7.9200 0.0000 16.0378 0.0530 nan
2.0000 8.0000 5000.0000 106.1827 30.9081 9.2371 40.7235 94.9600 6.3200 0.0000 16.1230 0.0470 109978.1650
31.00
0.60
4161.44
2.0000 8.0000 5000.0000 104.8817 11.8717 5.5158 8.6982 0.0000 0.0000 0.0000 12.2641 0.0528 109059.0427
18.00
0.60
13858.26
2.0000 8.0000 3000.0000 185.6932 54.4580 249.7835 100.3803 94.7700 4.6900 0.0000 38.8529 0.0715 12791.0619
12.00
0.40
4299.86
2.0000 8.0000 1000.0000 127.6272 46.6323 68.7709 21.7237 94.9400 9.4000 0.0000 65.2875 0.0729 9917.5755 
