0.00000 0.00000
-22808.98280 -22134.17580
-21585.55850 -21847.01950
-23357.72360 -21987.83200
-22731.02520 -22097.08400
-22194.59170 -22062.85160
-22134.23760 -22211.46290
-22566.12360 -22146.78910
-21834.55830 -21875.39650
-22053.74490 -21992.68160
-22949.37780 -22127.52730
-22379.22910 -22212.67970
-22458.89680 -22155.59960
-22463.13010 -22307.41800
-22058.62850 -21975.79300
-22112.15560 -21997.75780
-21768.97700 -21926.56250
-22688.61630 -22358.63280
-22108.34810 -22239.39260
-22506.76690 -22544.44730
-22724.14090 -22213.61520
-22048.57580 -22074.53120
-22346.21500 -22422.98050
-22711.51180 -22249.91600
-22457.52870 -22415.73050
-21292.20430 -22167.37890
-21279.93060 -22235.50390
-22458.77060 -22387.87500
-22233.80600 -22071.78120
-21900.06080 -22190.76370
-22977.05580 -22482.16410
-22789.03100 -22276.44340
-21910.81200 -22228.60550
-21470.87170 -22055.67380
-22694.64190 -22185.85740
-22225.61000 -22282.74220
-21670.88460 -22406.15620
-20441.43150 -22043.15040
-20526.41840 -21853.41800
-21336.02240 -22068.29300
-22162.84610 -22263.06250
-21605.35160 -21833.92970
-22590.96720 -22436.17380
-21478.47040 -21776.79690
-21555.95170 -22202.73830
-22078.43590 -22205.09570
-21966.45690 -21915.38480
-21571.39080 -22180.71680
-21567.09650 -22152.20310
-21948.08950 -21965.10740
-22871.83740 -21925.37890
-21652.36670 -22138.00200
-21276.06670 -21955.84570
-22777.98270 -21863.86130
-21148.38200 -21764.13870
-21658.23200 -21963.54490
-22000.54750 -21837.20310
-21635.27240 -22274.85940
-21130.53840 -22039.96090
-21057.92980 -22141.08980
-21240.07780 -22090.89260
-21447.27630 -21846.39450
-21349.65810 -22004.25780
-21610.04080 -22045.78120
-21492.52140 -21807.48630
-20812.58650 -21613.92190
-21486.81310 -22075.08980
-22604.17190 -22169.92190
-21471.15420 -21903.48830
-20767.74900 -21985.27730
-21929.82770 -22246.82230
-22410.94490 -21901.52340
-21232.90220 -21998.94340
-21460.38320 -21796.87110
-22842.86030 -22115.59380
-21340.70570 -22075.72660
-21698.34810 -21946.85940
-21204.17480 -22159.45310
-21345.93820 -22024.33790
-21309.01900 -22045.70700
-21303.38340 -21618.58400
-23284.06160 -22302.66800
-21260.95240 -22185.14650
-21100.85570 -21866.41020
-21662.11720 -22363.93160
-21423.58300 -21876.71880
-22204.54420 -22318.19730
-22437.59100 -22358.31640
-21891.07500 -22226.63670
-21151.20980 -22033.66990
-20769.44360 -22028.14840
-21017.45220 -21867.23830
-21745.16790 -22153.30470
-21247.67880 -22134.49220
-21655.98630 -22002.07030
-21559.81510 -21931.27730
-21982.91430 -21771.87300
-21111.70100 -21973.62890
-21402.38130 -21626.91800
-21354.56860 -21934.68360
-21558.61060 -21692.16410
-21994.19630 -22114.16990
-22276.47820 -21900.21090
-21566.13330 -21721.25780
-22052.20180 -21623.89260
-21550.41350 -22175.98630
-21706.36740 -21753.58200
-22865.84750 -22113.75780
-22533.99890 -22353.01950
-22297.40620 -21759.09380
-22188.18200 -22015.93360
-22016.01840 -22049.11910
-21650.56930 -21820.17970
-23143.85150 -21901.40820
-22138.84370 -21561.47660
-21704.96140 -21858.87700
-21474.59850 -21966.91410
-21400.42790 -21713.59770
-22356.92200 -21768.90040
-21547.18240 -21814.60940
-21895.96160 -21966.86330
-22403.77200 -21977.31250
-21909.28310 -21967.91410
-22107.93660 -21958.11520
-21716.30470 -21739.48830
-21532.72860 -21874.03520
-22216.35110 -21915.32810
-22059.57150 -21833.18750
-22094.13860 -21935.70120
-21688.31060 -21661.83590
-22158.40390 -21677.05270
-22134.34960 -21865.02730
-22321.17920 -22079.59570
-22813.22880 -22046.36720
-21140.95950 -21629.80470
-22002.42750 -21976.04300
-21250.41120 -21704.25390
-20938.53960 -21745.50200
-21615.78830 -21963.79880
-22179.85660 -21987.43950
-22455.82350 -22214.15620
-23785.30300 -22012.61910
-22341.23710 -21587.27730
-21993.55470 -21779.89840
-22056.42200 -21961.70510
-22017.72010 -22102.94920
-22148.53970 -21833.42970
-22448.02900 -21600.20510
-22694.28440 -22166.14260
-21968.23660 -21675.32420
-20981.88580 -21412.52540
-21136.01720 -21508.07620
-22389.99640 -21412.49800
-21404.74760 -21424.20510
-23142.63440 -21397.64260
-21153.74490 -21411.04490
-21592.01130 -21412.42580
-21415.99870 -21545.70510
-21987.94340 -21425.97850
-22624.63780 -21518.56450
-21432.68290 -21405.06450
-21470.57200 -21413.00780
-22732.12980 -21411.04490
-20615.70930 -21419.62110
-22007.09490 -21434.89260
-22437.49710 -21405.58980
-21509.26520 -21402.93750
-21739.65870 -21393.28910
-21966.46310 -21453.60550
-21809.55870 -21429.54490
-21309.28850 -21443.85160
-21336.91790 -21399.92770
-21051.50000 -21414.28710
-22102.61260 -21428.05270
-21614.96190 -21521.61130
-21454.02040 -21449.01760
-21720.94260 -21531.93160
-21968.83390 -21447.61720
-22169.02370 -21412.53120
-21544.91910 -21410.02150
-21685.13420 -21399.66600
-21259.47050 -21407.37890
-20313.14690 -21502.00200
-21500.95930 -21408.91020
-21356.46540 -21409.63090
-21433.66720 -21434.87890
-22664.57900 -21414.58790
-21341.70510 -21439.32620
-22903.69670 -21459.57620
-22039.48630 -21437.59180
-21460.49830 -21401.92190
-21638.04440 -21419.95900
-20952.26340 -21423.91210
-20158.14810 -21402.71480
-21556.71090 -21408.80660
-21228.56660 -21414.33790
-22665.10100 -21396.76370
-21068.03240 -21409.71880
-21681.02730 -21500.99800
-21758.24970 -21427.24020
-21275.57490 -21408.08980
-21064.33430 -21405.72270
-20385.54270 -21388.94340
-22467.18640 -21428.66600
-22292.50500 -21416.81250
-21462.67860 -21391.33790
-21129.10890 -21423.60160
-22014.13850 -21425.68360
-19804.43430 -21422.00590
-21055.55490 -21395.88280
-22722.91410 -21382.62890
-20784.60120 -21421.82620
-18914.75750 -21402.21090
-21211.41690 -21407.78320
-21082.25930 -21410.93360
-21131.91660 -21418.75980
-21189.24250 -21461.75000
-21452.90950 -21430.25000
-20525.78430 -21397.91410
-21707.89690 -21418.56640
-20560.50550 -21392.40620
-19788.00760 -21423.11520
-21238.71760 -21410.51760
-21185.75010 -21401.40620
-21039.28550 -21388.71480
-21102.15490 -21401.20900
-23014.72710 -21414.49800
-20836.95420 -21454.05860
-20091.91940 -21412.73050
-21164.12400 -21381.02730
-21201.47420 -21401.47270
-21306.38710 -21392.53520
-21338.10740 -21469.54880
-22819.40360 -21380.14450
-20914.92070 -21387.28320
-22423.64740 -21403.49610
-21131.12330 -21413.57030
-20858.43300 -21399.09570
-20187.75490 -21423.37700
-21051.73300 -21418.16600
-20505.75280 -21391.86910
-20766.61390 -21419.78320
-20160.17370 -21415.46090
-20035.62520 -21403.79880
-19690.50600 -21408.45310
-21731.28210 -21401.02340
-21197.67460 -21415.94530
-19775.26780 -21403.16990
-21336.89820 -21405.82620
-20648.36290 -21408.91210
-20992.99490 -21521.87500
-20694.27400 -21414.91990
-21670.08250 -21425.77930
-20960.82190 -21408.12300
-21779.47760 -21401.40230
-20908.25550 -21405.86130
-21043.47550 -21434.04300
-22146.69450 -21405.51170
-20942.06920 -21420.19530
-22251.53840 -21420.80270
-20372.99900 -21546.11720
-19958.74650 -21394.58400
-21594.51750 -21459.21290
-20706.07800 -21432.12500
-20395.32900 -21404.06840
-20987.61050 -21399.39450
-20797.62040 -21427.40820
-20088.90750 -21428.67580
-21683.74920 -21424.03710
-21641.29960 -21404.00390
-21340.42160 -21412.09380
-23264.02700 -21418.60550
-21216.87000 -21401.20510
-21130.06300 -21427.44140
-21516.61030 -21416.26950
-19835.33470 -21413.71680
-20492.44590 -21432.38480
-21442.21810 -21535.33980
-21646.51770 -21404.12300
-20368.47630 -21407.47070
-21678.57010 -21375.94340
-20600.67800 -21411.49220
-21272.66420 -21396.52730
-20925.39890 -21402.64060
-21745.60060 -21416.78910
-21131.25370 -21421.97660
-20270.86710 -21389.70310
-20199.52890 -21412.67580
-22176.14910 -21438.64060
-21894.03110 -21391.78120
-20696.44260 -21422.94920
-20934.70740 -21415.64260
-20920.23930 -21404.05660
-20425.66810 -21405.07420
-18330.84410 -21413.09570
-21511.61850 -21414.86520
-22251.65440 -21428.50390
-21595.59980 -21430.42380
-21136.88850 -21414.65620
-21235.95440 -21422.77730
-21311.94670 -21695.79300
-20501.35940 -21704.09380
-21058.23490 -21653.44530
-21972.16470 -21710.33010
-18854.73230 -21734.64260
-21060.27800 -21678.72270
-22654.93160 -21745.60940
-21312.93400 -21583.45700
-21919.75430 -21638.44530
-20746.07620 -21718.34180
-20998.41160 -21667.31640
-21745.84570 -21697.12700
-22116.57700 -21598.14450
-21539.84910 -21708.10160
-22443.81650 -21671.71880
-20987.72180 -21710.33980
-21588.97190 -21632.43750
-20521.02100 -21580.85550
-21544.37860 -21718.94340
-20899.07840 -21698.57030
-22307.20700 -21636.33400
-21298.20260 -21825.48050
-21506.41140 -21700.24410
-22570.57670 -21727.19140
-21583.69090 -21724.25390
-20389.07800 -21710.32230
-21531.57170 -21658.89450
-21872.46790 -21776.03520
-21750.66070 -21683.63670
-21268.04050 -21659.88870
-22861.30250 -21850.62300
-20936.01780 -21676.52730
-21020.22770 -21705.23830
-22012.60760 -21762.45700
-22967.02720 -21609.36130
-20768.57130 -21747.64840
-20155.54260 -21625.27730
-22266.88290 -21646.91800
-21681.71980 -21616.85940
-21266.38080 -21690.39260
-21338.59560 -21742.10350
-20742.15440 -21722.68750
-22549.75670 -21670.97850
-20814.84970 -21715.52150
-21809.70310 -21695.59380
-20237.13570 -21674.97660
-21945.87700 -21811.81050
-19906.04120 -21712.99410
0.00000 0.00000
-11045.73860 -11034.16990
-11247.42930 -10869.11040
-11029.41400 -10974.50780
-11069.77730 -10955.49220
-11667.86820 -10934.42380
-11038.46130 -11017.97660
-10846.10870 -10802.40430
-11005.19370 -10960.46190
-11027.78050 -10984.87600
-11216.11290 -10992.36330
-11012.77280 -10995.65430
-10645.57060 -10822.80080
-11345.88440 -10962.98440
-10854.88980 -10798.00880
-10853.65720 -10911.05660
-11356.35490 -10941.39750
-11165.63940 -11053.16990
-11048.98080 -10994.69140
-11149.87380 -10986.02150
-11159.72870 -11045.15530
-11062.67980 -10869.92770
-11221.82720 -10860.40620
-11062.89940 -11019.02150
-11243.30280 -10910.87600
-11061.45640 -10835.85250
-10960.74290 -10763.61230
-11135.73510 -10854.86620
-10631.05720 -10856.81050
-10884.18030 -10841.89750
-10725.37950 -11008.13870
-11047.14950 -10934.02830
-11039.64610 -11005.02340
-11329.14980 -10867.42770
-11007.78650 -10994.36330
-11614.59270 -10935.45510
-11015.50440 -10815.59080
-11172.91010 -10901.35940
-11200.80170 -10926.28710
-11101.73820 -10968.51950
-11014.11920 -10956.02930
-11091.20820 -11032.56930
-11284.62040 -10858.79000
-10970.57560 -10915.70410
-11412.61960 -10926.98440
-10996.43170 -10789.60640
-10929.50710 -10991.25590
-11076.92010 -11010.75780
-10759.63080 -10866.43850
-10685.34550 -10932.48630
-10932.88660 -10978.10160
-10818.40700 -10839.46780
-11171.45620 -10991.00390
-11044.90880 -11034.92090
-10584.12630 -10809.16410
-11137.17570 -10946.86520
-11559.69660 -11057.17190
-11450.77410 -11045.70700
-11182.42810 -10969.58400
-10951.87380 -10893.91410
-11212.52600 -10930.67290
-11099.07560 -11080.97660
-11109.07410 -10997.72070
-10841.20310 -10811.20510
-10855.45370 -10764.46000
-10700.35950 -10846.38380
-11073.77280 -11045.55470
-11213.25240 -11029.54980
-11362.63110 -10848.68460
-10715.39950 -10921.92970
-11858.36720 -10931.70020
-10951.80020 -10970.05860
-10985.91110 -10809.28520
-11166.64280 -11029.81840
-10648.41730 -10770.10350
-11424.98230 -10893.85350
-10826.86940 -10972.18160
-11120.58300 -10827.51760
-11157.42670 -10784.49120
-10847.26740 -10935.56250
-11129.35580 -10890.62790
-10870.27920 -10945.49220
-10833.13320 -10815.47270
-11288.35260 -11068.62010
-11203.41150 -11009.47850
-11554.61630 -11064.56350
-11036.38120 -10948.83010
-10962.53510 -10995.60550
-11197.25850 -11021.61130
-10765.59700 -10957.50390
-11142.21470 -11036.86520
-10951.80990 -10853.48730
-11087.77760 -10982.40720
-11315.07200 -10997.77050
-10893.17920 -10750.30270
-11224.04580 -10940.05080
-11683.05590 -11045.13280
-11054.55450 -10941.02340
-10994.33220 -10922.57710
-10679.39850 -10865.19920
-11110.91530 -10821.28810
-10805.17980 -10826.66110
-11515.42050 -11035.91020
-10793.05030 -10872.42580
-10961.48470 -11016.64840
-10836.01560 -10791.47850
-10916.04410 -10933.39650
-11003.90410 -11106.73050
-10953.44250 -10815.93160
-11197.82180 -11024.34380
-11707.11150 -10961.98440
-11028.32030 -10885.95510
-10999.55520 -10915.85840
-10639.58700 -10821.36520
-11012.55350 -10948.18460
-10781.87260 -10848.51370
-10830.44270 -10958.01560
-11550.93070 -11127.30570
-10832.12910 -10997.71290
-11409.40240 -10847.01560
-10583.35600 -10914.54690
-11126.56620 -11145.31450
-10532.46240 -10904.82810
-10965.20770 -10926.46680
-11137.22130 -10884.14260
-10976.89480 -10794.43550
-10988.52770 -10849.19730
-10791.05860 -10828.65430
-11167.00980 -10827.63770
-10949.67650 -10855.15620
-11009.68890 -10822.38480
-10994.26970 -10973.56050
-10883.11870 -10820.07620
-10728.09440 -10926.30960
-11084.37070 -10811.76560
-10834.19750 -10932.02640
-11104.55310 -10905.83110
-10990.15230 -10908.35940
-10820.07250 -11007.02830
-11036.62460 -10971.13180
-10622.37340 -10799.14550
-11247.51060 -10902.93850
-11471.79110 -10928.99510
-10918.68910 -10998.23240
-11056.87480 -11009.09670
-10851.92310 -10956.71780
-10377.09970 -10947.19340
-10559.52170 -10900.09080
-10663.51700 -10908.73540
-10931.06370 -10924.19240
-11056.77450 -10797.09570
-10685.63640 -10804.43950
-10565.34150 -10781.24320
-10656.80930 -10793.62600
-10992.40140 -10777.04690
-10726.77320 -10945.98830
-10952.68450 -10869.32910
-10904.62170 -10821.68850
-11211.18900 -10822.86910
-11042.71880 -10861.94820
-10898.43780 -10740.49320
-10900.72860 -10764.96580
-10776.32310 -10715.29000
-10847.57730 -10743.58980
-11033.64870 -10785.52050
-10723.42220 -10792.65140
-11020.59690 -10723.61520
-11127.97250 -10776.30470
-10835.97800 -10804.15040
-10947.23900 -10819.71480
-11447.67180 -10794.64060
-10964.73870 -10728.85640
-10923.52820 -10729.45410
-10576.18810 -10759.92290
-10775.58310 -10751.00200
-10589.13090 -10836.70210
-11025.42770 -10836.98050
-10962.61300 -10774.15620
-10325.69360 -10810.88960
-11097.92550 -10781.93160
-10489.92380 -10729.78030
-11083.66250 -10773.81930
-11277.23670 -10755.14060
-11190.72990 -10758.94730
-10729.84430 -10770.25880
-10570.05750 -10789.39260
-10414.71510 -10761.67770
-10770.91270 -10783.03420
-11032.98820 -10780.84960
-10886.41130 -10819.31640
-11203.95170 -10765.18650
-10438.88620 -10793.89260
-10987.81590 -10808.75980
-11136.79570 -10803.20120
-10512.87840 -10736.41020
-10930.73190 -10784.45020
-10813.34010 -10745.84570
-11128.77440 -10737.63570
-11384.80490 -10726.67580
-10619.54040 -10780.17190
-10899.93030 -10725.44630
-10544.78920 -10803.26560
-11062.78920 -10817.59080
-10644.24810 -10720.94920
-11028.01380 -10827.58790
-10507.02500 -10891.25880
-11066.80200 -10754.05660
-10980.94020 -10763.24320
-10996.57100 -10774.13870
-10617.46790 -10727.03610
-11036.63700 -10836.87500
-10416.01540 -10802.10740
-10475.26200 -10799.76950
-11151.81370 -10737.13770
-10597.49710 -10728.30080
-10601.65210 -10769.46880
-11212.80700 -10731.27340
-11730.39650 -10810.07130
-11828.31350 -10777.01170
-11008.96200 -10724.35060
-10067.40430 -10738.60450
-11009.01210 -10738.93160
-10771.47000 -10720.69340
-10205.68700 -10730.78910
-11180.40620 -10722.68650
-11111.59030 -10750.95900
-11314.64990 -10795.18850
-10633.64150 -10773.25980
-10746.52810 -10768.89840
-10592.78630 -10768.24510
-10585.97510 -10784.83200
-10727.84550 -10729.92290
-10494.36890 -10743.12300
-10594.05020 -10785.31840
-11495.11630 -10818.58010
-10113.45380 -10743.81540
-10961.17970 -10797.64840
-10748.80900 -10818.95610
-10915.97120 -10781.40040
-10687.68530 -10790.12110
-10883.67350 -10785.91800
-10338.55740 -10748.65530
-10735.23570 -10790.88770
-10521.19440 -10806.67680
-10726.42430 -10770.16310
-11080.40870 -10726.86230
-10328.65280 -10720.17090
-11018.54850 -10778.77540
-10699.68330 -10813.06640
-10497.74280 -10775.34080
-10841.72810 -10770.50290
-10479.99320 -10754.39450
-10875.67630 -10810.88480
-10691.98710 -10747.30570
-10970.21660 -10751.29300
-11227.32270 -10768.94140
-10751.61600 -10720.61910
-10599.46660 -10770.39260
-11107.34210 -10776.10940
-10724.35720 -10847.47750
-10592.43740 -10825.97170
-10968.69910 -10830.62790
-10948.61880 -10724.12500
-10456.20240 -10749.23540
-10791.32820 -10891.62010
-10754.12130 -10771.36430
-10622.33960 -10717.27730
-10460.72530 -10715.85550
-11383.15220 -10761.60550
-10702.17490 -10762.10450
-10521.90690 -10799.14650
-10570.08100 -10732.35640
-10793.95530 -10785.20700
-10728.54680 -10777.32230
-10471.61230 -10790.72170
-11365.55060 -10798.44340
-11382.90580 -10725.79590
-10764.28990 -10737.57320
-10582.09680 -10729.00980
-10747.78960 -10720.79390
-10809.77410 -10789.73050
-10639.65230 -10831.67190
-10772.27760 -10760.67480
-10642.67770 -10780.71190
-10358.82830 -10753.69630
-10823.42350 -10761.75880
-10843.28290 -10778.18160
-10357.12840 -10792.67580
-10977.33450 -10814.98630
-10851.53470 -10795.58890
-11422.23460 -10790.67480
-10715.72570 -10811.49220
-10943.99820 -10772.95310
-11548.21290 -10765.91410
-11331.50130 -10724.01460
-11159.18310 -10775.80370
-10651.09070 -10737.38480
-10690.91190 -10792.83010
-11165.88330 -10762.47460
-10640.14510 -10788.62010
-10870.64550 -11006.43360
-11433.02570 -11131.64940
-11068.16130 -11128.67870
-11184.29590 -11151.10740
-11014.69010 -11129.75680
-11220.67770 -11137.19630
-11344.78220 -11256.16020
-11200.03800 -11128.41110
-11201.99140 -11179.28910
-11189.81070 -11174.69340
-11307.28250 -11102.11820
-11084.96900 -11062.35160
-11479.87180 -11176.48930
-11397.88580 -11190.12990
-11221.21880 -11189.96000
-11203.93360 -11122.94040
-11155.97890 -11173.21390
-11399.58900 -11212.27830
-11067.68710 -11138.02250
-11564.78740 -11170.66500
-11278.97360 -11091.58790
-11132.17260 -11184.90720
-11903.98170 -11083.92680
-11146.88120 -11070.61130
-11225.69380 -11175.71480
-11234.22760 -11235.05270
-11177.42770 -11165.76370
-11816.13280 -11153.38280
-11633.65330 -11122.88480
-11267.19250 -11150.42190
-11157.68890 -11105.41890
-11253.31470 -11169.49710
-11533.69420 -11181.29200
-11239.56960 -11225.76170
-11515.09920 -11185.02440
-11049.06630 -11157.65040
-11077.56220 -11109.64450
-11280.80440 -11173.96880
-11140.10840 -11132.33010
-11149.57150 -11175.64940
-10994.97500 -11127.05860
-11090.77630 -11086.66990
-11440.58090 -11231.88090
-11440.97670 -11210.91500
-11228.02030 -11131.35350
-11071.00600 -11061.46480
-11340.81750 -11207.73440
-11178.58740 -11150.43160
0.00000 0.00000
-7685.55330 -7178.16020
-6603.65400 -7150.15190
-7280.03330 -7149.28710
-7096.73370 -7176.68900
-7242.08860 -7158.83400
-6768.40590 -7164.64600
-7489.68450 -7141.24710
-7437.10550 -7168.75390
-7272.96190 -7155.97950
-7355.00530 -7168.32760
-7120.29160 -7188.47360
-6661.55740 -7145.57710
-7495.31820 -7145.21390
-6824.40910 -7172.72170
-7412.79980 -7162.77250
-7127.08900 -7154.83350
-7139.85870 -7152.68460
-7983.43730 -7152.22460
-6566.91740 -7181.61910
-7256.81850 -7204.30080
-7327.55640 -7243.54590
-7097.03820 -7148.66410
-7499.66430 -7183.06540
-7127.15720 -7161.52290
-7018.21090 -7151.83790
-7325.67950 -7177.22560
-7325.08400 -7174.31590
-7134.85490 -7173.35110
-7240.35880 -7184.34130
-7199.60460 -7146.85690
-7130.12950 -7203.96970
-7382.36710 -7149.91160
-7149.15960 -7186.13570
-7401.45350 -7142.08300
-6963.56020 -7171.89990
-7200.36040 -7228.40140
-7063.71920 -7202.62840
-7259.70160 -7164.83110
-6936.16890 -7208.42720
-7250.29520 -7176.85160
-6834.56780 -7183.08890
-6738.57000 -7157.35740
-7298.78050 -7146.20850
-7419.64010 -7160.32370
-7035.07120 -7176.61080
-7556.69260 -7262.76510
-7453.05530 -7180.49760
-7040.58820 -7222.20310
-7195.28730 -7183.56250
-7098.53460 -7186.92140
-6805.91040 -7165.61520
-7284.06720 -7187.89790
-7076.80540 -7204.90580
-7453.69780 -7216.09670
-7037.01580 -7185.44480
-7336.89210 -7173.86720
-7162.66310 -7149.77490
-7209.01480 -7193.35160
-6948.72560 -7169.79440
-7413.68770 -7210.59910
-7154.22360 -7171.47560
-7041.53670 -7162.57760
-6959.25380 -7186.62500
-7135.44960 -7202.78910
-7748.83520 -7191.50590
-7249.31730 -7210.42190
-7041.81210 -7224.45850
-7129.32510 -7205.17090
-6959.97150 -7177.29250
-7256.65090 -7198.34860
-6926.76740 -7180.12650
-7125.32730 -7182.80620
-7482.19560 -7174.70410
-7155.76130 -7161.75980
-6649.64470 -7175.07570
-7183.52930 -7182.51270
-7210.75760 -7160.75290
-7175.62910 -7207.50980
-7134.19300 -7179.89360
-7301.60370 -7199.97560
-7001.99170 -7163.39360
-7078.41550 -7171.90430
-6941.11730 -7171.53470
-7109.76420 -7158.14360
-7112.01120 -7169.46580
-6931.41620 -7234.57810
-7281.83240 -7213.08500
-7673.74540 -7148.41500
-7337.53140 -7203.53420
-7267.32420 -7285.69340
-6968.30770 -7196.57180
-7347.88420 -7179.42290
-7165.33450 -7178.69920
-7029.61650 -7190.49370
-7085.72120 -7149.15620
-7375.30390 -7207.65770
-7290.26350 -7151.58590
-7441.31690 -7157.52880
-7006.83710 -7170.26460
-7992.78580 -7929.34380
-8054.15910 -8014.13280
-7875.29920 -7935.09180
-8132.34190 -8047.92290
-8025.75630 -7967.77690
-8085.96960 -8015.09860
-8150.02670 -8071.18950
-7999.33970 -7982.05180
-7872.66380 -7864.96440
-8079.60970 -7958.79250
-8042.70620 -7948.41360
-7962.88020 -7931.79790
-8163.51090 -8062.68900
-8088.86500 -7983.99610
-8004.51080 -7940.48050
-8114.19700 -8064.43070
-7962.79160 -7921.39840
-7968.48910 -7882.75680
-8080.70520 -8018.11470
-8187.21560 -8068.51860
-8029.88060 -7991.37450
-7881.16920 -7775.55760
-8060.74390 -7915.96000
-7993.83960 -7915.28120
-8039.75190 -7988.51900
-8176.17740 -8089.24800
-7913.65150 -7878.39210
-8103.11390 -8052.97800
-8027.92660 -7858.36230
-7853.42980 -7893.19920
-7890.04510 -7847.53220
-7895.77850 -7871.14450
-8014.42140 -7895.03030
-8039.56400 -8012.42720
-8035.84790 -7965.10450
-8038.90660 -7996.44040
-8145.07660 -8050.08790
-8096.85850 -8025.23580
-8137.36750 -8060.00930
-7929.93300 -7935.70650
-7979.62570 -7941.68650
-7955.80280 -7909.40820
-7918.34500 -7840.33200
-7940.75940 -7893.49120
-7968.59350 -7933.45800
-8104.74740 -8019.40580
-7821.31000 -7749.35500
-7874.45480 -7920.26900
-7867.89990 -7700.82230
-7926.75910 -7919.26560
-7985.38490 -7948.57230
-7875.76200 -7890.50930
-8138.96620 -8006.00780
-8112.75220 -8053.96440
-8083.18630 -7995.44290
-7865.41730 -7944.73050
-7857.50730 -7789.11040
-8083.14510 -7995.91360
-8026.76120 -7979.10060
-8080.68590 -7961.85740
-8017.46240 -7909.96780
-7911.75690 -7781.95210
-8056.46280 -8012.87400
-8092.38060 -8040.31250
-7960.09240 -7962.99950
-8075.81120 -7971.94240
-8050.74700 -7999.44920
-7957.50720 -7937.77730
-8145.14850 -7956.77830
-7963.92990 -7902.68120
-8015.34700 -7997.61130
-7909.50680 -7889.10740
-7938.48180 -7935.74560
-7893.73490 -7847.67290
-7973.04760 -7941.09770
-7925.82870 -7943.06200
-7983.57940 -7882.12300
-7987.67610 -7852.56790
-8014.75570 -7988.83110
-8067.09070 -7996.67770
-7976.57880 -7881.56150
-7898.10260 -7808.28270
-7930.51600 -7948.98730
-7954.20960 -7861.45260
-8046.95920 -7988.31980
-8170.74310 -8059.56250
-7996.40210 -7967.87600
-7817.61090 -7699.39210
-7874.96150 -7789.67580
-7873.87210 -7881.86670
-7896.06950 -7890.46680
-8091.23870 -7990.78030
-7923.90990 -7942.63570
-7908.36460 -7956.66940
-8010.87100 -7842.26370
-7915.15300 -7926.73630
-8139.92360 -8042.88870
-7949.60350 -7964.05370
-7930.45220 -7900.10890
-7999.63870 -7993.64840
-7051.61810 -7282.02100
-7259.57680 -7264.19040
-7184.76940 -7304.15720
-7968.08820 -7223.48630
-7044.15440 -7208.00780
-7157.00390 -7149.03080
-7224.18710 -7149.63960
-7089.17300 -7149.00980
-7053.89930 -7232.10690
-7391.35470 -7191.61430
-7348.99880 -7242.96190
-7034.90460 -7183.64650
-7431.31960 -7207.93650
-7099.93100 -7251.78910
-7453.44950 -7164.69140
-7115.53890 -7163.88870
-7576.87390 -7245.05420
-7120.73460 -7238.46480
-7137.53480 -7171.06540
-7787.40660 -7198.65620
-7166.88040 -7164.26510
-7594.14950 -7174.45700
-7119.94020 -7209.76900
-7147.46910 -7171.70850
-7608.70240 -7169.41990
-7232.63840 -7199.82710
-7353.98460 -7196.82710
-7117.46910 -7153.66940
-7203.96810 -7154.93070
-7184.11600 -7208.84960
-7016.54230 -7156.64060
-7121.91910 -7152.06450
-7509.53420 -7142.95650
-7422.95780 -7166.82760
-7136.53250 -7158.67090
-7177.74700 -7142.98000
-7296.37690 -7153.04980
-7827.71890 -7136.03030
-7195.20960 -7155.39650
-7264.26430 -7201.27880
-7455.78220 -7138.94820
-7041.51030 -7151.37210
-7151.87180 -7166.21630
-6903.99670 -7160.78120
-7101.89380 -7144.83150
-7054.77590 -7160.89940
-6905.29040 -7148.27290
-7181.87370 -7159.16160
-7205.52900 -7181.39450
-7196.79470 -7149.72660
-7044.20820 -7143.87500
-7256.30630 -7145.52340
-7385.59010 -7155.95310
-7617.20270 -7193.42380
-7329.35340 -7148.90920
-7345.43120 -7197.56250
-6969.33880 -7160.80270
-7141.16130 -7140.95120
-7016.76580 -7162.99370
-7091.44810 -7174.41410
-7306.67660 -7148.34330
-7052.06310 -7138.75930
-7460.00030 -7148.51510
-7385.15410 -7250.97020
-7468.59800 -7183.49020
-7260.54290 -7143.89990
-7363.42490 -7182.07710
-7386.66830 -7190.24800
-7269.43310 -7167.76660
-7200.54130 -7206.03420
-7778.61250 -7142.19140
-7159.53660 -7141.10840
-6693.07760 -7161.75590
-7203.34360 -7163.49900
-7325.89300 -7181.47410
-6959.53970 -7156.99220
-7181.60010 -7167.42680
-6910.88110 -7175.77340
-7762.89910 -7179.95900
-7211.18150 -7152.67920
-7133.26080 -7201.05860
-7177.95870 -7160.72560
-7444.43590 -7142.39210
-7120.65330 -7184.33890
-7333.19090 -7201.42720
-7379.20420 -7137.77490
-7421.30780 -7190.40330
-7133.34290 -7183.59180
-6999.88800 -7139.43120
-7320.87860 -7140.78320
-7342.82100 -7210.96190
-7919.46580 -7141.69730
-7203.62810 -7196.51120
-7444.10050 -7159.55620
-7230.09500 -7167.08350
-7046.41300 -7139.77250
-7028.97240 -7155.02880
-6918.54720 -7137.15720
-7256.10310 -7143.88280
-7236.86410 -7143.52640
-7156.04750 -7263.34080
-7255.01980 -7304.54390
-7102.18220 -7276.37650
-6991.03610 -7287.64210
-7004.32860 -7275.15920
-7334.69030 -7239.14940
-7176.19570 -7244.58980
-7442.89610 -7283.32710
-7743.06080 -7246.58500
-7479.72310 -7260.42140
-7187.47040 -7230.56450
-7096.44940 -7261.33940
-7469.22200 -7288.32420
-7403.49600 -7277.27050
-7012.71890 -7250.54440
-7376.36100 -7239.93360
-7251.93630 -7260.41020
-7241.94890 -7271.53610
-7317.68570 -7263.25290
-7072.45600 -7246.73140
-7299.06230 -7292.47170
-7328.40500 -7269.24760
-7401.21860 -7308.55810
-7566.21980 -7241.58690
-6955.16350 -7236.44870
-6988.81050 -7271.64450
-7070.68120 -7257.26270
-7048.26630 -7253.54000
-7220.76570 -7301.49610
-6774.74010 -7264.77100
-7043.86570 -7227.23780
-7325.26670 -7258.25680
-7018.13510 -7217.87400
-7065.74690 -7264.34910
-7431.74280 -7261.40380
-7331.39580 -7337.00780
-7247.67510 -7282.17720
-7320.65340 -7267.61470
-7078.27710 -7267.48830
-7060.17480 -7303.35940
-7197.30820 -7291.82620
-7295.10730 -7282.00100
-7089.74370 -7268.18750
-7186.17720 -7244.90720
-7121.10060 -7230.44340
-7149.83040 -7287.03710
-7527.99780 -7290.82320
-7111.10090 -7293.84080
0.00000 0.00000
-5448.10420 -5438.51810
-5342.75540 -5527.56980
-5321.83210 -5466.47850
-5253.70480 -5408.43260
-5364.48680 -5448.07710
-5497.39930 -5510.23680
-5273.07350 -5465.24560
-5068.90780 -5421.60300
-5345.46560 -5423.05130
-5517.16230 -5439.19630
-5364.42270 -5448.55370
-5002.05600 -5389.83500
-5445.79230 -5376.76710
-5168.75860 -5380.48630
-5584.09680 -5372.46340
-5372.68560 -5383.07030
-5216.37290 -5431.95510
-5383.79390 -5435.64010
-5197.95160 -5394.47270
-5234.00330 -5388.25290
-5164.08390 -5389.91210
-5678.99310 -5367.53760
-5140.66380 -5370.38130
-5271.62050 -5380.54540
-5319.29850 -5394.67680
-5369.39260 -5391.33980
-5373.44980 -5482.74660
-5191.91030 -5401.15820
-5329.71860 -5387.84080
-5492.26020 -5366.61430
-5380.23760 -5365.39650
-5446.33610 -5431.93750
-5111.62460 -5372.39160
-5208.62670 -5396.90670
-5391.19660 -5405.94730
-5501.15740 -5371.42330
-5317.41080 -5374.66210
-5274.59460 -5399.06450
-5488.71310 -5436.87260
-4939.71730 -5407.42480
-5296.12160 -5402.06930
-5566.70730 -5398.83150
-5532.59390 -5381.57370
-5235.01030 -5383.71390
-5543.03150 -5429.92720
-5315.45890 -5475.43360
-5228.09850 -5419.36670
-5446.76760 -5385.53810
-5594.36940 -5413.87450
-5291.35220 -5442.84180
-5343.60100 -5368.36330
-5234.32100 -5425.03320
-5158.45570 -5394.22560
-5219.73770 -5479.84910
-5420.96180 -5446.53420
-5471.83780 -5457.85940
-5513.43330 -5432.80960
-4981.11360 -5367.36130
-5545.14200 -5389.44090
-5282.98750 -5373.86870
-4872.94890 -5390.49370
-5373.68360 -5372.12890
-5265.71170 -5378.32810
-5445.57850 -5376.04980
-5424.28040 -5436.78470
-5540.19310 -5429.18750
-5385.73000 -5397.48290
-5301.80870 -5380.01710
-5040.78660 -5378.17530
-5123.48000 -5386.95900
-5443.69250 -5373.48190
-5369.89880 -5408.94140
-5292.02930 -5393.80760
-5368.85270 -5418.99410
-5234.64430 -5367.01860
-5505.51470 -5380.22170
-5215.24390 -5381.62500
-5312.39150 -5391.85840
-4850.91440 -5388.53320
-5118.80790 -5374.64400
-5408.79730 -5379.80960
-5465.64150 -5396.42040
-5416.12460 -5383.80860
-5511.28230 -5385.93990
-5365.86250 -5397.08980
-5198.64420 -5407.12300
-5504.35170 -5411.15480
-5318.57740 -5367.97120
-5408.26070 -5373.03960
-4968.67680 -5367.06450
-5213.31680 -5366.72750
-5311.08260 -5383.24220
-5290.84680 -5379.63430
-5453.57180 -5368.39750
-4900.01210 -5471.79100
-5642.70980 -5402.43510
-5458.61420 -5363.70120
-5373.31940 -5384.85160
-5424.62520 -5392.64010
-5290.89830 -5364.32810
-5128.32590 -5407.65090
-5214.16600 -5413.94920
-5233.67580 -5367.07280
-5176.88920 -5364.15280
-5129.41430 -5417.25100
-5183.66190 -5403.26950
-5382.02960 -5378.73730
-4994.14870 -5365.71580
-5392.68230 -5367.00050
-5233.41750 -5383.52540
-5234.38570 -5402.31350
-5599.18200 -5395.47800
-5323.53450 -5379.31880
-5136.05240 -5383.88380
-5084.89630 -5399.22900
-5236.38100 -5400.19680
-4904.85360 -5368.47410
-5168.44310 -5426.94480
-5459.09260 -5385.45610
-5148.62100 -5400.77440
-5297.09560 -5390.00150
-5096.33620 -5398.83350
-5763.53080 -5380.24560
-5344.90660 -5366.54050
-5192.06150 -5364.04490
-5203.51290 -5384.44580
-5270.85630 -5417.28170
-5045.91390 -5394.78810
-5442.19670 -5385.65620
-5204.55830 -5388.40970
-5272.73930 -5369.37990
-5197.42190 -5383.77150
-5300.77730 -5386.30520
-5227.16910 -5365.95510
-5212.32350 -5364.36330
-5415.40040 -5408.83740
-5490.27440 -5366.81010
-5728.67420 -5402.84080
-5419.32820 -5359.04690
-5379.99790 -5376.32080
-5276.69320 -5409.85840
-5149.88650 -5373.13230
-5233.72940 -5415.99120
-5480.66950 -5462.21140
-5211.43730 -5382.14750
-5317.14310 -5440.97270
-5349.64600 -5378.68070
-5533.52840 -5367.65970
-5479.86800 -5389.73630
-5505.57780 -5366.69920
-5276.72150 -5358.15190
-5526.28920 -5373.61820
-5405.95940 -5351.68600
-5432.60440 -5364.51900
-5409.27250 -5371.23780
-5434.53780 -5349.00340
-5729.00450 -5354.97850
-5439.35400 -5387.12300
-5356.08740 -5380.93650
-5154.32030 -5365.89840
-5493.92780 -5357.10690
-5463.75460 -5367.85940
-5442.20000 -5358.06590
-5462.12850 -5348.39600
-5197.97500 -5353.36380
-5259.72940 -5353.16750
-5652.27150 -5396.61870
-5517.06010 -5367.59910
-5510.66270 -5365.61910
-5269.88780 -5349.77640
-5505.33120 -5357.23630
-5118.53020 -5352.47560
-5303.03750 -5371.63920
-5123.17590 -5354.18210
-5449.64440 -5349.01320
-5206.19910 -5353.48390
-5419.38600 -5366.99710
-5538.08230 -5363.80620
-5481.84570 -5352.62010
-5565.48580 -5351.13130
-5346.03840 -5359.36430
-4993.81260 -5346.33110
-5047.97120 -5361.62790
-5413.75700 -5369.31100
-5220.25700 -5356.29490
-5420.08200 -5393.10010
-5246.89560 -5373.43360
-5691.90090 -5381.15580
-4998.47730 -5349.30270
-5272.26980 -5352.47020
-5086.85630 -5353.06300
-5553.72580 -5352.61280
-5148.44480 -5353.32520
-5549.74240 -5368.29250
-5197.68420 -5390.07130
-5361.91400 -5367.43800
-5486.32530 -5356.08790
-4993.85820 -5348.44870
-5162.69760 -5356.36720
-5365.31360 -5355.42680
-5332.63850 -5355.54100
-5244.14060 -5350.60890
-5343.48060 -5364.72950
-5181.45570 -5350.75930
-5466.52480 -5361.57570
-5011.67960 -5349.89260
-5023.91750 -5349.94340
-5321.21870 -5350.06790
-5419.40640 -5354.86820
-5703.37880 -5365.11180
-5355.41530 -5355.98290
-5200.93530 -5351.70800
-5073.20110 -5355.74760
-5402.24220 -5358.02340
-5306.98350 -5353.87890
-5373.93100 -5356.42630
-5426.70960 -5360.42970
-5095.31910 -5355.13480
-4916.38720 -5351.16020
-5347.82560 -5368.36770
-5438.70360 -5370.36570
-5153.84210 -5349.44140
-5178.67210 -5360.12350
-5390.08280 -5370.43950
-5379.34290 -5349.62990
-5357.70570 -5352.73000
-5361.03660 -5355.50200
-5307.98530 -5401.67430
-5313.65080 -5369.02200
-5658.11720 -5367.85210
-5574.54480 -5383.71730
-5416.68690 -5364.19380
-5599.92930 -5368.95850
-5301.99250 -5381.19480
-5541.67140 -5357.16650
-4974.83640 -5353.86520
-5414.05740 -5359.53170
-5340.04380 -5360.90870
-5390.87650 -5379.00880
-5437.74670 -5360.95020
-5378.41820 -5356.10300
-5457.41390 -5356.88090
-5456.95000 -5359.84230
-5377.68380 -5354.27980
-5592.18880 -5354.97410
-5304.56100 -5375.39400
-5236.09840 -5354.68950
-5345.24140 -5362.54590
-5247.73730 -5360.21040
-5315.39270 -5358.97510
-5369.84290 -5356.69190
-5603.79990 -5364.62550
-5359.27410 -5374.17430
-5466.69500 -5353.81100
-5247.61700 -5349.68310
-5045.42990 -5356.52880
-5135.35280 -5349.27100
-5390.64980 -5350.07470
-5285.37050 -5356.84860
-5514.88610 -5355.17580
-5077.91910 -5358.17290
-5133.77320 -5369.36430
-5669.14430 -5371.67290
-5339.79740 -5392.96530
-5262.62420 -5381.19340
-5379.80590 -5359.07030
-5288.92250 -5355.12990
-5267.41440 -5361.09030
-5578.89920 -5373.69970
-5311.64520 -5355.41650
-5071.96730 -5350.47950
-5546.54730 -5370.52640
-5176.09620 -5351.74610
-5564.57510 -5383.96040
-5206.70150 -5353.79640
-5439.51050 -5366.55760
-5402.14130 -5370.03320
-5285.06250 -5352.75100
-5866.93510 -5358.47070
-5257.90190 -5375.22750
-5453.51510 -5368.03220
-5413.14960 -5357.03030
-5283.26600 -5388.41260
-5469.23600 -5355.90620
-5480.06160 -5352.12110
-4984.77480 -5352.56050
-5183.55510 -5352.78810
-5594.82530 -5351.35210
-5071.32230 -5349.23340
-5417.11080 -5356.04350
-5424.07780 -5355.42530
-5674.45880 -5348.85450
-5415.01090 -5350.96580
-5560.93370 -5369.80080
-5335.15400 -5362.82570
-5502.19270 -5389.89750
-5318.79060 -5350.27540
-5185.13060 -5367.84620
-5123.17490 -5351.04540
-5501.08200 -5420.47360
-5538.48580 -5421.16800
-5637.36740 -5428.21970
-5345.77750 -5433.35990
-5106.03020 -5436.99220
-5284.22300 -5404.69290
-5507.60390 -5433.55370
-5433.41800 -5408.08150
-5396.38530 -5463.65480
-5658.99190 -5415.84130
-5308.87750 -5429.01070
-5430.14990 -5428.76950
-5496.38040 -5417.12790
-5407.90840 -5406.81450
-5285.44420 -5438.38180
-5303.07530 -5411.07180
-5543.74440 -5431.99900
-5198.61630 -5430.08740
-5211.61490 -5437.87210
-5700.77670 -5425.87740
-5298.06840 -5435.01860
-5595.07360 -5412.94480
-5365.05030 -5430.25200
-5269.26570 -5427.28420
-5390.51970 -5447.17530
-5477.97500 -5434.43260
-5450.10530 -5432.30470
-5177.79920 -5436.64840
-5095.55920 -5427.49510
-5127.49670 -5421.45310
-5285.74360 -5440.98540
-5504.95860 -5401.35300
-5296.08660 -5471.04790
-5342.53130 -5441.22950
-5250.97830 -5436.82620
-5440.08140 -5439.10400
-5101.22980 -5416.28220
-5201.65870 -5415.72310
-5403.92590 -5460.11230
-5333.51060 -5407.76760
-5429.22360 -5407.13040
-5510.35340 -5415.86870
-5398.65530 -5427.29930
-5398.21370 -5451.83500
-5632.42410 -5434.52640
-5063.28980 -5412.84470
-5253.85110 -5412.10640
-5410.05130 -5423.27390
0.00000 0.00000
-4158.38790 -4307.58010
-4186.66150 -4352.49120
-4297.62930 -4296.07810
-4241.66500 -4314.91460
-4375.75100 -4303.97950
-4576.60310 -4293.52100
-4164.74750 -4318.24760
-4085.10420 -4291.54640
-4268.33470 -4309.23440
-4198.90700 -4324.27000
-4222.71680 -4293.42140
-4234.92660 -4305.15330
-4199.57650 -4296.93510
-4077.42900 -4293.31490
-4352.11340 -4306.05810
-4481.76210 -4302.66650
-4212.01170 -4312.96000
-4388.57000 -4307.52290
-4212.61020 -4320.50390
-4204.98120 -4291.66360
-4470.06110 -4371.32520
-4549.82850 -4293.58940
-4243.67370 -4316.23100
-3968.01690 -4299.69090
-4181.15620 -4325.97850
-4405.01380 -4316.49800
-4144.96900 -4301.30180
-4206.78920 -4313.60010
-4153.69950 -4307.49610
-4542.76310 -4297.24020
-4560.65780 -4318.73540
-4631.89200 -4360.69780
-4231.24590 -4303.19680
-4357.04250 -4313.67720
-4473.53580 -4319.81930
-4219.76910 -4292.89700
-4374.71300 -4320.61620
-4421.19320 -4317.37740
-4268.14120 -4315.24020
-4317.34770 -4318.49760
-3816.77830 -4316.18850
-4229.29330 -4326.07710
-4174.65820 -4291.26120
-4488.48570 -4314.28810
-4486.32950 -4354.65720
-4150.83770 -4304.85640
-4255.37580 -4302.16360
-4560.74340 -4327.59620
-4224.04610 -4305.66020
-4231.79400 -4297.50200
-4343.07480 -4301.27690
-4409.70780 -4307.46630
-4295.27300 -4324.69820
-4124.50290 -4303.74320
-4416.64460 -4345.85740
-4305.81780 -4323.36720
-3860.44740 -4324.49220
-4288.30970 -4322.21680
-4212.59350 -4314.48580
-4242.20370 -4322.91210
-4156.47020 -4324.31400
-4192.82840 -4329.73930
-4254.71190 -4301.06790
-4311.25700 -4293.33200
-4328.57430 -4301.71730
-4446.79620 -4340.31590
-4295.69890 -4302.21680
-4355.12750 -4375.19190
-4140.89180 -4293.88480
-4249.49510 -4346.20950
-4166.33970 -4308.67190
-4205.87650 -4300.17380
-4182.29230 -4311.59380
-4218.31150 -4321.68310
-4117.21080 -4345.42580
-4419.89910 -4306.10600
-4357.90570 -4303.00630
-4271.47740 -4343.06980
-4154.79390 -4314.10940
-4178.55300 -4345.43700
-4304.50710 -4343.71780
-4289.20550 -4312.88130
-4376.02350 -4330.80710
-4331.19840 -4366.69480
-4557.63180 -4305.36670
-4285.42730 -4324.18310
-4090.34030 -4301.13330
-4128.38000 -4292.11910
-4355.39750 -4290.38920
-4333.15890 -4341.29350
-4399.04150 -4319.79250
-4449.27140 -4342.29200
-4282.25900 -4372.57130
-4285.63150 -4307.94090
-4307.67050 -4321.78860
-4102.69970 -4330.00340
-4061.47250 -4314.74510
-4392.85770 -4319.46680
-4066.96460 -4332.81010
-4363.17240 -4342.48440
-4249.74390 -4310.24610
-4377.57280 -4300.46190
-4307.57970 -4339.19480
-4091.87110 -4298.03080
-4334.15010 -4317.05220
-4182.85680 -4325.78080
-4169.79200 -4326.27340
-3893.35330 -4344.61820
-4463.75220 -4304.42630
-4277.12880 -4306.45170
-4307.95660 -4316.33250
-3936.17250 -4329.94870
-4233.08160 -4333.79830
-4424.73500 -4308.77930
-4604.32840 -4318.25590
-4030.68240 -4289.64400
-3992.52440 -4368.58980
-4260.59860 -4303.70460
-4194.88500 -4312.81640
-4281.74780 -4326.24900
-4222.40460 -4301.08150
-4380.81700 -4303.66550
-4095.32260 -4301.60890
-4166.10860 -4306.46440
-4212.34650 -4312.60690
-4312.03880 -4299.99760
-4346.63060 -4295.48730
-4391.96850 -4339.54050
-4240.36580 -4319.23540
-4450.09960 -4344.56490
-4355.04630 -4313.71830
-4460.19780 -4306.00930
-4203.09250 -4323.76120
-4171.40200 -4315.15190
-4221.90940 -4295.12840
-4497.70270 -4318.86430
-4167.06750 -4321.79490
-4321.55650 -4330.64940
-4165.25340 -4372.30320
-4474.45240 -4320.63530
-4353.76490 -4382.86280
-4152.64390 -4301.54390
-4328.87100 -4316.62890
-4369.90160 -4322.87260
-4386.26200 -4338.82280
-4372.72550 -4342.89110
-4182.93690 -4311.10450
-4235.42040 -4289.31980
-4164.32290 -4309.35250
-4396.26360 -4329.67140
-4329.74840 -4322.08200
-4232.86830 -4324.89650
-4545.24940 -4311.14940
-4034.83980 -4318.37260
-4308.85750 -4305.39940
-4167.43640 -4297.76900
-4178.67700 -4316.49560
-4337.84960 -4331.02980
-4248.24980 -4305.35300
-4267.25160 -4293.45020
-4270.85550 -4359.73930
-4257.79080 -4367.02100
-4491.05150 -4315.05620
-4272.65380 -4319.87650
-4337.54430 -4381.10790
-4620.01100 -4337.84720
-3912.66900 -4328.38820
-4310.27640 -4294.27490
-4281.68130 -4299.77880
-4254.33410 -4363.86820
-4365.76510 -4299.00930
-4275.47910 -4339.17770
-4504.86860 -4315.27440
-4225.42610 -4296.13820
-4218.76700 -4356.94190
-4252.92080 -4323.48780
-4349.25160 -4339.51370
-4204.15560 -4329.51510
-4101.07180 -4331.39650
-4123.47000 -4302.91410
-4204.63690 -4328.94730
-4138.50110 -4304.04250
-4304.71690 -4312.16750
-3987.86940 -4291.31790
-3987.10110 -4303.47310
-4254.50050 -4343.51810
-4199.31500 -4323.68360
-4338.85820 -4302.85740
-4373.14750 -4334.50240
-4509.66450 -4317.62890
-4143.97690 -4296.86430
-4183.64140 -4375.09910
-4251.39830 -4369.18550
-4353.06250 -4353.32280
-4287.85790 -4318.62500
-4085.02680 -4387.83350
-4524.04710 -4329.27440
-4523.37040 -4305.15230
-3873.25750 -4338.02640
-4291.31740 -4336.41940
-4140.70270 -4352.16940
-4367.80670 -4335.73680
-4491.33320 -4392.48190
-4071.20730 -4305.02200
-4212.80090 -4311.32620
-4229.92710 -4315.65970
-4308.71630 -4324.89790
-4084.20740 -4316.12060
-4195.02540 -4305.61820
-4305.15710 -4369.04540
-4171.06580 -4306.68120
-4057.73370 -4333.61280
-4099.82630 -4306.54590
-4119.43680 -4292.45750
-4579.61820 -4333.38670
-4189.46870 -4311.01900
-4579.66380 -4363.98580
-4229.32990 -4310.07180
-4236.60970 -4305.05760
-4205.46710 -4320.41550
-4222.43350 -4292.31740
-4287.73530 -4330.48440
-4146.03830 -4294.76420
-4100.35650 -4303.24560
-4477.97180 -4323.52540
-4391.86020 -4318.79440
-4460.30940 -4294.06010
-4190.42460 -4294.43260
-4274.52800 -4305.31050
-4260.31250 -4369.50930
-4457.58180 -4323.31400
-4254.58780 -4296.38090
-4318.71080 -4297.16410
-4300.84310 -4325.50200
-4484.75600 -4293.67530
-4366.66290 -4328.90040
-4442.40460 -4388.44480
-4267.64490 -4321.48190
-4457.81150 -4349.09080
-4172.84940 -4304.55420
-4022.20210 -4322.71340
-4280.85820 -4325.20850
-4096.20390 -4303.04200
-4053.68820 -4301.47070
-4274.77310 -4333.30370
-4189.21450 -4295.20750
-4028.90140 -4291.92770
-4189.76840 -4329.83150
-4367.66580 -4311.28910
-4201.14500 -4315.01900
-4113.61460 -4320.61670
-4261.07010 -4305.98970
-4267.54730 -4319.26560
-4207.88810 -4300.74760
-4054.85740 -4292.01950
-4196.21730 -4324.16600
-4347.42540 -4325.12650
-4343.10950 -4344.32030
-4253.65680 -4343.26320
-4220.71600 -4353.94430
-4282.56560 -4308.62890
-4299.63730 -4316.11470
-4381.98260 -4293.62840
-4121.98510 -4301.75540
-4376.52210 -4304.58450
-4159.52030 -4371.04440
-4219.65620 -4318.37210
-4352.12730 -4323.06010
-4203.47760 -4303.53960
-4347.13850 -4319.11720
-4117.65090 -4315.86960
-4169.79200 -4310.02640
-4365.19160 -4285.44730
-4113.52650 -4291.69480
-4193.91280 -4292.90720
-4393.72000 -4332.44870
-4462.67020 -4296.20850
-4340.95240 -4313.64700
-4294.12120 -4338.76370
-4123.22630 -4292.72070
-4335.93960 -4289.96140
-4174.40510 -4364.15770
-4141.10640 -4297.73830
-4252.29930 -4301.22750
-4191.48750 -4313.50050
-4197.73810 -4291.73970
-4174.77740 -4292.68850
-4468.19580 -4366.01810
-4222.02120 -4308.44040
-4187.93310 -4340.29050
-4115.05050 -4293.64060
-4222.85620 -4327.30620
-4192.19830 -4300.75490
-4126.70850 -4313.62110
-4207.00960 -4298.00150
-4468.88340 -4315.52440
-4114.65850 -4298.74170
-4485.94010 -4338.30620
-4288.65000 -4291.45850
-4207.75140 -4380.41210
-4130.50220 -4363.11230
-4358.77950 -4360.47270
-4299.66140 -4367.99560
-4286.85480 -4368.39750
-4393.44790 -4385.25830
-4414.26980 -4346.94190
-4250.44180 -4358.33010
-4135.69190 -4371.69090
-4175.10000 -4373.03660
-4329.16010 -4355.51710
-4192.10990 -4365.87740
-4358.34510 -4374.06740
-4390.52250 -4366.59620
-4158.81570 -4371.09330
-4506.16840 -4358.33060
-4314.82990 -4370.72120
-4379.08810 -4355.48970
-4141.35820 -4364.59720
-4439.00050 -4387.42330
-4500.46480 -4356.79200
-4257.70460 -4376.24120
-4226.71310 -4358.88530
-4197.52330 -4374.32620
-4248.32570 -4348.51320
-4217.72610 -4349.79440
-4514.91240 -4400.40380
-4142.77590 -4343.30030
-4355.34080 -4392.35500
-4061.50760 -4343.67770
-4200.30960 -4349.31400
-4423.72040 -4338.06490
-4286.07880 -4353.40330
-4260.99120 -4330.88480
-4149.08130 -4333.74610
-4364.84170 -4330.60350
-4279.90000 -4343.50490
-4183.16750 -4327.56880
-4177.25060 -4344.44630
-4021.90210 -4339.58150
-4289.85550 -4359.15970
-4082.11820 -4355.48100
-4237.99500 -4335.93950
-4518.64690 -4324.03710
-4124.38260 -4357.54790
-4086.63890 -4329.83840
-4226.56490 -4324.63040
-4262.86330 -4348.86620
0.00000 0.00000
-3602.68130 -3710.44480
-3417.09830 -3772.70560
-3635.17080 -3749.57980
-3534.73430 -3755.74460
-3740.26600 -3760.44970
-3550.94350 -3803.98120
-3569.88040 -3805.48930
-3661.47210 -3746.95290
-3661.22440 -3808.58450
-3609.94420 -3752.73930
-3578.64420 -3755.84740
-3641.99420 -3714.23930
-3696.34100 -3682.87990
-3649.76820 -3834.85400
-3548.33420 -3776.23730
-3579.25440 -3752.16890
-3713.57020 -3805.68750
-3667.84850 -3705.88160
-3595.87980 -3779.91020
-3669.09570 -3826.28810
-3543.67580 -3733.66360
-3545.57090 -3752.57570
-3690.14430 -3806.35890
-3535.79110 -3786.18330
-3656.90570 -3821.02710
-3497.94200 -3731.68040
-3606.63850 -3796.13940
-3734.37620 -3738.71340
-3624.09820 -3787.07470
-3591.75680 -3792.16190
-3845.94890 -3753.37160
-3568.40470 -3770.01510
-3683.63960 -3793.23440
-3768.25980 -3806.69040
-3664.51810 -3817.62480
-3634.16450 -3812.71090
-3594.34140 -3778.59960
-3634.17390 -3796.54150
-3616.63230 -3776.01560
-3654.72900 -3783.47270
-3569.30210 -3801.12180
-3563.88400 -3813.52610
-3660.10810 -3789.73410
-3616.12090 -3772.85790
-3473.43040 -3776.16940
-3559.35600 -3820.13750
-3722.01190 -3823.60620
-3607.52690 -3769.96090
-3522.70150 -3739.38770
-3561.49370 -3595.88550
-3699.05020 -3571.39940
-3512.99500 -3580.86210
-3465.46170 -3574.24070
-3599.52480 -3578.60740
-3772.55040 -3575.63840
-3887.45640 -3586.77100
-3773.92640 -3577.57100
-3454.10230 -3572.16210
-3607.16570 -3573.08590
-3577.96270 -3583.07860
-3487.16930 -3572.68070
-3496.73700 -3571.39210
-3479.79590 -3595.90530
-3524.64390 -3583.15800
-3838.97400 -3572.69580
-3686.59020 -3573.07710
-3447.64570 -3579.37010
-3805.21980 -3574.23390
-3642.38810 -3583.65040
-3573.87710 -3578.16380
-3610.32620 -3582.96630
-3618.73650 -3575.95020
-3559.93150 -3585.41990
-3625.73660 -3573.49020
-3625.22680 -3568.79100
-3525.90190 -3570.44190
-3601.18220 -3574.58540
-3594.70010 -3594.10890
-3671.21570 -3582.31590
-3577.14690 -3588.79370
-3895.37930 -3574.52440
-3574.23450 -3601.21970
-3794.97210 -3573.62400
-3622.36620 -3571.99800
-3542.99200 -3587.49780
-3571.31560 -3572.34840
-3526.40870 -3587.35620
-3488.35110 -3577.92480
-3659.34690 -3568.40890
-3631.09190 -3583.12060
-3494.45040 -3570.68360
-3576.09990 -3593.63820
-3604.32290 -3570.26370
-3485.86910 -3569.17770
-3848.01310 -3609.43950
-3710.33740 -3579.90230
-3625.83700 -3577.02810
-3609.73870 -3592.85130
-3446.40220 -3575.87960
-3518.22270 -3574.17140
-3449.17050 -3575.09520
-3383.34380 -3573.64230
-3564.99370 -3570.57230
-3494.92250 -3571.41580
-3646.99690 -3575.73240
-3318.19370 -3571.03910
-3467.25690 -3572.57500
-3805.44630 -3573.01860
-3497.59960 -3572.75660
-3569.68230 -3569.29370
-3547.23320 -3572.42970
-3446.71960 -3572.51250
-3519.08950 -3574.00100
-3597.56220 -3569.47220
-3699.65070 -3571.54830
-3646.49610 -3568.45170
-3381.76160 -3569.55180
-3516.23730 -3572.52510
-3571.81950 -3573.76950
-3574.08570 -3569.24020
-3424.24840 -3574.16600
-3431.37670 -3572.64060
-3385.01080 -3568.08110
-3648.03860 -3573.92650
-3607.00680 -3573.44240
-3438.16470 -3570.32200
-3600.55410 -3572.25660
-3340.42640 -3570.48580
-3620.00330 -3570.68020
-3533.02100 -3566.87740
-3370.62550 -3568.94630
-3717.30480 -3565.81710
-3517.38210 -3571.57470
-3507.52880 -3573.64890
-3819.67030 -3567.08370
-3510.10030 -3573.91090
-3435.21400 -3569.80910
-3428.91130 -3568.40190
-3342.93640 -3576.69970
-3508.61880 -3566.76830
-3494.46700 -3572.38570
-3727.73770 -3569.48970
-3473.94400 -3571.95780
-3529.86510 -3576.99170
-3444.73580 -3574.84280
-3563.47250 -3570.87380
-3652.35450 -3567.96850
-3508.60990 -3574.98540
-3332.49500 -3574.54690
-3402.32070 -3572.49510
-3621.42200 -3571.03980
-3467.16880 -3564.33470
-3520.28410 -3572.57370
-3642.46580 -3572.86620
-3614.90080 -3574.50830
-3100.85230 -3572.08470
-3727.50830 -3569.89600
-3369.46450 -3574.05320
-3639.58630 -3572.27510
-3425.72790 -3574.54570
-3491.67530 -3571.37650
-3517.54400 -3571.06590
-3153.17120 -3572.68600
-3520.85530 -3575.08590
-3365.91190 -3575.08060
-3678.52480 -3572.11330
-3526.99290 -3570.42970
-3413.35900 -3573.57620
-3591.14840 -3569.08940
-3918.74870 -3568.40110
-3481.78890 -3575.16870
-3462.97240 -3570.36080
-3502.76410 -3571.80660
-3406.04860 -3570.03690
-3501.78120 -3573.75850
-3333.75110 -3573.63770
-3666.35200 -3571.00270
-3507.96320 -3571.44870
-3584.99560 -3572.68430
-3715.00000 -3568.85940
-3773.05540 -3573.51760
-3123.85500 -3571.36670
-3552.92090 -3573.52930
-3724.89060 -3570.33760
-3580.69610 -3570.99660
-3581.90340 -3570.69380
-3392.66350 -3575.14330
-3501.02960 -3565.54200
-3530.06680 -3568.68820
-3337.50500 -3567.69580
-3522.80910 -3573.30440
-3560.29470 -3572.65890
-3600.38760 -3570.79590
-3461.59520 -3574.06130
-3649.05250 -3574.70410
-3536.54180 -3574.70650
-3555.64320 -3570.03560
-3531.18890 -3571.40870
-3465.04500 -3569.12600
-3848.04870 -3603.27830
-3699.03300 -3578.49950
-3495.65550 -3616.88870
-3584.98550 -3579.49680
-3488.58970 -3582.91890
-3789.55770 -3631.23540
-3576.52300 -3617.87870
-3576.04150 -3636.23880
-3648.48960 -3624.95390
-3620.03890 -3588.89920
-3662.28420 -3644.36870
-3559.44680 -3585.61210
-3669.73970 -3636.45360
-3542.86610 -3602.23540
-3561.45550 -3612.29270
-3539.06130 -3638.65580
-3626.01110 -3591.39750
-3718.99860 -3616.23800
-3566.55040 -3586.25880
-3734.51410 -3599.86790
-3618.50350 -3590.07420
-3765.37380 -3594.34060
-3664.38120 -3599.79660
-3513.99780 -3633.81910
-3611.23160 -3631.91020
-3787.92130 -3599.75390
-3490.51130 -3633.09450
-3631.80310 -3602.33080
-3549.53740 -3592.03590
-3605.57900 -3618.52000
-3715.82930 -3607.48970
-3524.43480 -3594.33400
-3705.27720 -3638.09810
-3439.81560 -3586.47170
-3507.29890 -3607.78910
-3659.27880 -3669.02810
-3629.09850 -3607.48120
-3695.84120 -3610.75000
-3628.65180 -3606.55350
-3544.04860 -3596.41210
-3679.92070 -3588.49780
-3613.56970 -3638.06710
-3671.61660 -3673.39110
-3660.85520 -3638.58670
-3499.80460 -3626.55960
-3558.70080 -3573.24070
-3578.38070 -3636.33670
-3650.65350 -3602.67580
-3683.39180 -3630.40410
-3647.54150 -3634.31450
-3567.95360 -3582.47750
-3532.80710 -3594.07810
-3454.90770 -3604.17260
-3690.63360 -3624.20310
-3659.80260 -3618.11280
-3550.76680 -3624.73540
-3746.25670 -3582.42240
-3567.34870 -3630.25730
-3560.90980 -3586.53810
-3548.07390 -3599.32710
-3631.71040 -3612.05760
-3739.85920 -3606.11230
-3578.44520 -3584.18510
-3516.37780 -3593.53120
-3618.67850 -3604.57420
-3651.99450 -3589.93900
-3543.71010 -3605.84250
-3669.05300 -3602.99760
-3597.63930 -3614.98580
-3646.36870 -3630.89600
-3614.65000 -3589.35030
-3471.85400 -3589.27120
-3494.14480 -3586.16460
-3610.90760 -3622.84640
-3603.55630 -3583.53560
-3649.28110 -3603.02540
-3499.72280 -3582.59180
-3568.50500 -3634.33200
-3591.01340 -3614.46070
-3587.19210 -3606.71630
-3577.78400 -3604.71290
-3526.93040 -3613.05960
-3595.47250 -3598.13650
-3561.55240 -3642.53960
-3633.41990 -3644.94870
-3543.64060 -3609.97920
-3496.74760 -3588.43750
-3424.91760 -3597.04980
-3593.41060 -3583.94190
-3404.42690 -3591.31840
-3659.21590 -3630.86770
-3652.71650 -3620.04930
-3783.35110 -3594.66480
-3533.87820 -3603.14110
-3653.47830 -3612.48290
-3648.64100 -3632.09520
-3556.53140 -3614.34570
-3562.08020 -3602.60210
-3570.92150 -3586.75340
-3610.32670 -3582.53420
-3592.65820 -3647.59720
-3466.54490 -3623.77910
-3499.24020 -3630.74020
-3576.01760 -3626.40210
-3705.48810 -3662.76640
-3669.31300 -3667.64840
-3722.28100 -3647.42380
-3614.60140 -3639.94800
-3529.27470 -3633.07860
-3729.66780 -3621.93410
-3518.24710 -3629.05250
-3445.34350 -3615.77320
-3603.28540 -3648.75440
-3634.08940 -3637.71480
-3606.22370 -3642.44240
-3508.24680 -3613.90380
-3831.62010 -3646.04880
-3567.76710 -3633.80270
-3517.70630 -3651.20700
-3530.25850 -3628.91500
-3804.65980 -3664.19240
-3505.09180 -3640.09230
-3653.66510 -3633.74170
-3681.57690 -3654.35300
-3582.41780 -3633.88550
-3582.17480 -3646.58370
-3506.01080 -3638.97360
-3474.66880 -3643.75560
-3465.64460 -3644.02440
-3555.45920 -3642.26640
-3635.49200 -3634.57760
-3770.25860 -3632.99390
-3514.77000 -3614.77250
-3597.72570 -3633.15210
-3592.65590 -3626.41870
-3688.75600 -3665.01270
-3571.53600 -3647.50290
-3749.53200 -3646.54370
-3554.02840 -3631.98970
-3475.31160 -3635.07710
-3614.71580 -3634.38530
-3653.86160 -3662.82030
-3693.31590 -3610.94020
-3536.68920 -3665.70510
-3712.76010 -3635.07130
-3550.30180 -3639.96560
-3620.31880 -3672.47510
-3696.34120 -3625.21630
0.00000 0.00000
-3072.04760 -3061.03930
-3165.38150 -3091.89110
-3238.39350 -3061.00440
-3049.34580 -3066.91700
-3024.77020 -3062.31960
-3217.46520 -3059.57150
-3115.49700 -3061.25050
-3092.55470 -3062.72360
-3085.10350 -3070.51730
-3255.01950 -3071.35820
-3024.35110 -3070.49630
-3021.13380 -3071.46220
-3254.75610 -3059.97610
-3011.35430 -3058.45920
-3071.45970 -3068.36350
-3022.90360 -3062.18850
-3077.32800 -3080.54470
-3040.63650 -3075.91090
-3038.94310 -3070.08080
-3302.81550 -3062.80350
-3006.99910 -3062.74290
-3256.29790 -3061.61040
-3137.14810 -3065.98510
-3197.44000 -3062.02860
-3196.14950 -3067.64330
-2955.23330 -3061.77370
-2825.38440 -3063.38750
-3211.21810 -3075.93600
-3066.91570 -3059.80910
-3163.14680 -3060.25630
-3108.74180 -3061.50020
-2959.65090 -3061.41190
-3077.77210 -3073.02780
-2950.95050 -3073.69380
-3099.18280 -3062.46140
-3037.60080 -3061.06420
-3206.27230 -3073.37430
-3056.44260 -3087.67630
-2998.79490 -3080.36160
-3054.30990 -3062.14040
-3119.73160 -3058.62960
-3294.92590 -3069.22580
-2932.40030 -3067.32840
-3094.99150 -3061.35620
-3147.62360 -3075.13330
-2944.34390 -3062.24100
-2987.27940 -3062.06400
-3130.03940 -3078.71120
-3090.72200 -3061.87870
-3008.69150 -3078.38060
-3101.42960 -3066.26510
-3176.71600 -3062.13380
-3039.45160 -3062.89430
-3147.69610 -3061.95560
-3037.04590 -3059.16890
-3142.21550 -3081.09420
-2833.48850 -3064.82320
-3001.62940 -3060.67720
-3030.72180 -3062.69600
-3132.71420 -3064.96310
-3260.07000 -3085.56490
-3202.25580 -3079.94360
-3159.99910 -3060.32320
-3075.28820 -3060.61570
-2954.10440 -3078.29520
-3142.50140 -3060.39720
-2849.58770 -3058.99560
-3043.94940 -3068.91670
-3032.57800 -3062.56150
-3043.54900 -3060.12260
-2900.17350 -3059.32930
-2907.15400 -3062.41870
-3028.89710 -3058.00240
-2990.53190 -3065.23360
-2994.70720 -3059.27780
-3001.57730 -3065.48880
-3018.68870 -3063.20830
-3134.43700 -3078.65110
-3071.61120 -3061.35280
-3076.45350 -3068.94070
-2981.65940 -3060.82100
-3015.44860 -3062.05130
-3042.27730 -3062.78370
-3167.84240 -3081.66770
-3025.65720 -3064.93770
-3148.18420 -3079.25510
-2954.27250 -3060.30220
-2992.89870 -3058.23410
-3007.30570 -3062.79370
-2940.36560 -3093.29080
-3024.97160 -3062.03960
-3015.90290 -3063.09200
-3030.76480 -3083.09790
-3188.85680 -3065.55100
-2937.99160 -3056.03640
-3200.99430 -3065.00070
-2966.07400 -3072.95920
-2994.78620 -3062.31230
-3079.82050 -3064.19750
-3012.28680 -3063.53220
-2968.12190 -3062.49390
-3136.86820 -3068.51830
-2867.87010 -3063.48000
-3021.44670 -3060.34790
-2873.49990 -3067.64750
-3034.64500 -3059.33350
-3037.31510 -3084.80200
-3150.50050 -3067.91330
-3023.65300 -3084.35620
-3095.31130 -3071.41240
-2977.93490 -3059.29810
-3175.65490 -3067.21390
-3190.50210 -3070.03590
-3026.37350 -3059.48970
-3148.41920 -3070.50270
-3006.85450 -3057.36060
-3022.24770 -3072.12650
-3121.17250 -3064.85060
-2909.90690 -3069.57100
-3067.70410 -3064.61230
-3099.72490 -3082.95340
-2853.80780 -3057.86820
-3059.46740 -3065.80300
-2957.29200 -3069.69800
-3046.38550 -3060.65260
-2971.09380 -3060.73340
-3006.78860 -3067.74660
-3010.03790 -3058.98120
-3182.13450 -3070.56790
-3331.11240 -3064.20020
-3073.84520 -3063.86500
-3090.90070 -3061.07590
-2857.99610 -3073.18290
-3180.33000 -3092.37960
-3163.59780 -3061.69020
-2932.13150 -3062.07930
-3092.54210 -3061.77980
-3160.93090 -3060.67550
-2921.34270 -3063.00290
-3022.31740 -3069.44630
-3061.76660 -3073.41060
-3019.54660 -3063.05960
-2925.89700 -3062.29810
-2961.82200 -3061.12210
-3162.10710 -3061.17330
-3124.36700 -3065.32200
-2802.08700 -3058.59940
-3008.32980 -3056.53830
-3013.05540 -3057.66110
-3487.62600 -3429.54540
-3450.91450 -3435.36300
-3389.37220 -3344.11500
-3450.52120 -3432.57500
-3478.49360 -3436.82710
-3403.07020 -3382.38820
-3456.58950 -3346.01050
-3355.01160 -3342.54270
-3450.66500 -3425.08570
-3359.26300 -3311.04590
-3485.66110 -3434.74760
-3436.61790 -3403.62260
-3393.04620 -3350.93120
-3351.25340 -3334.37330
-3299.79410 -3268.37480
-3448.96380 -3408.48170
-3497.71690 -3450.88260
-3479.29760 -3444.09300
-3357.55260 -3322.53220
-3451.47320 -3427.87870
-3478.27460 -3453.44090
-3373.13040 -3381.11430
-3483.45180 -3427.53100
-3374.42790 -3351.62480
-3434.35850 -3404.94970
-3488.40860 -3413.86380
-3421.45110 -3410.09280
-3397.77430 -3410.13160
-3392.66030 -3338.32300
-3451.89800 -3412.16500
-3404.85240 -3416.43140
-3473.72200 -3431.43680
-3398.24310 -3366.43140
-3432.17390 -3422.27000
-3400.75470 -3377.83690
-3351.16250 -3344.67920
-3439.19020 -3417.45000
-3466.79360 -3416.29130
-3485.67890 -3445.32710
-3397.67010 -3359.08910
-3444.59560 -3401.07300
-3398.26510 -3394.74950
-3437.52700 -3426.14720
-3478.85080 -3447.50810
-3475.86400 -3453.16580
-3393.01790 -3381.52860
-3385.23330 -3345.64920
-3461.07890 -3434.83740
-3451.55020 -3404.52810
-3524.13570 -3472.64790
-3412.70700 -3398.92630
-3403.38060 -3413.73360
-3437.69760 -3411.77390
-3402.14630 -3414.37990
-3460.80260 -3438.35500
-3449.56720 -3423.83760
-3449.01000 -3437.31670
-3417.97400 -3370.21000
-3432.50590 -3426.98730
-3407.20490 -3402.43380
-3460.90520 -3426.77590
-3458.98830 -3413.38060
-3373.72140 -3303.54910
-3395.37680 -3382.79440
-3444.98000 -3421.88770
-3396.93030 -3380.76540
-3377.49650 -3366.90770
-3434.77780 -3419.06230
-3384.96710 -3370.07790
-3432.74700 -3417.32400
-3508.15240 -3463.56690
-3425.95900 -3412.04740
-3412.73100 -3395.04320
-3410.83530 -3389.17140
-3388.19690 -3279.17680
-3415.12080 -3393.07100
-3328.02940 -3303.58520
-3421.74070 -3405.03960
-3383.92340 -3378.52320
-3443.48420 -3420.49980
-3408.73650 -3356.29570
-3444.60820 -3394.45580
-3489.29720 -3448.28470
-3404.07770 -3370.26030
-3477.84750 -3442.81860
-3375.76360 -3346.80000
-3474.66780 -3438.08330
-3389.65320 -3407.81320
-3433.38230 -3395.63160
-3381.89860 -3357.18140
-3418.02180 -3390.95000
-3428.92930 -3393.68260
-3427.06950 -3418.08280
-3492.24640 -3412.43430
-3393.45560 -3376.73900
-3454.65070 -3438.90770
-3415.18810 -3375.40140
-3411.80030 -3389.25560
-3337.06460 -3323.40770
-3356.80500 -3315.32740
-3400.11430 -3404.89090
-3349.83970 -3316.16260
-3414.11280 -3398.49780
-3433.36380 -3432.48540
-3466.92700 -3407.72530
-3473.54530 -3429.88820
-3465.94520 -3430.34470
-3371.34030 -3379.37400
-3447.36640 -3406.53030
-3475.30430 -3444.55100
-3433.20690 -3401.79590
-3419.22790 -3393.35060
-3375.30150 -3341.32370
-3433.30020 -3410.48580
-3423.83740 -3393.66060
-3492.76890 -3440.10690
-3398.34050 -3407.57300
-3435.32480 -3424.20410
-3447.42220 -3423.65530
-3437.37490 -3383.13230
-3415.70360 -3389.90280
-3483.18610 -3456.58500
-3449.49710 -3437.49510
-3471.73860 -3439.67870
-3424.73900 -3400.30710
-3385.65160 -3357.16530
-3397.44560 -3382.09740
-3414.76310 -3361.40500
-3447.09550 -3402.15210
-3379.97160 -3363.04320
-3410.81280 -3407.14430
-3396.81910 -3401.25170
-3355.83290 -3355.99580
-3495.74870 -3449.65410
-3467.43730 -3435.67850
-3434.75950 -3410.49290
-3418.97590 -3407.44260
-3455.60390 -3446.57250
-3470.84390 -3436.70170
-3351.59230 -3334.91480
-3398.04830 -3388.23140
-3385.40280 -3333.74370
-3448.19590 -3437.37180
-3437.60650 -3420.18430
-3479.11900 -3415.17870
-3398.75460 -3387.80250
-3394.29710 -3377.18140
-3395.69460 -3380.69120
-3404.06210 -3364.51440
-3472.62150 -3442.09940
-3433.85000 -3454.49240
-3363.33480 -3348.78590
-3471.39750 -3472.33940
-3489.09280 -3507.86500
-3358.82960 -3355.09720
-3435.52350 -3445.16330
-3490.65430 -3502.62620
-3465.54960 -3467.37230
-3396.24200 -3377.73560
-3425.67230 -3474.56420
-3449.86130 -3449.37230
-3435.92190 -3440.01660
-3388.13370 -3438.22360
-3374.39790 -3412.73510
-3365.97610 -3377.22310
-3430.37730 -3469.25120
-3462.11910 -3462.37480
-3481.22130 -3482.97050
-3417.20290 -3457.73360
-3396.72920 -3342.97240
-3419.47340 -3403.28370
-3487.90960 -3502.18730
-3432.50120 -3462.59790
-3405.14840 -3445.61250
-3449.32240 -3437.23120
-3388.42980 -3406.91700
-3501.32840 -3506.15600
-3412.41520 -3419.02440
-3361.39220 -3362.49780
-3409.41920 -3397.36600
-3389.51450 -3441.57860
-3397.46920 -3397.90890
-3393.56520 -3423.98290
-3344.00490 -3364.33740
-3481.85200 -3488.07740
-3379.28810 -3383.97390
-3428.93660 -3431.14380
-3401.12990 -3416.96440
-3416.99350 -3423.60640
-3457.61370 -3462.16550
-3467.08320 -3473.23750
-3430.38450 -3436.84200
-3423.89620 -3412.17820
-3405.35710 -3454.16580
-3423.19930 -3416.15160
-3473.10210 -3490.49460
-3488.06850 -3504.04220
-3333.85310 -3252.73930
0.00000 0.00000
-2707.50800 -2676.09500
-2739.53920 -2692.52660
-2792.42740 -2679.30130
-2687.25400 -2683.21290
-2675.32240 -2683.06690
-2686.16530 -2694.19680
-2737.06430 -2691.21900
-2706.53200 -2695.83790
-2615.15130 -2680.56860
-2601.67100 -2681.32960
-2693.76580 -2684.56010
-2719.77240 -2710.63060
-2602.75450 -2692.23730
-2710.56280 -2684.31030
-2631.36800 -2684.38790
-2790.77510 -2680.33330
-2901.08030 -2691.64180
-2504.57340 -2675.45700
-2603.21150 -2673.54960
-2735.60340 -2674.66800
-2627.17350 -2672.40580
-2601.93860 -2673.67040
-2664.96400 -2674.59910
-2771.52450 -2679.34860
-2550.42110 -2672.64380
-2621.11090 -2673.57980
-2620.26720 -2677.92020
-2675.89350 -2677.40280
-2663.15540 -2678.83840
-2660.41450 -2677.31350
-2649.43770 -2674.44090
-2588.55560 -2674.14790
-2676.13480 -2675.92800
-2638.32260 -2674.12620
-2654.02530 -2676.00490
-2836.02640 -2675.56570
-2618.12750 -2676.56640
-2686.31580 -2675.49780
-2533.88210 -2675.04520
-2652.85790 -2676.32520
-2666.56450 -2676.33740
-2664.65930 -2674.65920
-2653.26510 -2675.32080
-2783.12860 -2677.03120
-2783.38790 -2673.77340
-2718.49130 -2675.23070
-2677.75270 -2677.13530
-2672.73300 -2672.18650
-2752.87510 -2674.41040
-2654.39470 -2675.97750
-2702.46840 -2675.73710
-2782.69290 -2674.58130
-2709.15630 -2674.83370
-2590.31380 -2674.67870
-2690.05280 -2675.15800
-2679.30390 -2673.86180
-2680.05960 -2675.33060
-2813.62070 -2676.65600
-2648.05270 -2676.54830
-2678.24390 -2674.67770
-2759.90830 -2674.79830
-2571.61940 -2678.51030
-2622.58650 -2682.34670
-2769.89770 -2675.78690
-2675.50080 -2677.53540
-2724.23680 -2679.21310
-2735.17380 -2676.22560
-2660.16800 -2676.03120
-2734.25930 -2675.00810
-2651.34970 -2675.04690
-2635.83590 -2674.79130
-2792.70170 -2675.09990
-2634.94490 -2694.16240
-2760.19930 -2677.65060
-2655.35460 -2676.97490
-2695.63910 -2677.27000
-2621.99500 -2674.51370
-2656.87620 -2676.07320
-2749.26450 -2679.83690
-2563.19670 -2676.19700
-2627.35800 -2675.16550
-2638.36110 -2677.06470
-2710.66050 -2679.86110
-2725.54380 -2675.24190
-2881.21570 -2676.07200
-2655.78670 -2677.56370
-2641.29990 -2672.80590
-2643.31200 -2675.12520
-2654.78200 -2674.86380
-2563.59970 -2675.34350
-2431.99060 -2673.69900
-2579.08710 -2675.11520
-2565.86990 -2672.66360
-2688.41180 -2675.97610
-2657.39540 -2674.08980
-2638.34990 -2675.49050
-2582.22840 -2673.71360
-2651.52710 -2670.59860
-2613.04430 -2673.27980
-2737.38770 -2674.43020
-2617.18170 -2674.59420
-2741.87820 -2675.91650
-2585.12550 -2675.89990
-2711.63850 -2674.65720
-2666.66660 -2675.45510
-2602.34190 -2673.52320
-2535.70650 -2677.90720
-2713.09900 -2675.58060
-2657.70310 -2672.63550
-2719.28400 -2673.52810
-2566.06130 -2671.50810
-2617.04720 -2671.82180
-2692.30740 -2674.06450
-2726.35580 -2668.85210
-2553.17700 -2673.00000
-2635.30100 -2674.31370
-2554.88250 -2673.02290
-2469.74660 -2674.72360
-2639.42600 -2673.36060
-2701.74560 -2672.96660
-2829.93710 -2675.94380
-2689.70390 -2674.74370
-2865.69670 -2673.12280
-2827.16010 -2673.45610
-2627.53710 -2674.15620
-2613.89040 -2673.56590
-2646.78480 -2674.29490
-2718.87030 -2674.71560
-2831.49420 -2675.49190
-2489.76530 -2673.05420
-2599.78170 -2671.62210
-2601.74850 -2674.79830
-2475.99730 -2678.08590
-2620.70640 -2673.23020
-2646.79600 -2673.38380
-2323.21210 -2673.32790
-2650.06820 -2670.61210
-2552.33700 -2672.62600
-2560.75490 -2670.26710
-2654.11740 -2673.16460
-2468.04470 -2674.56180
-2577.01050 -2673.84450
-2655.42180 -2676.30690
-2648.81590 -2673.03760
-2675.31990 -2676.45190
-2908.19830 -2676.42700
-2691.70640 -2669.28120
-2612.15850 -2675.76390
-2596.86610 -2672.86350
-2592.88750 -2670.72560
-2606.04080 -2672.63380
-2731.68870 -2676.57590
-2560.17360 -2674.11400
-2639.33830 -2672.85740
-2663.33400 -2671.38130
-2661.18260 -2675.75070
-2708.05110 -2672.08200
-2717.13910 -2672.74270
-2794.98270 -2673.75270
-2845.34660 -2671.76710
-2538.65370 -2673.15210
-2829.19200 -2674.62430
-2654.20120 -2675.58740
-2814.28300 -2673.22360
-2575.64680 -2672.05790
-2577.66220 -2673.76880
-2553.93900 -2676.18040
-2695.34140 -2675.92970
-2670.31840 -2675.95290
-2792.41790 -2677.27860
-2516.77290 -2675.66140
-2590.33120 -2673.51730
-2834.73990 -2673.76810
-2729.79120 -2675.27470
-2705.64290 -2672.90230
-2621.81670 -2670.20070
-2734.13260 -2678.79910
-2691.96330 -2671.06450
-2570.61190 -2674.44340
-2686.96350 -2673.02440
-2619.83850 -2676.33060
-2607.38820 -2674.03910
-2487.35060 -2671.62380
-2657.11300 -2672.17550
-2753.64650 -2674.86940
-2889.22060 -2671.88060
-2729.21390 -2674.70240
-2764.24950 -2676.17360
-2672.90620 -2673.71070
-2675.23290 -2674.01370
-2647.32440 -2678.55810
-2617.63170 -2671.17260
-2742.69460 -2675.35600
-2630.91600 -2671.90700
-2510.57360 -2671.49800
-2778.58420 -2674.61180
-2612.74660 -2675.32960
-2507.67070 -2673.35470
-2659.04390 -2673.27760
-2641.73240 -2671.51270
-2618.50100 -2674.59840
-2356.84140 -2673.08300
-2757.77890 -2672.52980
-2769.01050 -2672.04250
-2543.47820 -2676.50830
-2599.32960 -2675.48190
-2622.26080 -2672.26730
-2956.18970 -2674.98490
-2530.05470 -2672.23410
-2562.57550 -2673.59910
-2784.93830 -2676.91800
-2665.47640 -2674.08180
-2603.51090 -2671.38720
-2782.97210 -2670.00850
-2672.11570 -2672.51810
-2495.77520 -2677.10300
-2563.99740 -2675.16380
-2787.84650 -2673.63770
-2701.34100 -2673.51220
-2688.55000 -2673.58180
-2627.34800 -2672.75610
-2820.89520 -2673.12960
-2530.52420 -2670.92550
-2524.00180 -2669.45870
-2656.85560 -2675.52420
-2682.83120 -2671.97410
-2673.24900 -2674.91940
-2719.41440 -2673.03080
-2646.90680 -2673.12790
-2688.38270 -2674.83640
-2602.50920 -2674.86350
-2590.13110 -2676.79930
-2502.40170 -2676.25980
-2602.52560 -2672.22920
-2850.54700 -2677.89430
-2610.22100 -2672.48730
-2550.06530 -2673.28520
-2639.65670 -2674.26640
-2621.22790 -2674.72950
-2936.56770 -2673.57890
-2616.13910 -2673.39040
-2578.47220 -2674.67870
-2724.32970 -2673.28780
-2729.16720 -2672.70190
-2633.59870 -2674.12790
-2833.48520 -2673.13670
-2650.13840 -2672.97710
-2660.35210 -2672.92990
-2632.95810 -2673.70920
-2487.67030 -2673.54130
-2696.23210 -2675.37010
-2802.58670 -2673.99730
-2665.29830 -2674.59380
-2644.97130 -2674.29710
-2731.12200 -2675.14550
-2700.86270 -2673.71410
-2803.43650 -2668.73660
-2635.79430 -2677.26370
-2663.97700 -2673.24000
-2643.19240 -2672.55440
-2639.08870 -2673.92480
-2648.50480 -2672.79250
-2636.75110 -2674.47580
-2510.66510 -2673.35350
-2697.65740 -2668.17870
-2654.09430 -2670.93630
-2574.19610 -2673.89160
-2718.62020 -2675.11910
-2595.55280 -2673.70390
-2606.63160 -2671.76880
-2691.18190 -2674.67970
-2692.94980 -2670.71290
-2592.09110 -2674.50240
-2593.17740 -2671.73240
-2553.58840 -2670.68070
-2644.49050 -2678.65580
-2633.32570 -2674.69480
-2536.27680 -2671.49630
-2701.12250 -2671.60350
-2709.49130 -2674.50200
-2634.22840 -2673.12670
-2602.84870 -2670.29540
-2697.13740 -2674.64600
-2534.89750 -2673.72750
-2721.32690 -2674.38920
-2838.90520 -2669.31670
-2555.61450 -2669.80830
-2608.43720 -2674.58110
-2546.97710 -2674.63330
-2764.57430 -2672.03050
-2734.60750 -2671.04570
-2729.85740 -2672.74660
-2584.60860 -2675.59380
-2538.60910 -2672.00070
-2776.24990 -2676.47680
-2603.02840 -2675.34030
-2668.39360 -2674.79930
-2640.36720 -2670.39110
-2382.73600 -2673.17920
-2726.65520 -2705.69020
-2852.82780 -2703.72510
-2740.82650 -2695.88820
-2740.56010 -2704.14380
-2624.11900 -2696.23360
-2532.50030 -2698.04980
-2725.64780 -2696.09300
-2651.95170 -2699.19460
-2757.55600 -2693.77980
-2559.92810 -2697.81470
-2554.48040 -2698.71260
-2916.46290 -2706.24170
-2575.71270 -2697.73540
-2627.34820 -2705.58640
-2664.22170 -2699.21260
-2508.48690 -2703.10060
-2649.15800 -2697.33520
-2680.58330 -2695.30350
-2657.39540 -2701.13720
-2651.61640 -2698.15620
-2632.93460 -2699.33280
-2783.65940 -2695.43240
-2548.28660 -2696.43650
-2705.82310 -2696.52490
-2685.57270 -2698.62650
-2636.80530 -2697.68310
-2697.07370 -2698.41280
-2685.56850 -2705.68650
-2699.52760 -2702.33080
-2672.87240 -2697.96700
-2502.68950 -2708.84250
-2572.93590 -2697.22900
-2708.33980 -2699.51680
-2515.97030 -2698.36230
-2715.35040 -2698.87670
-2548.48610 -2695.47920
-2648.18640 -2702.31810
-2827.15780 -2706.39010
-2601.74890 -2704.91210
-2670.18600 -2697.19650
-2699.49330 -2697.79520
-2652.39620 -2697.43680
-2704.09680 -2697.14720
-2659.17550 -2699.30420
-2829.06510 -2699.41210
-2577.61950 -2699.77830
-2780.49460 -2696.97900
-2717.99910 -2696.88380
0.00000 0.00000
-2396.92800 -2467.40920
-2346.22340 -2434.70000
-2445.33200 -2430.18680
-2394.90990 -2426.80570
-2393.92340 -2436.86060
-2470.82230 -2439.30300
-2496.39370 -2440.60330
-2394.09750 -2439.87280
-2357.61220 -2466.08810
-2387.06540 -2407.41260
-2568.27790 -2504.06130
-2502.13240 -2427.87500
-2319.83300 -2422.40430
-2516.11950 -2462.35860
-2452.90080 -2440.01000
-2381.53100 -2477.93290
-2428.86350 -2463.31400
-2514.06180 -2477.65750
-2484.33040 -2459.92940
-2398.28780 -2425.51680
-2434.28200 -2487.57080
-2414.07150 -2461.22390
-2380.99830 -2434.62110
-2400.08310 -2467.54980
-2374.53040 -2436.47580
-2431.55850 -2446.74000
-2403.79290 -2497.76100
-2422.09960 -2445.22310
-2407.31910 -2473.79540
-2377.27920 -2416.66140
-2398.77180 -2482.58890
-2442.96190 -2462.48100
-2436.61300 -2461.71560
-2498.80840 -2429.89180
-2434.96180 -2480.77950
-2345.96670 -2477.73710
-2405.97110 -2468.82300
-2404.02110 -2474.86130
-2404.07790 -2471.19380
-2443.65160 -2447.27590
-2506.01160 -2466.30300
-2444.16990 -2423.38620
-2373.14590 -2452.92500
-2401.96070 -2443.85820
-2372.09940 -2421.06790
-2377.63700 -2443.62820
-2472.37850 -2422.04370
-2422.83560 -2452.38500
-2489.45490 -2451.37940
-2379.55300 -2433.88620
-2444.65800 -2471.46880
-2483.23480 -2514.22490
-2352.17620 -2461.93210
-2437.25180 -2452.23340
-2387.95920 -2433.58840
-2482.01650 -2504.40530
-2453.27570 -2475.86650
-2339.32950 -2464.39180
-2372.51090 -2465.62330
-2472.72800 -2457.72140
-2484.69110 -2452.94680
-2477.33590 -2447.69140
-2531.69680 -2425.75850
-2433.63450 -2420.84670
-2332.05050 -2473.92040
-2420.90610 -2427.44530
-2316.11610 -2455.07810
-2395.11400 -2435.81080
-2485.30530 -2412.37430
-2364.61460 -2459.20040
-2449.03400 -2464.95460
-2384.67900 -2462.96070
-2532.97990 -2433.68240
-2331.04770 -2436.52860
-2404.87900 -2455.25660
-2371.55720 -2444.35180
-2487.57040 -2510.01420
-2347.11060 -2448.22000
-2416.82300 -2451.06520
-2406.79180 -2480.92110
-2426.58290 -2503.83330
-2361.05320 -2477.36550
-2353.40060 -2429.92310
-2288.21120 -2416.54930
-2399.41690 -2455.29000
-2361.71270 -2462.68990
-2405.68550 -2419.83150
-2384.89070 -2444.63400
-2336.26650 -2443.26250
-2439.41100 -2441.79810
-2429.48690 -2468.14770
-2386.52530 -2421.78050
-2360.50360 -2411.15190
-2418.52840 -2439.86280
-2333.78040 -2453.88090
-2286.94120 -2436.28250
-2449.26770 -2474.07760
-2419.56320 -2417.95730
-2442.26790 -2444.00880
-2514.35040 -2438.09890
-2350.67590 -2443.65940
-2504.89400 -2471.13260
-2422.71720 -2456.59910
-2256.24260 -2448.28830
-2406.37980 -2447.51810
-2429.26390 -2461.20780
-2319.86020 -2438.74340
-2562.80190 -2470.10720
-2515.50440 -2465.23540
-2306.12810 -2449.29490
-2452.87470 -2441.15140
-2373.46310 -2456.21750
-2376.15780 -2430.28270
-2370.10730 -2450.11110
-2399.17330 -2449.66500
-2431.69470 -2461.80710
-2376.57190 -2437.00120
-2376.20810 -2446.45850
-2414.75780 -2455.34060
-2375.32490 -2447.27830
-2465.12840 -2435.62520
-2510.89720 -2495.64820
-2370.67120 -2480.27170
-2429.99270 -2472.67460
-2489.40050 -2427.07520
-2559.67710 -2488.69310
-2475.81070 -2477.12040
-2415.56060 -2466.38160
-2417.26610 -2481.44800
-2413.76990 -2469.58280
-2476.66530 -2434.09550
-2509.24640 -2423.32320
-2460.78920 -2439.34620
-2456.50870 -2413.75120
-2428.15160 -2486.58620
-2504.41340 -2433.18950
-2338.61260 -2425.67630
-2404.54310 -2452.77270
-2366.86640 -2413.17770
-2470.99140 -2451.01880
-2369.95470 -2457.41190
-2463.81070 -2430.99220
-2424.71070 -2452.48580
-2390.19040 -2437.36430
-2378.78080 -2447.58080
-2446.74300 -2484.24930
-2343.76270 -2469.45210
-2477.06470 -2437.65720
-2484.35170 -2448.57450
-2447.76030 -2472.20360
-2352.46790 -2447.07230
-2271.66600 -2452.50930
-2392.70720 -2486.45260
-2330.16310 -2433.66870
-2424.88670 -2484.89940
-2528.04510 -2436.10160
-2418.99670 -2462.76290
-2470.73530 -2483.84350
-2362.55950 -2425.77930
-2433.48030 -2397.20430
-2442.91340 -2459.86430
-2347.66070 -2398.46020
-2392.25310 -2470.05620
-2407.87190 -2431.80570
-2452.44190 -2441.06250
-2390.55120 -2445.94170
-2400.32840 -2415.72880
-2448.38960 -2450.40870
-2414.66000 -2465.65840
-2243.26540 -2427.00540
-2373.19930 -2452.21040
-2287.65430 -2411.54000
-2235.98180 -2427.87940
-2243.98440 -2422.04660
-2427.16820 -2445.56180
-2405.11880 -2470.90670
-2409.84740 -2430.53980
-2415.28780 -2424.37620
-2481.70940 -2430.88960
-2270.14590 -2416.15940
-2454.05890 -2439.29640
-2305.92140 -2433.86740
-2328.55360 -2400.29030
-2505.04460 -2456.97660
-2489.12480 -2407.88090
-2441.99810 -2418.29760
-2445.19810 -2455.38960
-2398.75640 -2463.24880
-2434.27490 -2441.74120
-2339.21800 -2423.66090
-2370.21640 -2446.16330
-2356.42040 -2454.23290
-2351.41610 -2429.48070
-2409.91220 -2444.74730
-2407.23320 -2419.38350
-2389.02960 -2449.76050
-2379.42080 -2422.69240
-2299.43350 -2412.19410
-2359.15030 -2433.24680
-2384.09260 -2446.17720
-2546.00440 -2447.96580
-2419.33290 -2445.05790
-2464.70060 -2439.42310
-2352.37600 -2435.74020
-2374.79350 -2437.69040
-2372.63770 -2408.07010
-2408.18410 -2467.61790
-2511.52060 -2430.53810
-2347.03980 -2438.63790
-2420.70120 -2429.77950
-2479.98900 -2432.69630
-2415.85570 -2445.71220
-2440.20250 -2440.01490
-2415.41300 -2420.69970
-2449.32780 -2463.14750
-2466.23860 -2400.62620
-2508.41460 -2437.93950
-2417.59970 -2435.24950
-2546.06720 -2439.66920
-2395.35400 -2427.97220
-2338.67730 -2467.23490
-2328.59820 -2413.07740
-2399.75530 -2409.70390
-2381.86990 -2453.30910
-2462.31730 -2424.98710
-2388.63820 -2442.07930
-2274.66410 -2432.40410
-2388.08590 -2414.09740
-2393.35960 -2410.26270
-2440.81950 -2454.69800
-2442.40330 -2400.38650
-2381.16770 -2417.98020
-2316.61440 -2429.24340
-2465.34420 -2420.90450
-2436.88010 -2454.88940
-2401.60860 -2407.87230
-2473.21630 -2445.18310
-2359.10470 -2412.90620
-2317.19650 -2425.16920
-2368.46800 -2417.19310
-2424.14720 -2415.06740
-2428.80260 -2426.57710
-2438.73980 -2425.48270
-2216.46800 -2403.82520
-2064.63390 -2389.13130
-2301.78040 -2384.72880
-2126.23770 -2394.83110
-2406.38330 -2395.78370
-2251.54620 -2389.22460
-2335.78940 -2379.80400
-2115.86780 -2390.31520
-2477.29020 -2395.97610
-2362.55620 -2401.30570
-2290.58580 -2396.73360
-2399.05470 -2389.69510
-2280.23550 -2392.85640
-2268.62460 -2385.58690
-2378.82950 -2383.34690
-2338.65130 -2392.35280
-2530.83990 -2400.44900
-2443.63140 -2380.38130
-2426.20080 -2396.19140
-2207.98150 -2379.57450
-2382.12350 -2382.46090
-2282.98790 -2393.38130
-2291.23120 -2381.80050
-2429.99710 -2385.79910
-2533.39620 -2399.08330
-2346.83110 -2383.74170
-2234.58780 -2394.21290
-2393.15190 -2398.38500
-2358.49850 -2397.79100
-2339.88350 -2388.85720
-2359.25360 -2394.07930
-2339.54920 -2395.30180
-2253.39150 -2421.86500
-2401.21520 -2380.35470
-2397.60180 -2384.86550
-2270.44700 -2402.04810
-2365.16760 -2384.59840
-2348.18600 -2385.42330
-2395.00960 -2388.31790
-2488.46900 -2382.58690
-2525.46920 -2397.99410
-2405.28530 -2387.24830
-2398.39190 -2378.21700
-2319.53690 -2386.90280
-2353.89100 -2386.01930
-2398.31270 -2392.30200
-2386.01010 -2381.62960
-2537.31280 -2382.72970
-2306.03550 -2392.97780
-2267.19530 -2395.88790
-2361.20760 -2386.66530
-2332.27830 -2380.93750
-2359.54310 -2382.40580
-2502.89810 -2411.69190
-2368.35480 -2389.83620
-2368.82960 -2381.44850
-2329.18350 -2421.23050
-2361.59240 -2422.50780
-2298.52520 -2427.73710
-2432.49570 -2422.30590
-2418.20300 -2434.18970
-2375.00430 -2438.84110
-2318.04970 -2438.29570
-2421.37010 -2430.44800
-2369.88930 -2423.50850
-2318.90260 -2412.33030
-2409.85400 -2431.53860
-2398.88970 -2421.40620
-2282.37860 -2411.04810
-2405.07470 -2404.87790
-2529.16280 -2404.97440
-2401.28300 -2414.13480
-2442.80120 -2420.53300
-2396.26970 -2409.44140
-2459.55180 -2421.15770
-2421.22120 -2416.65230
-2458.87190 -2412.09890
-2400.22640 -2411.66670
-2469.15400 -2412.41770
-2420.60330 -2424.02950
-2583.91110 -2414.38500
-2348.59830 -2403.83860
-2324.18900 -2420.90160
-2396.48390 -2419.45240
-2250.99000 -2406.85640
-2481.20380 -2412.48360
-2510.79410 -2405.70090
-2362.18090 -2409.00220
-2330.25180 -2406.91020
-2302.61550 -2434.69090
-2335.38360 -2403.37400
-2567.39070 -2407.63210
-2537.02140 -2402.36450
-2385.78000 -2404.50680
-2272.37070 -2399.48050
-2477.18970 -2406.43140
-2486.36710 -2402.72830
-2439.88740 -2407.02690
-2401.94890 -2407.55470
-2460.17420 -2408.68680
-2408.95820 -2414.72050
-2318.20980 -2399.32960
-2453.58310 -2403.88770
-2416.02040 -2398.69430
0.00000 0.00000
-2271.97750 -2213.86990
-2179.23090 -2204.73190
-2302.33570 -2232.23290
-2204.73730 -2189.64700
-2263.85880 -2208.37180
-2078.48870 -2178.05200
-2164.87000 -2188.07030
-2163.89900 -2153.94340
-2119.89910 -2156.27710
-2119.62570 -2181.68550
-2236.65500 -2183.01320
-2149.29220 -2191.48360
-2204.73780 -2164.82150
-2156.81200 -2164.10330
-2184.44510 -2195.20920
-2103.53530 -2183.50200
-2206.22360 -2158.81370
-2178.20500 -2190.79170
-2108.08250 -2156.44020
-2114.34390 -2160.48440
-2270.98550 -2199.15670
-2131.58460 -2176.29690
-2207.36160 -2183.17900
-2261.44550 -2166.50710
-2209.92600 -2194.50240
-2197.01220 -2188.42360
-2194.17520 -2184.08910
-2177.56800 -2176.77320
-2158.65520 -2187.67940
-2213.53810 -2155.74050
-2155.68370 -2173.51810
-2190.47040 -2181.65480
-2140.91960 -2174.32320
-2158.10570 -2170.52490
-2130.22320 -2181.01170
-2211.45270 -2174.04910
-2255.07320 -2176.03420
-2131.97410 -2146.32200
-2206.80640 -2203.84570
-2193.17500 -2188.84330
-2223.02900 -2206.49190
-2170.94850 -2190.34570
-2165.89120 -2186.14890
-2144.84430 -2173.03390
-2172.39660 -2168.65600
-2137.34500 -2179.92900
-2215.87920 -2204.51730
-2230.65050 -2174.30440
-2184.25870 -2229.17580
-2211.93160 -2163.15060
-2140.87120 -2160.36990
-2143.24850 -2180.99730
-2153.45980 -2188.90430
-2210.42840 -2182.16090
-2190.89480 -2172.47530
-2224.67260 -2204.55620
-2089.65040 -2152.94820
-2205.91960 -2171.22490
-2322.59360 -2159.84500
-2196.14650 -2174.91630
-2211.52170 -2187.80080
-2212.69940 -2171.18040
-2140.93200 -2183.83960
-2180.45200 -2198.88960
-2124.25560 -2172.10500
-2175.47570 -2162.74440
-2149.48540 -2160.96850
-2151.49650 -2166.69480
-2154.82050 -2213.62620
-2146.48910 -2182.78390
-2192.80270 -2166.93240
-2139.78480 -2166.54300
-2154.98180 -2195.29030
-2179.48350 -2168.70170
-2153.47460 -2159.92290
-2143.03530 -2184.61990
-2134.69170 -2170.27200
-2144.48460 -2192.27150
-2087.12720 -2170.99490
-2105.03040 -2158.98610
-2153.07320 -2184.90010
-2076.33960 -2161.72270
-2145.15210 -2155.27270
-2141.28290 -2168.63060
-2103.15160 -2156.99780
-2081.11750 -2156.39970
-2178.12340 -2151.82790
-2161.66680 -2160.91770
-2161.09010 -2149.27810
-2171.96800 -2144.96950
-2054.44290 -2154.55470
-2127.20820 -2151.48970
-2187.17930 -2153.73020
-2123.57800 -2159.77150
-2175.73640 -2156.32470
-2329.00990 -2143.90210
-2123.86520 -2155.44530
-2104.58370 -2150.25930
-2279.97350 -2142.34840
-2285.07330 -2162.86790
-2124.09210 -2179.80400
-2112.31830 -2156.12060
-2119.71700 -2150.27030
-2133.22840 -2164.03590
-2257.57540 -2157.15480
-2007.92550 -2161.89230
-2077.15860 -2181.67750
-2240.37200 -2156.80740
-2160.11930 -2155.41600
-2243.16570 -2159.40010
-2295.28640 -2167.16670
-2192.95010 -2161.53320
-2155.83720 -2156.93530
-2247.42540 -2168.24560
-2146.39730 -2166.61230
-2306.88890 -2156.55980
-2072.29830 -2149.64820
-2238.60800 -2158.10770
-2112.44180 -2159.68530
-2211.71390 -2175.01290
-2131.81960 -2161.40360
-2221.59390 -2171.31540
-2266.87540 -2156.31030
-2119.85570 -2182.79370
-2203.53000 -2176.12620
-2162.64650 -2164.76730
-2052.99560 -2150.79080
-2204.73780 -2197.18040
-2238.03740 -2151.13820
-2100.63140 -2162.21730
-2214.89210 -2160.48850
-2115.97970 -2163.27980
-2107.36440 -2153.47950
-2245.22920 -2154.53590
-2148.32670 -2159.35470
-2196.52790 -2163.71660
-2281.33740 -2189.61690
-2075.38950 -2152.55810
-2257.32470 -2171.11820
-2125.84520 -2172.14230
-2112.12660 -2176.77170
-2231.05450 -2168.98610
-2173.67060 -2164.37380
-2185.89560 -2182.70480
-2116.68810 -2154.74980
-2212.56310 -2196.47220
-2122.87100 -2153.53050
-2198.67820 -2164.32400
-2185.14240 -2162.32540
-2093.09310 -2147.35250
-2203.10580 -2146.01860
-2162.94730 -2155.34890
-2227.60410 -2143.87740
-2180.22180 -2151.11960
-2227.13310 -2144.42410
-2176.45230 -2155.98320
-2178.61170 -2141.40060
-2035.02820 -2153.09280
-2202.76030 -2148.84860
-2105.32360 -2170.35790
-2101.75720 -2172.66160
-2164.82840 -2148.44530
-2175.13980 -2153.27220
-2328.11840 -2148.64230
-2281.81120 -2157.44920
-2157.57930 -2173.99900
-2244.65890 -2143.08030
-2181.92200 -2156.54540
-2205.45530 -2149.88600
-2146.44680 -2158.70090
-2136.43520 -2160.68750
-2066.64380 -2178.10030
-2223.89190 -2153.56320
-2164.00370 -2150.86060
-2170.71510 -2169.35210
-2180.64160 -2165.01640
-2171.01380 -2150.29930
-2168.02350 -2147.12940
-2200.07040 -2149.08690
-2143.37050 -2155.12870
-2232.76550 -2150.72340
-2243.18740 -2155.35690
-2249.84390 -2143.45070
-2178.48910 -2151.61770
-2162.74500 -2152.46850
-2116.31640 -2141.94290
-2088.87670 -2149.08130
-2219.20240 -2159.53050
-2116.61620 -2149.77420
-2200.55960 -2157.13650
-2184.83400 -2145.24270
-2113.57720 -2159.56250
-2171.33890 -2160.73800
-2151.16480 -2152.02830
-2211.96330 -2148.13260
-2095.11980 -2140.43730
-2068.10170 -2156.11600
-2083.08500 -2148.51610
-2223.18590 -2169.66380
-2086.02660 -2151.88840
-2123.19370 -2150.23830
-2220.55170 -2153.11690
-2265.87330 -2142.88600
-2064.00440 -2148.84940
-2160.87360 -2167.32740
-2089.18250 -2148.38130
-2159.40190 -2157.05880
-2188.89880 -2155.67580
-2151.45080 -2160.74120
-2214.68110 -2161.83860
-2249.56780 -2144.41460
-2183.46890 -2171.42970
-2042.45420 -2145.11990
-2170.36450 -2141.77980
-2190.64830 -2145.27710
-2306.03800 -2149.18480
-2095.67780 -2151.64360
-2212.85120 -2149.64210
-2219.10330 -2149.82760
-2147.81160 -2154.27610
-2159.97260 -2154.33450
-2131.97200 -2171.06910
-2154.48380 -2155.30830
-2126.92100 -2164.55490
-2341.83060 -2147.99780
-2140.75560 -2166.07890
-2202.97200 -2151.26290
-2221.48690 -2168.52810
-2108.91900 -2142.94460
-2081.75490 -2151.14530
-2152.47100 -2142.48440
-2288.41590 -2144.54270
-2197.32500 -2142.30130
-2139.05880 -2153.88790
-2101.59060 -2151.11250
-2138.38300 -2150.39990
-2144.10750 -2155.59620
-2184.57550 -2154.24000
-2144.00370 -2155.51460
-2108.81600 -2159.41890
-2205.76260 -2152.32010
-2100.40260 -2168.28100
-2171.65280 -2164.15800
-2119.88310 -2160.90970
-2188.89430 -2168.45480
-2106.72860 -2143.93290
-2161.03430 -2159.12110
-2092.90860 -2143.03000
-2168.56040 -2145.54590
-2453.49020 -2419.44210
-2487.39800 -2437.29980
-2435.37990 -2400.99100
-2457.58460 -2403.87550
-2429.06420 -2383.97730
-2441.77930 -2395.87960
-2424.10130 -2363.38890
-2453.12790 -2386.76980
-2421.75810 -2358.49930
-2420.40290 -2353.05830
-2403.39970 -2343.51250
-2421.49330 -2330.95580
-2416.74060 -2358.59570
-2366.79500 -2296.72140
-2408.58970 -2329.19510
-2346.00580 -2299.11520
-2326.74900 -2278.31250
-2283.51970 -2266.34180
-2318.13000 -2275.40260
-2317.99880 -2270.70580
-2321.87000 -2316.31930
-2330.94780 -2268.41670
-2287.34270 -2274.87280
-2283.86070 -2255.25660
-2328.20540 -2277.32300
-2357.79120 -2313.67530
-2288.94180 -2256.73190
-2261.79630 -2274.39040
-2293.52940 -2297.67460
-2302.75930 -2308.52200
-2274.75260 -2267.30930
-2254.52100 -2269.17850
-2291.22070 -2279.72460
-2233.22000 -2246.26710
-2348.52690 -2259.47310
-2292.28890 -2233.84230
-2255.18600 -2235.92580
-2270.51540 -2226.50810
-2168.32310 -2226.40410
-2293.67380 -2244.05980
-2269.19520 -2229.01460
-2239.82240 -2243.08960
-2313.31970 -2259.94600
-2279.40820 -2215.34770
-2227.33020 -2215.67210
-2327.57460 -2189.82320
-2236.18660 -2227.67750
-2250.41840 -2244.50730
-2231.58010 -2226.49290
-2228.39160 -2213.05590
-2153.47390 -2205.19120
-2169.35320 -2215.58570
-2145.95910 -2205.69510
-2121.29240 -2186.75320
-2294.69650 -2181.39260
-2275.02190 -2210.83450
-2230.37740 -2184.41990
-2153.95760 -2182.12790
-2203.19740 -2203.75730
-2244.98480 -2208.17110
-2122.98590 -2198.65800
-2176.64070 -2192.99100
-2150.09360 -2194.86790
-2154.16300 -2193.45070
-2145.32520 -2187.02810
-2236.94670 -2197.71780
-2197.46990 -2202.76510
-2166.44140 -2194.05520
-2273.09570 -2223.17260
-2218.54520 -2209.23750
-2192.16270 -2193.27170
-2090.67980 -2185.25200
-2126.82160 -2204.13040
-2141.97110 -2183.52640
-2113.94670 -2208.60230
-1953.82440 -2174.13720
-2251.10790 -2179.12620
-2213.48630 -2201.02200
-1993.03710 -2181.04540
-2105.94920 -2172.27760
-2020.29440 -2173.95780
-2103.21520 -2176.33470
-2027.43330 -2164.00000
-2112.41960 -2175.97530
-2096.11620 -2175.22050
-2105.92090 -2181.55000
-2136.85790 -2187.07500
-1975.09600 -2161.78050
-2120.45200 -2171.60520
-2138.49960 -2169.34010
-2051.24600 -2175.95460
-2297.13880 -2172.10350
-2302.95200 -2164.17410
-2208.90950 -2168.19020
-2176.02860 -2177.77610
-2181.94500 -2176.95290
-2138.52000 -2172.96360
-2164.51780 -2170.48560
