0.00000000 0.00000000 0.00000000 0.00000000 0.00000000
0.00000000 0.00000000 0.00000000 0.00000000 0.00000000
0.00000000 0.00000000 0.00000000 0.00000000 0.00000000
0.00000000 0.00000000 0.00000000 0.00000000 0.00000000
0.00000000 0.00000000 0.00000000 0.00000000 0.00000000
0.00000000 0.00000000 0.00000000 0.00000000 0.00000000
0.00000000 0.00000000 0.00000000 0.00000000 0.00000000
1.04245982 0.00000577 0.14958120 0.67129312 0.96513153
1.04245982 0.00000577 0.14958120 0.67129312 0.96513153
1.04245982 0.00000577 0.14958120 0.67129312 0.96513153
1.04245982 0.00000577 0.14958120 0.67129312 0.96513153
1.04245982 0.00000577 0.14958120 0.67129312 0.96513153
1.04245982 0.00000577 0.14958120 0.67129312 0.96513153
1.04245982 0.00000577 0.14958120 0.67129312 0.96513153
1.04245982 0.00000577 0.14958120 0.67129312 0.96513153
1.04245982 0.00000577 0.14958120 0.67129312 0.96513153
1.04245982 0.00000577 0.14958120 0.00336524 0.96513153
1.04245982 0.00000577 0.14958120 0.00336524 0.96513153
1.04245982 0.00000577 0.14958120 0.00336524 0.96513153
1.04245982 0.00000577 0.14958120 0.00336524 0.96513153
1.04245982 0.00000577 0.14958120 0.00336524 0.96513153
1.04245982 0.00000577 0.14958120 0.00336524 0.96513153
1.04245982 0.00000577 0.14958120 0.00336524 0.96513153
1.04245982 0.00000577 0.14958120 0.00336524 0.96513153
1.04245982 0.00000577 0.14958120 0.00336524 0.96513153
1.04245982 0.00000577 0.14958120 0.00336524 0.96513153
1.04245982 0.00000577 0.14958120 0.00336524 0.96513153
1.04245982 0.00000577 0.14958120 0.00336524 0.96513153
1.04245982 0.00000577 0.14958120 0.00336524 0.96513153
1.04245982 0.00000577 0.14958120 0.00336524 0.96513153
1.04245982 0.00000577 0.14958120 0.00336524 0.96513153
1.04245982 0.00000577 0.14958120 0.00336524 0.96513153
1.04245982 0.00000577 0.14958120 0.00336524 0.96513153
1.04245982 0.00000577 0.14958120 0.00336524 0.96513153
1.04245982 0.00000577 0.14958120 0.00336524 0.96513153
1.04245982 0.00000577 0.14958120 0.00336524 0.96513153
1.04245982 0.00000577 0.14958120 0.00336524 0.96513153
1.04245982 0.00000577 0.14958120 0.00336524 0.96513153
1.04245982 0.00000577 0.14958120 0.00336524 0.96513153
1.04245982 0.00000577 0.14958120 0.00336524 0.96513153
1.04245982 0.00000577 0.14958120 0.00336524 0.96513153
1.04245982 0.00000577 0.14958120 0.00336524 0.96513153
1.04245982 0.00000577 0.14958120 0.00336524 0.96513153
1.04245982 0.00000577 0.14958120 0.00336524 0.96513153
1.04245982 0.00000577 0.14958120 0.00336524 0.96513153
1.04245982 0.00000577 0.14958120 0.00336524 0.96513153
1.04245982 0.00000577 0.14958120 0.00336524 0.96513153
1.04245982 0.00000577 0.14958120 0.00336524 0.96513153
1.04245982 0.00000577 0.14958120 0.00336524 0.96513153
1.04245982 0.00000577 0.14958120 0.00336524 0.96513153
1.04245982 0.00000577 0.14958120 0.00336524 0.96513153
1.04245982 0.00000577 0.14958120 0.00336524 0.96513153
1.04245982 0.00000577 0.14958120 0.00336524 0.96513153
1.04245982 0.00000577 0.14958120 0.00336524 0.96513153
1.04245982 0.00000577 0.14958120 0.00336524 0.96513153
1.04245982 0.00000577 0.14958120 0.00336524 0.96513153
1.04245982 0.00000577 0.14958120 0.00336524 0.96513153
1.04245982 0.00000577 0.14958120 0.00336524 0.96513153
1.04245982 0.00000577 0.14958120 0.00336524 0.96513153
1.04245982 0.00000577 0.14958120 0.00336524 0.96513153
1.04245982 0.00000577 0.14958120 0.00336524 0.96513153
1.04245982 0.00000577 0.14958120 0.00336524 0.96513153
1.04245982 0.00000577 0.14958120 0.00336524 0.96513153
1.04245982 0.00000577 0.14958120 0.00336524 0.96513153
1.04245982 0.00000577 0.14958120 0.00336524 0.96513153
1.04245982 0.00000577 0.14958120 0.00336524 0.96513153
1.04245982 0.00000577 0.14958120 0.00336524 0.96513153
1.04245982 0.00000577 0.14958120 0.00336524 0.96513153
1.04245982 0.00000577 0.14958120 0.00336524 0.96513153
1.04245982 0.00000577 0.14958120 0.00336524 0.96513153
1.04245982 0.00000577 0.14958120 0.00336524 0.96513153
1.04245982 0.00000577 0.14958120 0.00336524 0.96513153
1.04245982 0.00000577 0.14958120 0.00336524 0.96513153
1.04245982 0.00000577 0.14958120 0.00336524 0.96513153
1.04245982 0.00000577 0.14958120 0.00336524 0.96513153
1.04245982 0.00000577 0.14958120 0.00336524 0.96513153
1.04245982 0.00000577 0.14958120 0.00336524 0.96513153
1.04245982 0.00000577 0.14958120 0.00336524 0.96513153
1.04245982 0.00000577 0.14958120 0.00336524 0.96513153
1.04245982 0.00000577 0.14958120 0.00336524 0.96513153
1.04245982 0.00000577 0.14958120 0.00336524 0.96513153
1.04245982 0.00000577 0.14958120 0.00336524 0.96513153
1.04245982 0.00000577 0.14958120 0.00336524 0.96513153
1.04245982 0.00000577 0.14958120 0.00336524 0.96513153
1.04245982 0.00000577 0.14958120 0.00336524 0.96513153
1.04245982 0.00000577 0.14958120 0.00336524 0.96513153
1.04245982 0.00000577 0.14958120 0.00336524 0.96513153
1.04245982 0.00000577 0.14958120 0.00336524 0.96513153
1.04245982 0.00000577 0.14958120 0.00336524 0.96513153
1.04245982 0.00000577 0.14958120 0.00336524 0.96513153
1.04245982 0.00000577 0.14958120 0.00336524 0.96513153
1.04245982 0.00000577 0.14958120 0.00336524 0.96513153
1.04245982 0.00000577 0.14958120 0.00336524 0.96513153
1.04245982 0.00000577 0.14958120 0.00336524 0.96513153
1.04245982 0.00000577 0.14958120 0.00336524 0.96513153
1.04245982 0.00000577 0.14958120 0.00336524 0.96513153
1.04245982 0.00000577 0.14958120 0.00336524 0.96513153
1.04245982 0.00000577 0.14958120 0.00336524 0.96513153
1.04245982 0.00000577 0.14958120 0.00336524 0.96513153
1.04245982 0.00000577 0.14958120 0.00336524 0.96513153
1.04245982 0.00000577 0.14958120 0.00336524 0.96513153
1.04245982 0.00000577 0.14958120 0.00336524 0.96513153
1.04245982 0.00000577 0.14958120 0.00336524 0.96513153
1.04245982 0.00000577 0.14958120 0.00336524 0.96513153
1.04245982 0.00000577 0.14958120 0.00336524 0.96513153
1.04245982 0.00000577 0.14958120 0.00336524 0.96513153
1.04245982 0.00000577 0.14958120 0.00336524 0.96513153
1.04245982 0.00000577 0.14958120 0.00336524 0.96513153
1.04245982 0.00000577 0.14958120 0.00336524 0.96513153
1.04245982 0.00000577 0.14958120 0.00336524 0.96513153
1.04245982 0.00000577 0.14958120 0.00336524 0.96513153
1.04245982 0.00000577 0.14958120 0.00336524 0.96513153
1.04245982 0.00000577 0.14958120 0.00336524 0.96513153
1.04245982 0.00000577 0.14958120 0.00336524 0.96513153
1.04245982 0.00000577 0.14958120 0.00336524 0.96513153
1.04245982 0.00000577 0.14958120 0.00336524 0.96513153
1.04245982 0.00000577 0.14958120 0.00336524 0.96513153
1.04245982 0.00000577 0.14958120 0.00336524 0.96513153
1.04245982 0.00000577 0.14958120 0.00336524 0.96513153
1.04245982 0.00000577 0.14958120 0.00336524 0.96513153
1.04245982 0.00000577 0.14958120 0.00336524 0.96513153
1.04245982 0.00000577 0.14958120 0.00336524 0.96513153
1.04245982 0.00000577 0.14958120 0.00336524 0.96513153
1.04245982 0.00000577 0.14958120 0.00336524 0.96513153
1.04245982 0.00000577 0.14958120 0.00336524 0.96513153
1.04245982 0.00000577 0.14958120 0.00336524 0.96513153
1.04245982 0.00000577 0.14958120 0.00336524 0.96513153
1.04245982 0.00000577 0.14958120 0.00336524 0.96513153
1.04245982 0.00000577 0.14958120 0.00336524 0.96513153
1.04245982 0.00000577 0.14958120 0.00336524 0.96513153
1.04245982 0.00000577 0.14958120 0.00336524 0.96513153
1.04245982 0.00000577 0.14958120 0.00336524 0.96513153
1.04245982 0.00000577 0.14958120 0.00336524 0.96513153
1.04245982 0.00000577 0.14958120 0.00336524 0.96513153
1.04245982 0.00000577 0.14958120 0.00336524 0.96513153
1.04245982 0.00000577 0.14958120 0.00336524 0.96513153
1.04245982 0.00000577 0.14958120 0.00336524 0.96513153
1.04245982 0.00000577 0.14958120 0.00336524 0.96513153
1.04245982 0.00000577 0.14958120 0.00336524 0.96513153
1.04245982 0.00000577 0.14958120 0.00336524 0.96513153
1.04245982 0.00000577 0.14958120 0.00336524 0.96513153
1.04245982 0.00000577 0.14958120 0.00336524 0.96513153
1.04245982 0.00000577 0.14958120 0.00336524 0.96513153
1.04245982 0.00000577 0.14958120 0.00336524 0.96513153
1.04245982 0.00000577 0.14958120 0.00336524 0.96513153
1.04245982 0.00000577 0.14958120 0.00336524 0.96513153
1.04245982 0.00000577 0.14958120 0.00336524 0.96513153
1.04245982 0.00000577 0.14958120 0.00336524 0.96513153
1.04245982 0.00000577 0.14958120 0.00336524 0.96513153
1.04245982 0.00000577 0.14958120 0.00336524 0.96513153
1.04245982 0.00000577 0.14958120 0.00336524 0.96513153
1.04245982 0.00000577 0.14958120 0.00336524 0.96513153
1.04245982 0.00000577 0.14958120 0.00336524 0.96513153
1.04245982 0.00000577 0.14958120 0.00336524 0.96513153
1.04245982 0.00000577 0.14958120 0.00336524 0.96513153
1.04245982 0.00000577 0.14958120 0.00336524 0.96513153
1.04245982 0.00000577 0.14958120 0.00336524 0.96513153
1.04245982 0.00000577 0.14958120 0.00336524 0.96513153
1.04245982 0.00000577 0.14958120 0.00336524 0.96513153
1.04245982 0.00000577 0.14958120 0.00336524 0.96513153
1.04245982 0.00000577 0.14958120 0.00336524 0.96513153
1.04245982 0.00000577 0.14958120 0.00336524 0.96513153
1.04245982 0.00000577 0.14958120 0.00336524 0.96513153
1.04245982 0.00000577 0.14958120 0.00336524 0.96513153
1.04245982 0.00000577 0.14958120 0.00336524 0.96513153
1.04245982 0.00000577 0.14958120 0.00336524 0.96513153
1.04245982 0.00000577 0.14958120 0.00336524 0.96513153
1.04245982 0.00000577 0.14958120 0.00336524 0.96513153
1.04245982 0.00000577 0.14958120 0.00336524 0.96513153
1.04245982 0.00000577 0.14958120 0.00336524 0.96513153
1.04245982 0.00000577 0.14958120 0.00336524 0.96513153
1.04245982 0.00000577 0.14958120 0.00336524 0.96513153
1.04245982 0.00000577 0.14958120 0.00336524 0.96513153
1.04245982 0.00000577 0.14958120 0.00336524 0.96513153
1.04245982 0.00000577 0.14958120 0.00336524 0.96513153
1.04245982 0.00000577 0.14958120 0.00336524 0.96513153
1.04245982 0.00000577 0.14958120 0.00336524 0.96513153
1.04245982 0.00000577 0.14958120 0.00336524 0.96513153
1.04245982 0.00000577 0.14958120 0.00336524 0.96513153
1.04245982 0.00000577 0.14958120 0.00336524 0.96513153
1.04245982 0.00000577 0.14958120 0.00336524 0.96513153
1.04245982 0.00000577 0.14958120 0.00336524 0.96513153
1.04245982 0.00000577 0.14958120 0.00336524 0.96513153
1.04245982 0.00000577 0.14958120 0.00336524 0.96513153
