0.00000000 0.00000000 0.00000000 0.00000000 0.00000000
1.35567478 0.00000591 0.04084979 0.92281579 1.10648397
1.37330437 0.00000552 0.04473211 1.00555665 1.01214300
1.21589591 0.00000563 0.02167592 1.07607318 0.96594378
1.21589591 0.00000563 0.02167592 1.07607318 0.96594378
1.21589591 0.00000563 0.02167592 1.07607318 0.96594378
1.21589591 0.00000563 0.02167592 1.07607318 0.96594378
1.21589591 0.00000563 0.02167592 1.07607318 0.96594378
1.21589591 0.00000563 0.02167592 1.07607318 0.96594378
1.21589591 0.00000563 0.02167592 1.07607318 0.96594378
1.21589591 0.00000563 0.02167592 1.07607318 0.96594378
1.21589591 0.00000563 0.02167592 1.07607318 0.96594378
1.21589591 0.00000563 0.02167592 1.07607318 0.96594378
1.21589591 0.00000563 0.02167592 1.07607318 0.96594378
1.21589591 0.00000563 0.02167592 1.07607318 0.96594378
1.21589591 0.00000563 0.02167592 1.07607318 0.96594378
1.21589591 0.00000563 0.02167592 1.07607318 0.96594378
1.21589591 0.00000563 0.02167592 1.07607318 0.96594378
1.21589591 0.00000563 0.02167592 1.07607318 0.96594378
1.21589591 0.00000563 0.02167592 1.07607318 0.96594378
1.21589591 0.00000563 0.02167592 1.07607318 0.96594378
1.21589591 0.00000563 0.02167592 1.07607318 0.96594378
1.21589591 0.00000563 0.02167592 1.07607318 0.96594378
1.21589591 0.00000563 0.02167592 1.07607318 0.96594378
1.21589591 0.00000563 0.02167592 1.07607318 0.96594378
1.21589591 0.00000563 0.02167592 1.07607318 0.96594378
1.21589591 0.00000563 0.02167592 1.07607318 0.96594378
1.21589591 0.00000563 0.02167592 1.07607318 0.96594378
1.21589591 0.00000563 0.02167592 1.07607318 0.96594378
1.21589591 0.00000563 0.02167592 1.07607318 0.96594378
1.21589591 0.00000563 0.02167592 1.07607318 0.96594378
1.21589591 0.00000563 0.02167592 1.07607318 0.96594378
1.21589591 0.00000563 0.02167592 1.07607318 0.96594378
1.21589591 0.00000563 0.02167592 1.07607318 0.96594378
1.21589591 0.00000563 0.02167592 1.07607318 0.96594378
1.21589591 0.00000563 0.02167592 1.07607318 0.96594378
1.21589591 0.00000563 0.02167592 1.07607318 0.96594378
1.21589591 0.00000563 0.02167592 1.07607318 0.96594378
1.21589591 0.00000563 0.02167592 1.07607318 0.96594378
1.21589591 0.00000563 0.02167592 1.07607318 0.96594378
1.21589591 0.00000563 0.02167592 1.07607318 0.96594378
1.21589591 0.00000563 0.02167592 1.07607318 0.96594378
1.21589591 0.00000563 0.02167592 1.07607318 0.96594378
1.21589591 0.00000563 0.02167592 1.07607318 0.96594378
1.21589591 0.00000563 0.02167592 1.07607318 0.96594378
1.21589591 0.00000563 0.02167592 1.07607318 0.96594378
1.21589591 0.00000563 0.02167592 1.07607318 0.96594378
1.21589591 0.00000563 0.02167592 1.07607318 0.96594378
1.21589591 0.00000563 0.02167592 1.07607318 0.96594378
1.21589591 0.00000563 0.02167592 1.07607318 0.96594378
1.21589591 0.00000563 0.02167592 1.07607318 0.96594378
1.21589591 0.00000563 0.02167592 1.07607318 0.96594378
1.21589591 0.00000563 0.02167592 1.07607318 0.96594378
1.21589591 0.00000563 0.02167592 1.07607318 0.96594378
1.21589591 0.00000563 0.02167592 1.07607318 0.96594378
1.21589591 0.00000563 0.02167592 1.07607318 0.96594378
1.21589591 0.00000563 0.02167592 1.07607318 0.96594378
1.21589591 0.00000563 0.02167592 1.07607318 0.96594378
1.21589591 0.00000563 0.02167592 1.07607318 0.96594378
1.21589591 0.00000563 0.02167592 1.07607318 0.96594378
1.21589591 0.00000563 0.02167592 1.07607318 0.96594378
1.21589591 0.00000563 0.02167592 1.07607318 0.96594378
1.21589591 0.00000563 0.02167592 1.07607318 0.96594378
1.21589591 0.00000563 0.02167592 1.07607318 0.96594378
1.21589591 0.00000563 0.02167592 1.07607318 0.96594378
1.21589591 0.00000563 0.02167592 1.07607318 0.96594378
1.21589591 0.00000563 0.02167592 1.07607318 0.96594378
1.21589591 0.00000563 0.02167592 1.07607318 0.96594378
1.21589591 0.00000563 0.02167592 1.07607318 0.96594378
1.21589591 0.00000563 0.02167592 1.07607318 0.96594378
1.16888605 0.00000563 0.48813492 0.66032347 0.96594378
1.16888605 0.00000563 0.48813492 0.66032347 0.96594378
1.16888605 0.00000563 0.48813492 0.66032347 0.96594378
1.16888605 0.00000563 0.48813492 0.66032347 0.96594378
1.16888605 0.00000563 0.48813492 0.66032347 0.96594378
1.16888605 0.00000563 0.48813492 0.66032347 0.96594378
1.16888605 0.00000563 0.48813492 0.66032347 0.96594378
1.16888605 0.00000563 0.48813492 0.66032347 0.96594378
1.16888605 0.00000563 0.48813492 0.66032347 0.96594378
1.16888605 0.00000563 0.48813492 0.66032347 0.96594378
1.16888605 0.00000563 0.48813492 0.66032347 0.96594378
1.16888605 0.00000563 0.48813492 0.66032347 0.96594378
1.16888605 0.00000563 0.48813492 0.66032347 0.96594378
1.16888605 0.00000563 0.48813492 0.66032347 0.96594378
1.16888605 0.00000563 0.48813492 0.66032347 0.96594378
1.16888605 0.00000563 0.48813492 0.66032347 0.96594378
1.16888605 0.00000563 0.48813492 0.66032347 0.96594378
1.16888605 0.00000563 0.48813492 0.66032347 0.96594378
1.16888605 0.00000563 0.48813492 0.66032347 0.96594378
1.16888605 0.00000563 0.48813492 0.66032347 0.96594378
1.16888605 0.00000563 0.48813492 0.66032347 0.96594378
1.16888605 0.00000563 0.48813492 0.66032347 0.96594378
1.16888605 0.00000563 0.48813492 0.66032347 0.96594378
1.16888605 0.00000563 0.48813492 0.66032347 0.96594378
1.16888605 0.00000563 0.48813492 0.66032347 0.96594378
1.16888605 0.00000563 0.48813492 0.66032347 0.96594378
1.16888605 0.00000563 0.48813492 0.66032347 0.96594378
1.16888605 0.00000563 0.48813492 0.66032347 0.96594378
1.16888605 0.00000563 0.48813492 0.66032347 0.96594378
1.16888605 0.00000563 0.48813492 0.66032347 0.96594378
1.16888605 0.00000563 0.48813492 0.66032347 0.96594378
1.16888605 0.00000563 0.48813492 0.66032347 0.96594378
1.16888605 0.00000563 0.48813492 0.66032347 0.96594378
1.16888605 0.00000563 0.48813492 0.66032347 0.96594378
1.16888605 0.00000563 0.48813492 0.66032347 0.96594378
1.16888605 0.00000563 0.48813492 0.66032347 0.96594378
1.16888605 0.00000563 0.48813492 0.66032347 0.96594378
1.16888605 0.00000563 0.48813492 0.66032347 0.96594378
1.16888605 0.00000563 0.48813492 0.66032347 0.96594378
1.16888605 0.00000563 0.48813492 0.66032347 0.96594378
1.16888605 0.00000563 0.48813492 0.66032347 0.96594378
1.16888605 0.00000563 0.48813492 0.66032347 0.96594378
1.16888605 0.00000563 0.48813492 0.66032347 0.96594378
1.16888605 0.00000563 0.48813492 0.66032347 0.96594378
1.16888605 0.00000563 0.48813492 0.66032347 0.96594378
1.16888605 0.00000563 0.48813492 0.66032347 0.96594378
1.16888605 0.00000563 0.48813492 0.66032347 0.96594378
1.16888605 0.00000563 0.48813492 0.66032347 0.96594378
1.16888605 0.00000563 0.48813492 0.66032347 0.96594378
1.16888605 0.00000563 0.48813492 0.66032347 0.96594378
1.16888605 0.00000563 0.48813492 0.66032347 0.96594378
1.16888605 0.00000563 0.48813492 0.66032347 0.96594378
1.16888605 0.00000563 0.48813492 0.66032347 0.96594378
1.16888605 0.00000563 0.48813492 0.66032347 0.96594378
1.16888605 0.00000563 0.48813492 0.66032347 0.96594378
1.16888605 0.00000563 0.48813492 0.66032347 0.96594378
1.16888605 0.00000563 0.48813492 0.66032347 0.96594378
1.16888605 0.00000563 0.48813492 0.66032347 0.96594378
1.16888605 0.00000563 0.48813492 0.66032347 0.96594378
1.16888605 0.00000563 0.48813492 0.66032347 0.96594378
1.16888605 0.00000563 0.48813492 0.66032347 0.96594378
1.16888605 0.00000563 0.48813492 0.66032347 0.96594378
1.16888605 0.00000563 0.48813492 0.66032347 0.96594378
1.16888605 0.00000563 0.48813492 0.66032347 0.96594378
1.16888605 0.00000563 0.48813492 0.66032347 0.96594378
1.16888605 0.00000563 0.48813492 0.66032347 0.96594378
1.16888605 0.00000563 0.48813492 0.66032347 0.96594378
1.10330460 0.00000563 0.20137685 0.54694001 1.00043153
1.10330460 0.00000563 0.20137685 0.54694001 1.00043153
1.10330460 0.00000563 0.20137685 0.54694001 1.00043153
1.10330460 0.00000563 0.20137685 0.54694001 1.00043153
1.10330460 0.00000563 0.20137685 0.54694001 1.00043153
1.10330460 0.00000563 0.20137685 0.54694001 1.00043153
1.10330460 0.00000563 0.20137685 0.54694001 1.00043153
1.10330460 0.00000563 0.20137685 0.54694001 1.00043153
1.10330460 0.00000563 0.20137685 0.54694001 1.00043153
1.10330460 0.00000563 0.20137685 0.54694001 1.00043153
1.10330460 0.00000563 0.20137685 0.54694001 1.00043153
1.10330460 0.00000563 0.20137685 0.54694001 1.00043153
1.10330460 0.00000563 0.20137685 0.54694001 1.00043153
1.10330460 0.00000563 0.20137685 0.54694001 1.00043153
1.10330460 0.00000563 0.20137685 0.54694001 1.00043153
1.10330460 0.00000563 0.20137685 0.54694001 1.00043153
1.10330460 0.00000563 0.20137685 0.54694001 1.00043153
1.10330460 0.00000563 0.20137685 0.54694001 1.00043153
1.10330460 0.00000563 0.20137685 0.54694001 1.00043153
1.10330460 0.00000563 0.20137685 0.54694001 1.00043153
1.10330460 0.00000563 0.20137685 0.54694001 1.00043153
1.10330460 0.00000563 0.20137685 0.54694001 1.00043153
1.10330460 0.00000563 0.20137685 0.54694001 1.00043153
1.10330460 0.00000563 0.20137685 0.54694001 1.00043153
1.10330460 0.00000563 0.20137685 0.54694001 1.00043153
1.10330460 0.00000563 0.20137685 0.54694001 1.00043153
1.10330460 0.00000563 0.20137685 0.54694001 1.00043153
1.10330460 0.00000563 0.20137685 0.54694001 1.00043153
1.10330460 0.00000563 0.20137685 0.54694001 1.00043153
1.10330460 0.00000563 0.20137685 0.54694001 1.00043153
1.10330460 0.00000563 0.20137685 0.54694001 1.00043153
1.10330460 0.00000563 0.20137685 0.54694001 1.00043153
1.10330460 0.00000563 0.20137685 0.54694001 1.00043153
1.10330460 0.00000563 0.20137685 0.54694001 1.00043153
1.10330460 0.00000563 0.20137685 0.54694001 1.00043153
1.10330460 0.00000563 0.20137685 0.54694001 1.00043153
1.10330460 0.00000563 0.20137685 0.54694001 1.00043153
1.10330460 0.00000563 0.20137685 0.54694001 1.00043153
1.10330460 0.00000563 0.20137685 0.54694001 1.00043153
1.10330460 0.00000563 0.20137685 0.54694001 1.00043153
1.10330460 0.00000563 0.20137685 0.54694001 1.00043153
1.10330460 0.00000563 0.20137685 0.54694001 1.00043153
1.10330460 0.00000563 0.20137685 0.54694001 1.00043153
1.10330460 0.00000563 0.20137685 0.54694001 1.00043153
1.10330460 0.00000563 0.20137685 0.54694001 1.00043153
1.10330460 0.00000563 0.20137685 0.54694001 1.00043153
