0.00000000 0.00000000 0.00000000 0.00000000 0.00000000
1.44181235 0.00000557 0.04397576 0.89880323 1.12675737
1.31712706 0.00000564 0.06885658 1.01132784 1.05044355
1.24563711 0.00000566 0.12230378 1.06490523 0.97161014
1.19506743 0.00000565 0.06990830 0.99322845 0.95781101
1.19506743 0.00000565 0.06990830 0.99322845 0.95781101
1.19506743 0.00000565 0.06990830 0.99322845 0.95781101
1.19506743 0.00000565 0.06990830 0.99322845 0.95781101
0.87399175 0.00000558 0.15346011 1.05996342 0.89187304
1.19817689 0.00000538 0.22876945 1.03430944 0.99870143
1.19817689 0.00000538 0.22876945 1.03430944 0.99870143
1.19817689 0.00000538 0.22876945 1.03430944 0.99870143
1.19817689 0.00000538 0.22876945 1.03430944 0.99870143
1.19817689 0.00000538 0.22876945 1.03430944 0.99870143
1.19817689 0.00000538 0.22876945 1.03430944 0.99870143
1.19817689 0.00000538 0.22876945 1.03430944 0.99870143
1.19817689 0.00000538 0.22876945 1.03430944 0.99870143
1.19817689 0.00000538 0.22876945 1.03430944 0.99870143
1.19817689 0.00000538 0.22876945 1.03430944 0.99870143
1.19817689 0.00000538 0.22876945 1.03430944 0.99870143
1.19817689 0.00000538 0.22876945 1.03430944 0.99870143
1.19817689 0.00000538 0.22876945 1.03430944 0.99870143
1.19817689 0.00000538 0.22876945 1.03430944 0.99870143
1.19817689 0.00000538 0.22876945 1.03430944 0.99870143
1.19817689 0.00000538 0.22876945 1.03430944 0.99870143
1.19817689 0.00000538 0.22876945 1.03430944 0.99870143
1.19817689 0.00000538 0.22876945 1.03430944 0.99870143
1.19817689 0.00000538 0.22876945 1.03430944 0.99870143
1.19817689 0.00000538 0.22876945 1.03430944 0.99870143
1.19817689 0.00000538 0.22876945 1.03430944 0.99870143
1.19817689 0.00000538 0.22876945 1.03430944 0.99870143
1.19817689 0.00000538 0.22876945 1.03430944 0.99870143
1.19817689 0.00000538 0.22876945 1.03430944 0.99870143
1.19817689 0.00000538 0.22876945 1.03430944 0.99870143
1.19817689 0.00000538 0.22876945 1.03430944 0.99870143
1.19817689 0.00000538 0.22876945 1.03430944 0.99870143
1.19817689 0.00000538 0.22876945 1.03430944 0.99870143
1.19817689 0.00000538 0.22876945 1.03430944 0.99870143
1.19817689 0.00000538 0.22876945 1.03430944 0.99870143
1.19817689 0.00000538 0.22876945 1.03430944 0.99870143
1.19817689 0.00000538 0.22876945 1.03430944 0.99870143
1.19817689 0.00000538 0.22876945 1.03430944 0.99870143
1.19817689 0.00000538 0.22876945 1.03430944 0.99870143
1.19817689 0.00000538 0.22876945 1.03430944 0.99870143
1.19817689 0.00000538 0.22876945 1.03430944 0.99870143
1.19817689 0.00000538 0.22876945 1.03430944 0.99870143
1.19817689 0.00000538 0.22876945 1.03430944 0.99870143
1.19817689 0.00000538 0.22876945 1.03430944 0.99870143
1.19817689 0.00000538 0.22876945 1.03430944 0.99870143
1.19817689 0.00000538 0.22876945 1.03430944 0.99870143
1.19817689 0.00000538 0.22876945 1.03430944 0.99870143
1.19817689 0.00000538 0.22876945 1.03430944 0.99870143
1.19817689 0.00000538 0.22876945 1.03430944 0.99870143
1.19817689 0.00000538 0.22876945 1.03430944 0.99870143
1.19817689 0.00000538 0.22876945 1.03430944 0.99870143
1.19817689 0.00000538 0.22876945 1.03430944 0.99870143
1.19817689 0.00000538 0.22876945 1.03430944 0.99870143
1.19817689 0.00000538 0.22876945 1.03430944 0.99870143
1.19817689 0.00000538 0.22876945 1.03430944 0.99870143
1.19817689 0.00000538 0.22876945 1.03430944 0.99870143
1.19817689 0.00000538 0.22876945 1.03430944 0.99870143
1.19817689 0.00000538 0.22876945 1.03430944 0.99870143
1.19817689 0.00000538 0.22876945 1.03430944 0.99870143
1.19817689 0.00000538 0.22876945 1.03430944 0.99870143
1.19817689 0.00000538 0.22876945 1.03430944 0.99870143
1.19817689 0.00000538 0.22876945 1.03430944 0.99870143
1.19817689 0.00000538 0.22876945 1.03430944 0.99870143
1.19817689 0.00000538 0.22876945 1.03430944 0.99870143
1.19817689 0.00000538 0.22876945 1.03430944 0.99870143
1.19817689 0.00000538 0.22876945 1.03430944 0.99870143
1.19817689 0.00000538 0.22876945 1.03430944 0.99870143
1.19817689 0.00000538 0.22876945 1.03430944 0.99870143
1.19817689 0.00000538 0.22876945 1.03430944 0.99870143
1.19817689 0.00000538 0.22876945 1.03430944 0.99870143
1.19817689 0.00000538 0.22876945 1.03430944 0.99870143
1.19817689 0.00000538 0.22876945 1.03430944 0.99870143
1.19817689 0.00000538 0.22876945 1.03430944 0.99870143
1.19817689 0.00000538 0.22876945 1.03430944 0.99870143
1.19817689 0.00000538 0.22876945 1.03430944 0.99870143
1.19817689 0.00000538 0.22876945 1.03430944 0.99870143
1.19817689 0.00000538 0.22876945 1.03430944 0.99870143
1.19817689 0.00000538 0.22876945 1.03430944 0.99870143
1.19817689 0.00000538 0.22876945 1.03430944 0.99870143
1.19817689 0.00000538 0.22876945 1.03430944 0.99870143
1.19817689 0.00000538 0.22876945 1.03430944 0.99870143
1.19817689 0.00000538 0.22876945 1.03430944 0.99870143
1.19817689 0.00000538 0.22876945 1.03430944 0.99870143
1.19817689 0.00000538 0.22876945 1.03430944 0.99870143
1.19817689 0.00000538 0.22876945 1.03430944 0.99870143
1.19817689 0.00000538 0.22876945 1.03430944 0.99870143
1.19817689 0.00000538 0.22876945 1.03430944 0.99870143
1.19817689 0.00000538 0.22876945 1.03430944 0.99870143
1.19817689 0.00000538 0.22876945 1.03430944 0.99870143
1.19817689 0.00000538 0.22876945 1.03430944 0.99870143
1.19817689 0.00000538 0.22876945 1.03430944 0.99870143
1.19817689 0.00000538 0.22876945 1.03430944 0.99870143
1.30431685 0.00000538 0.22847224 1.09556593 0.95997118
1.30431685 0.00000538 0.22847224 1.09556593 0.95997118
1.30431685 0.00000538 0.22847224 1.09556593 0.95997118
1.30431685 0.00000538 0.22847224 1.09556593 0.95997118
1.30431685 0.00000538 0.22847224 1.09556593 0.95997118
1.30431685 0.00000538 0.22847224 1.09556593 0.95997118
1.30431685 0.00000538 0.22847224 1.09556593 0.95997118
1.30431685 0.00000538 0.22847224 1.09556593 0.95997118
1.30431685 0.00000538 0.22847224 1.09556593 0.95997118
1.30431685 0.00000538 0.22847224 1.09556593 0.95997118
1.30431685 0.00000538 0.22847224 1.09556593 0.95997118
1.30431685 0.00000538 0.22847224 1.09556593 0.95997118
1.30431685 0.00000538 0.22847224 1.09556593 0.95997118
1.30431685 0.00000538 0.22847224 1.09556593 0.95997118
1.30431685 0.00000538 0.22847224 1.09556593 0.95997118
1.30431685 0.00000538 0.22847224 1.09556593 0.95997118
1.30431685 0.00000538 0.22847224 1.09556593 0.95997118
1.30431685 0.00000538 0.22847224 1.09556593 0.95997118
1.30431685 0.00000538 0.22847224 1.09556593 0.95997118
1.30431685 0.00000538 0.22847224 1.09556593 0.95997118
1.30431685 0.00000538 0.22847224 1.09556593 0.95997118
1.30431685 0.00000538 0.22847224 1.09556593 0.95997118
1.30431685 0.00000538 0.22847224 1.09556593 0.95997118
1.30431685 0.00000538 0.22847224 1.09556593 0.95997118
1.30431685 0.00000538 0.22847224 1.09556593 0.95997118
1.30431685 0.00000538 0.22847224 1.09556593 0.95997118
1.30431685 0.00000538 0.22847224 1.09556593 0.95997118
1.30431685 0.00000538 0.22847224 1.09556593 0.95997118
1.30431685 0.00000538 0.22847224 1.09556593 0.95997118
1.30431685 0.00000538 0.22847224 1.09556593 0.95997118
1.30431685 0.00000538 0.22847224 1.09556593 0.95997118
1.30431685 0.00000538 0.22847224 1.09556593 0.95997118
1.30431685 0.00000538 0.22847224 1.09556593 0.95997118
1.30431685 0.00000538 0.22847224 1.09556593 0.95997118
1.30431685 0.00000538 0.22847224 1.09556593 0.95997118
1.30431685 0.00000538 0.22847224 1.09556593 0.95997118
1.30431685 0.00000538 0.22847224 1.09556593 0.95997118
1.30431685 0.00000538 0.22847224 1.09556593 0.95997118
1.30431685 0.00000538 0.22847224 1.09556593 0.95997118
1.30431685 0.00000538 0.22847224 1.09556593 0.95997118
1.30431685 0.00000538 0.22847224 1.09556593 0.95997118
1.30431685 0.00000538 0.22847224 1.09556593 0.95997118
1.30431685 0.00000538 0.22847224 1.09556593 0.95997118
1.30431685 0.00000538 0.22847224 1.09556593 0.95997118
1.30431685 0.00000538 0.22847224 1.09556593 0.95997118
1.30431685 0.00000538 0.22847224 1.09556593 0.95997118
1.30431685 0.00000538 0.22847224 1.09556593 0.95997118
1.30431685 0.00000538 0.22847224 1.09556593 0.95997118
1.30431685 0.00000538 0.22847224 1.09556593 0.95997118
1.30431685 0.00000538 0.22847224 1.09556593 0.95997118
1.30431685 0.00000538 0.22847224 1.09556593 0.95997118
1.30431685 0.00000538 0.22847224 1.09556593 0.95997118
1.30431685 0.00000538 0.22847224 1.09556593 0.95997118
1.30431685 0.00000538 0.22847224 1.09556593 0.95997118
1.30431685 0.00000538 0.22847224 1.09556593 0.95997118
1.30431685 0.00000538 0.22847224 1.09556593 0.95997118
1.30431685 0.00000538 0.22847224 1.09556593 0.95997118
1.30431685 0.00000538 0.22847224 1.09556593 0.95997118
1.30431685 0.00000538 0.22847224 1.09556593 0.95997118
1.30431685 0.00000538 0.22847224 1.09556593 0.95997118
1.30431685 0.00000538 0.22847224 1.09556593 0.95997118
1.30431685 0.00000538 0.22847224 1.09556593 0.95997118
1.30431685 0.00000538 0.22847224 1.09556593 0.95997118
1.30431685 0.00000538 0.22847224 1.09556593 0.95997118
1.30431685 0.00000538 0.22847224 1.09556593 0.95997118
1.30431685 0.00000538 0.22847224 1.09556593 0.95997118
1.30431685 0.00000538 0.22847224 1.09556593 0.95997118
1.30431685 0.00000538 0.22847224 1.09556593 0.95997118
1.30431685 0.00000538 0.22847224 1.09556593 0.95997118
1.30431685 0.00000538 0.22847224 1.09556593 0.95997118
1.30431685 0.00000538 0.22847224 1.09556593 0.95997118
1.30431685 0.00000538 0.22847224 1.09556593 0.95997118
1.30431685 0.00000538 0.22847224 1.09556593 0.95997118
1.30431685 0.00000538 0.22847224 1.09556593 0.95997118
1.30431685 0.00000538 0.22847224 1.09556593 0.95997118
1.30431685 0.00000538 0.22847224 1.09556593 0.95997118
1.30431685 0.00000538 0.22847224 1.09556593 0.95997118
1.30431685 0.00000538 0.22847224 1.09556593 0.95997118
1.30431685 0.00000538 0.22847224 1.09556593 0.95997118
1.30431685 0.00000538 0.22847224 1.09556593 0.95997118
1.30431685 0.00000538 0.22847224 1.09556593 0.95997118
1.30431685 0.00000538 0.22847224 1.09556593 0.95997118
1.30431685 0.00000538 0.22847224 1.09556593 0.95997118
1.30431685 0.00000538 0.22847224 1.09556593 0.95997118
1.30431685 0.00000538 0.22847224 1.09556593 0.95997118
1.30431685 0.00000538 0.22847224 1.09556593 0.95997118
1.30431685 0.00000538 0.22847224 1.09556593 0.95997118
