0.00000000 0.00000000 0.00000000 0.00000000 0.00000000
0.00000000 0.00000000 0.00000000 0.00000000 0.00000000
0.00000000 0.00000000 0.00000000 0.00000000 0.00000000
0.00000000 0.00000000 0.00000000 0.00000000 0.00000000
0.00000000 0.00000000 0.00000000 0.00000000 0.00000000
0.00000000 0.00000000 0.00000000 0.00000000 0.00000000
1.51040736 0.00000582 0.14026382 0.75180212 0.98568433
1.51040736 0.00000582 0.14026382 0.75180212 0.98568433
1.51040736 0.00000582 0.14026382 0.75180212 0.98568433
1.51040736 0.00000582 0.14026382 0.75180212 0.98568433
1.51040736 0.00000582 0.14026382 0.75180212 0.98568433
1.51040736 0.00000582 0.14026382 0.75180212 0.98568433
1.51040736 0.00000582 0.14026382 0.75180212 0.98568433
1.51040736 0.00000582 0.14026382 0.75180212 0.98568433
1.51040736 0.00000582 0.14026382 0.75180212 0.98568433
1.51040736 0.00000582 0.14026382 0.75180212 0.98568433
1.51040736 0.00000582 0.14026382 0.75180212 0.98568433
1.51040736 0.00000582 0.14026382 0.75180212 0.98568433
1.51040736 0.00000582 0.14026382 0.75180212 0.98568433
1.51040736 0.00000582 0.14026382 0.75180212 0.98568433
1.51040736 0.00000582 0.14026382 0.75180212 0.98568433
1.51040736 0.00000582 0.14026382 0.75180212 0.98568433
1.51040736 0.00000582 0.14026382 0.75180212 0.98568433
1.51040736 0.00000582 0.14026382 0.75180212 0.98568433
1.51040736 0.00000582 0.14026382 0.75180212 0.98568433
1.51040736 0.00000582 0.14026382 0.75180212 0.98568433
1.51040736 0.00000582 0.14026382 0.75180212 0.98568433
1.51040736 0.00000582 0.14026382 0.75180212 0.98568433
1.51040736 0.00000582 0.14026382 0.75180212 0.98568433
1.51040736 0.00000582 0.14026382 0.75180212 0.98568433
1.51040736 0.00000582 0.14026382 0.75180212 0.98568433
0.68202779 0.00000582 0.14026382 0.31348496 0.94806439
0.68202779 0.00000582 0.14026382 0.31348496 0.94806439
0.68202779 0.00000582 0.14026382 0.31348496 0.94806439
0.68202779 0.00000582 0.14026382 0.31348496 0.94806439
0.68202779 0.00000582 0.14026382 0.31348496 0.94806439
0.68202779 0.00000582 0.14026382 0.31348496 0.94806439
0.68202779 0.00000582 0.14026382 0.31348496 0.94806439
0.68202779 0.00000582 0.14026382 0.31348496 0.94806439
0.68202779 0.00000582 0.14026382 0.31348496 0.94806439
0.68202779 0.00000582 0.14026382 0.31348496 0.94806439
0.68202779 0.00000582 0.14026382 0.31348496 0.94806439
0.68202779 0.00000582 0.05925658 0.31348496 0.94806439
0.68202779 0.00000582 0.05925658 0.31348496 0.94806439
0.68202779 0.00000582 0.05925658 0.31348496 0.94806439
0.68202779 0.00000582 0.05925658 0.31348496 0.94806439
0.68202779 0.00000582 0.05925658 0.31348496 0.94806439
0.68202779 0.00000582 0.05925658 0.31348496 0.94806439
0.68202779 0.00000582 0.05925658 0.31348496 0.94806439
0.68202779 0.00000582 0.05925658 0.31348496 0.94806439
0.68202779 0.00000582 0.05925658 0.31348496 0.94806439
0.68202779 0.00000582 0.05925658 0.31348496 0.94806439
0.68202779 0.00000582 0.05925658 0.31348496 0.94806439
0.68202779 0.00000582 0.05925658 0.31348496 0.94806439
0.68202779 0.00000582 0.05925658 0.31348496 0.94806439
0.68202779 0.00000582 0.05925658 0.31348496 0.94806439
0.68202779 0.00000582 0.05925658 0.31348496 0.94806439
0.68202779 0.00000582 0.05925658 0.31348496 0.94806439
0.68202779 0.00000582 0.05925658 0.31348496 0.94806439
0.68202779 0.00000582 0.05925658 0.31348496 0.94806439
0.68202779 0.00000582 0.05925658 0.31348496 0.94806439
0.68202779 0.00000582 0.05925658 0.31348496 0.94806439
0.68202779 0.00000582 0.05925658 0.31348496 0.94806439
0.68202779 0.00000582 0.05925658 0.31348496 0.94806439
0.68202779 0.00000582 0.05925658 0.31348496 0.94806439
0.68202779 0.00000582 0.05925658 0.31348496 0.94806439
0.68202779 0.00000582 0.05925658 0.31348496 0.94806439
0.68202779 0.00000582 0.05925658 0.31348496 0.94806439
0.68202779 0.00000582 0.05925658 0.31348496 0.94806439
0.68202779 0.00000582 0.05925658 0.31348496 0.94806439
0.68202779 0.00000582 0.05925658 0.31348496 0.94806439
0.68202779 0.00000582 0.05925658 0.31348496 0.94806439
0.68202779 0.00000582 0.05925658 0.31348496 0.94806439
0.68202779 0.00000582 0.05925658 0.31348496 0.94806439
0.68202779 0.00000582 0.05925658 0.31348496 0.94806439
0.68202779 0.00000582 0.05925658 0.31348496 0.94806439
0.68202779 0.00000582 0.05925658 0.31348496 0.94806439
0.68202779 0.00000582 0.05925658 0.31348496 0.94806439
0.68202779 0.00000582 0.05925658 0.31348496 0.94806439
0.68202779 0.00000582 0.05925658 0.31348496 0.94806439
0.68202779 0.00000582 0.05925658 0.31348496 0.94806439
0.68202779 0.00000582 0.05925658 0.31348496 0.94806439
0.68202779 0.00000582 0.05925658 0.31348496 0.94806439
0.68202779 0.00000582 0.05925658 0.31348496 0.94806439
0.68202779 0.00000582 0.05925658 0.31348496 0.94806439
0.68202779 0.00000582 0.05925658 0.31348496 0.94806439
0.68202779 0.00000582 0.05925658 0.31348496 0.94806439
0.68202779 0.00000582 0.05925658 0.31348496 0.94806439
0.68202779 0.00000582 0.05925658 0.31348496 0.94806439
0.64678678 0.00000582 0.05925658 0.34271393 0.86192638
0.64678678 0.00000582 0.05925658 0.34271393 0.86192638
0.64678678 0.00000582 0.05925658 0.34271393 0.86192638
0.64678678 0.00000582 0.05925658 0.34271393 0.86192638
0.64678678 0.00000582 0.05925658 0.34271393 0.86192638
0.64678678 0.00000582 0.05925658 0.34271393 0.86192638
0.64678678 0.00000582 0.05925658 0.34271393 0.86192638
0.64678678 0.00000582 0.05925658 0.34271393 0.86192638
0.64678678 0.00000582 0.05925658 0.34271393 0.86192638
0.45975382 0.00000582 0.47098989 0.18646879 0.79123292
0.45975382 0.00000582 0.47098989 0.18646879 0.79123292
0.45975382 0.00000582 0.47098989 0.18646879 0.79123292
0.45975382 0.00000582 0.47098989 0.18646879 0.79123292
0.45975382 0.00000582 0.47098989 0.18646879 0.79123292
0.45975382 0.00000582 0.47098989 0.18646879 0.79123292
0.45975382 0.00000582 0.47098989 0.18646879 0.79123292
0.45975382 0.00000582 0.47098989 0.18646879 0.79123292
0.45975382 0.00000582 0.47098989 0.18646879 0.79123292
0.45975382 0.00000582 0.47098989 0.18646879 0.79123292
0.45975382 0.00000582 0.47098989 0.18646879 0.79123292
0.45975382 0.00000582 0.47098989 0.18646879 0.79123292
0.45975382 0.00000582 0.47098989 0.18646879 0.79123292
0.45975382 0.00000582 0.47098989 0.18646879 0.79123292
0.45975382 0.00000582 0.47098989 0.18646879 0.79123292
0.45975382 0.00000582 0.47098989 0.18646879 0.79123292
0.45975382 0.00000582 0.47098989 0.18646879 0.79123292
0.45975382 0.00000582 0.47098989 0.18646879 0.79123292
0.45975382 0.00000582 0.47098989 0.18646879 0.79123292
0.45975382 0.00000582 0.47098989 0.18646879 0.79123292
0.45975382 0.00000582 0.47098989 0.18646879 0.79123292
0.45975382 0.00000582 0.47098989 0.18646879 0.79123292
0.45975382 0.00000582 0.47098989 0.18646879 0.79123292
0.45975382 0.00000582 0.47098989 0.18646879 0.79123292
0.45975382 0.00000582 0.47098989 0.18646879 0.79123292
0.45975382 0.00000582 0.47098989 0.18646879 0.79123292
0.71697942 0.00000582 0.30816766 0.18442392 0.87901336
0.71697942 0.00000582 0.30816766 0.18442392 0.87901336
0.71697942 0.00000582 0.30816766 0.18442392 0.87901336
0.71697942 0.00000582 0.30816766 0.18442392 0.87901336
0.71697942 0.00000582 0.30816766 0.18442392 0.87901336
0.71697942 0.00000582 0.30816766 0.18442392 0.87901336
0.71697942 0.00000582 0.30816766 0.18442392 0.87901336
0.71697942 0.00000582 0.30816766 0.18442392 0.87901336
0.71697942 0.00000582 0.30816766 0.18442392 0.87901336
0.71697942 0.00000582 0.30816766 0.18442392 0.87901336
0.71697942 0.00000582 0.30816766 0.18442392 0.87901336
0.71697942 0.00000582 0.30816766 0.18442392 0.87901336
0.71697942 0.00000582 0.30816766 0.18442392 0.87901336
0.71697942 0.00000582 0.30816766 0.18442392 0.87901336
0.71697942 0.00000582 0.30816766 0.18442392 0.87901336
0.71697942 0.00000582 0.30816766 0.18442392 0.87901336
0.71697942 0.00000582 0.30816766 0.18442392 0.87901336
0.71697942 0.00000582 0.30816766 0.18442392 0.87901336
0.71697942 0.00000582 0.30816766 0.18442392 0.87901336
0.71697942 0.00000582 0.30816766 0.18442392 0.87901336
0.71697942 0.00000582 0.30816766 0.18442392 0.87901336
0.71697942 0.00000582 0.30816766 0.18442392 0.87901336
0.88617237 0.00000582 0.30816766 0.28471154 0.87901336
0.88617237 0.00000582 0.30816766 0.28471154 0.87901336
0.88617237 0.00000582 0.30816766 0.28471154 0.87901336
0.88617237 0.00000582 0.30816766 0.28471154 0.87901336
0.88617237 0.00000582 0.30816766 0.28471154 0.87901336
0.88617237 0.00000582 0.30816766 0.28471154 0.87901336
0.88617237 0.00000582 0.30816766 0.28471154 0.87901336
0.88617237 0.00000582 0.30816766 0.28471154 0.87901336
0.88617237 0.00000582 0.30816766 0.28471154 0.87901336
0.88617237 0.00000582 0.30816766 0.28471154 0.87901336
0.88617237 0.00000582 0.30816766 0.28471154 0.87901336
0.88617237 0.00000582 0.30816766 0.28471154 0.87901336
0.88617237 0.00000582 0.30816766 0.28471154 0.87901336
0.88617237 0.00000582 0.30816766 0.28471154 0.87901336
0.88617237 0.00000582 0.30816766 0.28471154 0.87901336
0.88617237 0.00000582 0.30816766 0.28471154 0.87901336
0.88617237 0.00000582 0.30816766 0.28471154 0.87901336
0.88617237 0.00000582 0.30816766 0.28471154 0.87901336
0.88617237 0.00000582 0.30816766 0.28471154 0.87901336
0.88617237 0.00000582 0.30816766 0.28471154 0.87901336
0.88617237 0.00000582 0.30816766 0.28471154 0.87901336
0.88617237 0.00000582 0.30816766 0.28471154 0.87901336
0.88617237 0.00000582 0.30816766 0.28471154 0.87901336
0.88617237 0.00000582 0.30816766 0.28471154 0.87901336
0.88617237 0.00000582 0.30816766 0.28471154 0.87901336
0.88617237 0.00000582 0.30816766 0.28471154 0.87901336
0.88617237 0.00000582 0.30816766 0.28471154 0.87901336
0.88617237 0.00000582 0.30816766 0.28471154 0.87901336
0.88617237 0.00000582 0.30816766 0.28471154 0.87901336
0.88617237 0.00000582 0.30816766 0.28471154 0.87901336
0.88617237 0.00000582 0.30816766 0.28471154 0.87901336
0.88617237 0.00000582 0.30816766 0.28471154 0.87901336
0.88617237 0.00000582 0.30816766 0.28471154 0.87901336
0.88617237 0.00000582 0.30816766 0.28471154 0.87901336
0.88617237 0.00000582 0.30816766 0.28471154 0.87901336
0.88617237 0.00000582 0.30816766 0.28471154 0.87901336
0.88617237 0.00000582 0.30816766 0.28471154 0.87901336
0.88617237 0.00000582 0.30816766 0.28471154 0.87901336
0.88617237 0.00000582 0.30816766 0.28471154 0.87901336
