0.00000000 0.00000000 0.00000000 0.00000000 0.00000000
1.35453534 0.00000602 0.13336475 0.70561280 1.09206241
1.28311413 0.00000600 0.13336475 0.66677988 1.11423602
1.28311413 0.00000600 0.13336475 0.66677988 1.11423602
1.19616012 0.00000591 0.04746341 0.53344727 0.96087337
1.19616012 0.00000591 0.04746341 0.53344727 0.96087337
1.09947109 0.00000589 0.04746341 0.73794388 1.03354227
1.09947109 0.00000589 0.04746341 0.73794388 1.03354227
1.09947109 0.00000589 0.04746341 0.73794388 1.03354227
1.09947109 0.00000589 0.04746341 0.73794388 1.03354227
1.09947109 0.00000589 0.04746341 0.73794388 1.03354227
1.23967088 0.00000554 0.04746341 0.58612075 1.00581646
1.23967088 0.00000554 0.04746341 0.58612075 1.00581646
1.23967088 0.00000554 0.04746341 0.58612075 1.00581646
1.23967088 0.00000554 0.04746341 0.58612075 1.00581646
1.23967088 0.00000554 0.04746341 0.58612075 1.00581646
1.23967088 0.00000554 0.04746341 0.58612075 1.00581646
1.23967088 0.00000554 0.04746341 0.58612075 1.00581646
1.23967088 0.00000554 0.04746341 0.58612075 1.00581646
1.23967088 0.00000554 0.04746341 0.58612075 1.00581646
1.23967088 0.00000554 0.04746341 0.58612075 1.00581646
1.23967088 0.00000554 0.04746341 0.58612075 1.00581646
1.29399283 0.00000554 0.04746341 0.76577903 0.96461159
1.29399283 0.00000554 0.04746341 0.76577903 0.96461159
1.29399283 0.00000554 0.04746341 0.76577903 0.96461159
1.29399283 0.00000554 0.04746341 0.76577903 0.96461159
1.29399283 0.00000554 0.04746341 0.76577903 0.96461159
1.29399283 0.00000554 0.04746341 0.76577903 0.96461159
1.29399283 0.00000554 0.04746341 0.76577903 0.96461159
1.29399283 0.00000554 0.04746341 0.76577903 0.96461159
1.29399283 0.00000554 0.04746341 0.76577903 0.96461159
1.29399283 0.00000554 0.04746341 0.76577903 0.96461159
1.29399283 0.00000554 0.04746341 0.76577903 0.96461159
1.29399283 0.00000554 0.04746341 0.76577903 0.96461159
1.29399283 0.00000554 0.04746341 0.76577903 0.96461159
1.29399283 0.00000554 0.04746341 0.76577903 0.96461159
1.29399283 0.00000554 0.04746341 0.76577903 0.96461159
1.29399283 0.00000554 0.04746341 0.76577903 0.96461159
1.29399283 0.00000554 0.04746341 0.76577903 0.96461159
1.29399283 0.00000554 0.04746341 0.76577903 0.96461159
1.29399283 0.00000554 0.04746341 0.76577903 0.96461159
1.29399283 0.00000554 0.04746341 0.76577903 0.96461159
1.29399283 0.00000554 0.04746341 0.76577903 0.96461159
1.29399283 0.00000554 0.04746341 0.76577903 0.96461159
1.29399283 0.00000554 0.04746341 0.76577903 0.96461159
1.29399283 0.00000554 0.04746341 0.76577903 0.96461159
1.29399283 0.00000554 0.04746341 0.76577903 0.96461159
1.29399283 0.00000554 0.04746341 0.76577903 0.96461159
1.29399283 0.00000554 0.04746341 0.76577903 0.96461159
1.29399283 0.00000554 0.04746341 0.76577903 0.96461159
1.29399283 0.00000554 0.04746341 0.76577903 0.96461159
1.29399283 0.00000554 0.04746341 0.76577903 0.96461159
1.29399283 0.00000554 0.04746341 0.76577903 0.96461159
1.29399283 0.00000554 0.04746341 0.76577903 0.96461159
1.29399283 0.00000554 0.04746341 0.76577903 0.96461159
1.29399283 0.00000554 0.04746341 0.76577903 0.96461159
1.29399283 0.00000554 0.04746341 0.76577903 0.96461159
1.29399283 0.00000554 0.04746341 0.76577903 0.96461159
1.29399283 0.00000554 0.04746341 0.76577903 0.96461159
1.29399283 0.00000554 0.04746341 0.76577903 0.96461159
1.29399283 0.00000554 0.04746341 0.76577903 0.96461159
1.29399283 0.00000554 0.04746341 0.76577903 0.96461159
1.29399283 0.00000554 0.04746341 0.76577903 0.96461159
1.29399283 0.00000554 0.04746341 0.76577903 0.96461159
1.29399283 0.00000554 0.04746341 0.76577903 0.96461159
1.29399283 0.00000554 0.04746341 0.76577903 0.96461159
1.29399283 0.00000554 0.04746341 0.76577903 0.96461159
1.29399283 0.00000554 0.04746341 0.76577903 0.96461159
1.29399283 0.00000554 0.04746341 0.76577903 0.96461159
1.29399283 0.00000554 0.04746341 0.76577903 0.96461159
1.29399283 0.00000554 0.04746341 0.76577903 0.96461159
1.29399283 0.00000554 0.04746341 0.76577903 0.96461159
1.29399283 0.00000554 0.04746341 0.76577903 0.96461159
1.29399283 0.00000554 0.04746341 0.76577903 0.96461159
1.29399283 0.00000554 0.04746341 0.76577903 0.96461159
1.29399283 0.00000554 0.04746341 0.76577903 0.96461159
1.29399283 0.00000554 0.04746341 0.76577903 0.96461159
1.29399283 0.00000554 0.04746341 0.76577903 0.96461159
1.29399283 0.00000554 0.04746341 0.76577903 0.96461159
1.29399283 0.00000554 0.04746341 0.76577903 0.96461159
1.29399283 0.00000554 0.04746341 0.76577903 0.96461159
1.29399283 0.00000554 0.04746341 0.76577903 0.96461159
1.29399283 0.00000554 0.04746341 0.76577903 0.96461159
1.29399283 0.00000554 0.04746341 0.76577903 0.96461159
1.29399283 0.00000554 0.04746341 0.76577903 0.96461159
1.29399283 0.00000554 0.04746341 0.76577903 0.96461159
1.29399283 0.00000554 0.04746341 0.76577903 0.96461159
1.29399283 0.00000554 0.04746341 0.76577903 0.96461159
1.29399283 0.00000554 0.04746341 0.76577903 0.96461159
1.29399283 0.00000554 0.04746341 0.76577903 0.96461159
1.29399283 0.00000554 0.04746341 0.76577903 0.96461159
1.29399283 0.00000554 0.04746341 0.76577903 0.96461159
1.29399283 0.00000554 0.04746341 0.76577903 0.96461159
1.29399283 0.00000554 0.04746341 0.76577903 0.96461159
1.29399283 0.00000554 0.04746341 0.76577903 0.96461159
1.29399283 0.00000554 0.04746341 0.76577903 0.96461159
1.29399283 0.00000554 0.04746341 0.76577903 0.96461159
1.29399283 0.00000554 0.04746341 0.76577903 0.96461159
1.29399283 0.00000554 0.04746341 0.76577903 0.96461159
1.29399283 0.00000554 0.04746341 0.76577903 0.96461159
1.29399283 0.00000554 0.04746341 0.76577903 0.96461159
1.29399283 0.00000554 0.04746341 0.76577903 0.96461159
1.29399283 0.00000554 0.04746341 0.76577903 0.96461159
1.29399283 0.00000554 0.04746341 0.76577903 0.96461159
1.29399283 0.00000554 0.04746341 0.76577903 0.96461159
1.29399283 0.00000554 0.04746341 0.76577903 0.96461159
1.29399283 0.00000554 0.04746341 0.76577903 0.96461159
1.29399283 0.00000554 0.04746341 0.76577903 0.96461159
1.29399283 0.00000554 0.04746341 0.76577903 0.96461159
1.29399283 0.00000554 0.04746341 0.76577903 0.96461159
1.29399283 0.00000554 0.04746341 0.76577903 0.96461159
1.29399283 0.00000554 0.04746341 0.76577903 0.96461159
1.29399283 0.00000554 0.04746341 0.76577903 0.96461159
1.29399283 0.00000554 0.04746341 0.76577903 0.96461159
1.29399283 0.00000554 0.04746341 0.76577903 0.96461159
1.29399283 0.00000554 0.04746341 0.76577903 0.96461159
1.29399283 0.00000554 0.04746341 0.76577903 0.96461159
1.29399283 0.00000554 0.04746341 0.76577903 0.96461159
1.29399283 0.00000554 0.04746341 0.76577903 0.96461159
1.29399283 0.00000554 0.04746341 0.76577903 0.96461159
1.29399283 0.00000554 0.04746341 0.76577903 0.96461159
1.29399283 0.00000554 0.04746341 0.76577903 0.96461159
1.29399283 0.00000554 0.04746341 0.76577903 0.96461159
1.29399283 0.00000554 0.04746341 0.76577903 0.96461159
1.29399283 0.00000554 0.04746341 0.76577903 0.96461159
1.29399283 0.00000554 0.04746341 0.76577903 0.96461159
1.29399283 0.00000554 0.04746341 0.76577903 0.96461159
1.29399283 0.00000554 0.04746341 0.76577903 0.96461159
1.29399283 0.00000554 0.04746341 0.76577903 0.96461159
1.29399283 0.00000554 0.04746341 0.76577903 0.96461159
1.29399283 0.00000554 0.04746341 0.76577903 0.96461159
1.29399283 0.00000554 0.04746341 0.76577903 0.96461159
1.29399283 0.00000554 0.04746341 0.76577903 0.96461159
1.29399283 0.00000554 0.04746341 0.76577903 0.96461159
1.29399283 0.00000554 0.04746341 0.76577903 0.96461159
1.29399283 0.00000554 0.04746341 0.76577903 0.96461159
1.29399283 0.00000554 0.04746341 0.76577903 0.96461159
1.29399283 0.00000554 0.04746341 0.76577903 0.96461159
1.29399283 0.00000554 0.04746341 0.76577903 0.96461159
1.29399283 0.00000554 0.04746341 0.76577903 0.96461159
1.29399283 0.00000554 0.04746341 0.76577903 0.96461159
1.29399283 0.00000554 0.04746341 0.76577903 0.96461159
1.29399283 0.00000554 0.04746341 0.76577903 0.96461159
1.29399283 0.00000554 0.04746341 0.76577903 0.96461159
1.29399283 0.00000554 0.04746341 0.76577903 0.96461159
1.29399283 0.00000554 0.04746341 0.76577903 0.96461159
1.29399283 0.00000554 0.04746341 0.76577903 0.96461159
1.29399283 0.00000554 0.04746341 0.76577903 0.96461159
1.29399283 0.00000554 0.04746341 0.76577903 0.96461159
1.29399283 0.00000554 0.04746341 0.76577903 0.96461159
1.29399283 0.00000554 0.04746341 0.76577903 0.96461159
1.29399283 0.00000554 0.04746341 0.76577903 0.96461159
1.29399283 0.00000554 0.04746341 0.76577903 0.96461159
1.29399283 0.00000554 0.04746341 0.76577903 0.96461159
1.29399283 0.00000554 0.04746341 0.76577903 0.96461159
1.29399283 0.00000554 0.04746341 0.76577903 0.96461159
1.29399283 0.00000554 0.04746341 0.76577903 0.96461159
1.29399283 0.00000554 0.04746341 0.76577903 0.96461159
1.29399283 0.00000554 0.04746341 0.76577903 0.96461159
1.29399283 0.00000554 0.04746341 0.76577903 0.96461159
1.29399283 0.00000554 0.04746341 0.76577903 0.96461159
1.29399283 0.00000554 0.04746341 0.76577903 0.96461159
1.29399283 0.00000554 0.04746341 0.76577903 0.96461159
1.29399283 0.00000554 0.04746341 0.76577903 0.96461159
1.29399283 0.00000554 0.04746341 0.76577903 0.96461159
1.29399283 0.00000554 0.04746341 0.76577903 0.96461159
1.29399283 0.00000554 0.04746341 0.76577903 0.96461159
1.29399283 0.00000554 0.04746341 0.76577903 0.96461159
1.29399283 0.00000554 0.04746341 0.76577903 0.96461159
1.29399283 0.00000554 0.04746341 0.76577903 0.96461159
1.29399283 0.00000554 0.04746341 0.76577903 0.96461159
1.29399283 0.00000554 0.04746341 0.76577903 0.96461159
1.29399283 0.00000554 0.04746341 0.76577903 0.96461159
1.29399283 0.00000554 0.04746341 0.76577903 0.96461159
1.29399283 0.00000554 0.04746341 0.76577903 0.96461159
1.29399283 0.00000554 0.04746341 0.76577903 0.96461159
1.29399283 0.00000554 0.04746341 0.76577903 0.96461159
1.29399283 0.00000554 0.04746341 0.76577903 0.96461159
1.29399283 0.00000554 0.04746341 0.76577903 0.96461159
1.29399283 0.00000554 0.04746341 0.76577903 0.96461159
1.29399283 0.00000554 0.04746341 0.76577903 0.96461159
1.29399283 0.00000554 0.04746341 0.76577903 0.96461159
1.29399283 0.00000554 0.04746341 0.76577903 0.96461159
1.29399283 0.00000554 0.04746341 0.76577903 0.96461159
