1.11776694 0.00000600 0.04084979 0.91315391 1.13218515
1.02990125 0.00000603 0.00781925 0.77296458 1.04314120
1.02990125 0.00000603 0.00781925 0.77296458 1.04314120
1.02990125 0.00000603 0.00781925 0.77296458 1.04314120
1.02990125 0.00000603 0.00781925 0.77296458 1.04314120
1.02990125 0.00000603 0.00781925 0.77296458 1.04314120
1.02990125 0.00000603 0.00781925 0.77296458 1.04314120
1.02990125 0.00000603 0.00781925 0.77296458 1.04314120
1.02990125 0.00000603 0.00781925 0.77296458 1.04314120
1.02990125 0.00000603 0.00781925 0.77296458 1.04314120
1.02990125 0.00000603 0.00781925 0.77296458 1.04314120
1.02990125 0.00000603 0.00781925 0.77296458 1.04314120
1.02990125 0.00000603 0.00781925 0.77296458 1.04314120
1.02990125 0.00000603 0.00781925 0.77296458 1.04314120
1.02990125 0.00000603 0.00781925 0.77296458 1.04314120
1.02990125 0.00000603 0.00781925 0.77296458 1.04314120
1.02990125 0.00000603 0.00781925 0.77296458 1.04314120
0.96432163 0.00000603 0.00781925 1.17034112 0.98993739
0.96432163 0.00000603 0.00781925 1.17034112 0.98993739
0.96432163 0.00000603 0.00781925 1.17034112 0.98993739
0.96432163 0.00000603 0.00781925 1.17034112 0.98993739
0.96432163 0.00000603 0.00781925 1.17034112 0.98993739
0.96432163 0.00000603 0.00781925 1.17034112 0.98993739
0.96432163 0.00000603 0.00781925 1.17034112 0.98993739
0.96432163 0.00000603 0.00781925 1.17034112 0.98993739
0.96432163 0.00000603 0.00781925 1.17034112 0.98993739
0.96432163 0.00000603 0.00781925 1.17034112 0.98993739
0.96432163 0.00000603 0.00781925 1.17034112 0.98993739
0.96432163 0.00000603 0.00781925 1.17034112 0.98993739
0.96432163 0.00000603 0.00781925 1.17034112 0.98993739
0.96432163 0.00000603 0.00781925 1.17034112 0.98993739
0.96432163 0.00000603 0.00781925 1.17034112 0.98993739
0.96432163 0.00000603 0.00781925 1.17034112 0.98993739
0.96432163 0.00000603 0.00781925 1.17034112 0.98993739
0.96432163 0.00000603 0.00781925 1.17034112 0.98993739
0.96432163 0.00000603 0.00781925 1.17034112 0.98993739
0.96432163 0.00000603 0.00781925 1.17034112 0.98993739
0.96432163 0.00000603 0.00781925 1.17034112 0.98993739
0.96432163 0.00000603 0.00781925 1.17034112 0.98993739
0.96432163 0.00000603 0.00781925 1.17034112 0.98993739
0.96432163 0.00000603 0.00781925 1.17034112 0.98993739
0.96432163 0.00000603 0.00781925 1.17034112 0.98993739
0.96432163 0.00000603 0.00781925 1.17034112 0.98993739
0.96432163 0.00000603 0.00781925 1.17034112 0.98993739
0.96432163 0.00000603 0.00781925 1.17034112 0.98993739
0.96432163 0.00000603 0.00781925 1.17034112 0.98993739
0.96432163 0.00000603 0.00781925 1.17034112 0.98993739
0.96432163 0.00000603 0.00781925 1.17034112 0.98993739
0.94323154 0.00000603 0.20311669 0.83761084 0.98993739
0.94323154 0.00000603 0.20311669 0.83761084 0.98993739
0.94323154 0.00000603 0.20311669 0.83761084 0.98993739
0.94323154 0.00000603 0.20311669 0.83761084 0.98993739
0.94323154 0.00000603 0.20311669 0.83761084 0.98993739
0.94323154 0.00000603 0.20311669 0.83761084 0.98993739
0.94323154 0.00000603 0.20311669 0.83761084 0.98993739
0.94323154 0.00000603 0.20311669 0.83761084 0.98993739
0.94323154 0.00000603 0.20311669 0.83761084 0.98993739
0.94323154 0.00000603 0.20311669 0.83761084 0.98993739
0.94323154 0.00000603 0.20311669 0.83761084 0.98993739
0.94323154 0.00000603 0.20311669 0.83761084 0.98993739
0.94323154 0.00000603 0.20311669 0.83761084 0.98993739
0.94323154 0.00000603 0.20311669 0.83761084 0.98993739
0.94323154 0.00000603 0.20311669 0.83761084 0.98993739
0.94323154 0.00000603 0.20311669 0.83761084 0.98993739
0.94323154 0.00000603 0.20311669 0.83761084 0.98993739
0.94323154 0.00000603 0.20311669 0.83761084 0.98993739
0.94323154 0.00000603 0.20311669 0.83761084 0.98993739
0.94323154 0.00000603 0.20311669 0.83761084 0.98993739
0.94323154 0.00000603 0.20311669 0.83761084 0.98993739
0.94323154 0.00000603 0.20311669 0.83761084 0.98993739
0.94323154 0.00000603 0.20311669 0.83761084 0.98993739
0.94323154 0.00000603 0.20311669 0.83761084 0.98993739
0.94323154 0.00000603 0.20311669 0.83761084 0.98993739
0.94323154 0.00000603 0.20311669 0.83761084 0.98993739
0.94323154 0.00000603 0.20311669 0.83761084 0.98993739
0.94323154 0.00000603 0.20311669 0.83761084 0.98993739
0.94323154 0.00000603 0.20311669 0.83761084 0.98993739
0.94323154 0.00000603 0.20311669 0.83761084 0.98993739
0.94323154 0.00000603 0.20311669 0.83761084 0.98993739
0.94323154 0.00000603 0.20311669 0.83761084 0.98993739
0.94323154 0.00000603 0.20311669 0.83761084 0.98993739
0.94323154 0.00000603 0.20311669 0.83761084 0.98993739
0.94323154 0.00000603 0.20311669 0.83761084 0.98993739
0.94323154 0.00000603 0.20311669 0.83761084 0.98993739
0.94323154 0.00000603 0.20311669 0.83761084 0.98993739
0.94323154 0.00000603 0.20311669 0.83761084 0.98993739
0.94323154 0.00000603 0.20311669 0.83761084 0.98993739
0.94323154 0.00000603 0.20311669 0.83761084 0.98993739
0.94323154 0.00000603 0.20311669 0.83761084 0.98993739
0.94323154 0.00000603 0.20311669 0.83761084 0.98993739
0.94323154 0.00000603 0.20311669 0.83761084 0.98993739
0.94323154 0.00000603 0.20311669 0.83761084 0.98993739
0.94323154 0.00000603 0.20311669 0.83761084 0.98993739
0.94323154 0.00000603 0.20311669 0.83761084 0.98993739
0.94323154 0.00000603 0.20311669 0.83761084 0.98993739
0.94323154 0.00000603 0.20311669 0.83761084 0.98993739
0.94323154 0.00000603 0.20311669 0.83761084 0.98993739
0.94323154 0.00000603 0.20311669 0.83761084 0.98993739
0.94323154 0.00000603 0.20311669 0.83761084 0.98993739
0.94323154 0.00000603 0.20311669 0.83761084 0.98993739
0.94323154 0.00000603 0.20311669 0.83761084 0.98993739
0.94323154 0.00000603 0.20311669 0.83761084 0.98993739
0.94323154 0.00000603 0.20311669 0.83761084 0.98993739
0.94323154 0.00000603 0.20311669 0.83761084 0.98993739
0.94323154 0.00000603 0.20311669 0.83761084 0.98993739
0.94323154 0.00000603 0.20311669 0.83761084 0.98993739
0.94323154 0.00000603 0.20311669 0.83761084 0.98993739
0.94323154 0.00000603 0.20311669 0.83761084 0.98993739
0.94323154 0.00000603 0.20311669 0.83761084 0.98993739
0.94323154 0.00000603 0.20311669 0.83761084 0.98993739
0.94323154 0.00000603 0.20311669 0.83761084 0.98993739
0.94323154 0.00000603 0.20311669 0.83761084 0.98993739
0.94323154 0.00000603 0.20311669 0.83761084 0.98993739
0.94323154 0.00000603 0.20311669 0.83761084 0.98993739
0.94323154 0.00000603 0.20311669 0.83761084 0.98993739
0.94323154 0.00000603 0.20311669 0.83761084 0.98993739
0.94323154 0.00000603 0.20311669 0.83761084 0.98993739
0.94323154 0.00000603 0.20311669 0.83761084 0.98993739
0.94323154 0.00000603 0.20311669 0.83761084 0.98993739
0.94323154 0.00000603 0.20311669 0.83761084 0.98993739
0.94323154 0.00000603 0.20311669 0.83761084 0.98993739
0.94323154 0.00000603 0.20311669 0.83761084 0.98993739
0.94323154 0.00000603 0.20311669 0.83761084 0.98993739
0.94323154 0.00000603 0.20311669 0.83761084 0.98993739
0.94323154 0.00000603 0.20311669 0.83761084 0.98993739
0.94323154 0.00000603 0.20311669 0.83761084 0.98993739
0.94323154 0.00000603 0.20311669 0.83761084 0.98993739
0.94323154 0.00000603 0.20311669 0.83761084 0.98993739
0.94323154 0.00000603 0.20311669 0.83761084 0.98993739
0.94323154 0.00000603 0.20311669 0.83761084 0.98993739
0.94323154 0.00000603 0.20311669 0.83761084 0.98993739
0.94323154 0.00000603 0.20311669 0.83761084 0.98993739
0.94323154 0.00000603 0.20311669 0.83761084 0.98993739
0.94323154 0.00000603 0.20311669 0.83761084 0.98993739
0.94323154 0.00000603 0.20311669 0.83761084 0.98993739
0.94323154 0.00000603 0.20311669 0.83761084 0.98993739
0.94323154 0.00000603 0.20311669 0.83761084 0.98993739
0.94323154 0.00000603 0.20311669 0.83761084 0.98993739
0.94323154 0.00000603 0.20311669 0.83761084 0.98993739
0.94323154 0.00000603 0.20311669 0.83761084 0.98993739
0.94323154 0.00000603 0.20311669 0.83761084 0.98993739
0.94323154 0.00000603 0.20311669 0.83761084 0.98993739
0.94323154 0.00000603 0.20311669 0.83761084 0.98993739
0.94323154 0.00000603 0.20311669 0.83761084 0.98993739
0.94323154 0.00000603 0.20311669 0.83761084 0.98993739
0.94323154 0.00000603 0.20311669 0.83761084 0.98993739
0.94323154 0.00000603 0.20311669 0.83761084 0.98993739
0.94323154 0.00000603 0.20311669 0.83761084 0.98993739
0.94323154 0.00000603 0.20311669 0.83761084 0.98993739
0.94323154 0.00000603 0.20311669 0.83761084 0.98993739
0.94323154 0.00000603 0.20311669 0.83761084 0.98993739
0.94323154 0.00000603 0.20311669 0.83761084 0.98993739
0.94323154 0.00000603 0.20311669 0.83761084 0.98993739
0.94323154 0.00000603 0.20311669 0.83761084 0.98993739
0.94323154 0.00000603 0.20311669 0.83761084 0.98993739
0.94323154 0.00000603 0.20311669 0.83761084 0.98993739
0.94323154 0.00000603 0.20311669 0.83761084 0.98993739
0.94323154 0.00000603 0.20311669 0.83761084 0.98993739
0.94323154 0.00000603 0.20311669 0.83761084 0.98993739
0.94323154 0.00000603 0.20311669 0.83761084 0.98993739
0.94323154 0.00000603 0.20311669 0.83761084 0.98993739
0.94323154 0.00000603 0.20311669 0.83761084 0.98993739
0.94323154 0.00000603 0.20311669 0.83761084 0.98993739
0.94323154 0.00000603 0.20311669 0.83761084 0.98993739
0.94323154 0.00000603 0.20311669 0.83761084 0.98993739
0.94323154 0.00000603 0.20311669 0.83761084 0.98993739
0.94323154 0.00000603 0.20311669 0.83761084 0.98993739
0.94323154 0.00000603 0.20311669 0.83761084 0.98993739
0.94323154 0.00000603 0.20311669 0.83761084 0.98993739
0.94323154 0.00000603 0.20311669 0.83761084 0.98993739
0.94323154 0.00000603 0.20311669 0.83761084 0.98993739
0.94323154 0.00000603 0.20311669 0.83761084 0.98993739
0.94323154 0.00000603 0.20311669 0.83761084 0.98993739
0.94323154 0.00000603 0.20311669 0.83761084 0.98993739
0.94323154 0.00000603 0.20311669 0.83761084 0.98993739
0.94323154 0.00000603 0.20311669 0.83761084 0.98993739
0.94323154 0.00000603 0.20311669 0.83761084 0.98993739
0.94323154 0.00000603 0.20311669 0.83761084 0.98993739
0.94323154 0.00000603 0.20311669 0.83761084 0.98993739
0.94323154 0.00000603 0.20311669 0.83761084 0.98993739
0.94323154 0.00000603 0.20311669 0.83761084 0.98993739
0.94323154 0.00000603 0.20311669 0.83761084 0.98993739
0.94323154 0.00000603 0.20311669 0.83761084 0.98993739
0.94323154 0.00000603 0.20311669 0.83761084 0.98993739
0.94323154 0.00000603 0.20311669 0.83761084 0.98993739
