-98723.91 nan -98723.91
-98172.86 nan -98172.86
-97949.37 nan -97949.37
-98627.04 nan -98627.04
-91313.41 nan -91313.41
-87910.24 nan -87910.24
-73210.41 nan -73210.41
-79513.23 nan -79513.23
-75444.98 nan -75444.98
-72296.02 nan -72296.02
-70746.44 nan -70746.44
-77003.90 nan -77003.90
-74978.64 nan -74978.64
-79928.37 nan -79928.37
-82404.33 nan -82404.33
-89792.64 nan -89792.64
-68355.93 nan -68355.93
-67008.81 nan -67008.81
-83699.61 nan -83699.61
-80121.03 nan -80121.03
-85878.40 nan -85878.40
-80294.51 nan -80294.51
-77224.23 nan -77224.23
-82907.41 nan -82907.41
-80540.34 nan -80540.34
-70778.57 nan -70778.57
-85107.61 nan -85107.61
-87681.73 nan -87681.73
-76539.80 nan -76539.80
-73346.97 nan -73346.97
-82422.96 nan -82422.96
-71497.27 nan -71497.27
-72258.17 nan -72258.17
-70927.81 nan -70927.81
-80783.79 nan -80783.79
-78817.33 nan -78817.33
-80004.65 nan -80004.65
-84082.24 nan -84082.24
-85487.92 nan -85487.92
-89767.53 nan -89767.53
-82923.14 nan -82923.14
-75424.22 nan -75424.22
-74803.34 nan -74803.34
-87194.67 nan -87194.67
-75087.73 nan -75087.73
-76091.54 nan -76091.54
-84642.19 nan -84642.19
-92193.10 nan -92193.10
-80856.52 nan -80856.52
-80693.01 nan -80693.01
-78512.12 nan -78512.12
-70996.66 nan -70996.66
-86277.93 nan -86277.93
-68313.79 nan -68313.79
-72323.49 nan -72323.49
-67008.81 nan -67008.81
-67815.99 nan -67815.99
-69484.95 nan -69484.95
-77450.92 nan -77450.92
-67513.48 nan -67513.48
-75465.59 nan -75465.59
-67840.15 nan -67840.15
-69258.27 nan -69258.27
-67273.49 nan -67273.49
-84456.62 nan -84456.62
-72861.77 nan -72861.77
-74827.47 nan -74827.47
-84023.09 nan -84023.09
-86360.55 nan -86360.55
-91680.90 nan -91680.90
-70336.03 nan -70336.03
-80376.21 nan -80376.21
-78429.26 nan -78429.26
-85483.41 nan -85483.41
-76105.09 nan -76105.09
-71434.62 nan -71434.62
-78600.08 nan -78600.08
-68766.73 nan -68766.73
-77651.10 nan -77651.10
-81605.86 nan -81605.86
-83348.97 nan -83348.97
-85169.68 nan -85169.68
-76094.05 nan -76094.05
-72475.56 nan -72475.56
-74395.86 nan -74395.86
-80976.09 nan -80976.09
-83814.54 nan -83814.54
-76221.98 nan -76221.98
-83990.28 nan -83990.28
-73327.73 nan -73327.73
-86824.96 nan -86824.96
-79792.73 nan -79792.73
-75991.45 nan -75991.45
-72255.66 nan -72255.66
-68991.12 nan -68991.12
-73376.26 nan -73376.26
-68342.79 nan -68342.79
-75178.75 nan -75178.75
-67042.97 nan -67042.97
-83233.91 nan -83233.91
-79568.91 nan -79568.91
-74158.78 nan -74158.78
-74274.67 nan -74274.67
-77194.38 nan -77194.38
-80235.60 nan -80235.60
-83350.35 nan -83350.35
-75352.46 nan -75352.46
-90580.41 nan -90580.41
-77486.06 nan -77486.06
-85488.00 nan -85488.00
-83909.08 nan -83909.08
-85300.81 nan -85300.81
-75390.92 nan -75390.92
-80750.40 nan -80750.40
-66940.29 nan -66940.29
-86643.14 nan -86643.14
-68052.60 nan -68052.60
-85311.30 nan -85311.30
-81538.65 nan -81538.65
-74657.52 nan -74657.52
-68688.06 nan -68688.06
-75339.15 nan -75339.15
-85229.98 nan -85229.98
-78143.92 nan -78143.92
-80668.30 nan -80668.30
-93972.93 nan -93972.93
-84139.34 nan -84139.34
-83279.33 nan -83279.33
-69242.66 nan -69242.66
-67084.20 nan -67084.20
-75402.80 nan -75402.80
-69519.96 nan -69519.96
-79732.71 nan -79732.71
-67082.46 nan -67082.46
-68877.88 nan -68877.88
-77705.17 nan -77705.17
-76756.83 nan -76756.83
-80080.99 nan -80080.99
-79445.67 nan -79445.67
-69578.73 nan -69578.73
-84062.10 nan -84062.10
-84198.37 nan -84198.37
-85191.05 nan -85191.05
-79008.64 nan -79008.64
-77257.46 nan -77257.46
-74438.86 nan -74438.86
-79813.92 nan -79813.92
-73872.87 nan -73872.87
-73524.86 nan -73524.86
-74852.87 nan -74852.87
-82417.06 nan -82417.06
-71112.63 nan -71112.63
-83668.70 nan -83668.70
-83852.30 nan -83852.30
-86970.28 nan -86970.28
-67990.45 nan -67990.45
-88766.73 nan -88766.73
-77362.36 nan -77362.36
-75647.80 nan -75647.80
-72808.72 nan -72808.72
-85799.03 nan -85799.03
-87214.53 nan -87214.53
-75173.62 nan -75173.62
-75273.01 nan -75273.01
-69051.76 nan -69051.76
-78958.05 nan -78958.05
-67349.93 nan -67349.93
-69150.64 nan -69150.64
-68447.63 nan -68447.63
-86184.36 nan -86184.36
-76972.47 nan -76972.47
