-198380.99 nan -198380.99
-194251.17 nan -194251.17
-196552.04 nan -196552.04
-188533.44 nan -188533.44
-182995.72 nan -182995.72
-169563.29 nan -169563.29
-152281.46 nan -152281.46
-143421.66 nan -143421.66
-145309.21 nan -145309.21
-142708.46 nan -142708.46
-151187.98 nan -151187.98
-154182.64 nan -154182.64
-146313.41 nan -146313.41
-179940.80 nan -179940.80
-159298.66 nan -159298.66
-174086.91 nan -174086.91
-137883.45 nan -137883.45
-139430.85 nan -139430.85
-168241.83 nan -168241.83
-151801.82 nan -151801.82
-177199.36 nan -177199.36
-178321.24 nan -178321.24
-173202.85 nan -173202.85
-161811.53 nan -161811.53
-162315.00 nan -162315.00
-173165.32 nan -173165.32
-149140.25 nan -149140.25
-148869.84 nan -148869.84
-184879.82 nan -184879.82
-140899.79 nan -140899.79
-148631.97 nan -148631.97
-165239.92 nan -165239.92
-139293.49 nan -139293.49
-152659.92 nan -152659.92
-175992.36 nan -175992.36
-182822.65 nan -182822.65
-153685.17 nan -153685.17
-156992.14 nan -156992.14
-171741.00 nan -171741.00
-179632.47 nan -179632.47
-187114.94 nan -187114.94
-166538.55 nan -166538.55
-186040.61 nan -186040.61
-138124.63 nan -138124.63
-185462.89 nan -185462.89
-145805.79 nan -145805.79
-185760.68 nan -185760.68
-185105.89 nan -185105.89
-150703.47 nan -150703.47
-141512.93 nan -141512.93
-138124.63 nan -138124.63
-162468.12 nan -162468.12
-151175.97 nan -151175.97
-158776.62 nan -158776.62
-135879.55 nan -135879.55
-141618.11 nan -141618.11
-156467.42 nan -156467.42
-183483.70 nan -183483.70
-174767.29 nan -174767.29
-134652.74 nan -134652.74
-181390.92 nan -181390.92
-133908.24 nan -133908.24
-170916.39 nan -170916.39
-142085.36 nan -142085.36
-149399.03 nan -149399.03
-150863.57 nan -150863.57
-171985.09 nan -171985.09
-133908.24 nan -133908.24
-133908.24 nan -133908.24
-143393.61 nan -143393.61
-171201.84 nan -171201.84
-142605.29 nan -142605.29
-162369.81 nan -162369.81
-159506.27 nan -159506.27
-149109.62 nan -149109.62
-165981.46 nan -165981.46
-157941.89 nan -157941.89
-186708.47 nan -186708.47
-134611.63 nan -134611.63
-134197.98 nan -134197.98
-151123.03 nan -151123.03
-138730.77 nan -138730.77
-144200.84 nan -144200.84
-138706.06 nan -138706.06
-156788.80 nan -156788.80
-161274.74 nan -161274.74
-170598.44 nan -170598.44
-166453.59 nan -166453.59
-148302.75 nan -148302.75
-149433.25 nan -149433.25
-167123.64 nan -167123.64
-147811.01 nan -147811.01
-157042.46 nan -157042.46
-170659.55 nan -170659.55
-151016.55 nan -151016.55
-134563.16 nan -134563.16
-163837.95 nan -163837.95
-146850.99 nan -146850.99
-148831.86 nan -148831.86
-141834.97 nan -141834.97
-159898.78 nan -159898.78
-140887.10 nan -140887.10
-138284.70 nan -138284.70
-163245.76 nan -163245.76
-153986.63 nan -153986.63
-175245.92 nan -175245.92
-155999.01 nan -155999.01
-133908.24 nan -133908.24
-133908.24 nan -133908.24
-149322.12 nan -149322.12
-147897.70 nan -147897.70
-161336.17 nan -161336.17
-140423.88 nan -140423.88
-133908.24 nan -133908.24
-153345.80 nan -153345.80
-161842.83 nan -161842.83
-153455.68 nan -153455.68
-159120.11 nan -159120.11
-144687.26 nan -144687.26
-138453.24 nan -138453.24
-167371.00 nan -167371.00
-156204.50 nan -156204.50
-165397.08 nan -165397.08
-150841.40 nan -150841.40
-184492.01 nan -184492.01
-152864.02 nan -152864.02
-160138.14 nan -160138.14
-173565.47 nan -173565.47
-162440.84 nan -162440.84
-172726.82 nan -172726.82
-158988.06 nan -158988.06
-160381.67 nan -160381.67
-150762.25 nan -150762.25
-141923.66 nan -141923.66
-168100.75 nan -168100.75
-161152.70 nan -161152.70
-174214.81 nan -174214.81
-179832.93 nan -179832.93
-150342.48 nan -150342.48
-165788.56 nan -165788.56
-175813.87 nan -175813.87
-138201.86 nan -138201.86
-143566.63 nan -143566.63
-144941.44 nan -144941.44
-171911.26 nan -171911.26
-156066.98 nan -156066.98
-145708.76 nan -145708.76
-138528.73 nan -138528.73
-139987.98 nan -139987.98
-156801.46 nan -156801.46
-180593.76 nan -180593.76
-164545.36 nan -164545.36
-170990.23 nan -170990.23
-146548.41 nan -146548.41
-148072.77 nan -148072.77
-160398.30 nan -160398.30
-158434.48 nan -158434.48
-148849.55 nan -148849.55
-145896.39 nan -145896.39
-161626.76 nan -161626.76
-149031.35 nan -149031.35
-135882.15 nan -135882.15
-155490.43 nan -155490.43
-142043.74 nan -142043.74
-145712.05 nan -145712.05
-137576.85 nan -137576.85
-148101.24 nan -148101.24
-161575.51 nan -161575.51
-155632.71 nan -155632.71
-159456.19 nan -159456.19
-156717.40 nan -156717.40
-152840.58 nan -152840.58
