-145305.63 nan -145305.63
-144440.25 nan -144440.25
-141621.45 nan -141621.45
-129110.44 nan -129110.44
-121247.20 nan -121247.20
-105735.94 nan -105735.94
-111113.56 nan -111113.56
-109900.73 nan -109900.73
-104341.19 nan -104341.19
-102460.22 nan -102460.22
-109448.40 nan -109448.40
-104803.14 nan -104803.14
-122507.20 nan -122507.20
-131493.77 nan -131493.77
-137859.70 nan -137859.70
-100547.31 nan -100547.31
-104567.69 nan -104567.69
-103256.44 nan -103256.44
-109441.86 nan -109441.86
-100660.57 nan -100660.57
-144170.96 nan -144170.96
-104872.59 nan -104872.59
-119036.62 nan -119036.62
-121920.97 nan -121920.97
-130632.18 nan -130632.18
-101523.14 nan -101523.14
-116886.65 nan -116886.65
-135496.77 nan -135496.77
-131270.21 nan -131270.21
-116029.87 nan -116029.87
-126120.22 nan -126120.22
-101990.29 nan -101990.29
-132350.63 nan -132350.63
-98891.14 nan -98891.14
-115773.83 nan -115773.83
-115502.71 nan -115502.71
-127833.31 nan -127833.31
-98891.14 nan -98891.14
-133578.71 nan -133578.71
-102407.84 nan -102407.84
-130471.85 nan -130471.85
-123240.66 nan -123240.66
-107412.47 nan -107412.47
-122025.15 nan -122025.15
-123778.90 nan -123778.90
-120869.38 nan -120869.38
-134880.22 nan -134880.22
-134226.50 nan -134226.50
-104042.11 nan -104042.11
-125330.86 nan -125330.86
-133834.32 nan -133834.32
-129393.30 nan -129393.30
-127586.60 nan -127586.60
-112114.39 nan -112114.39
-99091.67 nan -99091.67
-104134.21 nan -104134.21
-109656.00 nan -109656.00
-100040.41 nan -100040.41
-116913.00 nan -116913.00
-138092.47 nan -138092.47
-109078.03 nan -109078.03
-117116.02 nan -117116.02
-113517.38 nan -113517.38
-107032.00 nan -107032.00
-111430.22 nan -111430.22
-111346.89 nan -111346.89
-126908.47 nan -126908.47
-109182.00 nan -109182.00
-110929.64 nan -110929.64
-117062.96 nan -117062.96
-129676.52 nan -129676.52
-99137.11 nan -99137.11
-107377.10 nan -107377.10
-120330.30 nan -120330.30
-120064.22 nan -120064.22
-127431.57 nan -127431.57
-111127.11 nan -111127.11
-99674.12 nan -99674.12
-102990.28 nan -102990.28
-128860.54 nan -128860.54
-115270.94 nan -115270.94
-117151.01 nan -117151.01
-123484.21 nan -123484.21
-118508.58 nan -118508.58
-123906.17 nan -123906.17
-133066.99 nan -133066.99
-101288.06 nan -101288.06
-128956.98 nan -128956.98
-127549.05 nan -127549.05
-100820.93 nan -100820.93
-99524.13 nan -99524.13
-99194.67 nan -99194.67
-116833.73 nan -116833.73
-99150.13 nan -99150.13
-127839.03 nan -127839.03
-99983.05 nan -99983.05
-112368.19 nan -112368.19
-99642.62 nan -99642.62
-130361.73 nan -130361.73
-100338.96 nan -100338.96
-127157.92 nan -127157.92
-127179.11 nan -127179.11
-122618.71 nan -122618.71
-121574.57 nan -121574.57
-115112.88 nan -115112.88
-126848.29 nan -126848.29
-99901.89 nan -99901.89
-140815.34 nan -140815.34
-102679.86 nan -102679.86
-121374.45 nan -121374.45
-120740.80 nan -120740.80
-105434.02 nan -105434.02
-119205.56 nan -119205.56
-124803.44 nan -124803.44
-109278.66 nan -109278.66
-126475.15 nan -126475.15
-105842.68 nan -105842.68
-99935.34 nan -99935.34
-103127.16 nan -103127.16
-110275.10 nan -110275.10
-103119.29 nan -103119.29
-112858.16 nan -112858.16
-132828.68 nan -132828.68
-102918.00 nan -102918.00
-127017.62 nan -127017.62
-136961.34 nan -136961.34
-122557.94 nan -122557.94
-118783.66 nan -118783.66
-104348.41 nan -104348.41
-111265.40 nan -111265.40
-100627.04 nan -100627.04
-98780.32 nan -98780.32
-103228.86 nan -103228.86
-103270.86 nan -103270.86
-99726.89 nan -99726.89
-113237.37 nan -113237.37
-126059.73 nan -126059.73
-127132.03 nan -127132.03
-124538.12 nan -124538.12
-124331.93 nan -124331.93
-127603.21 nan -127603.21
-129343.00 nan -129343.00
-107820.70 nan -107820.70
-119324.14 nan -119324.14
-105642.96 nan -105642.96
-138810.29 nan -138810.29
-103929.47 nan -103929.47
-104425.91 nan -104425.91
-120002.10 nan -120002.10
-131852.70 nan -131852.70
-102410.29 nan -102410.29
-100500.10 nan -100500.10
-105322.43 nan -105322.43
-106393.39 nan -106393.39
-130722.45 nan -130722.45
-113730.31 nan -113730.31
-124839.87 nan -124839.87
-119549.49 nan -119549.49
-117149.47 nan -117149.47
-121563.08 nan -121563.08
-125907.13 nan -125907.13
-122523.53 nan -122523.53
-113569.11 nan -113569.11
-133425.59 nan -133425.59
-101389.81 nan -101389.81
-121641.95 nan -121641.95
-102533.50 nan -102533.50
-122496.81 nan -122496.81
-135857.45 nan -135857.45
-120283.02 nan -120283.02
-115877.37 nan -115877.37
-125021.77 nan -125021.77
