-159306.85 nan -159306.85
-146627.25 nan -146627.25
-131933.12 nan -131933.12
-130650.72 nan -130650.72
-129990.00 nan -129990.00
-110793.71 nan -110793.71
-116765.10 nan -116765.10
-109773.22 nan -109773.22
-116546.47 nan -116546.47
-125965.98 nan -125965.98
-126530.26 nan -126530.26
-111444.31 nan -111444.31
-135405.00 nan -135405.00
-110742.53 nan -110742.53
-152525.44 nan -152525.44
-119679.26 nan -119679.26
-121844.66 nan -121844.66
-132391.53 nan -132391.53
-119464.43 nan -119464.43
-109569.12 nan -109569.12
-110573.17 nan -110573.17
-135242.82 nan -135242.82
-139950.57 nan -139950.57
-134935.78 nan -134935.78
-109711.27 nan -109711.27
-123768.74 nan -123768.74
-111338.07 nan -111338.07
-135646.80 nan -135646.80
-131619.19 nan -131619.19
-131926.05 nan -131926.05
-118102.31 nan -118102.31
-131162.52 nan -131162.52
-113983.64 nan -113983.64
-141210.52 nan -141210.52
-135470.73 nan -135470.73
-114342.69 nan -114342.69
-128085.66 nan -128085.66
-118858.75 nan -118858.75
-115194.74 nan -115194.74
-111137.91 nan -111137.91
-120789.06 nan -120789.06
-109477.79 nan -109477.79
-109477.79 nan -109477.79
-112957.49 nan -112957.49
-138061.45 nan -138061.45
-118909.12 nan -118909.12
-115205.04 nan -115205.04
-109689.29 nan -109689.29
-140481.38 nan -140481.38
-135094.66 nan -135094.66
-113219.76 nan -113219.76
-145969.28 nan -145969.28
-135094.66 nan -135094.66
-140015.90 nan -140015.90
-151045.56 nan -151045.56
-116746.51 nan -116746.51
-114324.72 nan -114324.72
-128485.20 nan -128485.20
-113173.57 nan -113173.57
-123812.61 nan -123812.61
-113178.54 nan -113178.54
-112395.88 nan -112395.88
-109477.79 nan -109477.79
-113840.53 nan -113840.53
-132915.30 nan -132915.30
-113219.76 nan -113219.76
-118866.76 nan -118866.76
-132961.07 nan -132961.07
-119071.61 nan -119071.61
-113999.74 nan -113999.74
-111318.83 nan -111318.83
-131857.21 nan -131857.21
-119685.36 nan -119685.36
-135961.69 nan -135961.69
-149504.55 nan -149504.55
-134453.17 nan -134453.17
-111470.40 nan -111470.40
-149331.22 nan -149331.22
-124974.29 nan -124974.29
-109477.79 nan -109477.79
-110257.38 nan -110257.38
-140366.52 nan -140366.52
-109937.14 nan -109937.14
-137983.57 nan -137983.57
-128077.11 nan -128077.11
-109477.79 nan -109477.79
-109812.43 nan -109812.43
-122962.25 nan -122962.25
-110407.23 nan -110407.23
-128571.80 nan -128571.80
-127134.64 nan -127134.64
-118979.32 nan -118979.32
-109865.07 nan -109865.07
-111436.42 nan -111436.42
-110088.52 nan -110088.52
-133378.94 nan -133378.94
-134703.51 nan -134703.51
-137129.54 nan -137129.54
-131825.18 nan -131825.18
-110790.43 nan -110790.43
-126642.03 nan -126642.03
-127140.76 nan -127140.76
-136649.51 nan -136649.51
-118885.88 nan -118885.88
-129772.49 nan -129772.49
-157710.00 nan -157710.00
-121100.75 nan -121100.75
-130414.83 nan -130414.83
-127312.14 nan -127312.14
-119609.52 nan -119609.52
-144072.07 nan -144072.07
-111240.73 nan -111240.73
-118157.20 nan -118157.20
-142955.91 nan -142955.91
-114985.18 nan -114985.18
-140042.80 nan -140042.80
-114504.89 nan -114504.89
-137811.40 nan -137811.40
-138484.86 nan -138484.86
-128304.32 nan -128304.32
-114472.09 nan -114472.09
-119506.35 nan -119506.35
-135895.16 nan -135895.16
-109559.84 nan -109559.84
-143749.54 nan -143749.54
-121489.19 nan -121489.19
-118647.26 nan -118647.26
-113504.10 nan -113504.10
-110991.03 nan -110991.03
-128300.24 nan -128300.24
-128986.86 nan -128986.86
-134741.07 nan -134741.07
-134554.80 nan -134554.80
-127218.54 nan -127218.54
-117016.13 nan -117016.13
-123767.98 nan -123767.98
-135432.25 nan -135432.25
-113386.41 nan -113386.41
-126494.28 nan -126494.28
-141412.51 nan -141412.51
-135274.77 nan -135274.77
-113993.06 nan -113993.06
-134729.27 nan -134729.27
-111240.73 nan -111240.73
-143954.28 nan -143954.28
-109736.23 nan -109736.23
-142466.45 nan -142466.45
-128278.20 nan -128278.20
-125417.88 nan -125417.88
-123992.41 nan -123992.41
-140436.80 nan -140436.80
-134873.25 nan -134873.25
-140498.81 nan -140498.81
-139250.51 nan -139250.51
-129643.12 nan -129643.12
-131736.33 nan -131736.33
-136236.06 nan -136236.06
-131645.71 nan -131645.71
-125655.62 nan -125655.62
-118585.16 nan -118585.16
-120116.05 nan -120116.05
-142380.33 nan -142380.33
-124782.28 nan -124782.28
-109685.38 nan -109685.38
-110150.65 nan -110150.65
-128901.15 nan -128901.15
-110818.17 nan -110818.17
-134168.25 nan -134168.25
-128529.66 nan -128529.66
-143265.01 nan -143265.01
-133820.40 nan -133820.40
-129534.02 nan -129534.02
-122962.25 nan -122962.25
-110874.06 nan -110874.06
