-109080.36 nan -109080.36
-109345.82 nan -109345.82
-107404.10 nan -107404.10
-106461.22 nan -106461.22
-106358.96 nan -106358.96
-104751.21 nan -104751.21
-103429.86 nan -103429.86
-101494.80 nan -101494.80
-98193.28 nan -98193.28
-94789.52 nan -94789.52
-80570.12 nan -80570.12
-80629.24 nan -80629.24
-79926.03 nan -79926.03
-76229.04 nan -76229.04
-77878.48 nan -77878.48
-94873.63 nan -94873.63
-93935.83 nan -93935.83
-87315.40 nan -87315.40
-77881.67 nan -77881.67
-86906.85 nan -86906.85
-98251.70 nan -98251.70
-99977.86 nan -99977.86
-106827.60 nan -106827.60
-75045.36 nan -75045.36
-81208.15 nan -81208.15
-75045.36 nan -75045.36
-98534.08 nan -98534.08
-80562.28 nan -80562.28
-75045.36 nan -75045.36
-85439.60 nan -85439.60
-92663.89 nan -92663.89
-93580.52 nan -93580.52
-92711.53 nan -92711.53
-102765.24 nan -102765.24
-75045.36 nan -75045.36
-75688.23 nan -75688.23
-88657.59 nan -88657.59
-87061.12 nan -87061.12
-106591.72 nan -106591.72
-94527.61 nan -94527.61
-76227.25 nan -76227.25
-88575.60 nan -88575.60
-91384.92 nan -91384.92
-75638.96 nan -75638.96
-85635.02 nan -85635.02
-75919.82 nan -75919.82
-77347.05 nan -77347.05
-78164.79 nan -78164.79
-93949.68 nan -93949.68
-91672.84 nan -91672.84
-87925.81 nan -87925.81
-92166.34 nan -92166.34
-82908.30 nan -82908.30
-87225.01 nan -87225.01
-96789.47 nan -96789.47
-82194.92 nan -82194.92
-103488.86 nan -103488.86
-74884.93 nan -74884.93
-88297.70 nan -88297.70
-85275.66 nan -85275.66
-73986.00 nan -73986.00
-77783.98 nan -77783.98
-73838.44 nan -73838.44
-80200.77 nan -80200.77
-92165.67 nan -92165.67
-106305.87 nan -106305.87
-106051.59 nan -106051.59
-81366.37 nan -81366.37
-94181.41 nan -94181.41
-76332.54 nan -76332.54
-100525.28 nan -100525.28
-86309.80 nan -86309.80
-94178.96 nan -94178.96
-86593.67 nan -86593.67
-81826.95 nan -81826.95
-89283.56 nan -89283.56
-102798.76 nan -102798.76
-96541.81 nan -96541.81
-87930.74 nan -87930.74
-74055.85 nan -74055.85
-94621.36 nan -94621.36
-83593.54 nan -83593.54
-95632.62 nan -95632.62
-90527.39 nan -90527.39
-91749.73 nan -91749.73
-95795.10 nan -95795.10
-95707.12 nan -95707.12
-77561.77 nan -77561.77
-81365.05 nan -81365.05
-99531.09 nan -99531.09
-81500.45 nan -81500.45
-76964.65 nan -76964.65
-87842.98 nan -87842.98
-74942.81 nan -74942.81
-78031.52 nan -78031.52
-94922.60 nan -94922.60
-89428.55 nan -89428.55
-76493.57 nan -76493.57
-82703.48 nan -82703.48
-93956.29 nan -93956.29
-96386.09 nan -96386.09
-83540.90 nan -83540.90
-80836.19 nan -80836.19
-74062.58 nan -74062.58
-81958.68 nan -81958.68
-81025.15 nan -81025.15
-89693.70 nan -89693.70
-82074.82 nan -82074.82
-80835.74 nan -80835.74
-89472.91 nan -89472.91
-75467.39 nan -75467.39
-102197.60 nan -102197.60
-76651.61 nan -76651.61
-101036.54 nan -101036.54
-92275.22 nan -92275.22
-94167.66 nan -94167.66
-75173.23 nan -75173.23
-84676.12 nan -84676.12
-73887.31 nan -73887.31
-84069.17 nan -84069.17
-75070.93 nan -75070.93
-80031.51 nan -80031.51
-98528.11 nan -98528.11
-99544.86 nan -99544.86
-89549.03 nan -89549.03
-74924.01 nan -74924.01
-82424.07 nan -82424.07
-80876.90 nan -80876.90
-87680.35 nan -87680.35
-94202.18 nan -94202.18
-78327.97 nan -78327.97
-92147.90 nan -92147.90
-94159.91 nan -94159.91
-77893.74 nan -77893.74
-76702.88 nan -76702.88
-76019.20 nan -76019.20
-76356.05 nan -76356.05
-89739.00 nan -89739.00
-74634.95 nan -74634.95
-74298.43 nan -74298.43
-86116.16 nan -86116.16
-89077.35 nan -89077.35
-85834.51 nan -85834.51
-77055.20 nan -77055.20
-101325.49 nan -101325.49
-94910.84 nan -94910.84
-83901.06 nan -83901.06
-94408.38 nan -94408.38
-101199.19 nan -101199.19
-84864.55 nan -84864.55
-81008.45 nan -81008.45
-80094.68 nan -80094.68
-83962.35 nan -83962.35
-95135.24 nan -95135.24
-76939.11 nan -76939.11
-78387.46 nan -78387.46
-101385.94 nan -101385.94
-100781.55 nan -100781.55
-74231.73 nan -74231.73
-82853.93 nan -82853.93
-92800.71 nan -92800.71
-80903.10 nan -80903.10
-74454.11 nan -74454.11
-82372.19 nan -82372.19
-91733.25 nan -91733.25
-81220.08 nan -81220.08
-91993.44 nan -91993.44
-82607.66 nan -82607.66
-95901.15 nan -95901.15
-87107.81 nan -87107.81
-86205.13 nan -86205.13
-76630.15 nan -76630.15
