-132268.91 nan -132268.91
-133715.18 nan -133715.18
-132225.21 nan -132225.21
-127466.68 nan -127466.68
-124942.03 nan -124942.03
-91785.08 nan -91785.08
-99002.69 nan -99002.69
-95512.04 nan -95512.04
-95279.91 nan -95279.91
-91219.55 nan -91219.55
-103422.41 nan -103422.41
-90123.77 nan -90123.77
-99132.03 nan -99132.03
-101534.29 nan -101534.29
-98507.15 nan -98507.15
-112957.39 nan -112957.39
-90153.86 nan -90153.86
-113558.22 nan -113558.22
-90279.22 nan -90279.22
-103134.48 nan -103134.48
-125177.63 nan -125177.63
-112570.12 nan -112570.12
-90032.54 nan -90032.54
-90883.59 nan -90883.59
-97656.09 nan -97656.09
-131219.39 nan -131219.39
-94249.06 nan -94249.06
-130528.07 nan -130528.07
-127291.75 nan -127291.75
-106453.75 nan -106453.75
-93642.18 nan -93642.18
-90032.54 nan -90032.54
-126328.59 nan -126328.59
-91771.44 nan -91771.44
-119098.30 nan -119098.30
-90146.29 nan -90146.29
-117425.98 nan -117425.98
-109901.16 nan -109901.16
-114716.23 nan -114716.23
-128200.68 nan -128200.68
-111542.43 nan -111542.43
-107340.29 nan -107340.29
-118280.36 nan -118280.36
-114232.60 nan -114232.60
-92120.26 nan -92120.26
-91160.97 nan -91160.97
-91269.90 nan -91269.90
-112037.55 nan -112037.55
-99220.50 nan -99220.50
-98781.42 nan -98781.42
-97717.93 nan -97717.93
-99319.05 nan -99319.05
-91311.99 nan -91311.99
-102551.51 nan -102551.51
-112455.80 nan -112455.80
-117456.11 nan -117456.11
-109485.67 nan -109485.67
-94975.26 nan -94975.26
-90101.73 nan -90101.73
-104525.26 nan -104525.26
-92104.87 nan -92104.87
-128583.80 nan -128583.80
-110210.31 nan -110210.31
-128555.78 nan -128555.78
-129555.11 nan -129555.11
-95047.64 nan -95047.64
-90081.81 nan -90081.81
-110341.63 nan -110341.63
-113968.47 nan -113968.47
-107426.85 nan -107426.85
-91789.90 nan -91789.90
-94549.65 nan -94549.65
-90402.61 nan -90402.61
-107654.37 nan -107654.37
-114221.67 nan -114221.67
-119593.90 nan -119593.90
-90358.38 nan -90358.38
-90032.54 nan -90032.54
-101780.91 nan -101780.91
-90603.47 nan -90603.47
-116014.22 nan -116014.22
-112411.45 nan -112411.45
-94486.71 nan -94486.71
-95745.88 nan -95745.88
-112888.01 nan -112888.01
-93185.32 nan -93185.32
-114902.13 nan -114902.13
-109816.78 nan -109816.78
-110014.39 nan -110014.39
-90288.04 nan -90288.04
-99312.82 nan -99312.82
-115286.02 nan -115286.02
-90532.13 nan -90532.13
-92978.02 nan -92978.02
-121144.35 nan -121144.35
-112027.69 nan -112027.69
-113376.40 nan -113376.40
-98713.11 nan -98713.11
-93848.26 nan -93848.26
-109638.61 nan -109638.61
-93272.41 nan -93272.41
-116695.65 nan -116695.65
-101595.58 nan -101595.58
-106191.62 nan -106191.62
-104407.51 nan -104407.51
-117602.46 nan -117602.46
-97657.09 nan -97657.09
-95526.26 nan -95526.26
-104009.30 nan -104009.30
-112507.72 nan -112507.72
-119543.67 nan -119543.67
-103317.99 nan -103317.99
-90069.96 nan -90069.96
-104252.85 nan -104252.85
-93322.56 nan -93322.56
-104248.45 nan -104248.45
-91611.28 nan -91611.28
-99645.08 nan -99645.08
-112521.97 nan -112521.97
-114787.52 nan -114787.52
-91149.11 nan -91149.11
-107861.83 nan -107861.83
-90086.24 nan -90086.24
-102023.19 nan -102023.19
-92556.27 nan -92556.27
-90833.62 nan -90833.62
-106674.06 nan -106674.06
-90212.46 nan -90212.46
-106347.40 nan -106347.40
-97956.30 nan -97956.30
-104968.20 nan -104968.20
-103094.51 nan -103094.51
-125450.75 nan -125450.75
-102814.37 nan -102814.37
-111191.64 nan -111191.64
-112342.35 nan -112342.35
-92980.61 nan -92980.61
-91289.42 nan -91289.42
-105684.91 nan -105684.91
-127814.28 nan -127814.28
-105568.00 nan -105568.00
-93115.15 nan -93115.15
-91729.45 nan -91729.45
-107416.27 nan -107416.27
-96836.41 nan -96836.41
-102970.22 nan -102970.22
-106986.22 nan -106986.22
-112449.81 nan -112449.81
-105529.13 nan -105529.13
-99674.39 nan -99674.39
-94311.29 nan -94311.29
-93316.22 nan -93316.22
-115052.13 nan -115052.13
-93001.71 nan -93001.71
-106574.42 nan -106574.42
-103076.60 nan -103076.60
-91099.54 nan -91099.54
-109707.97 nan -109707.97
-91253.65 nan -91253.65
-102613.65 nan -102613.65
-90031.18 nan -90031.18
-92012.23 nan -92012.23
-94199.74 nan -94199.74
-92496.39 nan -92496.39
-114691.27 nan -114691.27
-112145.34 nan -112145.34
-94758.02 nan -94758.02
-109407.77 nan -109407.77
-90377.00 nan -90377.00
-107458.51 nan -107458.51
-94355.72 nan -94355.72
-119970.92 nan -119970.92
-90783.20 nan -90783.20
-119716.51 nan -119716.51
