2.42076910 0.00000414 0.93970545 1.04079924 3.59098934
2.70434362 0.00000425 0.81722775 0.90938860 3.43406858
2.43563420 0.00000354 0.87684441 0.84088550 2.68010926
2.49754786 0.00000384 0.84413618 0.91404453 2.40808157
2.33427253 0.00000403 0.65339398 0.72450792 2.00790738
2.39805294 0.00000431 0.63473404 0.64526833 1.87012241
2.39497374 0.00000457 0.80764762 0.75275084 1.28035586
2.44191813 0.00000486 0.89243191 0.72329014 1.22386775
2.65918056 0.00000484 0.78264667 0.68469871 1.05594723
2.65918056 0.00000484 0.78264667 0.68469871 1.05594723
2.65918056 0.00000484 0.78264667 0.68469871 1.05594723
2.65918056 0.00000484 0.78264667 0.68469871 1.05594723
1.81160896 0.00000484 0.83444580 0.09805942 1.05594723
1.81160896 0.00000484 0.83444580 0.09805942 1.05594723
1.20844089 0.00000484 0.90763984 0.41178123 0.99889935
1.20844089 0.00000484 0.90763984 0.41178123 0.99889935
1.20844089 0.00000484 0.90763984 0.41178123 0.99889935
1.15290410 0.00000484 1.18184082 0.05457752 0.90216509
1.15290410 0.00000484 1.18184082 0.05457752 0.90216509
1.15290410 0.00000484 1.18184082 0.05457752 0.90216509
1.15290410 0.00000484 1.18184082 0.05457752 0.90216509
1.15290410 0.00000484 1.18184082 0.05457752 0.90216509
1.15290410 0.00000484 1.18184082 0.05457752 0.90216509
1.15290410 0.00000484 1.18184082 0.05457752 0.90216509
1.15290410 0.00000484 1.18184082 0.05457752 0.90216509
1.15290410 0.00000484 1.18184082 0.05457752 0.90216509
1.15290410 0.00000484 1.18184082 0.05457752 0.90216509
1.15290410 0.00000484 1.18184082 0.05457752 0.90216509
1.15290410 0.00000484 1.18184082 0.05457752 0.90216509
1.15290410 0.00000484 1.18184082 0.05457752 0.90216509
1.15290410 0.00000484 1.18184082 0.05457752 0.90216509
1.15290410 0.00000484 1.18184082 0.05457752 0.90216509
1.15290410 0.00000484 1.18184082 0.05457752 0.90216509
1.15290410 0.00000484 1.18184082 0.05457752 0.90216509
1.15290410 0.00000484 1.18184082 0.05457752 0.90216509
1.15290410 0.00000484 1.18184082 0.05457752 0.90216509
1.15290410 0.00000484 1.18184082 0.05457752 0.90216509
1.15290410 0.00000484 1.18184082 0.05457752 0.90216509
1.15290410 0.00000484 1.18184082 0.05457752 0.90216509
1.15290410 0.00000484 1.18184082 0.05457752 0.90216509
1.15290410 0.00000484 1.18184082 0.05457752 0.90216509
1.15290410 0.00000484 1.18184082 0.05457752 0.90216509
1.15290410 0.00000484 1.18184082 0.05457752 0.90216509
1.15290410 0.00000484 1.18184082 0.05457752 0.90216509
1.15290410 0.00000484 1.18184082 0.05457752 0.90216509
1.15290410 0.00000484 1.18184082 0.05457752 0.90216509
1.15290410 0.00000484 1.18184082 0.05457752 0.90216509
1.15290410 0.00000484 1.18184082 0.05457752 0.90216509
1.15290410 0.00000484 1.18184082 0.05457752 0.90216509
1.15290410 0.00000484 1.18184082 0.05457752 0.90216509
1.15290410 0.00000484 1.18184082 0.05457752 0.90216509
1.15290410 0.00000484 1.18184082 0.05457752 0.90216509
1.15290410 0.00000484 1.18184082 0.05457752 0.90216509
1.15290410 0.00000484 1.18184082 0.05457752 0.90216509
1.15290410 0.00000484 1.11317418 0.05457752 0.90216509
1.15290410 0.00000484 1.11317418 0.05457752 0.90216509
1.15290410 0.00000484 1.11317418 0.05457752 0.90216509
1.63291019 0.00000484 1.73762108 0.08773500 0.99503743
1.63291019 0.00000484 1.73762108 0.08773500 0.99503743
1.63291019 0.00000484 1.73762108 0.08773500 0.99503743
1.63291019 0.00000484 1.73762108 0.08773500 0.99503743
1.63291019 0.00000484 1.73762108 0.08773500 0.99503743
1.63291019 0.00000484 1.73762108 0.08773500 0.99503743
1.63291019 0.00000484 1.73762108 0.08773500 0.99503743
1.63291019 0.00000484 1.73762108 0.08773500 0.99503743
1.63291019 0.00000484 1.73762108 0.08773500 0.99503743
1.63291019 0.00000484 1.73762108 0.08773500 0.99503743
1.63291019 0.00000484 1.73762108 0.08773500 0.99503743
1.63291019 0.00000484 1.73762108 0.08773500 0.99503743
1.63291019 0.00000484 1.73762108 0.08773500 0.99503743
1.63291019 0.00000484 1.73762108 0.08773500 0.99503743
1.63291019 0.00000484 1.73762108 0.08773500 0.99503743
1.63291019 0.00000484 1.73762108 0.08773500 0.99503743
1.63291019 0.00000484 1.73762108 0.08773500 0.99503743
1.63291019 0.00000484 1.73762108 0.08773500 0.99503743
1.63291019 0.00000484 1.73762108 0.08773500 0.99503743
1.63291019 0.00000484 1.73762108 0.08773500 0.99503743
1.63291019 0.00000484 1.73762108 0.08773500 0.99503743
1.63291019 0.00000484 1.73762108 0.08773500 0.99503743
1.63291019 0.00000484 1.73762108 0.08773500 0.99503743
1.63291019 0.00000484 1.73762108 0.08773500 0.99503743
1.63291019 0.00000484 1.73762108 0.08773500 0.99503743
1.63291019 0.00000484 1.73762108 0.08773500 0.99503743
1.63291019 0.00000484 1.73762108 0.08773500 0.99503743
1.63291019 0.00000484 1.73762108 0.08773500 0.99503743
1.63291019 0.00000484 1.73762108 0.08773500 0.99503743
1.48954371 0.00000484 1.70979064 0.08773500 0.99503743
1.48954371 0.00000484 1.70979064 0.08773500 0.99503743
1.48954371 0.00000484 1.70979064 0.08773500 0.99503743
1.48954371 0.00000484 1.70979064 0.08773500 0.99503743
1.48954371 0.00000484 1.70979064 0.08773500 0.99503743
1.48954371 0.00000484 1.70979064 0.08773500 0.99503743
1.48954371 0.00000484 1.70979064 0.08773500 0.99503743
1.48954371 0.00000484 1.70979064 0.08773500 0.99503743
1.48954371 0.00000484 1.70979064 0.08773500 0.99503743
1.48954371 0.00000484 1.70979064 0.08773500 0.99503743
1.48954371 0.00000484 1.70979064 0.08773500 0.99503743
1.48954371 0.00000484 1.70979064 0.08773500 0.99503743
1.48954371 0.00000484 1.70979064 0.08773500 0.99503743
1.48954371 0.00000484 1.70979064 0.08773500 0.99503743
1.48954371 0.00000484 1.70979064 0.08773500 0.99503743
1.48954371 0.00000484 1.70979064 0.08773500 0.99503743
1.48954371 0.00000484 1.70979064 0.08773500 0.99503743
1.48954371 0.00000484 1.70979064 0.08773500 0.99503743
1.48954371 0.00000484 1.70979064 0.08773500 0.99503743
1.48954371 0.00000484 1.70979064 0.08773500 0.99503743
1.48954371 0.00000484 1.70979064 0.08773500 0.99503743
1.48954371 0.00000484 1.70979064 0.08773500 0.99503743
1.48954371 0.00000484 1.70979064 0.08773500 0.99503743
1.48954371 0.00000484 1.70979064 0.08773500 0.99503743
1.48954371 0.00000484 1.70979064 0.08773500 0.99503743
1.48954371 0.00000484 1.70979064 0.08773500 0.99503743
1.48954371 0.00000484 1.70979064 0.08773500 0.99503743
1.48954371 0.00000484 1.70979064 0.08773500 0.99503743
1.48954371 0.00000484 1.70979064 0.08773500 0.99503743
1.48954371 0.00000484 1.70979064 0.08773500 0.99503743
1.48954371 0.00000484 1.70979064 0.08773500 0.99503743
1.48954371 0.00000484 1.70979064 0.08773500 0.99503743
1.48954371 0.00000484 1.70979064 0.08773500 0.99503743
1.48954371 0.00000484 1.70979064 0.08773500 0.99503743
1.48954371 0.00000484 1.70979064 0.08773500 0.99503743
1.48954371 0.00000484 1.70979064 0.08773500 0.99503743
1.48954371 0.00000484 1.70979064 0.08773500 0.99503743
1.48954371 0.00000484 1.70979064 0.08773500 0.99503743
1.48954371 0.00000484 1.70979064 0.08773500 0.99503743
1.48954371 0.00000484 1.70979064 0.08773500 0.99503743
1.48954371 0.00000484 1.70979064 0.08773500 0.99503743
1.48954371 0.00000484 1.70979064 0.08773500 0.99503743
1.48954371 0.00000484 1.70979064 0.08773500 0.99503743
1.48954371 0.00000484 1.70979064 0.08773500 0.99503743
1.48954371 0.00000484 1.70979064 0.08773500 0.99503743
1.48954371 0.00000484 1.70979064 0.08773500 0.99503743
1.48954371 0.00000484 1.70979064 0.08773500 0.99503743
1.48954371 0.00000484 1.70979064 0.08773500 0.99503743
1.48954371 0.00000484 1.70979064 0.08773500 0.99503743
1.48954371 0.00000484 1.70979064 0.08773500 0.99503743
1.48954371 0.00000484 1.70979064 0.08773500 0.99503743
1.48954371 0.00000484 1.70979064 0.08773500 0.99503743
1.48954371 0.00000484 1.70979064 0.08773500 0.99503743
1.48954371 0.00000484 1.70979064 0.08773500 0.99503743
1.48954371 0.00000484 1.70979064 0.08773500 0.99503743
1.48954371 0.00000484 1.70979064 0.08773500 0.99503743
1.48954371 0.00000484 1.70979064 0.08773500 0.99503743
1.48954371 0.00000484 1.70979064 0.08773500 0.99503743
1.48954371 0.00000484 1.70979064 0.08773500 0.99503743
1.48954371 0.00000484 1.70979064 0.08773500 0.99503743
1.48954371 0.00000484 1.70979064 0.08773500 0.99503743
1.48954371 0.00000484 1.70979064 0.08773500 0.99503743
1.48954371 0.00000484 1.70979064 0.08773500 0.99503743
1.48954371 0.00000484 1.70979064 0.08773500 0.99503743
1.48954371 0.00000484 1.70979064 0.08773500 0.99503743
1.48954371 0.00000484 1.70979064 0.08773500 0.99503743
1.48954371 0.00000484 1.70979064 0.08773500 0.99503743
1.48954371 0.00000484 1.70979064 0.08773500 0.99503743
1.48954371 0.00000484 1.70979064 0.08773500 0.99503743
1.48954371 0.00000484 1.70979064 0.08773500 0.99503743
1.48954371 0.00000484 1.70979064 0.08773500 0.99503743
1.48954371 0.00000484 1.70979064 0.08773500 0.99503743
1.48954371 0.00000484 1.70979064 0.08773500 0.99503743
1.48954371 0.00000484 1.70979064 0.08773500 0.99503743
1.48954371 0.00000484 1.70979064 0.08773500 0.99503743
1.48954371 0.00000484 1.70979064 0.08773500 0.99503743
1.48954371 0.00000484 1.70979064 0.08773500 0.99503743
1.48954371 0.00000484 1.70979064 0.08773500 0.99503743
1.48954371 0.00000484 1.70979064 0.08773500 0.99503743
1.48954371 0.00000484 1.70979064 0.08773500 0.99503743
1.48954371 0.00000484 1.70979064 0.08773500 0.99503743
1.48954371 0.00000484 1.70979064 0.08773500 0.99503743
