0.00000000 0.00000000 0.00000000 0.00000000 0.00000000
2.80812529 0.00000424 1.17996970 1.05844693 3.43324258
2.78403242 0.00000493 1.27728564 1.06035776 2.74896912
2.51711325 0.00000470 1.34492750 1.23976682 2.21556075
2.66188464 0.00000473 1.05025840 1.30278972 1.60265034
2.55623361 0.00000492 1.25343461 1.14641795 1.18019317
2.26704454 0.00000478 1.49973906 1.27237518 1.07239181
2.26704454 0.00000478 1.49973906 1.27237518 1.07239181
2.21527448 0.00000477 1.43194344 1.20797891 1.14831527
2.21527448 0.00000477 1.43194344 1.20797891 1.14831527
2.21527448 0.00000477 1.43194344 1.20797891 1.14831527
2.12889284 0.00000458 1.63113993 1.23178325 0.98292271
2.12889284 0.00000458 1.63113993 1.23178325 0.98292271
1.64953619 0.00000458 1.27038139 0.88153932 0.98292271
1.64953619 0.00000458 1.27038139 0.88153932 0.98292271
1.64953619 0.00000458 1.27038139 0.88153932 0.98292271
1.64953619 0.00000458 1.27038139 0.88153932 0.98292271
1.64953619 0.00000458 1.27038139 0.88153932 0.98292271
1.64953619 0.00000458 1.27038139 0.88153932 0.98292271
1.64953619 0.00000458 1.27038139 0.88153932 0.98292271
1.64953619 0.00000458 0.70692159 0.88153932 0.98292271
1.64953619 0.00000458 0.70692159 0.88153932 0.98292271
1.64953619 0.00000458 0.70692159 0.88153932 0.98292271
1.64953619 0.00000458 0.70692159 0.88153932 0.98292271
1.64953619 0.00000458 0.70692159 0.88153932 0.98292271
1.64953619 0.00000458 0.70692159 0.88153932 0.98292271
1.64953619 0.00000458 0.70692159 0.88153932 0.98292271
1.64953619 0.00000458 0.70692159 0.88153932 0.98292271
1.64953619 0.00000458 0.70692159 0.88153932 0.98292271
1.64953619 0.00000458 0.70692159 0.88153932 0.98292271
1.64953619 0.00000458 0.70692159 0.88153932 0.98292271
1.64953619 0.00000458 0.70692159 0.88153932 0.98292271
1.64953619 0.00000458 0.70692159 0.88153932 0.98292271
1.64953619 0.00000458 0.70692159 0.88153932 0.98292271
1.64953619 0.00000458 0.70692159 0.88153932 0.98292271
1.64953619 0.00000458 0.70692159 0.88153932 0.98292271
1.64953619 0.00000458 0.70692159 0.88153932 0.98292271
1.64953619 0.00000458 0.70692159 0.88153932 0.98292271
1.64953619 0.00000458 0.70692159 0.88153932 0.98292271
1.80840496 0.00000458 0.68599562 0.46912297 0.99737630
1.80840496 0.00000458 0.68599562 0.46912297 0.99737630
1.80840496 0.00000458 0.68599562 0.46912297 0.99737630
1.80840496 0.00000458 0.68599562 0.46912297 0.99737630
1.80840496 0.00000458 0.68599562 0.46912297 0.99737630
1.80840496 0.00000458 0.68599562 0.46912297 0.99737630
1.80840496 0.00000458 0.68599562 0.46912297 0.99737630
1.80840496 0.00000458 0.68599562 0.46912297 0.99737630
1.80840496 0.00000458 0.68599562 0.46912297 0.99737630
1.80840496 0.00000458 0.68599562 0.46912297 0.99737630
1.80840496 0.00000458 0.68599562 0.46912297 0.99737630
1.80840496 0.00000458 0.68599562 0.46912297 0.99737630
1.80840496 0.00000458 0.68599562 0.46912297 0.99737630
1.80840496 0.00000458 0.68599562 0.46912297 0.99737630
1.80840496 0.00000458 0.68599562 0.46912297 0.99737630
1.80840496 0.00000458 0.68599562 0.46912297 0.99737630
1.80840496 0.00000458 0.68599562 0.46912297 0.99737630
1.80840496 0.00000458 0.68599562 0.46912297 0.99737630
1.80840496 0.00000458 0.68599562 0.46912297 0.99737630
1.80840496 0.00000458 0.68599562 0.46912297 0.99737630
1.80840496 0.00000458 0.68599562 0.46912297 0.99737630
1.80840496 0.00000458 0.68599562 0.46912297 0.99737630
1.80840496 0.00000458 0.68599562 0.46912297 0.99737630
1.80840496 0.00000458 0.68599562 0.46912297 0.99737630
1.80840496 0.00000458 0.68599562 0.46912297 0.99737630
1.80840496 0.00000458 0.68599562 0.46912297 0.99737630
1.80840496 0.00000458 0.68599562 0.46912297 0.99737630
1.80840496 0.00000458 0.68599562 0.46912297 0.99737630
1.80840496 0.00000458 0.68599562 0.46912297 0.99737630
1.80840496 0.00000458 0.68599562 0.46912297 0.99737630
1.80840496 0.00000458 0.68599562 0.46912297 0.99737630
1.80840496 0.00000458 0.68599562 0.46912297 0.99737630
1.80840496 0.00000458 0.68599562 0.46912297 0.99737630
1.80840496 0.00000458 0.68599562 0.46912297 0.99737630
1.80840496 0.00000458 0.68599562 0.46912297 0.99737630
1.80840496 0.00000458 0.68599562 0.46912297 0.99737630
1.80840496 0.00000458 0.68599562 0.46912297 0.99737630
1.80840496 0.00000458 0.68599562 0.46912297 0.99737630
1.80840496 0.00000458 0.68599562 0.46912297 0.99737630
1.80840496 0.00000458 0.68599562 0.46912297 0.99737630
1.80840496 0.00000458 0.68599562 0.46912297 0.99737630
1.80840496 0.00000458 0.68599562 0.46912297 0.99737630
1.80840496 0.00000458 0.68599562 0.46912297 0.99737630
1.80840496 0.00000458 0.68599562 0.46912297 0.99737630
1.80840496 0.00000458 0.68599562 0.46912297 0.99737630
1.80840496 0.00000458 0.68599562 0.46912297 0.99737630
1.80840496 0.00000458 0.68599562 0.46912297 0.99737630
1.80840496 0.00000458 0.68599562 0.46912297 0.99737630
1.80840496 0.00000458 0.68599562 0.46912297 0.99737630
1.80840496 0.00000458 0.68599562 0.46912297 0.99737630
1.80840496 0.00000458 0.68599562 0.46912297 0.99737630
1.80840496 0.00000458 0.68599562 0.46912297 0.99737630
1.80840496 0.00000458 0.68599562 0.46912297 0.99737630
1.80840496 0.00000458 0.68599562 0.46912297 0.99737630
1.80840496 0.00000458 0.68599562 0.46912297 0.99737630
1.80840496 0.00000458 0.68599562 0.46912297 0.99737630
1.80840496 0.00000458 0.68599562 0.46912297 0.99737630
1.80840496 0.00000458 0.68599562 0.46912297 0.99737630
1.80840496 0.00000458 0.68599562 0.46912297 0.99737630
1.80840496 0.00000458 0.68599562 0.46912297 0.99737630
1.80840496 0.00000458 0.68599562 0.46912297 0.99737630
1.80840496 0.00000458 0.68599562 0.46912297 0.99737630
1.80840496 0.00000458 0.68599562 0.46912297 0.99737630
1.80840496 0.00000458 0.68599562 0.46912297 0.99737630
1.80840496 0.00000458 0.68599562 0.46912297 0.99737630
1.80840496 0.00000458 0.68599562 0.46912297 0.99737630
1.80840496 0.00000458 0.68599562 0.46912297 0.99737630
1.80840496 0.00000458 0.68599562 0.46912297 0.99737630
1.80840496 0.00000458 0.68599562 0.46912297 0.99737630
1.80840496 0.00000458 0.68599562 0.46912297 0.99737630
1.80840496 0.00000458 0.68599562 0.46912297 0.99737630
1.80840496 0.00000458 0.68599562 0.46912297 0.99737630
1.80840496 0.00000458 0.68599562 0.46912297 0.99737630
1.80840496 0.00000458 0.68599562 0.46912297 0.99737630
1.80840496 0.00000458 0.68599562 0.46912297 0.99737630
1.80840496 0.00000458 0.68599562 0.46912297 0.99737630
1.80840496 0.00000458 0.68599562 0.46912297 0.99737630
1.80840496 0.00000458 0.68599562 0.46912297 0.99737630
1.80840496 0.00000458 0.68599562 0.46912297 0.99737630
1.80840496 0.00000458 0.68599562 0.46912297 0.99737630
1.80840496 0.00000458 0.68599562 0.46912297 0.99737630
1.80840496 0.00000458 0.68599562 0.46912297 0.99737630
1.80840496 0.00000458 0.68599562 0.46912297 0.99737630
1.80840496 0.00000458 0.68599562 0.46912297 0.99737630
1.80840496 0.00000458 0.68599562 0.46912297 0.99737630
1.80840496 0.00000458 0.68599562 0.46912297 0.99737630
1.80840496 0.00000458 0.68599562 0.46912297 0.99737630
1.80840496 0.00000458 0.68599562 0.46912297 0.99737630
1.80840496 0.00000458 0.68599562 0.46912297 0.99737630
1.80840496 0.00000458 0.68599562 0.46912297 0.99737630
1.80840496 0.00000458 0.68599562 0.46912297 0.99737630
1.80840496 0.00000458 0.68599562 0.46912297 0.99737630
1.80840496 0.00000458 0.68599562 0.46912297 0.99737630
1.80840496 0.00000458 0.68599562 0.46912297 0.99737630
1.80840496 0.00000458 0.68599562 0.46912297 0.99737630
1.80840496 0.00000458 0.68599562 0.46912297 0.99737630
1.80840496 0.00000458 0.68599562 0.46912297 0.99737630
1.80840496 0.00000458 0.68599562 0.46912297 0.99737630
1.80840496 0.00000458 0.68599562 0.46912297 0.99737630
1.80840496 0.00000458 0.68599562 0.46912297 0.99737630
1.80840496 0.00000458 0.68599562 0.46912297 0.99737630
1.80840496 0.00000458 0.68599562 0.46912297 0.99737630
1.80840496 0.00000458 0.68599562 0.46912297 0.99737630
1.80840496 0.00000458 0.68599562 0.46912297 0.99737630
1.80840496 0.00000458 0.68599562 0.46912297 0.99737630
1.80840496 0.00000458 0.68599562 0.46912297 0.99737630
1.80840496 0.00000458 0.68599562 0.46912297 0.99737630
1.80840496 0.00000458 0.68599562 0.46912297 0.99737630
1.80840496 0.00000458 0.68599562 0.46912297 0.99737630
1.80840496 0.00000458 0.68599562 0.46912297 0.99737630
1.80840496 0.00000458 0.68599562 0.46912297 0.99737630
1.80840496 0.00000458 0.68599562 0.46912297 0.99737630
1.80840496 0.00000458 0.68599562 0.46912297 0.99737630
1.80840496 0.00000458 0.68599562 0.46912297 0.99737630
1.80840496 0.00000458 0.68599562 0.46912297 0.99737630
1.80840496 0.00000458 0.68599562 0.46912297 0.99737630
1.80840496 0.00000458 0.68599562 0.46912297 0.99737630
1.80840496 0.00000458 0.68599562 0.46912297 0.99737630
1.80840496 0.00000458 0.68599562 0.46912297 0.99737630
1.80840496 0.00000458 0.68599562 0.46912297 0.99737630
1.80840496 0.00000458 0.68599562 0.46912297 0.99737630
1.80840496 0.00000458 0.68599562 0.46912297 0.99737630
1.80840496 0.00000458 0.68599562 0.46912297 0.99737630
1.80840496 0.00000458 0.68599562 0.46912297 0.99737630
1.80840496 0.00000458 0.68599562 0.46912297 0.99737630
1.80840496 0.00000458 0.68599562 0.46912297 0.99737630
1.80840496 0.00000458 0.68599562 0.46912297 0.99737630
1.80840496 0.00000458 0.68599562 0.46912297 0.99737630
1.80840496 0.00000458 0.68599562 0.46912297 0.99737630
1.80840496 0.00000458 0.68599562 0.46912297 0.99737630
