0.00000000 0.00000000 0.00000000 0.00000000 0.00000000
2.63337699 0.00000451 1.02653622 1.28845680 3.51647963
2.73343785 0.00000495 1.17859806 1.44908950 3.68625918
2.56213866 0.00000565 1.09706620 1.30879296 3.07731661
2.56440248 0.00000571 0.98782407 1.33586230 2.97918759
2.55294001 0.00000543 1.02567246 1.38328043 2.07423015
2.55265665 0.00000577 1.25771870 1.38721135 1.66583319
2.53011873 0.00000551 1.37455396 1.53182160 1.25685513
2.35176233 0.00000590 1.48172103 1.60221447 1.31080315
2.26260235 0.00000572 1.40033889 1.56863357 1.22643326
2.26260235 0.00000572 1.40033889 1.56863357 1.22643326
2.26260235 0.00000572 1.40033889 1.56863357 1.22643326
2.00671819 0.00000572 0.99013077 1.31103460 1.22643326
2.00671819 0.00000572 0.99013077 1.31103460 1.22643326
2.00671819 0.00000572 0.99013077 1.31103460 1.22643326
2.00671819 0.00000572 0.99013077 1.31103460 1.22643326
1.47804943 0.00000572 1.26888067 1.14261785 0.96243901
1.47804943 0.00000572 1.26888067 1.14261785 0.96243901
1.23713445 0.00000572 1.58584567 0.96388574 0.96243901
1.23713445 0.00000572 1.58584567 0.96388574 0.96243901
1.23713445 0.00000572 1.58584567 0.96388574 0.96243901
1.23713445 0.00000572 1.58584567 0.96388574 0.96243901
0.87498071 0.00000572 0.86534253 0.73898417 0.90688958
0.87498071 0.00000572 0.27626972 0.28470318 0.90688958
0.87498071 0.00000572 0.74006859 0.15015304 0.90688958
0.87498071 0.00000572 0.74006859 0.15015304 0.90688958
0.87498071 0.00000572 0.74006859 0.15015304 0.90688958
0.81915131 0.00000572 0.89564540 0.15015304 0.90688958
0.81915131 0.00000572 1.10930323 0.10791568 0.90688958
0.81915131 0.00000572 1.10930323 0.10791568 0.90688958
0.81915131 0.00000572 1.10930323 0.10791568 0.90688958
0.81915131 0.00000572 0.85875431 0.10791568 0.90688958
0.81915131 0.00000572 0.85875431 0.10791568 0.90688958
0.81915131 0.00000572 0.85875431 0.10791568 0.90688958
0.81915131 0.00000572 0.85875431 0.10791568 0.90688958
0.81915131 0.00000572 0.85875431 0.10791568 0.90688958
0.81915131 0.00000572 0.85875431 0.10791568 0.90688958
0.81915131 0.00000572 0.85875431 0.10791568 0.90688958
0.81915131 0.00000572 0.49283331 0.10791568 0.90688958
0.81915131 0.00000572 0.49283331 0.10791568 0.90688958
0.81915131 0.00000572 0.49283331 0.10791568 0.90688958
0.81915131 0.00000572 0.49283331 0.10791568 0.90688958
0.81915131 0.00000572 0.49283331 0.10791568 0.90688958
0.81915131 0.00000572 0.49283331 0.10791568 0.90688958
0.81915131 0.00000572 0.49283331 0.10791568 0.90688958
0.81915131 0.00000572 0.49283331 0.10791568 0.90688958
0.81915131 0.00000572 0.49283331 0.10791568 0.90688958
0.81915131 0.00000572 0.49283331 0.10791568 0.90688958
0.81915131 0.00000572 0.49283331 0.10791568 0.90688958
0.81915131 0.00000572 0.49283331 0.10791568 0.90688958
0.81915131 0.00000572 0.39403758 0.10791568 0.90688958
0.81915131 0.00000572 0.39403758 0.10791568 0.90688958
0.81915131 0.00000572 0.39403758 0.10791568 0.90688958
0.81915131 0.00000572 0.39403758 0.10791568 0.90688958
0.81915131 0.00000572 0.39403758 0.10791568 0.90688958
0.81915131 0.00000572 0.39403758 0.10791568 0.90688958
0.81915131 0.00000572 0.39403758 0.10791568 0.90688958
0.81915131 0.00000572 0.39403758 0.10791568 0.90688958
0.81915131 0.00000572 0.39403758 0.10791568 0.90688958
0.81915131 0.00000572 0.39403758 0.10791568 0.90688958
0.81915131 0.00000572 0.39403758 0.10791568 0.90688958
0.81915131 0.00000572 0.39403758 0.10791568 0.90688958
0.81915131 0.00000572 0.39403758 0.10791568 0.90688958
0.81915131 0.00000572 0.39403758 0.10791568 0.90688958
0.81915131 0.00000572 0.39403758 0.10791568 0.90688958
0.81915131 0.00000572 0.39403758 0.10791568 0.90688958
0.81915131 0.00000572 0.39403758 0.10791568 0.90688958
0.81915131 0.00000572 0.39403758 0.10791568 0.90688958
0.81915131 0.00000572 0.13238321 0.10791568 0.90688958
0.81915131 0.00000572 0.13238321 0.10791568 0.90688958
0.81915131 0.00000572 0.13238321 0.10791568 0.90688958
0.81915131 0.00000572 0.02757658 0.10791568 0.90688958
0.81915131 0.00000572 0.02757658 0.10791568 0.90688958
0.81915131 0.00000572 0.02757658 0.10791568 0.90688958
0.81915131 0.00000572 0.02757658 0.10791568 0.90688958
0.81915131 0.00000572 0.02757658 0.10791568 0.90688958
0.81915131 0.00000572 0.02757658 0.10791568 0.90688958
0.81915131 0.00000572 0.02757658 0.10791568 0.90688958
0.81915131 0.00000572 0.02757658 0.10791568 0.90688958
0.81915131 0.00000572 0.02757658 0.10791568 0.90688958
0.81915131 0.00000572 0.02757658 0.10791568 0.90688958
0.81915131 0.00000572 0.02757658 0.10791568 0.90688958
0.81915131 0.00000572 0.02757658 0.10791568 0.90688958
0.81915131 0.00000572 0.02757658 0.10791568 0.90688958
0.81915131 0.00000572 0.02757658 0.10791568 0.90688958
0.81915131 0.00000572 0.02757658 0.10791568 0.90688958
0.81915131 0.00000572 0.02757658 0.10791568 0.90688958
0.81915131 0.00000572 0.00396860 0.10791568 0.90688958
0.81915131 0.00000572 0.00396860 0.10791568 0.90688958
0.81915131 0.00000572 0.00396860 0.10791568 0.90688958
0.81915131 0.00000572 0.00396860 0.10791568 0.90688958
0.81915131 0.00000572 0.00396860 0.10791568 0.90688958
0.81915131 0.00000572 0.00396860 0.10791568 0.90688958
0.81915131 0.00000572 0.00396860 0.10791568 0.90688958
0.81915131 0.00000572 0.00396860 0.10791568 0.90688958
0.81915131 0.00000572 0.00396860 0.10791568 0.90688958
0.81915131 0.00000572 0.00396860 0.10791568 0.90688958
0.81915131 0.00000572 0.00396860 0.10791568 0.90688958
0.81915131 0.00000572 0.00396860 0.10791568 0.90688958
0.81915131 0.00000572 0.00396860 0.10791568 0.90688958
0.81915131 0.00000572 0.00396860 0.10791568 0.90688958
0.81915131 0.00000572 0.00396860 0.10791568 0.90688958
0.81915131 0.00000572 0.00396860 0.10791568 0.90688958
0.81915131 0.00000572 0.00396860 0.10791568 0.90688958
0.81915131 0.00000572 0.00396860 0.10791568 0.90688958
0.81915131 0.00000572 0.00396860 0.10791568 0.90688958
0.81915131 0.00000572 0.00396860 0.10791568 0.90688958
0.81915131 0.00000572 0.00396860 0.10791568 0.90688958
0.81915131 0.00000572 0.16657531 0.10791568 0.90688958
0.81915131 0.00000572 0.16657531 0.10791568 0.90688958
0.81915131 0.00000572 0.16657531 0.10791568 0.90688958
0.81915131 0.00000572 0.16657531 0.10791568 0.90688958
0.81915131 0.00000572 0.16657531 0.10791568 0.90688958
0.81915131 0.00000572 0.16657531 0.10791568 0.90688958
0.81915131 0.00000572 0.16657531 0.10791568 0.90688958
0.81915131 0.00000572 0.16657531 0.10791568 0.90688958
0.81915131 0.00000572 0.16657531 0.10791568 0.90688958
0.81915131 0.00000572 0.16657531 0.10791568 0.90688958
0.81915131 0.00000572 0.16657531 0.10791568 0.90688958
0.81915131 0.00000572 0.16657531 0.10791568 0.90688958
1.05653519 0.00000572 0.16657531 0.10791568 1.03533617
1.05653519 0.00000572 0.16657531 0.10791568 1.03533617
1.05653519 0.00000572 0.16657531 0.10791568 1.03533617
1.05653519 0.00000572 0.16657531 0.10791568 1.03533617
1.05653519 0.00000572 0.16657531 0.10791568 1.03533617
1.05653519 0.00000572 0.16657531 0.10791568 1.03533617
1.05653519 0.00000572 0.16657531 0.10791568 1.03533617
1.05653519 0.00000572 0.16657531 0.10791568 1.03533617
1.05653519 0.00000572 0.16657531 0.10791568 1.03533617
1.05653519 0.00000572 0.16657531 0.10791568 1.03533617
1.05653519 0.00000572 0.16657531 0.10791568 1.03533617
1.05653519 0.00000572 0.16657531 0.10791568 1.03533617
1.05653519 0.00000572 0.16657531 0.10791568 1.03533617
1.05653519 0.00000572 0.16657531 0.10791568 1.03533617
1.05653519 0.00000572 0.16657531 0.10791568 1.03533617
1.05653519 0.00000572 0.16657531 0.10791568 1.03533617
1.05653519 0.00000572 0.16657531 0.10791568 1.03533617
1.05653519 0.00000572 0.16657531 0.10791568 1.03533617
1.05653519 0.00000572 0.16657531 0.10791568 1.03533617
1.05653519 0.00000572 0.16657531 0.10791568 1.03533617
1.05653519 0.00000572 0.16657531 0.10791568 1.03533617
1.05653519 0.00000572 0.16657531 0.10791568 1.03533617
1.05653519 0.00000572 0.16657531 0.10791568 1.03533617
1.05653519 0.00000572 0.16657531 0.10791568 1.03533617
1.05653519 0.00000572 0.16657531 0.10791568 1.03533617
1.05653519 0.00000572 0.16657531 0.10791568 1.03533617
1.15771809 0.00000572 0.16657531 0.10791568 1.03533617
1.15771809 0.00000572 0.16657531 0.10791568 1.03533617
1.15771809 0.00000572 0.16657531 0.10791568 1.03533617
1.15771809 0.00000572 0.16657531 0.10791568 1.03533617
1.15771809 0.00000572 0.16657531 0.10791568 1.03533617
1.15771809 0.00000572 0.16657531 0.10791568 1.03533617
1.15771809 0.00000572 0.16657531 0.10791568 1.03533617
1.15771809 0.00000572 0.16657531 0.10791568 1.03533617
1.15771809 0.00000572 0.16657531 0.10791568 1.03533617
1.15771809 0.00000572 0.16657531 0.10791568 1.03533617
1.15771809 0.00000572 0.16657531 0.10791568 1.03533617
1.15771809 0.00000572 0.16657531 0.10791568 1.03533617
1.15771809 0.00000572 0.16657531 0.10791568 1.03533617
1.15771809 0.00000572 0.16657531 0.10791568 1.03533617
1.15771809 0.00000572 0.16657531 0.10791568 1.03533617
1.15771809 0.00000572 0.16657531 0.10791568 1.03533617
1.15771809 0.00000572 0.16657531 0.10791568 1.03533617
1.15771809 0.00000572 0.16657531 0.10791568 1.03533617
1.15771809 0.00000572 0.16657531 0.10791568 1.03533617
1.15771809 0.00000572 0.16657531 0.10791568 1.03533617
1.15771809 0.00000572 0.16657531 0.10791568 1.03533617
1.15771809 0.00000572 0.16657531 0.10791568 1.03533617
1.15771809 0.00000572 0.16657531 0.10791568 1.03533617
