2.63936794 0.00000413 1.14265503 1.23209432 3.67048005
2.59749078 0.00000406 1.29985850 1.13346552 3.50634566
2.78214911 0.00000445 1.31364002 0.95792201 3.22564463
2.78214911 0.00000445 1.31364002 0.95792201 3.22564463
2.78214911 0.00000445 1.31364002 0.95792201 3.22564463
2.62282618 0.00000447 1.33336376 1.30282378 2.84354414
2.61458673 0.00000449 1.30488187 1.42535478 2.64319868
2.70262734 0.00000425 1.57325629 1.45636537 2.44917066
2.51742371 0.00000405 1.59987340 1.45653046 2.14202544
2.49054847 0.00000382 1.55905003 1.23381502 1.57461262
2.41950328 0.00000425 1.47676607 1.32152932 0.76680862
1.16349045 0.00000425 0.78988933 1.01017935 0.76680862
0.92102393 0.00000425 1.02218289 1.11316628 0.76420270
0.92102393 0.00000425 1.02218289 1.11316628 0.76420270
0.92102393 0.00000425 1.02218289 1.11316628 0.76420270
0.92102393 0.00000425 1.02218289 1.11316628 0.76420270
0.92102393 0.00000425 1.02218289 1.11316628 0.76420270
0.92102393 0.00000425 1.02218289 1.11316628 0.76420270
0.92102393 0.00000425 1.02218289 1.11316628 0.76420270
0.92102393 0.00000425 0.34130200 1.83049046 0.76420270
0.92102393 0.00000425 0.34130200 1.83049046 0.76420270
0.92102393 0.00000425 0.34130200 1.83049046 0.76420270
0.92102393 0.00000425 0.34130200 1.83049046 0.76420270
0.92102393 0.00000425 0.72068517 1.46546016 0.76420270
0.92102393 0.00000425 0.72068517 1.46546016 0.76420270
0.92102393 0.00000425 0.10031134 1.34151578 0.76420270
0.92102393 0.00000425 0.10031134 1.34151578 0.76420270
0.92102393 0.00000425 0.10031134 1.34151578 0.76420270
0.92102393 0.00000425 0.14706443 1.13394494 0.76420270
0.92102393 0.00000425 0.14706443 0.87556353 0.76420270
0.92102393 0.00000425 0.14706443 0.87556353 0.76420270
0.92102393 0.00000425 0.14706443 0.87556353 0.76420270
0.92102393 0.00000425 0.14706443 0.87556353 0.76420270
0.92102393 0.00000425 0.14706443 0.87556353 0.76420270
0.92102393 0.00000425 0.14706443 0.70402814 0.76420270
0.92102393 0.00000425 0.14706443 0.70402814 0.76420270
0.92102393 0.00000425 0.14706443 0.70402814 0.76420270
0.92102393 0.00000425 0.59934527 0.53758433 0.76420270
0.92102393 0.00000425 0.59934527 0.53758433 0.76420270
0.92102393 0.00000425 0.59934527 0.53758433 0.76420270
0.92102393 0.00000425 0.59934527 0.53758433 0.76420270
0.92102393 0.00000425 0.59934527 0.53758433 0.76420270
0.92102393 0.00000425 0.59934527 0.53758433 0.76420270
0.92102393 0.00000425 0.59934527 0.24016283 0.76420270
0.92102393 0.00000425 0.59934527 0.24016283 0.76420270
0.92102393 0.00000425 0.59934527 0.24016283 0.76420270
0.92102393 0.00000425 0.59934527 0.24016283 0.76420270
1.75782744 0.00000425 0.22833833 0.79931886 0.93617252
1.75782744 0.00000425 0.22833833 0.79931886 0.93617252
1.75782744 0.00000425 0.22833833 0.79931886 0.93617252
1.75782744 0.00000425 0.22833833 0.79931886 0.93617252
1.75782744 0.00000425 0.22833833 0.79931886 0.93617252
1.75782744 0.00000425 0.22833833 0.79931886 0.93617252
1.75782744 0.00000425 0.22833833 0.79931886 0.93617252
1.75782744 0.00000425 0.22833833 0.79931886 0.93617252
1.75782744 0.00000425 0.22833833 0.79931886 0.93617252
1.75782744 0.00000425 0.22833833 0.79931886 0.93617252
1.75782744 0.00000425 0.22833833 0.79931886 0.93617252
1.75782744 0.00000425 0.22833833 0.79931886 0.93617252
1.44820026 0.00000425 0.22833833 0.38597246 0.93617252
1.44820026 0.00000425 0.22833833 0.38597246 0.93617252
1.50179350 0.00000425 0.22833833 0.78796530 0.93617252
1.50179350 0.00000425 0.22833833 1.37560466 0.93617252
1.50179350 0.00000425 0.22833833 1.37560466 0.93617252
1.50179350 0.00000425 0.22833833 1.37560466 0.93617252
1.50179350 0.00000425 0.22833833 1.37560466 0.93617252
1.50179350 0.00000425 0.22833833 1.37560466 0.93617252
1.50179350 0.00000425 0.22833833 1.37560466 0.93617252
1.50179350 0.00000425 0.22833833 1.37560466 0.93617252
1.50179350 0.00000425 0.22833833 1.37560466 0.93617252
1.50179350 0.00000425 0.22833833 1.37560466 0.93617252
1.50179350 0.00000425 0.22833833 1.37560466 0.93617252
1.50179350 0.00000425 0.22833833 1.37560466 0.93617252
1.50179350 0.00000425 0.22833833 1.37560466 0.93617252
1.50179350 0.00000425 0.22833833 1.37560466 0.93617252
1.50179350 0.00000425 0.22833833 1.37560466 0.93617252
1.50179350 0.00000425 0.22833833 1.37560466 0.93617252
1.50179350 0.00000425 0.22833833 1.37560466 0.93617252
1.50179350 0.00000425 0.22833833 1.37560466 0.93617252
1.50179350 0.00000425 0.22833833 1.37560466 0.93617252
1.50179350 0.00000425 0.22833833 1.37560466 0.93617252
1.50179350 0.00000425 0.22833833 1.37560466 0.93617252
1.50179350 0.00000425 0.22833833 1.37560466 0.93617252
1.50179350 0.00000425 0.22833833 1.37560466 0.93617252
1.50179350 0.00000425 0.22833833 1.37560466 0.93617252
1.50179350 0.00000425 0.22833833 1.37560466 0.93617252
1.50179350 0.00000425 0.22833833 1.37560466 0.93617252
1.50179350 0.00000425 0.22833833 1.37560466 0.93617252
1.50179350 0.00000425 0.22833833 1.37560466 0.93617252
1.50179350 0.00000425 0.22833833 1.37560466 0.93617252
1.50179350 0.00000425 0.22833833 1.37560466 0.93617252
1.50179350 0.00000425 0.22833833 1.37560466 0.93617252
1.50179350 0.00000425 0.22833833 1.37560466 0.93617252
1.50179350 0.00000425 0.22833833 1.37560466 0.93617252
1.50179350 0.00000425 0.22833833 1.37560466 0.93617252
1.50179350 0.00000425 0.22833833 1.37560466 0.93617252
1.50179350 0.00000425 0.22833833 1.37560466 0.93617252
1.50179350 0.00000425 0.22833833 1.37560466 0.93617252
1.50179350 0.00000425 0.22833833 1.37560466 0.93617252
1.50179350 0.00000425 0.22833833 1.37560466 0.93617252
1.50179350 0.00000425 0.22833833 1.37560466 0.93617252
1.50179350 0.00000425 0.22833833 1.37560466 0.93617252
1.50179350 0.00000425 0.22833833 1.37560466 0.93617252
1.50179350 0.00000425 0.22833833 1.37560466 0.93617252
1.50179350 0.00000425 0.22833833 1.37560466 0.93617252
1.50179350 0.00000425 0.22833833 1.37560466 0.93617252
1.50179350 0.00000425 0.22833833 1.37560466 0.93617252
1.50179350 0.00000425 0.22833833 1.37560466 0.93617252
1.50179350 0.00000425 0.22833833 1.37560466 0.93617252
1.50179350 0.00000425 0.22833833 1.37560466 0.93617252
1.50179350 0.00000425 0.22833833 1.37560466 0.93617252
1.50179350 0.00000425 0.22833833 1.37560466 0.93617252
1.50179350 0.00000425 0.22833833 1.37560466 0.93617252
1.50179350 0.00000425 0.22833833 1.37560466 0.93617252
1.50179350 0.00000425 0.22833833 1.37560466 0.93617252
1.50179350 0.00000425 0.22833833 1.37560466 0.93617252
1.50179350 0.00000425 0.22833833 1.37560466 0.93617252
1.50179350 0.00000425 0.22833833 1.37560466 0.93617252
1.50179350 0.00000425 0.22833833 1.37560466 0.93617252
1.50179350 0.00000425 0.22833833 1.37560466 0.93617252
1.50179350 0.00000425 0.22833833 1.37560466 0.93617252
1.50179350 0.00000425 0.22833833 1.37560466 0.93617252
1.50179350 0.00000425 0.22833833 1.37560466 0.93617252
1.50179350 0.00000425 0.22833833 1.37560466 0.93617252
1.50179350 0.00000425 0.22833833 1.37560466 0.93617252
1.50179350 0.00000425 0.22833833 1.37560466 0.93617252
1.50179350 0.00000425 0.22833833 1.37560466 0.93617252
1.50179350 0.00000425 0.22833833 1.37560466 0.93617252
1.50179350 0.00000425 0.22833833 1.37560466 0.93617252
1.50179350 0.00000425 0.22833833 1.37560466 0.93617252
1.50179350 0.00000425 0.22833833 1.37560466 0.93617252
1.50179350 0.00000425 0.22833833 1.37560466 0.93617252
1.50179350 0.00000425 0.22833833 1.37560466 0.93617252
1.50179350 0.00000425 0.22833833 1.37560466 0.93617252
1.50179350 0.00000425 0.22833833 1.37560466 0.93617252
1.50179350 0.00000425 0.22833833 1.37560466 0.93617252
1.50179350 0.00000425 0.22833833 1.37560466 0.93617252
1.50179350 0.00000425 0.22833833 1.37560466 0.93617252
1.50179350 0.00000425 0.22833833 1.37560466 0.93617252
1.50179350 0.00000425 0.22833833 1.37560466 0.93617252
1.50179350 0.00000425 0.22833833 1.37560466 0.93617252
1.50179350 0.00000425 0.22833833 1.37560466 0.93617252
1.50179350 0.00000425 0.22833833 1.37560466 0.93617252
1.50179350 0.00000425 0.22833833 1.37560466 0.93617252
1.50179350 0.00000425 0.22833833 1.37560466 0.93617252
1.50179350 0.00000425 0.22833833 1.37560466 0.93617252
1.50179350 0.00000425 0.22833833 1.37560466 0.93617252
1.50179350 0.00000425 0.22833833 1.37560466 0.93617252
1.50179350 0.00000425 0.22833833 1.37560466 0.93617252
1.50179350 0.00000425 0.22833833 1.37560466 0.93617252
1.50179350 0.00000425 0.22833833 1.37560466 0.93617252
1.50179350 0.00000425 0.22833833 1.37560466 0.93617252
1.50179350 0.00000425 0.22833833 1.37560466 0.93617252
1.50179350 0.00000425 0.22833833 1.37560466 0.93617252
1.50179350 0.00000425 0.22833833 1.37560466 0.93617252
1.50179350 0.00000425 0.22833833 1.37560466 0.93617252
1.50179350 0.00000425 0.22833833 1.37560466 0.93617252
1.50288412 0.00000425 0.22833833 0.72853788 0.93617252
1.50288412 0.00000425 0.22833833 0.72853788 0.93617252
1.50288412 0.00000425 0.22833833 0.72853788 0.93617252
1.50288412 0.00000425 0.22833833 0.72853788 0.93617252
1.50288412 0.00000425 0.22833833 0.72853788 0.93617252
1.50288412 0.00000425 0.22833833 0.72853788 0.93617252
1.50288412 0.00000425 0.22833833 0.72853788 0.93617252
1.50288412 0.00000425 0.22833833 0.72853788 0.93617252
1.50288412 0.00000425 0.22833833 0.72853788 0.93617252
1.50288412 0.00000425 0.22833833 0.72853788 0.93617252
1.50288412 0.00000425 0.22833833 0.72853788 0.93617252
1.50288412 0.00000425 0.22833833 0.72853788 0.93617252
