0.00000000 0.00000000 0.00000000 0.00000000 0.00000000
2.71445334 0.00000440 1.17501874 1.19896084 3.61970702
2.83166631 0.00000450 1.29829265 1.02006505 3.46110810
2.60191844 0.00000460 1.40250209 1.12190421 3.14658651
2.96695848 0.00000473 1.53536312 1.22825650 3.07471411
2.71033102 0.00000537 1.53823238 1.39953284 2.82492051
2.59024756 0.00000591 1.71820613 1.26839224 2.07570959
2.62503167 0.00000591 1.60865814 1.17620159 1.58111745
2.63020626 0.00000575 1.58042583 1.45651104 1.51150680
2.63020626 0.00000575 1.58042583 1.45651104 1.51150680
2.42821733 0.00000592 1.64497879 1.55817523 1.35768915
2.42821733 0.00000592 1.64497879 1.55817523 1.35768915
2.42821733 0.00000592 1.64497879 1.55817523 1.35768915
0.93018521 0.00000592 0.62795669 1.36275977 0.89582743
0.93018521 0.00000592 0.62795669 1.36275977 0.89582743
0.93018521 0.00000592 0.62795669 1.36275977 0.89582743
0.93018521 0.00000592 0.62795669 1.36275977 0.89582743
0.93018521 0.00000592 0.62795669 1.36275977 0.89582743
0.93018521 0.00000592 0.62795669 1.36275977 0.89582743
0.93018521 0.00000592 0.62795669 1.36275977 0.89582743
0.93018521 0.00000592 0.62795669 1.36275977 0.89582743
0.80803980 0.00000592 0.95631508 1.58114137 0.89582743
0.80803980 0.00000592 0.71417353 0.84517893 0.89582743
0.80803980 0.00000592 0.71417353 0.84517893 0.89582743
0.80803980 0.00000592 0.71417353 0.84517893 0.89582743
0.80803980 0.00000592 0.71417353 0.84517893 0.89582743
0.80803980 0.00000592 0.71417353 0.84517893 0.89582743
0.80803980 0.00000592 0.07629496 1.52906324 0.89582743
0.80803980 0.00000592 0.07629496 1.50736133 0.89582743
0.80803980 0.00000592 0.07629496 0.83475836 0.89582743
0.80803980 0.00000592 0.07629496 0.83475836 0.89582743
0.80803980 0.00000592 0.07629496 0.83475836 0.89582743
0.80803980 0.00000592 0.07629496 0.83475836 0.89582743
0.80803980 0.00000592 0.07629496 0.83475836 0.89582743
0.80803980 0.00000592 0.07629496 0.83475836 0.89582743
0.80803980 0.00000592 0.07629496 0.83475836 0.89582743
1.02236618 0.00000592 0.07629496 0.93202927 0.99757032
1.02236618 0.00000592 0.07629496 0.84713900 0.99757032
1.02236618 0.00000592 0.07629496 0.84713900 0.99757032
1.02236618 0.00000592 0.07629496 0.52916675 0.99757032
1.02236618 0.00000592 0.07629496 0.52916675 0.99757032
1.02236618 0.00000592 0.07629496 0.52916675 0.99757032
1.02236618 0.00000592 0.07629496 0.62140785 0.99757032
1.02236618 0.00000592 0.07629496 0.62140785 0.99757032
1.05644077 0.00000592 0.76269399 1.05523297 1.04315877
1.05644077 0.00000592 0.76269399 1.05523297 1.04315877
1.05644077 0.00000592 0.76269399 1.05523297 1.04315877
1.05644077 0.00000592 0.50181661 1.26911194 1.04315877
1.05644077 0.00000592 0.50181661 1.26911194 1.04315877
1.05644077 0.00000592 0.50181661 1.26911194 1.04315877
1.05644077 0.00000592 0.50181661 1.26911194 1.04315877
1.05644077 0.00000592 0.50181661 1.26911194 1.04315877
1.05644077 0.00000592 0.50181661 1.26911194 1.04315877
1.05644077 0.00000592 0.50181661 1.26911194 1.04315877
1.05644077 0.00000592 0.50181661 1.26911194 1.04315877
1.05644077 0.00000592 0.50181661 1.26911194 1.04315877
1.05644077 0.00000592 0.50181661 1.26911194 1.04315877
1.05644077 0.00000592 0.50181661 1.26911194 1.04315877
1.05644077 0.00000592 0.50181661 1.26911194 1.04315877
1.05644077 0.00000592 0.50181661 1.26911194 1.04315877
1.05644077 0.00000592 0.50181661 1.26911194 1.04315877
1.05644077 0.00000592 0.50181661 1.26911194 1.04315877
1.05644077 0.00000592 0.50181661 1.26911194 1.04315877
1.05644077 0.00000592 0.50181661 1.26911194 1.04315877
1.05644077 0.00000592 0.50181661 1.26911194 1.04315877
1.05644077 0.00000592 0.50181661 1.11739280 1.04315877
1.05644077 0.00000592 0.50181661 1.11739280 1.04315877
1.05644077 0.00000592 0.50181661 1.11739280 1.04315877
1.05644077 0.00000592 0.50181661 1.11739280 1.04315877
1.05644077 0.00000592 0.50181661 1.11739280 1.04315877
1.05644077 0.00000592 0.50181661 1.11739280 1.04315877
1.05644077 0.00000592 0.50181661 1.11739280 1.04315877
1.05644077 0.00000592 0.50181661 1.11739280 1.04315877
1.05644077 0.00000592 0.50181661 1.11739280 1.04315877
1.05644077 0.00000592 0.50181661 1.11739280 1.04315877
1.05644077 0.00000592 0.50181661 1.11739280 1.04315877
1.05644077 0.00000592 0.50181661 1.11739280 1.04315877
1.05644077 0.00000592 0.50181661 1.11739280 1.04315877
1.05644077 0.00000592 0.50181661 1.11739280 1.04315877
1.05644077 0.00000592 0.50181661 1.11739280 1.04315877
1.05644077 0.00000592 0.50181661 1.11739280 1.04315877
1.05644077 0.00000592 0.50181661 1.11739280 1.04315877
1.05644077 0.00000592 0.50181661 1.11739280 1.04315877
1.05644077 0.00000592 0.50181661 1.11739280 1.04315877
1.05644077 0.00000592 0.50181661 1.11739280 1.04315877
1.05644077 0.00000592 0.50181661 1.11739280 1.04315877
1.05644077 0.00000592 0.50181661 1.11739280 1.04315877
1.05644077 0.00000592 0.50181661 1.11739280 1.04315877
1.05644077 0.00000592 0.50181661 1.11739280 1.04315877
1.05644077 0.00000592 0.50181661 1.11739280 1.04315877
1.05644077 0.00000592 0.50181661 1.11739280 1.04315877
1.05644077 0.00000592 0.50181661 1.11739280 1.04315877
1.05644077 0.00000592 0.03364293 1.45015984 1.04315877
1.05644077 0.00000592 0.03364293 1.45015984 1.04315877
1.05644077 0.00000592 0.03364293 1.45015984 1.04315877
1.05644077 0.00000592 0.03364293 1.45015984 1.04315877
1.05644077 0.00000592 0.03364293 1.45015984 1.04315877
1.05644077 0.00000592 0.03364293 1.45015984 1.04315877
1.05644077 0.00000592 0.03364293 1.34919279 1.04315877
1.05644077 0.00000592 0.03364293 1.34919279 1.04315877
1.05644077 0.00000592 0.03364293 1.34919279 1.04315877
1.05644077 0.00000592 0.03364293 1.34919279 1.04315877
1.05644077 0.00000592 0.03364293 1.34919279 1.04315877
1.05644077 0.00000592 0.03364293 1.34919279 1.04315877
1.05644077 0.00000592 0.03364293 1.34919279 1.04315877
1.05644077 0.00000592 0.03364293 1.34919279 1.04315877
1.05644077 0.00000592 0.03364293 1.68970641 1.04315877
1.05644077 0.00000592 0.03364293 1.68970641 1.04315877
1.05644077 0.00000592 0.03364293 1.68970641 1.04315877
1.05644077 0.00000592 0.03364293 1.68970641 1.04315877
1.05644077 0.00000592 0.03364293 1.68970641 1.04315877
1.05644077 0.00000592 0.03364293 1.68970641 1.04315877
1.05644077 0.00000592 0.03364293 1.68970641 1.04315877
1.05644077 0.00000592 0.03364293 1.68970641 1.04315877
1.05644077 0.00000592 0.03364293 1.68970641 1.04315877
1.05644077 0.00000592 0.03364293 1.68970641 1.04315877
1.05644077 0.00000592 0.03364293 1.68970641 1.04315877
1.05644077 0.00000592 0.03364293 1.68970641 1.04315877
1.05644077 0.00000592 0.03364293 1.68970641 1.04315877
1.05644077 0.00000592 0.03364293 1.68970641 1.04315877
1.05644077 0.00000592 0.03364293 0.93926451 1.04315877
1.05644077 0.00000592 0.03364293 0.93926451 1.04315877
1.05644077 0.00000592 0.03364293 0.93926451 1.04315877
1.05644077 0.00000592 0.03364293 0.93926451 1.04315877
1.05644077 0.00000592 0.03364293 0.93926451 1.04315877
1.05644077 0.00000592 0.03364293 0.93926451 1.04315877
1.05644077 0.00000592 0.03364293 0.93926451 1.04315877
1.05644077 0.00000592 0.03364293 0.93926451 1.04315877
1.05644077 0.00000592 0.03364293 0.93926451 1.04315877
1.05644077 0.00000592 0.03364293 0.93926451 1.04315877
1.05644077 0.00000592 0.03364293 0.93926451 1.04315877
1.05644077 0.00000592 0.03364293 0.93926451 1.04315877
1.09564264 0.00000592 0.22276010 1.55537547 1.04315877
1.09564264 0.00000592 0.22276010 1.55537547 1.04315877
1.09564264 0.00000592 0.22276010 1.55537547 1.04315877
1.09564264 0.00000592 0.22276010 1.55537547 1.04315877
1.09564264 0.00000592 0.22276010 1.51332084 1.04315877
1.09564264 0.00000592 0.22276010 1.51332084 1.04315877
1.09564264 0.00000592 0.22276010 1.51332084 1.04315877
1.09564264 0.00000592 0.22276010 1.51332084 1.04315877
1.09564264 0.00000592 0.22276010 1.51332084 1.04315877
1.09564264 0.00000592 0.22276010 1.51332084 1.04315877
1.09564264 0.00000592 0.22276010 1.51332084 1.04315877
1.09564264 0.00000592 0.22276010 1.51332084 1.04315877
1.09564264 0.00000592 0.22276010 1.51332084 1.04315877
1.09564264 0.00000592 0.22276010 1.51332084 1.04315877
1.09564264 0.00000592 0.22276010 1.51332084 1.04315877
1.09564264 0.00000592 0.22276010 1.51332084 1.04315877
1.09564264 0.00000592 0.22276010 1.51332084 1.04315877
1.09564264 0.00000592 0.22276010 1.51332084 1.04315877
1.09564264 0.00000592 0.22276010 1.51332084 1.04315877
1.09564264 0.00000592 0.22276010 1.51332084 1.04315877
1.09564264 0.00000592 0.22276010 1.51332084 1.04315877
1.09564264 0.00000592 0.22276010 1.51332084 1.04315877
1.09564264 0.00000592 0.22276010 1.51332084 1.04315877
1.09564264 0.00000592 0.22276010 1.51332084 1.04315877
1.09564264 0.00000592 0.22276010 1.51332084 1.04315877
1.09564264 0.00000592 0.22276010 1.51332084 1.04315877
1.09564264 0.00000592 0.22276010 1.51332084 1.04315877
1.09564264 0.00000592 0.22276010 1.51332084 1.04315877
1.09564264 0.00000592 0.22276010 1.51332084 1.04315877
1.09564264 0.00000592 0.22276010 1.51332084 1.04315877
1.09564264 0.00000592 0.22276010 1.51332084 1.04315877
1.09564264 0.00000592 0.22276010 1.41661935 1.04315877
1.09564264 0.00000592 0.22276010 1.41661935 1.04315877
1.09564264 0.00000592 0.22276010 1.41661935 1.04315877
1.09564264 0.00000592 0.22276010 1.41661935 1.04315877
1.09564264 0.00000592 0.22276010 1.41661935 1.04315877
1.09564264 0.00000592 0.22276010 1.41661935 1.04315877
