2.69362414 0.00000437 1.10309753 1.22384898 3.62993197
2.48310566 0.00000478 1.09122889 1.23783553 3.62793464
2.30801381 0.00000428 0.83972978 1.42207937 2.85339121
2.54032208 0.00000435 1.12755380 1.51547948 1.99657784
2.52984885 0.00000419 1.42726496 1.58721347 1.59839678
2.48047668 0.00000424 1.51436973 1.41730893 1.16377499
2.67975657 0.00000404 1.71779986 1.42797847 1.10087849
2.74526673 0.00000428 1.66496762 1.46454016 0.97691967
2.74526673 0.00000428 1.66496762 1.46454016 0.97691967
2.74526673 0.00000428 1.66496762 1.46454016 0.97691967
2.74526673 0.00000428 1.66496762 1.46454016 0.97691967
2.74526673 0.00000428 1.66496762 1.46454016 0.97691967
2.74526673 0.00000428 1.66496762 1.46454016 0.97691967
2.74526673 0.00000428 1.66496762 1.32529770 0.97691967
1.76843203 0.00000428 1.36363295 0.86950249 0.97691967
1.76843203 0.00000428 1.36363295 0.86950249 0.97691967
2.02654670 0.00000428 1.82068227 0.25658874 0.97691967
2.02654670 0.00000428 1.82068227 0.25658874 0.97691967
2.02654670 0.00000428 1.82068227 0.25658874 0.97691967
2.02654670 0.00000428 1.82068227 0.25658874 0.97691967
2.02654670 0.00000428 1.82068227 0.25658874 0.97691967
2.02654670 0.00000428 1.82068227 0.25658874 0.97691967
2.02654670 0.00000428 1.82068227 0.25658874 0.97691967
2.02654670 0.00000428 1.82068227 0.25658874 0.97691967
2.02654670 0.00000428 1.82068227 0.25658874 0.97691967
2.02654670 0.00000428 1.82068227 0.25658874 0.97691967
2.02654670 0.00000428 1.82068227 0.25658874 0.97691967
2.02654670 0.00000428 1.82068227 0.25658874 0.97691967
2.02654670 0.00000428 1.82068227 0.25658874 0.97691967
2.02654670 0.00000428 1.82068227 0.25658874 0.97691967
2.16867867 0.00000428 1.82068227 0.98876141 0.97691967
2.16867867 0.00000428 1.82068227 0.98876141 0.97691967
2.16867867 0.00000428 1.82068227 0.98876141 0.97691967
2.16867867 0.00000428 1.72753847 1.04519986 1.03258126
2.16867867 0.00000428 1.72753847 1.04519986 1.03258126
2.16867867 0.00000428 1.72753847 1.04519986 1.03258126
2.16867867 0.00000428 1.72753847 1.04519986 1.03258126
2.16867867 0.00000428 1.72753847 1.06393243 0.98082555
2.16867867 0.00000428 1.65950996 1.13771885 0.98082555
2.16867867 0.00000428 1.65950996 1.13771885 0.98082555
2.16867867 0.00000428 1.65950996 1.13771885 0.98082555
2.16867867 0.00000428 1.65950996 1.13771885 0.98082555
2.16867867 0.00000428 1.65950996 1.13771885 0.98082555
2.16867867 0.00000428 1.65950996 1.13771885 0.98082555
2.16867867 0.00000428 1.65950996 1.13771885 0.98082555
2.16867867 0.00000428 1.65950996 1.13771885 0.98082555
2.16867867 0.00000428 1.65950996 1.13771885 0.98082555
2.16867867 0.00000428 1.65950996 1.13771885 0.98082555
2.16867867 0.00000428 1.65950996 1.13771885 0.98082555
2.16867867 0.00000428 1.65950996 1.13771885 0.98082555
2.16867867 0.00000428 1.65950996 1.13771885 0.98082555
2.16867867 0.00000428 1.65950996 1.13771885 0.98082555
2.16867867 0.00000428 1.65950996 1.13771885 0.98082555
2.16867867 0.00000428 1.65950996 1.13771885 0.98082555
2.16867867 0.00000428 1.65950996 1.13771885 0.98082555
2.16867867 0.00000428 1.65950996 1.13771885 0.98082555
2.16867867 0.00000428 1.65950996 1.13771885 0.98082555
2.16867867 0.00000428 1.65950996 1.13771885 0.98082555
2.16867867 0.00000428 1.65950996 1.13771885 0.98082555
2.16867867 0.00000428 1.65950996 1.13771885 0.98082555
2.16867867 0.00000428 1.65950996 1.13771885 0.98082555
2.16867867 0.00000428 1.65950996 1.13771885 0.98082555
2.16867867 0.00000428 1.65950996 1.13771885 0.98082555
2.16867867 0.00000428 1.65950996 1.13771885 0.98082555
2.16867867 0.00000428 1.65950996 1.13771885 0.98082555
2.16867867 0.00000428 1.65950996 1.13771885 0.98082555
2.16867867 0.00000428 1.65950996 1.13771885 0.98082555
2.16867867 0.00000428 1.65950996 1.13771885 0.98082555
2.16867867 0.00000428 1.65950996 1.13771885 0.98082555
2.16867867 0.00000428 1.65950996 1.13771885 0.98082555
2.16867867 0.00000428 1.65950996 1.13771885 0.98082555
2.16867867 0.00000428 1.65950996 1.13771885 0.98082555
2.16867867 0.00000428 1.65950996 1.13771885 0.98082555
2.16867867 0.00000428 1.65950996 1.13771885 0.98082555
2.16867867 0.00000428 1.65950996 1.13771885 0.98082555
2.16867867 0.00000428 1.65950996 1.13771885 0.98082555
2.16867867 0.00000428 1.65950996 1.13771885 0.98082555
2.16867867 0.00000428 1.65950996 1.13771885 0.98082555
2.16867867 0.00000428 1.65950996 1.13771885 0.98082555
2.16867867 0.00000428 1.65950996 1.13771885 0.98082555
2.16867867 0.00000428 1.65950996 1.13771885 0.98082555
2.16867867 0.00000428 1.65950996 1.13771885 0.98082555
2.16867867 0.00000428 1.65950996 1.13771885 0.98082555
2.16867867 0.00000428 1.65950996 1.13771885 0.98082555
2.16867867 0.00000428 1.65950996 1.13771885 0.98082555
2.16867867 0.00000428 1.65950996 1.13771885 0.98082555
2.16867867 0.00000428 1.65950996 1.13771885 0.98082555
2.16867867 0.00000428 1.65950996 1.13771885 0.98082555
2.16867867 0.00000428 1.65950996 1.13771885 0.98082555
2.16867867 0.00000428 1.65950996 1.13771885 0.98082555
2.16867867 0.00000428 1.65950996 1.13771885 0.98082555
2.16867867 0.00000428 1.65950996 1.13771885 0.98082555
2.16867867 0.00000428 1.65950996 1.13771885 0.98082555
2.16867867 0.00000428 1.65950996 1.13771885 0.98082555
2.16867867 0.00000428 1.65950996 1.13771885 0.98082555
2.16867867 0.00000428 1.65950996 1.13771885 0.98082555
2.16867867 0.00000428 1.65950996 1.13771885 0.98082555
2.16867867 0.00000428 1.65950996 1.13771885 0.98082555
2.16867867 0.00000428 1.65950996 1.13771885 0.98082555
2.16867867 0.00000428 1.65950996 1.13771885 0.98082555
2.16867867 0.00000428 1.65950996 1.13771885 0.98082555
2.16867867 0.00000428 1.65950996 1.13771885 0.98082555
2.16867867 0.00000428 1.65950996 1.13771885 0.98082555
2.16867867 0.00000428 1.65950996 1.13771885 0.98082555
2.16867867 0.00000428 1.65950996 1.13771885 0.98082555
2.16867867 0.00000428 1.65950996 1.13771885 0.98082555
2.16867867 0.00000428 1.65950996 1.13771885 0.98082555
2.16867867 0.00000428 1.65950996 1.13771885 0.98082555
2.16867867 0.00000428 1.65950996 1.13771885 0.98082555
2.16867867 0.00000428 1.65950996 1.13771885 0.98082555
2.16867867 0.00000428 1.65950996 1.13771885 0.98082555
2.16867867 0.00000428 1.65950996 1.13771885 0.98082555
2.16867867 0.00000428 1.65950996 1.13771885 0.98082555
2.16867867 0.00000428 1.65950996 1.13771885 0.98082555
2.16867867 0.00000428 1.65950996 1.13771885 0.98082555
2.16867867 0.00000428 1.65950996 1.13771885 0.98082555
2.16867867 0.00000428 1.65950996 1.13771885 0.98082555
2.16867867 0.00000428 1.65950996 1.13771885 0.98082555
2.16867867 0.00000428 1.65950996 1.13771885 0.98082555
2.16867867 0.00000428 1.65950996 1.13771885 0.98082555
2.16867867 0.00000428 1.65950996 1.13771885 0.98082555
2.16867867 0.00000428 1.65950996 1.13771885 0.98082555
2.16867867 0.00000428 1.65950996 1.13771885 0.98082555
2.16867867 0.00000428 1.65950996 1.13771885 0.98082555
2.16867867 0.00000428 1.65950996 1.13771885 0.98082555
2.16867867 0.00000428 1.65950996 1.13771885 0.98082555
2.16867867 0.00000428 1.65950996 1.13771885 0.98082555
2.16867867 0.00000428 1.65950996 1.13771885 0.98082555
2.16867867 0.00000428 1.65950996 1.13771885 0.98082555
2.16867867 0.00000428 1.65950996 1.13771885 0.98082555
2.16100555 0.00000428 1.50742728 0.74793767 0.98082555
2.16100555 0.00000428 1.50742728 0.74793767 0.98082555
2.16100555 0.00000428 1.50742728 0.74793767 0.98082555
2.16100555 0.00000428 1.50742728 0.74793767 0.98082555
2.16100555 0.00000428 1.50742728 0.74793767 0.98082555
2.16100555 0.00000428 1.50742728 0.74793767 0.98082555
2.16100555 0.00000428 1.50742728 0.74793767 0.98082555
2.16100555 0.00000428 1.50742728 0.74793767 0.98082555
2.16100555 0.00000428 1.50742728 0.74793767 0.98082555
2.16100555 0.00000428 1.50742728 0.74793767 0.98082555
2.16100555 0.00000428 1.50742728 0.74793767 0.98082555
2.16100555 0.00000428 1.50742728 0.74793767 0.98082555
2.16100555 0.00000428 1.50742728 0.74793767 0.98082555
2.16100555 0.00000428 1.50742728 0.74793767 0.98082555
2.16100555 0.00000428 1.50742728 0.74793767 0.98082555
2.16100555 0.00000428 1.50742728 0.74793767 0.98082555
2.16100555 0.00000428 1.50742728 0.74793767 0.98082555
2.16100555 0.00000428 1.50742728 0.74793767 0.98082555
2.16100555 0.00000428 1.50742728 0.74793767 0.98082555
2.16100555 0.00000428 1.50742728 0.74793767 0.98082555
2.16100555 0.00000428 1.50742728 0.74793767 0.98082555
2.16100555 0.00000428 1.50742728 0.74793767 0.98082555
2.16100555 0.00000428 1.50742728 0.74793767 0.98082555
2.16100555 0.00000428 1.50742728 0.74793767 0.98082555
2.16100555 0.00000428 1.50742728 0.74793767 0.98082555
2.16100555 0.00000428 1.50742728 0.74793767 0.98082555
2.16100555 0.00000428 1.50742728 0.74793767 0.98082555
2.16100555 0.00000428 1.50742728 0.74793767 0.98082555
2.16100555 0.00000428 1.50742728 0.74793767 0.98082555
2.16100555 0.00000428 1.50742728 0.74793767 0.98082555
2.16100555 0.00000428 1.50742728 0.74793767 0.98082555
2.16100555 0.00000428 1.50742728 0.74793767 0.98082555
2.16100555 0.00000428 1.50742728 0.74793767 0.98082555
2.16100555 0.00000428 1.50742728 0.74793767 0.98082555
2.16100555 0.00000428 1.50742728 0.74793767 0.98082555
2.16100555 0.00000428 1.50742728 0.74793767 0.98082555
2.16100555 0.00000428 1.50742728 0.74793767 0.98082555
2.16100555 0.00000428 1.50742728 0.74793767 0.98082555
2.16100555 0.00000428 1.50742728 0.74793767 0.98082555
