2.57316891 0.00000443 1.15009251 1.10290517 3.70981699
2.57316891 0.00000443 1.15009251 1.10290517 3.70981699
2.52974851 0.00000434 1.30238099 0.91974019 3.30708421
2.37790966 0.00000396 1.35010609 0.89131505 2.38378407
2.27883422 0.00000390 1.49923257 0.99018150 2.20075190
2.22516906 0.00000359 1.45592853 0.96973414 0.98706036
2.22516906 0.00000359 1.45592853 0.96973414 0.98706036
2.23288167 0.00000358 1.54323942 0.97582174 0.90575090
2.23288167 0.00000358 1.54323942 0.97582174 0.90575090
2.23288167 0.00000358 1.54323942 0.97582174 0.90575090
2.23288167 0.00000358 1.54323942 0.97582174 0.90575090
2.16515693 0.00000349 1.52111406 1.01322177 0.94249866
2.16515693 0.00000349 1.52111406 1.01322177 0.94249866
2.16515693 0.00000349 1.52111406 1.01322177 0.94249866
2.16515693 0.00000349 1.52111406 1.01322177 0.94249866
2.16515693 0.00000349 1.52111406 1.01322177 0.94249866
2.16515693 0.00000349 1.52111406 1.01322177 0.94249866
2.24396394 0.00000349 1.29753383 0.12585301 0.93262658
2.24396394 0.00000349 1.29753383 0.12585301 0.93262658
2.24396394 0.00000349 1.29753383 0.12585301 0.93262658
2.24396394 0.00000349 1.29753383 0.12585301 0.93262658
2.18040931 0.00000349 1.79296460 0.12585301 0.93262658
2.18040931 0.00000349 1.79296460 0.12585301 0.93262658
2.18040931 0.00000349 1.79296460 0.12585301 0.93262658
2.18040931 0.00000349 1.79296460 0.12585301 0.93262658
2.18040931 0.00000349 1.79296460 0.12585301 0.93262658
2.18040931 0.00000349 1.79296460 0.12585301 0.93262658
2.18040931 0.00000349 1.79296460 0.12585301 0.93262658
2.18040931 0.00000349 1.79296460 0.12585301 0.93262658
2.18040931 0.00000349 1.79296460 0.12585301 0.93262658
2.18040931 0.00000349 1.87980121 0.33019011 0.94845088
2.18040931 0.00000349 1.87980121 0.33019011 0.94845088
2.18040931 0.00000349 1.87980121 0.33019011 0.94845088
2.18040931 0.00000349 1.87980121 0.33019011 0.94845088
2.18040931 0.00000349 1.87980121 0.33019011 0.94845088
2.18040931 0.00000349 1.87980121 0.33019011 0.94845088
2.18040931 0.00000349 1.87980121 0.33019011 0.94845088
2.18040931 0.00000349 1.87980121 0.33019011 0.94845088
2.18040931 0.00000349 1.87980121 0.33019011 0.94845088
2.18040931 0.00000349 1.87980121 0.33019011 0.94845088
2.18040931 0.00000349 1.87980121 0.33019011 0.94845088
2.18040931 0.00000349 1.87980121 0.33019011 0.94845088
2.18040931 0.00000349 1.87980121 0.33019011 0.94845088
2.18040931 0.00000349 1.87980121 0.33019011 0.94845088
2.18040931 0.00000349 1.87980121 0.33019011 0.94845088
2.18040931 0.00000349 1.87980121 0.33019011 0.94845088
2.18040931 0.00000349 1.87980121 0.33019011 0.94845088
2.18040931 0.00000349 1.87980121 0.33019011 0.94845088
2.18040931 0.00000349 1.87980121 0.33019011 0.94845088
2.18040931 0.00000349 1.87980121 0.33019011 0.94845088
2.18040931 0.00000349 1.87980121 0.33019011 0.94845088
2.18040931 0.00000349 1.87980121 0.33019011 0.94845088
2.18040931 0.00000349 1.87980121 0.33019011 0.94845088
2.18040931 0.00000349 1.87980121 0.33019011 0.94845088
2.18040931 0.00000349 1.87980121 0.33019011 0.94845088
2.18040931 0.00000349 1.87980121 0.33019011 0.94845088
2.18040931 0.00000349 1.87980121 0.33019011 0.94845088
2.18040931 0.00000349 1.87980121 0.33019011 0.94845088
2.18040931 0.00000349 1.87980121 0.33019011 0.94845088
2.18040931 0.00000349 1.87980121 0.33019011 0.94845088
2.18040931 0.00000349 1.87980121 0.33019011 0.94845088
2.18040931 0.00000349 1.87980121 0.33019011 0.94845088
2.18040931 0.00000349 1.87980121 0.33019011 0.94845088
2.18040931 0.00000349 1.87980121 0.33019011 0.94845088
2.18040931 0.00000349 1.87980121 0.33019011 0.94845088
2.18040931 0.00000349 1.87980121 0.33019011 0.94845088
2.18040931 0.00000349 1.87980121 0.33019011 0.94845088
2.18040931 0.00000349 1.87980121 0.33019011 0.94845088
2.18040931 0.00000349 1.87980121 0.33019011 0.94845088
2.18040931 0.00000349 1.87980121 0.33019011 0.94845088
2.18040931 0.00000349 1.87980121 0.33019011 0.94845088
2.18040931 0.00000349 1.87980121 0.33019011 0.94845088
2.18040931 0.00000349 1.87980121 0.33019011 0.94845088
2.18040931 0.00000349 1.87980121 0.33019011 0.94845088
2.18040931 0.00000349 1.87980121 0.33019011 0.94845088
2.18040931 0.00000349 1.87980121 0.50590014 0.94845088
2.18040931 0.00000349 1.87980121 0.50590014 0.94845088
2.18040931 0.00000349 1.87980121 0.50590014 0.94845088
2.18040931 0.00000349 1.87980121 0.50590014 0.94845088
2.18040931 0.00000349 1.87980121 0.50590014 0.94845088
2.18040931 0.00000349 1.87980121 0.50590014 0.94845088
2.18040931 0.00000349 1.87980121 0.50590014 0.94845088
2.18040931 0.00000349 1.87980121 0.50590014 0.94845088
2.18040931 0.00000349 1.87980121 0.50590014 0.94845088
2.18040931 0.00000349 1.87980121 0.50590014 0.94845088
2.18040931 0.00000349 1.87980121 0.50590014 0.94845088
2.18040931 0.00000349 1.87980121 0.50590014 0.94845088
2.18040931 0.00000349 1.87980121 0.50590014 0.94845088
2.18040931 0.00000349 1.87980121 0.50590014 0.94845088
2.18040931 0.00000349 1.87980121 0.50590014 0.94845088
2.18040931 0.00000349 1.87980121 0.50590014 0.94845088
2.18040931 0.00000349 1.87980121 0.50590014 0.94845088
2.18040931 0.00000349 1.87980121 0.50590014 0.94845088
2.18040931 0.00000349 1.87980121 0.50590014 0.94845088
2.18040931 0.00000349 1.87980121 0.50590014 0.94845088
2.18040931 0.00000349 1.87980121 0.50590014 0.94845088
2.18040931 0.00000349 1.87980121 0.50590014 0.94845088
2.18040931 0.00000349 1.87980121 0.50590014 0.94845088
2.18040931 0.00000349 1.87980121 0.50590014 0.94845088
2.18040931 0.00000349 1.87980121 0.50590014 0.94845088
2.18040931 0.00000349 1.87980121 0.50590014 0.94845088
2.18040931 0.00000349 1.87980121 0.50590014 0.94845088
2.18040931 0.00000349 1.87980121 0.50590014 0.94845088
2.18040931 0.00000349 1.87980121 0.50590014 0.94845088
2.18040931 0.00000349 1.87980121 0.50590014 0.94845088
2.18040931 0.00000349 1.87980121 0.50590014 0.94845088
2.18040931 0.00000349 1.87980121 0.50590014 0.94845088
2.18040931 0.00000349 1.87980121 0.50590014 0.94845088
2.18040931 0.00000349 1.87980121 0.50590014 0.94845088
2.18040931 0.00000349 1.87980121 0.50590014 0.94845088
2.18040931 0.00000349 1.87980121 0.50590014 0.94845088
2.18040931 0.00000349 1.87980121 0.50590014 0.94845088
2.18040931 0.00000349 1.87980121 0.50590014 0.94845088
2.18040931 0.00000349 1.87980121 0.50590014 0.94845088
2.18040931 0.00000349 1.87980121 0.50590014 0.94845088
2.18040931 0.00000349 1.87980121 0.50590014 0.94845088
2.18040931 0.00000349 1.87980121 0.50590014 0.94845088
2.18040931 0.00000349 1.87980121 0.50590014 0.94845088
2.18040931 0.00000349 1.87980121 0.50590014 0.94845088
2.18040931 0.00000349 1.87980121 0.50590014 0.94845088
2.18040931 0.00000349 1.87980121 0.50590014 0.94845088
2.18040931 0.00000349 1.87980121 0.50590014 0.94845088
2.18040931 0.00000349 1.87980121 0.50590014 0.94845088
2.18040931 0.00000349 1.87980121 0.50590014 0.94845088
2.18040931 0.00000349 1.87980121 0.50590014 0.94845088
2.18040931 0.00000349 1.87980121 0.50590014 0.94845088
2.18040931 0.00000349 1.87980121 0.50590014 0.94845088
2.18040931 0.00000349 1.87980121 0.50590014 0.94845088
2.18040931 0.00000349 1.87980121 0.50590014 0.94845088
2.18040931 0.00000349 1.87980121 0.50590014 0.94845088
2.18040931 0.00000349 1.87980121 0.50590014 0.94845088
2.18040931 0.00000349 1.87980121 0.50590014 0.94845088
2.18040931 0.00000349 1.87980121 0.50590014 0.94845088
2.18040931 0.00000349 1.87980121 0.50590014 0.94845088
2.18040931 0.00000349 1.87980121 0.50590014 0.94845088
2.18040931 0.00000349 1.87980121 0.50590014 0.94845088
2.18040931 0.00000349 1.87980121 0.50590014 0.94845088
2.18040931 0.00000349 1.87980121 0.50590014 0.94845088
2.18040931 0.00000349 1.87980121 0.50590014 0.94845088
2.18040931 0.00000349 1.87980121 0.50590014 0.94845088
2.18040931 0.00000349 1.87980121 0.50590014 0.94845088
2.18040931 0.00000349 1.87980121 0.50590014 0.94845088
2.18040931 0.00000349 1.87980121 0.50590014 0.94845088
2.18040931 0.00000349 1.87980121 0.50590014 0.94845088
2.18040931 0.00000349 1.87980121 0.50590014 0.94845088
2.18040931 0.00000349 1.87980121 0.50590014 0.94845088
2.18040931 0.00000349 1.87980121 0.50590014 0.94845088
2.18040931 0.00000349 1.87980121 0.50590014 0.94845088
2.18040931 0.00000349 1.87980121 0.50590014 0.94845088
2.18040931 0.00000349 1.87980121 0.50590014 0.94845088
2.18040931 0.00000349 1.87980121 0.50590014 0.94845088
2.18040931 0.00000349 1.87980121 0.50590014 0.94845088
2.18040931 0.00000349 1.87980121 0.50590014 0.94845088
2.18040931 0.00000349 1.87980121 0.50590014 0.94845088
2.18040931 0.00000349 1.87980121 0.50590014 0.94845088
2.18040931 0.00000349 1.87980121 0.50590014 0.94845088
2.22322838 0.00000349 1.74866879 0.35058615 0.94845088
2.22322838 0.00000349 1.74866879 0.35058615 0.94845088
2.22322838 0.00000349 1.74866879 0.35058615 0.94845088
2.22322838 0.00000349 1.74866879 0.35058615 0.94845088
2.22322838 0.00000349 1.74866879 0.35058615 0.94845088
2.22322838 0.00000349 1.74866879 0.35058615 0.94845088
2.22322838 0.00000349 1.74866879 0.35058615 0.94845088
2.22322838 0.00000349 1.74866879 0.35058615 0.94845088
2.22322838 0.00000349 1.74866879 0.35058615 0.94845088
2.22322838 0.00000349 1.74866879 0.35058615 0.94845088
2.22322838 0.00000349 1.74866879 0.35058615 0.94845088
2.22322838 0.00000349 1.74866879 0.35058615 0.94845088
2.22322838 0.00000349 1.74866879 0.35058615 0.94845088
