2.46030661 0.00000398 0.92266550 1.06683791 3.22861583
2.57551928 0.00000384 0.83650534 0.96904127 2.05741591
2.23692824 0.00000363 0.67549377 0.75572234 1.40174186
2.27189796 0.00000350 0.66968288 0.82865519 1.22209095
2.42118274 0.00000340 0.62676540 0.65015678 0.99687297
2.64122856 0.00000355 0.55192505 0.64875738 0.88344659
2.64122856 0.00000355 0.55192505 0.64875738 0.88344659
2.63278680 0.00000361 0.52659567 0.82561590 1.04453613
2.59260594 0.00000381 0.52718877 0.77169795 1.02330597
2.59260594 0.00000381 0.52718877 0.77169795 1.02330597
2.59260594 0.00000381 0.52718877 0.77169795 1.02330597
2.59260594 0.00000381 0.52718877 0.77169795 1.02330597
2.59260594 0.00000381 0.52718877 0.77169795 1.02330597
2.59260594 0.00000381 0.52718877 0.77169795 1.02330597
2.59260594 0.00000381 0.52718877 0.77169795 1.02330597
2.59260594 0.00000381 0.52718877 0.77169795 1.02330597
2.59260594 0.00000381 0.52718877 0.77169795 1.02330597
2.59260594 0.00000381 0.52718877 0.77169795 1.02330597
2.59260594 0.00000381 0.52718877 0.77169795 1.02330597
2.59260594 0.00000381 0.52718877 0.77169795 1.02330597
2.59260594 0.00000381 0.52718877 0.77169795 1.02330597
2.59260594 0.00000381 0.52718877 0.77169795 1.02330597
2.59260594 0.00000381 0.52718877 0.77169795 1.02330597
2.59260594 0.00000381 0.52718877 0.77169795 1.02330597
2.59260594 0.00000381 0.52718877 0.77169795 1.02330597
2.59260594 0.00000381 0.52718877 0.77169795 1.02330597
2.59260594 0.00000381 0.52718877 0.77169795 1.02330597
2.59260594 0.00000381 0.52718877 0.77169795 1.02330597
2.59260594 0.00000381 0.52718877 0.77169795 1.02330597
2.59260594 0.00000381 0.52718877 0.77169795 1.02330597
2.59260594 0.00000381 0.52718877 0.77169795 1.02330597
2.59260594 0.00000381 0.73789160 0.16963608 0.96560237
2.59260594 0.00000381 0.73789160 0.16963608 0.96560237
2.59260594 0.00000381 0.73789160 0.16963608 0.96560237
2.59260594 0.00000381 0.73789160 0.16963608 0.96560237
2.59260594 0.00000381 0.73789160 0.16963608 0.96560237
2.59260594 0.00000381 0.73789160 0.16963608 0.96560237
2.59260594 0.00000381 0.73789160 0.16963608 0.96560237
2.59260594 0.00000381 0.73789160 0.16963608 0.96560237
2.59260594 0.00000381 0.73789160 0.16963608 0.96560237
2.59260594 0.00000381 0.73789160 0.16963608 0.96560237
2.59260594 0.00000381 0.45673867 0.11814693 1.02006375
2.59260594 0.00000381 0.67393272 0.65519124 0.96235861
2.59260594 0.00000381 0.67393272 0.65519124 0.96235861
2.59260594 0.00000381 0.67393272 0.65519124 0.96235861
2.59260594 0.00000381 0.67393272 0.65519124 0.96235861
2.59260594 0.00000381 0.67393272 0.65519124 0.96235861
2.59260594 0.00000381 0.67393272 0.65519124 0.96235861
2.59260594 0.00000381 0.67393272 0.65519124 0.96235861
2.59260594 0.00000381 0.67393272 0.65519124 0.96235861
2.59260594 0.00000381 0.67393272 0.65519124 0.96235861
2.59260594 0.00000381 0.67393272 0.65519124 0.96235861
2.59260594 0.00000381 0.67393272 0.65519124 0.96235861
2.59260594 0.00000381 0.67393272 0.65519124 0.96235861
2.59260594 0.00000381 0.67393272 0.65519124 0.96235861
2.59260594 0.00000381 0.44327685 0.20570083 0.98312898
2.59260594 0.00000381 0.72167507 0.26924612 0.98529566
2.59260594 0.00000381 0.72167507 0.26924612 0.98529566
2.59260594 0.00000381 0.80832339 0.26924612 0.98529566
2.59260594 0.00000381 0.80832339 0.26924612 0.98529566
2.59260594 0.00000381 0.88898187 0.26924612 0.95929724
2.59260594 0.00000381 0.75327148 0.25414245 0.95929724
2.59260594 0.00000381 0.75327148 0.25414245 0.95929724
2.59260594 0.00000381 0.75327148 0.25414245 0.95929724
2.59260594 0.00000381 0.75327148 0.25414245 0.95929724
2.59260594 0.00000381 0.75327148 0.25414245 0.95929724
2.59260594 0.00000381 0.75327148 0.25414245 0.95929724
2.59260594 0.00000381 0.75327148 0.25414245 0.95929724
2.59260594 0.00000381 0.75327148 0.25414245 0.95929724
2.59260594 0.00000381 0.75327148 0.25414245 0.95929724
2.59260594 0.00000381 0.75327148 0.25414245 0.95929724
2.59260594 0.00000381 0.75327148 0.25414245 0.95929724
2.59260594 0.00000381 0.75327148 0.25414245 0.95929724
2.59260594 0.00000381 0.75327148 0.25414245 0.95929724
2.59260594 0.00000381 0.75327148 0.25414245 0.95929724
2.59260594 0.00000381 0.75327148 0.25414245 0.95929724
2.59260594 0.00000381 0.75327148 0.25414245 0.95929724
2.59260594 0.00000381 0.49520291 0.25414245 0.95929724
2.59260594 0.00000381 0.49520291 0.25414245 0.95929724
2.59260594 0.00000381 0.49520291 0.25414245 0.95929724
2.59260594 0.00000381 0.49520291 0.25414245 0.95929724
2.59260594 0.00000381 0.49520291 0.25414245 0.95929724
2.59260594 0.00000381 0.49520291 0.25414245 1.03003390
2.59260594 0.00000381 0.49520291 0.25414245 1.03003390
2.40547870 0.00000381 0.81590872 0.95466508 1.02860457
2.40547870 0.00000381 0.81590872 0.95466508 1.02860457
2.40547870 0.00000381 0.81590872 0.95466508 1.02860457
2.40547870 0.00000381 0.81590872 0.95466508 1.02860457
2.40547870 0.00000381 0.81590872 0.95466508 1.02860457
2.40547870 0.00000381 0.81590872 0.95466508 1.02860457
2.40547870 0.00000381 0.81590872 0.95466508 1.02860457
2.40547870 0.00000381 0.81590872 0.95466508 1.02860457
2.40547870 0.00000381 0.81590872 0.95466508 1.02860457
2.40547870 0.00000381 0.81590872 0.95466508 1.02860457
2.40547870 0.00000381 0.81590872 0.95466508 1.02860457
2.40547870 0.00000381 0.81590872 0.95466508 1.02860457
2.40547870 0.00000381 0.81590872 0.95466508 1.02860457
2.40547870 0.00000381 0.81590872 0.95466508 1.02860457
2.40547870 0.00000381 0.81590872 0.95466508 1.02860457
2.40547870 0.00000381 0.81590872 0.95466508 1.02860457
2.40547870 0.00000381 0.81590872 0.95466508 1.02860457
2.40547870 0.00000381 0.81590872 0.95466508 1.02860457
2.40547870 0.00000381 0.81590872 0.95466508 1.02860457
2.40547870 0.00000381 0.81590872 0.95466508 1.02860457
2.40547870 0.00000381 0.81590872 0.95466508 1.02860457
2.40547870 0.00000381 0.81590872 0.95466508 1.02860457
2.40547870 0.00000381 0.81590872 0.95466508 1.02860457
2.40547870 0.00000381 0.81590872 0.95466508 1.02860457
2.40547870 0.00000381 0.81590872 0.95466508 1.02860457
2.40547870 0.00000381 0.81590872 0.95466508 1.02860457
2.40547870 0.00000381 0.81590872 0.95466508 1.02860457
2.40547870 0.00000381 0.81590872 0.95466508 1.02860457
2.40547870 0.00000381 0.81590872 0.95466508 1.02860457
2.40547870 0.00000381 0.81590872 0.95466508 1.02860457
2.40547870 0.00000381 0.81590872 0.95466508 1.02860457
2.40547870 0.00000381 0.81590872 0.95466508 1.02860457
2.40547870 0.00000381 0.81590872 0.95466508 1.02860457
2.40547870 0.00000381 0.81590872 0.95466508 1.02860457
2.40547870 0.00000381 0.81590872 0.95466508 1.02860457
2.40547870 0.00000381 0.81590872 0.95466508 1.02860457
2.40547870 0.00000381 0.81590872 0.95466508 1.02860457
2.40547870 0.00000381 0.81590872 0.95466508 1.02860457
2.40547870 0.00000381 0.81590872 0.95466508 1.02860457
2.40547870 0.00000381 0.81590872 0.95466508 1.02860457
2.40547870 0.00000381 0.81590872 0.95466508 1.02860457
2.40547870 0.00000381 0.81590872 0.95466508 1.02860457
2.40547870 0.00000381 0.81590872 0.95466508 1.02860457
2.40547870 0.00000381 0.81590872 0.95466508 1.02860457
2.40547870 0.00000381 0.81590872 0.95466508 1.02860457
2.40547870 0.00000381 0.81590872 0.95466508 1.02860457
2.40547870 0.00000381 0.81590872 0.95466508 1.02860457
2.40547870 0.00000381 0.81590872 0.95466508 1.02860457
2.40547870 0.00000381 0.81590872 0.95466508 1.02860457
2.40547870 0.00000381 0.81590872 0.95466508 1.02860457
2.40547870 0.00000381 0.81590872 0.95466508 1.02860457
2.40547870 0.00000381 0.81590872 0.95466508 1.02860457
2.40547870 0.00000381 0.81590872 0.95466508 1.02860457
2.40547870 0.00000381 0.81590872 0.95466508 1.02860457
2.40547870 0.00000381 0.81590872 0.95466508 1.02860457
2.40547870 0.00000381 0.81590872 0.95466508 1.02860457
2.40547870 0.00000381 0.81590872 0.95466508 1.02860457
2.40547870 0.00000381 0.81590872 0.95466508 1.02860457
2.40547870 0.00000381 0.81590872 0.95466508 1.02860457
2.40547870 0.00000381 0.81590872 0.95466508 1.02860457
2.40547870 0.00000381 0.81590872 0.95466508 1.02860457
2.40547870 0.00000381 0.81590872 0.95466508 1.02860457
2.40547870 0.00000381 0.81590872 0.95466508 1.02860457
2.40547870 0.00000381 0.81590872 0.95466508 1.02860457
2.40547870 0.00000381 0.81590872 0.95466508 1.02860457
2.40547870 0.00000381 0.81590872 0.95466508 1.02860457
2.40547870 0.00000381 0.81590872 0.95466508 1.02860457
2.40547870 0.00000381 0.81590872 0.95466508 1.02860457
2.40547870 0.00000381 0.81590872 0.95466508 1.02860457
2.40547870 0.00000381 0.81590872 0.95466508 1.02860457
2.40547870 0.00000381 0.81590872 0.95466508 1.02860457
2.40547870 0.00000381 0.81590872 0.95466508 1.02860457
2.40547870 0.00000381 0.81590872 0.95466508 1.02860457
2.40547870 0.00000381 0.81590872 0.95466508 1.02860457
2.40547870 0.00000381 0.81590872 0.95466508 1.02860457
2.40547870 0.00000381 0.81590872 0.95466508 1.02860457
2.40547870 0.00000381 0.81590872 0.95466508 1.02860457
2.40547870 0.00000381 0.81590872 0.95466508 1.02860457
2.40547870 0.00000381 0.81590872 0.95466508 1.02860457
2.40547870 0.00000381 0.81590872 0.95466508 1.02860457
2.40547870 0.00000381 0.81590872 0.95466508 1.02860457
2.40547870 0.00000381 0.81590872 0.95466508 1.02860457
2.40547870 0.00000381 0.81590872 0.95466508 1.02860457
2.40547870 0.00000381 0.81590872 0.95466508 1.02860457
2.40547870 0.00000381 0.81590872 0.95466508 1.02860457
