-1036421.09 nan -1036421.09
-1017610.40 nan -1017610.40
-1047558.43 nan -1047558.43
-1049121.69 nan -1049121.69
-1081678.56 nan -1081678.56
-1007348.47 -1035831.06 -1049761.97
-1014466.66 -1030953.00 -1040603.11
-1013832.49 nan -1013832.49
-1038984.83 -1021015.44 -1022067.27
-1073925.90 nan -1073925.90
-1075949.36 nan -1075949.36
-1035952.40 -1060368.00 -1064145.31
-1069958.83 nan -1069958.83
-1020659.18 nan -1020659.18
-1065799.11 -1035497.12 -1027105.17
-1090645.81 -1036334.62 -1033303.95
-1040580.51 -1037891.38 -1035370.21
-996168.55 nan -996168.55
-1043737.75 nan -1043737.75
-1015759.50 nan -1015759.50
-998435.20 -1040065.62 -1026076.70
-1051248.92 -1045131.50 -1039315.37
-1003485.92 -1055093.62 -1048105.88
-1013266.18 nan -1013266.18
-1011628.67 nan -1011628.67
-997765.45 -1037274.25 -1017457.24
-1053543.40 -1031981.88 -1012019.96
-996168.55 -1033006.88 -1016462.42
-1081223.31 nan -1081223.31
-996168.55 -1043759.50 -1037792.45
-1019747.09 nan -1019747.09
-985649.27 nan -985649.27
-1076101.23 -1031034.62 -1015887.04
-1048763.23 -1031169.38 -1025966.29
-1072690.82 nan -1072690.82
-1039788.91 nan -1039788.91
-1040620.95 -1040854.75 -1041993.70
-1061955.80 -1041743.62 -1045803.49
-1011547.95 -1046693.25 -1047073.43
-1053622.41 nan -1053622.41
-1067662.71 -1047537.31 -1055951.22
-1026744.50 nan -1026744.50
-1037201.05 -1037526.38 -1032495.30
-1045851.42 nan -1045851.42
-1040242.47 nan -1040242.47
-1013264.38 -1044440.12 -1040548.91
-1037435.89 -1043118.62 -1036970.65
-1006399.32 nan -1006399.32
-1023418.07 -1036986.06 -1026896.48
-967176.44 nan -967176.44
-1010906.26 nan -1010906.26
