-1643688.68 nan -1643688.68
-1665346.71 nan -1665346.71
-1700480.39 nan -1700480.39
-1737887.11 nan -1737887.11
-1679854.38 nan -1679854.38
-1683294.63 -1694562.25 -1711514.84
-1631592.76 -1676228.00 -1674806.38
-1721024.45 -1684062.12 -1691388.57
-1690631.76 -1686057.38 -1695197.34
-1689409.37 -1685589.62 -1696466.93
-1710080.80 -1720254.25 -1706895.23
-1751780.80 nan -1751780.80
-1754755.65 -1726280.50 -1718980.64
-1745785.94 -1720393.50 -1708047.26
-1618094.58 nan -1618094.58
-1653929.18 -1685289.50 -1656361.73
-1740160.56 -1703741.00 -1689117.22
-1719146.01 -1711145.25 -1705088.24
-1677128.69 -1713854.25 -1710411.91
-1628693.53 nan -1628693.53
-1739880.94 nan -1739880.94
-1652860.16 -1717499.25 -1711396.26
-1752709.33 nan -1752709.33
-1722984.24 nan -1722984.24
-1720080.54 nan -1720080.54
-1651386.99 nan -1651386.99
-1721912.74 nan -1721912.74
-1721787.14 -1710010.00 -1699267.09
-1775409.36 nan -1775409.36
-1711240.09 -1710307.12 -1733704.68
-1750275.67 -1694412.50 -1702508.34
-1678232.73 -1669046.25 -1641838.89
-1692648.43 -1664294.25 -1640470.60
-1656818.12 -1678319.75 -1659265.71
-1697512.12 -1682731.50 -1666825.38
-1765516.54 nan -1765516.54
-1755315.50 -1703983.75 -1713066.03
-1675466.84 nan -1675466.84
-1722211.27 nan -1722211.27
-1729776.61 -1720143.12 -1733499.98
-1710436.51 -1693754.75 -1688888.85
-1698376.95 nan -1698376.95
-1678095.68 -1710114.75 -1702531.84
-1754437.50 -1709211.38 -1700532.10
-1694361.16 nan -1694361.16
-1680001.06 -1707029.75 -1698594.31
-1646362.54 -1677936.88 -1697803.60
