-1281617.01 nan -1281617.01
-1283547.44 nan -1283547.44
-1236417.11 nan -1236417.11
-1229463.74 nan -1229463.74
-1221999.14 nan -1221999.14
-1291868.24 -1242736.25 -1238421.45
-1215335.37 -1242750.75 -1234791.43
-1233456.84 nan -1233456.84
-1282740.02 nan -1282740.02
-1267673.45 nan -1267673.45
-1273439.50 nan -1273439.50
-1248238.73 -1282105.62 -1275254.87
-1244765.54 -1281906.75 -1275118.77
-1296384.52 -1281716.00 -1275073.40
-1271880.95 -1281942.88 -1275077.17
-1261973.53 -1269958.00 -1264981.21
-1238162.05 -1273077.25 -1270171.89
-1244073.20 nan -1244073.20
-1225582.19 nan -1225582.19
-1259063.80 -1258690.38 -1246370.56
-1288744.52 nan -1288744.52
-1284436.51 -1264696.50 -1244299.67
-1276256.23 -1267257.38 -1249503.74
-1218547.09 -1270120.75 -1251238.42
-1277640.74 nan -1277640.74
-1264616.69 nan -1264616.69
-1256511.60 nan -1256511.60
-1242440.27 -1281283.25 -1282519.92
-1282338.25 -1285526.38 -1291189.36
-1258614.31 nan -1258614.31
-1298569.53 -1261482.75 -1270601.27
-1241682.72 -1250613.25 -1239581.43
-1251817.91 nan -1251817.91
-1264261.93 nan -1264261.93
-1252253.30 nan -1252253.30
-1251540.10 -1259330.00 -1258503.22
-1261896.78 nan -1261896.78
-1222885.65 nan -1222885.65
-1294362.74 -1254188.12 -1245492.48
-1280273.54 -1253573.75 -1241823.17
-1221014.03 -1256992.62 -1252249.76
-1242610.74 nan -1242610.74
-1220785.93 -1256758.75 -1250093.58
-1278387.11 nan -1278387.11
-1273897.79 nan -1273897.79
-1244537.93 -1264608.50 -1253503.31
-1268319.55 -1265825.50 -1255825.10
-1263898.32 -1266628.12 -1256599.03
-1268516.50 -1265727.75 -1254500.51
-1272316.74 nan -1272316.74
