-1420936.22 nan -1420936.22
-1411735.72 nan -1411735.72
-1384166.98 nan -1384166.98
-1400881.57 nan -1400881.57
-1403975.96 nan -1403975.96
-1352495.76 -1382545.50 -1387313.05
-1437350.84 -1381528.50 -1385635.98
-1368112.98 -1379917.00 -1380805.68
-1389199.19 -1374074.75 -1370825.20
-1354824.92 -1372653.25 -1367498.38
-1417814.54 nan -1417814.54
-1407041.83 -1403957.25 -1385340.10
-1418385.63 nan -1418385.63
-1457890.75 -1404019.25 -1385437.04
-1356374.11 -1404588.00 -1386199.20
-1432816.98 nan -1432816.98
-1380519.97 -1419583.88 -1416215.73
-1421831.15 -1411291.88 -1410681.98
-1351696.62 -1399605.00 -1399446.82
-1437796.18 -1398933.00 -1395701.77
-1392371.56 -1401441.25 -1399595.88
-1405420.66 -1405689.25 -1398564.21
-1347663.03 -1408758.25 -1398254.41
-1387352.37 nan -1387352.37
-1427486.73 nan -1427486.73
-1377826.90 -1413166.25 -1404374.37
-1373778.56 nan -1373778.56
-1370119.13 nan -1370119.13
-1345781.22 nan -1345781.22
-1372572.97 -1401491.00 -1388347.76
-1366357.74 nan -1366357.74
-1311803.30 -1377863.25 -1370627.20
-1408468.26 -1392974.75 -1383918.46
-1420964.51 -1396665.00 -1399214.84
-1415377.89 -1385926.50 -1378819.67
-1421952.70 nan -1421952.70
-1374707.63 nan -1374707.63
-1393394.51 -1391637.75 -1384309.82
-1366851.28 nan -1366851.28
-1418434.80 nan -1418434.80
-1413409.07 nan -1413409.07
-1374519.32 nan -1374519.32
-1389585.20 -1386294.00 -1381706.70
-1369602.69 -1401375.75 -1402533.39
-1368882.03 nan -1368882.03
-1395995.66 nan -1395995.66
-1451325.64 -1397626.50 -1386766.52
-1393938.92 -1398175.75 -1386162.12
-1331956.96 -1398701.75 -1385960.66
-1383254.02 -1398487.75 -1386717.50
-1355017.49 -1373411.50 -1386439.00
