-1874441.15 nan -1874441.15
-1884662.74 nan -1884662.74
-1873672.50 nan -1873672.50
-1826554.40 nan -1826554.40
-1895515.97 nan -1895515.97
-1878833.96 -1866524.00 -1884763.07
-1907100.11 -1865436.50 -1878927.35
-1909195.55 nan -1909195.55
-1872751.41 nan -1872751.41
-1937647.17 -1863249.75 -1875152.84
-1860208.67 nan -1860208.67
-1801427.00 nan -1801427.00
-1919227.18 nan -1919227.18
-1899900.35 -1886040.50 -1858410.09
-1796315.84 -1882135.50 -1849831.44
-1917298.96 nan -1917298.96
-1938108.04 -1876901.25 -1861291.91
-1861183.43 -1886914.25 -1878714.66
-1883455.70 -1893347.50 -1884522.25
-1857286.07 -1888894.50 -1880365.44
-1887252.47 -1892300.50 -1881198.57
-1891302.52 nan -1891302.52
-1877003.52 -1893591.25 -1879077.11
-1906086.78 -1891881.50 -1875001.97
-1918202.82 nan -1918202.82
-1923714.55 -1899603.50 -1901206.20
-1839787.77 -1898984.88 -1896878.32
-1913763.50 -1894110.75 -1889087.87
-1933165.60 -1894496.62 -1886491.06
-1944508.36 nan -1944508.36
-1874058.26 -1891502.75 -1902507.08
-1876175.92 -1879805.75 -1889134.89
-1882385.02 -1893917.25 -1908691.03
-1918093.33 nan -1918093.33
-1885088.06 nan -1885088.06
-1882189.98 nan -1882189.98
-1888920.25 -1875411.50 -1868407.96
-1868735.17 nan -1868735.17
-1900014.04 nan -1900014.04
-1904676.29 -1881181.75 -1884303.57
-1801427.00 nan -1801427.00
-1876617.17 nan -1876617.17
-1793031.51 -1869523.25 -1845262.15
-1865210.06 -1853969.25 -1814895.03
-1881391.39 -1868010.25 -1840936.37
-1880174.29 nan -1880174.29
