-2089282.21 nan -2089282.21
-2114710.28 nan -2114710.28
-2126889.51 nan -2126889.51
-2047948.07 nan -2047948.07
-2055999.81 nan -2055999.81
-2110451.26 nan -2110451.26
-2077238.27 -2072704.88 -2099914.52
-2118546.29 -2071487.50 -2098629.20
-2038113.18 nan -2038113.18
-2081613.85 -2052191.00 -2062408.84
-2101439.84 -2055798.75 -2070507.40
-2107764.58 nan -2107764.58
-2041277.68 nan -2041277.68
-1989674.21 nan -1989674.21
-2040350.41 nan -2040350.41
-2087357.99 nan -2087357.99
-2080317.54 nan -2080317.54
-2073591.67 nan -2073591.67
-1996290.73 nan -1996290.73
-2085007.92 nan -2085007.92
-2009818.52 -2099040.50 -2091118.82
-1989674.21 nan -1989674.21
-2109801.89 -2090553.75 -2066821.19
-2063700.28 nan -2063700.28
-2006779.93 nan -2006779.93
-1989674.21 -2061444.75 -2023837.28
-2092247.21 nan -2092247.21
-2072010.16 nan -2072010.16
-2065651.33 nan -2065651.33
-2095104.21 nan -2095104.21
-1989674.21 -2080913.38 -2099371.24
-2126193.03 -2078992.25 -2105165.14
-2058128.73 nan -2058128.73
-2032962.80 nan -2032962.80
-2141093.66 -2070834.75 -2075974.16
-2118148.65 nan -2118148.65
-2070256.74 nan -2070256.74
-2085352.93 -2078707.75 -2086603.98
-1989674.21 nan -1989674.21
-2058223.97 -2054153.50 -2035211.86
-2074474.57 nan -2074474.57
-2100798.61 nan -2100798.61
-1975678.88 -2109147.75 -2122651.64
-2121031.60 -2104886.00 -2115706.94
-2024878.42 nan -2024878.42
-2077182.35 -2077802.38 -2062936.79
-2071477.74 -2069950.75 -2045027.43
-2065821.01 nan -2065821.01
