-1108400.85 nan -1108400.85
-1156621.27 nan -1156621.27
-1172739.50 nan -1172739.50
-1089665.28 nan -1089665.28
-1157641.31 nan -1157641.31
-1138839.90 -1128505.38 -1129429.28
-1155397.22 nan -1155397.22
-1166105.28 nan -1166105.28
-1172814.99 -1141646.75 -1156432.75
-1147972.99 nan -1147972.99
-1113242.02 nan -1113242.02
-1149820.19 nan -1149820.19
-1173937.04 -1156371.25 -1146282.45
-1150703.26 nan -1150703.26
-1146168.09 nan -1146168.09
-1130626.36 -1150302.38 -1147360.82
-1162927.46 nan -1162927.46
-1141476.16 nan -1141476.16
-1145045.12 -1147942.00 -1144402.00
-1120008.41 nan -1120008.41
-1151447.68 -1147911.00 -1132319.73
-1122843.12 -1148024.12 -1130932.01
-1188376.33 nan -1188376.33
-1167533.87 -1165356.88 -1165688.78
-1163606.93 nan -1163606.93
-1137427.67 nan -1137427.67
-1144963.91 -1150327.25 -1142526.68
-1142484.19 nan -1142484.19
-1123002.65 nan -1123002.65
-1164553.67 -1135597.75 -1134968.04
-1109365.65 nan -1109365.65
-1159665.25 nan -1159665.25
-1101848.86 nan -1101848.86
-1106496.35 -1132036.50 -1119007.78
-1092290.49 -1154397.62 -1163297.14
-1144940.51 nan -1144940.51
-1119061.09 nan -1119061.09
-1113569.04 nan -1113569.04
-1176072.66 -1133658.25 -1123320.17
-1126140.61 -1142550.38 -1142646.88
-1110834.20 -1142884.50 -1139580.86
-1123036.64 nan -1123036.64
-1191374.28 -1151077.12 -1146464.15
-1150563.26 -1144510.88 -1134818.75
-1137827.08 -1159144.25 -1164048.23
-1147296.27 -1165016.50 -1174153.91
-1114180.34 nan -1114180.34
