0.00
0.00
0.00
158.32
160.04
143.98
140.41
140.41
140.41
140.41
140.41
133.70
133.70
133.70
133.70
133.70
133.70
133.70
133.70
133.70
133.70
133.70
133.70
133.70
133.70
133.70
133.70
133.70
124.45
124.45
124.45
123.18
123.18
123.18
123.18
123.18
123.18
123.18
123.18
123.18
123.18
123.18
123.18
123.18
123.18
123.18
123.18
123.18
123.18
123.18
123.18
123.18
123.18
123.18
123.18
123.18
123.18
123.18
123.18
110.32
110.32
96.67
96.67
96.67
96.67
96.67
96.67
96.67
96.67
96.67
96.67
96.67
96.67
96.67
96.67
96.67
96.67
96.67
96.67
96.67
96.67
78.91
78.91
78.91
78.91
78.91
78.91
78.91
78.91
78.91
78.91
78.91
78.91
78.91
78.91
78.91
78.91
78.91
78.91
78.91
78.91
78.91
78.91
78.91
78.91
78.91
78.91
78.91
78.91
78.91
78.91
78.91
78.91
78.91
78.91
78.91
78.91
78.91
78.91
78.91
78.91
78.91
78.91
78.91
78.91
78.91
78.91
78.91
78.91
78.91
78.91
78.91
78.91
78.91
78.91
78.91
78.91
78.91
78.91
78.91
78.91
78.91
78.91
78.91
78.91
78.91
78.91
78.91
78.91
78.91
78.91
78.91
78.91
78.91
78.91
78.91
78.91
78.91
78.91
78.91
78.91
78.91
78.91
78.91
78.91
78.91
78.91
78.91
78.91
78.91
78.91
78.91
78.91
78.91
78.91
78.91
78.91
78.91
78.91
78.91
78.91
78.91
78.91
78.91
78.91
78.91
78.91
78.91
78.91
78.91
78.91
78.91
78.91
78.91
78.91
78.91
78.91
78.91
78.91
78.91
78.91
78.91
78.91
78.91
78.91
78.91
78.91
78.91
78.91
78.91
78.91
78.91
78.91
78.91
78.91
78.91
78.91
78.91
78.91
78.91
78.91
78.91
78.91
78.91
78.91
78.91
78.91
78.91
78.91
78.91
78.91
78.91
78.91
78.91
78.91
78.91
78.91
78.91
78.91
78.91
78.91
78.91
78.91
78.91
78.91
78.91
78.91
78.91
78.91
78.91
78.91
78.91
78.91
78.91
78.91
78.91
78.91
78.91
78.91
78.91
78.91
78.91
78.91
78.91
78.91
78.91
78.91
78.91
78.91
78.91
78.91
78.91
78.91
78.91
78.91
78.91
78.91
78.91
78.91
78.91
78.91
78.91
78.91
78.91
78.91
78.91
78.91
78.91
78.91
78.91
78.91
78.91
78.91
78.91
78.91
78.91
78.91
78.91
78.91
78.91
78.91
78.91
78.91
78.91
78.91
78.91
78.91
78.91
78.91
78.91
78.91
78.91
78.91
78.91
78.91
78.91
78.91
78.91
78.91
78.91
78.91
78.91
78.91
78.91
78.91
78.91
78.91
78.91
78.91
78.91
78.91
78.91
78.91
78.91
78.91
78.91
78.91
78.91
78.91
78.91
78.91
78.91
78.91
78.91
78.91
78.91
78.91
78.91
78.91
78.91
78.91
78.91
78.91
78.91
78.91
78.91
78.91
78.91
78.91
78.91
78.91
78.91
78.91
78.91
78.91
78.91
78.91
78.91
78.91
78.91
78.91
78.91
78.91
78.91
78.91
78.91
78.91
78.91
78.91
78.91
78.91
78.91
78.91
78.91
78.91
78.91
78.91
78.91
78.91
78.91
78.91
78.91
78.91
78.91
78.91
78.91
78.91
78.91
78.91
78.91
78.91
78.91
78.91
78.91
78.91
78.91
78.91
78.91
78.91
78.91
78.91
78.91
78.91
78.91
78.91
78.91
78.91
78.91
78.91
78.91
78.91
78.91
78.91
78.91
78.91
78.91
78.91
78.91
78.91
78.91
78.91
78.91
78.91
78.91
78.91
78.91
78.91
78.91
78.91
78.91
78.91
78.91
78.91
78.91
78.91
78.91
78.91
78.91
78.91
78.91
78.91
78.91
78.91
78.91
78.91
78.91
78.91
78.91
78.91
78.91
78.91
78.91
78.91
78.91
78.91
78.91
78.91
78.91
78.91
78.91
78.91
78.91
78.91
78.91
78.91
78.91
78.91
78.91
78.91
78.91
78.91
78.91
78.91
78.91
78.91
78.91
78.91
78.91
78.91
78.91
78.91
78.91
78.91
78.91
78.91
78.91
78.91
78.91
78.91
78.91
78.91
78.91
78.91
77.39
77.05
77.05
77.05
77.05
77.05
77.05
77.05
77.05
77.05
77.05
77.05
77.05
77.05
77.05
77.05
77.05
77.05
77.05
77.05
77.05
77.05
77.05
77.05
77.05
77.05
77.05
77.05
77.05
77.05
77.05
77.05
77.05
77.05
77.05
77.05
77.05
77.05
77.05
77.05
77.05
77.05
77.05
77.05
77.05
77.05
77.05
77.05
77.05
77.05
77.05
77.05
77.05
77.05
77.05
77.05
77.05
77.05
77.05
77.05
77.05
77.05
77.05
77.05
77.05
77.05
77.05
77.05
77.05
77.05
77.05
77.05
77.05
77.05
77.05
77.05
77.05
77.05
77.05
77.05
77.05
77.05
77.05
77.05
77.05
77.05
77.05
77.05
77.05
77.05
77.05
77.05
77.05
77.05
77.05
77.05
77.05
77.05
77.05
77.05
77.05
77.05
77.05
77.05
77.05
77.05
77.05
77.05
77.05
77.05
77.05
77.05
77.05
77.05
77.05
77.05
77.05
77.05
77.05
77.05
