-127200.22 nan -127200.22
-124364.33 nan -124364.33
-120243.00 nan -120243.00
-108292.16 nan -108292.16
-100813.04 nan -100813.04
-98805.23 nan -98805.23
-104153.22 nan -104153.22
-108072.62 nan -108072.62
-100763.96 nan -100763.96
-104540.37 nan -104540.37
-104391.43 nan -104391.43
-108071.02 nan -108071.02
-108109.74 nan -108109.74
-98374.28 nan -98374.28
-102361.72 -110390.34 -104851.68
-100566.49 nan -100566.49
-107528.12 nan -107528.12
-98741.86 nan -98741.86
-115683.60 nan -115683.60
-106825.91 -111490.77 -107317.86
-99776.92 nan -99776.92
-115242.46 nan -115242.46
-96697.95 nan -96697.95
-95232.34 nan -95232.34
-95279.17 nan -95279.17
-105031.13 nan -105031.13
-104911.18 nan -104911.18
-105449.28 nan -105449.28
-98253.20 -108976.45 -105130.53
-96708.69 nan -96708.69
-100307.76 -107996.89 -102429.50
-95287.29 nan -95287.29
-100193.01 nan -100193.01
-105371.69 nan -105371.69
-95619.11 -106880.30 -100283.99
-105511.60 nan -105511.60
-104814.71 nan -104814.71
-108836.60 nan -108836.60
-104764.81 nan -104764.81
-92685.67 nan -92685.67
-96294.79 nan -96294.79
-107765.32 -102984.01 -97915.09
-120247.14 -101528.03 -95631.85
-111765.04 -103706.23 -96613.91
-92496.68 nan -92496.68
-115033.01 nan -115033.01
-95358.93 nan -95358.93
-100560.73 nan -100560.73
-105530.90 -105324.61 -103650.89
-96402.68 nan -96402.68
-92536.19 nan -92536.19
-111827.51 nan -111827.51
-92554.09 nan -92554.09
-92496.68 nan -92496.68
-111254.67 -106980.38 -98959.43
-104542.85 -103621.54 -94670.07
-94957.81 -101947.78 -95375.39
-116747.62 nan -116747.62
-108546.20 -107859.67 -102264.36
-109316.04 nan -109316.04
-111871.50 nan -111871.50
-96624.15 -106767.85 -107817.30
-98316.30 nan -98316.30
-94453.25 nan -94453.25
-102717.79 -103639.02 -100195.62
-92210.80 nan -92210.80
-114481.42 nan -114481.42
-101731.95 nan -101731.95
-101478.01 -103101.12 -102808.06
-103567.60 -107002.55 -106340.48
-114053.90 -105475.11 -103626.83
-91389.73 nan -91389.73
-97751.37 nan -97751.37
-112618.31 -101127.82 -97589.31
-111358.86 -103273.89 -95576.80
-107356.24 -100162.93 -96972.49
-121842.86 nan -121842.86
-106335.03 nan -106335.03
-108094.97 -107033.61 -108383.46
-110416.84 nan -110416.84
-109955.88 -107591.52 -108378.44
-92112.97 -106431.84 -109059.58
-117297.86 nan -117297.86
-91627.82 -106882.61 -111578.63
-100597.81 -109733.95 -112645.36
-111892.74 -108542.31 -113840.61
-108091.16 nan -108091.16
-96320.46 nan -96320.46
-112089.37 -106037.45 -106084.08
-90942.63 nan -90942.63
-115180.52 nan -115180.52
-90284.59 nan -90284.59
-96144.66 -100551.83 -98802.58
-95603.14 -102097.37 -101422.56
-118440.27 -98154.81 -96836.58
-96032.65 -99994.28 -99020.57
-108414.78 nan -108414.78
-109469.56 nan -109469.56
-99847.27 -106273.20 -105634.97
-99430.21 nan -99430.21
-107749.38 nan -107749.38
-92846.12 -105612.53 -104271.52
-98410.18 nan -98410.18
-94716.45 nan -94716.45
-93903.14 nan -93903.14
-112662.62 nan -112662.62
-108368.91 nan -108368.91
-119436.56 -105115.59 -104978.22
-96368.54 nan -96368.54
-92887.69 nan -92887.69
-91280.46 nan -91280.46
-100630.81 nan -100630.81
-110615.76 -101835.53 -94932.99
-106653.10 nan -106653.10
-110425.80 nan -110425.80
-97151.97 -105800.25 -104003.96
-91424.00 -108391.33 -107027.62
-104650.51 -108288.83 -107152.46
-105564.13 -108396.80 -106061.34
-110808.05 nan -110808.05
-115050.52 nan -115050.52
-114882.36 -109665.45 -110639.97
-123203.98 -108539.50 -112166.18
