-180005.04 nan -180005.04
-179804.37 nan -179804.37
-187528.29 nan -187528.29
-184531.82 nan -184531.82
-171384.49 nan -171384.49
-182913.89 nan -182913.89
-165047.80 nan -165047.80
-158911.97 nan -158911.97
-171152.05 nan -171152.05
-163846.60 nan -163846.60
-173853.24 nan -173853.24
-150671.40 nan -150671.40
-150010.97 nan -150010.97
-147416.50 nan -147416.50
-152787.63 nan -152787.63
-143748.09 nan -143748.09
-165736.71 nan -165736.71
-148983.29 nan -148983.29
-143127.89 -161903.69 -152822.70
-142748.55 nan -142748.55
-143774.94 -160075.61 -148184.84
-152644.40 -160119.00 -147918.70
-154033.89 nan -154033.89
-159772.88 -160711.84 -150045.81
-164976.36 -161198.02 -150666.13
-141664.90 nan -141664.90
-140862.95 -157781.78 -147458.95
-140956.03 nan -140956.03
-142768.98 nan -142768.98
-148135.08 nan -148135.08
-150639.95 -156423.41 -143953.36
-153811.38 -156794.25 -144952.48
-142950.75 -157320.12 -145680.31
-141443.33 nan -141443.33
-148588.13 -156704.16 -144025.37
-155303.92 -156902.69 -143716.33
-149055.42 -156175.62 -143061.68
-161140.40 nan -161140.40
-152668.65 nan -152668.65
-152099.10 nan -152099.10
-161257.22 -160201.56 -155302.71
-157645.82 nan -157645.82
-170303.34 -160060.84 -155015.88
-157047.58 nan -157047.58
-159788.89 -161422.86 -156569.76
-179141.55 nan -179141.55
-141494.73 nan -141494.73
-146233.84 nan -146233.84
-149296.34 -161520.77 -155623.37
-162009.87 -153308.62 -147783.98
-163842.53 -155432.66 -149880.40
-161811.14 nan -161811.14
-137597.82 nan -137597.82
-175097.87 nan -175097.87
-161450.29 -161432.25 -158168.94
-160722.12 nan -160722.12
-174842.76 nan -174842.76
-137065.08 nan -137065.08
-166247.97 nan -166247.97
-136264.78 nan -136264.78
-191134.38 nan -191134.38
-150454.59 nan -150454.59
-133681.70 nan -133681.70
-164341.90 nan -164341.90
-138921.99 nan -138921.99
-157820.22 -146859.22 -145648.53
-162896.27 -145917.59 -149637.47
-143632.62 -146809.09 -144736.00
-167214.44 -151787.69 -146674.00
-134019.53 nan -134019.53
-168002.66 -144066.38 -141809.84
-133681.70 -144057.84 -140834.46
-169958.60 nan -169958.60
-185883.11 nan -185883.11
-142336.78 -157797.41 -165558.72
-154578.08 -161070.72 -173800.14
-139303.92 nan -139303.92
-133632.20 -153916.97 -159554.26
-136437.80 nan -136437.80
-171741.81 -147855.12 -145098.66
-134571.82 nan -134571.82
-145139.53 -147292.41 -138702.76
-154070.04 nan -154070.04
-161088.61 -147574.89 -142448.21
-133681.70 -146684.91 -145073.67
-145236.91 nan -145236.91
-178839.82 nan -178839.82
-164867.93 -152561.48 -156383.47
-142392.07 nan -142392.07
-180983.17 nan -180983.17
-159682.80 nan -159682.80
-167751.33 nan -167751.33
-167660.73 nan -167660.73
-174155.31 nan -174155.31
-166653.95 -158738.44 -169855.79
-138385.25 -157363.36 -170557.28
-133831.76 -162221.03 -171522.80
-145896.80 nan -145896.80
-178545.83 nan -178545.83
-146753.80 nan -146753.80
-142392.07 nan -142392.07
-165825.03 nan -165825.03
-164542.11 nan -164542.11
-155363.99 nan -155363.99
-144565.88 nan -144565.88
-135712.68 nan -135712.68
-173476.88 -148929.72 -145214.19
-135699.55 nan -135699.55
-167581.73 -146266.77 -138875.47
-135712.68 nan -135712.68
-182750.41 nan -182750.41
-135712.68 nan -135712.68
-188122.75 nan -188122.75
-172742.64 nan -172742.64
-146172.63 nan -146172.63
-136896.22 -165590.66 -169012.67
-188903.25 nan -188903.25
-142392.07 -161396.39 -168029.52
-166653.95 nan -166653.95
-157837.66 nan -157837.66
-155598.50 nan -155598.50
-134171.12 nan -134171.12
-160266.65 -148719.39 -149202.43
-162414.87 nan -162414.87
