-141760.27 nan -141760.27
-146070.94 nan -146070.94
-129333.71 nan -129333.71
-144590.20 nan -144590.20
-140233.47 nan -140233.47
-128425.12 nan -128425.12
-124725.41 nan -124725.41
-127443.66 nan -127443.66
-116070.23 nan -116070.23
-111268.98 nan -111268.98
-125267.43 nan -125267.43
-115206.77 nan -115206.77
-128064.20 nan -128064.20
-132830.61 nan -132830.61
-139464.49 nan -139464.49
-116898.02 nan -116898.02
-128542.85 -134889.38 -129731.04
-131659.03 nan -131659.03
-122828.43 -132941.78 -126096.03
-112419.07 -134462.12 -129162.03
-122472.49 nan -122472.49
-115982.34 -132823.03 -125910.18
-114470.94 -133007.62 -125848.24
-118109.38 nan -118109.38
-115811.00 -131284.47 -123289.27
-116571.49 -129278.12 -122415.63
-111494.83 nan -111494.83
-112407.28 nan -112407.28
-128807.42 -126304.27 -115439.25
-116379.06 nan -116379.06
-123852.08 -125324.53 -114741.86
-128480.97 -125582.33 -115520.06
-119177.12 -125383.02 -115546.99
-123033.95 nan -123033.95
-128660.90 nan -128660.90
-129851.57 nan -129851.57
-133392.91 nan -133392.91
-125125.94 nan -125125.94
-111844.38 nan -111844.38
-123736.35 nan -123736.35
-136269.99 nan -136269.99
-139637.51 -130688.75 -123950.24
-119953.62 -131299.83 -127985.53
-128524.31 -133086.47 -129401.92
-145009.25 nan -145009.25
-133138.10 nan -133138.10
-131984.26 -135084.66 -135849.76
-136750.67 -135199.38 -137999.03
-139281.34 nan -139281.34
-116463.29 nan -116463.29
-123776.44 nan -123776.44
-122476.82 nan -122476.82
-134595.34 nan -134595.34
-130184.05 -126975.41 -126949.53
-135635.93 nan -135635.93
-112166.74 -130535.38 -132393.60
-133199.32 nan -133199.32
-118444.02 nan -118444.02
-127393.89 nan -127393.89
-119430.69 -127245.49 -126345.75
-132107.47 -128466.12 -124061.22
-149825.09 nan -149825.09
-119367.94 -127185.30 -133410.69
-130204.05 nan -130204.05
-127451.58 nan -127451.58
-142056.01 -128357.99 -130355.44
-125942.94 nan -125942.94
-129535.44 -125372.98 -127916.66
-112173.23 nan -112173.23
-119873.38 -124867.23 -122010.94
-126676.90 nan -126676.90
-134881.51 -122556.58 -120287.03
-122129.88 nan -122129.88
-122707.13 nan -122707.13
-116737.92 nan -116737.92
-113045.30 nan -113045.30
-113097.01 -123538.46 -117496.78
-113585.51 nan -113585.51
-132091.10 nan -132091.10
-136420.27 nan -136420.27
-110668.56 nan -110668.56
-136114.60 -126950.20 -126393.31
-118345.99 -125820.27 -124494.05
-122505.98 nan -122505.98
-113847.19 -123622.38 -124464.44
-128640.07 nan -128640.07
-111506.03 -126741.45 -125203.50
-129922.61 -128607.81 -126102.67
-124719.14 -128160.69 -126648.74
-133160.74 -127105.48 -125984.97
-133203.55 nan -133203.55
-143119.53 nan -143119.53
-117787.96 nan -117787.96
-141353.62 -129132.15 -131370.34
-145027.39 -128367.02 -130759.28
-140319.60 nan -140319.60
-147491.17 nan -147491.17
-141135.00 nan -141135.00
-125196.80 nan -125196.80
-126724.80 -134468.34 -137940.99
-121785.02 nan -121785.02
-149110.36 -130226.39 -128307.60
-134637.22 nan -134637.22
-109803.11 nan -109803.11
-116406.64 -130017.09 -124249.31
-140241.50 nan -140241.50
-110283.46 -126791.27 -124764.64
-114384.29 nan -114384.29
-137371.07 nan -137371.07
-127476.82 nan -127476.82
-118954.95 nan -118954.95
-130091.90 nan -130091.90
-113226.98 nan -113226.98
-118974.65 -127152.16 -120757.94
-113553.45 nan -113553.45
-109810.13 nan -109810.13
-124714.82 nan -124714.82
-111682.06 nan -111682.06
-134669.20 nan -134669.20
-126403.89 -127321.09 -123688.69
-147467.00 nan -147467.00
-134048.51 -132896.48 -135274.97
-126648.68 -132347.83 -135476.89
-142895.60 -135610.81 -139406.28
