-136740.30 nan -136740.30
-133533.94 nan -133533.94
-132770.99 nan -132770.99
-135379.73 nan -135379.73
-137007.29 nan -137007.29
-132506.65 nan -132506.65
-109280.35 nan -109280.35
-113535.72 nan -113535.72
-108573.17 nan -108573.17
-109527.85 nan -109527.85
-108179.57 nan -108179.57
-106148.36 nan -106148.36
-113152.52 nan -113152.52
-114862.27 nan -114862.27
-115448.21 -119796.95 -111387.72
-106287.89 -120485.76 -113134.17
-105581.85 nan -105581.85
-106366.38 -119274.38 -110034.58
-119566.80 nan -119566.80
-119756.07 nan -119756.07
-116748.91 nan -116748.91
-119501.20 -123577.50 -118690.60
-126275.25 -122910.12 -118398.53
-105274.29 nan -105274.29
-111117.69 -120685.95 -114121.14
-101724.85 -118496.88 -112597.98
-116683.64 -118011.34 -110664.47
-124916.32 -118057.92 -112461.20
-120849.71 -117681.98 -111907.88
-115040.31 -118109.84 -111677.85
-105864.98 -118514.79 -112015.64
-111157.59 -118472.41 -111867.12
-106279.09 nan -106279.09
-108986.85 nan -108986.85
-117835.79 -116484.98 -109044.36
-111408.89 -116614.67 -108103.43
-118343.78 -116290.45 -108711.55
-104876.70 -115481.46 -108619.78
-101690.92 nan -101690.92
-111676.63 nan -111676.63
-109991.36 nan -109991.36
-117311.50 nan -117311.50
-125639.60 nan -125639.60
-136226.46 -117650.08 -117647.49
-123039.08 nan -123039.08
-110106.66 nan -110106.66
-102173.08 nan -102173.08
-111005.51 nan -111005.51
-122864.17 nan -122864.17
-101764.84 nan -101764.84
-117726.77 nan -117726.77
-126472.07 nan -126472.07
-118689.68 nan -118689.68
-113125.51 -118268.40 -120962.84
-139219.75 -117417.48 -122041.53
-116998.61 -117779.62 -120564.69
-130220.48 nan -130220.48
-136766.00 nan -136766.00
-128966.24 -122438.59 -129183.72
-117170.13 nan -117170.13
-108148.31 nan -108148.31
-102577.48 nan -102577.48
-109516.84 nan -109516.84
-112494.73 nan -112494.73
-122843.63 nan -122843.63
-116406.97 nan -116406.97
-110109.96 -115094.90 -117248.44
-102291.53 nan -102291.53
-116467.43 nan -116467.43
-116818.39 -114099.45 -112002.47
-111721.78 -111627.62 -110253.81
-105187.40 -113183.05 -112907.90
-118255.22 nan -118255.22
-122842.53 nan -122842.53
-116337.10 nan -116337.10
-131244.91 -118002.88 -119144.95
-118737.61 nan -118737.61
-123249.26 -118138.09 -118073.22
-120508.54 nan -120508.54
-124840.25 -117129.85 -119106.46
-101706.73 -118365.83 -119229.41
-110745.48 nan -110745.48
-108957.07 -115493.89 -116360.45
-103711.49 nan -103711.49
-124746.07 -111775.58 -110272.47
-127033.66 nan -127033.66
-123938.35 -114047.54 -113672.54
-101701.72 -118199.45 -116992.89
-111516.86 -117174.81 -119233.03
-124801.31 -117279.02 -116632.82
-107732.36 nan -107732.36
-126946.53 nan -126946.53
-112688.69 nan -112688.69
-125566.38 nan -125566.38
-117387.88 -118487.62 -121733.87
-138680.06 nan -138680.06
-109040.34 nan -109040.34
-111516.86 -121510.30 -123151.42
-100604.52 nan -100604.52
-111906.92 nan -111906.92
-100063.53 nan -100063.53
-131676.55 nan -131676.55
-134961.23 nan -134961.23
-103505.21 nan -103505.21
-105814.90 nan -105814.90
-108168.40 -119020.83 -114760.45
-114851.47 -115024.67 -108026.85
-109158.60 nan -109158.60
-118622.08 -115087.16 -110648.63
-117931.44 nan -117931.44
-100708.42 nan -100708.42
-106660.01 nan -106660.01
-99606.43 nan -99606.43
-109516.11 -111023.87 -102324.95
-127459.60 nan -127459.60
-105181.87 -114439.77 -109796.99
-106917.09 nan -106917.09
-108733.89 nan -108733.89
-116873.26 nan -116873.26
-111775.58 nan -111775.58
-111964.83 -116239.05 -112460.91
-126923.74 nan -126923.74
-109740.90 nan -109740.90
