-112982.44 nan -112982.44
-113265.83 nan -113265.83
-109699.83 nan -109699.83
-112932.40 nan -112932.40
-106047.47 nan -106047.47
-102168.53 nan -102168.53
-95854.31 nan -95854.31
-97311.88 nan -97311.88
-97550.00 nan -97550.00
-99126.60 nan -99126.60
-89642.66 nan -89642.66
-101057.76 nan -101057.76
-93948.48 nan -93948.48
-97901.66 -99961.50 -94882.97
-98702.47 nan -98702.47
-89080.75 nan -89080.75
-90921.40 nan -90921.40
-89287.88 nan -89287.88
-95922.94 nan -95922.94
-88283.86 nan -88283.86
-90994.30 -97851.81 -91164.89
-87215.55 nan -87215.55
-90947.43 -96565.13 -88888.10
-87173.68 nan -87173.68
-95404.85 nan -95404.85
-90781.36 nan -90781.36
-98031.42 nan -98031.42
-94678.16 -98057.73 -94739.21
-90829.09 -97956.37 -94517.33
-91745.19 -98275.08 -95762.65
-86262.06 -98068.50 -95006.40
-91354.17 -97841.30 -95095.46
-91153.41 -98349.58 -95288.17
-94683.24 nan -94683.24
-86277.77 nan -86277.77
-101306.49 nan -101306.49
-98503.79 -97840.84 -94089.16
-95248.28 nan -95248.28
-92104.84 nan -92104.84
-98387.76 nan -98387.76
-83368.18 nan -83368.18
-101258.26 -96548.07 -91286.93
-83368.18 nan -83368.18
-103858.12 -93122.09 -86007.76
-98730.53 nan -98730.53
-102486.62 -92740.84 -89368.82
-94155.18 -96482.50 -91369.04
-92973.90 -95401.13 -93156.13
-83251.89 nan -83251.89
-81706.75 -92292.52 -89259.02
-94284.88 -95203.38 -88555.68
-86589.05 nan -86589.05
-91245.25 nan -91245.25
-95506.73 -94750.43 -88796.66
-104127.68 -90226.68 -88876.99
-83914.06 -93296.03 -89639.64
-92277.83 nan -92277.83
-100333.20 nan -100333.20
-86700.43 -96205.33 -94083.56
-82898.47 nan -82898.47
-88357.65 nan -88357.65
-101540.35 nan -101540.35
-104263.20 nan -104263.20
-99303.41 nan -99303.41
-103913.87 nan -103913.87
-83327.66 nan -83327.66
-81658.31 -94647.96 -95514.98
-83777.70 nan -83777.70
-85384.76 -90730.55 -87540.11
-83221.51 -92786.98 -88944.26
-83886.05 nan -83886.05
-107791.52 -89984.20 -86790.14
-97737.63 nan -97737.63
-93700.63 nan -93700.63
-83949.11 nan -83949.11
-88836.48 -93645.75 -91795.79
-100911.05 -96025.63 -89815.18
-99478.86 -90937.12 -88520.03
-105886.66 -90299.88 -90043.67
-91596.11 nan -91596.11
-91011.14 -93491.11 -90053.27
-83409.88 nan -83409.88
-98835.31 nan -98835.31
-83370.93 nan -83370.93
-86412.68 nan -86412.68
-105827.12 -90943.07 -89539.64
-98549.45 nan -98549.45
-81796.22 -92664.05 -91500.59
-83324.93 nan -83324.93
-94870.01 -96560.69 -91124.99
-96235.79 nan -96235.79
-86257.38 nan -86257.38
-86707.01 -93160.68 -91206.05
-86726.60 nan -86726.60
-95753.65 -88889.64 -88063.34
-95807.54 -91561.97 -88665.33
-81805.35 nan -81805.35
-94192.88 nan -94192.88
-90530.33 -93698.59 -88221.19
-93623.41 nan -93623.41
-104338.43 nan -104338.43
-81974.07 nan -81974.07
-83968.98 -92825.84 -93311.97
-103083.53 -94189.58 -93208.16
-97836.00 nan -97836.00
-99758.67 nan -99758.67
-82304.55 nan -82304.55
-94596.68 nan -94596.68
-82580.93 -93802.34 -92219.97
-94019.77 nan -94019.77
-105757.12 nan -105757.12
-93917.16 nan -93917.16
-91677.17 -97529.42 -97898.01
-97100.55 nan -97100.55
-87126.20 nan -87126.20
-82665.89 nan -82665.89
-102519.51 nan -102519.51
-81803.75 -93565.61 -90770.53
-99629.39 nan -99629.39
-90328.24 nan -90328.24
-89449.02 nan -89449.02
-94057.43 nan -94057.43
-96361.02 nan -96361.02
