-162251.99 nan -162251.99
-162334.18 nan -162334.18
-157930.76 nan -157930.76
-150141.06 nan -150141.06
-155435.38 nan -155435.38
-142438.11 nan -142438.11
-147598.58 nan -147598.58
-135562.78 nan -135562.78
-140707.37 nan -140707.37
-135853.48 nan -135853.48
-136362.51 nan -136362.51
-145574.32 nan -145574.32
-140645.19 nan -140645.19
-149962.16 -148167.52 -140860.68
-136626.20 nan -136626.20
-145553.37 nan -145553.37
-153532.73 nan -153532.73
-135685.08 -150099.28 -145237.43
-140596.16 nan -140596.16
-133373.47 nan -133373.47
-147533.05 nan -147533.05
-140521.40 nan -140521.40
-135446.23 -147949.80 -140475.97
-140490.84 nan -140490.84
-140519.40 nan -140519.40
-132389.21 -145804.69 -140495.41
-132478.85 nan -132478.85
-149944.13 nan -149944.13
-137262.43 nan -137262.43
-136166.84 -146013.50 -139895.14
-132385.73 nan -132385.73
-129488.11 nan -129488.11
-150121.76 -143143.80 -133922.99
-140879.12 -141907.52 -131932.28
-129130.28 nan -129130.28
-145667.91 -141906.86 -131661.85
-150428.16 -141633.09 -130908.14
-133110.77 nan -133110.77
-135367.50 -139737.64 -131893.59
-134966.04 nan -134966.04
-137794.13 nan -137794.13
-156623.67 -139885.06 -134884.58
-129534.88 nan -129534.88
-131164.14 nan -131164.14
-166591.16 nan -166591.16
-145453.47 -146182.72 -142430.06
-128147.88 -147270.91 -146728.46
-129872.78 -149162.91 -151916.56
-129130.28 nan -129130.28
-138981.30 nan -138981.30
-175672.17 nan -175672.17
-162644.47 -141310.33 -147927.92
-128334.73 -149389.11 -154193.79
-152687.36 nan -152687.36
-145738.14 nan -145738.14
-148966.41 nan -148966.41
-130405.09 nan -130405.09
-145500.83 -144981.91 -141703.21
-147534.07 -141385.94 -140358.23
-149502.67 -138433.89 -137488.84
-142401.07 nan -142401.07
-153856.27 nan -153856.27
-154043.96 -146313.44 -144582.06
-140415.43 nan -140415.43
-134953.46 -144604.91 -146284.59
-145344.74 nan -145344.74
-128272.03 -140841.80 -144014.92
-128199.78 nan -128199.78
-169731.08 nan -169731.08
-150857.41 nan -150857.41
-152254.73 nan -152254.73
-140856.71 -148699.44 -157614.41
-134341.25 -147258.66 -153575.52
-147117.38 -147872.19 -154481.55
-151440.60 nan -151440.60
-146056.73 nan -146056.73
-142820.00 nan -142820.00
-160678.27 nan -160678.27
-166756.09 nan -166756.09
-158707.01 -148069.22 -156751.45
-128210.42 -150214.78 -161395.27
-129488.96 -151012.34 -161634.27
-153887.18 nan -153887.18
-142824.42 nan -142824.42
-147517.71 nan -147517.71
-165388.23 nan -165388.23
-149622.35 nan -149622.35
-153948.05 -148061.53 -154176.09
-124187.08 nan -124187.08
-155213.59 -137711.72 -142661.84
-144227.26 nan -144227.26
-138911.67 -133859.97 -137025.40
-153607.42 nan -153607.42
-128288.51 -142112.31 -144953.36
-131965.74 -141395.00 -145195.39
-124187.08 nan -124187.08
-149429.23 nan -149429.23
-148112.92 nan -148112.92
-145529.85 -141084.47 -140576.41
-139672.00 nan -139672.00
-152028.20 nan -152028.20
-134214.72 nan -134214.72
-152017.39 nan -152017.39
-133170.32 -142717.33 -146086.77
-141180.20 -141398.39 -144106.29
-148550.95 nan -148550.95
-137178.39 nan -137178.39
-151839.69 nan -151839.69
-157627.40 nan -157627.40
-124518.30 nan -124518.30
-152549.55 nan -152549.55
-143561.26 -145640.41 -144898.42
-157457.03 -142310.00 -140655.42
-133721.61 nan -133721.61
-165948.73 nan -165948.73
-153607.01 -144631.22 -146775.25
-144449.83 -146330.56 -148815.20
-155307.93 -147718.80 -153846.39
-130283.94 nan -130283.94
-138879.40 nan -138879.40
-163204.92 nan -163204.92
-122305.61 nan -122305.61
-122305.61 nan -122305.61
