-96981.15 nan -96981.15
-95716.12 nan -95716.12
-96314.96 nan -96314.96
-94697.37 nan -94697.37
-91190.66 nan -91190.66
-98726.41 nan -98726.41
-94862.94 nan -94862.94
-83065.24 nan -83065.24
-81357.42 nan -81357.42
-81580.06 nan -81580.06
-82826.22 nan -82826.22
-82404.65 nan -82404.65
-78746.99 nan -78746.99
-82585.28 -87968.33 -81325.95
-78711.82 nan -78711.82
-76816.18 -87095.52 -79594.92
-86489.39 -87372.14 -79877.56
-91676.50 nan -91676.50
-86222.70 -88993.53 -83716.33
-89655.51 nan -89655.51
-89484.91 -91385.88 -88349.45
-91614.79 -91187.65 -87240.43
-78155.27 -91471.67 -88415.13
-82849.78 nan -82849.78
-78660.89 -90513.84 -86168.44
-91287.46 -89148.92 -85811.12
-88413.81 nan -88413.81
-86503.91 -89384.36 -86797.79
-83312.36 nan -83312.36
-91548.56 nan -91548.56
-90312.45 -89681.44 -87219.57
-77693.00 -90050.84 -87360.16
-80947.49 -90663.08 -88709.43
-79561.03 -90222.44 -87763.05
-85903.29 nan -85903.29
-86023.51 nan -86023.51
-79678.93 -89494.52 -86563.28
-89049.01 nan -89049.01
-82231.30 -88973.22 -87211.93
-76906.54 -88634.92 -87608.08
-82190.40 nan -82190.40
-75784.22 nan -75784.22
-92412.54 -85788.16 -81860.90
-91887.10 -85116.97 -79945.17
-91430.07 nan -91430.07
-78077.97 nan -78077.97
-88296.69 -85403.72 -83151.07
-88985.07 nan -88985.07
-88467.69 nan -88467.69
-83992.81 nan -83992.81
-91922.45 nan -91922.45
-95724.86 -87444.03 -88127.65
-80057.97 -87708.88 -88014.30
-94344.10 nan -94344.10
-89620.11 nan -89620.11
-75221.33 nan -75221.33
-74902.56 nan -74902.56
-80222.97 nan -80222.97
-83368.87 -81713.68 -76782.29
-84487.17 -80533.94 -77302.61
-76295.30 nan -76295.30
-83227.01 -79581.98 -76793.40
-76478.54 -79656.70 -76797.10
-76892.58 nan -76892.58
-79791.76 -81015.52 -76827.69
-89112.87 -80851.17 -76839.13
-89087.31 nan -89087.31
-74540.34 -81335.24 -80918.04
-91164.04 -82351.51 -82281.49
-92113.90 nan -92113.90
-87171.20 -83742.61 -85104.48
-84940.38 nan -84940.38
-76971.16 nan -76971.16
-85054.53 -83394.36 -82338.67
-85160.54 -80494.87 -81416.74
-95790.35 -83908.47 -80242.19
-73887.06 -82738.83 -81332.53
-92936.12 nan -92936.12
-90648.43 -83271.40 -84836.95
-74247.68 nan -74247.68
-75644.41 -84630.85 -84006.92
-76600.85 nan -76600.85
-90968.95 nan -90968.95
-78125.15 nan -78125.15
-92287.64 -83543.70 -81898.32
-82005.54 -84879.28 -83664.14
-87945.62 nan -87945.62
-94299.93 nan -94299.93
-86170.79 nan -86170.79
-79106.09 -85143.62 -89472.11
-79307.36 nan -79307.36
-88218.20 nan -88218.20
-90592.59 nan -90592.59
-89250.26 -84483.19 -86039.38
-96349.40 -88086.81 -88283.39
-91126.83 nan -91126.83
-91092.79 -86767.30 -88483.20
-83449.53 nan -83449.53
-75470.93 -87057.83 -87686.52
-88146.54 -86753.11 -86539.75
-92843.82 nan -92843.82
-88316.81 nan -88316.81
-78231.16 -86995.08 -89233.46
-82121.97 -89192.26 -90131.37
-86095.52 nan -86095.52
-82155.37 nan -82155.37
-84940.26 nan -84940.26
-86420.11 -86642.58 -84397.05
-76275.50 nan -76275.50
-88315.34 -86048.62 -81870.94
-79434.41 nan -79434.41
-78550.72 -83883.80 -79193.62
-84654.97 -84040.14 -80166.32
-80288.72 -85033.98 -79598.12
-89440.85 -83500.53 -79652.68
-82854.02 nan -82854.02
-91668.10 -84570.00 -80701.61
-85997.51 nan -85997.51
-99530.67 -87355.94 -83184.38
-79823.45 nan -79823.45
-81309.11 nan -81309.11
-80840.07 -83822.24 -81438.98
