6.795010267524048686e-05
6.537656736327335238e-05
6.465131446020677686e-05
7.989773439476266503e-05
7.526024273829534650e-05
6.963977648410946131e-05
8.539106784155592322e-05
6.943308835616335273e-05
7.687358447583392262e-05
6.592643330805003643e-05
1.015144007396884263e-04
6.725655839545652270e-05
9.023626626003533602e-05
9.826155292103067040e-05
1.013217406580224633e-04
7.729655044386163354e-05
1.188699461636133492e-04
8.872322359820827842e-05
1.384131755912676454e-04
1.144410343840718269e-04
