0.00 0.00 0.00 0.00 0.00 0.00 0.00 0.00 0.00 0.00 0.00 0.00 0.00 0.00 0.00 0.00 0.00 0.00 0.00 0.00 0.00 0.00 0.00 0.00 0.00 0.00 0.00 0.00 0.00 0.00 0.00 0.00 0.00 0.00 0.00 0.00 0.00 0.00 0.00 0.00 0.00 0.00 0.00 0.00 0.00 0.00 0.00 0.00 0.00 0.00
0.00 0.00 0.00 0.00 0.00 0.00 0.00 0.00 0.00 0.00 -9.48 -0.01 -0.00 -0.00 -0.00 0.00 -0.00 0.00 0.00 -0.05 -77.34 -0.77 -0.00 -0.00 0.00 0.00 -0.00 0.00 -0.00 -1.79 -213.74 -6.77 -0.00 -0.00 0.00 0.00 -0.00 -0.00 -0.00 -11.72 -404.78 -25.95 -0.03 -0.00 -0.00 0.00 -0.00 -0.00 -0.00 -38.68
0.00 0.00 0.00 0.00 0.00 0.00 0.00 0.00 0.00 0.00 -12.59 -0.02 -0.00 -0.00 -0.00 0.00 -0.00 0.00 0.00 -0.15 -96.52 -1.66 -0.00 -0.00 0.00 0.00 -0.00 -0.00 -0.00 -3.21 -258.75 -12.98 -0.02 -0.00 -0.00 0.00 -0.00 -0.00 -0.00 -15.66 -477.21 -45.88 -0.27 -0.01 -0.00 -0.00 -0.02 -0.00 -0.08 -46.44
0.00 0.00 0.00 0.00 0.00 0.00 0.00 0.00 0.00 0.00 -12.59 -0.02 -0.00 -0.00 -0.00 0.00 -0.00 0.00 0.00 -0.15 -96.52 -1.66 -0.00 -0.00 0.00 0.00 -0.00 -0.00 -0.00 -3.21 -258.75 -12.98 -0.02 -0.00 -0.00 0.00 -0.00 -0.00 -0.00 -15.66 -477.21 -45.88 -0.27 -0.01 -0.00 -0.00 -0.02 -0.00 -0.08 -46.44
0.00 0.00 0.00 0.00 0.00 0.00 0.00 0.00 0.00 0.00 -12.59 -0.02 -0.00 -0.00 -0.00 0.00 -0.00 0.00 0.00 -0.15 -96.52 -1.66 -0.00 -0.00 0.00 0.00 -0.00 -0.00 -0.00 -3.21 -258.75 -12.98 -0.02 -0.00 -0.00 0.00 -0.00 -0.00 -0.00 -15.66 -477.21 -45.88 -0.27 -0.01 -0.00 -0.00 -0.02 -0.00 -0.08 -46.44
0.00 0.00 0.00 0.00 0.00 0.00 0.00 0.00 0.00 0.00 -13.54 -0.03 -0.00 -0.00 -0.00 0.00 -0.00 0.00 0.00 -0.22 -102.06 -2.00 -0.00 -0.00 0.00 0.00 -0.00 -0.00 -0.00 -4.25 -271.42 -15.22 -0.04 -0.00 -0.00 0.00 -0.00 -0.00 -0.01 -19.48 -497.79 -52.67 -0.44 -0.02 -0.00 -0.00 -0.07 -0.01 -0.17 -53.51
0.00 0.00 0.00 0.00 0.00 0.00 0.00 0.00 0.00 0.00 -9.86 -0.04 -0.00 -0.00 0.00 -0.00 -0.00 0.00 0.00 -0.50 -68.82 -2.39 -0.00 -0.00 -0.00 -0.00 -0.00 -0.00 -0.00 -8.99 -177.34 -16.14 -0.16 -0.01 -0.00 -0.00 -0.04 -0.01 -0.06 -39.12 -317.29 -51.13 -1.49 -0.23 -0.01 -0.00 -0.61 -0.17 -0.87 -96.25
0.00 0.00 0.00 0.00 0.00 0.00 0.00 0.00 0.00 0.00 -9.86 -0.04 -0.00 -0.00 0.00 -0.00 -0.00 0.00 0.00 -0.50 -68.82 -2.39 -0.00 -0.00 -0.00 -0.00 -0.00 -0.00 -0.00 -8.99 -177.34 -16.14 -0.16 -0.01 -0.00 -0.00 -0.04 -0.01 -0.06 -39.12 -317.29 -51.13 -1.49 -0.23 -0.01 -0.00 -0.61 -0.17 -0.87 -96.25
0.00 0.00 0.00 0.00 0.00 0.00 0.00 0.00 0.00 0.00 -7.53 -0.02 -0.00 0.00 0.00 0.00 -0.00 0.00 0.00 -0.25 -54.63 -1.48 -0.00 -0.00 0.00 0.00 -0.00 -0.00 -0.00 -5.36 -142.52 -10.53 -0.06 -0.00 -0.00 0.00 -0.01 -0.00 -0.01 -25.16 -257.19 -34.71 -0.63 -0.05 -0.00 -0.00 -0.16 -0.04 -0.26 -66.42
0.00 0.00 0.00 0.00 0.00 0.00 0.00 0.00 0.00 0.00 -7.53 -0.02 -0.00 0.00 0.00 0.00 -0.00 0.00 0.00 -0.25 -54.63 -1.48 -0.00 -0.00 0.00 0.00 -0.00 -0.00 -0.00 -5.36 -142.52 -10.53 -0.06 -0.00 -0.00 0.00 -0.01 -0.00 -0.01 -25.16 -257.19 -34.71 -0.63 -0.05 -0.00 -0.00 -0.16 -0.04 -0.26 -66.42
0.00 0.00 0.00 0.00 0.00 0.00 0.00 0.00 0.00 0.00 -10.85 -0.06 -0.00 -0.00 0.00 -0.00 -0.00 0.00 -0.00 -0.64 -74.04 -3.05 -0.01 -0.00 -0.00 -0.00 -0.00 -0.00 -0.00 -10.40 -188.60 -19.87 -0.28 -0.03 -0.00 -0.00 -0.10 -0.02 -0.14 -43.05 -334.24 -61.08 -2.42 -0.51 -0.01 -0.00 -1.23 -0.41 -1.71 -107.01
0.00 0.00 0.00 0.00 0.00 0.00 0.00 0.00 0.00 0.00 -11.84 -0.11 -0.00 -0.00 0.00 0.00 -0.00 0.00 -0.00 -0.51 -76.36 -4.77 -0.04 -0.00 -0.00 0.00 -0.01 -0.00 -0.05 -6.79 -186.66 -27.67 -1.05 -0.24 -0.00 -0.00 -0.62 -0.06 -1.90 -29.88 -326.57 -78.61 -7.09 -2.82 -0.14 -0.00 -5.32 -1.11 -12.30 -83.70
0.00 0.00 0.00 0.00 0.00 0.00 0.00 0.00 0.00 0.00 -11.84 -0.11 -0.00 -0.00 0.00 0.00 -0.00 0.00 -0.00 -0.51 -76.36 -4.77 -0.04 -0.00 -0.00 0.00 -0.01 -0.00 -0.05 -6.79 -186.66 -27.67 -1.05 -0.24 -0.00 -0.00 -0.62 -0.06 -1.90 -29.88 -326.57 -78.61 -7.09 -2.82 -0.14 -0.00 -5.32 -1.11 -12.30 -83.70
0.00 0.00 0.00 0.00 0.00 0.00 0.00 0.00 0.00 0.00 -11.84 -0.11 -0.00 -0.00 0.00 0.00 -0.00 0.00 -0.00 -0.51 -76.36 -4.77 -0.04 -0.00 -0.00 0.00 -0.01 -0.00 -0.05 -6.79 -186.66 -27.67 -1.05 -0.24 -0.00 -0.00 -0.62 -0.06 -1.90 -29.88 -326.57 -78.61 -7.09 -2.82 -0.14 -0.00 -5.32 -1.11 -12.30 -83.70
0.00 0.00 0.00 0.00 0.00 0.00 0.00 0.00 0.00 0.00 -11.84 -0.11 -0.00 -0.00 0.00 0.00 -0.00 0.00 -0.00 -0.51 -76.36 -4.77 -0.04 -0.00 -0.00 0.00 -0.01 -0.00 -0.05 -6.79 -186.66 -27.67 -1.05 -0.24 -0.00 -0.00 -0.62 -0.06 -1.90 -29.88 -326.57 -78.61 -7.09 -2.82 -0.14 -0.00 -5.32 -1.11 -12.30 -83.70
0.00 0.00 0.00 0.00 0.00 0.00 0.00 0.00 0.00 0.00 -11.84 -0.11 -0.00 -0.00 0.00 0.00 -0.00 0.00 -0.00 -0.51 -76.36 -4.77 -0.04 -0.00 -0.00 0.00 -0.01 -0.00 -0.05 -6.79 -186.66 -27.67 -1.05 -0.24 -0.00 -0.00 -0.62 -0.06 -1.90 -29.88 -326.57 -78.61 -7.09 -2.82 -0.14 -0.00 -5.32 -1.11 -12.30 -83.70
0.00 0.00 0.00 0.00 0.00 0.00 0.00 0.00 0.00 0.00 -12.43 -0.13 -0.00 -0.00 0.00 0.00 -0.00 0.00 -0.00 -0.52 -79.16 -5.33 -0.05 -0.00 -0.00 0.00 -0.02 -0.00 -0.03 -7.33 -192.02 -30.28 -1.36 -0.34 -0.01 -0.00 -0.86 -0.24 -1.52 -32.75 -333.69 -84.85 -8.73 -3.82 -0.36 -0.01 -7.14 -3.07 -10.85 -91.19
0.00 0.00 0.00 0.00 0.00 0.00 0.00 0.00 0.00 0.00 -12.43 -0.13 -0.00 -0.00 0.00 0.00 -0.00 0.00 -0.00 -0.52 -79.16 -5.33 -0.05 -0.00 -0.00 0.00 -0.02 -0.00 -0.03 -7.33 -192.02 -30.28 -1.36 -0.34 -0.01 -0.00 -0.86 -0.24 -1.52 -32.75 -333.69 -84.85 -8.73 -3.82 -0.36 -0.01 -7.14 -3.07 -10.85 -91.19
0.00 0.00 0.00 0.00 0.00 0.00 0.00 0.00 0.00 0.00 -12.43 -0.13 -0.00 -0.00 0.00 0.00 -0.00 0.00 -0.00 -0.52 -79.16 -5.33 -0.05 -0.00 -0.00 0.00 -0.02 -0.00 -0.03 -7.33 -192.02 -30.28 -1.36 -0.34 -0.01 -0.00 -0.86 -0.24 -1.52 -32.75 -333.69 -84.85 -8.73 -3.82 -0.36 -0.01 -7.14 -3.07 -10.85 -91.19
0.00 0.00 0.00 0.00 0.00 0.00 0.00 0.00 0.00 0.00 -12.43 -0.13 -0.00 -0.00 0.00 0.00 -0.00 0.00 -0.00 -0.52 -79.16 -5.33 -0.05 -0.00 -0.00 0.00 -0.02 -0.00 -0.03 -7.33 -192.02 -30.28 -1.36 -0.34 -0.01 -0.00 -0.86 -0.24 -1.52 -32.75 -333.69 -84.85 -8.73 -3.82 -0.36 -0.01 -7.14 -3.07 -10.85 -91.19
0.00 0.00 0.00 0.00 0.00 0.00 0.00 0.00 0.00 0.00 -12.43 -0.13 -0.00 -0.00 0.00 0.00 -0.00 0.00 -0.00 -0.52 -79.16 -5.33 -0.05 -0.00 -0.00 0.00 -0.02 -0.00 -0.03 -7.33 -192.02 -30.28 -1.36 -0.34 -0.01 -0.00 -0.86 -0.24 -1.52 -32.75 -333.69 -84.85 -8.73 -3.82 -0.36 -0.01 -7.14 -3.07 -10.85 -91.19
0.00 0.00 0.00 0.00 0.00 0.00 0.00 0.00 0.00 0.00 -12.43 -0.13 -0.00 -0.00 0.00 0.00 -0.00 0.00 -0.00 -0.52 -79.16 -5.33 -0.05 -0.00 -0.00 0.00 -0.02 -0.00 -0.03 -7.33 -192.02 -30.28 -1.36 -0.34 -0.01 -0.00 -0.86 -0.24 -1.52 -32.75 -333.69 -84.85 -8.73 -3.82 -0.36 -0.01 -7.14 -3.07 -10.85 -91.19
0.00 0.00 0.00 0.00 0.00 0.00 0.00 0.00 0.00 0.00 -12.43 -0.13 -0.00 -0.00 0.00 0.00 -0.00 0.00 -0.00 -0.52 -79.16 -5.33 -0.05 -0.00 -0.00 0.00 -0.02 -0.00 -0.03 -7.33 -192.02 -30.28 -1.36 -0.34 -0.01 -0.00 -0.86 -0.24 -1.52 -32.75 -333.69 -84.85 -8.73 -3.82 -0.36 -0.01 -7.14 -3.07 -10.85 -91.19
0.00 0.00 0.00 0.00 0.00 0.00 0.00 0.00 0.00 0.00 -18.56 -0.28 -0.00 -0.00 -0.00 0.00 -0.00 -0.00 -0.00 -1.51 -114.85 -10.33 -0.20 -0.03 -0.00 -0.00 -0.12 -0.01 -0.19 -25.85 -271.75 -52.72 -4.24 -1.80 -0.03 -0.00 -3.78 -0.62 -5.52 -86.37 -463.21 -139.27 -23.03 -14.19 -0.97 -0.09 -22.63 -6.54 -31.60 -201.24
0.00 0.00 0.00 0.00 0.00 0.00 0.00 0.00 0.00 0.00 -18.56 -0.28 -0.00 -0.00 -0.00 0.00 -0.00 -0.00 -0.00 -1.51 -114.85 -10.33 -0.20 -0.03 -0.00 -0.00 -0.12 -0.01 -0.19 -25.85 -271.75 -52.72 -4.24 -1.80 -0.03 -0.00 -3.78 -0.62 -5.52 -86.37 -463.21 -139.27 -23.03 -14.19 -0.97 -0.09 -22.63 -6.54 -31.60 -201.24
0.00 0.00 0.00 0.00 0.00 0.00 0.00 0.00 0.00 0.00 -18.56 -0.28 -0.00 -0.00 -0.00 0.00 -0.00 -0.00 -0.00 -1.51 -114.85 -10.33 -0.20 -0.03 -0.00 -0.00 -0.12 -0.01 -0.19 -25.85 -271.75 -52.72 -4.24 -1.80 -0.03 -0.00 -3.78 -0.62 -5.52 -86.37 -463.21 -139.27 -23.03 -14.19 -0.97 -0.09 -22.63 -6.54 -31.60 -201.24
0.00 0.00 0.00 0.00 0.00 0.00 0.00 0.00 0.00 0.00 -18.56 -0.28 -0.00 -0.00 -0.00 0.00 -0.00 -0.00 -0.00 -1.51 -114.85 -10.33 -0.20 -0.03 -0.00 -0.00 -0.12 -0.01 -0.19 -25.85 -271.75 -52.72 -4.24 -1.80 -0.03 -0.00 -3.78 -0.62 -5.52 -86.37 -463.21 -139.27 -23.03 -14.19 -0.97 -0.09 -22.63 -6.54 -31.60 -201.24
0.00 0.00 0.00 0.00 0.00 0.00 0.00 0.00 0.00 0.00 -18.56 -0.28 -0.00 -0.00 -0.00 0.00 -0.00 -0.00 -0.00 -1.51 -114.85 -10.33 -0.20 -0.03 -0.00 -0.00 -0.12 -0.01 -0.19 -25.85 -271.75 -52.72 -4.24 -1.80 -0.03 -0.00 -3.78 -0.62 -5.52 -86.37 -463.21 -139.27 -23.03 -14.19 -0.97 -0.09 -22.63 -6.54 -31.60 -201.24
0.00 0.00 0.00 0.00 0.00 0.00 0.00 0.00 0.00 0.00 -18.56 -0.28 -0.00 -0.00 -0.00 0.00 -0.00 -0.00 -0.00 -1.51 -114.85 -10.33 -0.20 -0.03 -0.00 -0.00 -0.12 -0.01 -0.19 -25.85 -271.75 -52.72 -4.24 -1.80 -0.03 -0.00 -3.78 -0.62 -5.52 -86.37 -463.21 -139.27 -23.03 -14.19 -0.97 -0.09 -22.63 -6.54 -31.60 -201.24
0.00 0.00 0.00 0.00 0.00 0.00 0.00 0.00 0.00 0.00 -18.56 -0.28 -0.00 -0.00 -0.00 0.00 -0.00 -0.00 -0.00 -1.51 -114.85 -10.33 -0.20 -0.03 -0.00 -0.00 -0.12 -0.01 -0.19 -25.85 -271.75 -52.72 -4.24 -1.80 -0.03 -0.00 -3.78 -0.62 -5.52 -86.37 -463.21 -139.27 -23.03 -14.19 -0.97 -0.09 -22.63 -6.54 -31.60 -201.24
0.00 0.00 0.00 0.00 0.00 0.00 0.00 0.00 0.00 0.00 -18.56 -0.28 -0.00 -0.00 -0.00 0.00 -0.00 -0.00 -0.00 -1.51 -114.85 -10.33 -0.20 -0.03 -0.00 -0.00 -0.12 -0.01 -0.19 -25.85 -271.75 -52.72 -4.24 -1.80 -0.03 -0.00 -3.78 -0.62 -5.52 -86.37 -463.21 -139.27 -23.03 -14.19 -0.97 -0.09 -22.63 -6.54 -31.60 -201.24
0.00 0.00 0.00 0.00 0.00 0.00 0.00 0.00 0.00 0.00 -18.56 -0.28 -0.00 -0.00 -0.00 0.00 -0.00 -0.00 -0.00 -1.51 -114.85 -10.33 -0.20 -0.03 -0.00 -0.00 -0.12 -0.01 -0.19 -25.85 -271.75 -52.72 -4.24 -1.80 -0.03 -0.00 -3.78 -0.62 -5.52 -86.37 -463.21 -139.27 -23.03 -14.19 -0.97 -0.09 -22.63 -6.54 -31.60 -201.24
0.00 0.00 0.00 0.00 0.00 0.00 0.00 0.00 0.00 0.00 -18.56 -0.28 -0.00 -0.00 -0.00 0.00 -0.00 -0.00 -0.00 -1.51 -114.85 -10.33 -0.20 -0.03 -0.00 -0.00 -0.12 -0.01 -0.19 -25.85 -271.75 -52.72 -4.24 -1.80 -0.03 -0.00 -3.78 -0.62 -5.52 -86.37 -463.21 -139.27 -23.03 -14.19 -0.97 -0.09 -22.63 -6.54 -31.60 -201.24
0.00 0.00 0.00 0.00 0.00 0.00 0.00 0.00 0.00 0.00 -18.56 -0.28 -0.00 -0.00 -0.00 0.00 -0.00 -0.00 -0.00 -1.51 -114.85 -10.33 -0.20 -0.03 -0.00 -0.00 -0.12 -0.01 -0.19 -25.85 -271.75 -52.72 -4.24 -1.80 -0.03 -0.00 -3.78 -0.62 -5.52 -86.37 -463.21 -139.27 -23.03 -14.19 -0.97 -0.09 -22.63 -6.54 -31.60 -201.24
0.00 0.00 0.00 0.00 0.00 0.00 0.00 0.00 0.00 0.00 -18.56 -0.28 -0.00 -0.00 -0.00 0.00 -0.00 -0.00 -0.00 -1.51 -114.85 -10.33 -0.20 -0.03 -0.00 -0.00 -0.12 -0.01 -0.19 -25.85 -271.75 -52.72 -4.24 -1.80 -0.03 -0.00 -3.78 -0.62 -5.52 -86.37 -463.21 -139.27 -23.03 -14.19 -0.97 -0.09 -22.63 -6.54 -31.60 -201.24
0.00 0.00 0.00 0.00 0.00 0.00 0.00 0.00 0.00 0.00 -18.56 -0.28 -0.00 -0.00 -0.00 0.00 -0.00 -0.00 -0.00 -1.51 -114.85 -10.33 -0.20 -0.03 -0.00 -0.00 -0.12 -0.01 -0.19 -25.85 -271.75 -52.72 -4.24 -1.80 -0.03 -0.00 -3.78 -0.62 -5.52 -86.37 -463.21 -139.27 -23.03 -14.19 -0.97 -0.09 -22.63 -6.54 -31.60 -201.24
0.00 0.00 0.00 0.00 0.00 0.00 0.00 0.00 0.00 0.00 -18.56 -0.28 -0.00 -0.00 -0.00 0.00 -0.00 -0.00 -0.00 -1.51 -114.85 -10.33 -0.20 -0.03 -0.00 -0.00 -0.12 -0.01 -0.19 -25.85 -271.75 -52.72 -4.24 -1.80 -0.03 -0.00 -3.78 -0.62 -5.52 -86.37 -463.21 -139.27 -23.03 -14.19 -0.97 -0.09 -22.63 -6.54 -31.60 -201.24
0.00 0.00 0.00 0.00 0.00 0.00 0.00 0.00 0.00 0.00 -18.56 -0.28 -0.00 -0.00 -0.00 0.00 -0.00 -0.00 -0.00 -1.51 -114.85 -10.33 -0.20 -0.03 -0.00 -0.00 -0.12 -0.01 -0.19 -25.85 -271.75 -52.72 -4.24 -1.80 -0.03 -0.00 -3.78 -0.62 -5.52 -86.37 -463.21 -139.27 -23.03 -14.19 -0.97 -0.09 -22.63 -6.54 -31.60 -201.24
0.00 0.00 0.00 0.00 0.00 0.00 0.00 0.00 0.00 0.00 -16.74 -0.26 -0.00 -0.00 0.00 -0.00 -0.00 -0.00 -0.00 -0.49 -103.20 -9.67 -0.16 -0.02 -0.00 -0.00 -0.08 -0.01 -0.43 -18.47 -243.54 -49.46 -3.69 -1.39 -0.07 -0.00 -2.89 -1.24 -9.81 -81.40 -413.95 -128.18 -20.47 -12.02 -1.73 -0.08 -19.44 -12.67 -46.91 -188.60
0.00 0.00 0.00 0.00 0.00 0.00 0.00 0.00 0.00 0.00 -16.74 -0.26 -0.00 -0.00 0.00 -0.00 -0.00 -0.00 -0.00 -0.49 -103.20 -9.67 -0.16 -0.02 -0.00 -0.00 -0.08 -0.01 -0.43 -18.47 -243.54 -49.46 -3.69 -1.39 -0.07 -0.00 -2.89 -1.24 -9.81 -81.40 -413.95 -128.18 -20.47 -12.02 -1.73 -0.08 -19.44 -12.67 -46.91 -188.60
0.00 0.00 0.00 0.00 0.00 0.00 0.00 0.00 0.00 0.00 -16.74 -0.26 -0.00 -0.00 0.00 -0.00 -0.00 -0.00 -0.00 -0.49 -103.20 -9.67 -0.16 -0.02 -0.00 -0.00 -0.08 -0.01 -0.43 -18.47 -243.54 -49.46 -3.69 -1.39 -0.07 -0.00 -2.89 -1.24 -9.81 -81.40 -413.95 -128.18 -20.47 -12.02 -1.73 -0.08 -19.44 -12.67 -46.91 -188.60
0.00 0.00 0.00 0.00 0.00 0.00 0.00 0.00 0.00 0.00 -16.74 -0.26 -0.00 -0.00 0.00 -0.00 -0.00 -0.00 -0.00 -0.49 -103.20 -9.67 -0.16 -0.02 -0.00 -0.00 -0.08 -0.01 -0.43 -18.47 -243.54 -49.46 -3.69 -1.39 -0.07 -0.00 -2.89 -1.24 -9.81 -81.40 -413.95 -128.18 -20.47 -12.02 -1.73 -0.08 -19.44 -12.67 -46.91 -188.60
0.00 0.00 0.00 0.00 0.00 0.00 0.00 0.00 0.00 0.00 -16.74 -0.26 -0.00 -0.00 0.00 -0.00 -0.00 -0.00 -0.00 -0.49 -103.20 -9.67 -0.16 -0.02 -0.00 -0.00 -0.08 -0.01 -0.43 -18.47 -243.54 -49.46 -3.69 -1.39 -0.07 -0.00 -2.89 -1.24 -9.81 -81.40 -413.95 -128.18 -20.47 -12.02 -1.73 -0.08 -19.44 -12.67 -46.91 -188.60
0.00 0.00 0.00 0.00 0.00 0.00 0.00 0.00 0.00 0.00 -16.74 -0.26 -0.00 -0.00 0.00 -0.00 -0.00 -0.00 -0.00 -0.49 -103.20 -9.67 -0.16 -0.02 -0.00 -0.00 -0.08 -0.01 -0.43 -18.47 -243.54 -49.46 -3.69 -1.39 -0.07 -0.00 -2.89 -1.24 -9.81 -81.40 -413.95 -128.18 -20.47 -12.02 -1.73 -0.08 -19.44 -12.67 -46.91 -188.60
0.00 0.00 0.00 0.00 0.00 0.00 0.00 0.00 0.00 0.00 -16.74 -0.26 -0.00 -0.00 0.00 -0.00 -0.00 -0.00 -0.00 -0.49 -103.20 -9.67 -0.16 -0.02 -0.00 -0.00 -0.08 -0.01 -0.43 -18.47 -243.54 -49.46 -3.69 -1.39 -0.07 -0.00 -2.89 -1.24 -9.81 -81.40 -413.95 -128.18 -20.47 -12.02 -1.73 -0.08 -19.44 -12.67 -46.91 -188.60
0.00 0.00 0.00 0.00 0.00 0.00 0.00 0.00 0.00 0.00 -16.74 -0.26 -0.00 -0.00 0.00 -0.00 -0.00 -0.00 -0.00 -0.49 -103.20 -9.67 -0.16 -0.02 -0.00 -0.00 -0.08 -0.01 -0.43 -18.47 -243.54 -49.46 -3.69 -1.39 -0.07 -0.00 -2.89 -1.24 -9.81 -81.40 -413.95 -128.18 -20.47 -12.02 -1.73 -0.08 -19.44 -12.67 -46.91 -188.60
0.00 0.00 0.00 0.00 0.00 0.00 0.00 0.00 0.00 0.00 -16.74 -0.26 -0.00 -0.00 0.00 -0.00 -0.00 -0.00 -0.00 -0.49 -103.20 -9.67 -0.16 -0.02 -0.00 -0.00 -0.08 -0.01 -0.43 -18.47 -243.54 -49.46 -3.69 -1.39 -0.07 -0.00 -2.89 -1.24 -9.81 -81.40 -413.95 -128.18 -20.47 -12.02 -1.73 -0.08 -19.44 -12.67 -46.91 -188.60
0.00 0.00 0.00 0.00 0.00 0.00 0.00 0.00 0.00 0.00 -16.74 -0.26 -0.00 -0.00 0.00 -0.00 -0.00 -0.00 -0.00 -0.49 -103.20 -9.67 -0.16 -0.02 -0.00 -0.00 -0.08 -0.01 -0.43 -18.47 -243.54 -49.46 -3.69 -1.39 -0.07 -0.00 -2.89 -1.24 -9.81 -81.40 -413.95 -128.18 -20.47 -12.02 -1.73 -0.08 -19.44 -12.67 -46.91 -188.60
0.00 0.00 0.00 0.00 0.00 0.00 0.00 0.00 0.00 0.00 -16.74 -0.26 -0.00 -0.00 0.00 -0.00 -0.00 -0.00 -0.00 -0.49 -103.20 -9.67 -0.16 -0.02 -0.00 -0.00 -0.08 -0.01 -0.43 -18.47 -243.54 -49.46 -3.69 -1.39 -0.07 -0.00 -2.89 -1.24 -9.81 -81.40 -413.95 -128.18 -20.47 -12.02 -1.73 -0.08 -19.44 -12.67 -46.91 -188.60
0.00 0.00 0.00 0.00 0.00 0.00 0.00 0.00 0.00 0.00 -16.74 -0.26 -0.00 -0.00 0.00 -0.00 -0.00 -0.00 -0.00 -0.49 -103.20 -9.67 -0.16 -0.02 -0.00 -0.00 -0.08 -0.01 -0.43 -18.47 -243.54 -49.46 -3.69 -1.39 -0.07 -0.00 -2.89 -1.24 -9.81 -81.40 -413.95 -128.18 -20.47 -12.02 -1.73 -0.08 -19.44 -12.67 -46.91 -188.60
0.00 0.00 0.00 0.00 0.00 0.00 0.00 0.00 0.00 0.00 -16.74 -0.26 -0.00 -0.00 0.00 -0.00 -0.00 -0.00 -0.00 -0.49 -103.20 -9.67 -0.16 -0.02 -0.00 -0.00 -0.08 -0.01 -0.43 -18.47 -243.54 -49.46 -3.69 -1.39 -0.07 -0.00 -2.89 -1.24 -9.81 -81.40 -413.95 -128.18 -20.47 -12.02 -1.73 -0.08 -19.44 -12.67 -46.91 -188.60
0.00 0.00 0.00 0.00 0.00 0.00 0.00 0.00 0.00 0.00 -16.74 -0.26 -0.00 -0.00 0.00 -0.00 -0.00 -0.00 -0.00 -0.49 -103.20 -9.67 -0.16 -0.02 -0.00 -0.00 -0.08 -0.01 -0.43 -18.47 -243.54 -49.46 -3.69 -1.39 -0.07 -0.00 -2.89 -1.24 -9.81 -81.40 -413.95 -128.18 -20.47 -12.02 -1.73 -0.08 -19.44 -12.67 -46.91 -188.60
0.00 0.00 0.00 0.00 0.00 0.00 0.00 0.00 0.00 0.00 -16.74 -0.26 -0.00 -0.00 0.00 -0.00 -0.00 -0.00 -0.00 -0.49 -103.20 -9.67 -0.16 -0.02 -0.00 -0.00 -0.08 -0.01 -0.43 -18.47 -243.54 -49.46 -3.69 -1.39 -0.07 -0.00 -2.89 -1.24 -9.81 -81.40 -413.95 -128.18 -20.47 -12.02 -1.73 -0.08 -19.44 -12.67 -46.91 -188.60
0.00 0.00 0.00 0.00 0.00 0.00 0.00 0.00 0.00 0.00 -16.74 -0.26 -0.00 -0.00 0.00 -0.00 -0.00 -0.00 -0.00 -0.49 -103.20 -9.67 -0.16 -0.02 -0.00 -0.00 -0.08 -0.01 -0.43 -18.47 -243.54 -49.46 -3.69 -1.39 -0.07 -0.00 -2.89 -1.24 -9.81 -81.40 -413.95 -128.18 -20.47 -12.02 -1.73 -0.08 -19.44 -12.67 -46.91 -188.60
0.00 0.00 0.00 0.00 0.00 0.00 0.00 0.00 0.00 0.00 -16.74 -0.26 -0.00 -0.00 0.00 -0.00 -0.00 -0.00 -0.00 -0.49 -103.20 -9.67 -0.16 -0.02 -0.00 -0.00 -0.08 -0.01 -0.43 -18.47 -243.54 -49.46 -3.69 -1.39 -0.07 -0.00 -2.89 -1.24 -9.81 -81.40 -413.95 -128.18 -20.47 -12.02 -1.73 -0.08 -19.44 -12.67 -46.91 -188.60
0.00 0.00 0.00 0.00 0.00 0.00 0.00 0.00 0.00 0.00 -16.74 -0.26 -0.00 -0.00 0.00 -0.00 -0.00 -0.00 -0.00 -0.49 -103.20 -9.67 -0.16 -0.02 -0.00 -0.00 -0.08 -0.01 -0.43 -18.47 -243.54 -49.46 -3.69 -1.39 -0.07 -0.00 -2.89 -1.24 -9.81 -81.40 -413.95 -128.18 -20.47 -12.02 -1.73 -0.08 -19.44 -12.67 -46.91 -188.60
0.00 0.00 0.00 0.00 0.00 0.00 0.00 0.00 0.00 0.00 -16.74 -0.26 -0.00 -0.00 0.00 -0.00 -0.00 -0.00 -0.00 -0.49 -103.20 -9.67 -0.16 -0.02 -0.00 -0.00 -0.08 -0.01 -0.43 -18.47 -243.54 -49.46 -3.69 -1.39 -0.07 -0.00 -2.89 -1.24 -9.81 -81.40 -413.95 -128.18 -20.47 -12.02 -1.73 -0.08 -19.44 -12.67 -46.91 -188.60
0.00 0.00 0.00 0.00 0.00 0.00 0.00 0.00 0.00 0.00 -16.74 -0.26 -0.00 -0.00 0.00 -0.00 -0.00 -0.00 -0.00 -0.49 -103.20 -9.67 -0.16 -0.02 -0.00 -0.00 -0.08 -0.01 -0.43 -18.47 -243.54 -49.46 -3.69 -1.39 -0.07 -0.00 -2.89 -1.24 -9.81 -81.40 -413.95 -128.18 -20.47 -12.02 -1.73 -0.08 -19.44 -12.67 -46.91 -188.60
0.00 0.00 0.00 0.00 0.00 0.00 0.00 0.00 0.00 0.00 -16.74 -0.26 -0.00 -0.00 0.00 -0.00 -0.00 -0.00 -0.00 -0.49 -103.20 -9.67 -0.16 -0.02 -0.00 -0.00 -0.08 -0.01 -0.43 -18.47 -243.54 -49.46 -3.69 -1.39 -0.07 -0.00 -2.89 -1.24 -9.81 -81.40 -413.95 -128.18 -20.47 -12.02 -1.73 -0.08 -19.44 -12.67 -46.91 -188.60
0.00 0.00 0.00 0.00 0.00 0.00 0.00 0.00 0.00 0.00 -16.74 -0.26 -0.00 -0.00 0.00 -0.00 -0.00 -0.00 -0.00 -0.49 -103.20 -9.67 -0.16 -0.02 -0.00 -0.00 -0.08 -0.01 -0.43 -18.47 -243.54 -49.46 -3.69 -1.39 -0.07 -0.00 -2.89 -1.24 -9.81 -81.40 -413.95 -128.18 -20.47 -12.02 -1.73 -0.08 -19.44 -12.67 -46.91 -188.60
0.00 0.00 0.00 0.00 0.00 0.00 0.00 0.00 0.00 0.00 -16.74 -0.26 -0.00 -0.00 0.00 -0.00 -0.00 -0.00 -0.00 -0.49 -103.20 -9.67 -0.16 -0.02 -0.00 -0.00 -0.08 -0.01 -0.43 -18.47 -243.54 -49.46 -3.69 -1.39 -0.07 -0.00 -2.89 -1.24 -9.81 -81.40 -413.95 -128.18 -20.47 -12.02 -1.73 -0.08 -19.44 -12.67 -46.91 -188.60
0.00 0.00 0.00 0.00 0.00 0.00 0.00 0.00 0.00 0.00 -16.74 -0.26 -0.00 -0.00 0.00 -0.00 -0.00 -0.00 -0.00 -0.49 -103.20 -9.67 -0.16 -0.02 -0.00 -0.00 -0.08 -0.01 -0.43 -18.47 -243.54 -49.46 -3.69 -1.39 -0.07 -0.00 -2.89 -1.24 -9.81 -81.40 -413.95 -128.18 -20.47 -12.02 -1.73 -0.08 -19.44 -12.67 -46.91 -188.60
0.00 0.00 0.00 0.00 0.00 0.00 0.00 0.00 0.00 0.00 -16.74 -0.26 -0.00 -0.00 0.00 -0.00 -0.00 -0.00 -0.00 -0.49 -103.20 -9.67 -0.16 -0.02 -0.00 -0.00 -0.08 -0.01 -0.43 -18.47 -243.54 -49.46 -3.69 -1.39 -0.07 -0.00 -2.89 -1.24 -9.81 -81.40 -413.95 -128.18 -20.47 -12.02 -1.73 -0.08 -19.44 -12.67 -46.91 -188.60
0.00 0.00 0.00 0.00 0.00 0.00 0.00 0.00 0.00 0.00 -16.74 -0.26 -0.00 -0.00 0.00 -0.00 -0.00 -0.00 -0.00 -0.49 -103.20 -9.67 -0.16 -0.02 -0.00 -0.00 -0.08 -0.01 -0.43 -18.47 -243.54 -49.46 -3.69 -1.39 -0.07 -0.00 -2.89 -1.24 -9.81 -81.40 -413.95 -128.18 -20.47 -12.02 -1.73 -0.08 -19.44 -12.67 -46.91 -188.60
0.00 0.00 0.00 0.00 0.00 0.00 0.00 0.00 0.00 0.00 -16.74 -0.26 -0.00 -0.00 0.00 -0.00 -0.00 -0.00 -0.00 -0.49 -103.20 -9.67 -0.16 -0.02 -0.00 -0.00 -0.08 -0.01 -0.43 -18.47 -243.54 -49.46 -3.69 -1.39 -0.07 -0.00 -2.89 -1.24 -9.81 -81.40 -413.95 -128.18 -20.47 -12.02 -1.73 -0.08 -19.44 -12.67 -46.91 -188.60
0.00 0.00 0.00 0.00 0.00 0.00 0.00 0.00 0.00 0.00 -16.74 -0.26 -0.00 -0.00 0.00 -0.00 -0.00 -0.00 -0.00 -0.49 -103.20 -9.67 -0.16 -0.02 -0.00 -0.00 -0.08 -0.01 -0.43 -18.47 -243.54 -49.46 -3.69 -1.39 -0.07 -0.00 -2.89 -1.24 -9.81 -81.40 -413.95 -128.18 -20.47 -12.02 -1.73 -0.08 -19.44 -12.67 -46.91 -188.60
0.00 0.00 0.00 0.00 0.00 0.00 0.00 0.00 0.00 0.00 -16.74 -0.26 -0.00 -0.00 0.00 -0.00 -0.00 -0.00 -0.00 -0.49 -103.20 -9.67 -0.16 -0.02 -0.00 -0.00 -0.08 -0.01 -0.43 -18.47 -243.54 -49.46 -3.69 -1.39 -0.07 -0.00 -2.89 -1.24 -9.81 -81.40 -413.95 -128.18 -20.47 -12.02 -1.73 -0.08 -19.44 -12.67 -46.91 -188.60
0.00 0.00 0.00 0.00 0.00 0.00 0.00 0.00 0.00 0.00 -16.74 -0.26 -0.00 -0.00 0.00 -0.00 -0.00 -0.00 -0.00 -0.49 -103.20 -9.67 -0.16 -0.02 -0.00 -0.00 -0.08 -0.01 -0.43 -18.47 -243.54 -49.46 -3.69 -1.39 -0.07 -0.00 -2.89 -1.24 -9.81 -81.40 -413.95 -128.18 -20.47 -12.02 -1.73 -0.08 -19.44 -12.67 -46.91 -188.60
0.00 0.00 0.00 0.00 0.00 0.00 0.00 0.00 0.00 0.00 -16.74 -0.26 -0.00 -0.00 0.00 -0.00 -0.00 -0.00 -0.00 -0.49 -103.20 -9.67 -0.16 -0.02 -0.00 -0.00 -0.08 -0.01 -0.43 -18.47 -243.54 -49.46 -3.69 -1.39 -0.07 -0.00 -2.89 -1.24 -9.81 -81.40 -413.95 -128.18 -20.47 -12.02 -1.73 -0.08 -19.44 -12.67 -46.91 -188.60
0.00 0.00 0.00 0.00 0.00 0.00 0.00 0.00 0.00 0.00 -16.74 -0.26 -0.00 -0.00 0.00 -0.00 -0.00 -0.00 -0.00 -0.49 -103.20 -9.67 -0.16 -0.02 -0.00 -0.00 -0.08 -0.01 -0.43 -18.47 -243.54 -49.46 -3.69 -1.39 -0.07 -0.00 -2.89 -1.24 -9.81 -81.40 -413.95 -128.18 -20.47 -12.02 -1.73 -0.08 -19.44 -12.67 -46.91 -188.60
0.00 0.00 0.00 0.00 0.00 0.00 0.00 0.00 0.00 0.00 -16.74 -0.26 -0.00 -0.00 0.00 -0.00 -0.00 -0.00 -0.00 -0.49 -103.20 -9.67 -0.16 -0.02 -0.00 -0.00 -0.08 -0.01 -0.43 -18.47 -243.54 -49.46 -3.69 -1.39 -0.07 -0.00 -2.89 -1.24 -9.81 -81.40 -413.95 -128.18 -20.47 -12.02 -1.73 -0.08 -19.44 -12.67 -46.91 -188.60
0.00 0.00 0.00 0.00 0.00 0.00 0.00 0.00 0.00 0.00 -16.74 -0.26 -0.00 -0.00 0.00 -0.00 -0.00 -0.00 -0.00 -0.49 -103.20 -9.67 -0.16 -0.02 -0.00 -0.00 -0.08 -0.01 -0.43 -18.47 -243.54 -49.46 -3.69 -1.39 -0.07 -0.00 -2.89 -1.24 -9.81 -81.40 -413.95 -128.18 -20.47 -12.02 -1.73 -0.08 -19.44 -12.67 -46.91 -188.60
0.00 0.00 0.00 0.00 0.00 0.00 0.00 0.00 0.00 0.00 -16.74 -0.26 -0.00 -0.00 0.00 -0.00 -0.00 -0.00 -0.00 -0.49 -103.20 -9.67 -0.16 -0.02 -0.00 -0.00 -0.08 -0.01 -0.43 -18.47 -243.54 -49.46 -3.69 -1.39 -0.07 -0.00 -2.89 -1.24 -9.81 -81.40 -413.95 -128.18 -20.47 -12.02 -1.73 -0.08 -19.44 -12.67 -46.91 -188.60
0.00 0.00 0.00 0.00 0.00 0.00 0.00 0.00 0.00 0.00 -16.74 -0.26 -0.00 -0.00 0.00 -0.00 -0.00 -0.00 -0.00 -0.49 -103.20 -9.67 -0.16 -0.02 -0.00 -0.00 -0.08 -0.01 -0.43 -18.47 -243.54 -49.46 -3.69 -1.39 -0.07 -0.00 -2.89 -1.24 -9.81 -81.40 -413.95 -128.18 -20.47 -12.02 -1.73 -0.08 -19.44 -12.67 -46.91 -188.60
0.00 0.00 0.00 0.00 0.00 0.00 0.00 0.00 0.00 0.00 -16.74 -0.26 -0.00 -0.00 0.00 -0.00 -0.00 -0.00 -0.00 -0.49 -103.20 -9.67 -0.16 -0.02 -0.00 -0.00 -0.08 -0.01 -0.43 -18.47 -243.54 -49.46 -3.69 -1.39 -0.07 -0.00 -2.89 -1.24 -9.81 -81.40 -413.95 -128.18 -20.47 -12.02 -1.73 -0.08 -19.44 -12.67 -46.91 -188.60
0.00 0.00 0.00 0.00 0.00 0.00 0.00 0.00 0.00 0.00 -16.74 -0.26 -0.00 -0.00 0.00 -0.00 -0.00 -0.00 -0.00 -0.49 -103.20 -9.67 -0.16 -0.02 -0.00 -0.00 -0.08 -0.01 -0.43 -18.47 -243.54 -49.46 -3.69 -1.39 -0.07 -0.00 -2.89 -1.24 -9.81 -81.40 -413.95 -128.18 -20.47 -12.02 -1.73 -0.08 -19.44 -12.67 -46.91 -188.60
0.00 0.00 0.00 0.00 0.00 0.00 0.00 0.00 0.00 0.00 -16.74 -0.26 -0.00 -0.00 0.00 -0.00 -0.00 -0.00 -0.00 -0.49 -103.20 -9.67 -0.16 -0.02 -0.00 -0.00 -0.08 -0.01 -0.43 -18.47 -243.54 -49.46 -3.69 -1.39 -0.07 -0.00 -2.89 -1.24 -9.81 -81.40 -413.95 -128.18 -20.47 -12.02 -1.73 -0.08 -19.44 -12.67 -46.91 -188.60
0.00 0.00 0.00 0.00 0.00 0.00 0.00 0.00 0.00 0.00 -16.74 -0.26 -0.00 -0.00 0.00 -0.00 -0.00 -0.00 -0.00 -0.49 -103.20 -9.67 -0.16 -0.02 -0.00 -0.00 -0.08 -0.01 -0.43 -18.47 -243.54 -49.46 -3.69 -1.39 -0.07 -0.00 -2.89 -1.24 -9.81 -81.40 -413.95 -128.18 -20.47 -12.02 -1.73 -0.08 -19.44 -12.67 -46.91 -188.60
0.00 0.00 0.00 0.00 0.00 0.00 0.00 0.00 0.00 0.00 -16.74 -0.26 -0.00 -0.00 0.00 -0.00 -0.00 -0.00 -0.00 -0.49 -103.20 -9.67 -0.16 -0.02 -0.00 -0.00 -0.08 -0.01 -0.43 -18.47 -243.54 -49.46 -3.69 -1.39 -0.07 -0.00 -2.89 -1.24 -9.81 -81.40 -413.95 -128.18 -20.47 -12.02 -1.73 -0.08 -19.44 -12.67 -46.91 -188.60
0.00 0.00 0.00 0.00 0.00 0.00 0.00 0.00 0.00 0.00 -16.74 -0.26 -0.00 -0.00 0.00 -0.00 -0.00 -0.00 -0.00 -0.49 -103.20 -9.67 -0.16 -0.02 -0.00 -0.00 -0.08 -0.01 -0.43 -18.47 -243.54 -49.46 -3.69 -1.39 -0.07 -0.00 -2.89 -1.24 -9.81 -81.40 -413.95 -128.18 -20.47 -12.02 -1.73 -0.08 -19.44 -12.67 -46.91 -188.60
0.00 0.00 0.00 0.00 0.00 0.00 0.00 0.00 0.00 0.00 -16.74 -0.26 -0.00 -0.00 0.00 -0.00 -0.00 -0.00 -0.00 -0.49 -103.20 -9.67 -0.16 -0.02 -0.00 -0.00 -0.08 -0.01 -0.43 -18.47 -243.54 -49.46 -3.69 -1.39 -0.07 -0.00 -2.89 -1.24 -9.81 -81.40 -413.95 -128.18 -20.47 -12.02 -1.73 -0.08 -19.44 -12.67 -46.91 -188.60
0.00 0.00 0.00 0.00 0.00 0.00 0.00 0.00 0.00 0.00 -16.74 -0.26 -0.00 -0.00 0.00 -0.00 -0.00 -0.00 -0.00 -0.49 -103.20 -9.67 -0.16 -0.02 -0.00 -0.00 -0.08 -0.01 -0.43 -18.47 -243.54 -49.46 -3.69 -1.39 -0.07 -0.00 -2.89 -1.24 -9.81 -81.40 -413.95 -128.18 -20.47 -12.02 -1.73 -0.08 -19.44 -12.67 -46.91 -188.60
0.00 0.00 0.00 0.00 0.00 0.00 0.00 0.00 0.00 0.00 -16.74 -0.26 -0.00 -0.00 0.00 -0.00 -0.00 -0.00 -0.00 -0.49 -103.20 -9.67 -0.16 -0.02 -0.00 -0.00 -0.08 -0.01 -0.43 -18.47 -243.54 -49.46 -3.69 -1.39 -0.07 -0.00 -2.89 -1.24 -9.81 -81.40 -413.95 -128.18 -20.47 -12.02 -1.73 -0.08 -19.44 -12.67 -46.91 -188.60
0.00 0.00 0.00 0.00 0.00 0.00 0.00 0.00 0.00 0.00 -16.74 -0.26 -0.00 -0.00 0.00 -0.00 -0.00 -0.00 -0.00 -0.49 -103.20 -9.67 -0.16 -0.02 -0.00 -0.00 -0.08 -0.01 -0.43 -18.47 -243.54 -49.46 -3.69 -1.39 -0.07 -0.00 -2.89 -1.24 -9.81 -81.40 -413.95 -128.18 -20.47 -12.02 -1.73 -0.08 -19.44 -12.67 -46.91 -188.60
0.00 0.00 0.00 0.00 0.00 0.00 0.00 0.00 0.00 0.00 -16.74 -0.26 -0.00 -0.00 0.00 -0.00 -0.00 -0.00 -0.00 -0.49 -103.20 -9.67 -0.16 -0.02 -0.00 -0.00 -0.08 -0.01 -0.43 -18.47 -243.54 -49.46 -3.69 -1.39 -0.07 -0.00 -2.89 -1.24 -9.81 -81.40 -413.95 -128.18 -20.47 -12.02 -1.73 -0.08 -19.44 -12.67 -46.91 -188.60
0.00 0.00 0.00 0.00 0.00 0.00 0.00 0.00 0.00 0.00 -16.74 -0.26 -0.00 -0.00 0.00 -0.00 -0.00 -0.00 -0.00 -0.49 -103.20 -9.67 -0.16 -0.02 -0.00 -0.00 -0.08 -0.01 -0.43 -18.47 -243.54 -49.46 -3.69 -1.39 -0.07 -0.00 -2.89 -1.24 -9.81 -81.40 -413.95 -128.18 -20.47 -12.02 -1.73 -0.08 -19.44 -12.67 -46.91 -188.60
0.00 0.00 0.00 0.00 0.00 0.00 0.00 0.00 0.00 0.00 -16.74 -0.26 -0.00 -0.00 0.00 -0.00 -0.00 -0.00 -0.00 -0.49 -103.20 -9.67 -0.16 -0.02 -0.00 -0.00 -0.08 -0.01 -0.43 -18.47 -243.54 -49.46 -3.69 -1.39 -0.07 -0.00 -2.89 -1.24 -9.81 -81.40 -413.95 -128.18 -20.47 -12.02 -1.73 -0.08 -19.44 -12.67 -46.91 -188.60
0.00 0.00 0.00 0.00 0.00 0.00 0.00 0.00 0.00 0.00 -16.74 -0.26 -0.00 -0.00 0.00 -0.00 -0.00 -0.00 -0.00 -0.49 -103.20 -9.67 -0.16 -0.02 -0.00 -0.00 -0.08 -0.01 -0.43 -18.47 -243.54 -49.46 -3.69 -1.39 -0.07 -0.00 -2.89 -1.24 -9.81 -81.40 -413.95 -128.18 -20.47 -12.02 -1.73 -0.08 -19.44 -12.67 -46.91 -188.60
0.00 0.00 0.00 0.00 0.00 0.00 0.00 0.00 0.00 0.00 -16.74 -0.26 -0.00 -0.00 0.00 -0.00 -0.00 -0.00 -0.00 -0.49 -103.20 -9.67 -0.16 -0.02 -0.00 -0.00 -0.08 -0.01 -0.43 -18.47 -243.54 -49.46 -3.69 -1.39 -0.07 -0.00 -2.89 -1.24 -9.81 -81.40 -413.95 -128.18 -20.47 -12.02 -1.73 -0.08 -19.44 -12.67 -46.91 -188.60
0.00 0.00 0.00 0.00 0.00 0.00 0.00 0.00 0.00 0.00 -16.74 -0.26 -0.00 -0.00 0.00 -0.00 -0.00 -0.00 -0.00 -0.49 -103.20 -9.67 -0.16 -0.02 -0.00 -0.00 -0.08 -0.01 -0.43 -18.47 -243.54 -49.46 -3.69 -1.39 -0.07 -0.00 -2.89 -1.24 -9.81 -81.40 -413.95 -128.18 -20.47 -12.02 -1.73 -0.08 -19.44 -12.67 -46.91 -188.60
0.00 0.00 0.00 0.00 0.00 0.00 0.00 0.00 0.00 0.00 -16.74 -0.26 -0.00 -0.00 0.00 -0.00 -0.00 -0.00 -0.00 -0.49 -103.20 -9.67 -0.16 -0.02 -0.00 -0.00 -0.08 -0.01 -0.43 -18.47 -243.54 -49.46 -3.69 -1.39 -0.07 -0.00 -2.89 -1.24 -9.81 -81.40 -413.95 -128.18 -20.47 -12.02 -1.73 -0.08 -19.44 -12.67 -46.91 -188.60
0.00 0.00 0.00 0.00 0.00 0.00 0.00 0.00 0.00 0.00 -16.74 -0.26 -0.00 -0.00 0.00 -0.00 -0.00 -0.00 -0.00 -0.49 -103.20 -9.67 -0.16 -0.02 -0.00 -0.00 -0.08 -0.01 -0.43 -18.47 -243.54 -49.46 -3.69 -1.39 -0.07 -0.00 -2.89 -1.24 -9.81 -81.40 -413.95 -128.18 -20.47 -12.02 -1.73 -0.08 -19.44 -12.67 -46.91 -188.60
0.00 0.00 0.00 0.00 0.00 0.00 0.00 0.00 0.00 0.00 -16.74 -0.26 -0.00 -0.00 0.00 -0.00 -0.00 -0.00 -0.00 -0.49 -103.20 -9.67 -0.16 -0.02 -0.00 -0.00 -0.08 -0.01 -0.43 -18.47 -243.54 -49.46 -3.69 -1.39 -0.07 -0.00 -2.89 -1.24 -9.81 -81.40 -413.95 -128.18 -20.47 -12.02 -1.73 -0.08 -19.44 -12.67 -46.91 -188.60
0.00 0.00 0.00 0.00 0.00 0.00 0.00 0.00 0.00 0.00 -16.74 -0.26 -0.00 -0.00 0.00 -0.00 -0.00 -0.00 -0.00 -0.49 -103.20 -9.67 -0.16 -0.02 -0.00 -0.00 -0.08 -0.01 -0.43 -18.47 -243.54 -49.46 -3.69 -1.39 -0.07 -0.00 -2.89 -1.24 -9.81 -81.40 -413.95 -128.18 -20.47 -12.02 -1.73 -0.08 -19.44 -12.67 -46.91 -188.60
0.00 0.00 0.00 0.00 0.00 0.00 0.00 0.00 0.00 0.00 -16.74 -0.26 -0.00 -0.00 0.00 -0.00 -0.00 -0.00 -0.00 -0.49 -103.20 -9.67 -0.16 -0.02 -0.00 -0.00 -0.08 -0.01 -0.43 -18.47 -243.54 -49.46 -3.69 -1.39 -0.07 -0.00 -2.89 -1.24 -9.81 -81.40 -413.95 -128.18 -20.47 -12.02 -1.73 -0.08 -19.44 -12.67 -46.91 -188.60
0.00 0.00 0.00 0.00 0.00 0.00 0.00 0.00 0.00 0.00 -16.74 -0.26 -0.00 -0.00 0.00 -0.00 -0.00 -0.00 -0.00 -0.49 -103.20 -9.67 -0.16 -0.02 -0.00 -0.00 -0.08 -0.01 -0.43 -18.47 -243.54 -49.46 -3.69 -1.39 -0.07 -0.00 -2.89 -1.24 -9.81 -81.40 -413.95 -128.18 -20.47 -12.02 -1.73 -0.08 -19.44 -12.67 -46.91 -188.60
0.00 0.00 0.00 0.00 0.00 0.00 0.00 0.00 0.00 0.00 -16.74 -0.26 -0.00 -0.00 0.00 -0.00 -0.00 -0.00 -0.00 -0.49 -103.20 -9.67 -0.16 -0.02 -0.00 -0.00 -0.08 -0.01 -0.43 -18.47 -243.54 -49.46 -3.69 -1.39 -0.07 -0.00 -2.89 -1.24 -9.81 -81.40 -413.95 -128.18 -20.47 -12.02 -1.73 -0.08 -19.44 -12.67 -46.91 -188.60
0.00 0.00 0.00 0.00 0.00 0.00 0.00 0.00 0.00 0.00 -16.74 -0.26 -0.00 -0.00 0.00 -0.00 -0.00 -0.00 -0.00 -0.49 -103.20 -9.67 -0.16 -0.02 -0.00 -0.00 -0.08 -0.01 -0.43 -18.47 -243.54 -49.46 -3.69 -1.39 -0.07 -0.00 -2.89 -1.24 -9.81 -81.40 -413.95 -128.18 -20.47 -12.02 -1.73 -0.08 -19.44 -12.67 -46.91 -188.60
0.00 0.00 0.00 0.00 0.00 0.00 0.00 0.00 0.00 0.00 -24.28 -0.62 -0.00 -0.00 -0.00 0.00 -0.00 -0.00 -0.00 -3.36 -139.21 -18.67 -0.78 -0.32 -0.00 -0.00 -0.64 -0.14 -1.15 -42.67 -314.22 -83.40 -12.52 -9.62 -0.50 -0.05 -13.14 -6.45 -17.73 -129.95 -516.64 -200.79 -54.29 -51.41 -7.36 -2.72 -59.18 -44.07 -72.91 -277.76
0.00 0.00 0.00 0.00 0.00 0.00 0.00 0.00 0.00 0.00 -24.28 -0.62 -0.00 -0.00 -0.00 0.00 -0.00 -0.00 -0.00 -3.36 -139.21 -18.67 -0.78 -0.32 -0.00 -0.00 -0.64 -0.14 -1.15 -42.67 -314.22 -83.40 -12.52 -9.62 -0.50 -0.05 -13.14 -6.45 -17.73 -129.95 -516.64 -200.79 -54.29 -51.41 -7.36 -2.72 -59.18 -44.07 -72.91 -277.76
0.00 0.00 0.00 0.00 0.00 0.00 0.00 0.00 0.00 0.00 -25.68 -0.72 -0.00 -0.00 -0.00 0.00 -0.00 -0.00 -0.00 -7.34 -144.67 -20.80 -1.09 -0.35 -0.00 -0.00 -0.88 -0.20 -1.67 -64.78 -323.24 -91.71 -15.47 -10.29 -0.96 -0.03 -17.16 -8.34 -22.04 -184.11 -527.98 -215.54 -63.35 -54.35 -12.35 -1.87 -75.29 -48.63 -83.82 -344.03
0.00 0.00 0.00 0.00 0.00 0.00 0.00 0.00 0.00 0.00 -25.68 -0.72 -0.00 -0.00 -0.00 0.00 -0.00 -0.00 -0.00 -7.34 -144.67 -20.80 -1.09 -0.35 -0.00 -0.00 -0.88 -0.20 -1.67 -64.78 -323.24 -91.71 -15.47 -10.29 -0.96 -0.03 -17.16 -8.34 -22.04 -184.11 -527.98 -215.54 -63.35 -54.35 -12.35 -1.87 -75.29 -48.63 -83.82 -344.03
0.00 0.00 0.00 0.00 0.00 0.00 0.00 0.00 0.00 0.00 -25.68 -0.72 -0.00 -0.00 -0.00 0.00 -0.00 -0.00 -0.00 -7.34 -144.67 -20.80 -1.09 -0.35 -0.00 -0.00 -0.88 -0.20 -1.67 -64.78 -323.24 -91.71 -15.47 -10.29 -0.96 -0.03 -17.16 -8.34 -22.04 -184.11 -527.98 -215.54 -63.35 -54.35 -12.35 -1.87 -75.29 -48.63 -83.82 -344.03
0.00 0.00 0.00 0.00 0.00 0.00 0.00 0.00 0.00 0.00 -25.68 -0.72 -0.00 -0.00 -0.00 0.00 -0.00 -0.00 -0.00 -7.34 -144.67 -20.80 -1.09 -0.35 -0.00 -0.00 -0.88 -0.20 -1.67 -64.78 -323.24 -91.71 -15.47 -10.29 -0.96 -0.03 -17.16 -8.34 -22.04 -184.11 -527.98 -215.54 -63.35 -54.35 -12.35 -1.87 -75.29 -48.63 -83.82 -344.03
0.00 0.00 0.00 0.00 0.00 0.00 0.00 0.00 0.00 0.00 -25.68 -0.72 -0.00 -0.00 -0.00 0.00 -0.00 -0.00 -0.00 -7.34 -144.67 -20.80 -1.09 -0.35 -0.00 -0.00 -0.88 -0.20 -1.67 -64.78 -323.24 -91.71 -15.47 -10.29 -0.96 -0.03 -17.16 -8.34 -22.04 -184.11 -527.98 -215.54 -63.35 -54.35 -12.35 -1.87 -75.29 -48.63 -83.82 -344.03
0.00 0.00 0.00 0.00 0.00 0.00 0.00 0.00 0.00 0.00 -25.68 -0.72 -0.00 -0.00 -0.00 0.00 -0.00 -0.00 -0.00 -7.34 -144.67 -20.80 -1.09 -0.35 -0.00 -0.00 -0.88 -0.20 -1.67 -64.78 -323.24 -91.71 -15.47 -10.29 -0.96 -0.03 -17.16 -8.34 -22.04 -184.11 -527.98 -215.54 -63.35 -54.35 -12.35 -1.87 -75.29 -48.63 -83.82 -344.03
0.00 0.00 0.00 0.00 0.00 0.00 0.00 0.00 0.00 0.00 -25.68 -0.72 -0.00 -0.00 -0.00 0.00 -0.00 -0.00 -0.00 -7.34 -144.67 -20.80 -1.09 -0.35 -0.00 -0.00 -0.88 -0.20 -1.67 -64.78 -323.24 -91.71 -15.47 -10.29 -0.96 -0.03 -17.16 -8.34 -22.04 -184.11 -527.98 -215.54 -63.35 -54.35 -12.35 -1.87 -75.29 -48.63 -83.82 -344.03
0.00 0.00 0.00 0.00 0.00 0.00 0.00 0.00 0.00 0.00 -25.68 -0.72 -0.00 -0.00 -0.00 0.00 -0.00 -0.00 -0.00 -7.34 -144.67 -20.80 -1.09 -0.35 -0.00 -0.00 -0.88 -0.20 -1.67 -64.78 -323.24 -91.71 -15.47 -10.29 -0.96 -0.03 -17.16 -8.34 -22.04 -184.11 -527.98 -215.54 -63.35 -54.35 -12.35 -1.87 -75.29 -48.63 -83.82 -344.03
0.00 0.00 0.00 0.00 0.00 0.00 0.00 0.00 0.00 0.00 -25.68 -0.72 -0.00 -0.00 -0.00 0.00 -0.00 -0.00 -0.00 -7.34 -144.67 -20.80 -1.09 -0.35 -0.00 -0.00 -0.88 -0.20 -1.67 -64.78 -323.24 -91.71 -15.47 -10.29 -0.96 -0.03 -17.16 -8.34 -22.04 -184.11 -527.98 -215.54 -63.35 -54.35 -12.35 -1.87 -75.29 -48.63 -83.82 -344.03
0.00 0.00 0.00 0.00 0.00 0.00 0.00 0.00 0.00 0.00 -25.68 -0.72 -0.00 -0.00 -0.00 0.00 -0.00 -0.00 -0.00 -7.34 -144.67 -20.80 -1.09 -0.35 -0.00 -0.00 -0.88 -0.20 -1.67 -64.78 -323.24 -91.71 -15.47 -10.29 -0.96 -0.03 -17.16 -8.34 -22.04 -184.11 -527.98 -215.54 -63.35 -54.35 -12.35 -1.87 -75.29 -48.63 -83.82 -344.03
0.00 0.00 0.00 0.00 0.00 0.00 0.00 0.00 0.00 0.00 -25.68 -0.72 -0.00 -0.00 -0.00 0.00 -0.00 -0.00 -0.00 -7.34 -144.67 -20.80 -1.09 -0.35 -0.00 -0.00 -0.88 -0.20 -1.67 -64.78 -323.24 -91.71 -15.47 -10.29 -0.96 -0.03 -17.16 -8.34 -22.04 -184.11 -527.98 -215.54 -63.35 -54.35 -12.35 -1.87 -75.29 -48.63 -83.82 -344.03
0.00 0.00 0.00 0.00 0.00 0.00 0.00 0.00 0.00 0.00 -25.68 -0.72 -0.00 -0.00 -0.00 0.00 -0.00 -0.00 -0.00 -7.34 -144.67 -20.80 -1.09 -0.35 -0.00 -0.00 -0.88 -0.20 -1.67 -64.78 -323.24 -91.71 -15.47 -10.29 -0.96 -0.03 -17.16 -8.34 -22.04 -184.11 -527.98 -215.54 -63.35 -54.35 -12.35 -1.87 -75.29 -48.63 -83.82 -344.03
0.00 0.00 0.00 0.00 0.00 0.00 0.00 0.00 0.00 0.00 -28.74 -0.99 -0.00 -0.00 -0.00 0.00 -0.00 -0.00 -0.01 -7.48 -156.10 -26.13 -2.02 -0.85 -0.01 -0.00 -1.99 -0.50 -10.02 -66.52 -341.53 -108.88 -24.21 -18.93 -1.72 -0.12 -27.53 -13.23 -73.94 -191.40 -550.53 -248.01 -89.73 -84.09 -18.10 -3.62 -100.22 -65.38 -201.56 -363.70
0.00 0.00 0.00 0.00 0.00 0.00 0.00 0.00 0.00 0.00 -28.74 -0.99 -0.00 -0.00 -0.00 0.00 -0.00 -0.00 -0.01 -7.48 -156.10 -26.13 -2.02 -0.85 -0.01 -0.00 -1.99 -0.50 -10.02 -66.52 -341.53 -108.88 -24.21 -18.93 -1.72 -0.12 -27.53 -13.23 -73.94 -191.40 -550.53 -248.01 -89.73 -84.09 -18.10 -3.62 -100.22 -65.38 -201.56 -363.70
0.00 0.00 0.00 0.00 0.00 0.00 0.00 0.00 0.00 0.00 -28.74 -0.99 -0.00 -0.00 -0.00 0.00 -0.00 -0.00 -0.01 -7.48 -156.10 -26.13 -2.02 -0.85 -0.01 -0.00 -1.99 -0.50 -10.02 -66.52 -341.53 -108.88 -24.21 -18.93 -1.72 -0.12 -27.53 -13.23 -73.94 -191.40 -550.53 -248.01 -89.73 -84.09 -18.10 -3.62 -100.22 -65.38 -201.56 -363.70
0.00 0.00 0.00 0.00 0.00 0.00 0.00 0.00 0.00 0.00 -28.74 -0.99 -0.00 -0.00 -0.00 0.00 -0.00 -0.00 -0.01 -7.48 -156.10 -26.13 -2.02 -0.85 -0.01 -0.00 -1.99 -0.50 -10.02 -66.52 -341.53 -108.88 -24.21 -18.93 -1.72 -0.12 -27.53 -13.23 -73.94 -191.40 -550.53 -248.01 -89.73 -84.09 -18.10 -3.62 -100.22 -65.38 -201.56 -363.70
0.00 0.00 0.00 0.00 0.00 0.00 0.00 0.00 0.00 0.00 -28.74 -0.99 -0.00 -0.00 -0.00 0.00 -0.00 -0.00 -0.01 -7.48 -156.10 -26.13 -2.02 -0.85 -0.01 -0.00 -1.99 -0.50 -10.02 -66.52 -341.53 -108.88 -24.21 -18.93 -1.72 -0.12 -27.53 -13.23 -73.94 -191.40 -550.53 -248.01 -89.73 -84.09 -18.10 -3.62 -100.22 -65.38 -201.56 -363.70
0.00 0.00 0.00 0.00 0.00 0.00 0.00 0.00 0.00 0.00 -28.74 -0.99 -0.00 -0.00 -0.00 0.00 -0.00 -0.00 -0.01 -7.48 -156.10 -26.13 -2.02 -0.85 -0.01 -0.00 -1.99 -0.50 -10.02 -66.52 -341.53 -108.88 -24.21 -18.93 -1.72 -0.12 -27.53 -13.23 -73.94 -191.40 -550.53 -248.01 -89.73 -84.09 -18.10 -3.62 -100.22 -65.38 -201.56 -363.70
0.00 0.00 0.00 0.00 0.00 0.00 0.00 0.00 0.00 0.00 -28.74 -0.99 -0.00 -0.00 -0.00 0.00 -0.00 -0.00 -0.01 -7.48 -156.10 -26.13 -2.02 -0.85 -0.01 -0.00 -1.99 -0.50 -10.02 -66.52 -341.53 -108.88 -24.21 -18.93 -1.72 -0.12 -27.53 -13.23 -73.94 -191.40 -550.53 -248.01 -89.73 -84.09 -18.10 -3.62 -100.22 -65.38 -201.56 -363.70
0.00 0.00 0.00 0.00 0.00 0.00 0.00 0.00 0.00 0.00 -28.74 -0.99 -0.00 -0.00 -0.00 0.00 -0.00 -0.00 -0.01 -7.48 -156.10 -26.13 -2.02 -0.85 -0.01 -0.00 -1.99 -0.50 -10.02 -66.52 -341.53 -108.88 -24.21 -18.93 -1.72 -0.12 -27.53 -13.23 -73.94 -191.40 -550.53 -248.01 -89.73 -84.09 -18.10 -3.62 -100.22 -65.38 -201.56 -363.70
0.00 0.00 0.00 0.00 0.00 0.00 0.00 0.00 0.00 0.00 -28.74 -0.99 -0.00 -0.00 -0.00 0.00 -0.00 -0.00 -0.01 -7.48 -156.10 -26.13 -2.02 -0.85 -0.01 -0.00 -1.99 -0.50 -10.02 -66.52 -341.53 -108.88 -24.21 -18.93 -1.72 -0.12 -27.53 -13.23 -73.94 -191.40 -550.53 -248.01 -89.73 -84.09 -18.10 -3.62 -100.22 -65.38 -201.56 -363.70
0.00 0.00 0.00 0.00 0.00 0.00 0.00 0.00 0.00 0.00 -28.74 -0.99 -0.00 -0.00 -0.00 0.00 -0.00 -0.00 -0.01 -7.48 -156.10 -26.13 -2.02 -0.85 -0.01 -0.00 -1.99 -0.50 -10.02 -66.52 -341.53 -108.88 -24.21 -18.93 -1.72 -0.12 -27.53 -13.23 -73.94 -191.40 -550.53 -248.01 -89.73 -84.09 -18.10 -3.62 -100.22 -65.38 -201.56 -363.70
0.00 0.00 0.00 0.00 0.00 0.00 0.00 0.00 0.00 0.00 -28.74 -0.99 -0.00 -0.00 -0.00 0.00 -0.00 -0.00 -0.01 -7.48 -156.10 -26.13 -2.02 -0.85 -0.01 -0.00 -1.99 -0.50 -10.02 -66.52 -341.53 -108.88 -24.21 -18.93 -1.72 -0.12 -27.53 -13.23 -73.94 -191.40 -550.53 -248.01 -89.73 -84.09 -18.10 -3.62 -100.22 -65.38 -201.56 -363.70
