0.00 0.00 0.00 0.00 0.00 0.00 0.00 0.00 0.00 0.00 -19.25 -0.12 -0.00 -0.00 0.00 0.00 -0.00 0.00 -0.00 -0.66 -131.07 -5.85 -0.02 -0.00 -0.00 0.00 -0.00 -0.00 -0.01 -10.31 -335.89 -37.09 -0.68 -0.05 -0.00 -0.00 -0.21 -0.09 -0.47 -41.97 -595.55 -112.60 -5.50 -0.85 -0.06 -0.00 -2.63 -1.67 -4.62 -113.53
0.00 0.00 0.00 0.00 0.00 0.00 0.00 0.00 0.00 0.00 -19.25 -0.12 -0.00 -0.00 0.00 0.00 -0.00 0.00 -0.00 -0.66 -131.07 -5.85 -0.02 -0.00 -0.00 0.00 -0.00 -0.00 -0.01 -10.31 -335.89 -37.09 -0.68 -0.05 -0.00 -0.00 -0.21 -0.09 -0.47 -41.97 -595.55 -112.60 -5.50 -0.85 -0.06 -0.00 -2.63 -1.67 -4.62 -113.53
0.00 0.00 0.00 0.00 0.00 0.00 0.00 0.00 0.00 0.00 -13.23 -0.07 -0.00 -0.00 -0.00 0.00 -0.00 -0.00 -0.00 -0.28 -90.66 -3.54 -0.01 -0.00 -0.00 0.00 -0.00 -0.00 -0.00 -8.46 -231.82 -23.24 -0.27 -0.04 -0.00 -0.00 -0.12 -0.02 -0.23 -42.61 -411.94 -71.60 -2.45 -0.63 -0.01 -0.00 -1.50 -0.50 -2.54 -113.61
0.00 0.00 0.00 0.00 0.00 0.00 0.00 0.00 0.00 0.00 -13.23 -0.07 -0.00 -0.00 -0.00 0.00 -0.00 -0.00 -0.00 -0.28 -90.66 -3.54 -0.01 -0.00 -0.00 0.00 -0.00 -0.00 -0.00 -8.46 -231.82 -23.24 -0.27 -0.04 -0.00 -0.00 -0.12 -0.02 -0.23 -42.61 -411.94 -71.60 -2.45 -0.63 -0.01 -0.00 -1.50 -0.50 -2.54 -113.61
0.00 0.00 0.00 0.00 0.00 0.00 0.00 0.00 0.00 0.00 -13.23 -0.07 -0.00 -0.00 -0.00 0.00 -0.00 -0.00 -0.00 -0.28 -90.66 -3.54 -0.01 -0.00 -0.00 0.00 -0.00 -0.00 -0.00 -8.46 -231.82 -23.24 -0.27 -0.04 -0.00 -0.00 -0.12 -0.02 -0.23 -42.61 -411.94 -71.60 -2.45 -0.63 -0.01 -0.00 -1.50 -0.50 -2.54 -113.61
0.00 0.00 0.00 0.00 0.00 0.00 0.00 0.00 0.00 0.00 -14.12 -0.09 -0.00 -0.00 -0.00 0.00 -0.00 -0.00 -0.00 -0.39 -95.38 -4.35 -0.01 -0.00 -0.00 0.00 -0.00 -0.00 -0.00 -10.70 -243.40 -27.61 -0.53 -0.08 -0.00 -0.00 -0.24 -0.04 -0.39 -46.35 -430.96 -83.35 -4.25 -1.25 -0.02 -0.00 -2.69 -0.85 -4.16 -116.85
0.00 0.00 0.00 0.00 0.00 0.00 0.00 0.00 0.00 0.00 -18.32 -0.20 -0.00 -0.00 -0.00 0.00 -0.00 -0.00 -0.00 -0.98 -115.73 -8.14 -0.07 -0.01 -0.00 0.00 -0.03 -0.00 -0.10 -18.51 -279.50 -45.54 -1.99 -0.65 -0.02 -0.00 -1.53 -0.22 -3.50 -73.23 -483.25 -126.78 -12.91 -6.56 -0.54 -0.03 -12.29 -3.06 -22.35 -181.38
0.00 0.00 0.00 0.00 0.00 0.00 0.00 0.00 0.00 0.00 -18.32 -0.20 -0.00 -0.00 -0.00 0.00 -0.00 -0.00 -0.00 -0.98 -115.73 -8.14 -0.07 -0.01 -0.00 0.00 -0.03 -0.00 -0.10 -18.51 -279.50 -45.54 -1.99 -0.65 -0.02 -0.00 -1.53 -0.22 -3.50 -73.23 -483.25 -126.78 -12.91 -6.56 -0.54 -0.03 -12.29 -3.06 -22.35 -181.38
0.00 0.00 0.00 0.00 0.00 0.00 0.00 0.00 0.00 0.00 -13.19 -0.15 -0.00 -0.00 0.00 0.00 -0.00 0.00 -0.00 -0.81 -82.67 -6.10 -0.07 -0.01 -0.00 0.00 -0.03 -0.00 -0.21 -9.50 -198.67 -33.79 -1.90 -1.03 -0.02 -0.00 -1.49 -0.05 -5.57 -38.11 -342.72 -92.97 -11.30 -9.29 -0.57 -0.02 -11.34 -0.85 -28.95 -101.26
0.00 0.00 0.00 0.00 0.00 0.00 0.00 0.00 0.00 0.00 -17.14 -0.28 -0.00 -0.00 0.00 -0.00 -0.00 -0.00 -0.00 -2.73 -104.94 -10.20 -0.18 -0.02 -0.00 -0.00 -0.09 -0.01 -0.20 -30.88 -246.65 -51.57 -3.93 -1.59 -0.09 -0.00 -3.34 -1.20 -5.51 -103.46 -416.90 -132.80 -21.71 -13.02 -2.03 -0.09 -21.79 -11.48 -30.06 -224.20
0.00 0.00 0.00 0.00 0.00 0.00 0.00 0.00 0.00 0.00 -17.14 -0.28 -0.00 -0.00 0.00 -0.00 -0.00 -0.00 -0.00 -2.73 -104.94 -10.20 -0.18 -0.02 -0.00 -0.00 -0.09 -0.01 -0.20 -30.88 -246.65 -51.57 -3.93 -1.59 -0.09 -0.00 -3.34 -1.20 -5.51 -103.46 -416.90 -132.80 -21.71 -13.02 -2.03 -0.09 -21.79 -11.48 -30.06 -224.20
0.00 0.00 0.00 0.00 0.00 0.00 0.00 0.00 0.00 0.00 -17.14 -0.28 -0.00 -0.00 0.00 -0.00 -0.00 -0.00 -0.00 -2.73 -104.94 -10.20 -0.18 -0.02 -0.00 -0.00 -0.09 -0.01 -0.20 -30.88 -246.65 -51.57 -3.93 -1.59 -0.09 -0.00 -3.34 -1.20 -5.51 -103.46 -416.90 -132.80 -21.71 -13.02 -2.03 -0.09 -21.79 -11.48 -30.06 -224.20
0.00 0.00 0.00 0.00 0.00 0.00 0.00 0.00 0.00 0.00 -17.14 -0.28 -0.00 -0.00 0.00 -0.00 -0.00 -0.00 -0.00 -2.73 -104.94 -10.20 -0.18 -0.02 -0.00 -0.00 -0.09 -0.01 -0.20 -30.88 -246.65 -51.57 -3.93 -1.59 -0.09 -0.00 -3.34 -1.20 -5.51 -103.46 -416.90 -132.80 -21.71 -13.02 -2.03 -0.09 -21.79 -11.48 -30.06 -224.20
0.00 0.00 0.00 0.00 0.00 0.00 0.00 0.00 0.00 0.00 -17.14 -0.28 -0.00 -0.00 0.00 -0.00 -0.00 -0.00 -0.00 -2.73 -104.94 -10.20 -0.18 -0.02 -0.00 -0.00 -0.09 -0.01 -0.20 -30.88 -246.65 -51.57 -3.93 -1.59 -0.09 -0.00 -3.34 -1.20 -5.51 -103.46 -416.90 -132.80 -21.71 -13.02 -2.03 -0.09 -21.79 -11.48 -30.06 -224.20
0.00 0.00 0.00 0.00 0.00 0.00 0.00 0.00 0.00 0.00 -17.14 -0.28 -0.00 -0.00 0.00 -0.00 -0.00 -0.00 -0.00 -2.73 -104.94 -10.20 -0.18 -0.02 -0.00 -0.00 -0.09 -0.01 -0.20 -30.88 -246.65 -51.57 -3.93 -1.59 -0.09 -0.00 -3.34 -1.20 -5.51 -103.46 -416.90 -132.80 -21.71 -13.02 -2.03 -0.09 -21.79 -11.48 -30.06 -224.20
0.00 0.00 0.00 0.00 0.00 0.00 0.00 0.00 0.00 0.00 -17.14 -0.28 -0.00 -0.00 0.00 -0.00 -0.00 -0.00 -0.00 -2.73 -104.94 -10.20 -0.18 -0.02 -0.00 -0.00 -0.09 -0.01 -0.20 -30.88 -246.65 -51.57 -3.93 -1.59 -0.09 -0.00 -3.34 -1.20 -5.51 -103.46 -416.90 -132.80 -21.71 -13.02 -2.03 -0.09 -21.79 -11.48 -30.06 -224.20
0.00 0.00 0.00 0.00 0.00 0.00 0.00 0.00 0.00 0.00 -17.14 -0.28 -0.00 -0.00 0.00 -0.00 -0.00 -0.00 -0.00 -2.73 -104.94 -10.20 -0.18 -0.02 -0.00 -0.00 -0.09 -0.01 -0.20 -30.88 -246.65 -51.57 -3.93 -1.59 -0.09 -0.00 -3.34 -1.20 -5.51 -103.46 -416.90 -132.80 -21.71 -13.02 -2.03 -0.09 -21.79 -11.48 -30.06 -224.20
0.00 0.00 0.00 0.00 0.00 0.00 0.00 0.00 0.00 0.00 -17.14 -0.28 -0.00 -0.00 0.00 -0.00 -0.00 -0.00 -0.00 -2.73 -104.94 -10.20 -0.18 -0.02 -0.00 -0.00 -0.09 -0.01 -0.20 -30.88 -246.65 -51.57 -3.93 -1.59 -0.09 -0.00 -3.34 -1.20 -5.51 -103.46 -416.90 -132.80 -21.71 -13.02 -2.03 -0.09 -21.79 -11.48 -30.06 -224.20
0.00 0.00 0.00 0.00 0.00 0.00 0.00 0.00 0.00 0.00 -17.14 -0.28 -0.00 -0.00 0.00 -0.00 -0.00 -0.00 -0.00 -2.73 -104.94 -10.20 -0.18 -0.02 -0.00 -0.00 -0.09 -0.01 -0.20 -30.88 -246.65 -51.57 -3.93 -1.59 -0.09 -0.00 -3.34 -1.20 -5.51 -103.46 -416.90 -132.80 -21.71 -13.02 -2.03 -0.09 -21.79 -11.48 -30.06 -224.20
0.00 0.00 0.00 0.00 0.00 0.00 0.00 0.00 0.00 0.00 -17.14 -0.28 -0.00 -0.00 0.00 -0.00 -0.00 -0.00 -0.00 -2.73 -104.94 -10.20 -0.18 -0.02 -0.00 -0.00 -0.09 -0.01 -0.20 -30.88 -246.65 -51.57 -3.93 -1.59 -0.09 -0.00 -3.34 -1.20 -5.51 -103.46 -416.90 -132.80 -21.71 -13.02 -2.03 -0.09 -21.79 -11.48 -30.06 -224.20
0.00 0.00 0.00 0.00 0.00 0.00 0.00 0.00 0.00 0.00 -17.14 -0.28 -0.00 -0.00 0.00 -0.00 -0.00 -0.00 -0.00 -2.73 -104.94 -10.20 -0.18 -0.02 -0.00 -0.00 -0.09 -0.01 -0.20 -30.88 -246.65 -51.57 -3.93 -1.59 -0.09 -0.00 -3.34 -1.20 -5.51 -103.46 -416.90 -132.80 -21.71 -13.02 -2.03 -0.09 -21.79 -11.48 -30.06 -224.20
0.00 0.00 0.00 0.00 0.00 0.00 0.00 0.00 0.00 0.00 -17.14 -0.28 -0.00 -0.00 0.00 -0.00 -0.00 -0.00 -0.00 -2.73 -104.94 -10.20 -0.18 -0.02 -0.00 -0.00 -0.09 -0.01 -0.20 -30.88 -246.65 -51.57 -3.93 -1.59 -0.09 -0.00 -3.34 -1.20 -5.51 -103.46 -416.90 -132.80 -21.71 -13.02 -2.03 -0.09 -21.79 -11.48 -30.06 -224.20
0.00 0.00 0.00 0.00 0.00 0.00 0.00 0.00 0.00 0.00 -17.14 -0.28 -0.00 -0.00 0.00 -0.00 -0.00 -0.00 -0.00 -2.73 -104.94 -10.20 -0.18 -0.02 -0.00 -0.00 -0.09 -0.01 -0.20 -30.88 -246.65 -51.57 -3.93 -1.59 -0.09 -0.00 -3.34 -1.20 -5.51 -103.46 -416.90 -132.80 -21.71 -13.02 -2.03 -0.09 -21.79 -11.48 -30.06 -224.20
0.00 0.00 0.00 0.00 0.00 0.00 0.00 0.00 0.00 0.00 -17.14 -0.28 -0.00 -0.00 0.00 -0.00 -0.00 -0.00 -0.00 -2.73 -104.94 -10.20 -0.18 -0.02 -0.00 -0.00 -0.09 -0.01 -0.20 -30.88 -246.65 -51.57 -3.93 -1.59 -0.09 -0.00 -3.34 -1.20 -5.51 -103.46 -416.90 -132.80 -21.71 -13.02 -2.03 -0.09 -21.79 -11.48 -30.06 -224.20
0.00 0.00 0.00 0.00 0.00 0.00 0.00 0.00 0.00 0.00 -17.14 -0.28 -0.00 -0.00 0.00 -0.00 -0.00 -0.00 -0.00 -2.73 -104.94 -10.20 -0.18 -0.02 -0.00 -0.00 -0.09 -0.01 -0.20 -30.88 -246.65 -51.57 -3.93 -1.59 -0.09 -0.00 -3.34 -1.20 -5.51 -103.46 -416.90 -132.80 -21.71 -13.02 -2.03 -0.09 -21.79 -11.48 -30.06 -224.20
0.00 0.00 0.00 0.00 0.00 0.00 0.00 0.00 0.00 0.00 -17.14 -0.28 -0.00 -0.00 0.00 -0.00 -0.00 -0.00 -0.00 -2.73 -104.94 -10.20 -0.18 -0.02 -0.00 -0.00 -0.09 -0.01 -0.20 -30.88 -246.65 -51.57 -3.93 -1.59 -0.09 -0.00 -3.34 -1.20 -5.51 -103.46 -416.90 -132.80 -21.71 -13.02 -2.03 -0.09 -21.79 -11.48 -30.06 -224.20
0.00 0.00 0.00 0.00 0.00 0.00 0.00 0.00 0.00 0.00 -17.14 -0.28 -0.00 -0.00 0.00 -0.00 -0.00 -0.00 -0.00 -2.73 -104.94 -10.20 -0.18 -0.02 -0.00 -0.00 -0.09 -0.01 -0.20 -30.88 -246.65 -51.57 -3.93 -1.59 -0.09 -0.00 -3.34 -1.20 -5.51 -103.46 -416.90 -132.80 -21.71 -13.02 -2.03 -0.09 -21.79 -11.48 -30.06 -224.20
0.00 0.00 0.00 0.00 0.00 0.00 0.00 0.00 0.00 0.00 -17.14 -0.28 -0.00 -0.00 0.00 -0.00 -0.00 -0.00 -0.00 -2.73 -104.94 -10.20 -0.18 -0.02 -0.00 -0.00 -0.09 -0.01 -0.20 -30.88 -246.65 -51.57 -3.93 -1.59 -0.09 -0.00 -3.34 -1.20 -5.51 -103.46 -416.90 -132.80 -21.71 -13.02 -2.03 -0.09 -21.79 -11.48 -30.06 -224.20
0.00 0.00 0.00 0.00 0.00 0.00 0.00 0.00 0.00 0.00 -17.14 -0.28 -0.00 -0.00 0.00 -0.00 -0.00 -0.00 -0.00 -2.73 -104.94 -10.20 -0.18 -0.02 -0.00 -0.00 -0.09 -0.01 -0.20 -30.88 -246.65 -51.57 -3.93 -1.59 -0.09 -0.00 -3.34 -1.20 -5.51 -103.46 -416.90 -132.80 -21.71 -13.02 -2.03 -0.09 -21.79 -11.48 -30.06 -224.20
0.00 0.00 0.00 0.00 0.00 0.00 0.00 0.00 0.00 0.00 -17.14 -0.28 -0.00 -0.00 0.00 -0.00 -0.00 -0.00 -0.00 -2.73 -104.94 -10.20 -0.18 -0.02 -0.00 -0.00 -0.09 -0.01 -0.20 -30.88 -246.65 -51.57 -3.93 -1.59 -0.09 -0.00 -3.34 -1.20 -5.51 -103.46 -416.90 -132.80 -21.71 -13.02 -2.03 -0.09 -21.79 -11.48 -30.06 -224.20
0.00 0.00 0.00 0.00 0.00 0.00 0.00 0.00 0.00 0.00 -17.14 -0.28 -0.00 -0.00 0.00 -0.00 -0.00 -0.00 -0.00 -2.73 -104.94 -10.20 -0.18 -0.02 -0.00 -0.00 -0.09 -0.01 -0.20 -30.88 -246.65 -51.57 -3.93 -1.59 -0.09 -0.00 -3.34 -1.20 -5.51 -103.46 -416.90 -132.80 -21.71 -13.02 -2.03 -0.09 -21.79 -11.48 -30.06 -224.20
0.00 0.00 0.00 0.00 0.00 0.00 0.00 0.00 0.00 0.00 -17.14 -0.28 -0.00 -0.00 0.00 -0.00 -0.00 -0.00 -0.00 -2.73 -104.94 -10.20 -0.18 -0.02 -0.00 -0.00 -0.09 -0.01 -0.20 -30.88 -246.65 -51.57 -3.93 -1.59 -0.09 -0.00 -3.34 -1.20 -5.51 -103.46 -416.90 -132.80 -21.71 -13.02 -2.03 -0.09 -21.79 -11.48 -30.06 -224.20
0.00 0.00 0.00 0.00 0.00 0.00 0.00 0.00 0.00 0.00 -17.14 -0.28 -0.00 -0.00 0.00 -0.00 -0.00 -0.00 -0.00 -2.73 -104.94 -10.20 -0.18 -0.02 -0.00 -0.00 -0.09 -0.01 -0.20 -30.88 -246.65 -51.57 -3.93 -1.59 -0.09 -0.00 -3.34 -1.20 -5.51 -103.46 -416.90 -132.80 -21.71 -13.02 -2.03 -0.09 -21.79 -11.48 -30.06 -224.20
0.00 0.00 0.00 0.00 0.00 0.00 0.00 0.00 0.00 0.00 -17.14 -0.28 -0.00 -0.00 0.00 -0.00 -0.00 -0.00 -0.00 -2.73 -104.94 -10.20 -0.18 -0.02 -0.00 -0.00 -0.09 -0.01 -0.20 -30.88 -246.65 -51.57 -3.93 -1.59 -0.09 -0.00 -3.34 -1.20 -5.51 -103.46 -416.90 -132.80 -21.71 -13.02 -2.03 -0.09 -21.79 -11.48 -30.06 -224.20
0.00 0.00 0.00 0.00 0.00 0.00 0.00 0.00 0.00 0.00 -17.14 -0.28 -0.00 -0.00 0.00 -0.00 -0.00 -0.00 -0.00 -2.73 -104.94 -10.20 -0.18 -0.02 -0.00 -0.00 -0.09 -0.01 -0.20 -30.88 -246.65 -51.57 -3.93 -1.59 -0.09 -0.00 -3.34 -1.20 -5.51 -103.46 -416.90 -132.80 -21.71 -13.02 -2.03 -0.09 -21.79 -11.48 -30.06 -224.20
0.00 0.00 0.00 0.00 0.00 0.00 0.00 0.00 0.00 0.00 -17.14 -0.28 -0.00 -0.00 0.00 -0.00 -0.00 -0.00 -0.00 -2.73 -104.94 -10.20 -0.18 -0.02 -0.00 -0.00 -0.09 -0.01 -0.20 -30.88 -246.65 -51.57 -3.93 -1.59 -0.09 -0.00 -3.34 -1.20 -5.51 -103.46 -416.90 -132.80 -21.71 -13.02 -2.03 -0.09 -21.79 -11.48 -30.06 -224.20
0.00 0.00 0.00 0.00 0.00 0.00 0.00 0.00 0.00 0.00 -17.14 -0.28 -0.00 -0.00 0.00 -0.00 -0.00 -0.00 -0.00 -2.73 -104.94 -10.20 -0.18 -0.02 -0.00 -0.00 -0.09 -0.01 -0.20 -30.88 -246.65 -51.57 -3.93 -1.59 -0.09 -0.00 -3.34 -1.20 -5.51 -103.46 -416.90 -132.80 -21.71 -13.02 -2.03 -0.09 -21.79 -11.48 -30.06 -224.20
0.00 0.00 0.00 0.00 0.00 0.00 0.00 0.00 0.00 0.00 -17.14 -0.28 -0.00 -0.00 0.00 -0.00 -0.00 -0.00 -0.00 -2.73 -104.94 -10.20 -0.18 -0.02 -0.00 -0.00 -0.09 -0.01 -0.20 -30.88 -246.65 -51.57 -3.93 -1.59 -0.09 -0.00 -3.34 -1.20 -5.51 -103.46 -416.90 -132.80 -21.71 -13.02 -2.03 -0.09 -21.79 -11.48 -30.06 -224.20
0.00 0.00 0.00 0.00 0.00 0.00 0.00 0.00 0.00 0.00 -17.14 -0.28 -0.00 -0.00 0.00 -0.00 -0.00 -0.00 -0.00 -2.73 -104.94 -10.20 -0.18 -0.02 -0.00 -0.00 -0.09 -0.01 -0.20 -30.88 -246.65 -51.57 -3.93 -1.59 -0.09 -0.00 -3.34 -1.20 -5.51 -103.46 -416.90 -132.80 -21.71 -13.02 -2.03 -0.09 -21.79 -11.48 -30.06 -224.20
0.00 0.00 0.00 0.00 0.00 0.00 0.00 0.00 0.00 0.00 -17.14 -0.28 -0.00 -0.00 0.00 -0.00 -0.00 -0.00 -0.00 -2.73 -104.94 -10.20 -0.18 -0.02 -0.00 -0.00 -0.09 -0.01 -0.20 -30.88 -246.65 -51.57 -3.93 -1.59 -0.09 -0.00 -3.34 -1.20 -5.51 -103.46 -416.90 -132.80 -21.71 -13.02 -2.03 -0.09 -21.79 -11.48 -30.06 -224.20
0.00 0.00 0.00 0.00 0.00 0.00 0.00 0.00 0.00 0.00 -17.14 -0.28 -0.00 -0.00 0.00 -0.00 -0.00 -0.00 -0.00 -2.73 -104.94 -10.20 -0.18 -0.02 -0.00 -0.00 -0.09 -0.01 -0.20 -30.88 -246.65 -51.57 -3.93 -1.59 -0.09 -0.00 -3.34 -1.20 -5.51 -103.46 -416.90 -132.80 -21.71 -13.02 -2.03 -0.09 -21.79 -11.48 -30.06 -224.20
0.00 0.00 0.00 0.00 0.00 0.00 0.00 0.00 0.00 0.00 -17.14 -0.28 -0.00 -0.00 0.00 -0.00 -0.00 -0.00 -0.00 -2.73 -104.94 -10.20 -0.18 -0.02 -0.00 -0.00 -0.09 -0.01 -0.20 -30.88 -246.65 -51.57 -3.93 -1.59 -0.09 -0.00 -3.34 -1.20 -5.51 -103.46 -416.90 -132.80 -21.71 -13.02 -2.03 -0.09 -21.79 -11.48 -30.06 -224.20
0.00 0.00 0.00 0.00 0.00 0.00 0.00 0.00 0.00 0.00 -17.14 -0.28 -0.00 -0.00 0.00 -0.00 -0.00 -0.00 -0.00 -2.73 -104.94 -10.20 -0.18 -0.02 -0.00 -0.00 -0.09 -0.01 -0.20 -30.88 -246.65 -51.57 -3.93 -1.59 -0.09 -0.00 -3.34 -1.20 -5.51 -103.46 -416.90 -132.80 -21.71 -13.02 -2.03 -0.09 -21.79 -11.48 -30.06 -224.20
0.00 0.00 0.00 0.00 0.00 0.00 0.00 0.00 0.00 0.00 -17.14 -0.28 -0.00 -0.00 0.00 -0.00 -0.00 -0.00 -0.00 -2.73 -104.94 -10.20 -0.18 -0.02 -0.00 -0.00 -0.09 -0.01 -0.20 -30.88 -246.65 -51.57 -3.93 -1.59 -0.09 -0.00 -3.34 -1.20 -5.51 -103.46 -416.90 -132.80 -21.71 -13.02 -2.03 -0.09 -21.79 -11.48 -30.06 -224.20
0.00 0.00 0.00 0.00 0.00 0.00 0.00 0.00 0.00 0.00 -17.14 -0.28 -0.00 -0.00 0.00 -0.00 -0.00 -0.00 -0.00 -2.73 -104.94 -10.20 -0.18 -0.02 -0.00 -0.00 -0.09 -0.01 -0.20 -30.88 -246.65 -51.57 -3.93 -1.59 -0.09 -0.00 -3.34 -1.20 -5.51 -103.46 -416.90 -132.80 -21.71 -13.02 -2.03 -0.09 -21.79 -11.48 -30.06 -224.20
0.00 0.00 0.00 0.00 0.00 0.00 0.00 0.00 0.00 0.00 -17.14 -0.28 -0.00 -0.00 0.00 -0.00 -0.00 -0.00 -0.00 -2.73 -104.94 -10.20 -0.18 -0.02 -0.00 -0.00 -0.09 -0.01 -0.20 -30.88 -246.65 -51.57 -3.93 -1.59 -0.09 -0.00 -3.34 -1.20 -5.51 -103.46 -416.90 -132.80 -21.71 -13.02 -2.03 -0.09 -21.79 -11.48 -30.06 -224.20
0.00 0.00 0.00 0.00 0.00 0.00 0.00 0.00 0.00 0.00 -17.14 -0.28 -0.00 -0.00 0.00 -0.00 -0.00 -0.00 -0.00 -2.73 -104.94 -10.20 -0.18 -0.02 -0.00 -0.00 -0.09 -0.01 -0.20 -30.88 -246.65 -51.57 -3.93 -1.59 -0.09 -0.00 -3.34 -1.20 -5.51 -103.46 -416.90 -132.80 -21.71 -13.02 -2.03 -0.09 -21.79 -11.48 -30.06 -224.20
0.00 0.00 0.00 0.00 0.00 0.00 0.00 0.00 0.00 0.00 -17.14 -0.28 -0.00 -0.00 0.00 -0.00 -0.00 -0.00 -0.00 -2.73 -104.94 -10.20 -0.18 -0.02 -0.00 -0.00 -0.09 -0.01 -0.20 -30.88 -246.65 -51.57 -3.93 -1.59 -0.09 -0.00 -3.34 -1.20 -5.51 -103.46 -416.90 -132.80 -21.71 -13.02 -2.03 -0.09 -21.79 -11.48 -30.06 -224.20
0.00 0.00 0.00 0.00 0.00 0.00 0.00 0.00 0.00 0.00 -17.14 -0.28 -0.00 -0.00 0.00 -0.00 -0.00 -0.00 -0.00 -2.73 -104.94 -10.20 -0.18 -0.02 -0.00 -0.00 -0.09 -0.01 -0.20 -30.88 -246.65 -51.57 -3.93 -1.59 -0.09 -0.00 -3.34 -1.20 -5.51 -103.46 -416.90 -132.80 -21.71 -13.02 -2.03 -0.09 -21.79 -11.48 -30.06 -224.20
0.00 0.00 0.00 0.00 0.00 0.00 0.00 0.00 0.00 0.00 -17.14 -0.28 -0.00 -0.00 0.00 -0.00 -0.00 -0.00 -0.00 -2.73 -104.94 -10.20 -0.18 -0.02 -0.00 -0.00 -0.09 -0.01 -0.20 -30.88 -246.65 -51.57 -3.93 -1.59 -0.09 -0.00 -3.34 -1.20 -5.51 -103.46 -416.90 -132.80 -21.71 -13.02 -2.03 -0.09 -21.79 -11.48 -30.06 -224.20
0.00 0.00 0.00 0.00 0.00 0.00 0.00 0.00 0.00 0.00 -17.14 -0.28 -0.00 -0.00 0.00 -0.00 -0.00 -0.00 -0.00 -2.73 -104.94 -10.20 -0.18 -0.02 -0.00 -0.00 -0.09 -0.01 -0.20 -30.88 -246.65 -51.57 -3.93 -1.59 -0.09 -0.00 -3.34 -1.20 -5.51 -103.46 -416.90 -132.80 -21.71 -13.02 -2.03 -0.09 -21.79 -11.48 -30.06 -224.20
0.00 0.00 0.00 0.00 0.00 0.00 0.00 0.00 0.00 0.00 -17.14 -0.28 -0.00 -0.00 0.00 -0.00 -0.00 -0.00 -0.00 -2.73 -104.94 -10.20 -0.18 -0.02 -0.00 -0.00 -0.09 -0.01 -0.20 -30.88 -246.65 -51.57 -3.93 -1.59 -0.09 -0.00 -3.34 -1.20 -5.51 -103.46 -416.90 -132.80 -21.71 -13.02 -2.03 -0.09 -21.79 -11.48 -30.06 -224.20
0.00 0.00 0.00 0.00 0.00 0.00 0.00 0.00 0.00 0.00 -17.14 -0.28 -0.00 -0.00 0.00 -0.00 -0.00 -0.00 -0.00 -2.73 -104.94 -10.20 -0.18 -0.02 -0.00 -0.00 -0.09 -0.01 -0.20 -30.88 -246.65 -51.57 -3.93 -1.59 -0.09 -0.00 -3.34 -1.20 -5.51 -103.46 -416.90 -132.80 -21.71 -13.02 -2.03 -0.09 -21.79 -11.48 -30.06 -224.20
0.00 0.00 0.00 0.00 0.00 0.00 0.00 0.00 0.00 0.00 -17.14 -0.28 -0.00 -0.00 0.00 -0.00 -0.00 -0.00 -0.00 -2.73 -104.94 -10.20 -0.18 -0.02 -0.00 -0.00 -0.09 -0.01 -0.20 -30.88 -246.65 -51.57 -3.93 -1.59 -0.09 -0.00 -3.34 -1.20 -5.51 -103.46 -416.90 -132.80 -21.71 -13.02 -2.03 -0.09 -21.79 -11.48 -30.06 -224.20
0.00 0.00 0.00 0.00 0.00 0.00 0.00 0.00 0.00 0.00 -17.14 -0.28 -0.00 -0.00 0.00 -0.00 -0.00 -0.00 -0.00 -2.73 -104.94 -10.20 -0.18 -0.02 -0.00 -0.00 -0.09 -0.01 -0.20 -30.88 -246.65 -51.57 -3.93 -1.59 -0.09 -0.00 -3.34 -1.20 -5.51 -103.46 -416.90 -132.80 -21.71 -13.02 -2.03 -0.09 -21.79 -11.48 -30.06 -224.20
0.00 0.00 0.00 0.00 0.00 0.00 0.00 0.00 0.00 0.00 -17.14 -0.28 -0.00 -0.00 0.00 -0.00 -0.00 -0.00 -0.00 -2.73 -104.94 -10.20 -0.18 -0.02 -0.00 -0.00 -0.09 -0.01 -0.20 -30.88 -246.65 -51.57 -3.93 -1.59 -0.09 -0.00 -3.34 -1.20 -5.51 -103.46 -416.90 -132.80 -21.71 -13.02 -2.03 -0.09 -21.79 -11.48 -30.06 -224.20
0.00 0.00 0.00 0.00 0.00 0.00 0.00 0.00 0.00 0.00 -17.14 -0.28 -0.00 -0.00 0.00 -0.00 -0.00 -0.00 -0.00 -2.73 -104.94 -10.20 -0.18 -0.02 -0.00 -0.00 -0.09 -0.01 -0.20 -30.88 -246.65 -51.57 -3.93 -1.59 -0.09 -0.00 -3.34 -1.20 -5.51 -103.46 -416.90 -132.80 -21.71 -13.02 -2.03 -0.09 -21.79 -11.48 -30.06 -224.20
0.00 0.00 0.00 0.00 0.00 0.00 0.00 0.00 0.00 0.00 -17.14 -0.28 -0.00 -0.00 0.00 -0.00 -0.00 -0.00 -0.00 -2.73 -104.94 -10.20 -0.18 -0.02 -0.00 -0.00 -0.09 -0.01 -0.20 -30.88 -246.65 -51.57 -3.93 -1.59 -0.09 -0.00 -3.34 -1.20 -5.51 -103.46 -416.90 -132.80 -21.71 -13.02 -2.03 -0.09 -21.79 -11.48 -30.06 -224.20
0.00 0.00 0.00 0.00 0.00 0.00 0.00 0.00 0.00 0.00 -17.14 -0.28 -0.00 -0.00 0.00 -0.00 -0.00 -0.00 -0.00 -2.73 -104.94 -10.20 -0.18 -0.02 -0.00 -0.00 -0.09 -0.01 -0.20 -30.88 -246.65 -51.57 -3.93 -1.59 -0.09 -0.00 -3.34 -1.20 -5.51 -103.46 -416.90 -132.80 -21.71 -13.02 -2.03 -0.09 -21.79 -11.48 -30.06 -224.20
0.00 0.00 0.00 0.00 0.00 0.00 0.00 0.00 0.00 0.00 -17.14 -0.28 -0.00 -0.00 0.00 -0.00 -0.00 -0.00 -0.00 -2.73 -104.94 -10.20 -0.18 -0.02 -0.00 -0.00 -0.09 -0.01 -0.20 -30.88 -246.65 -51.57 -3.93 -1.59 -0.09 -0.00 -3.34 -1.20 -5.51 -103.46 -416.90 -132.80 -21.71 -13.02 -2.03 -0.09 -21.79 -11.48 -30.06 -224.20
0.00 0.00 0.00 0.00 0.00 0.00 0.00 0.00 0.00 0.00 -17.14 -0.28 -0.00 -0.00 0.00 -0.00 -0.00 -0.00 -0.00 -2.73 -104.94 -10.20 -0.18 -0.02 -0.00 -0.00 -0.09 -0.01 -0.20 -30.88 -246.65 -51.57 -3.93 -1.59 -0.09 -0.00 -3.34 -1.20 -5.51 -103.46 -416.90 -132.80 -21.71 -13.02 -2.03 -0.09 -21.79 -11.48 -30.06 -224.20
0.00 0.00 0.00 0.00 0.00 0.00 0.00 0.00 0.00 0.00 -17.14 -0.28 -0.00 -0.00 0.00 -0.00 -0.00 -0.00 -0.00 -2.73 -104.94 -10.20 -0.18 -0.02 -0.00 -0.00 -0.09 -0.01 -0.20 -30.88 -246.65 -51.57 -3.93 -1.59 -0.09 -0.00 -3.34 -1.20 -5.51 -103.46 -416.90 -132.80 -21.71 -13.02 -2.03 -0.09 -21.79 -11.48 -30.06 -224.20
0.00 0.00 0.00 0.00 0.00 0.00 0.00 0.00 0.00 0.00 -17.14 -0.28 -0.00 -0.00 0.00 -0.00 -0.00 -0.00 -0.00 -2.73 -104.94 -10.20 -0.18 -0.02 -0.00 -0.00 -0.09 -0.01 -0.20 -30.88 -246.65 -51.57 -3.93 -1.59 -0.09 -0.00 -3.34 -1.20 -5.51 -103.46 -416.90 -132.80 -21.71 -13.02 -2.03 -0.09 -21.79 -11.48 -30.06 -224.20
0.00 0.00 0.00 0.00 0.00 0.00 0.00 0.00 0.00 0.00 -17.14 -0.28 -0.00 -0.00 0.00 -0.00 -0.00 -0.00 -0.00 -2.73 -104.94 -10.20 -0.18 -0.02 -0.00 -0.00 -0.09 -0.01 -0.20 -30.88 -246.65 -51.57 -3.93 -1.59 -0.09 -0.00 -3.34 -1.20 -5.51 -103.46 -416.90 -132.80 -21.71 -13.02 -2.03 -0.09 -21.79 -11.48 -30.06 -224.20
0.00 0.00 0.00 0.00 0.00 0.00 0.00 0.00 0.00 0.00 -17.14 -0.28 -0.00 -0.00 0.00 -0.00 -0.00 -0.00 -0.00 -2.73 -104.94 -10.20 -0.18 -0.02 -0.00 -0.00 -0.09 -0.01 -0.20 -30.88 -246.65 -51.57 -3.93 -1.59 -0.09 -0.00 -3.34 -1.20 -5.51 -103.46 -416.90 -132.80 -21.71 -13.02 -2.03 -0.09 -21.79 -11.48 -30.06 -224.20
0.00 0.00 0.00 0.00 0.00 0.00 0.00 0.00 0.00 0.00 -17.14 -0.28 -0.00 -0.00 0.00 -0.00 -0.00 -0.00 -0.00 -2.73 -104.94 -10.20 -0.18 -0.02 -0.00 -0.00 -0.09 -0.01 -0.20 -30.88 -246.65 -51.57 -3.93 -1.59 -0.09 -0.00 -3.34 -1.20 -5.51 -103.46 -416.90 -132.80 -21.71 -13.02 -2.03 -0.09 -21.79 -11.48 -30.06 -224.20
0.00 0.00 0.00 0.00 0.00 0.00 0.00 0.00 0.00 0.00 -17.14 -0.28 -0.00 -0.00 0.00 -0.00 -0.00 -0.00 -0.00 -2.73 -104.94 -10.20 -0.18 -0.02 -0.00 -0.00 -0.09 -0.01 -0.20 -30.88 -246.65 -51.57 -3.93 -1.59 -0.09 -0.00 -3.34 -1.20 -5.51 -103.46 -416.90 -132.80 -21.71 -13.02 -2.03 -0.09 -21.79 -11.48 -30.06 -224.20
0.00 0.00 0.00 0.00 0.00 0.00 0.00 0.00 0.00 0.00 -17.14 -0.28 -0.00 -0.00 0.00 -0.00 -0.00 -0.00 -0.00 -2.73 -104.94 -10.20 -0.18 -0.02 -0.00 -0.00 -0.09 -0.01 -0.20 -30.88 -246.65 -51.57 -3.93 -1.59 -0.09 -0.00 -3.34 -1.20 -5.51 -103.46 -416.90 -132.80 -21.71 -13.02 -2.03 -0.09 -21.79 -11.48 -30.06 -224.20
0.00 0.00 0.00 0.00 0.00 0.00 0.00 0.00 0.00 0.00 -17.14 -0.28 -0.00 -0.00 0.00 -0.00 -0.00 -0.00 -0.00 -2.73 -104.94 -10.20 -0.18 -0.02 -0.00 -0.00 -0.09 -0.01 -0.20 -30.88 -246.65 -51.57 -3.93 -1.59 -0.09 -0.00 -3.34 -1.20 -5.51 -103.46 -416.90 -132.80 -21.71 -13.02 -2.03 -0.09 -21.79 -11.48 -30.06 -224.20
0.00 0.00 0.00 0.00 0.00 0.00 0.00 0.00 0.00 0.00 -17.14 -0.28 -0.00 -0.00 0.00 -0.00 -0.00 -0.00 -0.00 -2.73 -104.94 -10.20 -0.18 -0.02 -0.00 -0.00 -0.09 -0.01 -0.20 -30.88 -246.65 -51.57 -3.93 -1.59 -0.09 -0.00 -3.34 -1.20 -5.51 -103.46 -416.90 -132.80 -21.71 -13.02 -2.03 -0.09 -21.79 -11.48 -30.06 -224.20
0.00 0.00 0.00 0.00 0.00 0.00 0.00 0.00 0.00 0.00 -17.14 -0.28 -0.00 -0.00 0.00 -0.00 -0.00 -0.00 -0.00 -2.73 -104.94 -10.20 -0.18 -0.02 -0.00 -0.00 -0.09 -0.01 -0.20 -30.88 -246.65 -51.57 -3.93 -1.59 -0.09 -0.00 -3.34 -1.20 -5.51 -103.46 -416.90 -132.80 -21.71 -13.02 -2.03 -0.09 -21.79 -11.48 -30.06 -224.20
0.00 0.00 0.00 0.00 0.00 0.00 0.00 0.00 0.00 0.00 -17.14 -0.28 -0.00 -0.00 0.00 -0.00 -0.00 -0.00 -0.00 -2.73 -104.94 -10.20 -0.18 -0.02 -0.00 -0.00 -0.09 -0.01 -0.20 -30.88 -246.65 -51.57 -3.93 -1.59 -0.09 -0.00 -3.34 -1.20 -5.51 -103.46 -416.90 -132.80 -21.71 -13.02 -2.03 -0.09 -21.79 -11.48 -30.06 -224.20
0.00 0.00 0.00 0.00 0.00 0.00 0.00 0.00 0.00 0.00 -17.14 -0.28 -0.00 -0.00 0.00 -0.00 -0.00 -0.00 -0.00 -2.73 -104.94 -10.20 -0.18 -0.02 -0.00 -0.00 -0.09 -0.01 -0.20 -30.88 -246.65 -51.57 -3.93 -1.59 -0.09 -0.00 -3.34 -1.20 -5.51 -103.46 -416.90 -132.80 -21.71 -13.02 -2.03 -0.09 -21.79 -11.48 -30.06 -224.20
0.00 0.00 0.00 0.00 0.00 0.00 0.00 0.00 0.00 0.00 -17.14 -0.28 -0.00 -0.00 0.00 -0.00 -0.00 -0.00 -0.00 -2.73 -104.94 -10.20 -0.18 -0.02 -0.00 -0.00 -0.09 -0.01 -0.20 -30.88 -246.65 -51.57 -3.93 -1.59 -0.09 -0.00 -3.34 -1.20 -5.51 -103.46 -416.90 -132.80 -21.71 -13.02 -2.03 -0.09 -21.79 -11.48 -30.06 -224.20
0.00 0.00 0.00 0.00 0.00 0.00 0.00 0.00 0.00 0.00 -17.14 -0.28 -0.00 -0.00 0.00 -0.00 -0.00 -0.00 -0.00 -2.73 -104.94 -10.20 -0.18 -0.02 -0.00 -0.00 -0.09 -0.01 -0.20 -30.88 -246.65 -51.57 -3.93 -1.59 -0.09 -0.00 -3.34 -1.20 -5.51 -103.46 -416.90 -132.80 -21.71 -13.02 -2.03 -0.09 -21.79 -11.48 -30.06 -224.20
0.00 0.00 0.00 0.00 0.00 0.00 0.00 0.00 0.00 0.00 -17.14 -0.28 -0.00 -0.00 0.00 -0.00 -0.00 -0.00 -0.00 -2.73 -104.94 -10.20 -0.18 -0.02 -0.00 -0.00 -0.09 -0.01 -0.20 -30.88 -246.65 -51.57 -3.93 -1.59 -0.09 -0.00 -3.34 -1.20 -5.51 -103.46 -416.90 -132.80 -21.71 -13.02 -2.03 -0.09 -21.79 -11.48 -30.06 -224.20
0.00 0.00 0.00 0.00 0.00 0.00 0.00 0.00 0.00 0.00 -17.14 -0.28 -0.00 -0.00 0.00 -0.00 -0.00 -0.00 -0.00 -2.73 -104.94 -10.20 -0.18 -0.02 -0.00 -0.00 -0.09 -0.01 -0.20 -30.88 -246.65 -51.57 -3.93 -1.59 -0.09 -0.00 -3.34 -1.20 -5.51 -103.46 -416.90 -132.80 -21.71 -13.02 -2.03 -0.09 -21.79 -11.48 -30.06 -224.20
0.00 0.00 0.00 0.00 0.00 0.00 0.00 0.00 0.00 0.00 -17.14 -0.28 -0.00 -0.00 0.00 -0.00 -0.00 -0.00 -0.00 -2.73 -104.94 -10.20 -0.18 -0.02 -0.00 -0.00 -0.09 -0.01 -0.20 -30.88 -246.65 -51.57 -3.93 -1.59 -0.09 -0.00 -3.34 -1.20 -5.51 -103.46 -416.90 -132.80 -21.71 -13.02 -2.03 -0.09 -21.79 -11.48 -30.06 -224.20
0.00 0.00 0.00 0.00 0.00 0.00 0.00 0.00 0.00 0.00 -17.14 -0.28 -0.00 -0.00 0.00 -0.00 -0.00 -0.00 -0.00 -2.73 -104.94 -10.20 -0.18 -0.02 -0.00 -0.00 -0.09 -0.01 -0.20 -30.88 -246.65 -51.57 -3.93 -1.59 -0.09 -0.00 -3.34 -1.20 -5.51 -103.46 -416.90 -132.80 -21.71 -13.02 -2.03 -0.09 -21.79 -11.48 -30.06 -224.20
0.00 0.00 0.00 0.00 0.00 0.00 0.00 0.00 0.00 0.00 -17.14 -0.28 -0.00 -0.00 0.00 -0.00 -0.00 -0.00 -0.00 -2.73 -104.94 -10.20 -0.18 -0.02 -0.00 -0.00 -0.09 -0.01 -0.20 -30.88 -246.65 -51.57 -3.93 -1.59 -0.09 -0.00 -3.34 -1.20 -5.51 -103.46 -416.90 -132.80 -21.71 -13.02 -2.03 -0.09 -21.79 -11.48 -30.06 -224.20
0.00 0.00 0.00 0.00 0.00 0.00 0.00 0.00 0.00 0.00 -25.35 -0.70 -0.00 -0.00 -0.00 0.00 -0.00 -0.00 -0.00 -7.14 -143.40 -20.46 -1.10 -0.33 -0.00 -0.00 -0.75 -0.14 -1.60 -63.41 -321.16 -90.28 -15.76 -10.45 -0.89 -0.04 -14.75 -6.03 -21.83 -181.29 -525.37 -212.09 -64.75 -55.69 -11.73 -1.87 -68.61 -37.00 -83.72 -339.83
0.00 0.00 0.00 0.00 0.00 0.00 0.00 0.00 0.00 0.00 -25.35 -0.70 -0.00 -0.00 -0.00 0.00 -0.00 -0.00 -0.00 -7.14 -143.40 -20.46 -1.10 -0.33 -0.00 -0.00 -0.75 -0.14 -1.60 -63.41 -321.16 -90.28 -15.76 -10.45 -0.89 -0.04 -14.75 -6.03 -21.83 -181.29 -525.37 -212.09 -64.75 -55.69 -11.73 -1.87 -68.61 -37.00 -83.72 -339.83
0.00 0.00 0.00 0.00 0.00 0.00 0.00 0.00 0.00 0.00 -25.35 -0.70 -0.00 -0.00 -0.00 0.00 -0.00 -0.00 -0.00 -7.14 -143.40 -20.46 -1.10 -0.33 -0.00 -0.00 -0.75 -0.14 -1.60 -63.41 -321.16 -90.28 -15.76 -10.45 -0.89 -0.04 -14.75 -6.03 -21.83 -181.29 -525.37 -212.09 -64.75 -55.69 -11.73 -1.87 -68.61 -37.00 -83.72 -339.83
0.00 0.00 0.00 0.00 0.00 0.00 0.00 0.00 0.00 0.00 -25.35 -0.70 -0.00 -0.00 -0.00 0.00 -0.00 -0.00 -0.00 -7.14 -143.40 -20.46 -1.10 -0.33 -0.00 -0.00 -0.75 -0.14 -1.60 -63.41 -321.16 -90.28 -15.76 -10.45 -0.89 -0.04 -14.75 -6.03 -21.83 -181.29 -525.37 -212.09 -64.75 -55.69 -11.73 -1.87 -68.61 -37.00 -83.72 -339.83
0.00 0.00 0.00 0.00 0.00 0.00 0.00 0.00 0.00 0.00 -25.35 -0.70 -0.00 -0.00 -0.00 0.00 -0.00 -0.00 -0.00 -7.14 -143.40 -20.46 -1.10 -0.33 -0.00 -0.00 -0.75 -0.14 -1.60 -63.41 -321.16 -90.28 -15.76 -10.45 -0.89 -0.04 -14.75 -6.03 -21.83 -181.29 -525.37 -212.09 -64.75 -55.69 -11.73 -1.87 -68.61 -37.00 -83.72 -339.83
0.00 0.00 0.00 0.00 0.00 0.00 0.00 0.00 0.00 0.00 -25.35 -0.70 -0.00 -0.00 -0.00 0.00 -0.00 -0.00 -0.00 -7.14 -143.40 -20.46 -1.10 -0.33 -0.00 -0.00 -0.75 -0.14 -1.60 -63.41 -321.16 -90.28 -15.76 -10.45 -0.89 -0.04 -14.75 -6.03 -21.83 -181.29 -525.37 -212.09 -64.75 -55.69 -11.73 -1.87 -68.61 -37.00 -83.72 -339.83
0.00 0.00 0.00 0.00 0.00 0.00 0.00 0.00 0.00 0.00 -25.35 -0.70 -0.00 -0.00 -0.00 0.00 -0.00 -0.00 -0.00 -7.14 -143.40 -20.46 -1.10 -0.33 -0.00 -0.00 -0.75 -0.14 -1.60 -63.41 -321.16 -90.28 -15.76 -10.45 -0.89 -0.04 -14.75 -6.03 -21.83 -181.29 -525.37 -212.09 -64.75 -55.69 -11.73 -1.87 -68.61 -37.00 -83.72 -339.83
0.00 0.00 0.00 0.00 0.00 0.00 0.00 0.00 0.00 0.00 -25.35 -0.70 -0.00 -0.00 -0.00 0.00 -0.00 -0.00 -0.00 -7.14 -143.40 -20.46 -1.10 -0.33 -0.00 -0.00 -0.75 -0.14 -1.60 -63.41 -321.16 -90.28 -15.76 -10.45 -0.89 -0.04 -14.75 -6.03 -21.83 -181.29 -525.37 -212.09 -64.75 -55.69 -11.73 -1.87 -68.61 -37.00 -83.72 -339.83
0.00 0.00 0.00 0.00 0.00 0.00 0.00 0.00 0.00 0.00 -25.35 -0.70 -0.00 -0.00 -0.00 0.00 -0.00 -0.00 -0.00 -7.14 -143.40 -20.46 -1.10 -0.33 -0.00 -0.00 -0.75 -0.14 -1.60 -63.41 -321.16 -90.28 -15.76 -10.45 -0.89 -0.04 -14.75 -6.03 -21.83 -181.29 -525.37 -212.09 -64.75 -55.69 -11.73 -1.87 -68.61 -37.00 -83.72 -339.83
0.00 0.00 0.00 0.00 0.00 0.00 0.00 0.00 0.00 0.00 -25.35 -0.70 -0.00 -0.00 -0.00 0.00 -0.00 -0.00 -0.00 -7.14 -143.40 -20.46 -1.10 -0.33 -0.00 -0.00 -0.75 -0.14 -1.60 -63.41 -321.16 -90.28 -15.76 -10.45 -0.89 -0.04 -14.75 -6.03 -21.83 -181.29 -525.37 -212.09 -64.75 -55.69 -11.73 -1.87 -68.61 -37.00 -83.72 -339.83
0.00 0.00 0.00 0.00 0.00 0.00 0.00 0.00 0.00 0.00 -25.35 -0.70 -0.00 -0.00 -0.00 0.00 -0.00 -0.00 -0.00 -7.14 -143.40 -20.46 -1.10 -0.33 -0.00 -0.00 -0.75 -0.14 -1.60 -63.41 -321.16 -90.28 -15.76 -10.45 -0.89 -0.04 -14.75 -6.03 -21.83 -181.29 -525.37 -212.09 -64.75 -55.69 -11.73 -1.87 -68.61 -37.00 -83.72 -339.83
0.00 0.00 0.00 0.00 0.00 0.00 0.00 0.00 0.00 0.00 -25.35 -0.70 -0.00 -0.00 -0.00 0.00 -0.00 -0.00 -0.00 -7.14 -143.40 -20.46 -1.10 -0.33 -0.00 -0.00 -0.75 -0.14 -1.60 -63.41 -321.16 -90.28 -15.76 -10.45 -0.89 -0.04 -14.75 -6.03 -21.83 -181.29 -525.37 -212.09 -64.75 -55.69 -11.73 -1.87 -68.61 -37.00 -83.72 -339.83
0.00 0.00 0.00 0.00 0.00 0.00 0.00 0.00 0.00 0.00 -25.35 -0.70 -0.00 -0.00 -0.00 0.00 -0.00 -0.00 -0.00 -7.14 -143.40 -20.46 -1.10 -0.33 -0.00 -0.00 -0.75 -0.14 -1.60 -63.41 -321.16 -90.28 -15.76 -10.45 -0.89 -0.04 -14.75 -6.03 -21.83 -181.29 -525.37 -212.09 -64.75 -55.69 -11.73 -1.87 -68.61 -37.00 -83.72 -339.83
0.00 0.00 0.00 0.00 0.00 0.00 0.00 0.00 0.00 0.00 -25.35 -0.70 -0.00 -0.00 -0.00 0.00 -0.00 -0.00 -0.00 -7.14 -143.40 -20.46 -1.10 -0.33 -0.00 -0.00 -0.75 -0.14 -1.60 -63.41 -321.16 -90.28 -15.76 -10.45 -0.89 -0.04 -14.75 -6.03 -21.83 -181.29 -525.37 -212.09 -64.75 -55.69 -11.73 -1.87 -68.61 -37.00 -83.72 -339.83
0.00 0.00 0.00 0.00 0.00 0.00 0.00 0.00 0.00 0.00 -25.35 -0.70 -0.00 -0.00 -0.00 0.00 -0.00 -0.00 -0.00 -7.14 -143.40 -20.46 -1.10 -0.33 -0.00 -0.00 -0.75 -0.14 -1.60 -63.41 -321.16 -90.28 -15.76 -10.45 -0.89 -0.04 -14.75 -6.03 -21.83 -181.29 -525.37 -212.09 -64.75 -55.69 -11.73 -1.87 -68.61 -37.00 -83.72 -339.83
0.00 0.00 0.00 0.00 0.00 0.00 0.00 0.00 0.00 0.00 -25.35 -0.70 -0.00 -0.00 -0.00 0.00 -0.00 -0.00 -0.00 -7.14 -143.40 -20.46 -1.10 -0.33 -0.00 -0.00 -0.75 -0.14 -1.60 -63.41 -321.16 -90.28 -15.76 -10.45 -0.89 -0.04 -14.75 -6.03 -21.83 -181.29 -525.37 -212.09 -64.75 -55.69 -11.73 -1.87 -68.61 -37.00 -83.72 -339.83
0.00 0.00 0.00 0.00 0.00 0.00 0.00 0.00 0.00 0.00 -25.35 -0.70 -0.00 -0.00 -0.00 0.00 -0.00 -0.00 -0.00 -7.14 -143.40 -20.46 -1.10 -0.33 -0.00 -0.00 -0.75 -0.14 -1.60 -63.41 -321.16 -90.28 -15.76 -10.45 -0.89 -0.04 -14.75 -6.03 -21.83 -181.29 -525.37 -212.09 -64.75 -55.69 -11.73 -1.87 -68.61 -37.00 -83.72 -339.83
0.00 0.00 0.00 0.00 0.00 0.00 0.00 0.00 0.00 0.00 -25.35 -0.70 -0.00 -0.00 -0.00 0.00 -0.00 -0.00 -0.00 -7.14 -143.40 -20.46 -1.10 -0.33 -0.00 -0.00 -0.75 -0.14 -1.60 -63.41 -321.16 -90.28 -15.76 -10.45 -0.89 -0.04 -14.75 -6.03 -21.83 -181.29 -525.37 -212.09 -64.75 -55.69 -11.73 -1.87 -68.61 -37.00 -83.72 -339.83
0.00 0.00 0.00 0.00 0.00 0.00 0.00 0.00 0.00 0.00 -25.35 -0.70 -0.00 -0.00 -0.00 0.00 -0.00 -0.00 -0.00 -7.14 -143.40 -20.46 -1.10 -0.33 -0.00 -0.00 -0.75 -0.14 -1.60 -63.41 -321.16 -90.28 -15.76 -10.45 -0.89 -0.04 -14.75 -6.03 -21.83 -181.29 -525.37 -212.09 -64.75 -55.69 -11.73 -1.87 -68.61 -37.00 -83.72 -339.83
0.00 0.00 0.00 0.00 0.00 0.00 0.00 0.00 0.00 0.00 -25.35 -0.70 -0.00 -0.00 -0.00 0.00 -0.00 -0.00 -0.00 -7.14 -143.40 -20.46 -1.10 -0.33 -0.00 -0.00 -0.75 -0.14 -1.60 -63.41 -321.16 -90.28 -15.76 -10.45 -0.89 -0.04 -14.75 -6.03 -21.83 -181.29 -525.37 -212.09 -64.75 -55.69 -11.73 -1.87 -68.61 -37.00 -83.72 -339.83
0.00 0.00 0.00 0.00 0.00 0.00 0.00 0.00 0.00 0.00 -25.35 -0.70 -0.00 -0.00 -0.00 0.00 -0.00 -0.00 -0.00 -7.14 -143.40 -20.46 -1.10 -0.33 -0.00 -0.00 -0.75 -0.14 -1.60 -63.41 -321.16 -90.28 -15.76 -10.45 -0.89 -0.04 -14.75 -6.03 -21.83 -181.29 -525.37 -212.09 -64.75 -55.69 -11.73 -1.87 -68.61 -37.00 -83.72 -339.83
0.00 0.00 0.00 0.00 0.00 0.00 0.00 0.00 0.00 0.00 -25.35 -0.70 -0.00 -0.00 -0.00 0.00 -0.00 -0.00 -0.00 -7.14 -143.40 -20.46 -1.10 -0.33 -0.00 -0.00 -0.75 -0.14 -1.60 -63.41 -321.16 -90.28 -15.76 -10.45 -0.89 -0.04 -14.75 -6.03 -21.83 -181.29 -525.37 -212.09 -64.75 -55.69 -11.73 -1.87 -68.61 -37.00 -83.72 -339.83
0.00 0.00 0.00 0.00 0.00 0.00 0.00 0.00 0.00 0.00 -25.35 -0.70 -0.00 -0.00 -0.00 0.00 -0.00 -0.00 -0.00 -7.14 -143.40 -20.46 -1.10 -0.33 -0.00 -0.00 -0.75 -0.14 -1.60 -63.41 -321.16 -90.28 -15.76 -10.45 -0.89 -0.04 -14.75 -6.03 -21.83 -181.29 -525.37 -212.09 -64.75 -55.69 -11.73 -1.87 -68.61 -37.00 -83.72 -339.83
0.00 0.00 0.00 0.00 0.00 0.00 0.00 0.00 0.00 0.00 -27.15 -0.85 -0.00 -0.00 -0.00 0.00 -0.00 -0.00 -0.00 -8.53 -150.29 -23.36 -1.56 -0.60 -0.01 -0.00 -1.40 -0.23 -1.79 -71.07 -332.35 -100.17 -19.76 -15.28 -1.28 -0.10 -22.64 -8.60 -24.43 -196.61 -539.29 -230.87 -77.10 -73.16 -14.44 -3.33 -87.62 -48.32 -95.94 -362.17
0.00 0.00 0.00 0.00 0.00 0.00 0.00 0.00 0.00 0.00 -27.15 -0.85 -0.00 -0.00 -0.00 0.00 -0.00 -0.00 -0.00 -8.53 -150.29 -23.36 -1.56 -0.60 -0.01 -0.00 -1.40 -0.23 -1.79 -71.07 -332.35 -100.17 -19.76 -15.28 -1.28 -0.10 -22.64 -8.60 -24.43 -196.61 -539.29 -230.87 -77.10 -73.16 -14.44 -3.33 -87.62 -48.32 -95.94 -362.17
0.00 0.00 0.00 0.00 0.00 0.00 0.00 0.00 0.00 0.00 -27.15 -0.85 -0.00 -0.00 -0.00 0.00 -0.00 -0.00 -0.00 -8.53 -150.29 -23.36 -1.56 -0.60 -0.01 -0.00 -1.40 -0.23 -1.79 -71.07 -332.35 -100.17 -19.76 -15.28 -1.28 -0.10 -22.64 -8.60 -24.43 -196.61 -539.29 -230.87 -77.10 -73.16 -14.44 -3.33 -87.62 -48.32 -95.94 -362.17
0.00 0.00 0.00 0.00 0.00 0.00 0.00 0.00 0.00 0.00 -27.15 -0.85 -0.00 -0.00 -0.00 0.00 -0.00 -0.00 -0.00 -8.53 -150.29 -23.36 -1.56 -0.60 -0.01 -0.00 -1.40 -0.23 -1.79 -71.07 -332.35 -100.17 -19.76 -15.28 -1.28 -0.10 -22.64 -8.60 -24.43 -196.61 -539.29 -230.87 -77.10 -73.16 -14.44 -3.33 -87.62 -48.32 -95.94 -362.17
0.00 0.00 0.00 0.00 0.00 0.00 0.00 0.00 0.00 0.00 -27.15 -0.85 -0.00 -0.00 -0.00 0.00 -0.00 -0.00 -0.00 -8.53 -150.29 -23.36 -1.56 -0.60 -0.01 -0.00 -1.40 -0.23 -1.79 -71.07 -332.35 -100.17 -19.76 -15.28 -1.28 -0.10 -22.64 -8.60 -24.43 -196.61 -539.29 -230.87 -77.10 -73.16 -14.44 -3.33 -87.62 -48.32 -95.94 -362.17
0.00 0.00 0.00 0.00 0.00 0.00 0.00 0.00 0.00 0.00 -27.15 -0.85 -0.00 -0.00 -0.00 0.00 -0.00 -0.00 -0.00 -8.53 -150.29 -23.36 -1.56 -0.60 -0.01 -0.00 -1.40 -0.23 -1.79 -71.07 -332.35 -100.17 -19.76 -15.28 -1.28 -0.10 -22.64 -8.60 -24.43 -196.61 -539.29 -230.87 -77.10 -73.16 -14.44 -3.33 -87.62 -48.32 -95.94 -362.17
0.00 0.00 0.00 0.00 0.00 0.00 0.00 0.00 0.00 0.00 -27.15 -0.85 -0.00 -0.00 -0.00 0.00 -0.00 -0.00 -0.00 -8.53 -150.29 -23.36 -1.56 -0.60 -0.01 -0.00 -1.40 -0.23 -1.79 -71.07 -332.35 -100.17 -19.76 -15.28 -1.28 -0.10 -22.64 -8.60 -24.43 -196.61 -539.29 -230.87 -77.10 -73.16 -14.44 -3.33 -87.62 -48.32 -95.94 -362.17
0.00 0.00 0.00 0.00 0.00 0.00 0.00 0.00 0.00 0.00 -27.15 -0.85 -0.00 -0.00 -0.00 0.00 -0.00 -0.00 -0.00 -8.53 -150.29 -23.36 -1.56 -0.60 -0.01 -0.00 -1.40 -0.23 -1.79 -71.07 -332.35 -100.17 -19.76 -15.28 -1.28 -0.10 -22.64 -8.60 -24.43 -196.61 -539.29 -230.87 -77.10 -73.16 -14.44 -3.33 -87.62 -48.32 -95.94 -362.17
0.00 0.00 0.00 0.00 0.00 0.00 0.00 0.00 0.00 0.00 -27.15 -0.85 -0.00 -0.00 -0.00 0.00 -0.00 -0.00 -0.00 -8.53 -150.29 -23.36 -1.56 -0.60 -0.01 -0.00 -1.40 -0.23 -1.79 -71.07 -332.35 -100.17 -19.76 -15.28 -1.28 -0.10 -22.64 -8.60 -24.43 -196.61 -539.29 -230.87 -77.10 -73.16 -14.44 -3.33 -87.62 -48.32 -95.94 -362.17
0.00 0.00 0.00 0.00 0.00 0.00 0.00 0.00 0.00 0.00 -27.15 -0.85 -0.00 -0.00 -0.00 0.00 -0.00 -0.00 -0.00 -8.53 -150.29 -23.36 -1.56 -0.60 -0.01 -0.00 -1.40 -0.23 -1.79 -71.07 -332.35 -100.17 -19.76 -15.28 -1.28 -0.10 -22.64 -8.60 -24.43 -196.61 -539.29 -230.87 -77.10 -73.16 -14.44 -3.33 -87.62 -48.32 -95.94 -362.17
0.00 0.00 0.00 0.00 0.00 0.00 0.00 0.00 0.00 0.00 -27.15 -0.85 -0.00 -0.00 -0.00 0.00 -0.00 -0.00 -0.00 -8.53 -150.29 -23.36 -1.56 -0.60 -0.01 -0.00 -1.40 -0.23 -1.79 -71.07 -332.35 -100.17 -19.76 -15.28 -1.28 -0.10 -22.64 -8.60 -24.43 -196.61 -539.29 -230.87 -77.10 -73.16 -14.44 -3.33 -87.62 -48.32 -95.94 -362.17
0.00 0.00 0.00 0.00 0.00 0.00 0.00 0.00 0.00 0.00 -27.15 -0.85 -0.00 -0.00 -0.00 0.00 -0.00 -0.00 -0.00 -8.53 -150.29 -23.36 -1.56 -0.60 -0.01 -0.00 -1.40 -0.23 -1.79 -71.07 -332.35 -100.17 -19.76 -15.28 -1.28 -0.10 -22.64 -8.60 -24.43 -196.61 -539.29 -230.87 -77.10 -73.16 -14.44 -3.33 -87.62 -48.32 -95.94 -362.17
0.00 0.00 0.00 0.00 0.00 0.00 0.00 0.00 0.00 0.00 -27.15 -0.85 -0.00 -0.00 -0.00 0.00 -0.00 -0.00 -0.00 -8.53 -150.29 -23.36 -1.56 -0.60 -0.01 -0.00 -1.40 -0.23 -1.79 -71.07 -332.35 -100.17 -19.76 -15.28 -1.28 -0.10 -22.64 -8.60 -24.43 -196.61 -539.29 -230.87 -77.10 -73.16 -14.44 -3.33 -87.62 -48.32 -95.94 -362.17
0.00 0.00 0.00 0.00 0.00 0.00 0.00 0.00 0.00 0.00 -27.15 -0.85 -0.00 -0.00 -0.00 0.00 -0.00 -0.00 -0.00 -8.53 -150.29 -23.36 -1.56 -0.60 -0.01 -0.00 -1.40 -0.23 -1.79 -71.07 -332.35 -100.17 -19.76 -15.28 -1.28 -0.10 -22.64 -8.60 -24.43 -196.61 -539.29 -230.87 -77.10 -73.16 -14.44 -3.33 -87.62 -48.32 -95.94 -362.17
0.00 0.00 0.00 0.00 0.00 0.00 0.00 0.00 0.00 0.00 -27.15 -0.85 -0.00 -0.00 -0.00 0.00 -0.00 -0.00 -0.00 -8.53 -150.29 -23.36 -1.56 -0.60 -0.01 -0.00 -1.40 -0.23 -1.79 -71.07 -332.35 -100.17 -19.76 -15.28 -1.28 -0.10 -22.64 -8.60 -24.43 -196.61 -539.29 -230.87 -77.10 -73.16 -14.44 -3.33 -87.62 -48.32 -95.94 -362.17
0.00 0.00 0.00 0.00 0.00 0.00 0.00 0.00 0.00 0.00 -27.15 -0.85 -0.00 -0.00 -0.00 0.00 -0.00 -0.00 -0.00 -8.53 -150.29 -23.36 -1.56 -0.60 -0.01 -0.00 -1.40 -0.23 -1.79 -71.07 -332.35 -100.17 -19.76 -15.28 -1.28 -0.10 -22.64 -8.60 -24.43 -196.61 -539.29 -230.87 -77.10 -73.16 -14.44 -3.33 -87.62 -48.32 -95.94 -362.17
0.00 0.00 0.00 0.00 0.00 0.00 0.00 0.00 0.00 0.00 -27.15 -0.85 -0.00 -0.00 -0.00 0.00 -0.00 -0.00 -0.00 -8.53 -150.29 -23.36 -1.56 -0.60 -0.01 -0.00 -1.40 -0.23 -1.79 -71.07 -332.35 -100.17 -19.76 -15.28 -1.28 -0.10 -22.64 -8.60 -24.43 -196.61 -539.29 -230.87 -77.10 -73.16 -14.44 -3.33 -87.62 -48.32 -95.94 -362.17
0.00 0.00 0.00 0.00 0.00 0.00 0.00 0.00 0.00 0.00 -27.15 -0.85 -0.00 -0.00 -0.00 0.00 -0.00 -0.00 -0.00 -8.53 -150.29 -23.36 -1.56 -0.60 -0.01 -0.00 -1.40 -0.23 -1.79 -71.07 -332.35 -100.17 -19.76 -15.28 -1.28 -0.10 -22.64 -8.60 -24.43 -196.61 -539.29 -230.87 -77.10 -73.16 -14.44 -3.33 -87.62 -48.32 -95.94 -362.17
0.00 0.00 0.00 0.00 0.00 0.00 0.00 0.00 0.00 0.00 -27.15 -0.85 -0.00 -0.00 -0.00 0.00 -0.00 -0.00 -0.00 -8.53 -150.29 -23.36 -1.56 -0.60 -0.01 -0.00 -1.40 -0.23 -1.79 -71.07 -332.35 -100.17 -19.76 -15.28 -1.28 -0.10 -22.64 -8.60 -24.43 -196.61 -539.29 -230.87 -77.10 -73.16 -14.44 -3.33 -87.62 -48.32 -95.94 -362.17
0.00 0.00 0.00 0.00 0.00 0.00 0.00 0.00 0.00 0.00 -27.15 -0.85 -0.00 -0.00 -0.00 0.00 -0.00 -0.00 -0.00 -8.53 -150.29 -23.36 -1.56 -0.60 -0.01 -0.00 -1.40 -0.23 -1.79 -71.07 -332.35 -100.17 -19.76 -15.28 -1.28 -0.10 -22.64 -8.60 -24.43 -196.61 -539.29 -230.87 -77.10 -73.16 -14.44 -3.33 -87.62 -48.32 -95.94 -362.17
0.00 0.00 0.00 0.00 0.00 0.00 0.00 0.00 0.00 0.00 -27.15 -0.85 -0.00 -0.00 -0.00 0.00 -0.00 -0.00 -0.00 -8.53 -150.29 -23.36 -1.56 -0.60 -0.01 -0.00 -1.40 -0.23 -1.79 -71.07 -332.35 -100.17 -19.76 -15.28 -1.28 -0.10 -22.64 -8.60 -24.43 -196.61 -539.29 -230.87 -77.10 -73.16 -14.44 -3.33 -87.62 -48.32 -95.94 -362.17
