0.00 0.00 0.00 0.00 0.00 0.00 0.00 0.00 0.00 0.00 0.00 0.00 0.00 0.00 0.00 0.00 0.00 0.00 0.00 0.00 0.00 0.00 0.00 0.00 0.00 0.00 0.00 0.00 0.00 0.00 0.00 0.00 0.00 0.00 0.00 0.00 0.00 0.00 0.00 0.00 0.00 0.00 0.00 0.00 0.00 0.00 0.00 0.00 0.00 0.00
0.00 0.00 0.00 0.00 0.00 0.00 0.00 0.00 0.00 0.00 -6.57 -0.00 -0.00 -0.00 0.00 -0.00 -0.00 0.00 -0.00 -0.01 -53.43 -0.45 -0.00 -0.00 0.00 -0.00 -0.00 0.00 -0.00 -0.67 -149.41 -4.15 -0.00 -0.00 0.00 -0.00 -0.00 -0.00 -0.00 -5.31 -283.93 -16.18 -0.01 -0.00 0.00 -0.00 -0.00 -0.00 -0.00 -19.63
0.00 0.00 0.00 0.00 0.00 0.00 0.00 0.00 0.00 0.00 -6.57 -0.00 -0.00 -0.00 0.00 -0.00 -0.00 0.00 -0.00 -0.01 -53.43 -0.45 -0.00 -0.00 0.00 -0.00 -0.00 0.00 -0.00 -0.67 -149.41 -4.15 -0.00 -0.00 0.00 -0.00 -0.00 -0.00 -0.00 -5.31 -283.93 -16.18 -0.01 -0.00 0.00 -0.00 -0.00 -0.00 -0.00 -19.63
0.00 0.00 0.00 0.00 0.00 0.00 0.00 0.00 0.00 0.00 -6.57 -0.00 -0.00 -0.00 0.00 -0.00 -0.00 0.00 -0.00 -0.01 -53.43 -0.45 -0.00 -0.00 0.00 -0.00 -0.00 0.00 -0.00 -0.67 -149.41 -4.15 -0.00 -0.00 0.00 -0.00 -0.00 -0.00 -0.00 -5.31 -283.93 -16.18 -0.01 -0.00 0.00 -0.00 -0.00 -0.00 -0.00 -19.63
0.00 0.00 0.00 0.00 0.00 0.00 0.00 0.00 0.00 0.00 -5.80 -0.00 -0.00 -0.00 -0.00 0.00 -0.00 -0.00 0.00 -0.01 -47.77 -0.38 -0.00 -0.00 -0.00 0.00 -0.00 -0.00 -0.00 -0.68 -134.77 -3.52 -0.00 -0.00 -0.00 0.00 -0.00 -0.00 -0.00 -5.52 -257.70 -13.82 -0.01 -0.00 -0.00 0.00 -0.00 -0.00 -0.00 -20.17
0.00 0.00 0.00 0.00 0.00 0.00 0.00 0.00 0.00 0.00 -5.80 -0.00 -0.00 -0.00 -0.00 0.00 -0.00 -0.00 0.00 -0.01 -47.77 -0.38 -0.00 -0.00 -0.00 0.00 -0.00 -0.00 -0.00 -0.68 -134.77 -3.52 -0.00 -0.00 -0.00 0.00 -0.00 -0.00 -0.00 -5.52 -257.70 -13.82 -0.01 -0.00 -0.00 0.00 -0.00 -0.00 -0.00 -20.17
0.00 0.00 0.00 0.00 0.00 0.00 0.00 0.00 0.00 0.00 -4.29 -0.00 -0.00 -0.00 0.00 -0.00 0.00 0.00 0.00 -0.00 -35.95 -0.24 -0.00 -0.00 0.00 -0.00 -0.00 0.00 -0.00 -0.24 -102.00 -2.32 -0.00 -0.00 0.00 -0.00 -0.00 -0.00 -0.00 -2.49 -196.33 -9.26 -0.00 -0.00 0.00 -0.00 -0.00 -0.00 -0.00 -10.15
0.00 0.00 0.00 0.00 0.00 0.00 0.00 0.00 0.00 0.00 -4.29 -0.00 -0.00 -0.00 0.00 -0.00 0.00 0.00 0.00 -0.00 -35.95 -0.24 -0.00 -0.00 0.00 -0.00 -0.00 0.00 -0.00 -0.24 -102.00 -2.32 -0.00 -0.00 0.00 -0.00 -0.00 -0.00 -0.00 -2.49 -196.33 -9.26 -0.00 -0.00 0.00 -0.00 -0.00 -0.00 -0.00 -10.15
0.00 0.00 0.00 0.00 0.00 0.00 0.00 0.00 0.00 0.00 -3.23 -0.00 -0.00 -0.00 0.00 0.00 -0.00 -0.00 0.00 -0.00 -27.04 -0.18 -0.00 -0.00 0.00 0.00 -0.00 -0.00 -0.00 -0.19 -76.72 -1.75 -0.00 -0.00 0.00 0.00 -0.00 -0.00 -0.00 -1.91 -147.62 -7.06 -0.00 -0.00 0.00 0.00 -0.00 -0.00 -0.00 -7.74
0.00 0.00 0.00 0.00 0.00 0.00 0.00 0.00 0.00 0.00 -3.23 -0.00 -0.00 -0.00 0.00 0.00 -0.00 -0.00 0.00 -0.00 -27.04 -0.18 -0.00 -0.00 0.00 0.00 -0.00 -0.00 -0.00 -0.19 -76.72 -1.75 -0.00 -0.00 0.00 0.00 -0.00 -0.00 -0.00 -1.91 -147.62 -7.06 -0.00 -0.00 0.00 0.00 -0.00 -0.00 -0.00 -7.74
0.00 0.00 0.00 0.00 0.00 0.00 0.00 0.00 0.00 0.00 -5.80 -0.01 -0.00 0.00 0.00 0.00 -0.00 0.00 0.00 -0.01 -43.83 -0.70 -0.00 -0.00 0.00 0.00 -0.00 -0.00 -0.00 -1.21 -117.61 -5.56 -0.01 -0.00 -0.00 0.00 -0.00 -0.00 -0.00 -9.08 -217.56 -19.84 -0.10 -0.00 -0.00 -0.00 -0.01 -0.00 -0.02 -29.54
0.00 0.00 0.00 0.00 0.00 0.00 0.00 0.00 0.00 0.00 -5.80 -0.01 -0.00 0.00 0.00 0.00 -0.00 0.00 0.00 -0.01 -43.83 -0.70 -0.00 -0.00 0.00 0.00 -0.00 -0.00 -0.00 -1.21 -117.61 -5.56 -0.01 -0.00 -0.00 0.00 -0.00 -0.00 -0.00 -9.08 -217.56 -19.84 -0.10 -0.00 -0.00 -0.00 -0.01 -0.00 -0.02 -29.54
0.00 0.00 0.00 0.00 0.00 0.00 0.00 0.00 0.00 0.00 -5.80 -0.01 -0.00 0.00 0.00 0.00 -0.00 0.00 0.00 -0.01 -43.83 -0.70 -0.00 -0.00 0.00 0.00 -0.00 -0.00 -0.00 -1.21 -117.61 -5.56 -0.01 -0.00 -0.00 0.00 -0.00 -0.00 -0.00 -9.08 -217.56 -19.84 -0.10 -0.00 -0.00 -0.00 -0.01 -0.00 -0.02 -29.54
0.00 0.00 0.00 0.00 0.00 0.00 0.00 0.00 0.00 0.00 -5.80 -0.01 -0.00 0.00 0.00 0.00 -0.00 0.00 0.00 -0.01 -43.83 -0.70 -0.00 -0.00 0.00 0.00 -0.00 -0.00 -0.00 -1.21 -117.61 -5.56 -0.01 -0.00 -0.00 0.00 -0.00 -0.00 -0.00 -9.08 -217.56 -19.84 -0.10 -0.00 -0.00 -0.00 -0.01 -0.00 -0.02 -29.54
0.00 0.00 0.00 0.00 0.00 0.00 0.00 0.00 0.00 0.00 -5.80 -0.01 -0.00 0.00 0.00 0.00 -0.00 0.00 0.00 -0.01 -43.83 -0.70 -0.00 -0.00 0.00 0.00 -0.00 -0.00 -0.00 -1.21 -117.61 -5.56 -0.01 -0.00 -0.00 0.00 -0.00 -0.00 -0.00 -9.08 -217.56 -19.84 -0.10 -0.00 -0.00 -0.00 -0.01 -0.00 -0.02 -29.54
0.00 0.00 0.00 0.00 0.00 0.00 0.00 0.00 0.00 0.00 -5.80 -0.01 -0.00 0.00 0.00 0.00 -0.00 0.00 0.00 -0.01 -43.83 -0.70 -0.00 -0.00 0.00 0.00 -0.00 -0.00 -0.00 -1.21 -117.61 -5.56 -0.01 -0.00 -0.00 0.00 -0.00 -0.00 -0.00 -9.08 -217.56 -19.84 -0.10 -0.00 -0.00 -0.00 -0.01 -0.00 -0.02 -29.54
0.00 0.00 0.00 0.00 0.00 0.00 0.00 0.00 0.00 0.00 -5.80 -0.01 -0.00 0.00 0.00 0.00 -0.00 0.00 0.00 -0.01 -43.83 -0.70 -0.00 -0.00 0.00 0.00 -0.00 -0.00 -0.00 -1.21 -117.61 -5.56 -0.01 -0.00 -0.00 0.00 -0.00 -0.00 -0.00 -9.08 -217.56 -19.84 -0.10 -0.00 -0.00 -0.00 -0.01 -0.00 -0.02 -29.54
0.00 0.00 0.00 0.00 0.00 0.00 0.00 0.00 0.00 0.00 -5.80 -0.01 -0.00 0.00 0.00 0.00 -0.00 0.00 0.00 -0.01 -43.83 -0.70 -0.00 -0.00 0.00 0.00 -0.00 -0.00 -0.00 -1.21 -117.61 -5.56 -0.01 -0.00 -0.00 0.00 -0.00 -0.00 -0.00 -9.08 -217.56 -19.84 -0.10 -0.00 -0.00 -0.00 -0.01 -0.00 -0.02 -29.54
0.00 0.00 0.00 0.00 0.00 0.00 0.00 0.00 0.00 0.00 -5.80 -0.01 -0.00 0.00 0.00 0.00 -0.00 0.00 0.00 -0.01 -43.83 -0.70 -0.00 -0.00 0.00 0.00 -0.00 -0.00 -0.00 -1.21 -117.61 -5.56 -0.01 -0.00 -0.00 0.00 -0.00 -0.00 -0.00 -9.08 -217.56 -19.84 -0.10 -0.00 -0.00 -0.00 -0.01 -0.00 -0.02 -29.54
0.00 0.00 0.00 0.00 0.00 0.00 0.00 0.00 0.00 0.00 -5.80 -0.01 -0.00 0.00 0.00 0.00 -0.00 0.00 0.00 -0.01 -43.83 -0.70 -0.00 -0.00 0.00 0.00 -0.00 -0.00 -0.00 -1.21 -117.61 -5.56 -0.01 -0.00 -0.00 0.00 -0.00 -0.00 -0.00 -9.08 -217.56 -19.84 -0.10 -0.00 -0.00 -0.00 -0.01 -0.00 -0.02 -29.54
0.00 0.00 0.00 0.00 0.00 0.00 0.00 0.00 0.00 0.00 -5.80 -0.01 -0.00 0.00 0.00 0.00 -0.00 0.00 0.00 -0.01 -43.83 -0.70 -0.00 -0.00 0.00 0.00 -0.00 -0.00 -0.00 -1.21 -117.61 -5.56 -0.01 -0.00 -0.00 0.00 -0.00 -0.00 -0.00 -9.08 -217.56 -19.84 -0.10 -0.00 -0.00 -0.00 -0.01 -0.00 -0.02 -29.54
0.00 0.00 0.00 0.00 0.00 0.00 0.00 0.00 0.00 0.00 -5.80 -0.01 -0.00 0.00 0.00 0.00 -0.00 0.00 0.00 -0.01 -43.83 -0.70 -0.00 -0.00 0.00 0.00 -0.00 -0.00 -0.00 -1.21 -117.61 -5.56 -0.01 -0.00 -0.00 0.00 -0.00 -0.00 -0.00 -9.08 -217.56 -19.84 -0.10 -0.00 -0.00 -0.00 -0.01 -0.00 -0.02 -29.54
0.00 0.00 0.00 0.00 0.00 0.00 0.00 0.00 0.00 0.00 -5.80 -0.01 -0.00 0.00 0.00 0.00 -0.00 0.00 0.00 -0.01 -43.83 -0.70 -0.00 -0.00 0.00 0.00 -0.00 -0.00 -0.00 -1.21 -117.61 -5.56 -0.01 -0.00 -0.00 0.00 -0.00 -0.00 -0.00 -9.08 -217.56 -19.84 -0.10 -0.00 -0.00 -0.00 -0.01 -0.00 -0.02 -29.54
0.00 0.00 0.00 0.00 0.00 0.00 0.00 0.00 0.00 0.00 -5.80 -0.01 -0.00 0.00 0.00 0.00 -0.00 0.00 0.00 -0.01 -43.83 -0.70 -0.00 -0.00 0.00 0.00 -0.00 -0.00 -0.00 -1.21 -117.61 -5.56 -0.01 -0.00 -0.00 0.00 -0.00 -0.00 -0.00 -9.08 -217.56 -19.84 -0.10 -0.00 -0.00 -0.00 -0.01 -0.00 -0.02 -29.54
0.00 0.00 0.00 0.00 0.00 0.00 0.00 0.00 0.00 0.00 -5.80 -0.01 -0.00 0.00 0.00 0.00 -0.00 0.00 0.00 -0.01 -43.83 -0.70 -0.00 -0.00 0.00 0.00 -0.00 -0.00 -0.00 -1.21 -117.61 -5.56 -0.01 -0.00 -0.00 0.00 -0.00 -0.00 -0.00 -9.08 -217.56 -19.84 -0.10 -0.00 -0.00 -0.00 -0.01 -0.00 -0.02 -29.54
0.00 0.00 0.00 0.00 0.00 0.00 0.00 0.00 0.00 0.00 -5.80 -0.01 -0.00 0.00 0.00 0.00 -0.00 0.00 0.00 -0.01 -43.83 -0.70 -0.00 -0.00 0.00 0.00 -0.00 -0.00 -0.00 -1.21 -117.61 -5.56 -0.01 -0.00 -0.00 0.00 -0.00 -0.00 -0.00 -9.08 -217.56 -19.84 -0.10 -0.00 -0.00 -0.00 -0.01 -0.00 -0.02 -29.54
0.00 0.00 0.00 0.00 0.00 0.00 0.00 0.00 0.00 0.00 -5.80 -0.01 -0.00 0.00 0.00 0.00 -0.00 0.00 0.00 -0.01 -43.83 -0.70 -0.00 -0.00 0.00 0.00 -0.00 -0.00 -0.00 -1.21 -117.61 -5.56 -0.01 -0.00 -0.00 0.00 -0.00 -0.00 -0.00 -9.08 -217.56 -19.84 -0.10 -0.00 -0.00 -0.00 -0.01 -0.00 -0.02 -29.54
0.00 0.00 0.00 0.00 0.00 0.00 0.00 0.00 0.00 0.00 -10.98 -0.06 -0.00 -0.00 0.00 -0.00 -0.00 0.00 -0.00 -0.66 -74.67 -3.14 -0.01 -0.00 -0.00 -0.00 -0.00 -0.00 -0.00 -10.87 -189.91 -20.35 -0.31 -0.04 -0.00 -0.00 -0.12 -0.02 -0.22 -44.29 -336.22 -62.07 -2.63 -0.67 -0.02 -0.00 -1.48 -0.39 -2.35 -109.31
0.00 0.00 0.00 0.00 0.00 0.00 0.00 0.00 0.00 0.00 -10.98 -0.06 -0.00 -0.00 0.00 -0.00 -0.00 0.00 -0.00 -0.66 -74.67 -3.14 -0.01 -0.00 -0.00 -0.00 -0.00 -0.00 -0.00 -10.87 -189.91 -20.35 -0.31 -0.04 -0.00 -0.00 -0.12 -0.02 -0.22 -44.29 -336.22 -62.07 -2.63 -0.67 -0.02 -0.00 -1.48 -0.39 -2.35 -109.31
0.00 0.00 0.00 0.00 0.00 0.00 0.00 0.00 0.00 0.00 -10.98 -0.06 -0.00 -0.00 0.00 -0.00 -0.00 0.00 -0.00 -0.66 -74.67 -3.14 -0.01 -0.00 -0.00 -0.00 -0.00 -0.00 -0.00 -10.87 -189.91 -20.35 -0.31 -0.04 -0.00 -0.00 -0.12 -0.02 -0.22 -44.29 -336.22 -62.07 -2.63 -0.67 -0.02 -0.00 -1.48 -0.39 -2.35 -109.31
0.00 0.00 0.00 0.00 0.00 0.00 0.00 0.00 0.00 0.00 -10.98 -0.06 -0.00 -0.00 0.00 -0.00 -0.00 0.00 -0.00 -0.66 -74.67 -3.14 -0.01 -0.00 -0.00 -0.00 -0.00 -0.00 -0.00 -10.87 -189.91 -20.35 -0.31 -0.04 -0.00 -0.00 -0.12 -0.02 -0.22 -44.29 -336.22 -62.07 -2.63 -0.67 -0.02 -0.00 -1.48 -0.39 -2.35 -109.31
0.00 0.00 0.00 0.00 0.00 0.00 0.00 0.00 0.00 0.00 -10.98 -0.06 -0.00 -0.00 0.00 -0.00 -0.00 0.00 -0.00 -0.66 -74.67 -3.14 -0.01 -0.00 -0.00 -0.00 -0.00 -0.00 -0.00 -10.87 -189.91 -20.35 -0.31 -0.04 -0.00 -0.00 -0.12 -0.02 -0.22 -44.29 -336.22 -62.07 -2.63 -0.67 -0.02 -0.00 -1.48 -0.39 -2.35 -109.31
0.00 0.00 0.00 0.00 0.00 0.00 0.00 0.00 0.00 0.00 -10.98 -0.06 -0.00 -0.00 0.00 -0.00 -0.00 0.00 -0.00 -0.66 -74.67 -3.14 -0.01 -0.00 -0.00 -0.00 -0.00 -0.00 -0.00 -10.87 -189.91 -20.35 -0.31 -0.04 -0.00 -0.00 -0.12 -0.02 -0.22 -44.29 -336.22 -62.07 -2.63 -0.67 -0.02 -0.00 -1.48 -0.39 -2.35 -109.31
0.00 0.00 0.00 0.00 0.00 0.00 0.00 0.00 0.00 0.00 -10.98 -0.06 -0.00 -0.00 0.00 -0.00 -0.00 0.00 -0.00 -0.66 -74.67 -3.14 -0.01 -0.00 -0.00 -0.00 -0.00 -0.00 -0.00 -10.87 -189.91 -20.35 -0.31 -0.04 -0.00 -0.00 -0.12 -0.02 -0.22 -44.29 -336.22 -62.07 -2.63 -0.67 -0.02 -0.00 -1.48 -0.39 -2.35 -109.31
0.00 0.00 0.00 0.00 0.00 0.00 0.00 0.00 0.00 0.00 -10.98 -0.06 -0.00 -0.00 0.00 -0.00 -0.00 0.00 -0.00 -0.66 -74.67 -3.14 -0.01 -0.00 -0.00 -0.00 -0.00 -0.00 -0.00 -10.87 -189.91 -20.35 -0.31 -0.04 -0.00 -0.00 -0.12 -0.02 -0.22 -44.29 -336.22 -62.07 -2.63 -0.67 -0.02 -0.00 -1.48 -0.39 -2.35 -109.31
0.00 0.00 0.00 0.00 0.00 0.00 0.00 0.00 0.00 0.00 -10.98 -0.06 -0.00 -0.00 0.00 -0.00 -0.00 0.00 -0.00 -0.66 -74.67 -3.14 -0.01 -0.00 -0.00 -0.00 -0.00 -0.00 -0.00 -10.87 -189.91 -20.35 -0.31 -0.04 -0.00 -0.00 -0.12 -0.02 -0.22 -44.29 -336.22 -62.07 -2.63 -0.67 -0.02 -0.00 -1.48 -0.39 -2.35 -109.31
0.00 0.00 0.00 0.00 0.00 0.00 0.00 0.00 0.00 0.00 -10.98 -0.06 -0.00 -0.00 0.00 -0.00 -0.00 0.00 -0.00 -0.66 -74.67 -3.14 -0.01 -0.00 -0.00 -0.00 -0.00 -0.00 -0.00 -10.87 -189.91 -20.35 -0.31 -0.04 -0.00 -0.00 -0.12 -0.02 -0.22 -44.29 -336.22 -62.07 -2.63 -0.67 -0.02 -0.00 -1.48 -0.39 -2.35 -109.31
0.00 0.00 0.00 0.00 0.00 0.00 0.00 0.00 0.00 0.00 -10.98 -0.06 -0.00 -0.00 0.00 -0.00 -0.00 0.00 -0.00 -0.66 -74.67 -3.14 -0.01 -0.00 -0.00 -0.00 -0.00 -0.00 -0.00 -10.87 -189.91 -20.35 -0.31 -0.04 -0.00 -0.00 -0.12 -0.02 -0.22 -44.29 -336.22 -62.07 -2.63 -0.67 -0.02 -0.00 -1.48 -0.39 -2.35 -109.31
0.00 0.00 0.00 0.00 0.00 0.00 0.00 0.00 0.00 0.00 -10.98 -0.06 -0.00 -0.00 0.00 -0.00 -0.00 0.00 -0.00 -0.66 -74.67 -3.14 -0.01 -0.00 -0.00 -0.00 -0.00 -0.00 -0.00 -10.87 -189.91 -20.35 -0.31 -0.04 -0.00 -0.00 -0.12 -0.02 -0.22 -44.29 -336.22 -62.07 -2.63 -0.67 -0.02 -0.00 -1.48 -0.39 -2.35 -109.31
0.00 0.00 0.00 0.00 0.00 0.00 0.00 0.00 0.00 0.00 -10.98 -0.06 -0.00 -0.00 0.00 -0.00 -0.00 0.00 -0.00 -0.66 -74.67 -3.14 -0.01 -0.00 -0.00 -0.00 -0.00 -0.00 -0.00 -10.87 -189.91 -20.35 -0.31 -0.04 -0.00 -0.00 -0.12 -0.02 -0.22 -44.29 -336.22 -62.07 -2.63 -0.67 -0.02 -0.00 -1.48 -0.39 -2.35 -109.31
0.00 0.00 0.00 0.00 0.00 0.00 0.00 0.00 0.00 0.00 -12.20 -0.09 -0.00 -0.00 0.00 -0.00 -0.00 0.00 -0.00 -0.66 -80.80 -4.27 -0.02 -0.00 -0.00 -0.00 -0.00 -0.00 -0.00 -10.41 -202.12 -26.24 -0.62 -0.17 -0.00 -0.00 -0.32 -0.04 -0.20 -40.25 -357.55 -77.13 -4.65 -2.27 -0.09 -0.00 -3.26 -0.79 -2.56 -100.01
0.00 0.00 0.00 0.00 0.00 0.00 0.00 0.00 0.00 0.00 -12.20 -0.09 -0.00 -0.00 0.00 -0.00 -0.00 0.00 -0.00 -0.66 -80.80 -4.27 -0.02 -0.00 -0.00 -0.00 -0.00 -0.00 -0.00 -10.41 -202.12 -26.24 -0.62 -0.17 -0.00 -0.00 -0.32 -0.04 -0.20 -40.25 -357.55 -77.13 -4.65 -2.27 -0.09 -0.00 -3.26 -0.79 -2.56 -100.01
0.00 0.00 0.00 0.00 0.00 0.00 0.00 0.00 0.00 0.00 -12.20 -0.09 -0.00 -0.00 0.00 -0.00 -0.00 0.00 -0.00 -0.66 -80.80 -4.27 -0.02 -0.00 -0.00 -0.00 -0.00 -0.00 -0.00 -10.41 -202.12 -26.24 -0.62 -0.17 -0.00 -0.00 -0.32 -0.04 -0.20 -40.25 -357.55 -77.13 -4.65 -2.27 -0.09 -0.00 -3.26 -0.79 -2.56 -100.01
0.00 0.00 0.00 0.00 0.00 0.00 0.00 0.00 0.00 0.00 -10.67 -0.08 -0.00 -0.00 0.00 0.00 -0.00 0.00 -0.00 -0.34 -70.68 -3.76 -0.02 -0.00 -0.00 0.00 -0.00 -0.00 -0.01 -4.62 -176.87 -22.63 -0.64 -0.12 -0.00 -0.00 -0.28 -0.04 -0.53 -21.92 -312.40 -66.26 -4.70 -1.58 -0.07 -0.00 -2.79 -0.81 -4.99 -65.81
0.00 0.00 0.00 0.00 0.00 0.00 0.00 0.00 0.00 0.00 -10.67 -0.08 -0.00 -0.00 0.00 0.00 -0.00 0.00 -0.00 -0.34 -70.68 -3.76 -0.02 -0.00 -0.00 0.00 -0.00 -0.00 -0.01 -4.62 -176.87 -22.63 -0.64 -0.12 -0.00 -0.00 -0.28 -0.04 -0.53 -21.92 -312.40 -66.26 -4.70 -1.58 -0.07 -0.00 -2.79 -0.81 -4.99 -65.81
0.00 0.00 0.00 0.00 0.00 0.00 0.00 0.00 0.00 0.00 -10.67 -0.08 -0.00 -0.00 0.00 0.00 -0.00 0.00 -0.00 -0.34 -70.68 -3.76 -0.02 -0.00 -0.00 0.00 -0.00 -0.00 -0.01 -4.62 -176.87 -22.63 -0.64 -0.12 -0.00 -0.00 -0.28 -0.04 -0.53 -21.92 -312.40 -66.26 -4.70 -1.58 -0.07 -0.00 -2.79 -0.81 -4.99 -65.81
0.00 0.00 0.00 0.00 0.00 0.00 0.00 0.00 0.00 0.00 -10.67 -0.08 -0.00 -0.00 0.00 0.00 -0.00 0.00 -0.00 -0.34 -70.68 -3.76 -0.02 -0.00 -0.00 0.00 -0.00 -0.00 -0.01 -4.62 -176.87 -22.63 -0.64 -0.12 -0.00 -0.00 -0.28 -0.04 -0.53 -21.92 -312.40 -66.26 -4.70 -1.58 -0.07 -0.00 -2.79 -0.81 -4.99 -65.81
0.00 0.00 0.00 0.00 0.00 0.00 0.00 0.00 0.00 0.00 -10.67 -0.08 -0.00 -0.00 0.00 0.00 -0.00 0.00 -0.00 -0.34 -70.68 -3.76 -0.02 -0.00 -0.00 0.00 -0.00 -0.00 -0.01 -4.62 -176.87 -22.63 -0.64 -0.12 -0.00 -0.00 -0.28 -0.04 -0.53 -21.92 -312.40 -66.26 -4.70 -1.58 -0.07 -0.00 -2.79 -0.81 -4.99 -65.81
0.00 0.00 0.00 0.00 0.00 0.00 0.00 0.00 0.00 0.00 -14.45 -0.20 -0.00 -0.00 0.00 0.00 -0.00 0.00 -0.00 -2.17 -88.32 -7.44 -0.12 -0.01 -0.00 -0.00 -0.06 -0.01 -0.13 -21.16 -209.01 -39.65 -2.91 -1.01 -0.04 -0.00 -2.26 -0.80 -3.62 -61.46 -355.30 -106.04 -16.55 -8.92 -1.20 -0.08 -14.98 -8.33 -20.39 -129.13
0.00 0.00 0.00 0.00 0.00 0.00 0.00 0.00 0.00 0.00 -14.45 -0.20 -0.00 -0.00 0.00 0.00 -0.00 0.00 -0.00 -2.17 -88.32 -7.44 -0.12 -0.01 -0.00 -0.00 -0.06 -0.01 -0.13 -21.16 -209.01 -39.65 -2.91 -1.01 -0.04 -0.00 -2.26 -0.80 -3.62 -61.46 -355.30 -106.04 -16.55 -8.92 -1.20 -0.08 -14.98 -8.33 -20.39 -129.13
0.00 0.00 0.00 0.00 0.00 0.00 0.00 0.00 0.00 0.00 -14.45 -0.20 -0.00 -0.00 0.00 0.00 -0.00 0.00 -0.00 -2.17 -88.32 -7.44 -0.12 -0.01 -0.00 -0.00 -0.06 -0.01 -0.13 -21.16 -209.01 -39.65 -2.91 -1.01 -0.04 -0.00 -2.26 -0.80 -3.62 -61.46 -355.30 -106.04 -16.55 -8.92 -1.20 -0.08 -14.98 -8.33 -20.39 -129.13
0.00 0.00 0.00 0.00 0.00 0.00 0.00 0.00 0.00 0.00 -14.45 -0.20 -0.00 -0.00 0.00 0.00 -0.00 0.00 -0.00 -2.17 -88.32 -7.44 -0.12 -0.01 -0.00 -0.00 -0.06 -0.01 -0.13 -21.16 -209.01 -39.65 -2.91 -1.01 -0.04 -0.00 -2.26 -0.80 -3.62 -61.46 -355.30 -106.04 -16.55 -8.92 -1.20 -0.08 -14.98 -8.33 -20.39 -129.13
0.00 0.00 0.00 0.00 0.00 0.00 0.00 0.00 0.00 0.00 -14.45 -0.20 -0.00 -0.00 0.00 0.00 -0.00 0.00 -0.00 -2.17 -88.32 -7.44 -0.12 -0.01 -0.00 -0.00 -0.06 -0.01 -0.13 -21.16 -209.01 -39.65 -2.91 -1.01 -0.04 -0.00 -2.26 -0.80 -3.62 -61.46 -355.30 -106.04 -16.55 -8.92 -1.20 -0.08 -14.98 -8.33 -20.39 -129.13
0.00 0.00 0.00 0.00 0.00 0.00 0.00 0.00 0.00 0.00 -14.45 -0.20 -0.00 -0.00 0.00 0.00 -0.00 0.00 -0.00 -2.17 -88.32 -7.44 -0.12 -0.01 -0.00 -0.00 -0.06 -0.01 -0.13 -21.16 -209.01 -39.65 -2.91 -1.01 -0.04 -0.00 -2.26 -0.80 -3.62 -61.46 -355.30 -106.04 -16.55 -8.92 -1.20 -0.08 -14.98 -8.33 -20.39 -129.13
0.00 0.00 0.00 0.00 0.00 0.00 0.00 0.00 0.00 0.00 -14.45 -0.20 -0.00 -0.00 0.00 0.00 -0.00 0.00 -0.00 -2.17 -88.32 -7.44 -0.12 -0.01 -0.00 -0.00 -0.06 -0.01 -0.13 -21.16 -209.01 -39.65 -2.91 -1.01 -0.04 -0.00 -2.26 -0.80 -3.62 -61.46 -355.30 -106.04 -16.55 -8.92 -1.20 -0.08 -14.98 -8.33 -20.39 -129.13
0.00 0.00 0.00 0.00 0.00 0.00 0.00 0.00 0.00 0.00 -14.45 -0.20 -0.00 -0.00 0.00 0.00 -0.00 0.00 -0.00 -2.17 -88.32 -7.44 -0.12 -0.01 -0.00 -0.00 -0.06 -0.01 -0.13 -21.16 -209.01 -39.65 -2.91 -1.01 -0.04 -0.00 -2.26 -0.80 -3.62 -61.46 -355.30 -106.04 -16.55 -8.92 -1.20 -0.08 -14.98 -8.33 -20.39 -129.13
0.00 0.00 0.00 0.00 0.00 0.00 0.00 0.00 0.00 0.00 -14.45 -0.20 -0.00 -0.00 0.00 0.00 -0.00 0.00 -0.00 -2.17 -88.32 -7.44 -0.12 -0.01 -0.00 -0.00 -0.06 -0.01 -0.13 -21.16 -209.01 -39.65 -2.91 -1.01 -0.04 -0.00 -2.26 -0.80 -3.62 -61.46 -355.30 -106.04 -16.55 -8.92 -1.20 -0.08 -14.98 -8.33 -20.39 -129.13
0.00 0.00 0.00 0.00 0.00 0.00 0.00 0.00 0.00 0.00 -14.45 -0.20 -0.00 -0.00 0.00 0.00 -0.00 0.00 -0.00 -2.17 -88.32 -7.44 -0.12 -0.01 -0.00 -0.00 -0.06 -0.01 -0.13 -21.16 -209.01 -39.65 -2.91 -1.01 -0.04 -0.00 -2.26 -0.80 -3.62 -61.46 -355.30 -106.04 -16.55 -8.92 -1.20 -0.08 -14.98 -8.33 -20.39 -129.13
0.00 0.00 0.00 0.00 0.00 0.00 0.00 0.00 0.00 0.00 -14.45 -0.20 -0.00 -0.00 0.00 0.00 -0.00 0.00 -0.00 -2.17 -88.32 -7.44 -0.12 -0.01 -0.00 -0.00 -0.06 -0.01 -0.13 -21.16 -209.01 -39.65 -2.91 -1.01 -0.04 -0.00 -2.26 -0.80 -3.62 -61.46 -355.30 -106.04 -16.55 -8.92 -1.20 -0.08 -14.98 -8.33 -20.39 -129.13
0.00 0.00 0.00 0.00 0.00 0.00 0.00 0.00 0.00 0.00 -14.45 -0.20 -0.00 -0.00 0.00 0.00 -0.00 0.00 -0.00 -2.17 -88.32 -7.44 -0.12 -0.01 -0.00 -0.00 -0.06 -0.01 -0.13 -21.16 -209.01 -39.65 -2.91 -1.01 -0.04 -0.00 -2.26 -0.80 -3.62 -61.46 -355.30 -106.04 -16.55 -8.92 -1.20 -0.08 -14.98 -8.33 -20.39 -129.13
0.00 0.00 0.00 0.00 0.00 0.00 0.00 0.00 0.00 0.00 -14.45 -0.20 -0.00 -0.00 0.00 0.00 -0.00 0.00 -0.00 -2.17 -88.32 -7.44 -0.12 -0.01 -0.00 -0.00 -0.06 -0.01 -0.13 -21.16 -209.01 -39.65 -2.91 -1.01 -0.04 -0.00 -2.26 -0.80 -3.62 -61.46 -355.30 -106.04 -16.55 -8.92 -1.20 -0.08 -14.98 -8.33 -20.39 -129.13
0.00 0.00 0.00 0.00 0.00 0.00 0.00 0.00 0.00 0.00 -14.45 -0.20 -0.00 -0.00 0.00 0.00 -0.00 0.00 -0.00 -2.17 -88.32 -7.44 -0.12 -0.01 -0.00 -0.00 -0.06 -0.01 -0.13 -21.16 -209.01 -39.65 -2.91 -1.01 -0.04 -0.00 -2.26 -0.80 -3.62 -61.46 -355.30 -106.04 -16.55 -8.92 -1.20 -0.08 -14.98 -8.33 -20.39 -129.13
0.00 0.00 0.00 0.00 0.00 0.00 0.00 0.00 0.00 0.00 -14.45 -0.20 -0.00 -0.00 0.00 0.00 -0.00 0.00 -0.00 -2.17 -88.32 -7.44 -0.12 -0.01 -0.00 -0.00 -0.06 -0.01 -0.13 -21.16 -209.01 -39.65 -2.91 -1.01 -0.04 -0.00 -2.26 -0.80 -3.62 -61.46 -355.30 -106.04 -16.55 -8.92 -1.20 -0.08 -14.98 -8.33 -20.39 -129.13
0.00 0.00 0.00 0.00 0.00 0.00 0.00 0.00 0.00 0.00 -18.95 -0.29 -0.00 -0.00 -0.00 0.00 -0.00 -0.00 -0.00 -1.47 -116.61 -10.81 -0.22 -0.03 -0.00 0.00 -0.11 -0.01 -0.24 -24.10 -274.89 -54.68 -4.72 -1.78 -0.07 -0.00 -3.62 -1.06 -6.37 -89.16 -466.74 -143.62 -25.49 -14.09 -1.87 -0.10 -22.70 -9.90 -34.05 -207.95
0.00 0.00 0.00 0.00 0.00 0.00 0.00 0.00 0.00 0.00 -18.95 -0.29 -0.00 -0.00 -0.00 0.00 -0.00 -0.00 -0.00 -1.47 -116.61 -10.81 -0.22 -0.03 -0.00 0.00 -0.11 -0.01 -0.24 -24.10 -274.89 -54.68 -4.72 -1.78 -0.07 -0.00 -3.62 -1.06 -6.37 -89.16 -466.74 -143.62 -25.49 -14.09 -1.87 -0.10 -22.70 -9.90 -34.05 -207.95
0.00 0.00 0.00 0.00 0.00 0.00 0.00 0.00 0.00 0.00 -18.95 -0.29 -0.00 -0.00 -0.00 0.00 -0.00 -0.00 -0.00 -1.47 -116.61 -10.81 -0.22 -0.03 -0.00 0.00 -0.11 -0.01 -0.24 -24.10 -274.89 -54.68 -4.72 -1.78 -0.07 -0.00 -3.62 -1.06 -6.37 -89.16 -466.74 -143.62 -25.49 -14.09 -1.87 -0.10 -22.70 -9.90 -34.05 -207.95
0.00 0.00 0.00 0.00 0.00 0.00 0.00 0.00 0.00 0.00 -18.95 -0.29 -0.00 -0.00 -0.00 0.00 -0.00 -0.00 -0.00 -1.47 -116.61 -10.81 -0.22 -0.03 -0.00 0.00 -0.11 -0.01 -0.24 -24.10 -274.89 -54.68 -4.72 -1.78 -0.07 -0.00 -3.62 -1.06 -6.37 -89.16 -466.74 -143.62 -25.49 -14.09 -1.87 -0.10 -22.70 -9.90 -34.05 -207.95
0.00 0.00 0.00 0.00 0.00 0.00 0.00 0.00 0.00 0.00 -18.95 -0.29 -0.00 -0.00 -0.00 0.00 -0.00 -0.00 -0.00 -1.47 -116.61 -10.81 -0.22 -0.03 -0.00 0.00 -0.11 -0.01 -0.24 -24.10 -274.89 -54.68 -4.72 -1.78 -0.07 -0.00 -3.62 -1.06 -6.37 -89.16 -466.74 -143.62 -25.49 -14.09 -1.87 -0.10 -22.70 -9.90 -34.05 -207.95
0.00 0.00 0.00 0.00 0.00 0.00 0.00 0.00 0.00 0.00 -22.65 -0.51 -0.00 -0.00 -0.00 0.00 -0.00 -0.00 -0.00 -2.79 -132.65 -16.19 -0.64 -0.13 -0.00 -0.00 -0.37 -0.05 -0.94 -37.40 -303.16 -74.66 -10.66 -5.29 -0.18 -0.01 -9.02 -3.03 -15.39 -118.02 -502.48 -183.81 -48.33 -34.06 -3.50 -0.44 -46.05 -22.57 -65.88 -258.09
0.00 0.00 0.00 0.00 0.00 0.00 0.00 0.00 0.00 0.00 -22.65 -0.51 -0.00 -0.00 -0.00 0.00 -0.00 -0.00 -0.00 -2.79 -132.65 -16.19 -0.64 -0.13 -0.00 -0.00 -0.37 -0.05 -0.94 -37.40 -303.16 -74.66 -10.66 -5.29 -0.18 -0.01 -9.02 -3.03 -15.39 -118.02 -502.48 -183.81 -48.33 -34.06 -3.50 -0.44 -46.05 -22.57 -65.88 -258.09
0.00 0.00 0.00 0.00 0.00 0.00 0.00 0.00 0.00 0.00 -22.65 -0.51 -0.00 -0.00 -0.00 0.00 -0.00 -0.00 -0.00 -2.79 -132.65 -16.19 -0.64 -0.13 -0.00 -0.00 -0.37 -0.05 -0.94 -37.40 -303.16 -74.66 -10.66 -5.29 -0.18 -0.01 -9.02 -3.03 -15.39 -118.02 -502.48 -183.81 -48.33 -34.06 -3.50 -0.44 -46.05 -22.57 -65.88 -258.09
0.00 0.00 0.00 0.00 0.00 0.00 0.00 0.00 0.00 0.00 -22.65 -0.51 -0.00 -0.00 -0.00 0.00 -0.00 -0.00 -0.00 -2.79 -132.65 -16.19 -0.64 -0.13 -0.00 -0.00 -0.37 -0.05 -0.94 -37.40 -303.16 -74.66 -10.66 -5.29 -0.18 -0.01 -9.02 -3.03 -15.39 -118.02 -502.48 -183.81 -48.33 -34.06 -3.50 -0.44 -46.05 -22.57 -65.88 -258.09
0.00 0.00 0.00 0.00 0.00 0.00 0.00 0.00 0.00 0.00 -22.65 -0.51 -0.00 -0.00 -0.00 0.00 -0.00 -0.00 -0.00 -2.79 -132.65 -16.19 -0.64 -0.13 -0.00 -0.00 -0.37 -0.05 -0.94 -37.40 -303.16 -74.66 -10.66 -5.29 -0.18 -0.01 -9.02 -3.03 -15.39 -118.02 -502.48 -183.81 -48.33 -34.06 -3.50 -0.44 -46.05 -22.57 -65.88 -258.09
0.00 0.00 0.00 0.00 0.00 0.00 0.00 0.00 0.00 0.00 -22.65 -0.51 -0.00 -0.00 -0.00 0.00 -0.00 -0.00 -0.00 -2.79 -132.65 -16.19 -0.64 -0.13 -0.00 -0.00 -0.37 -0.05 -0.94 -37.40 -303.16 -74.66 -10.66 -5.29 -0.18 -0.01 -9.02 -3.03 -15.39 -118.02 -502.48 -183.81 -48.33 -34.06 -3.50 -0.44 -46.05 -22.57 -65.88 -258.09
0.00 0.00 0.00 0.00 0.00 0.00 0.00 0.00 0.00 0.00 -22.65 -0.51 -0.00 -0.00 -0.00 0.00 -0.00 -0.00 -0.00 -2.79 -132.65 -16.19 -0.64 -0.13 -0.00 -0.00 -0.37 -0.05 -0.94 -37.40 -303.16 -74.66 -10.66 -5.29 -0.18 -0.01 -9.02 -3.03 -15.39 -118.02 -502.48 -183.81 -48.33 -34.06 -3.50 -0.44 -46.05 -22.57 -65.88 -258.09
0.00 0.00 0.00 0.00 0.00 0.00 0.00 0.00 0.00 0.00 -22.65 -0.51 -0.00 -0.00 -0.00 0.00 -0.00 -0.00 -0.00 -2.79 -132.65 -16.19 -0.64 -0.13 -0.00 -0.00 -0.37 -0.05 -0.94 -37.40 -303.16 -74.66 -10.66 -5.29 -0.18 -0.01 -9.02 -3.03 -15.39 -118.02 -502.48 -183.81 -48.33 -34.06 -3.50 -0.44 -46.05 -22.57 -65.88 -258.09
0.00 0.00 0.00 0.00 0.00 0.00 0.00 0.00 0.00 0.00 -22.65 -0.51 -0.00 -0.00 -0.00 0.00 -0.00 -0.00 -0.00 -2.79 -132.65 -16.19 -0.64 -0.13 -0.00 -0.00 -0.37 -0.05 -0.94 -37.40 -303.16 -74.66 -10.66 -5.29 -0.18 -0.01 -9.02 -3.03 -15.39 -118.02 -502.48 -183.81 -48.33 -34.06 -3.50 -0.44 -46.05 -22.57 -65.88 -258.09
0.00 0.00 0.00 0.00 0.00 0.00 0.00 0.00 0.00 0.00 -16.48 -0.25 -0.00 -0.00 0.00 -0.00 -0.00 -0.00 -0.00 -0.84 -102.01 -9.21 -0.14 -0.02 -0.00 -0.00 -0.07 -0.01 -0.17 -17.83 -241.40 -47.66 -3.35 -1.44 -0.06 -0.00 -2.57 -1.04 -4.28 -69.90 -411.46 -124.81 -18.87 -12.37 -1.55 -0.07 -17.47 -9.60 -24.93 -166.03
0.00 0.00 0.00 0.00 0.00 0.00 0.00 0.00 0.00 0.00 -16.48 -0.25 -0.00 -0.00 0.00 -0.00 -0.00 -0.00 -0.00 -0.84 -102.01 -9.21 -0.14 -0.02 -0.00 -0.00 -0.07 -0.01 -0.17 -17.83 -241.40 -47.66 -3.35 -1.44 -0.06 -0.00 -2.57 -1.04 -4.28 -69.90 -411.46 -124.81 -18.87 -12.37 -1.55 -0.07 -17.47 -9.60 -24.93 -166.03
0.00 0.00 0.00 0.00 0.00 0.00 0.00 0.00 0.00 0.00 -16.48 -0.25 -0.00 -0.00 0.00 -0.00 -0.00 -0.00 -0.00 -0.84 -102.01 -9.21 -0.14 -0.02 -0.00 -0.00 -0.07 -0.01 -0.17 -17.83 -241.40 -47.66 -3.35 -1.44 -0.06 -0.00 -2.57 -1.04 -4.28 -69.90 -411.46 -124.81 -18.87 -12.37 -1.55 -0.07 -17.47 -9.60 -24.93 -166.03
0.00 0.00 0.00 0.00 0.00 0.00 0.00 0.00 0.00 0.00 -16.48 -0.25 -0.00 -0.00 0.00 -0.00 -0.00 -0.00 -0.00 -0.84 -102.01 -9.21 -0.14 -0.02 -0.00 -0.00 -0.07 -0.01 -0.17 -17.83 -241.40 -47.66 -3.35 -1.44 -0.06 -0.00 -2.57 -1.04 -4.28 -69.90 -411.46 -124.81 -18.87 -12.37 -1.55 -0.07 -17.47 -9.60 -24.93 -166.03
0.00 0.00 0.00 0.00 0.00 0.00 0.00 0.00 0.00 0.00 -16.48 -0.25 -0.00 -0.00 0.00 -0.00 -0.00 -0.00 -0.00 -0.84 -102.01 -9.21 -0.14 -0.02 -0.00 -0.00 -0.07 -0.01 -0.17 -17.83 -241.40 -47.66 -3.35 -1.44 -0.06 -0.00 -2.57 -1.04 -4.28 -69.90 -411.46 -124.81 -18.87 -12.37 -1.55 -0.07 -17.47 -9.60 -24.93 -166.03
0.00 0.00 0.00 0.00 0.00 0.00 0.00 0.00 0.00 0.00 -16.48 -0.25 -0.00 -0.00 0.00 -0.00 -0.00 -0.00 -0.00 -0.84 -102.01 -9.21 -0.14 -0.02 -0.00 -0.00 -0.07 -0.01 -0.17 -17.83 -241.40 -47.66 -3.35 -1.44 -0.06 -0.00 -2.57 -1.04 -4.28 -69.90 -411.46 -124.81 -18.87 -12.37 -1.55 -0.07 -17.47 -9.60 -24.93 -166.03
0.00 0.00 0.00 0.00 0.00 0.00 0.00 0.00 0.00 0.00 -16.48 -0.25 -0.00 -0.00 0.00 -0.00 -0.00 -0.00 -0.00 -0.84 -102.01 -9.21 -0.14 -0.02 -0.00 -0.00 -0.07 -0.01 -0.17 -17.83 -241.40 -47.66 -3.35 -1.44 -0.06 -0.00 -2.57 -1.04 -4.28 -69.90 -411.46 -124.81 -18.87 -12.37 -1.55 -0.07 -17.47 -9.60 -24.93 -166.03
0.00 0.00 0.00 0.00 0.00 0.00 0.00 0.00 0.00 0.00 -16.48 -0.25 -0.00 -0.00 0.00 -0.00 -0.00 -0.00 -0.00 -0.84 -102.01 -9.21 -0.14 -0.02 -0.00 -0.00 -0.07 -0.01 -0.17 -17.83 -241.40 -47.66 -3.35 -1.44 -0.06 -0.00 -2.57 -1.04 -4.28 -69.90 -411.46 -124.81 -18.87 -12.37 -1.55 -0.07 -17.47 -9.60 -24.93 -166.03
0.00 0.00 0.00 0.00 0.00 0.00 0.00 0.00 0.00 0.00 -16.48 -0.25 -0.00 -0.00 0.00 -0.00 -0.00 -0.00 -0.00 -0.84 -102.01 -9.21 -0.14 -0.02 -0.00 -0.00 -0.07 -0.01 -0.17 -17.83 -241.40 -47.66 -3.35 -1.44 -0.06 -0.00 -2.57 -1.04 -4.28 -69.90 -411.46 -124.81 -18.87 -12.37 -1.55 -0.07 -17.47 -9.60 -24.93 -166.03
0.00 0.00 0.00 0.00 0.00 0.00 0.00 0.00 0.00 0.00 -16.48 -0.25 -0.00 -0.00 0.00 -0.00 -0.00 -0.00 -0.00 -0.84 -102.01 -9.21 -0.14 -0.02 -0.00 -0.00 -0.07 -0.01 -0.17 -17.83 -241.40 -47.66 -3.35 -1.44 -0.06 -0.00 -2.57 -1.04 -4.28 -69.90 -411.46 -124.81 -18.87 -12.37 -1.55 -0.07 -17.47 -9.60 -24.93 -166.03
0.00 0.00 0.00 0.00 0.00 0.00 0.00 0.00 0.00 0.00 -16.48 -0.25 -0.00 -0.00 0.00 -0.00 -0.00 -0.00 -0.00 -0.84 -102.01 -9.21 -0.14 -0.02 -0.00 -0.00 -0.07 -0.01 -0.17 -17.83 -241.40 -47.66 -3.35 -1.44 -0.06 -0.00 -2.57 -1.04 -4.28 -69.90 -411.46 -124.81 -18.87 -12.37 -1.55 -0.07 -17.47 -9.60 -24.93 -166.03
0.00 0.00 0.00 0.00 0.00 0.00 0.00 0.00 0.00 0.00 -16.48 -0.25 -0.00 -0.00 0.00 -0.00 -0.00 -0.00 -0.00 -0.84 -102.01 -9.21 -0.14 -0.02 -0.00 -0.00 -0.07 -0.01 -0.17 -17.83 -241.40 -47.66 -3.35 -1.44 -0.06 -0.00 -2.57 -1.04 -4.28 -69.90 -411.46 -124.81 -18.87 -12.37 -1.55 -0.07 -17.47 -9.60 -24.93 -166.03
0.00 0.00 0.00 0.00 0.00 0.00 0.00 0.00 0.00 0.00 -16.48 -0.25 -0.00 -0.00 0.00 -0.00 -0.00 -0.00 -0.00 -0.84 -102.01 -9.21 -0.14 -0.02 -0.00 -0.00 -0.07 -0.01 -0.17 -17.83 -241.40 -47.66 -3.35 -1.44 -0.06 -0.00 -2.57 -1.04 -4.28 -69.90 -411.46 -124.81 -18.87 -12.37 -1.55 -0.07 -17.47 -9.60 -24.93 -166.03
0.00 0.00 0.00 0.00 0.00 0.00 0.00 0.00 0.00 0.00 -16.48 -0.25 -0.00 -0.00 0.00 -0.00 -0.00 -0.00 -0.00 -0.84 -102.01 -9.21 -0.14 -0.02 -0.00 -0.00 -0.07 -0.01 -0.17 -17.83 -241.40 -47.66 -3.35 -1.44 -0.06 -0.00 -2.57 -1.04 -4.28 -69.90 -411.46 -124.81 -18.87 -12.37 -1.55 -0.07 -17.47 -9.60 -24.93 -166.03
0.00 0.00 0.00 0.00 0.00 0.00 0.00 0.00 0.00 0.00 -16.48 -0.25 -0.00 -0.00 0.00 -0.00 -0.00 -0.00 -0.00 -0.84 -102.01 -9.21 -0.14 -0.02 -0.00 -0.00 -0.07 -0.01 -0.17 -17.83 -241.40 -47.66 -3.35 -1.44 -0.06 -0.00 -2.57 -1.04 -4.28 -69.90 -411.46 -124.81 -18.87 -12.37 -1.55 -0.07 -17.47 -9.60 -24.93 -166.03
0.00 0.00 0.00 0.00 0.00 0.00 0.00 0.00 0.00 0.00 -16.48 -0.25 -0.00 -0.00 0.00 -0.00 -0.00 -0.00 -0.00 -0.84 -102.01 -9.21 -0.14 -0.02 -0.00 -0.00 -0.07 -0.01 -0.17 -17.83 -241.40 -47.66 -3.35 -1.44 -0.06 -0.00 -2.57 -1.04 -4.28 -69.90 -411.46 -124.81 -18.87 -12.37 -1.55 -0.07 -17.47 -9.60 -24.93 -166.03
0.00 0.00 0.00 0.00 0.00 0.00 0.00 0.00 0.00 0.00 -16.48 -0.25 -0.00 -0.00 0.00 -0.00 -0.00 -0.00 -0.00 -0.84 -102.01 -9.21 -0.14 -0.02 -0.00 -0.00 -0.07 -0.01 -0.17 -17.83 -241.40 -47.66 -3.35 -1.44 -0.06 -0.00 -2.57 -1.04 -4.28 -69.90 -411.46 -124.81 -18.87 -12.37 -1.55 -0.07 -17.47 -9.60 -24.93 -166.03
0.00 0.00 0.00 0.00 0.00 0.00 0.00 0.00 0.00 0.00 -25.54 -0.72 -0.00 -0.00 -0.00 0.00 -0.00 -0.00 -0.00 -7.24 -144.13 -20.77 -1.15 -0.35 -0.00 -0.00 -0.90 -0.15 -1.63 -64.04 -322.37 -91.39 -16.04 -10.94 -0.94 -0.03 -16.93 -6.36 -22.03 -182.72 -526.89 -214.10 -65.84 -57.51 -12.11 -1.97 -75.04 -38.68 -85.01 -342.07
0.00 0.00 0.00 0.00 0.00 0.00 0.00 0.00 0.00 0.00 -25.54 -0.72 -0.00 -0.00 -0.00 0.00 -0.00 -0.00 -0.00 -7.24 -144.13 -20.77 -1.15 -0.35 -0.00 -0.00 -0.90 -0.15 -1.63 -64.04 -322.37 -91.39 -16.04 -10.94 -0.94 -0.03 -16.93 -6.36 -22.03 -182.72 -526.89 -214.10 -65.84 -57.51 -12.11 -1.97 -75.04 -38.68 -85.01 -342.07
0.00 0.00 0.00 0.00 0.00 0.00 0.00 0.00 0.00 0.00 -25.54 -0.72 -0.00 -0.00 -0.00 0.00 -0.00 -0.00 -0.00 -7.24 -144.13 -20.77 -1.15 -0.35 -0.00 -0.00 -0.90 -0.15 -1.63 -64.04 -322.37 -91.39 -16.04 -10.94 -0.94 -0.03 -16.93 -6.36 -22.03 -182.72 -526.89 -214.10 -65.84 -57.51 -12.11 -1.97 -75.04 -38.68 -85.01 -342.07
0.00 0.00 0.00 0.00 0.00 0.00 0.00 0.00 0.00 0.00 -25.54 -0.72 -0.00 -0.00 -0.00 0.00 -0.00 -0.00 -0.00 -7.24 -144.13 -20.77 -1.15 -0.35 -0.00 -0.00 -0.90 -0.15 -1.63 -64.04 -322.37 -91.39 -16.04 -10.94 -0.94 -0.03 -16.93 -6.36 -22.03 -182.72 -526.89 -214.10 -65.84 -57.51 -12.11 -1.97 -75.04 -38.68 -85.01 -342.07
0.00 0.00 0.00 0.00 0.00 0.00 0.00 0.00 0.00 0.00 -25.54 -0.72 -0.00 -0.00 -0.00 0.00 -0.00 -0.00 -0.00 -7.24 -144.13 -20.77 -1.15 -0.35 -0.00 -0.00 -0.90 -0.15 -1.63 -64.04 -322.37 -91.39 -16.04 -10.94 -0.94 -0.03 -16.93 -6.36 -22.03 -182.72 -526.89 -214.10 -65.84 -57.51 -12.11 -1.97 -75.04 -38.68 -85.01 -342.07
0.00 0.00 0.00 0.00 0.00 0.00 0.00 0.00 0.00 0.00 -25.54 -0.72 -0.00 -0.00 -0.00 0.00 -0.00 -0.00 -0.00 -7.24 -144.13 -20.77 -1.15 -0.35 -0.00 -0.00 -0.90 -0.15 -1.63 -64.04 -322.37 -91.39 -16.04 -10.94 -0.94 -0.03 -16.93 -6.36 -22.03 -182.72 -526.89 -214.10 -65.84 -57.51 -12.11 -1.97 -75.04 -38.68 -85.01 -342.07
0.00 0.00 0.00 0.00 0.00 0.00 0.00 0.00 0.00 0.00 -25.54 -0.72 -0.00 -0.00 -0.00 0.00 -0.00 -0.00 -0.00 -7.24 -144.13 -20.77 -1.15 -0.35 -0.00 -0.00 -0.90 -0.15 -1.63 -64.04 -322.37 -91.39 -16.04 -10.94 -0.94 -0.03 -16.93 -6.36 -22.03 -182.72 -526.89 -214.10 -65.84 -57.51 -12.11 -1.97 -75.04 -38.68 -85.01 -342.07
0.00 0.00 0.00 0.00 0.00 0.00 0.00 0.00 0.00 0.00 -25.54 -0.72 -0.00 -0.00 -0.00 0.00 -0.00 -0.00 -0.00 -7.24 -144.13 -20.77 -1.15 -0.35 -0.00 -0.00 -0.90 -0.15 -1.63 -64.04 -322.37 -91.39 -16.04 -10.94 -0.94 -0.03 -16.93 -6.36 -22.03 -182.72 -526.89 -214.10 -65.84 -57.51 -12.11 -1.97 -75.04 -38.68 -85.01 -342.07
0.00 0.00 0.00 0.00 0.00 0.00 0.00 0.00 0.00 0.00 -25.54 -0.72 -0.00 -0.00 -0.00 0.00 -0.00 -0.00 -0.00 -7.24 -144.13 -20.77 -1.15 -0.35 -0.00 -0.00 -0.90 -0.15 -1.63 -64.04 -322.37 -91.39 -16.04 -10.94 -0.94 -0.03 -16.93 -6.36 -22.03 -182.72 -526.89 -214.10 -65.84 -57.51 -12.11 -1.97 -75.04 -38.68 -85.01 -342.07
0.00 0.00 0.00 0.00 0.00 0.00 0.00 0.00 0.00 0.00 -30.30 -1.15 -0.00 -0.00 -0.00 0.00 -0.00 -0.00 -0.00 -8.22 -161.63 -29.12 -2.25 -1.25 -0.02 -0.00 -2.61 -0.50 -4.15 -71.84 -350.11 -118.96 -27.11 -24.40 -2.80 -0.21 -33.44 -14.00 -38.91 -202.76 -560.90 -265.93 -96.21 -98.94 -25.02 -5.58 -115.06 -69.62 -125.30 -377.28
0.00 0.00 0.00 0.00 0.00 0.00 0.00 0.00 0.00 0.00 -30.30 -1.15 -0.00 -0.00 -0.00 0.00 -0.00 -0.00 -0.00 -8.22 -161.63 -29.12 -2.25 -1.25 -0.02 -0.00 -2.61 -0.50 -4.15 -71.84 -350.11 -118.96 -27.11 -24.40 -2.80 -0.21 -33.44 -14.00 -38.91 -202.76 -560.90 -265.93 -96.21 -98.94 -25.02 -5.58 -115.06 -69.62 -125.30 -377.28
0.00 0.00 0.00 0.00 0.00 0.00 0.00 0.00 0.00 0.00 -30.30 -1.15 -0.00 -0.00 -0.00 0.00 -0.00 -0.00 -0.00 -8.22 -161.63 -29.12 -2.25 -1.25 -0.02 -0.00 -2.61 -0.50 -4.15 -71.84 -350.11 -118.96 -27.11 -24.40 -2.80 -0.21 -33.44 -14.00 -38.91 -202.76 -560.90 -265.93 -96.21 -98.94 -25.02 -5.58 -115.06 -69.62 -125.30 -377.28
0.00 0.00 0.00 0.00 0.00 0.00 0.00 0.00 0.00 0.00 -30.30 -1.15 -0.00 -0.00 -0.00 0.00 -0.00 -0.00 -0.00 -8.22 -161.63 -29.12 -2.25 -1.25 -0.02 -0.00 -2.61 -0.50 -4.15 -71.84 -350.11 -118.96 -27.11 -24.40 -2.80 -0.21 -33.44 -14.00 -38.91 -202.76 -560.90 -265.93 -96.21 -98.94 -25.02 -5.58 -115.06 -69.62 -125.30 -377.28
0.00 0.00 0.00 0.00 0.00 0.00 0.00 0.00 0.00 0.00 -30.30 -1.15 -0.00 -0.00 -0.00 0.00 -0.00 -0.00 -0.00 -8.22 -161.63 -29.12 -2.25 -1.25 -0.02 -0.00 -2.61 -0.50 -4.15 -71.84 -350.11 -118.96 -27.11 -24.40 -2.80 -0.21 -33.44 -14.00 -38.91 -202.76 -560.90 -265.93 -96.21 -98.94 -25.02 -5.58 -115.06 -69.62 -125.30 -377.28
0.00 0.00 0.00 0.00 0.00 0.00 0.00 0.00 0.00 0.00 -30.30 -1.15 -0.00 -0.00 -0.00 0.00 -0.00 -0.00 -0.00 -8.22 -161.63 -29.12 -2.25 -1.25 -0.02 -0.00 -2.61 -0.50 -4.15 -71.84 -350.11 -118.96 -27.11 -24.40 -2.80 -0.21 -33.44 -14.00 -38.91 -202.76 -560.90 -265.93 -96.21 -98.94 -25.02 -5.58 -115.06 -69.62 -125.30 -377.28
0.00 0.00 0.00 0.00 0.00 0.00 0.00 0.00 0.00 0.00 -30.30 -1.15 -0.00 -0.00 -0.00 0.00 -0.00 -0.00 -0.00 -8.22 -161.63 -29.12 -2.25 -1.25 -0.02 -0.00 -2.61 -0.50 -4.15 -71.84 -350.11 -118.96 -27.11 -24.40 -2.80 -0.21 -33.44 -14.00 -38.91 -202.76 -560.90 -265.93 -96.21 -98.94 -25.02 -5.58 -115.06 -69.62 -125.30 -377.28
0.00 0.00 0.00 0.00 0.00 0.00 0.00 0.00 0.00 0.00 -30.30 -1.15 -0.00 -0.00 -0.00 0.00 -0.00 -0.00 -0.00 -8.22 -161.63 -29.12 -2.25 -1.25 -0.02 -0.00 -2.61 -0.50 -4.15 -71.84 -350.11 -118.96 -27.11 -24.40 -2.80 -0.21 -33.44 -14.00 -38.91 -202.76 -560.90 -265.93 -96.21 -98.94 -25.02 -5.58 -115.06 -69.62 -125.30 -377.28
0.00 0.00 0.00 0.00 0.00 0.00 0.00 0.00 0.00 0.00 -30.30 -1.15 -0.00 -0.00 -0.00 0.00 -0.00 -0.00 -0.00 -8.22 -161.63 -29.12 -2.25 -1.25 -0.02 -0.00 -2.61 -0.50 -4.15 -71.84 -350.11 -118.96 -27.11 -24.40 -2.80 -0.21 -33.44 -14.00 -38.91 -202.76 -560.90 -265.93 -96.21 -98.94 -25.02 -5.58 -115.06 -69.62 -125.30 -377.28
0.00 0.00 0.00 0.00 0.00 0.00 0.00 0.00 0.00 0.00 -30.30 -1.15 -0.00 -0.00 -0.00 0.00 -0.00 -0.00 -0.00 -8.22 -161.63 -29.12 -2.25 -1.25 -0.02 -0.00 -2.61 -0.50 -4.15 -71.84 -350.11 -118.96 -27.11 -24.40 -2.80 -0.21 -33.44 -14.00 -38.91 -202.76 -560.90 -265.93 -96.21 -98.94 -25.02 -5.58 -115.06 -69.62 -125.30 -377.28
0.00 0.00 0.00 0.00 0.00 0.00 0.00 0.00 0.00 0.00 -30.30 -1.15 -0.00 -0.00 -0.00 0.00 -0.00 -0.00 -0.00 -8.22 -161.63 -29.12 -2.25 -1.25 -0.02 -0.00 -2.61 -0.50 -4.15 -71.84 -350.11 -118.96 -27.11 -24.40 -2.80 -0.21 -33.44 -14.00 -38.91 -202.76 -560.90 -265.93 -96.21 -98.94 -25.02 -5.58 -115.06 -69.62 -125.30 -377.28
0.00 0.00 0.00 0.00 0.00 0.00 0.00 0.00 0.00 0.00 -30.30 -1.15 -0.00 -0.00 -0.00 0.00 -0.00 -0.00 -0.00 -8.22 -161.63 -29.12 -2.25 -1.25 -0.02 -0.00 -2.61 -0.50 -4.15 -71.84 -350.11 -118.96 -27.11 -24.40 -2.80 -0.21 -33.44 -14.00 -38.91 -202.76 -560.90 -265.93 -96.21 -98.94 -25.02 -5.58 -115.06 -69.62 -125.30 -377.28
0.00 0.00 0.00 0.00 0.00 0.00 0.00 0.00 0.00 0.00 -30.30 -1.15 -0.00 -0.00 -0.00 0.00 -0.00 -0.00 -0.00 -8.22 -161.63 -29.12 -2.25 -1.25 -0.02 -0.00 -2.61 -0.50 -4.15 -71.84 -350.11 -118.96 -27.11 -24.40 -2.80 -0.21 -33.44 -14.00 -38.91 -202.76 -560.90 -265.93 -96.21 -98.94 -25.02 -5.58 -115.06 -69.62 -125.30 -377.28
0.00 0.00 0.00 0.00 0.00 0.00 0.00 0.00 0.00 0.00 -30.30 -1.15 -0.00 -0.00 -0.00 0.00 -0.00 -0.00 -0.00 -8.22 -161.63 -29.12 -2.25 -1.25 -0.02 -0.00 -2.61 -0.50 -4.15 -71.84 -350.11 -118.96 -27.11 -24.40 -2.80 -0.21 -33.44 -14.00 -38.91 -202.76 -560.90 -265.93 -96.21 -98.94 -25.02 -5.58 -115.06 -69.62 -125.30 -377.28
0.00 0.00 0.00 0.00 0.00 0.00 0.00 0.00 0.00 0.00 -30.30 -1.15 -0.00 -0.00 -0.00 0.00 -0.00 -0.00 -0.00 -8.22 -161.63 -29.12 -2.25 -1.25 -0.02 -0.00 -2.61 -0.50 -4.15 -71.84 -350.11 -118.96 -27.11 -24.40 -2.80 -0.21 -33.44 -14.00 -38.91 -202.76 -560.90 -265.93 -96.21 -98.94 -25.02 -5.58 -115.06 -69.62 -125.30 -377.28
0.00 0.00 0.00 0.00 0.00 0.00 0.00 0.00 0.00 0.00 -30.30 -1.15 -0.00 -0.00 -0.00 0.00 -0.00 -0.00 -0.00 -8.22 -161.63 -29.12 -2.25 -1.25 -0.02 -0.00 -2.61 -0.50 -4.15 -71.84 -350.11 -118.96 -27.11 -24.40 -2.80 -0.21 -33.44 -14.00 -38.91 -202.76 -560.90 -265.93 -96.21 -98.94 -25.02 -5.58 -115.06 -69.62 -125.30 -377.28
0.00 0.00 0.00 0.00 0.00 0.00 0.00 0.00 0.00 0.00 -30.30 -1.15 -0.00 -0.00 -0.00 0.00 -0.00 -0.00 -0.00 -8.22 -161.63 -29.12 -2.25 -1.25 -0.02 -0.00 -2.61 -0.50 -4.15 -71.84 -350.11 -118.96 -27.11 -24.40 -2.80 -0.21 -33.44 -14.00 -38.91 -202.76 -560.90 -265.93 -96.21 -98.94 -25.02 -5.58 -115.06 -69.62 -125.30 -377.28
0.00 0.00 0.00 0.00 0.00 0.00 0.00 0.00 0.00 0.00 -30.30 -1.15 -0.00 -0.00 -0.00 0.00 -0.00 -0.00 -0.00 -8.22 -161.63 -29.12 -2.25 -1.25 -0.02 -0.00 -2.61 -0.50 -4.15 -71.84 -350.11 -118.96 -27.11 -24.40 -2.80 -0.21 -33.44 -14.00 -38.91 -202.76 -560.90 -265.93 -96.21 -98.94 -25.02 -5.58 -115.06 -69.62 -125.30 -377.28
0.00 0.00 0.00 0.00 0.00 0.00 0.00 0.00 0.00 0.00 -30.30 -1.15 -0.00 -0.00 -0.00 0.00 -0.00 -0.00 -0.00 -8.22 -161.63 -29.12 -2.25 -1.25 -0.02 -0.00 -2.61 -0.50 -4.15 -71.84 -350.11 -118.96 -27.11 -24.40 -2.80 -0.21 -33.44 -14.00 -38.91 -202.76 -560.90 -265.93 -96.21 -98.94 -25.02 -5.58 -115.06 -69.62 -125.30 -377.28
0.00 0.00 0.00 0.00 0.00 0.00 0.00 0.00 0.00 0.00 -30.30 -1.15 -0.00 -0.00 -0.00 0.00 -0.00 -0.00 -0.00 -8.22 -161.63 -29.12 -2.25 -1.25 -0.02 -0.00 -2.61 -0.50 -4.15 -71.84 -350.11 -118.96 -27.11 -24.40 -2.80 -0.21 -33.44 -14.00 -38.91 -202.76 -560.90 -265.93 -96.21 -98.94 -25.02 -5.58 -115.06 -69.62 -125.30 -377.28
