0.00 0.00 0.00 0.00 0.00 0.00 0.00 0.00 0.00 0.00 -11.23 -0.02 -0.00 -0.00 -0.00 0.00 -0.00 0.00 0.00 -0.09 -88.33 -1.21 -0.00 -0.00 0.00 0.00 -0.00 -0.00 -0.00 -2.24 -239.65 -9.94 -0.01 -0.00 -0.00 0.00 -0.00 -0.00 -0.00 -11.66 -445.99 -36.31 -0.12 -0.00 -0.00 0.00 -0.01 -0.00 -0.02 -37.74
0.00 0.00 0.00 0.00 0.00 0.00 0.00 0.00 0.00 0.00 -11.23 -0.02 -0.00 -0.00 -0.00 0.00 -0.00 0.00 0.00 -0.09 -88.33 -1.21 -0.00 -0.00 0.00 0.00 -0.00 -0.00 -0.00 -2.24 -239.65 -9.94 -0.01 -0.00 -0.00 0.00 -0.00 -0.00 -0.00 -11.66 -445.99 -36.31 -0.12 -0.00 -0.00 0.00 -0.01 -0.00 -0.02 -37.74
0.00 0.00 0.00 0.00 0.00 0.00 0.00 0.00 0.00 0.00 -8.54 -0.01 -0.00 -0.00 0.00 0.00 -0.00 0.00 0.00 -0.05 -69.11 -0.74 -0.00 -0.00 0.00 0.00 -0.00 -0.00 -0.00 -1.79 -189.73 -6.41 -0.00 -0.00 0.00 0.00 -0.00 -0.00 -0.00 -11.46 -357.89 -24.39 -0.04 -0.00 -0.00 0.00 -0.00 -0.00 -0.00 -37.21
0.00 0.00 0.00 0.00 0.00 0.00 0.00 0.00 0.00 0.00 -10.03 -0.02 -0.00 -0.00 0.00 -0.00 -0.00 0.00 -0.00 -0.08 -75.74 -1.52 -0.00 -0.00 0.00 -0.00 -0.00 -0.00 -0.00 -3.42 -201.19 -11.55 -0.02 -0.00 -0.00 -0.00 -0.00 -0.00 -0.01 -20.38 -368.23 -39.79 -0.24 -0.02 -0.00 -0.00 -0.05 -0.01 -0.21 -59.77
0.00 0.00 0.00 0.00 0.00 0.00 0.00 0.00 0.00 0.00 -10.03 -0.02 -0.00 -0.00 0.00 -0.00 -0.00 0.00 -0.00 -0.08 -75.74 -1.52 -0.00 -0.00 0.00 -0.00 -0.00 -0.00 -0.00 -3.42 -201.19 -11.55 -0.02 -0.00 -0.00 -0.00 -0.00 -0.00 -0.01 -20.38 -368.23 -39.79 -0.24 -0.02 -0.00 -0.00 -0.05 -0.01 -0.21 -59.77
0.00 0.00 0.00 0.00 0.00 0.00 0.00 0.00 0.00 0.00 -7.14 -0.01 -0.00 0.00 -0.00 0.00 -0.00 -0.00 0.00 -0.04 -55.44 -0.85 -0.00 -0.00 -0.00 0.00 -0.00 -0.00 -0.00 -1.78 -149.23 -6.82 -0.01 -0.00 -0.00 0.00 -0.00 -0.00 -0.00 -11.11 -276.48 -24.48 -0.11 -0.00 -0.00 0.00 -0.02 -0.00 -0.02 -34.93
0.00 0.00 0.00 0.00 0.00 0.00 0.00 0.00 0.00 0.00 -7.14 -0.01 -0.00 0.00 -0.00 0.00 -0.00 -0.00 0.00 -0.04 -55.44 -0.85 -0.00 -0.00 -0.00 0.00 -0.00 -0.00 -0.00 -1.78 -149.23 -6.82 -0.01 -0.00 -0.00 0.00 -0.00 -0.00 -0.00 -11.11 -276.48 -24.48 -0.11 -0.00 -0.00 0.00 -0.02 -0.00 -0.02 -34.93
0.00 0.00 0.00 0.00 0.00 0.00 0.00 0.00 0.00 0.00 -5.74 -0.01 -0.00 -0.00 0.00 0.00 -0.00 -0.00 0.00 -0.06 -42.85 -0.96 -0.00 -0.00 0.00 0.00 -0.00 -0.00 -0.00 -2.15 -113.25 -7.11 -0.02 -0.00 -0.00 0.00 -0.00 -0.00 -0.01 -12.21 -206.46 -24.07 -0.26 -0.02 -0.00 -0.00 -0.06 -0.01 -0.11 -35.53
0.00 0.00 0.00 0.00 0.00 0.00 0.00 0.00 0.00 0.00 -5.74 -0.01 -0.00 -0.00 0.00 0.00 -0.00 -0.00 0.00 -0.06 -42.85 -0.96 -0.00 -0.00 0.00 0.00 -0.00 -0.00 -0.00 -2.15 -113.25 -7.11 -0.02 -0.00 -0.00 0.00 -0.00 -0.00 -0.01 -12.21 -206.46 -24.07 -0.26 -0.02 -0.00 -0.00 -0.06 -0.01 -0.11 -35.53
0.00 0.00 0.00 0.00 0.00 0.00 0.00 0.00 0.00 0.00 -5.74 -0.01 -0.00 -0.00 0.00 0.00 -0.00 -0.00 0.00 -0.06 -42.85 -0.96 -0.00 -0.00 0.00 0.00 -0.00 -0.00 -0.00 -2.15 -113.25 -7.11 -0.02 -0.00 -0.00 0.00 -0.00 -0.00 -0.01 -12.21 -206.46 -24.07 -0.26 -0.02 -0.00 -0.00 -0.06 -0.01 -0.11 -35.53
0.00 0.00 0.00 0.00 0.00 0.00 0.00 0.00 0.00 0.00 -5.74 -0.01 -0.00 -0.00 0.00 0.00 -0.00 -0.00 0.00 -0.06 -42.85 -0.96 -0.00 -0.00 0.00 0.00 -0.00 -0.00 -0.00 -2.15 -113.25 -7.11 -0.02 -0.00 -0.00 0.00 -0.00 -0.00 -0.01 -12.21 -206.46 -24.07 -0.26 -0.02 -0.00 -0.00 -0.06 -0.01 -0.11 -35.53
0.00 0.00 0.00 0.00 0.00 0.00 0.00 0.00 0.00 0.00 -5.74 -0.01 -0.00 -0.00 0.00 0.00 -0.00 -0.00 0.00 -0.06 -42.85 -0.96 -0.00 -0.00 0.00 0.00 -0.00 -0.00 -0.00 -2.15 -113.25 -7.11 -0.02 -0.00 -0.00 0.00 -0.00 -0.00 -0.01 -12.21 -206.46 -24.07 -0.26 -0.02 -0.00 -0.00 -0.06 -0.01 -0.11 -35.53
0.00 0.00 0.00 0.00 0.00 0.00 0.00 0.00 0.00 0.00 -5.74 -0.01 -0.00 -0.00 0.00 0.00 -0.00 -0.00 0.00 -0.06 -42.85 -0.96 -0.00 -0.00 0.00 0.00 -0.00 -0.00 -0.00 -2.15 -113.25 -7.11 -0.02 -0.00 -0.00 0.00 -0.00 -0.00 -0.01 -12.21 -206.46 -24.07 -0.26 -0.02 -0.00 -0.00 -0.06 -0.01 -0.11 -35.53
0.00 0.00 0.00 0.00 0.00 0.00 0.00 0.00 0.00 0.00 -5.74 -0.01 -0.00 -0.00 0.00 0.00 -0.00 -0.00 0.00 -0.06 -42.85 -0.96 -0.00 -0.00 0.00 0.00 -0.00 -0.00 -0.00 -2.15 -113.25 -7.11 -0.02 -0.00 -0.00 0.00 -0.00 -0.00 -0.01 -12.21 -206.46 -24.07 -0.26 -0.02 -0.00 -0.00 -0.06 -0.01 -0.11 -35.53
0.00 0.00 0.00 0.00 0.00 0.00 0.00 0.00 0.00 0.00 -5.74 -0.01 -0.00 -0.00 0.00 0.00 -0.00 -0.00 0.00 -0.06 -42.85 -0.96 -0.00 -0.00 0.00 0.00 -0.00 -0.00 -0.00 -2.15 -113.25 -7.11 -0.02 -0.00 -0.00 0.00 -0.00 -0.00 -0.01 -12.21 -206.46 -24.07 -0.26 -0.02 -0.00 -0.00 -0.06 -0.01 -0.11 -35.53
0.00 0.00 0.00 0.00 0.00 0.00 0.00 0.00 0.00 0.00 -5.74 -0.01 -0.00 -0.00 0.00 0.00 -0.00 -0.00 0.00 -0.06 -42.85 -0.96 -0.00 -0.00 0.00 0.00 -0.00 -0.00 -0.00 -2.15 -113.25 -7.11 -0.02 -0.00 -0.00 0.00 -0.00 -0.00 -0.01 -12.21 -206.46 -24.07 -0.26 -0.02 -0.00 -0.00 -0.06 -0.01 -0.11 -35.53
0.00 0.00 0.00 0.00 0.00 0.00 0.00 0.00 0.00 0.00 -5.74 -0.01 -0.00 -0.00 0.00 0.00 -0.00 -0.00 0.00 -0.06 -42.85 -0.96 -0.00 -0.00 0.00 0.00 -0.00 -0.00 -0.00 -2.15 -113.25 -7.11 -0.02 -0.00 -0.00 0.00 -0.00 -0.00 -0.01 -12.21 -206.46 -24.07 -0.26 -0.02 -0.00 -0.00 -0.06 -0.01 -0.11 -35.53
0.00 0.00 0.00 0.00 0.00 0.00 0.00 0.00 0.00 0.00 -5.74 -0.01 -0.00 -0.00 0.00 0.00 -0.00 -0.00 0.00 -0.06 -42.85 -0.96 -0.00 -0.00 0.00 0.00 -0.00 -0.00 -0.00 -2.15 -113.25 -7.11 -0.02 -0.00 -0.00 0.00 -0.00 -0.00 -0.01 -12.21 -206.46 -24.07 -0.26 -0.02 -0.00 -0.00 -0.06 -0.01 -0.11 -35.53
0.00 0.00 0.00 0.00 0.00 0.00 0.00 0.00 0.00 0.00 -5.74 -0.01 -0.00 -0.00 0.00 0.00 -0.00 -0.00 0.00 -0.06 -42.85 -0.96 -0.00 -0.00 0.00 0.00 -0.00 -0.00 -0.00 -2.15 -113.25 -7.11 -0.02 -0.00 -0.00 0.00 -0.00 -0.00 -0.01 -12.21 -206.46 -24.07 -0.26 -0.02 -0.00 -0.00 -0.06 -0.01 -0.11 -35.53
0.00 0.00 0.00 0.00 0.00 0.00 0.00 0.00 0.00 0.00 -6.63 -0.02 -0.00 0.00 0.00 0.00 -0.00 0.00 0.00 -0.08 -49.63 -1.07 -0.00 -0.00 0.00 0.00 -0.00 -0.00 -0.00 -2.61 -131.27 -8.01 -0.02 -0.00 -0.00 0.00 -0.00 -0.00 -0.00 -14.65 -239.52 -27.32 -0.28 -0.01 -0.00 -0.00 -0.05 -0.01 -0.09 -41.54
0.00 0.00 0.00 0.00 0.00 0.00 0.00 0.00 0.00 0.00 -6.63 -0.02 -0.00 0.00 0.00 0.00 -0.00 0.00 0.00 -0.08 -49.63 -1.07 -0.00 -0.00 0.00 0.00 -0.00 -0.00 -0.00 -2.61 -131.27 -8.01 -0.02 -0.00 -0.00 0.00 -0.00 -0.00 -0.00 -14.65 -239.52 -27.32 -0.28 -0.01 -0.00 -0.00 -0.05 -0.01 -0.09 -41.54
0.00 0.00 0.00 0.00 0.00 0.00 0.00 0.00 0.00 0.00 -6.63 -0.02 -0.00 0.00 0.00 0.00 -0.00 0.00 0.00 -0.08 -49.63 -1.07 -0.00 -0.00 0.00 0.00 -0.00 -0.00 -0.00 -2.61 -131.27 -8.01 -0.02 -0.00 -0.00 0.00 -0.00 -0.00 -0.00 -14.65 -239.52 -27.32 -0.28 -0.01 -0.00 -0.00 -0.05 -0.01 -0.09 -41.54
0.00 0.00 0.00 0.00 0.00 0.00 0.00 0.00 0.00 0.00 -6.63 -0.02 -0.00 0.00 0.00 0.00 -0.00 0.00 0.00 -0.08 -49.63 -1.07 -0.00 -0.00 0.00 0.00 -0.00 -0.00 -0.00 -2.61 -131.27 -8.01 -0.02 -0.00 -0.00 0.00 -0.00 -0.00 -0.00 -14.65 -239.52 -27.32 -0.28 -0.01 -0.00 -0.00 -0.05 -0.01 -0.09 -41.54
0.00 0.00 0.00 0.00 0.00 0.00 0.00 0.00 0.00 0.00 -6.63 -0.02 -0.00 0.00 0.00 0.00 -0.00 0.00 0.00 -0.08 -49.63 -1.07 -0.00 -0.00 0.00 0.00 -0.00 -0.00 -0.00 -2.61 -131.27 -8.01 -0.02 -0.00 -0.00 0.00 -0.00 -0.00 -0.00 -14.65 -239.52 -27.32 -0.28 -0.01 -0.00 -0.00 -0.05 -0.01 -0.09 -41.54
0.00 0.00 0.00 0.00 0.00 0.00 0.00 0.00 0.00 0.00 -6.63 -0.02 -0.00 0.00 0.00 0.00 -0.00 0.00 0.00 -0.08 -49.63 -1.07 -0.00 -0.00 0.00 0.00 -0.00 -0.00 -0.00 -2.61 -131.27 -8.01 -0.02 -0.00 -0.00 0.00 -0.00 -0.00 -0.00 -14.65 -239.52 -27.32 -0.28 -0.01 -0.00 -0.00 -0.05 -0.01 -0.09 -41.54
0.00 0.00 0.00 0.00 0.00 0.00 0.00 0.00 0.00 0.00 -6.63 -0.02 -0.00 0.00 0.00 0.00 -0.00 0.00 0.00 -0.08 -49.63 -1.07 -0.00 -0.00 0.00 0.00 -0.00 -0.00 -0.00 -2.61 -131.27 -8.01 -0.02 -0.00 -0.00 0.00 -0.00 -0.00 -0.00 -14.65 -239.52 -27.32 -0.28 -0.01 -0.00 -0.00 -0.05 -0.01 -0.09 -41.54
0.00 0.00 0.00 0.00 0.00 0.00 0.00 0.00 0.00 0.00 -7.63 -0.03 -0.00 0.00 0.00 0.00 -0.00 0.00 0.00 -0.27 -55.18 -1.53 -0.00 -0.00 0.00 0.00 -0.00 -0.00 -0.00 -5.63 -143.57 -10.79 -0.07 -0.00 -0.00 0.00 -0.01 -0.00 -0.02 -26.01 -259.03 -35.33 -0.68 -0.07 -0.00 -0.00 -0.21 -0.04 -0.30 -68.35
0.00 0.00 0.00 0.00 0.00 0.00 0.00 0.00 0.00 0.00 -7.63 -0.03 -0.00 0.00 0.00 0.00 -0.00 0.00 0.00 -0.27 -55.18 -1.53 -0.00 -0.00 0.00 0.00 -0.00 -0.00 -0.00 -5.63 -143.57 -10.79 -0.07 -0.00 -0.00 0.00 -0.01 -0.00 -0.02 -26.01 -259.03 -35.33 -0.68 -0.07 -0.00 -0.00 -0.21 -0.04 -0.30 -68.35
0.00 0.00 0.00 0.00 0.00 0.00 0.00 0.00 0.00 0.00 -7.63 -0.03 -0.00 0.00 0.00 0.00 -0.00 0.00 0.00 -0.27 -55.18 -1.53 -0.00 -0.00 0.00 0.00 -0.00 -0.00 -0.00 -5.63 -143.57 -10.79 -0.07 -0.00 -0.00 0.00 -0.01 -0.00 -0.02 -26.01 -259.03 -35.33 -0.68 -0.07 -0.00 -0.00 -0.21 -0.04 -0.30 -68.35
0.00 0.00 0.00 0.00 0.00 0.00 0.00 0.00 0.00 0.00 -7.63 -0.03 -0.00 0.00 0.00 0.00 -0.00 0.00 0.00 -0.27 -55.18 -1.53 -0.00 -0.00 0.00 0.00 -0.00 -0.00 -0.00 -5.63 -143.57 -10.79 -0.07 -0.00 -0.00 0.00 -0.01 -0.00 -0.02 -26.01 -259.03 -35.33 -0.68 -0.07 -0.00 -0.00 -0.21 -0.04 -0.30 -68.35
0.00 0.00 0.00 0.00 0.00 0.00 0.00 0.00 0.00 0.00 -10.44 -0.05 -0.00 -0.00 0.00 -0.00 -0.00 0.00 -0.00 -0.57 -71.76 -2.78 -0.01 -0.00 -0.00 -0.00 -0.00 -0.00 -0.00 -9.94 -183.85 -18.33 -0.23 -0.02 -0.00 -0.00 -0.07 -0.01 -0.13 -41.93 -327.14 -56.72 -2.02 -0.33 -0.01 -0.00 -0.90 -0.33 -1.51 -101.34
0.00 0.00 0.00 0.00 0.00 0.00 0.00 0.00 0.00 0.00 -10.62 -0.08 -0.00 -0.00 0.00 0.00 -0.00 0.00 -0.00 -0.34 -70.40 -3.71 -0.02 -0.00 -0.00 0.00 -0.00 -0.00 -0.01 -4.57 -176.46 -22.39 -0.61 -0.11 -0.00 -0.00 -0.29 -0.03 -0.51 -21.65 -311.65 -65.71 -4.43 -1.63 -0.06 -0.00 -2.96 -0.64 -4.85 -65.08
0.00 0.00 0.00 0.00 0.00 0.00 0.00 0.00 0.00 0.00 -10.62 -0.08 -0.00 -0.00 0.00 0.00 -0.00 0.00 -0.00 -0.34 -70.40 -3.71 -0.02 -0.00 -0.00 0.00 -0.00 -0.00 -0.01 -4.57 -176.46 -22.39 -0.61 -0.11 -0.00 -0.00 -0.29 -0.03 -0.51 -21.65 -311.65 -65.71 -4.43 -1.63 -0.06 -0.00 -2.96 -0.64 -4.85 -65.08
0.00 0.00 0.00 0.00 0.00 0.00 0.00 0.00 0.00 0.00 -10.62 -0.08 -0.00 -0.00 0.00 0.00 -0.00 0.00 -0.00 -0.34 -70.40 -3.71 -0.02 -0.00 -0.00 0.00 -0.00 -0.00 -0.01 -4.57 -176.46 -22.39 -0.61 -0.11 -0.00 -0.00 -0.29 -0.03 -0.51 -21.65 -311.65 -65.71 -4.43 -1.63 -0.06 -0.00 -2.96 -0.64 -4.85 -65.08
0.00 0.00 0.00 0.00 0.00 0.00 0.00 0.00 0.00 0.00 -12.26 -0.12 -0.00 -0.00 0.00 0.00 -0.00 0.00 -0.00 -0.51 -78.32 -5.16 -0.04 -0.00 -0.00 0.00 -0.02 -0.00 -0.03 -7.12 -190.41 -29.49 -1.27 -0.40 -0.00 -0.00 -0.83 -0.12 -1.58 -31.81 -331.46 -82.94 -8.30 -4.41 -0.19 -0.01 -6.95 -1.89 -11.85 -88.62
0.00 0.00 0.00 0.00 0.00 0.00 0.00 0.00 0.00 0.00 -12.26 -0.12 -0.00 -0.00 0.00 0.00 -0.00 0.00 -0.00 -0.51 -78.32 -5.16 -0.04 -0.00 -0.00 0.00 -0.02 -0.00 -0.03 -7.12 -190.41 -29.49 -1.27 -0.40 -0.00 -0.00 -0.83 -0.12 -1.58 -31.81 -331.46 -82.94 -8.30 -4.41 -0.19 -0.01 -6.95 -1.89 -11.85 -88.62
0.00 0.00 0.00 0.00 0.00 0.00 0.00 0.00 0.00 0.00 -12.26 -0.12 -0.00 -0.00 0.00 0.00 -0.00 0.00 -0.00 -0.51 -78.32 -5.16 -0.04 -0.00 -0.00 0.00 -0.02 -0.00 -0.03 -7.12 -190.41 -29.49 -1.27 -0.40 -0.00 -0.00 -0.83 -0.12 -1.58 -31.81 -331.46 -82.94 -8.30 -4.41 -0.19 -0.01 -6.95 -1.89 -11.85 -88.62
0.00 0.00 0.00 0.00 0.00 0.00 0.00 0.00 0.00 0.00 -12.26 -0.12 -0.00 -0.00 0.00 0.00 -0.00 0.00 -0.00 -0.51 -78.32 -5.16 -0.04 -0.00 -0.00 0.00 -0.02 -0.00 -0.03 -7.12 -190.41 -29.49 -1.27 -0.40 -0.00 -0.00 -0.83 -0.12 -1.58 -31.81 -331.46 -82.94 -8.30 -4.41 -0.19 -0.01 -6.95 -1.89 -11.85 -88.62
0.00 0.00 0.00 0.00 0.00 0.00 0.00 0.00 0.00 0.00 -12.26 -0.12 -0.00 -0.00 0.00 0.00 -0.00 0.00 -0.00 -0.51 -78.32 -5.16 -0.04 -0.00 -0.00 0.00 -0.02 -0.00 -0.03 -7.12 -190.41 -29.49 -1.27 -0.40 -0.00 -0.00 -0.83 -0.12 -1.58 -31.81 -331.46 -82.94 -8.30 -4.41 -0.19 -0.01 -6.95 -1.89 -11.85 -88.62
0.00 0.00 0.00 0.00 0.00 0.00 0.00 0.00 0.00 0.00 -12.26 -0.12 -0.00 -0.00 0.00 0.00 -0.00 0.00 -0.00 -0.51 -78.32 -5.16 -0.04 -0.00 -0.00 0.00 -0.02 -0.00 -0.03 -7.12 -190.41 -29.49 -1.27 -0.40 -0.00 -0.00 -0.83 -0.12 -1.58 -31.81 -331.46 -82.94 -8.30 -4.41 -0.19 -0.01 -6.95 -1.89 -11.85 -88.62
0.00 0.00 0.00 0.00 0.00 0.00 0.00 0.00 0.00 0.00 -12.26 -0.12 -0.00 -0.00 0.00 0.00 -0.00 0.00 -0.00 -0.51 -78.32 -5.16 -0.04 -0.00 -0.00 0.00 -0.02 -0.00 -0.03 -7.12 -190.41 -29.49 -1.27 -0.40 -0.00 -0.00 -0.83 -0.12 -1.58 -31.81 -331.46 -82.94 -8.30 -4.41 -0.19 -0.01 -6.95 -1.89 -11.85 -88.62
0.00 0.00 0.00 0.00 0.00 0.00 0.00 0.00 0.00 0.00 -12.26 -0.12 -0.00 -0.00 0.00 0.00 -0.00 0.00 -0.00 -0.51 -78.32 -5.16 -0.04 -0.00 -0.00 0.00 -0.02 -0.00 -0.03 -7.12 -190.41 -29.49 -1.27 -0.40 -0.00 -0.00 -0.83 -0.12 -1.58 -31.81 -331.46 -82.94 -8.30 -4.41 -0.19 -0.01 -6.95 -1.89 -11.85 -88.62
0.00 0.00 0.00 0.00 0.00 0.00 0.00 0.00 0.00 0.00 -12.26 -0.12 -0.00 -0.00 0.00 0.00 -0.00 0.00 -0.00 -0.51 -78.32 -5.16 -0.04 -0.00 -0.00 0.00 -0.02 -0.00 -0.03 -7.12 -190.41 -29.49 -1.27 -0.40 -0.00 -0.00 -0.83 -0.12 -1.58 -31.81 -331.46 -82.94 -8.30 -4.41 -0.19 -0.01 -6.95 -1.89 -11.85 -88.62
0.00 0.00 0.00 0.00 0.00 0.00 0.00 0.00 0.00 0.00 -12.26 -0.12 -0.00 -0.00 0.00 0.00 -0.00 0.00 -0.00 -0.51 -78.32 -5.16 -0.04 -0.00 -0.00 0.00 -0.02 -0.00 -0.03 -7.12 -190.41 -29.49 -1.27 -0.40 -0.00 -0.00 -0.83 -0.12 -1.58 -31.81 -331.46 -82.94 -8.30 -4.41 -0.19 -0.01 -6.95 -1.89 -11.85 -88.62
0.00 0.00 0.00 0.00 0.00 0.00 0.00 0.00 0.00 0.00 -12.26 -0.12 -0.00 -0.00 0.00 0.00 -0.00 0.00 -0.00 -0.51 -78.32 -5.16 -0.04 -0.00 -0.00 0.00 -0.02 -0.00 -0.03 -7.12 -190.41 -29.49 -1.27 -0.40 -0.00 -0.00 -0.83 -0.12 -1.58 -31.81 -331.46 -82.94 -8.30 -4.41 -0.19 -0.01 -6.95 -1.89 -11.85 -88.62
0.00 0.00 0.00 0.00 0.00 0.00 0.00 0.00 0.00 0.00 -12.26 -0.12 -0.00 -0.00 0.00 0.00 -0.00 0.00 -0.00 -0.51 -78.32 -5.16 -0.04 -0.00 -0.00 0.00 -0.02 -0.00 -0.03 -7.12 -190.41 -29.49 -1.27 -0.40 -0.00 -0.00 -0.83 -0.12 -1.58 -31.81 -331.46 -82.94 -8.30 -4.41 -0.19 -0.01 -6.95 -1.89 -11.85 -88.62
0.00 0.00 0.00 0.00 0.00 0.00 0.00 0.00 0.00 0.00 -12.26 -0.12 -0.00 -0.00 0.00 0.00 -0.00 0.00 -0.00 -0.51 -78.32 -5.16 -0.04 -0.00 -0.00 0.00 -0.02 -0.00 -0.03 -7.12 -190.41 -29.49 -1.27 -0.40 -0.00 -0.00 -0.83 -0.12 -1.58 -31.81 -331.46 -82.94 -8.30 -4.41 -0.19 -0.01 -6.95 -1.89 -11.85 -88.62
0.00 0.00 0.00 0.00 0.00 0.00 0.00 0.00 0.00 0.00 -12.26 -0.12 -0.00 -0.00 0.00 0.00 -0.00 0.00 -0.00 -0.51 -78.32 -5.16 -0.04 -0.00 -0.00 0.00 -0.02 -0.00 -0.03 -7.12 -190.41 -29.49 -1.27 -0.40 -0.00 -0.00 -0.83 -0.12 -1.58 -31.81 -331.46 -82.94 -8.30 -4.41 -0.19 -0.01 -6.95 -1.89 -11.85 -88.62
0.00 0.00 0.00 0.00 0.00 0.00 0.00 0.00 0.00 0.00 -12.26 -0.12 -0.00 -0.00 0.00 0.00 -0.00 0.00 -0.00 -0.51 -78.32 -5.16 -0.04 -0.00 -0.00 0.00 -0.02 -0.00 -0.03 -7.12 -190.41 -29.49 -1.27 -0.40 -0.00 -0.00 -0.83 -0.12 -1.58 -31.81 -331.46 -82.94 -8.30 -4.41 -0.19 -0.01 -6.95 -1.89 -11.85 -88.62
0.00 0.00 0.00 0.00 0.00 0.00 0.00 0.00 0.00 0.00 -12.26 -0.12 -0.00 -0.00 0.00 0.00 -0.00 0.00 -0.00 -0.51 -78.32 -5.16 -0.04 -0.00 -0.00 0.00 -0.02 -0.00 -0.03 -7.12 -190.41 -29.49 -1.27 -0.40 -0.00 -0.00 -0.83 -0.12 -1.58 -31.81 -331.46 -82.94 -8.30 -4.41 -0.19 -0.01 -6.95 -1.89 -11.85 -88.62
0.00 0.00 0.00 0.00 0.00 0.00 0.00 0.00 0.00 0.00 -12.26 -0.12 -0.00 -0.00 0.00 0.00 -0.00 0.00 -0.00 -0.51 -78.32 -5.16 -0.04 -0.00 -0.00 0.00 -0.02 -0.00 -0.03 -7.12 -190.41 -29.49 -1.27 -0.40 -0.00 -0.00 -0.83 -0.12 -1.58 -31.81 -331.46 -82.94 -8.30 -4.41 -0.19 -0.01 -6.95 -1.89 -11.85 -88.62
0.00 0.00 0.00 0.00 0.00 0.00 0.00 0.00 0.00 0.00 -12.26 -0.12 -0.00 -0.00 0.00 0.00 -0.00 0.00 -0.00 -0.51 -78.32 -5.16 -0.04 -0.00 -0.00 0.00 -0.02 -0.00 -0.03 -7.12 -190.41 -29.49 -1.27 -0.40 -0.00 -0.00 -0.83 -0.12 -1.58 -31.81 -331.46 -82.94 -8.30 -4.41 -0.19 -0.01 -6.95 -1.89 -11.85 -88.62
0.00 0.00 0.00 0.00 0.00 0.00 0.00 0.00 0.00 0.00 -12.26 -0.12 -0.00 -0.00 0.00 0.00 -0.00 0.00 -0.00 -0.51 -78.32 -5.16 -0.04 -0.00 -0.00 0.00 -0.02 -0.00 -0.03 -7.12 -190.41 -29.49 -1.27 -0.40 -0.00 -0.00 -0.83 -0.12 -1.58 -31.81 -331.46 -82.94 -8.30 -4.41 -0.19 -0.01 -6.95 -1.89 -11.85 -88.62
0.00 0.00 0.00 0.00 0.00 0.00 0.00 0.00 0.00 0.00 -12.26 -0.12 -0.00 -0.00 0.00 0.00 -0.00 0.00 -0.00 -0.51 -78.32 -5.16 -0.04 -0.00 -0.00 0.00 -0.02 -0.00 -0.03 -7.12 -190.41 -29.49 -1.27 -0.40 -0.00 -0.00 -0.83 -0.12 -1.58 -31.81 -331.46 -82.94 -8.30 -4.41 -0.19 -0.01 -6.95 -1.89 -11.85 -88.62
0.00 0.00 0.00 0.00 0.00 0.00 0.00 0.00 0.00 0.00 -12.26 -0.12 -0.00 -0.00 0.00 0.00 -0.00 0.00 -0.00 -0.51 -78.32 -5.16 -0.04 -0.00 -0.00 0.00 -0.02 -0.00 -0.03 -7.12 -190.41 -29.49 -1.27 -0.40 -0.00 -0.00 -0.83 -0.12 -1.58 -31.81 -331.46 -82.94 -8.30 -4.41 -0.19 -0.01 -6.95 -1.89 -11.85 -88.62
0.00 0.00 0.00 0.00 0.00 0.00 0.00 0.00 0.00 0.00 -12.26 -0.12 -0.00 -0.00 0.00 0.00 -0.00 0.00 -0.00 -0.51 -78.32 -5.16 -0.04 -0.00 -0.00 0.00 -0.02 -0.00 -0.03 -7.12 -190.41 -29.49 -1.27 -0.40 -0.00 -0.00 -0.83 -0.12 -1.58 -31.81 -331.46 -82.94 -8.30 -4.41 -0.19 -0.01 -6.95 -1.89 -11.85 -88.62
0.00 0.00 0.00 0.00 0.00 0.00 0.00 0.00 0.00 0.00 -12.26 -0.12 -0.00 -0.00 0.00 0.00 -0.00 0.00 -0.00 -0.51 -78.32 -5.16 -0.04 -0.00 -0.00 0.00 -0.02 -0.00 -0.03 -7.12 -190.41 -29.49 -1.27 -0.40 -0.00 -0.00 -0.83 -0.12 -1.58 -31.81 -331.46 -82.94 -8.30 -4.41 -0.19 -0.01 -6.95 -1.89 -11.85 -88.62
0.00 0.00 0.00 0.00 0.00 0.00 0.00 0.00 0.00 0.00 -12.26 -0.12 -0.00 -0.00 0.00 0.00 -0.00 0.00 -0.00 -0.51 -78.32 -5.16 -0.04 -0.00 -0.00 0.00 -0.02 -0.00 -0.03 -7.12 -190.41 -29.49 -1.27 -0.40 -0.00 -0.00 -0.83 -0.12 -1.58 -31.81 -331.46 -82.94 -8.30 -4.41 -0.19 -0.01 -6.95 -1.89 -11.85 -88.62
0.00 0.00 0.00 0.00 0.00 0.00 0.00 0.00 0.00 0.00 -12.26 -0.12 -0.00 -0.00 0.00 0.00 -0.00 0.00 -0.00 -0.51 -78.32 -5.16 -0.04 -0.00 -0.00 0.00 -0.02 -0.00 -0.03 -7.12 -190.41 -29.49 -1.27 -0.40 -0.00 -0.00 -0.83 -0.12 -1.58 -31.81 -331.46 -82.94 -8.30 -4.41 -0.19 -0.01 -6.95 -1.89 -11.85 -88.62
0.00 0.00 0.00 0.00 0.00 0.00 0.00 0.00 0.00 0.00 -12.26 -0.12 -0.00 -0.00 0.00 0.00 -0.00 0.00 -0.00 -0.51 -78.32 -5.16 -0.04 -0.00 -0.00 0.00 -0.02 -0.00 -0.03 -7.12 -190.41 -29.49 -1.27 -0.40 -0.00 -0.00 -0.83 -0.12 -1.58 -31.81 -331.46 -82.94 -8.30 -4.41 -0.19 -0.01 -6.95 -1.89 -11.85 -88.62
0.00 0.00 0.00 0.00 0.00 0.00 0.00 0.00 0.00 0.00 -12.26 -0.12 -0.00 -0.00 0.00 0.00 -0.00 0.00 -0.00 -0.51 -78.32 -5.16 -0.04 -0.00 -0.00 0.00 -0.02 -0.00 -0.03 -7.12 -190.41 -29.49 -1.27 -0.40 -0.00 -0.00 -0.83 -0.12 -1.58 -31.81 -331.46 -82.94 -8.30 -4.41 -0.19 -0.01 -6.95 -1.89 -11.85 -88.62
0.00 0.00 0.00 0.00 0.00 0.00 0.00 0.00 0.00 0.00 -12.26 -0.12 -0.00 -0.00 0.00 0.00 -0.00 0.00 -0.00 -0.51 -78.32 -5.16 -0.04 -0.00 -0.00 0.00 -0.02 -0.00 -0.03 -7.12 -190.41 -29.49 -1.27 -0.40 -0.00 -0.00 -0.83 -0.12 -1.58 -31.81 -331.46 -82.94 -8.30 -4.41 -0.19 -0.01 -6.95 -1.89 -11.85 -88.62
0.00 0.00 0.00 0.00 0.00 0.00 0.00 0.00 0.00 0.00 -12.26 -0.12 -0.00 -0.00 0.00 0.00 -0.00 0.00 -0.00 -0.51 -78.32 -5.16 -0.04 -0.00 -0.00 0.00 -0.02 -0.00 -0.03 -7.12 -190.41 -29.49 -1.27 -0.40 -0.00 -0.00 -0.83 -0.12 -1.58 -31.81 -331.46 -82.94 -8.30 -4.41 -0.19 -0.01 -6.95 -1.89 -11.85 -88.62
0.00 0.00 0.00 0.00 0.00 0.00 0.00 0.00 0.00 0.00 -12.26 -0.12 -0.00 -0.00 0.00 0.00 -0.00 0.00 -0.00 -0.51 -78.32 -5.16 -0.04 -0.00 -0.00 0.00 -0.02 -0.00 -0.03 -7.12 -190.41 -29.49 -1.27 -0.40 -0.00 -0.00 -0.83 -0.12 -1.58 -31.81 -331.46 -82.94 -8.30 -4.41 -0.19 -0.01 -6.95 -1.89 -11.85 -88.62
0.00 0.00 0.00 0.00 0.00 0.00 0.00 0.00 0.00 0.00 -12.26 -0.12 -0.00 -0.00 0.00 0.00 -0.00 0.00 -0.00 -0.51 -78.32 -5.16 -0.04 -0.00 -0.00 0.00 -0.02 -0.00 -0.03 -7.12 -190.41 -29.49 -1.27 -0.40 -0.00 -0.00 -0.83 -0.12 -1.58 -31.81 -331.46 -82.94 -8.30 -4.41 -0.19 -0.01 -6.95 -1.89 -11.85 -88.62
0.00 0.00 0.00 0.00 0.00 0.00 0.00 0.00 0.00 0.00 -12.26 -0.12 -0.00 -0.00 0.00 0.00 -0.00 0.00 -0.00 -0.51 -78.32 -5.16 -0.04 -0.00 -0.00 0.00 -0.02 -0.00 -0.03 -7.12 -190.41 -29.49 -1.27 -0.40 -0.00 -0.00 -0.83 -0.12 -1.58 -31.81 -331.46 -82.94 -8.30 -4.41 -0.19 -0.01 -6.95 -1.89 -11.85 -88.62
0.00 0.00 0.00 0.00 0.00 0.00 0.00 0.00 0.00 0.00 -12.26 -0.12 -0.00 -0.00 0.00 0.00 -0.00 0.00 -0.00 -0.51 -78.32 -5.16 -0.04 -0.00 -0.00 0.00 -0.02 -0.00 -0.03 -7.12 -190.41 -29.49 -1.27 -0.40 -0.00 -0.00 -0.83 -0.12 -1.58 -31.81 -331.46 -82.94 -8.30 -4.41 -0.19 -0.01 -6.95 -1.89 -11.85 -88.62
0.00 0.00 0.00 0.00 0.00 0.00 0.00 0.00 0.00 0.00 -18.62 -0.28 -0.00 -0.00 -0.00 0.00 -0.00 -0.00 -0.00 -1.28 -115.13 -10.40 -0.20 -0.02 -0.00 -0.00 -0.09 -0.01 -0.18 -22.38 -272.26 -53.02 -4.28 -1.51 -0.03 -0.00 -3.27 -1.13 -4.97 -86.30 -463.82 -139.93 -23.31 -12.16 -0.93 -0.13 -20.82 -10.52 -27.82 -202.13
0.00 0.00 0.00 0.00 0.00 0.00 0.00 0.00 0.00 0.00 -18.62 -0.28 -0.00 -0.00 -0.00 0.00 -0.00 -0.00 -0.00 -1.28 -115.13 -10.40 -0.20 -0.02 -0.00 -0.00 -0.09 -0.01 -0.18 -22.38 -272.26 -53.02 -4.28 -1.51 -0.03 -0.00 -3.27 -1.13 -4.97 -86.30 -463.82 -139.93 -23.31 -12.16 -0.93 -0.13 -20.82 -10.52 -27.82 -202.13
0.00 0.00 0.00 0.00 0.00 0.00 0.00 0.00 0.00 0.00 -18.62 -0.28 -0.00 -0.00 -0.00 0.00 -0.00 -0.00 -0.00 -1.28 -115.13 -10.40 -0.20 -0.02 -0.00 -0.00 -0.09 -0.01 -0.18 -22.38 -272.26 -53.02 -4.28 -1.51 -0.03 -0.00 -3.27 -1.13 -4.97 -86.30 -463.82 -139.93 -23.31 -12.16 -0.93 -0.13 -20.82 -10.52 -27.82 -202.13
0.00 0.00 0.00 0.00 0.00 0.00 0.00 0.00 0.00 0.00 -18.62 -0.28 -0.00 -0.00 -0.00 0.00 -0.00 -0.00 -0.00 -1.28 -115.13 -10.40 -0.20 -0.02 -0.00 -0.00 -0.09 -0.01 -0.18 -22.38 -272.26 -53.02 -4.28 -1.51 -0.03 -0.00 -3.27 -1.13 -4.97 -86.30 -463.82 -139.93 -23.31 -12.16 -0.93 -0.13 -20.82 -10.52 -27.82 -202.13
0.00 0.00 0.00 0.00 0.00 0.00 0.00 0.00 0.00 0.00 -18.62 -0.28 -0.00 -0.00 -0.00 0.00 -0.00 -0.00 -0.00 -1.28 -115.13 -10.40 -0.20 -0.02 -0.00 -0.00 -0.09 -0.01 -0.18 -22.38 -272.26 -53.02 -4.28 -1.51 -0.03 -0.00 -3.27 -1.13 -4.97 -86.30 -463.82 -139.93 -23.31 -12.16 -0.93 -0.13 -20.82 -10.52 -27.82 -202.13
0.00 0.00 0.00 0.00 0.00 0.00 0.00 0.00 0.00 0.00 -18.62 -0.28 -0.00 -0.00 -0.00 0.00 -0.00 -0.00 -0.00 -1.28 -115.13 -10.40 -0.20 -0.02 -0.00 -0.00 -0.09 -0.01 -0.18 -22.38 -272.26 -53.02 -4.28 -1.51 -0.03 -0.00 -3.27 -1.13 -4.97 -86.30 -463.82 -139.93 -23.31 -12.16 -0.93 -0.13 -20.82 -10.52 -27.82 -202.13
0.00 0.00 0.00 0.00 0.00 0.00 0.00 0.00 0.00 0.00 -18.62 -0.28 -0.00 -0.00 -0.00 0.00 -0.00 -0.00 -0.00 -1.28 -115.13 -10.40 -0.20 -0.02 -0.00 -0.00 -0.09 -0.01 -0.18 -22.38 -272.26 -53.02 -4.28 -1.51 -0.03 -0.00 -3.27 -1.13 -4.97 -86.30 -463.82 -139.93 -23.31 -12.16 -0.93 -0.13 -20.82 -10.52 -27.82 -202.13
0.00 0.00 0.00 0.00 0.00 0.00 0.00 0.00 0.00 0.00 -18.62 -0.28 -0.00 -0.00 -0.00 0.00 -0.00 -0.00 -0.00 -1.28 -115.13 -10.40 -0.20 -0.02 -0.00 -0.00 -0.09 -0.01 -0.18 -22.38 -272.26 -53.02 -4.28 -1.51 -0.03 -0.00 -3.27 -1.13 -4.97 -86.30 -463.82 -139.93 -23.31 -12.16 -0.93 -0.13 -20.82 -10.52 -27.82 -202.13
0.00 0.00 0.00 0.00 0.00 0.00 0.00 0.00 0.00 0.00 -18.62 -0.28 -0.00 -0.00 -0.00 0.00 -0.00 -0.00 -0.00 -1.28 -115.13 -10.40 -0.20 -0.02 -0.00 -0.00 -0.09 -0.01 -0.18 -22.38 -272.26 -53.02 -4.28 -1.51 -0.03 -0.00 -3.27 -1.13 -4.97 -86.30 -463.82 -139.93 -23.31 -12.16 -0.93 -0.13 -20.82 -10.52 -27.82 -202.13
0.00 0.00 0.00 0.00 0.00 0.00 0.00 0.00 0.00 0.00 -18.62 -0.28 -0.00 -0.00 -0.00 0.00 -0.00 -0.00 -0.00 -1.28 -115.13 -10.40 -0.20 -0.02 -0.00 -0.00 -0.09 -0.01 -0.18 -22.38 -272.26 -53.02 -4.28 -1.51 -0.03 -0.00 -3.27 -1.13 -4.97 -86.30 -463.82 -139.93 -23.31 -12.16 -0.93 -0.13 -20.82 -10.52 -27.82 -202.13
0.00 0.00 0.00 0.00 0.00 0.00 0.00 0.00 0.00 0.00 -18.62 -0.28 -0.00 -0.00 -0.00 0.00 -0.00 -0.00 -0.00 -1.28 -115.13 -10.40 -0.20 -0.02 -0.00 -0.00 -0.09 -0.01 -0.18 -22.38 -272.26 -53.02 -4.28 -1.51 -0.03 -0.00 -3.27 -1.13 -4.97 -86.30 -463.82 -139.93 -23.31 -12.16 -0.93 -0.13 -20.82 -10.52 -27.82 -202.13
0.00 0.00 0.00 0.00 0.00 0.00 0.00 0.00 0.00 0.00 -18.62 -0.28 -0.00 -0.00 -0.00 0.00 -0.00 -0.00 -0.00 -1.28 -115.13 -10.40 -0.20 -0.02 -0.00 -0.00 -0.09 -0.01 -0.18 -22.38 -272.26 -53.02 -4.28 -1.51 -0.03 -0.00 -3.27 -1.13 -4.97 -86.30 -463.82 -139.93 -23.31 -12.16 -0.93 -0.13 -20.82 -10.52 -27.82 -202.13
0.00 0.00 0.00 0.00 0.00 0.00 0.00 0.00 0.00 0.00 -18.62 -0.28 -0.00 -0.00 -0.00 0.00 -0.00 -0.00 -0.00 -1.28 -115.13 -10.40 -0.20 -0.02 -0.00 -0.00 -0.09 -0.01 -0.18 -22.38 -272.26 -53.02 -4.28 -1.51 -0.03 -0.00 -3.27 -1.13 -4.97 -86.30 -463.82 -139.93 -23.31 -12.16 -0.93 -0.13 -20.82 -10.52 -27.82 -202.13
0.00 0.00 0.00 0.00 0.00 0.00 0.00 0.00 0.00 0.00 -18.62 -0.28 -0.00 -0.00 -0.00 0.00 -0.00 -0.00 -0.00 -1.28 -115.13 -10.40 -0.20 -0.02 -0.00 -0.00 -0.09 -0.01 -0.18 -22.38 -272.26 -53.02 -4.28 -1.51 -0.03 -0.00 -3.27 -1.13 -4.97 -86.30 -463.82 -139.93 -23.31 -12.16 -0.93 -0.13 -20.82 -10.52 -27.82 -202.13
0.00 0.00 0.00 0.00 0.00 0.00 0.00 0.00 0.00 0.00 -18.62 -0.28 -0.00 -0.00 -0.00 0.00 -0.00 -0.00 -0.00 -1.28 -115.13 -10.40 -0.20 -0.02 -0.00 -0.00 -0.09 -0.01 -0.18 -22.38 -272.26 -53.02 -4.28 -1.51 -0.03 -0.00 -3.27 -1.13 -4.97 -86.30 -463.82 -139.93 -23.31 -12.16 -0.93 -0.13 -20.82 -10.52 -27.82 -202.13
0.00 0.00 0.00 0.00 0.00 0.00 0.00 0.00 0.00 0.00 -18.62 -0.28 -0.00 -0.00 -0.00 0.00 -0.00 -0.00 -0.00 -1.28 -115.13 -10.40 -0.20 -0.02 -0.00 -0.00 -0.09 -0.01 -0.18 -22.38 -272.26 -53.02 -4.28 -1.51 -0.03 -0.00 -3.27 -1.13 -4.97 -86.30 -463.82 -139.93 -23.31 -12.16 -0.93 -0.13 -20.82 -10.52 -27.82 -202.13
0.00 0.00 0.00 0.00 0.00 0.00 0.00 0.00 0.00 0.00 -18.62 -0.28 -0.00 -0.00 -0.00 0.00 -0.00 -0.00 -0.00 -1.28 -115.13 -10.40 -0.20 -0.02 -0.00 -0.00 -0.09 -0.01 -0.18 -22.38 -272.26 -53.02 -4.28 -1.51 -0.03 -0.00 -3.27 -1.13 -4.97 -86.30 -463.82 -139.93 -23.31 -12.16 -0.93 -0.13 -20.82 -10.52 -27.82 -202.13
0.00 0.00 0.00 0.00 0.00 0.00 0.00 0.00 0.00 0.00 -18.62 -0.28 -0.00 -0.00 -0.00 0.00 -0.00 -0.00 -0.00 -1.28 -115.13 -10.40 -0.20 -0.02 -0.00 -0.00 -0.09 -0.01 -0.18 -22.38 -272.26 -53.02 -4.28 -1.51 -0.03 -0.00 -3.27 -1.13 -4.97 -86.30 -463.82 -139.93 -23.31 -12.16 -0.93 -0.13 -20.82 -10.52 -27.82 -202.13
0.00 0.00 0.00 0.00 0.00 0.00 0.00 0.00 0.00 0.00 -18.62 -0.28 -0.00 -0.00 -0.00 0.00 -0.00 -0.00 -0.00 -1.28 -115.13 -10.40 -0.20 -0.02 -0.00 -0.00 -0.09 -0.01 -0.18 -22.38 -272.26 -53.02 -4.28 -1.51 -0.03 -0.00 -3.27 -1.13 -4.97 -86.30 -463.82 -139.93 -23.31 -12.16 -0.93 -0.13 -20.82 -10.52 -27.82 -202.13
0.00 0.00 0.00 0.00 0.00 0.00 0.00 0.00 0.00 0.00 -18.62 -0.28 -0.00 -0.00 -0.00 0.00 -0.00 -0.00 -0.00 -1.28 -115.13 -10.40 -0.20 -0.02 -0.00 -0.00 -0.09 -0.01 -0.18 -22.38 -272.26 -53.02 -4.28 -1.51 -0.03 -0.00 -3.27 -1.13 -4.97 -86.30 -463.82 -139.93 -23.31 -12.16 -0.93 -0.13 -20.82 -10.52 -27.82 -202.13
0.00 0.00 0.00 0.00 0.00 0.00 0.00 0.00 0.00 0.00 -18.62 -0.28 -0.00 -0.00 -0.00 0.00 -0.00 -0.00 -0.00 -1.28 -115.13 -10.40 -0.20 -0.02 -0.00 -0.00 -0.09 -0.01 -0.18 -22.38 -272.26 -53.02 -4.28 -1.51 -0.03 -0.00 -3.27 -1.13 -4.97 -86.30 -463.82 -139.93 -23.31 -12.16 -0.93 -0.13 -20.82 -10.52 -27.82 -202.13
0.00 0.00 0.00 0.00 0.00 0.00 0.00 0.00 0.00 0.00 -31.98 -1.12 -0.00 -0.00 -0.00 0.00 -0.00 -0.00 -0.00 -2.35 -173.64 -29.60 -0.81 -1.00 -0.04 -0.00 -1.85 -1.83 -1.80 -45.32 -379.81 -124.03 -14.89 -21.08 -4.43 -0.15 -26.91 -35.57 -25.49 -170.69 -612.12 -281.45 -68.76 -93.59 -36.70 -4.41 -105.50 -132.63 -100.70 -356.06
0.00 0.00 0.00 0.00 0.00 0.00 0.00 0.00 0.00 0.00 -31.98 -1.12 -0.00 -0.00 -0.00 0.00 -0.00 -0.00 -0.00 -2.35 -173.64 -29.60 -0.81 -1.00 -0.04 -0.00 -1.85 -1.83 -1.80 -45.32 -379.81 -124.03 -14.89 -21.08 -4.43 -0.15 -26.91 -35.57 -25.49 -170.69 -612.12 -281.45 -68.76 -93.59 -36.70 -4.41 -105.50 -132.63 -100.70 -356.06
0.00 0.00 0.00 0.00 0.00 0.00 0.00 0.00 0.00 0.00 -31.98 -1.12 -0.00 -0.00 -0.00 0.00 -0.00 -0.00 -0.00 -2.35 -173.64 -29.60 -0.81 -1.00 -0.04 -0.00 -1.85 -1.83 -1.80 -45.32 -379.81 -124.03 -14.89 -21.08 -4.43 -0.15 -26.91 -35.57 -25.49 -170.69 -612.12 -281.45 -68.76 -93.59 -36.70 -4.41 -105.50 -132.63 -100.70 -356.06
0.00 0.00 0.00 0.00 0.00 0.00 0.00 0.00 0.00 0.00 -31.98 -1.12 -0.00 -0.00 -0.00 0.00 -0.00 -0.00 -0.00 -2.35 -173.64 -29.60 -0.81 -1.00 -0.04 -0.00 -1.85 -1.83 -1.80 -45.32 -379.81 -124.03 -14.89 -21.08 -4.43 -0.15 -26.91 -35.57 -25.49 -170.69 -612.12 -281.45 -68.76 -93.59 -36.70 -4.41 -105.50 -132.63 -100.70 -356.06
0.00 0.00 0.00 0.00 0.00 0.00 0.00 0.00 0.00 0.00 -31.98 -1.12 -0.00 -0.00 -0.00 0.00 -0.00 -0.00 -0.00 -2.35 -173.64 -29.60 -0.81 -1.00 -0.04 -0.00 -1.85 -1.83 -1.80 -45.32 -379.81 -124.03 -14.89 -21.08 -4.43 -0.15 -26.91 -35.57 -25.49 -170.69 -612.12 -281.45 -68.76 -93.59 -36.70 -4.41 -105.50 -132.63 -100.70 -356.06
0.00 0.00 0.00 0.00 0.00 0.00 0.00 0.00 0.00 0.00 -31.98 -1.12 -0.00 -0.00 -0.00 0.00 -0.00 -0.00 -0.00 -2.35 -173.64 -29.60 -0.81 -1.00 -0.04 -0.00 -1.85 -1.83 -1.80 -45.32 -379.81 -124.03 -14.89 -21.08 -4.43 -0.15 -26.91 -35.57 -25.49 -170.69 -612.12 -281.45 -68.76 -93.59 -36.70 -4.41 -105.50 -132.63 -100.70 -356.06
0.00 0.00 0.00 0.00 0.00 0.00 0.00 0.00 0.00 0.00 -31.98 -1.12 -0.00 -0.00 -0.00 0.00 -0.00 -0.00 -0.00 -2.35 -173.64 -29.60 -0.81 -1.00 -0.04 -0.00 -1.85 -1.83 -1.80 -45.32 -379.81 -124.03 -14.89 -21.08 -4.43 -0.15 -26.91 -35.57 -25.49 -170.69 -612.12 -281.45 -68.76 -93.59 -36.70 -4.41 -105.50 -132.63 -100.70 -356.06
0.00 0.00 0.00 0.00 0.00 0.00 0.00 0.00 0.00 0.00 -31.98 -1.12 -0.00 -0.00 -0.00 0.00 -0.00 -0.00 -0.00 -2.35 -173.64 -29.60 -0.81 -1.00 -0.04 -0.00 -1.85 -1.83 -1.80 -45.32 -379.81 -124.03 -14.89 -21.08 -4.43 -0.15 -26.91 -35.57 -25.49 -170.69 -612.12 -281.45 -68.76 -93.59 -36.70 -4.41 -105.50 -132.63 -100.70 -356.06
0.00 0.00 0.00 0.00 0.00 0.00 0.00 0.00 0.00 0.00 -31.98 -1.12 -0.00 -0.00 -0.00 0.00 -0.00 -0.00 -0.00 -2.35 -173.64 -29.60 -0.81 -1.00 -0.04 -0.00 -1.85 -1.83 -1.80 -45.32 -379.81 -124.03 -14.89 -21.08 -4.43 -0.15 -26.91 -35.57 -25.49 -170.69 -612.12 -281.45 -68.76 -93.59 -36.70 -4.41 -105.50 -132.63 -100.70 -356.06
0.00 0.00 0.00 0.00 0.00 0.00 0.00 0.00 0.00 0.00 -31.98 -1.12 -0.00 -0.00 -0.00 0.00 -0.00 -0.00 -0.00 -2.35 -173.64 -29.60 -0.81 -1.00 -0.04 -0.00 -1.85 -1.83 -1.80 -45.32 -379.81 -124.03 -14.89 -21.08 -4.43 -0.15 -26.91 -35.57 -25.49 -170.69 -612.12 -281.45 -68.76 -93.59 -36.70 -4.41 -105.50 -132.63 -100.70 -356.06
0.00 0.00 0.00 0.00 0.00 0.00 0.00 0.00 0.00 0.00 -31.98 -1.12 -0.00 -0.00 -0.00 0.00 -0.00 -0.00 -0.00 -2.35 -173.64 -29.60 -0.81 -1.00 -0.04 -0.00 -1.85 -1.83 -1.80 -45.32 -379.81 -124.03 -14.89 -21.08 -4.43 -0.15 -26.91 -35.57 -25.49 -170.69 -612.12 -281.45 -68.76 -93.59 -36.70 -4.41 -105.50 -132.63 -100.70 -356.06
0.00 0.00 0.00 0.00 0.00 0.00 0.00 0.00 0.00 0.00 -31.98 -1.12 -0.00 -0.00 -0.00 0.00 -0.00 -0.00 -0.00 -2.35 -173.64 -29.60 -0.81 -1.00 -0.04 -0.00 -1.85 -1.83 -1.80 -45.32 -379.81 -124.03 -14.89 -21.08 -4.43 -0.15 -26.91 -35.57 -25.49 -170.69 -612.12 -281.45 -68.76 -93.59 -36.70 -4.41 -105.50 -132.63 -100.70 -356.06
0.00 0.00 0.00 0.00 0.00 0.00 0.00 0.00 0.00 0.00 -31.98 -1.12 -0.00 -0.00 -0.00 0.00 -0.00 -0.00 -0.00 -2.35 -173.64 -29.60 -0.81 -1.00 -0.04 -0.00 -1.85 -1.83 -1.80 -45.32 -379.81 -124.03 -14.89 -21.08 -4.43 -0.15 -26.91 -35.57 -25.49 -170.69 -612.12 -281.45 -68.76 -93.59 -36.70 -4.41 -105.50 -132.63 -100.70 -356.06
0.00 0.00 0.00 0.00 0.00 0.00 0.00 0.00 0.00 0.00 -31.98 -1.12 -0.00 -0.00 -0.00 0.00 -0.00 -0.00 -0.00 -2.35 -173.64 -29.60 -0.81 -1.00 -0.04 -0.00 -1.85 -1.83 -1.80 -45.32 -379.81 -124.03 -14.89 -21.08 -4.43 -0.15 -26.91 -35.57 -25.49 -170.69 -612.12 -281.45 -68.76 -93.59 -36.70 -4.41 -105.50 -132.63 -100.70 -356.06
0.00 0.00 0.00 0.00 0.00 0.00 0.00 0.00 0.00 0.00 -31.98 -1.12 -0.00 -0.00 -0.00 0.00 -0.00 -0.00 -0.00 -2.35 -173.64 -29.60 -0.81 -1.00 -0.04 -0.00 -1.85 -1.83 -1.80 -45.32 -379.81 -124.03 -14.89 -21.08 -4.43 -0.15 -26.91 -35.57 -25.49 -170.69 -612.12 -281.45 -68.76 -93.59 -36.70 -4.41 -105.50 -132.63 -100.70 -356.06
0.00 0.00 0.00 0.00 0.00 0.00 0.00 0.00 0.00 0.00 -31.98 -1.12 -0.00 -0.00 -0.00 0.00 -0.00 -0.00 -0.00 -2.35 -173.64 -29.60 -0.81 -1.00 -0.04 -0.00 -1.85 -1.83 -1.80 -45.32 -379.81 -124.03 -14.89 -21.08 -4.43 -0.15 -26.91 -35.57 -25.49 -170.69 -612.12 -281.45 -68.76 -93.59 -36.70 -4.41 -105.50 -132.63 -100.70 -356.06
0.00 0.00 0.00 0.00 0.00 0.00 0.00 0.00 0.00 0.00 -31.98 -1.12 -0.00 -0.00 -0.00 0.00 -0.00 -0.00 -0.00 -2.35 -173.64 -29.60 -0.81 -1.00 -0.04 -0.00 -1.85 -1.83 -1.80 -45.32 -379.81 -124.03 -14.89 -21.08 -4.43 -0.15 -26.91 -35.57 -25.49 -170.69 -612.12 -281.45 -68.76 -93.59 -36.70 -4.41 -105.50 -132.63 -100.70 -356.06
0.00 0.00 0.00 0.00 0.00 0.00 0.00 0.00 0.00 0.00 -31.98 -1.12 -0.00 -0.00 -0.00 0.00 -0.00 -0.00 -0.00 -2.35 -173.64 -29.60 -0.81 -1.00 -0.04 -0.00 -1.85 -1.83 -1.80 -45.32 -379.81 -124.03 -14.89 -21.08 -4.43 -0.15 -26.91 -35.57 -25.49 -170.69 -612.12 -281.45 -68.76 -93.59 -36.70 -4.41 -105.50 -132.63 -100.70 -356.06
0.00 0.00 0.00 0.00 0.00 0.00 0.00 0.00 0.00 0.00 -31.98 -1.12 -0.00 -0.00 -0.00 0.00 -0.00 -0.00 -0.00 -2.35 -173.64 -29.60 -0.81 -1.00 -0.04 -0.00 -1.85 -1.83 -1.80 -45.32 -379.81 -124.03 -14.89 -21.08 -4.43 -0.15 -26.91 -35.57 -25.49 -170.69 -612.12 -281.45 -68.76 -93.59 -36.70 -4.41 -105.50 -132.63 -100.70 -356.06
0.00 0.00 0.00 0.00 0.00 0.00 0.00 0.00 0.00 0.00 -31.98 -1.12 -0.00 -0.00 -0.00 0.00 -0.00 -0.00 -0.00 -2.35 -173.64 -29.60 -0.81 -1.00 -0.04 -0.00 -1.85 -1.83 -1.80 -45.32 -379.81 -124.03 -14.89 -21.08 -4.43 -0.15 -26.91 -35.57 -25.49 -170.69 -612.12 -281.45 -68.76 -93.59 -36.70 -4.41 -105.50 -132.63 -100.70 -356.06
0.00 0.00 0.00 0.00 0.00 0.00 0.00 0.00 0.00 0.00 -31.98 -1.12 -0.00 -0.00 -0.00 0.00 -0.00 -0.00 -0.00 -2.35 -173.64 -29.60 -0.81 -1.00 -0.04 -0.00 -1.85 -1.83 -1.80 -45.32 -379.81 -124.03 -14.89 -21.08 -4.43 -0.15 -26.91 -35.57 -25.49 -170.69 -612.12 -281.45 -68.76 -93.59 -36.70 -4.41 -105.50 -132.63 -100.70 -356.06
0.00 0.00 0.00 0.00 0.00 0.00 0.00 0.00 0.00 0.00 -31.98 -1.12 -0.00 -0.00 -0.00 0.00 -0.00 -0.00 -0.00 -2.35 -173.64 -29.60 -0.81 -1.00 -0.04 -0.00 -1.85 -1.83 -1.80 -45.32 -379.81 -124.03 -14.89 -21.08 -4.43 -0.15 -26.91 -35.57 -25.49 -170.69 -612.12 -281.45 -68.76 -93.59 -36.70 -4.41 -105.50 -132.63 -100.70 -356.06
0.00 0.00 0.00 0.00 0.00 0.00 0.00 0.00 0.00 0.00 -31.98 -1.12 -0.00 -0.00 -0.00 0.00 -0.00 -0.00 -0.00 -2.35 -173.64 -29.60 -0.81 -1.00 -0.04 -0.00 -1.85 -1.83 -1.80 -45.32 -379.81 -124.03 -14.89 -21.08 -4.43 -0.15 -26.91 -35.57 -25.49 -170.69 -612.12 -281.45 -68.76 -93.59 -36.70 -4.41 -105.50 -132.63 -100.70 -356.06
0.00 0.00 0.00 0.00 0.00 0.00 0.00 0.00 0.00 0.00 -31.98 -1.12 -0.00 -0.00 -0.00 0.00 -0.00 -0.00 -0.00 -2.35 -173.64 -29.60 -0.81 -1.00 -0.04 -0.00 -1.85 -1.83 -1.80 -45.32 -379.81 -124.03 -14.89 -21.08 -4.43 -0.15 -26.91 -35.57 -25.49 -170.69 -612.12 -281.45 -68.76 -93.59 -36.70 -4.41 -105.50 -132.63 -100.70 -356.06
0.00 0.00 0.00 0.00 0.00 0.00 0.00 0.00 0.00 0.00 -31.98 -1.12 -0.00 -0.00 -0.00 0.00 -0.00 -0.00 -0.00 -2.35 -173.64 -29.60 -0.81 -1.00 -0.04 -0.00 -1.85 -1.83 -1.80 -45.32 -379.81 -124.03 -14.89 -21.08 -4.43 -0.15 -26.91 -35.57 -25.49 -170.69 -612.12 -281.45 -68.76 -93.59 -36.70 -4.41 -105.50 -132.63 -100.70 -356.06
0.00 0.00 0.00 0.00 0.00 0.00 0.00 0.00 0.00 0.00 -31.98 -1.12 -0.00 -0.00 -0.00 0.00 -0.00 -0.00 -0.00 -2.35 -173.64 -29.60 -0.81 -1.00 -0.04 -0.00 -1.85 -1.83 -1.80 -45.32 -379.81 -124.03 -14.89 -21.08 -4.43 -0.15 -26.91 -35.57 -25.49 -170.69 -612.12 -281.45 -68.76 -93.59 -36.70 -4.41 -105.50 -132.63 -100.70 -356.06
0.00 0.00 0.00 0.00 0.00 0.00 0.00 0.00 0.00 0.00 -31.98 -1.12 -0.00 -0.00 -0.00 0.00 -0.00 -0.00 -0.00 -2.35 -173.64 -29.60 -0.81 -1.00 -0.04 -0.00 -1.85 -1.83 -1.80 -45.32 -379.81 -124.03 -14.89 -21.08 -4.43 -0.15 -26.91 -35.57 -25.49 -170.69 -612.12 -281.45 -68.76 -93.59 -36.70 -4.41 -105.50 -132.63 -100.70 -356.06
0.00 0.00 0.00 0.00 0.00 0.00 0.00 0.00 0.00 0.00 -31.98 -1.12 -0.00 -0.00 -0.00 0.00 -0.00 -0.00 -0.00 -2.35 -173.64 -29.60 -0.81 -1.00 -0.04 -0.00 -1.85 -1.83 -1.80 -45.32 -379.81 -124.03 -14.89 -21.08 -4.43 -0.15 -26.91 -35.57 -25.49 -170.69 -612.12 -281.45 -68.76 -93.59 -36.70 -4.41 -105.50 -132.63 -100.70 -356.06
0.00 0.00 0.00 0.00 0.00 0.00 0.00 0.00 0.00 0.00 -31.98 -1.12 -0.00 -0.00 -0.00 0.00 -0.00 -0.00 -0.00 -2.35 -173.64 -29.60 -0.81 -1.00 -0.04 -0.00 -1.85 -1.83 -1.80 -45.32 -379.81 -124.03 -14.89 -21.08 -4.43 -0.15 -26.91 -35.57 -25.49 -170.69 -612.12 -281.45 -68.76 -93.59 -36.70 -4.41 -105.50 -132.63 -100.70 -356.06
0.00 0.00 0.00 0.00 0.00 0.00 0.00 0.00 0.00 0.00 -31.98 -1.12 -0.00 -0.00 -0.00 0.00 -0.00 -0.00 -0.00 -2.35 -173.64 -29.60 -0.81 -1.00 -0.04 -0.00 -1.85 -1.83 -1.80 -45.32 -379.81 -124.03 -14.89 -21.08 -4.43 -0.15 -26.91 -35.57 -25.49 -170.69 -612.12 -281.45 -68.76 -93.59 -36.70 -4.41 -105.50 -132.63 -100.70 -356.06
0.00 0.00 0.00 0.00 0.00 0.00 0.00 0.00 0.00 0.00 -31.98 -1.12 -0.00 -0.00 -0.00 0.00 -0.00 -0.00 -0.00 -2.35 -173.64 -29.60 -0.81 -1.00 -0.04 -0.00 -1.85 -1.83 -1.80 -45.32 -379.81 -124.03 -14.89 -21.08 -4.43 -0.15 -26.91 -35.57 -25.49 -170.69 -612.12 -281.45 -68.76 -93.59 -36.70 -4.41 -105.50 -132.63 -100.70 -356.06
0.00 0.00 0.00 0.00 0.00 0.00 0.00 0.00 0.00 0.00 -31.98 -1.12 -0.00 -0.00 -0.00 0.00 -0.00 -0.00 -0.00 -2.35 -173.64 -29.60 -0.81 -1.00 -0.04 -0.00 -1.85 -1.83 -1.80 -45.32 -379.81 -124.03 -14.89 -21.08 -4.43 -0.15 -26.91 -35.57 -25.49 -170.69 -612.12 -281.45 -68.76 -93.59 -36.70 -4.41 -105.50 -132.63 -100.70 -356.06
0.00 0.00 0.00 0.00 0.00 0.00 0.00 0.00 0.00 0.00 -31.98 -1.12 -0.00 -0.00 -0.00 0.00 -0.00 -0.00 -0.00 -2.35 -173.64 -29.60 -0.81 -1.00 -0.04 -0.00 -1.85 -1.83 -1.80 -45.32 -379.81 -124.03 -14.89 -21.08 -4.43 -0.15 -26.91 -35.57 -25.49 -170.69 -612.12 -281.45 -68.76 -93.59 -36.70 -4.41 -105.50 -132.63 -100.70 -356.06
0.00 0.00 0.00 0.00 0.00 0.00 0.00 0.00 0.00 0.00 -39.39 -2.03 -0.01 -0.00 -0.00 0.00 -0.01 -0.00 -0.00 -10.01 -198.59 -43.65 -5.64 -3.27 -0.21 -0.00 -5.43 -2.61 -6.85 -83.69 -417.40 -163.24 -52.29 -45.35 -11.40 -0.97 -55.38 -40.28 -63.05 -219.22 -656.69 -345.90 -165.88 -159.40 -66.77 -16.22 -179.66 -147.19 -192.92 -425.03
0.00 0.00 0.00 0.00 0.00 0.00 0.00 0.00 0.00 0.00 -39.39 -2.03 -0.01 -0.00 -0.00 0.00 -0.01 -0.00 -0.00 -10.01 -198.59 -43.65 -5.64 -3.27 -0.21 -0.00 -5.43 -2.61 -6.85 -83.69 -417.40 -163.24 -52.29 -45.35 -11.40 -0.97 -55.38 -40.28 -63.05 -219.22 -656.69 -345.90 -165.88 -159.40 -66.77 -16.22 -179.66 -147.19 -192.92 -425.03
