0.00 0.00 0.00 0.00 0.00 0.00 0.00 0.00 0.00 0.00 -5.60 -0.00 -0.00 -0.00 0.00 0.00 -0.00 0.00 0.00 -0.00 -48.87 -0.21 -0.00 -0.00 0.00 0.00 -0.00 0.00 0.00 -0.17 -141.77 -2.15 -0.00 -0.00 0.00 0.00 -0.00 -0.00 -0.00 -1.86 -276.88 -9.15 -0.00 -0.00 0.00 0.00 -0.00 -0.00 -0.00 -7.95
0.00 0.00 0.00 0.00 0.00 0.00 0.00 0.00 0.00 0.00 -3.67 -0.00 0.00 -0.00 0.00 0.00 -0.00 -0.00 0.00 -0.00 -34.13 -0.07 -0.00 -0.00 0.00 0.00 -0.00 -0.00 0.00 -0.04 -102.13 -0.81 -0.00 -0.00 0.00 0.00 -0.00 -0.00 -0.00 -0.45 -203.51 -3.76 -0.00 -0.00 0.00 0.00 -0.00 -0.00 -0.00 -2.15
0.00 0.00 0.00 0.00 0.00 0.00 0.00 0.00 0.00 0.00 -3.67 -0.00 0.00 -0.00 0.00 0.00 -0.00 -0.00 0.00 -0.00 -34.13 -0.07 -0.00 -0.00 0.00 0.00 -0.00 -0.00 0.00 -0.04 -102.13 -0.81 -0.00 -0.00 0.00 0.00 -0.00 -0.00 -0.00 -0.45 -203.51 -3.76 -0.00 -0.00 0.00 0.00 -0.00 -0.00 -0.00 -2.15
0.00 0.00 0.00 0.00 0.00 0.00 0.00 0.00 0.00 0.00 -7.25 -0.01 -0.00 -0.00 0.00 0.00 -0.00 -0.00 0.00 -0.01 -59.70 -0.54 -0.00 -0.00 0.00 0.00 -0.00 -0.00 -0.00 -1.04 -166.00 -4.85 -0.00 -0.00 0.00 0.00 -0.00 -0.00 -0.00 -8.14 -315.09 -18.80 -0.02 -0.00 -0.00 0.00 -0.00 -0.00 -0.00 -28.61
0.00 0.00 0.00 0.00 0.00 0.00 0.00 0.00 0.00 0.00 -10.86 -0.03 -0.00 -0.00 0.00 -0.00 -0.00 0.00 -0.00 -0.08 -80.49 -1.88 -0.00 -0.00 0.00 -0.00 -0.00 -0.00 -0.00 -3.38 -211.92 -13.89 -0.05 -0.00 -0.00 -0.00 -0.01 -0.00 -0.03 -23.03 -385.25 -46.79 -0.57 -0.05 -0.00 -0.00 -0.15 -0.01 -0.42 -71.55
0.00 0.00 0.00 0.00 0.00 0.00 0.00 0.00 0.00 0.00 -10.86 -0.03 -0.00 -0.00 0.00 -0.00 -0.00 0.00 -0.00 -0.08 -80.49 -1.88 -0.00 -0.00 0.00 -0.00 -0.00 -0.00 -0.00 -3.38 -211.92 -13.89 -0.05 -0.00 -0.00 -0.00 -0.01 -0.00 -0.03 -23.03 -385.25 -46.79 -0.57 -0.05 -0.00 -0.00 -0.15 -0.01 -0.42 -71.55
0.00 0.00 0.00 0.00 0.00 0.00 0.00 0.00 0.00 0.00 -10.86 -0.03 -0.00 -0.00 0.00 -0.00 -0.00 0.00 -0.00 -0.08 -80.49 -1.88 -0.00 -0.00 0.00 -0.00 -0.00 -0.00 -0.00 -3.38 -211.92 -13.89 -0.05 -0.00 -0.00 -0.00 -0.01 -0.00 -0.03 -23.03 -385.25 -46.79 -0.57 -0.05 -0.00 -0.00 -0.15 -0.01 -0.42 -71.55
0.00 0.00 0.00 0.00 0.00 0.00 0.00 0.00 0.00 0.00 -7.58 -0.02 -0.00 -0.00 0.00 -0.00 0.00 0.00 0.00 -0.23 -56.73 -1.23 -0.00 -0.00 0.00 -0.00 -0.00 -0.00 -0.00 -4.62 -150.04 -9.17 -0.02 -0.00 -0.00 -0.00 -0.00 -0.00 -0.00 -22.05 -273.73 -31.17 -0.21 -0.02 -0.00 -0.00 -0.06 -0.01 -0.09 -60.21
0.00 0.00 0.00 0.00 0.00 0.00 0.00 0.00 0.00 0.00 -6.72 -0.02 -0.00 0.00 0.00 0.00 -0.00 0.00 0.00 -0.09 -49.33 -1.04 -0.00 -0.00 0.00 0.00 -0.00 -0.00 -0.00 -2.59 -130.33 -7.82 -0.02 -0.00 -0.00 0.00 -0.00 -0.00 -0.00 -14.39 -237.98 -26.78 -0.27 -0.01 -0.00 -0.00 -0.04 -0.01 -0.08 -40.99
0.00 0.00 0.00 0.00 0.00 0.00 0.00 0.00 0.00 0.00 -6.72 -0.02 -0.00 0.00 0.00 0.00 -0.00 0.00 0.00 -0.09 -49.33 -1.04 -0.00 -0.00 0.00 0.00 -0.00 -0.00 -0.00 -2.59 -130.33 -7.82 -0.02 -0.00 -0.00 0.00 -0.00 -0.00 -0.00 -14.39 -237.98 -26.78 -0.27 -0.01 -0.00 -0.00 -0.04 -0.01 -0.08 -40.99
0.00 0.00 0.00 0.00 0.00 0.00 0.00 0.00 0.00 0.00 -6.72 -0.02 -0.00 0.00 0.00 0.00 -0.00 0.00 0.00 -0.09 -49.33 -1.04 -0.00 -0.00 0.00 0.00 -0.00 -0.00 -0.00 -2.59 -130.33 -7.82 -0.02 -0.00 -0.00 0.00 -0.00 -0.00 -0.00 -14.39 -237.98 -26.78 -0.27 -0.01 -0.00 -0.00 -0.04 -0.01 -0.08 -40.99
0.00 0.00 0.00 0.00 0.00 0.00 0.00 0.00 0.00 0.00 -6.72 -0.02 -0.00 0.00 0.00 0.00 -0.00 0.00 0.00 -0.09 -49.33 -1.04 -0.00 -0.00 0.00 0.00 -0.00 -0.00 -0.00 -2.59 -130.33 -7.82 -0.02 -0.00 -0.00 0.00 -0.00 -0.00 -0.00 -14.39 -237.98 -26.78 -0.27 -0.01 -0.00 -0.00 -0.04 -0.01 -0.08 -40.99
0.00 0.00 0.00 0.00 0.00 0.00 0.00 0.00 0.00 0.00 -12.43 -0.10 -0.00 -0.00 0.00 -0.00 -0.00 0.00 -0.00 -1.07 -81.96 -4.44 -0.02 -0.00 -0.00 -0.00 -0.00 -0.00 -0.01 -16.28 -203.80 -26.90 -0.55 -0.07 -0.00 -0.00 -0.34 -0.13 -0.46 -61.80 -360.60 -78.68 -4.23 -1.07 -0.19 -0.01 -3.44 -2.00 -4.21 -140.24
0.00 0.00 0.00 0.00 0.00 0.00 0.00 0.00 0.00 0.00 -12.43 -0.10 -0.00 -0.00 0.00 -0.00 -0.00 0.00 -0.00 -1.07 -81.96 -4.44 -0.02 -0.00 -0.00 -0.00 -0.00 -0.00 -0.01 -16.28 -203.80 -26.90 -0.55 -0.07 -0.00 -0.00 -0.34 -0.13 -0.46 -61.80 -360.60 -78.68 -4.23 -1.07 -0.19 -0.01 -3.44 -2.00 -4.21 -140.24
0.00 0.00 0.00 0.00 0.00 0.00 0.00 0.00 0.00 0.00 -12.06 -0.12 -0.00 -0.00 0.00 0.00 -0.00 0.00 -0.00 -0.56 -77.38 -4.97 -0.04 -0.00 -0.00 0.00 -0.01 -0.00 -0.11 -7.15 -188.61 -28.61 -1.19 -0.37 -0.01 -0.00 -0.69 -0.11 -4.13 -31.06 -329.00 -80.86 -7.92 -4.08 -0.27 -0.01 -5.91 -1.70 -23.61 -86.63
0.00 0.00 0.00 0.00 0.00 0.00 0.00 0.00 0.00 0.00 -12.06 -0.12 -0.00 -0.00 0.00 0.00 -0.00 0.00 -0.00 -0.56 -77.38 -4.97 -0.04 -0.00 -0.00 0.00 -0.01 -0.00 -0.11 -7.15 -188.61 -28.61 -1.19 -0.37 -0.01 -0.00 -0.69 -0.11 -4.13 -31.06 -329.00 -80.86 -7.92 -4.08 -0.27 -0.01 -5.91 -1.70 -23.61 -86.63
0.00 0.00 0.00 0.00 0.00 0.00 0.00 0.00 0.00 0.00 -12.06 -0.12 -0.00 -0.00 0.00 0.00 -0.00 0.00 -0.00 -0.56 -77.38 -4.97 -0.04 -0.00 -0.00 0.00 -0.01 -0.00 -0.11 -7.15 -188.61 -28.61 -1.19 -0.37 -0.01 -0.00 -0.69 -0.11 -4.13 -31.06 -329.00 -80.86 -7.92 -4.08 -0.27 -0.01 -5.91 -1.70 -23.61 -86.63
0.00 0.00 0.00 0.00 0.00 0.00 0.00 0.00 0.00 0.00 -12.06 -0.12 -0.00 -0.00 0.00 0.00 -0.00 0.00 -0.00 -0.56 -77.38 -4.97 -0.04 -0.00 -0.00 0.00 -0.01 -0.00 -0.11 -7.15 -188.61 -28.61 -1.19 -0.37 -0.01 -0.00 -0.69 -0.11 -4.13 -31.06 -329.00 -80.86 -7.92 -4.08 -0.27 -0.01 -5.91 -1.70 -23.61 -86.63
0.00 0.00 0.00 0.00 0.00 0.00 0.00 0.00 0.00 0.00 -12.06 -0.12 -0.00 -0.00 0.00 0.00 -0.00 0.00 -0.00 -0.56 -77.38 -4.97 -0.04 -0.00 -0.00 0.00 -0.01 -0.00 -0.11 -7.15 -188.61 -28.61 -1.19 -0.37 -0.01 -0.00 -0.69 -0.11 -4.13 -31.06 -329.00 -80.86 -7.92 -4.08 -0.27 -0.01 -5.91 -1.70 -23.61 -86.63
0.00 0.00 0.00 0.00 0.00 0.00 0.00 0.00 0.00 0.00 -12.06 -0.12 -0.00 -0.00 0.00 0.00 -0.00 0.00 -0.00 -0.56 -77.38 -4.97 -0.04 -0.00 -0.00 0.00 -0.01 -0.00 -0.11 -7.15 -188.61 -28.61 -1.19 -0.37 -0.01 -0.00 -0.69 -0.11 -4.13 -31.06 -329.00 -80.86 -7.92 -4.08 -0.27 -0.01 -5.91 -1.70 -23.61 -86.63
0.00 0.00 0.00 0.00 0.00 0.00 0.00 0.00 0.00 0.00 -12.06 -0.12 -0.00 -0.00 0.00 0.00 -0.00 0.00 -0.00 -0.56 -77.38 -4.97 -0.04 -0.00 -0.00 0.00 -0.01 -0.00 -0.11 -7.15 -188.61 -28.61 -1.19 -0.37 -0.01 -0.00 -0.69 -0.11 -4.13 -31.06 -329.00 -80.86 -7.92 -4.08 -0.27 -0.01 -5.91 -1.70 -23.61 -86.63
0.00 0.00 0.00 0.00 0.00 0.00 0.00 0.00 0.00 0.00 -12.06 -0.12 -0.00 -0.00 0.00 0.00 -0.00 0.00 -0.00 -0.56 -77.38 -4.97 -0.04 -0.00 -0.00 0.00 -0.01 -0.00 -0.11 -7.15 -188.61 -28.61 -1.19 -0.37 -0.01 -0.00 -0.69 -0.11 -4.13 -31.06 -329.00 -80.86 -7.92 -4.08 -0.27 -0.01 -5.91 -1.70 -23.61 -86.63
0.00 0.00 0.00 0.00 0.00 0.00 0.00 0.00 0.00 0.00 -12.06 -0.12 -0.00 -0.00 0.00 0.00 -0.00 0.00 -0.00 -0.56 -77.38 -4.97 -0.04 -0.00 -0.00 0.00 -0.01 -0.00 -0.11 -7.15 -188.61 -28.61 -1.19 -0.37 -0.01 -0.00 -0.69 -0.11 -4.13 -31.06 -329.00 -80.86 -7.92 -4.08 -0.27 -0.01 -5.91 -1.70 -23.61 -86.63
0.00 0.00 0.00 0.00 0.00 0.00 0.00 0.00 0.00 0.00 -12.06 -0.12 -0.00 -0.00 0.00 0.00 -0.00 0.00 -0.00 -0.56 -77.38 -4.97 -0.04 -0.00 -0.00 0.00 -0.01 -0.00 -0.11 -7.15 -188.61 -28.61 -1.19 -0.37 -0.01 -0.00 -0.69 -0.11 -4.13 -31.06 -329.00 -80.86 -7.92 -4.08 -0.27 -0.01 -5.91 -1.70 -23.61 -86.63
0.00 0.00 0.00 0.00 0.00 0.00 0.00 0.00 0.00 0.00 -12.06 -0.12 -0.00 -0.00 0.00 0.00 -0.00 0.00 -0.00 -0.56 -77.38 -4.97 -0.04 -0.00 -0.00 0.00 -0.01 -0.00 -0.11 -7.15 -188.61 -28.61 -1.19 -0.37 -0.01 -0.00 -0.69 -0.11 -4.13 -31.06 -329.00 -80.86 -7.92 -4.08 -0.27 -0.01 -5.91 -1.70 -23.61 -86.63
0.00 0.00 0.00 0.00 0.00 0.00 0.00 0.00 0.00 0.00 -12.06 -0.12 -0.00 -0.00 0.00 0.00 -0.00 0.00 -0.00 -0.56 -77.38 -4.97 -0.04 -0.00 -0.00 0.00 -0.01 -0.00 -0.11 -7.15 -188.61 -28.61 -1.19 -0.37 -0.01 -0.00 -0.69 -0.11 -4.13 -31.06 -329.00 -80.86 -7.92 -4.08 -0.27 -0.01 -5.91 -1.70 -23.61 -86.63
0.00 0.00 0.00 0.00 0.00 0.00 0.00 0.00 0.00 0.00 -12.06 -0.12 -0.00 -0.00 0.00 0.00 -0.00 0.00 -0.00 -0.56 -77.38 -4.97 -0.04 -0.00 -0.00 0.00 -0.01 -0.00 -0.11 -7.15 -188.61 -28.61 -1.19 -0.37 -0.01 -0.00 -0.69 -0.11 -4.13 -31.06 -329.00 -80.86 -7.92 -4.08 -0.27 -0.01 -5.91 -1.70 -23.61 -86.63
0.00 0.00 0.00 0.00 0.00 0.00 0.00 0.00 0.00 0.00 -12.06 -0.12 -0.00 -0.00 0.00 0.00 -0.00 0.00 -0.00 -0.56 -77.38 -4.97 -0.04 -0.00 -0.00 0.00 -0.01 -0.00 -0.11 -7.15 -188.61 -28.61 -1.19 -0.37 -0.01 -0.00 -0.69 -0.11 -4.13 -31.06 -329.00 -80.86 -7.92 -4.08 -0.27 -0.01 -5.91 -1.70 -23.61 -86.63
0.00 0.00 0.00 0.00 0.00 0.00 0.00 0.00 0.00 0.00 -12.06 -0.12 -0.00 -0.00 0.00 0.00 -0.00 0.00 -0.00 -0.56 -77.38 -4.97 -0.04 -0.00 -0.00 0.00 -0.01 -0.00 -0.11 -7.15 -188.61 -28.61 -1.19 -0.37 -0.01 -0.00 -0.69 -0.11 -4.13 -31.06 -329.00 -80.86 -7.92 -4.08 -0.27 -0.01 -5.91 -1.70 -23.61 -86.63
0.00 0.00 0.00 0.00 0.00 0.00 0.00 0.00 0.00 0.00 -12.06 -0.12 -0.00 -0.00 0.00 0.00 -0.00 0.00 -0.00 -0.56 -77.38 -4.97 -0.04 -0.00 -0.00 0.00 -0.01 -0.00 -0.11 -7.15 -188.61 -28.61 -1.19 -0.37 -0.01 -0.00 -0.69 -0.11 -4.13 -31.06 -329.00 -80.86 -7.92 -4.08 -0.27 -0.01 -5.91 -1.70 -23.61 -86.63
0.00 0.00 0.00 0.00 0.00 0.00 0.00 0.00 0.00 0.00 -12.06 -0.12 -0.00 -0.00 0.00 0.00 -0.00 0.00 -0.00 -0.56 -77.38 -4.97 -0.04 -0.00 -0.00 0.00 -0.01 -0.00 -0.11 -7.15 -188.61 -28.61 -1.19 -0.37 -0.01 -0.00 -0.69 -0.11 -4.13 -31.06 -329.00 -80.86 -7.92 -4.08 -0.27 -0.01 -5.91 -1.70 -23.61 -86.63
0.00 0.00 0.00 0.00 0.00 0.00 0.00 0.00 0.00 0.00 -12.06 -0.12 -0.00 -0.00 0.00 0.00 -0.00 0.00 -0.00 -0.56 -77.38 -4.97 -0.04 -0.00 -0.00 0.00 -0.01 -0.00 -0.11 -7.15 -188.61 -28.61 -1.19 -0.37 -0.01 -0.00 -0.69 -0.11 -4.13 -31.06 -329.00 -80.86 -7.92 -4.08 -0.27 -0.01 -5.91 -1.70 -23.61 -86.63
0.00 0.00 0.00 0.00 0.00 0.00 0.00 0.00 0.00 0.00 -12.06 -0.12 -0.00 -0.00 0.00 0.00 -0.00 0.00 -0.00 -0.56 -77.38 -4.97 -0.04 -0.00 -0.00 0.00 -0.01 -0.00 -0.11 -7.15 -188.61 -28.61 -1.19 -0.37 -0.01 -0.00 -0.69 -0.11 -4.13 -31.06 -329.00 -80.86 -7.92 -4.08 -0.27 -0.01 -5.91 -1.70 -23.61 -86.63
0.00 0.00 0.00 0.00 0.00 0.00 0.00 0.00 0.00 0.00 -12.06 -0.12 -0.00 -0.00 0.00 0.00 -0.00 0.00 -0.00 -0.56 -77.38 -4.97 -0.04 -0.00 -0.00 0.00 -0.01 -0.00 -0.11 -7.15 -188.61 -28.61 -1.19 -0.37 -0.01 -0.00 -0.69 -0.11 -4.13 -31.06 -329.00 -80.86 -7.92 -4.08 -0.27 -0.01 -5.91 -1.70 -23.61 -86.63
0.00 0.00 0.00 0.00 0.00 0.00 0.00 0.00 0.00 0.00 -12.06 -0.12 -0.00 -0.00 0.00 0.00 -0.00 0.00 -0.00 -0.56 -77.38 -4.97 -0.04 -0.00 -0.00 0.00 -0.01 -0.00 -0.11 -7.15 -188.61 -28.61 -1.19 -0.37 -0.01 -0.00 -0.69 -0.11 -4.13 -31.06 -329.00 -80.86 -7.92 -4.08 -0.27 -0.01 -5.91 -1.70 -23.61 -86.63
0.00 0.00 0.00 0.00 0.00 0.00 0.00 0.00 0.00 0.00 -12.06 -0.12 -0.00 -0.00 0.00 0.00 -0.00 0.00 -0.00 -0.56 -77.38 -4.97 -0.04 -0.00 -0.00 0.00 -0.01 -0.00 -0.11 -7.15 -188.61 -28.61 -1.19 -0.37 -0.01 -0.00 -0.69 -0.11 -4.13 -31.06 -329.00 -80.86 -7.92 -4.08 -0.27 -0.01 -5.91 -1.70 -23.61 -86.63
0.00 0.00 0.00 0.00 0.00 0.00 0.00 0.00 0.00 0.00 -12.06 -0.12 -0.00 -0.00 0.00 0.00 -0.00 0.00 -0.00 -0.56 -77.38 -4.97 -0.04 -0.00 -0.00 0.00 -0.01 -0.00 -0.11 -7.15 -188.61 -28.61 -1.19 -0.37 -0.01 -0.00 -0.69 -0.11 -4.13 -31.06 -329.00 -80.86 -7.92 -4.08 -0.27 -0.01 -5.91 -1.70 -23.61 -86.63
0.00 0.00 0.00 0.00 0.00 0.00 0.00 0.00 0.00 0.00 -12.06 -0.12 -0.00 -0.00 0.00 0.00 -0.00 0.00 -0.00 -0.56 -77.38 -4.97 -0.04 -0.00 -0.00 0.00 -0.01 -0.00 -0.11 -7.15 -188.61 -28.61 -1.19 -0.37 -0.01 -0.00 -0.69 -0.11 -4.13 -31.06 -329.00 -80.86 -7.92 -4.08 -0.27 -0.01 -5.91 -1.70 -23.61 -86.63
0.00 0.00 0.00 0.00 0.00 0.00 0.00 0.00 0.00 0.00 -12.06 -0.12 -0.00 -0.00 0.00 0.00 -0.00 0.00 -0.00 -0.56 -77.38 -4.97 -0.04 -0.00 -0.00 0.00 -0.01 -0.00 -0.11 -7.15 -188.61 -28.61 -1.19 -0.37 -0.01 -0.00 -0.69 -0.11 -4.13 -31.06 -329.00 -80.86 -7.92 -4.08 -0.27 -0.01 -5.91 -1.70 -23.61 -86.63
0.00 0.00 0.00 0.00 0.00 0.00 0.00 0.00 0.00 0.00 -12.06 -0.12 -0.00 -0.00 0.00 0.00 -0.00 0.00 -0.00 -0.56 -77.38 -4.97 -0.04 -0.00 -0.00 0.00 -0.01 -0.00 -0.11 -7.15 -188.61 -28.61 -1.19 -0.37 -0.01 -0.00 -0.69 -0.11 -4.13 -31.06 -329.00 -80.86 -7.92 -4.08 -0.27 -0.01 -5.91 -1.70 -23.61 -86.63
0.00 0.00 0.00 0.00 0.00 0.00 0.00 0.00 0.00 0.00 -12.06 -0.12 -0.00 -0.00 0.00 0.00 -0.00 0.00 -0.00 -0.56 -77.38 -4.97 -0.04 -0.00 -0.00 0.00 -0.01 -0.00 -0.11 -7.15 -188.61 -28.61 -1.19 -0.37 -0.01 -0.00 -0.69 -0.11 -4.13 -31.06 -329.00 -80.86 -7.92 -4.08 -0.27 -0.01 -5.91 -1.70 -23.61 -86.63
0.00 0.00 0.00 0.00 0.00 0.00 0.00 0.00 0.00 0.00 -21.91 -0.46 -0.00 -0.00 -0.00 0.00 -0.00 -0.00 -0.00 -2.44 -129.58 -15.06 -0.57 -0.10 -0.00 -0.00 -0.33 -0.05 -0.67 -31.25 -297.89 -70.62 -9.71 -4.34 -0.41 -0.01 -8.07 -3.64 -12.19 -112.72 -496.93 -176.01 -44.76 -28.45 -6.15 -0.55 -41.70 -28.72 -55.80 -250.06
0.00 0.00 0.00 0.00 0.00 0.00 0.00 0.00 0.00 0.00 -21.91 -0.46 -0.00 -0.00 -0.00 0.00 -0.00 -0.00 -0.00 -2.44 -129.58 -15.06 -0.57 -0.10 -0.00 -0.00 -0.33 -0.05 -0.67 -31.25 -297.89 -70.62 -9.71 -4.34 -0.41 -0.01 -8.07 -3.64 -12.19 -112.72 -496.93 -176.01 -44.76 -28.45 -6.15 -0.55 -41.70 -28.72 -55.80 -250.06
0.00 0.00 0.00 0.00 0.00 0.00 0.00 0.00 0.00 0.00 -21.91 -0.46 -0.00 -0.00 -0.00 0.00 -0.00 -0.00 -0.00 -2.44 -129.58 -15.06 -0.57 -0.10 -0.00 -0.00 -0.33 -0.05 -0.67 -31.25 -297.89 -70.62 -9.71 -4.34 -0.41 -0.01 -8.07 -3.64 -12.19 -112.72 -496.93 -176.01 -44.76 -28.45 -6.15 -0.55 -41.70 -28.72 -55.80 -250.06
0.00 0.00 0.00 0.00 0.00 0.00 0.00 0.00 0.00 0.00 -21.91 -0.46 -0.00 -0.00 -0.00 0.00 -0.00 -0.00 -0.00 -2.44 -129.58 -15.06 -0.57 -0.10 -0.00 -0.00 -0.33 -0.05 -0.67 -31.25 -297.89 -70.62 -9.71 -4.34 -0.41 -0.01 -8.07 -3.64 -12.19 -112.72 -496.93 -176.01 -44.76 -28.45 -6.15 -0.55 -41.70 -28.72 -55.80 -250.06
0.00 0.00 0.00 0.00 0.00 0.00 0.00 0.00 0.00 0.00 -21.91 -0.46 -0.00 -0.00 -0.00 0.00 -0.00 -0.00 -0.00 -2.44 -129.58 -15.06 -0.57 -0.10 -0.00 -0.00 -0.33 -0.05 -0.67 -31.25 -297.89 -70.62 -9.71 -4.34 -0.41 -0.01 -8.07 -3.64 -12.19 -112.72 -496.93 -176.01 -44.76 -28.45 -6.15 -0.55 -41.70 -28.72 -55.80 -250.06
0.00 0.00 0.00 0.00 0.00 0.00 0.00 0.00 0.00 0.00 -21.91 -0.46 -0.00 -0.00 -0.00 0.00 -0.00 -0.00 -0.00 -2.44 -129.58 -15.06 -0.57 -0.10 -0.00 -0.00 -0.33 -0.05 -0.67 -31.25 -297.89 -70.62 -9.71 -4.34 -0.41 -0.01 -8.07 -3.64 -12.19 -112.72 -496.93 -176.01 -44.76 -28.45 -6.15 -0.55 -41.70 -28.72 -55.80 -250.06
0.00 0.00 0.00 0.00 0.00 0.00 0.00 0.00 0.00 0.00 -21.91 -0.46 -0.00 -0.00 -0.00 0.00 -0.00 -0.00 -0.00 -2.44 -129.58 -15.06 -0.57 -0.10 -0.00 -0.00 -0.33 -0.05 -0.67 -31.25 -297.89 -70.62 -9.71 -4.34 -0.41 -0.01 -8.07 -3.64 -12.19 -112.72 -496.93 -176.01 -44.76 -28.45 -6.15 -0.55 -41.70 -28.72 -55.80 -250.06
0.00 0.00 0.00 0.00 0.00 0.00 0.00 0.00 0.00 0.00 -21.91 -0.46 -0.00 -0.00 -0.00 0.00 -0.00 -0.00 -0.00 -2.44 -129.58 -15.06 -0.57 -0.10 -0.00 -0.00 -0.33 -0.05 -0.67 -31.25 -297.89 -70.62 -9.71 -4.34 -0.41 -0.01 -8.07 -3.64 -12.19 -112.72 -496.93 -176.01 -44.76 -28.45 -6.15 -0.55 -41.70 -28.72 -55.80 -250.06
0.00 0.00 0.00 0.00 0.00 0.00 0.00 0.00 0.00 0.00 -21.91 -0.46 -0.00 -0.00 -0.00 0.00 -0.00 -0.00 -0.00 -2.44 -129.58 -15.06 -0.57 -0.10 -0.00 -0.00 -0.33 -0.05 -0.67 -31.25 -297.89 -70.62 -9.71 -4.34 -0.41 -0.01 -8.07 -3.64 -12.19 -112.72 -496.93 -176.01 -44.76 -28.45 -6.15 -0.55 -41.70 -28.72 -55.80 -250.06
0.00 0.00 0.00 0.00 0.00 0.00 0.00 0.00 0.00 0.00 -21.91 -0.46 -0.00 -0.00 -0.00 0.00 -0.00 -0.00 -0.00 -2.44 -129.58 -15.06 -0.57 -0.10 -0.00 -0.00 -0.33 -0.05 -0.67 -31.25 -297.89 -70.62 -9.71 -4.34 -0.41 -0.01 -8.07 -3.64 -12.19 -112.72 -496.93 -176.01 -44.76 -28.45 -6.15 -0.55 -41.70 -28.72 -55.80 -250.06
0.00 0.00 0.00 0.00 0.00 0.00 0.00 0.00 0.00 0.00 -21.91 -0.46 -0.00 -0.00 -0.00 0.00 -0.00 -0.00 -0.00 -2.44 -129.58 -15.06 -0.57 -0.10 -0.00 -0.00 -0.33 -0.05 -0.67 -31.25 -297.89 -70.62 -9.71 -4.34 -0.41 -0.01 -8.07 -3.64 -12.19 -112.72 -496.93 -176.01 -44.76 -28.45 -6.15 -0.55 -41.70 -28.72 -55.80 -250.06
0.00 0.00 0.00 0.00 0.00 0.00 0.00 0.00 0.00 0.00 -21.91 -0.46 -0.00 -0.00 -0.00 0.00 -0.00 -0.00 -0.00 -2.44 -129.58 -15.06 -0.57 -0.10 -0.00 -0.00 -0.33 -0.05 -0.67 -31.25 -297.89 -70.62 -9.71 -4.34 -0.41 -0.01 -8.07 -3.64 -12.19 -112.72 -496.93 -176.01 -44.76 -28.45 -6.15 -0.55 -41.70 -28.72 -55.80 -250.06
0.00 0.00 0.00 0.00 0.00 0.00 0.00 0.00 0.00 0.00 -21.91 -0.46 -0.00 -0.00 -0.00 0.00 -0.00 -0.00 -0.00 -2.44 -129.58 -15.06 -0.57 -0.10 -0.00 -0.00 -0.33 -0.05 -0.67 -31.25 -297.89 -70.62 -9.71 -4.34 -0.41 -0.01 -8.07 -3.64 -12.19 -112.72 -496.93 -176.01 -44.76 -28.45 -6.15 -0.55 -41.70 -28.72 -55.80 -250.06
0.00 0.00 0.00 0.00 0.00 0.00 0.00 0.00 0.00 0.00 -21.91 -0.46 -0.00 -0.00 -0.00 0.00 -0.00 -0.00 -0.00 -2.44 -129.58 -15.06 -0.57 -0.10 -0.00 -0.00 -0.33 -0.05 -0.67 -31.25 -297.89 -70.62 -9.71 -4.34 -0.41 -0.01 -8.07 -3.64 -12.19 -112.72 -496.93 -176.01 -44.76 -28.45 -6.15 -0.55 -41.70 -28.72 -55.80 -250.06
0.00 0.00 0.00 0.00 0.00 0.00 0.00 0.00 0.00 0.00 -32.66 -1.46 -0.01 -0.00 -0.00 0.00 -0.00 -0.00 -0.00 -12.32 -169.40 -34.86 -4.07 -1.58 -0.06 -0.00 -3.66 -1.77 -4.54 -92.23 -361.61 -133.02 -40.01 -27.53 -5.43 -0.39 -41.06 -30.47 -43.76 -236.81 -574.40 -287.29 -131.44 -110.27 -39.22 -7.94 -132.35 -123.38 -139.83 -420.46
0.00 0.00 0.00 0.00 0.00 0.00 0.00 0.00 0.00 0.00 -31.68 -1.32 -0.00 -0.00 -0.00 0.00 -0.00 -0.00 -0.01 -8.95 -166.38 -31.85 -2.75 -1.33 -0.12 -0.00 -3.08 -1.22 -12.52 -76.67 -357.36 -126.94 -31.66 -24.84 -8.10 -0.41 -36.98 -26.77 -87.04 -212.59 -569.55 -279.27 -110.65 -102.09 -52.42 -7.71 -123.42 -111.46 -234.81 -394.33
0.00 0.00 0.00 0.00 0.00 0.00 0.00 0.00 0.00 0.00 -31.68 -1.32 -0.00 -0.00 -0.00 0.00 -0.00 -0.00 -0.01 -8.95 -166.38 -31.85 -2.75 -1.33 -0.12 -0.00 -3.08 -1.22 -12.52 -76.67 -357.36 -126.94 -31.66 -24.84 -8.10 -0.41 -36.98 -26.77 -87.04 -212.59 -569.55 -279.27 -110.65 -102.09 -52.42 -7.71 -123.42 -111.46 -234.81 -394.33
0.00 0.00 0.00 0.00 0.00 0.00 0.00 0.00 0.00 0.00 -31.68 -1.32 -0.00 -0.00 -0.00 0.00 -0.00 -0.00 -0.01 -8.95 -166.38 -31.85 -2.75 -1.33 -0.12 -0.00 -3.08 -1.22 -12.52 -76.67 -357.36 -126.94 -31.66 -24.84 -8.10 -0.41 -36.98 -26.77 -87.04 -212.59 -569.55 -279.27 -110.65 -102.09 -52.42 -7.71 -123.42 -111.46 -234.81 -394.33
0.00 0.00 0.00 0.00 0.00 0.00 0.00 0.00 0.00 0.00 -31.68 -1.32 -0.00 -0.00 -0.00 0.00 -0.00 -0.00 -0.01 -8.95 -166.38 -31.85 -2.75 -1.33 -0.12 -0.00 -3.08 -1.22 -12.52 -76.67 -357.36 -126.94 -31.66 -24.84 -8.10 -0.41 -36.98 -26.77 -87.04 -212.59 -569.55 -279.27 -110.65 -102.09 -52.42 -7.71 -123.42 -111.46 -234.81 -394.33
0.00 0.00 0.00 0.00 0.00 0.00 0.00 0.00 0.00 0.00 -31.68 -1.32 -0.00 -0.00 -0.00 0.00 -0.00 -0.00 -0.01 -8.95 -166.38 -31.85 -2.75 -1.33 -0.12 -0.00 -3.08 -1.22 -12.52 -76.67 -357.36 -126.94 -31.66 -24.84 -8.10 -0.41 -36.98 -26.77 -87.04 -212.59 -569.55 -279.27 -110.65 -102.09 -52.42 -7.71 -123.42 -111.46 -234.81 -394.33
0.00 0.00 0.00 0.00 0.00 0.00 0.00 0.00 0.00 0.00 -31.68 -1.32 -0.00 -0.00 -0.00 0.00 -0.00 -0.00 -0.01 -8.95 -166.38 -31.85 -2.75 -1.33 -0.12 -0.00 -3.08 -1.22 -12.52 -76.67 -357.36 -126.94 -31.66 -24.84 -8.10 -0.41 -36.98 -26.77 -87.04 -212.59 -569.55 -279.27 -110.65 -102.09 -52.42 -7.71 -123.42 -111.46 -234.81 -394.33
0.00 0.00 0.00 0.00 0.00 0.00 0.00 0.00 0.00 0.00 -31.68 -1.32 -0.00 -0.00 -0.00 0.00 -0.00 -0.00 -0.01 -8.95 -166.38 -31.85 -2.75 -1.33 -0.12 -0.00 -3.08 -1.22 -12.52 -76.67 -357.36 -126.94 -31.66 -24.84 -8.10 -0.41 -36.98 -26.77 -87.04 -212.59 -569.55 -279.27 -110.65 -102.09 -52.42 -7.71 -123.42 -111.46 -234.81 -394.33
0.00 0.00 0.00 0.00 0.00 0.00 0.00 0.00 0.00 0.00 -31.68 -1.32 -0.00 -0.00 -0.00 0.00 -0.00 -0.00 -0.01 -8.95 -166.38 -31.85 -2.75 -1.33 -0.12 -0.00 -3.08 -1.22 -12.52 -76.67 -357.36 -126.94 -31.66 -24.84 -8.10 -0.41 -36.98 -26.77 -87.04 -212.59 -569.55 -279.27 -110.65 -102.09 -52.42 -7.71 -123.42 -111.46 -234.81 -394.33
0.00 0.00 0.00 0.00 0.00 0.00 0.00 0.00 0.00 0.00 -31.68 -1.32 -0.00 -0.00 -0.00 0.00 -0.00 -0.00 -0.01 -8.95 -166.38 -31.85 -2.75 -1.33 -0.12 -0.00 -3.08 -1.22 -12.52 -76.67 -357.36 -126.94 -31.66 -24.84 -8.10 -0.41 -36.98 -26.77 -87.04 -212.59 -569.55 -279.27 -110.65 -102.09 -52.42 -7.71 -123.42 -111.46 -234.81 -394.33
0.00 0.00 0.00 0.00 0.00 0.00 0.00 0.00 0.00 0.00 -31.68 -1.32 -0.00 -0.00 -0.00 0.00 -0.00 -0.00 -0.01 -8.95 -166.38 -31.85 -2.75 -1.33 -0.12 -0.00 -3.08 -1.22 -12.52 -76.67 -357.36 -126.94 -31.66 -24.84 -8.10 -0.41 -36.98 -26.77 -87.04 -212.59 -569.55 -279.27 -110.65 -102.09 -52.42 -7.71 -123.42 -111.46 -234.81 -394.33
0.00 0.00 0.00 0.00 0.00 0.00 0.00 0.00 0.00 0.00 -31.68 -1.32 -0.00 -0.00 -0.00 0.00 -0.00 -0.00 -0.01 -8.95 -166.38 -31.85 -2.75 -1.33 -0.12 -0.00 -3.08 -1.22 -12.52 -76.67 -357.36 -126.94 -31.66 -24.84 -8.10 -0.41 -36.98 -26.77 -87.04 -212.59 -569.55 -279.27 -110.65 -102.09 -52.42 -7.71 -123.42 -111.46 -234.81 -394.33
0.00 0.00 0.00 0.00 0.00 0.00 0.00 0.00 0.00 0.00 -31.68 -1.32 -0.00 -0.00 -0.00 0.00 -0.00 -0.00 -0.01 -8.95 -166.38 -31.85 -2.75 -1.33 -0.12 -0.00 -3.08 -1.22 -12.52 -76.67 -357.36 -126.94 -31.66 -24.84 -8.10 -0.41 -36.98 -26.77 -87.04 -212.59 -569.55 -279.27 -110.65 -102.09 -52.42 -7.71 -123.42 -111.46 -234.81 -394.33
0.00 0.00 0.00 0.00 0.00 0.00 0.00 0.00 0.00 0.00 -31.68 -1.32 -0.00 -0.00 -0.00 0.00 -0.00 -0.00 -0.01 -8.95 -166.38 -31.85 -2.75 -1.33 -0.12 -0.00 -3.08 -1.22 -12.52 -76.67 -357.36 -126.94 -31.66 -24.84 -8.10 -0.41 -36.98 -26.77 -87.04 -212.59 -569.55 -279.27 -110.65 -102.09 -52.42 -7.71 -123.42 -111.46 -234.81 -394.33
0.00 0.00 0.00 0.00 0.00 0.00 0.00 0.00 0.00 0.00 -31.68 -1.32 -0.00 -0.00 -0.00 0.00 -0.00 -0.00 -0.01 -8.95 -166.38 -31.85 -2.75 -1.33 -0.12 -0.00 -3.08 -1.22 -12.52 -76.67 -357.36 -126.94 -31.66 -24.84 -8.10 -0.41 -36.98 -26.77 -87.04 -212.59 -569.55 -279.27 -110.65 -102.09 -52.42 -7.71 -123.42 -111.46 -234.81 -394.33
0.00 0.00 0.00 0.00 0.00 0.00 0.00 0.00 0.00 0.00 -31.68 -1.32 -0.00 -0.00 -0.00 0.00 -0.00 -0.00 -0.01 -8.95 -166.38 -31.85 -2.75 -1.33 -0.12 -0.00 -3.08 -1.22 -12.52 -76.67 -357.36 -126.94 -31.66 -24.84 -8.10 -0.41 -36.98 -26.77 -87.04 -212.59 -569.55 -279.27 -110.65 -102.09 -52.42 -7.71 -123.42 -111.46 -234.81 -394.33
0.00 0.00 0.00 0.00 0.00 0.00 0.00 0.00 0.00 0.00 -31.68 -1.32 -0.00 -0.00 -0.00 0.00 -0.00 -0.00 -0.01 -8.95 -166.38 -31.85 -2.75 -1.33 -0.12 -0.00 -3.08 -1.22 -12.52 -76.67 -357.36 -126.94 -31.66 -24.84 -8.10 -0.41 -36.98 -26.77 -87.04 -212.59 -569.55 -279.27 -110.65 -102.09 -52.42 -7.71 -123.42 -111.46 -234.81 -394.33
0.00 0.00 0.00 0.00 0.00 0.00 0.00 0.00 0.00 0.00 -31.68 -1.32 -0.00 -0.00 -0.00 0.00 -0.00 -0.00 -0.01 -8.95 -166.38 -31.85 -2.75 -1.33 -0.12 -0.00 -3.08 -1.22 -12.52 -76.67 -357.36 -126.94 -31.66 -24.84 -8.10 -0.41 -36.98 -26.77 -87.04 -212.59 -569.55 -279.27 -110.65 -102.09 -52.42 -7.71 -123.42 -111.46 -234.81 -394.33
0.00 0.00 0.00 0.00 0.00 0.00 0.00 0.00 0.00 0.00 -31.68 -1.32 -0.00 -0.00 -0.00 0.00 -0.00 -0.00 -0.01 -8.95 -166.38 -31.85 -2.75 -1.33 -0.12 -0.00 -3.08 -1.22 -12.52 -76.67 -357.36 -126.94 -31.66 -24.84 -8.10 -0.41 -36.98 -26.77 -87.04 -212.59 -569.55 -279.27 -110.65 -102.09 -52.42 -7.71 -123.42 -111.46 -234.81 -394.33
0.00 0.00 0.00 0.00 0.00 0.00 0.00 0.00 0.00 0.00 -31.68 -1.32 -0.00 -0.00 -0.00 0.00 -0.00 -0.00 -0.01 -8.95 -166.38 -31.85 -2.75 -1.33 -0.12 -0.00 -3.08 -1.22 -12.52 -76.67 -357.36 -126.94 -31.66 -24.84 -8.10 -0.41 -36.98 -26.77 -87.04 -212.59 -569.55 -279.27 -110.65 -102.09 -52.42 -7.71 -123.42 -111.46 -234.81 -394.33
0.00 0.00 0.00 0.00 0.00 0.00 0.00 0.00 0.00 0.00 -31.68 -1.32 -0.00 -0.00 -0.00 0.00 -0.00 -0.00 -0.01 -8.95 -166.38 -31.85 -2.75 -1.33 -0.12 -0.00 -3.08 -1.22 -12.52 -76.67 -357.36 -126.94 -31.66 -24.84 -8.10 -0.41 -36.98 -26.77 -87.04 -212.59 -569.55 -279.27 -110.65 -102.09 -52.42 -7.71 -123.42 -111.46 -234.81 -394.33
0.00 0.00 0.00 0.00 0.00 0.00 0.00 0.00 0.00 0.00 -31.68 -1.32 -0.00 -0.00 -0.00 0.00 -0.00 -0.00 -0.01 -8.95 -166.38 -31.85 -2.75 -1.33 -0.12 -0.00 -3.08 -1.22 -12.52 -76.67 -357.36 -126.94 -31.66 -24.84 -8.10 -0.41 -36.98 -26.77 -87.04 -212.59 -569.55 -279.27 -110.65 -102.09 -52.42 -7.71 -123.42 -111.46 -234.81 -394.33
0.00 0.00 0.00 0.00 0.00 0.00 0.00 0.00 0.00 0.00 -31.68 -1.32 -0.00 -0.00 -0.00 0.00 -0.00 -0.00 -0.01 -8.95 -166.38 -31.85 -2.75 -1.33 -0.12 -0.00 -3.08 -1.22 -12.52 -76.67 -357.36 -126.94 -31.66 -24.84 -8.10 -0.41 -36.98 -26.77 -87.04 -212.59 -569.55 -279.27 -110.65 -102.09 -52.42 -7.71 -123.42 -111.46 -234.81 -394.33
0.00 0.00 0.00 0.00 0.00 0.00 0.00 0.00 0.00 0.00 -30.18 -1.14 -0.00 -0.00 -0.00 0.00 -0.00 -0.00 -0.00 -8.07 -161.20 -28.89 -2.16 -1.16 -0.02 -0.00 -2.54 -0.60 -5.67 -71.28 -349.46 -118.28 -26.58 -23.09 -2.72 -0.19 -32.57 -16.19 -49.13 -201.79 -560.11 -264.78 -96.87 -95.35 -25.28 -5.56 -113.05 -80.40 -145.81 -376.00
0.00 0.00 0.00 0.00 0.00 0.00 0.00 0.00 0.00 0.00 -30.18 -1.14 -0.00 -0.00 -0.00 0.00 -0.00 -0.00 -0.00 -8.07 -161.20 -28.89 -2.16 -1.16 -0.02 -0.00 -2.54 -0.60 -5.67 -71.28 -349.46 -118.28 -26.58 -23.09 -2.72 -0.19 -32.57 -16.19 -49.13 -201.79 -560.11 -264.78 -96.87 -95.35 -25.28 -5.56 -113.05 -80.40 -145.81 -376.00
0.00 0.00 0.00 0.00 0.00 0.00 0.00 0.00 0.00 0.00 -30.18 -1.14 -0.00 -0.00 -0.00 0.00 -0.00 -0.00 -0.00 -8.07 -161.20 -28.89 -2.16 -1.16 -0.02 -0.00 -2.54 -0.60 -5.67 -71.28 -349.46 -118.28 -26.58 -23.09 -2.72 -0.19 -32.57 -16.19 -49.13 -201.79 -560.11 -264.78 -96.87 -95.35 -25.28 -5.56 -113.05 -80.40 -145.81 -376.00
0.00 0.00 0.00 0.00 0.00 0.00 0.00 0.00 0.00 0.00 -30.18 -1.14 -0.00 -0.00 -0.00 0.00 -0.00 -0.00 -0.00 -8.07 -161.20 -28.89 -2.16 -1.16 -0.02 -0.00 -2.54 -0.60 -5.67 -71.28 -349.46 -118.28 -26.58 -23.09 -2.72 -0.19 -32.57 -16.19 -49.13 -201.79 -560.11 -264.78 -96.87 -95.35 -25.28 -5.56 -113.05 -80.40 -145.81 -376.00
0.00 0.00 0.00 0.00 0.00 0.00 0.00 0.00 0.00 0.00 -30.18 -1.14 -0.00 -0.00 -0.00 0.00 -0.00 -0.00 -0.00 -8.07 -161.20 -28.89 -2.16 -1.16 -0.02 -0.00 -2.54 -0.60 -5.67 -71.28 -349.46 -118.28 -26.58 -23.09 -2.72 -0.19 -32.57 -16.19 -49.13 -201.79 -560.11 -264.78 -96.87 -95.35 -25.28 -5.56 -113.05 -80.40 -145.81 -376.00
0.00 0.00 0.00 0.00 0.00 0.00 0.00 0.00 0.00 0.00 -30.18 -1.14 -0.00 -0.00 -0.00 0.00 -0.00 -0.00 -0.00 -8.07 -161.20 -28.89 -2.16 -1.16 -0.02 -0.00 -2.54 -0.60 -5.67 -71.28 -349.46 -118.28 -26.58 -23.09 -2.72 -0.19 -32.57 -16.19 -49.13 -201.79 -560.11 -264.78 -96.87 -95.35 -25.28 -5.56 -113.05 -80.40 -145.81 -376.00
0.00 0.00 0.00 0.00 0.00 0.00 0.00 0.00 0.00 0.00 -31.68 -1.32 -0.00 -0.00 -0.00 0.00 -0.00 -0.00 -0.01 -8.95 -166.38 -31.85 -2.75 -1.33 -0.12 -0.00 -3.08 -1.22 -12.52 -76.67 -357.36 -126.94 -31.66 -24.84 -8.10 -0.41 -36.98 -26.77 -87.04 -212.59 -569.55 -279.27 -110.65 -102.09 -52.42 -7.71 -123.42 -111.46 -234.81 -394.33
0.00 0.00 0.00 0.00 0.00 0.00 0.00 0.00 0.00 0.00 -30.18 -1.14 -0.00 -0.00 -0.00 0.00 -0.00 -0.00 -0.00 -8.07 -161.20 -28.89 -2.16 -1.16 -0.02 -0.00 -2.54 -0.60 -5.67 -71.28 -349.46 -118.28 -26.58 -23.09 -2.72 -0.19 -32.57 -16.19 -49.13 -201.79 -560.11 -264.78 -96.87 -95.35 -25.28 -5.56 -113.05 -80.40 -145.81 -376.00
0.00 0.00 0.00 0.00 0.00 0.00 0.00 0.00 0.00 0.00 -30.18 -1.14 -0.00 -0.00 -0.00 0.00 -0.00 -0.00 -0.00 -8.07 -161.20 -28.89 -2.16 -1.16 -0.02 -0.00 -2.54 -0.60 -5.67 -71.28 -349.46 -118.28 -26.58 -23.09 -2.72 -0.19 -32.57 -16.19 -49.13 -201.79 -560.11 -264.78 -96.87 -95.35 -25.28 -5.56 -113.05 -80.40 -145.81 -376.00
0.00 0.00 0.00 0.00 0.00 0.00 0.00 0.00 0.00 0.00 -30.18 -1.14 -0.00 -0.00 -0.00 0.00 -0.00 -0.00 -0.00 -8.07 -161.20 -28.89 -2.16 -1.16 -0.02 -0.00 -2.54 -0.60 -5.67 -71.28 -349.46 -118.28 -26.58 -23.09 -2.72 -0.19 -32.57 -16.19 -49.13 -201.79 -560.11 -264.78 -96.87 -95.35 -25.28 -5.56 -113.05 -80.40 -145.81 -376.00
0.00 0.00 0.00 0.00 0.00 0.00 0.00 0.00 0.00 0.00 -30.18 -1.14 -0.00 -0.00 -0.00 0.00 -0.00 -0.00 -0.00 -8.07 -161.20 -28.89 -2.16 -1.16 -0.02 -0.00 -2.54 -0.60 -5.67 -71.28 -349.46 -118.28 -26.58 -23.09 -2.72 -0.19 -32.57 -16.19 -49.13 -201.79 -560.11 -264.78 -96.87 -95.35 -25.28 -5.56 -113.05 -80.40 -145.81 -376.00
0.00 0.00 0.00 0.00 0.00 0.00 0.00 0.00 0.00 0.00 -30.18 -1.14 -0.00 -0.00 -0.00 0.00 -0.00 -0.00 -0.00 -8.07 -161.20 -28.89 -2.16 -1.16 -0.02 -0.00 -2.54 -0.60 -5.67 -71.28 -349.46 -118.28 -26.58 -23.09 -2.72 -0.19 -32.57 -16.19 -49.13 -201.79 -560.11 -264.78 -96.87 -95.35 -25.28 -5.56 -113.05 -80.40 -145.81 -376.00
0.00 0.00 0.00 0.00 0.00 0.00 0.00 0.00 0.00 0.00 -30.18 -1.14 -0.00 -0.00 -0.00 0.00 -0.00 -0.00 -0.00 -8.07 -161.20 -28.89 -2.16 -1.16 -0.02 -0.00 -2.54 -0.60 -5.67 -71.28 -349.46 -118.28 -26.58 -23.09 -2.72 -0.19 -32.57 -16.19 -49.13 -201.79 -560.11 -264.78 -96.87 -95.35 -25.28 -5.56 -113.05 -80.40 -145.81 -376.00
0.00 0.00 0.00 0.00 0.00 0.00 0.00 0.00 0.00 0.00 -30.18 -1.14 -0.00 -0.00 -0.00 0.00 -0.00 -0.00 -0.00 -8.07 -161.20 -28.89 -2.16 -1.16 -0.02 -0.00 -2.54 -0.60 -5.67 -71.28 -349.46 -118.28 -26.58 -23.09 -2.72 -0.19 -32.57 -16.19 -49.13 -201.79 -560.11 -264.78 -96.87 -95.35 -25.28 -5.56 -113.05 -80.40 -145.81 -376.00
0.00 0.00 0.00 0.00 0.00 0.00 0.00 0.00 0.00 0.00 -30.18 -1.14 -0.00 -0.00 -0.00 0.00 -0.00 -0.00 -0.00 -8.07 -161.20 -28.89 -2.16 -1.16 -0.02 -0.00 -2.54 -0.60 -5.67 -71.28 -349.46 -118.28 -26.58 -23.09 -2.72 -0.19 -32.57 -16.19 -49.13 -201.79 -560.11 -264.78 -96.87 -95.35 -25.28 -5.56 -113.05 -80.40 -145.81 -376.00
0.00 0.00 0.00 0.00 0.00 0.00 0.00 0.00 0.00 0.00 -30.18 -1.14 -0.00 -0.00 -0.00 0.00 -0.00 -0.00 -0.00 -8.07 -161.20 -28.89 -2.16 -1.16 -0.02 -0.00 -2.54 -0.60 -5.67 -71.28 -349.46 -118.28 -26.58 -23.09 -2.72 -0.19 -32.57 -16.19 -49.13 -201.79 -560.11 -264.78 -96.87 -95.35 -25.28 -5.56 -113.05 -80.40 -145.81 -376.00
0.00 0.00 0.00 0.00 0.00 0.00 0.00 0.00 0.00 0.00 -30.18 -1.14 -0.00 -0.00 -0.00 0.00 -0.00 -0.00 -0.00 -8.07 -161.20 -28.89 -2.16 -1.16 -0.02 -0.00 -2.54 -0.60 -5.67 -71.28 -349.46 -118.28 -26.58 -23.09 -2.72 -0.19 -32.57 -16.19 -49.13 -201.79 -560.11 -264.78 -96.87 -95.35 -25.28 -5.56 -113.05 -80.40 -145.81 -376.00
0.00 0.00 0.00 0.00 0.00 0.00 0.00 0.00 0.00 0.00 -30.18 -1.14 -0.00 -0.00 -0.00 0.00 -0.00 -0.00 -0.00 -8.07 -161.20 -28.89 -2.16 -1.16 -0.02 -0.00 -2.54 -0.60 -5.67 -71.28 -349.46 -118.28 -26.58 -23.09 -2.72 -0.19 -32.57 -16.19 -49.13 -201.79 -560.11 -264.78 -96.87 -95.35 -25.28 -5.56 -113.05 -80.40 -145.81 -376.00
0.00 0.00 0.00 0.00 0.00 0.00 0.00 0.00 0.00 0.00 -30.18 -1.14 -0.00 -0.00 -0.00 0.00 -0.00 -0.00 -0.00 -8.07 -161.20 -28.89 -2.16 -1.16 -0.02 -0.00 -2.54 -0.60 -5.67 -71.28 -349.46 -118.28 -26.58 -23.09 -2.72 -0.19 -32.57 -16.19 -49.13 -201.79 -560.11 -264.78 -96.87 -95.35 -25.28 -5.56 -113.05 -80.40 -145.81 -376.00
0.00 0.00 0.00 0.00 0.00 0.00 0.00 0.00 0.00 0.00 -30.18 -1.14 -0.00 -0.00 -0.00 0.00 -0.00 -0.00 -0.00 -8.07 -161.20 -28.89 -2.16 -1.16 -0.02 -0.00 -2.54 -0.60 -5.67 -71.28 -349.46 -118.28 -26.58 -23.09 -2.72 -0.19 -32.57 -16.19 -49.13 -201.79 -560.11 -264.78 -96.87 -95.35 -25.28 -5.56 -113.05 -80.40 -145.81 -376.00
0.00 0.00 0.00 0.00 0.00 0.00 0.00 0.00 0.00 0.00 -30.18 -1.14 -0.00 -0.00 -0.00 0.00 -0.00 -0.00 -0.00 -8.07 -161.20 -28.89 -2.16 -1.16 -0.02 -0.00 -2.54 -0.60 -5.67 -71.28 -349.46 -118.28 -26.58 -23.09 -2.72 -0.19 -32.57 -16.19 -49.13 -201.79 -560.11 -264.78 -96.87 -95.35 -25.28 -5.56 -113.05 -80.40 -145.81 -376.00
0.00 0.00 0.00 0.00 0.00 0.00 0.00 0.00 0.00 0.00 -30.18 -1.14 -0.00 -0.00 -0.00 0.00 -0.00 -0.00 -0.00 -8.07 -161.20 -28.89 -2.16 -1.16 -0.02 -0.00 -2.54 -0.60 -5.67 -71.28 -349.46 -118.28 -26.58 -23.09 -2.72 -0.19 -32.57 -16.19 -49.13 -201.79 -560.11 -264.78 -96.87 -95.35 -25.28 -5.56 -113.05 -80.40 -145.81 -376.00
0.00 0.00 0.00 0.00 0.00 0.00 0.00 0.00 0.00 0.00 -30.18 -1.14 -0.00 -0.00 -0.00 0.00 -0.00 -0.00 -0.00 -8.07 -161.20 -28.89 -2.16 -1.16 -0.02 -0.00 -2.54 -0.60 -5.67 -71.28 -349.46 -118.28 -26.58 -23.09 -2.72 -0.19 -32.57 -16.19 -49.13 -201.79 -560.11 -264.78 -96.87 -95.35 -25.28 -5.56 -113.05 -80.40 -145.81 -376.00
0.00 0.00 0.00 0.00 0.00 0.00 0.00 0.00 0.00 0.00 -30.18 -1.14 -0.00 -0.00 -0.00 0.00 -0.00 -0.00 -0.00 -8.07 -161.20 -28.89 -2.16 -1.16 -0.02 -0.00 -2.54 -0.60 -5.67 -71.28 -349.46 -118.28 -26.58 -23.09 -2.72 -0.19 -32.57 -16.19 -49.13 -201.79 -560.11 -264.78 -96.87 -95.35 -25.28 -5.56 -113.05 -80.40 -145.81 -376.00
0.00 0.00 0.00 0.00 0.00 0.00 0.00 0.00 0.00 0.00 -30.18 -1.14 -0.00 -0.00 -0.00 0.00 -0.00 -0.00 -0.00 -8.07 -161.20 -28.89 -2.16 -1.16 -0.02 -0.00 -2.54 -0.60 -5.67 -71.28 -349.46 -118.28 -26.58 -23.09 -2.72 -0.19 -32.57 -16.19 -49.13 -201.79 -560.11 -264.78 -96.87 -95.35 -25.28 -5.56 -113.05 -80.40 -145.81 -376.00
0.00 0.00 0.00 0.00 0.00 0.00 0.00 0.00 0.00 0.00 -30.18 -1.14 -0.00 -0.00 -0.00 0.00 -0.00 -0.00 -0.00 -8.07 -161.20 -28.89 -2.16 -1.16 -0.02 -0.00 -2.54 -0.60 -5.67 -71.28 -349.46 -118.28 -26.58 -23.09 -2.72 -0.19 -32.57 -16.19 -49.13 -201.79 -560.11 -264.78 -96.87 -95.35 -25.28 -5.56 -113.05 -80.40 -145.81 -376.00
0.00 0.00 0.00 0.00 0.00 0.00 0.00 0.00 0.00 0.00 -30.18 -1.14 -0.00 -0.00 -0.00 0.00 -0.00 -0.00 -0.00 -8.07 -161.20 -28.89 -2.16 -1.16 -0.02 -0.00 -2.54 -0.60 -5.67 -71.28 -349.46 -118.28 -26.58 -23.09 -2.72 -0.19 -32.57 -16.19 -49.13 -201.79 -560.11 -264.78 -96.87 -95.35 -25.28 -5.56 -113.05 -80.40 -145.81 -376.00
0.00 0.00 0.00 0.00 0.00 0.00 0.00 0.00 0.00 0.00 -30.18 -1.14 -0.00 -0.00 -0.00 0.00 -0.00 -0.00 -0.00 -8.07 -161.20 -28.89 -2.16 -1.16 -0.02 -0.00 -2.54 -0.60 -5.67 -71.28 -349.46 -118.28 -26.58 -23.09 -2.72 -0.19 -32.57 -16.19 -49.13 -201.79 -560.11 -264.78 -96.87 -95.35 -25.28 -5.56 -113.05 -80.40 -145.81 -376.00
0.00 0.00 0.00 0.00 0.00 0.00 0.00 0.00 0.00 0.00 -30.18 -1.14 -0.00 -0.00 -0.00 0.00 -0.00 -0.00 -0.00 -8.07 -161.20 -28.89 -2.16 -1.16 -0.02 -0.00 -2.54 -0.60 -5.67 -71.28 -349.46 -118.28 -26.58 -23.09 -2.72 -0.19 -32.57 -16.19 -49.13 -201.79 -560.11 -264.78 -96.87 -95.35 -25.28 -5.56 -113.05 -80.40 -145.81 -376.00
0.00 0.00 0.00 0.00 0.00 0.00 0.00 0.00 0.00 0.00 -30.18 -1.14 -0.00 -0.00 -0.00 0.00 -0.00 -0.00 -0.00 -8.07 -161.20 -28.89 -2.16 -1.16 -0.02 -0.00 -2.54 -0.60 -5.67 -71.28 -349.46 -118.28 -26.58 -23.09 -2.72 -0.19 -32.57 -16.19 -49.13 -201.79 -560.11 -264.78 -96.87 -95.35 -25.28 -5.56 -113.05 -80.40 -145.81 -376.00
0.00 0.00 0.00 0.00 0.00 0.00 0.00 0.00 0.00 0.00 -30.18 -1.14 -0.00 -0.00 -0.00 0.00 -0.00 -0.00 -0.00 -8.07 -161.20 -28.89 -2.16 -1.16 -0.02 -0.00 -2.54 -0.60 -5.67 -71.28 -349.46 -118.28 -26.58 -23.09 -2.72 -0.19 -32.57 -16.19 -49.13 -201.79 -560.11 -264.78 -96.87 -95.35 -25.28 -5.56 -113.05 -80.40 -145.81 -376.00
0.00 0.00 0.00 0.00 0.00 0.00 0.00 0.00 0.00 0.00 -30.18 -1.14 -0.00 -0.00 -0.00 0.00 -0.00 -0.00 -0.00 -8.07 -161.20 -28.89 -2.16 -1.16 -0.02 -0.00 -2.54 -0.60 -5.67 -71.28 -349.46 -118.28 -26.58 -23.09 -2.72 -0.19 -32.57 -16.19 -49.13 -201.79 -560.11 -264.78 -96.87 -95.35 -25.28 -5.56 -113.05 -80.40 -145.81 -376.00
0.00 0.00 0.00 0.00 0.00 0.00 0.00 0.00 0.00 0.00 -30.18 -1.14 -0.00 -0.00 -0.00 0.00 -0.00 -0.00 -0.00 -8.07 -161.20 -28.89 -2.16 -1.16 -0.02 -0.00 -2.54 -0.60 -5.67 -71.28 -349.46 -118.28 -26.58 -23.09 -2.72 -0.19 -32.57 -16.19 -49.13 -201.79 -560.11 -264.78 -96.87 -95.35 -25.28 -5.56 -113.05 -80.40 -145.81 -376.00
0.00 0.00 0.00 0.00 0.00 0.00 0.00 0.00 0.00 0.00 -30.18 -1.14 -0.00 -0.00 -0.00 0.00 -0.00 -0.00 -0.00 -8.07 -161.20 -28.89 -2.16 -1.16 -0.02 -0.00 -2.54 -0.60 -5.67 -71.28 -349.46 -118.28 -26.58 -23.09 -2.72 -0.19 -32.57 -16.19 -49.13 -201.79 -560.11 -264.78 -96.87 -95.35 -25.28 -5.56 -113.05 -80.40 -145.81 -376.00
0.00 0.00 0.00 0.00 0.00 0.00 0.00 0.00 0.00 0.00 -30.18 -1.14 -0.00 -0.00 -0.00 0.00 -0.00 -0.00 -0.00 -8.07 -161.20 -28.89 -2.16 -1.16 -0.02 -0.00 -2.54 -0.60 -5.67 -71.28 -349.46 -118.28 -26.58 -23.09 -2.72 -0.19 -32.57 -16.19 -49.13 -201.79 -560.11 -264.78 -96.87 -95.35 -25.28 -5.56 -113.05 -80.40 -145.81 -376.00
0.00 0.00 0.00 0.00 0.00 0.00 0.00 0.00 0.00 0.00 -30.18 -1.14 -0.00 -0.00 -0.00 0.00 -0.00 -0.00 -0.00 -8.07 -161.20 -28.89 -2.16 -1.16 -0.02 -0.00 -2.54 -0.60 -5.67 -71.28 -349.46 -118.28 -26.58 -23.09 -2.72 -0.19 -32.57 -16.19 -49.13 -201.79 -560.11 -264.78 -96.87 -95.35 -25.28 -5.56 -113.05 -80.40 -145.81 -376.00
0.00 0.00 0.00 0.00 0.00 0.00 0.00 0.00 0.00 0.00 -30.18 -1.14 -0.00 -0.00 -0.00 0.00 -0.00 -0.00 -0.00 -8.07 -161.20 -28.89 -2.16 -1.16 -0.02 -0.00 -2.54 -0.60 -5.67 -71.28 -349.46 -118.28 -26.58 -23.09 -2.72 -0.19 -32.57 -16.19 -49.13 -201.79 -560.11 -264.78 -96.87 -95.35 -25.28 -5.56 -113.05 -80.40 -145.81 -376.00
0.00 0.00 0.00 0.00 0.00 0.00 0.00 0.00 0.00 0.00 -30.18 -1.14 -0.00 -0.00 -0.00 0.00 -0.00 -0.00 -0.00 -8.07 -161.20 -28.89 -2.16 -1.16 -0.02 -0.00 -2.54 -0.60 -5.67 -71.28 -349.46 -118.28 -26.58 -23.09 -2.72 -0.19 -32.57 -16.19 -49.13 -201.79 -560.11 -264.78 -96.87 -95.35 -25.28 -5.56 -113.05 -80.40 -145.81 -376.00
0.00 0.00 0.00 0.00 0.00 0.00 0.00 0.00 0.00 0.00 -30.18 -1.14 -0.00 -0.00 -0.00 0.00 -0.00 -0.00 -0.00 -8.07 -161.20 -28.89 -2.16 -1.16 -0.02 -0.00 -2.54 -0.60 -5.67 -71.28 -349.46 -118.28 -26.58 -23.09 -2.72 -0.19 -32.57 -16.19 -49.13 -201.79 -560.11 -264.78 -96.87 -95.35 -25.28 -5.56 -113.05 -80.40 -145.81 -376.00
0.00 0.00 0.00 0.00 0.00 0.00 0.00 0.00 0.00 0.00 -30.18 -1.14 -0.00 -0.00 -0.00 0.00 -0.00 -0.00 -0.00 -8.07 -161.20 -28.89 -2.16 -1.16 -0.02 -0.00 -2.54 -0.60 -5.67 -71.28 -349.46 -118.28 -26.58 -23.09 -2.72 -0.19 -32.57 -16.19 -49.13 -201.79 -560.11 -264.78 -96.87 -95.35 -25.28 -5.56 -113.05 -80.40 -145.81 -376.00
0.00 0.00 0.00 0.00 0.00 0.00 0.00 0.00 0.00 0.00 -30.18 -1.14 -0.00 -0.00 -0.00 0.00 -0.00 -0.00 -0.00 -8.07 -161.20 -28.89 -2.16 -1.16 -0.02 -0.00 -2.54 -0.60 -5.67 -71.28 -349.46 -118.28 -26.58 -23.09 -2.72 -0.19 -32.57 -16.19 -49.13 -201.79 -560.11 -264.78 -96.87 -95.35 -25.28 -5.56 -113.05 -80.40 -145.81 -376.00
0.00 0.00 0.00 0.00 0.00 0.00 0.00 0.00 0.00 0.00 -30.18 -1.14 -0.00 -0.00 -0.00 0.00 -0.00 -0.00 -0.00 -8.07 -161.20 -28.89 -2.16 -1.16 -0.02 -0.00 -2.54 -0.60 -5.67 -71.28 -349.46 -118.28 -26.58 -23.09 -2.72 -0.19 -32.57 -16.19 -49.13 -201.79 -560.11 -264.78 -96.87 -95.35 -25.28 -5.56 -113.05 -80.40 -145.81 -376.00
0.00 0.00 0.00 0.00 0.00 0.00 0.00 0.00 0.00 0.00 -30.18 -1.14 -0.00 -0.00 -0.00 0.00 -0.00 -0.00 -0.00 -8.07 -161.20 -28.89 -2.16 -1.16 -0.02 -0.00 -2.54 -0.60 -5.67 -71.28 -349.46 -118.28 -26.58 -23.09 -2.72 -0.19 -32.57 -16.19 -49.13 -201.79 -560.11 -264.78 -96.87 -95.35 -25.28 -5.56 -113.05 -80.40 -145.81 -376.00
0.00 0.00 0.00 0.00 0.00 0.00 0.00 0.00 0.00 0.00 -30.18 -1.14 -0.00 -0.00 -0.00 0.00 -0.00 -0.00 -0.00 -8.07 -161.20 -28.89 -2.16 -1.16 -0.02 -0.00 -2.54 -0.60 -5.67 -71.28 -349.46 -118.28 -26.58 -23.09 -2.72 -0.19 -32.57 -16.19 -49.13 -201.79 -560.11 -264.78 -96.87 -95.35 -25.28 -5.56 -113.05 -80.40 -145.81 -376.00
0.00 0.00 0.00 0.00 0.00 0.00 0.00 0.00 0.00 0.00 -30.18 -1.14 -0.00 -0.00 -0.00 0.00 -0.00 -0.00 -0.00 -8.07 -161.20 -28.89 -2.16 -1.16 -0.02 -0.00 -2.54 -0.60 -5.67 -71.28 -349.46 -118.28 -26.58 -23.09 -2.72 -0.19 -32.57 -16.19 -49.13 -201.79 -560.11 -264.78 -96.87 -95.35 -25.28 -5.56 -113.05 -80.40 -145.81 -376.00
