0.00 0.00 0.00 0.00 0.00 0.00 0.00 0.00 0.00 0.00 0.00 0.00 0.00 0.00 0.00 0.00 0.00 0.00 0.00 0.00 0.00 0.00 0.00 0.00 0.00 0.00 0.00 0.00 0.00 0.00 0.00 0.00 0.00 0.00 0.00 0.00 0.00 0.00 0.00 0.00 0.00 0.00 0.00 0.00 0.00 0.00 0.00 0.00 0.00 0.00
0.00 0.00 0.00 0.00 0.00 0.00 0.00 0.00 0.00 0.00 0.00 0.00 0.00 0.00 0.00 0.00 0.00 0.00 0.00 0.00 0.00 0.00 0.00 0.00 0.00 0.00 0.00 0.00 0.00 0.00 0.00 0.00 0.00 0.00 0.00 0.00 0.00 0.00 0.00 0.00 0.00 0.00 0.00 0.00 0.00 0.00 0.00 0.00 0.00 0.00
0.00 0.00 0.00 0.00 0.00 0.00 0.00 0.00 0.00 0.00 -16.32 -0.05 -0.00 -0.00 0.00 -0.00 -0.00 0.00 0.00 -0.18 -119.53 -2.92 -0.00 -0.00 0.00 -0.00 -0.00 -0.00 -0.00 -5.48 -313.16 -21.32 -0.08 -0.00 -0.00 -0.00 -0.01 -0.00 -0.01 -30.89 -568.09 -71.24 -0.93 -0.07 -0.00 -0.00 -0.23 -0.07 -0.29 -97.13
0.00 0.00 0.00 0.00 0.00 0.00 0.00 0.00 0.00 0.00 -16.32 -0.05 -0.00 -0.00 0.00 -0.00 -0.00 0.00 0.00 -0.18 -119.53 -2.92 -0.00 -0.00 0.00 -0.00 -0.00 -0.00 -0.00 -5.48 -313.16 -21.32 -0.08 -0.00 -0.00 -0.00 -0.01 -0.00 -0.01 -30.89 -568.09 -71.24 -0.93 -0.07 -0.00 -0.00 -0.23 -0.07 -0.29 -97.13
0.00 0.00 0.00 0.00 0.00 0.00 0.00 0.00 0.00 0.00 -9.44 -0.01 -0.00 -0.00 0.00 0.00 -0.00 0.00 0.00 -0.07 -74.81 -0.96 -0.00 -0.00 0.00 0.00 -0.00 -0.00 -0.00 -2.45 -203.16 -8.07 -0.01 -0.00 -0.00 0.00 -0.00 -0.00 -0.00 -15.13 -379.05 -29.86 -0.09 -0.00 -0.00 0.00 -0.00 -0.00 -0.01 -46.53
0.00 0.00 0.00 0.00 0.00 0.00 0.00 0.00 0.00 0.00 -7.28 -0.01 -0.00 -0.00 0.00 -0.00 -0.00 0.00 -0.00 -0.01 -57.76 -0.60 -0.00 -0.00 0.00 -0.00 -0.00 0.00 -0.00 -0.89 -158.86 -5.24 -0.00 -0.00 0.00 -0.00 -0.00 -0.00 -0.00 -7.18 -300.34 -20.01 -0.03 -0.00 -0.00 -0.00 -0.00 -0.00 -0.00 -25.74
0.00 0.00 0.00 0.00 0.00 0.00 0.00 0.00 0.00 0.00 -13.73 -0.08 -0.00 -0.00 -0.00 0.00 -0.00 -0.00 -0.00 -0.33 -93.28 -3.87 -0.01 -0.00 -0.00 0.00 -0.00 -0.00 -0.00 -9.37 -237.22 -25.13 -0.28 -0.05 -0.00 -0.00 -0.16 -0.03 -0.27 -43.46 -420.01 -77.05 -2.52 -0.89 -0.01 -0.00 -1.95 -0.68 -3.09 -107.35
0.00 0.00 0.00 0.00 0.00 0.00 0.00 0.00 0.00 0.00 -13.73 -0.08 -0.00 -0.00 -0.00 0.00 -0.00 -0.00 -0.00 -0.33 -93.28 -3.87 -0.01 -0.00 -0.00 0.00 -0.00 -0.00 -0.00 -9.37 -237.22 -25.13 -0.28 -0.05 -0.00 -0.00 -0.16 -0.03 -0.27 -43.46 -420.01 -77.05 -2.52 -0.89 -0.01 -0.00 -1.95 -0.68 -3.09 -107.35
0.00 0.00 0.00 0.00 0.00 0.00 0.00 0.00 0.00 0.00 -13.73 -0.08 -0.00 -0.00 -0.00 0.00 -0.00 -0.00 -0.00 -0.33 -93.28 -3.87 -0.01 -0.00 -0.00 0.00 -0.00 -0.00 -0.00 -9.37 -237.22 -25.13 -0.28 -0.05 -0.00 -0.00 -0.16 -0.03 -0.27 -43.46 -420.01 -77.05 -2.52 -0.89 -0.01 -0.00 -1.95 -0.68 -3.09 -107.35
0.00 0.00 0.00 0.00 0.00 0.00 0.00 0.00 0.00 0.00 -13.73 -0.08 -0.00 -0.00 -0.00 0.00 -0.00 -0.00 -0.00 -0.33 -93.28 -3.87 -0.01 -0.00 -0.00 0.00 -0.00 -0.00 -0.00 -9.37 -237.22 -25.13 -0.28 -0.05 -0.00 -0.00 -0.16 -0.03 -0.27 -43.46 -420.01 -77.05 -2.52 -0.89 -0.01 -0.00 -1.95 -0.68 -3.09 -107.35
0.00 0.00 0.00 0.00 0.00 0.00 0.00 0.00 0.00 0.00 -6.85 -0.02 -0.00 0.00 0.00 0.00 -0.00 0.00 0.00 -0.14 -50.85 -1.16 -0.00 -0.00 0.00 0.00 -0.00 -0.00 -0.00 -3.01 -134.03 -8.59 -0.03 -0.00 -0.00 0.00 -0.00 -0.00 -0.00 -14.20 -243.87 -29.06 -0.34 -0.03 -0.00 -0.00 -0.08 -0.01 -0.12 -39.83
0.00 0.00 0.00 0.00 0.00 0.00 0.00 0.00 0.00 0.00 -6.85 -0.02 -0.00 0.00 0.00 0.00 -0.00 0.00 0.00 -0.14 -50.85 -1.16 -0.00 -0.00 0.00 0.00 -0.00 -0.00 -0.00 -3.01 -134.03 -8.59 -0.03 -0.00 -0.00 0.00 -0.00 -0.00 -0.00 -14.20 -243.87 -29.06 -0.34 -0.03 -0.00 -0.00 -0.08 -0.01 -0.12 -39.83
0.00 0.00 0.00 0.00 0.00 0.00 0.00 0.00 0.00 0.00 -6.85 -0.02 -0.00 0.00 0.00 0.00 -0.00 0.00 0.00 -0.14 -50.85 -1.16 -0.00 -0.00 0.00 0.00 -0.00 -0.00 -0.00 -3.01 -134.03 -8.59 -0.03 -0.00 -0.00 0.00 -0.00 -0.00 -0.00 -14.20 -243.87 -29.06 -0.34 -0.03 -0.00 -0.00 -0.08 -0.01 -0.12 -39.83
0.00 0.00 0.00 0.00 0.00 0.00 0.00 0.00 0.00 0.00 -6.85 -0.02 -0.00 0.00 0.00 0.00 -0.00 0.00 0.00 -0.14 -50.85 -1.16 -0.00 -0.00 0.00 0.00 -0.00 -0.00 -0.00 -3.01 -134.03 -8.59 -0.03 -0.00 -0.00 0.00 -0.00 -0.00 -0.00 -14.20 -243.87 -29.06 -0.34 -0.03 -0.00 -0.00 -0.08 -0.01 -0.12 -39.83
0.00 0.00 0.00 0.00 0.00 0.00 0.00 0.00 0.00 0.00 -6.85 -0.02 -0.00 0.00 0.00 0.00 -0.00 0.00 0.00 -0.14 -50.85 -1.16 -0.00 -0.00 0.00 0.00 -0.00 -0.00 -0.00 -3.01 -134.03 -8.59 -0.03 -0.00 -0.00 0.00 -0.00 -0.00 -0.00 -14.20 -243.87 -29.06 -0.34 -0.03 -0.00 -0.00 -0.08 -0.01 -0.12 -39.83
0.00 0.00 0.00 0.00 0.00 0.00 0.00 0.00 0.00 0.00 -7.48 -0.02 -0.00 0.00 0.00 0.00 -0.00 0.00 0.00 -0.24 -54.38 -1.46 -0.00 -0.00 0.00 0.00 -0.00 -0.00 -0.00 -5.27 -141.98 -10.40 -0.06 -0.00 -0.00 0.00 -0.01 -0.00 -0.01 -24.80 -256.36 -34.33 -0.61 -0.04 -0.00 -0.00 -0.15 -0.07 -0.26 -65.59
0.00 0.00 0.00 0.00 0.00 0.00 0.00 0.00 0.00 0.00 -7.48 -0.02 -0.00 0.00 0.00 0.00 -0.00 0.00 0.00 -0.24 -54.38 -1.46 -0.00 -0.00 0.00 0.00 -0.00 -0.00 -0.00 -5.27 -141.98 -10.40 -0.06 -0.00 -0.00 0.00 -0.01 -0.00 -0.01 -24.80 -256.36 -34.33 -0.61 -0.04 -0.00 -0.00 -0.15 -0.07 -0.26 -65.59
0.00 0.00 0.00 0.00 0.00 0.00 0.00 0.00 0.00 0.00 -7.48 -0.02 -0.00 0.00 0.00 0.00 -0.00 0.00 0.00 -0.24 -54.38 -1.46 -0.00 -0.00 0.00 0.00 -0.00 -0.00 -0.00 -5.27 -141.98 -10.40 -0.06 -0.00 -0.00 0.00 -0.01 -0.00 -0.01 -24.80 -256.36 -34.33 -0.61 -0.04 -0.00 -0.00 -0.15 -0.07 -0.26 -65.59
0.00 0.00 0.00 0.00 0.00 0.00 0.00 0.00 0.00 0.00 -7.48 -0.02 -0.00 0.00 0.00 0.00 -0.00 0.00 0.00 -0.24 -54.38 -1.46 -0.00 -0.00 0.00 0.00 -0.00 -0.00 -0.00 -5.27 -141.98 -10.40 -0.06 -0.00 -0.00 0.00 -0.01 -0.00 -0.01 -24.80 -256.36 -34.33 -0.61 -0.04 -0.00 -0.00 -0.15 -0.07 -0.26 -65.59
0.00 0.00 0.00 0.00 0.00 0.00 0.00 0.00 0.00 0.00 -9.07 -0.04 -0.00 0.00 0.00 0.00 -0.00 0.00 -0.00 -0.50 -62.47 -2.37 -0.00 -0.00 -0.00 0.00 -0.00 -0.00 -0.00 -8.68 -160.19 -15.58 -0.20 -0.02 -0.00 -0.00 -0.07 -0.00 -0.11 -35.62 -285.22 -48.66 -1.74 -0.41 -0.01 -0.00 -0.90 -0.15 -1.39 -87.85
0.00 0.00 0.00 0.00 0.00 0.00 0.00 0.00 0.00 0.00 -9.07 -0.04 -0.00 0.00 0.00 0.00 -0.00 0.00 -0.00 -0.50 -62.47 -2.37 -0.00 -0.00 -0.00 0.00 -0.00 -0.00 -0.00 -8.68 -160.19 -15.58 -0.20 -0.02 -0.00 -0.00 -0.07 -0.00 -0.11 -35.62 -285.22 -48.66 -1.74 -0.41 -0.01 -0.00 -0.90 -0.15 -1.39 -87.85
0.00 0.00 0.00 0.00 0.00 0.00 0.00 0.00 0.00 0.00 -10.85 -0.08 -0.00 -0.00 0.00 0.00 -0.00 0.00 -0.00 -0.36 -71.56 -3.93 -0.02 -0.00 -0.00 0.00 -0.00 -0.00 -0.01 -4.81 -178.27 -23.36 -0.68 -0.13 -0.00 -0.00 -0.32 -0.06 -0.75 -22.76 -314.72 -68.09 -4.80 -1.72 -0.05 -0.00 -3.10 -0.98 -6.26 -67.94
0.00 0.00 0.00 0.00 0.00 0.00 0.00 0.00 0.00 0.00 -10.85 -0.08 -0.00 -0.00 0.00 0.00 -0.00 0.00 -0.00 -0.36 -71.56 -3.93 -0.02 -0.00 -0.00 0.00 -0.00 -0.00 -0.01 -4.81 -178.27 -23.36 -0.68 -0.13 -0.00 -0.00 -0.32 -0.06 -0.75 -22.76 -314.72 -68.09 -4.80 -1.72 -0.05 -0.00 -3.10 -0.98 -6.26 -67.94
0.00 0.00 0.00 0.00 0.00 0.00 0.00 0.00 0.00 0.00 -11.07 -0.09 -0.00 -0.00 0.00 0.00 -0.00 0.00 -0.00 -0.39 -72.65 -4.11 -0.02 -0.00 -0.00 0.00 -0.00 -0.00 -0.02 -5.02 -179.96 -24.34 -0.74 -0.12 -0.00 -0.00 -0.34 -0.09 -0.75 -23.76 -317.54 -70.28 -5.31 -1.58 -0.15 -0.00 -3.30 -1.43 -6.09 -70.57
0.00 0.00 0.00 0.00 0.00 0.00 0.00 0.00 0.00 0.00 -11.07 -0.09 -0.00 -0.00 0.00 0.00 -0.00 0.00 -0.00 -0.39 -72.65 -4.11 -0.02 -0.00 -0.00 0.00 -0.00 -0.00 -0.02 -5.02 -179.96 -24.34 -0.74 -0.12 -0.00 -0.00 -0.34 -0.09 -0.75 -23.76 -317.54 -70.28 -5.31 -1.58 -0.15 -0.00 -3.30 -1.43 -6.09 -70.57
0.00 0.00 0.00 0.00 0.00 0.00 0.00 0.00 0.00 0.00 -11.07 -0.09 -0.00 -0.00 0.00 0.00 -0.00 0.00 -0.00 -0.39 -72.65 -4.11 -0.02 -0.00 -0.00 0.00 -0.00 -0.00 -0.02 -5.02 -179.96 -24.34 -0.74 -0.12 -0.00 -0.00 -0.34 -0.09 -0.75 -23.76 -317.54 -70.28 -5.31 -1.58 -0.15 -0.00 -3.30 -1.43 -6.09 -70.57
0.00 0.00 0.00 0.00 0.00 0.00 0.00 0.00 0.00 0.00 -11.07 -0.09 -0.00 -0.00 0.00 0.00 -0.00 0.00 -0.00 -0.39 -72.65 -4.11 -0.02 -0.00 -0.00 0.00 -0.00 -0.00 -0.02 -5.02 -179.96 -24.34 -0.74 -0.12 -0.00 -0.00 -0.34 -0.09 -0.75 -23.76 -317.54 -70.28 -5.31 -1.58 -0.15 -0.00 -3.30 -1.43 -6.09 -70.57
0.00 0.00 0.00 0.00 0.00 0.00 0.00 0.00 0.00 0.00 -11.07 -0.09 -0.00 -0.00 0.00 0.00 -0.00 0.00 -0.00 -0.39 -72.65 -4.11 -0.02 -0.00 -0.00 0.00 -0.00 -0.00 -0.02 -5.02 -179.96 -24.34 -0.74 -0.12 -0.00 -0.00 -0.34 -0.09 -0.75 -23.76 -317.54 -70.28 -5.31 -1.58 -0.15 -0.00 -3.30 -1.43 -6.09 -70.57
0.00 0.00 0.00 0.00 0.00 0.00 0.00 0.00 0.00 0.00 -11.07 -0.09 -0.00 -0.00 0.00 0.00 -0.00 0.00 -0.00 -0.39 -72.65 -4.11 -0.02 -0.00 -0.00 0.00 -0.00 -0.00 -0.02 -5.02 -179.96 -24.34 -0.74 -0.12 -0.00 -0.00 -0.34 -0.09 -0.75 -23.76 -317.54 -70.28 -5.31 -1.58 -0.15 -0.00 -3.30 -1.43 -6.09 -70.57
0.00 0.00 0.00 0.00 0.00 0.00 0.00 0.00 0.00 0.00 -11.07 -0.09 -0.00 -0.00 0.00 0.00 -0.00 0.00 -0.00 -0.39 -72.65 -4.11 -0.02 -0.00 -0.00 0.00 -0.00 -0.00 -0.02 -5.02 -179.96 -24.34 -0.74 -0.12 -0.00 -0.00 -0.34 -0.09 -0.75 -23.76 -317.54 -70.28 -5.31 -1.58 -0.15 -0.00 -3.30 -1.43 -6.09 -70.57
0.00 0.00 0.00 0.00 0.00 0.00 0.00 0.00 0.00 0.00 -11.07 -0.09 -0.00 -0.00 0.00 0.00 -0.00 0.00 -0.00 -0.39 -72.65 -4.11 -0.02 -0.00 -0.00 0.00 -0.00 -0.00 -0.02 -5.02 -179.96 -24.34 -0.74 -0.12 -0.00 -0.00 -0.34 -0.09 -0.75 -23.76 -317.54 -70.28 -5.31 -1.58 -0.15 -0.00 -3.30 -1.43 -6.09 -70.57
0.00 0.00 0.00 0.00 0.00 0.00 0.00 0.00 0.00 0.00 -11.07 -0.09 -0.00 -0.00 0.00 0.00 -0.00 0.00 -0.00 -0.39 -72.65 -4.11 -0.02 -0.00 -0.00 0.00 -0.00 -0.00 -0.02 -5.02 -179.96 -24.34 -0.74 -0.12 -0.00 -0.00 -0.34 -0.09 -0.75 -23.76 -317.54 -70.28 -5.31 -1.58 -0.15 -0.00 -3.30 -1.43 -6.09 -70.57
0.00 0.00 0.00 0.00 0.00 0.00 0.00 0.00 0.00 0.00 -11.07 -0.09 -0.00 -0.00 0.00 0.00 -0.00 0.00 -0.00 -0.39 -72.65 -4.11 -0.02 -0.00 -0.00 0.00 -0.00 -0.00 -0.02 -5.02 -179.96 -24.34 -0.74 -0.12 -0.00 -0.00 -0.34 -0.09 -0.75 -23.76 -317.54 -70.28 -5.31 -1.58 -0.15 -0.00 -3.30 -1.43 -6.09 -70.57
0.00 0.00 0.00 0.00 0.00 0.00 0.00 0.00 0.00 0.00 -11.07 -0.09 -0.00 -0.00 0.00 0.00 -0.00 0.00 -0.00 -0.39 -72.65 -4.11 -0.02 -0.00 -0.00 0.00 -0.00 -0.00 -0.02 -5.02 -179.96 -24.34 -0.74 -0.12 -0.00 -0.00 -0.34 -0.09 -0.75 -23.76 -317.54 -70.28 -5.31 -1.58 -0.15 -0.00 -3.30 -1.43 -6.09 -70.57
0.00 0.00 0.00 0.00 0.00 0.00 0.00 0.00 0.00 0.00 -13.31 -0.16 -0.00 -0.00 0.00 0.00 -0.00 0.00 -0.00 -0.83 -83.21 -6.22 -0.08 -0.01 -0.00 0.00 -0.03 -0.00 -0.15 -9.71 -199.67 -34.33 -1.98 -0.93 -0.02 -0.00 -1.52 -0.08 -4.38 -38.78 -344.02 -94.21 -11.74 -8.44 -0.60 -0.02 -11.47 -1.23 -24.07 -102.67
0.00 0.00 0.00 0.00 0.00 0.00 0.00 0.00 0.00 0.00 -13.31 -0.16 -0.00 -0.00 0.00 0.00 -0.00 0.00 -0.00 -0.83 -83.21 -6.22 -0.08 -0.01 -0.00 0.00 -0.03 -0.00 -0.15 -9.71 -199.67 -34.33 -1.98 -0.93 -0.02 -0.00 -1.52 -0.08 -4.38 -38.78 -344.02 -94.21 -11.74 -8.44 -0.60 -0.02 -11.47 -1.23 -24.07 -102.67
0.00 0.00 0.00 0.00 0.00 0.00 0.00 0.00 0.00 0.00 -13.31 -0.16 -0.00 -0.00 0.00 0.00 -0.00 0.00 -0.00 -0.83 -83.21 -6.22 -0.08 -0.01 -0.00 0.00 -0.03 -0.00 -0.15 -9.71 -199.67 -34.33 -1.98 -0.93 -0.02 -0.00 -1.52 -0.08 -4.38 -38.78 -344.02 -94.21 -11.74 -8.44 -0.60 -0.02 -11.47 -1.23 -24.07 -102.67
0.00 0.00 0.00 0.00 0.00 0.00 0.00 0.00 0.00 0.00 -13.31 -0.16 -0.00 -0.00 0.00 0.00 -0.00 0.00 -0.00 -0.83 -83.21 -6.22 -0.08 -0.01 -0.00 0.00 -0.03 -0.00 -0.15 -9.71 -199.67 -34.33 -1.98 -0.93 -0.02 -0.00 -1.52 -0.08 -4.38 -38.78 -344.02 -94.21 -11.74 -8.44 -0.60 -0.02 -11.47 -1.23 -24.07 -102.67
0.00 0.00 0.00 0.00 0.00 0.00 0.00 0.00 0.00 0.00 -13.31 -0.16 -0.00 -0.00 0.00 0.00 -0.00 0.00 -0.00 -0.83 -83.21 -6.22 -0.08 -0.01 -0.00 0.00 -0.03 -0.00 -0.15 -9.71 -199.67 -34.33 -1.98 -0.93 -0.02 -0.00 -1.52 -0.08 -4.38 -38.78 -344.02 -94.21 -11.74 -8.44 -0.60 -0.02 -11.47 -1.23 -24.07 -102.67
0.00 0.00 0.00 0.00 0.00 0.00 0.00 0.00 0.00 0.00 -13.31 -0.16 -0.00 -0.00 0.00 0.00 -0.00 0.00 -0.00 -0.83 -83.21 -6.22 -0.08 -0.01 -0.00 0.00 -0.03 -0.00 -0.15 -9.71 -199.67 -34.33 -1.98 -0.93 -0.02 -0.00 -1.52 -0.08 -4.38 -38.78 -344.02 -94.21 -11.74 -8.44 -0.60 -0.02 -11.47 -1.23 -24.07 -102.67
0.00 0.00 0.00 0.00 0.00 0.00 0.00 0.00 0.00 0.00 -16.82 -0.26 -0.00 -0.00 0.00 -0.00 -0.00 -0.00 -0.00 -0.50 -103.55 -9.69 -0.16 -0.02 -0.00 -0.00 -0.08 -0.01 -0.19 -18.69 -244.17 -49.57 -3.68 -1.33 -0.06 -0.00 -2.87 -1.18 -4.95 -81.86 -414.69 -128.89 -20.91 -11.39 -1.51 -0.10 -19.06 -11.87 -28.23 -189.38
0.00 0.00 0.00 0.00 0.00 0.00 0.00 0.00 0.00 0.00 -16.82 -0.26 -0.00 -0.00 0.00 -0.00 -0.00 -0.00 -0.00 -0.50 -103.55 -9.69 -0.16 -0.02 -0.00 -0.00 -0.08 -0.01 -0.19 -18.69 -244.17 -49.57 -3.68 -1.33 -0.06 -0.00 -2.87 -1.18 -4.95 -81.86 -414.69 -128.89 -20.91 -11.39 -1.51 -0.10 -19.06 -11.87 -28.23 -189.38
0.00 0.00 0.00 0.00 0.00 0.00 0.00 0.00 0.00 0.00 -16.82 -0.26 -0.00 -0.00 0.00 -0.00 -0.00 -0.00 -0.00 -0.50 -103.55 -9.69 -0.16 -0.02 -0.00 -0.00 -0.08 -0.01 -0.19 -18.69 -244.17 -49.57 -3.68 -1.33 -0.06 -0.00 -2.87 -1.18 -4.95 -81.86 -414.69 -128.89 -20.91 -11.39 -1.51 -0.10 -19.06 -11.87 -28.23 -189.38
0.00 0.00 0.00 0.00 0.00 0.00 0.00 0.00 0.00 0.00 -16.82 -0.26 -0.00 -0.00 0.00 -0.00 -0.00 -0.00 -0.00 -0.50 -103.55 -9.69 -0.16 -0.02 -0.00 -0.00 -0.08 -0.01 -0.19 -18.69 -244.17 -49.57 -3.68 -1.33 -0.06 -0.00 -2.87 -1.18 -4.95 -81.86 -414.69 -128.89 -20.91 -11.39 -1.51 -0.10 -19.06 -11.87 -28.23 -189.38
0.00 0.00 0.00 0.00 0.00 0.00 0.00 0.00 0.00 0.00 -16.82 -0.26 -0.00 -0.00 0.00 -0.00 -0.00 -0.00 -0.00 -0.50 -103.55 -9.69 -0.16 -0.02 -0.00 -0.00 -0.08 -0.01 -0.19 -18.69 -244.17 -49.57 -3.68 -1.33 -0.06 -0.00 -2.87 -1.18 -4.95 -81.86 -414.69 -128.89 -20.91 -11.39 -1.51 -0.10 -19.06 -11.87 -28.23 -189.38
0.00 0.00 0.00 0.00 0.00 0.00 0.00 0.00 0.00 0.00 -16.82 -0.26 -0.00 -0.00 0.00 -0.00 -0.00 -0.00 -0.00 -0.50 -103.55 -9.69 -0.16 -0.02 -0.00 -0.00 -0.08 -0.01 -0.19 -18.69 -244.17 -49.57 -3.68 -1.33 -0.06 -0.00 -2.87 -1.18 -4.95 -81.86 -414.69 -128.89 -20.91 -11.39 -1.51 -0.10 -19.06 -11.87 -28.23 -189.38
0.00 0.00 0.00 0.00 0.00 0.00 0.00 0.00 0.00 0.00 -16.82 -0.26 -0.00 -0.00 0.00 -0.00 -0.00 -0.00 -0.00 -0.50 -103.55 -9.69 -0.16 -0.02 -0.00 -0.00 -0.08 -0.01 -0.19 -18.69 -244.17 -49.57 -3.68 -1.33 -0.06 -0.00 -2.87 -1.18 -4.95 -81.86 -414.69 -128.89 -20.91 -11.39 -1.51 -0.10 -19.06 -11.87 -28.23 -189.38
0.00 0.00 0.00 0.00 0.00 0.00 0.00 0.00 0.00 0.00 -16.82 -0.26 -0.00 -0.00 0.00 -0.00 -0.00 -0.00 -0.00 -0.50 -103.55 -9.69 -0.16 -0.02 -0.00 -0.00 -0.08 -0.01 -0.19 -18.69 -244.17 -49.57 -3.68 -1.33 -0.06 -0.00 -2.87 -1.18 -4.95 -81.86 -414.69 -128.89 -20.91 -11.39 -1.51 -0.10 -19.06 -11.87 -28.23 -189.38
0.00 0.00 0.00 0.00 0.00 0.00 0.00 0.00 0.00 0.00 -22.34 -0.48 -0.00 -0.00 -0.00 0.00 -0.00 -0.00 -0.00 -2.67 -131.38 -15.71 -0.61 -0.13 -0.00 -0.00 -0.30 -0.05 -0.74 -32.98 -301.00 -73.03 -10.00 -5.55 -0.37 -0.01 -7.77 -2.93 -13.28 -116.86 -499.69 -180.65 -45.13 -35.17 -5.95 -0.59 -41.53 -21.90 -58.65 -257.69
0.00 0.00 0.00 0.00 0.00 0.00 0.00 0.00 0.00 0.00 -22.34 -0.48 -0.00 -0.00 -0.00 0.00 -0.00 -0.00 -0.00 -2.67 -131.38 -15.71 -0.61 -0.13 -0.00 -0.00 -0.30 -0.05 -0.74 -32.98 -301.00 -73.03 -10.00 -5.55 -0.37 -0.01 -7.77 -2.93 -13.28 -116.86 -499.69 -180.65 -45.13 -35.17 -5.95 -0.59 -41.53 -21.90 -58.65 -257.69
0.00 0.00 0.00 0.00 0.00 0.00 0.00 0.00 0.00 0.00 -22.34 -0.48 -0.00 -0.00 -0.00 0.00 -0.00 -0.00 -0.00 -2.67 -131.38 -15.71 -0.61 -0.13 -0.00 -0.00 -0.30 -0.05 -0.74 -32.98 -301.00 -73.03 -10.00 -5.55 -0.37 -0.01 -7.77 -2.93 -13.28 -116.86 -499.69 -180.65 -45.13 -35.17 -5.95 -0.59 -41.53 -21.90 -58.65 -257.69
0.00 0.00 0.00 0.00 0.00 0.00 0.00 0.00 0.00 0.00 -22.34 -0.48 -0.00 -0.00 -0.00 0.00 -0.00 -0.00 -0.00 -2.67 -131.38 -15.71 -0.61 -0.13 -0.00 -0.00 -0.30 -0.05 -0.74 -32.98 -301.00 -73.03 -10.00 -5.55 -0.37 -0.01 -7.77 -2.93 -13.28 -116.86 -499.69 -180.65 -45.13 -35.17 -5.95 -0.59 -41.53 -21.90 -58.65 -257.69
0.00 0.00 0.00 0.00 0.00 0.00 0.00 0.00 0.00 0.00 -22.34 -0.48 -0.00 -0.00 -0.00 0.00 -0.00 -0.00 -0.00 -2.67 -131.38 -15.71 -0.61 -0.13 -0.00 -0.00 -0.30 -0.05 -0.74 -32.98 -301.00 -73.03 -10.00 -5.55 -0.37 -0.01 -7.77 -2.93 -13.28 -116.86 -499.69 -180.65 -45.13 -35.17 -5.95 -0.59 -41.53 -21.90 -58.65 -257.69
0.00 0.00 0.00 0.00 0.00 0.00 0.00 0.00 0.00 0.00 -22.34 -0.48 -0.00 -0.00 -0.00 0.00 -0.00 -0.00 -0.00 -2.67 -131.38 -15.71 -0.61 -0.13 -0.00 -0.00 -0.30 -0.05 -0.74 -32.98 -301.00 -73.03 -10.00 -5.55 -0.37 -0.01 -7.77 -2.93 -13.28 -116.86 -499.69 -180.65 -45.13 -35.17 -5.95 -0.59 -41.53 -21.90 -58.65 -257.69
0.00 0.00 0.00 0.00 0.00 0.00 0.00 0.00 0.00 0.00 -22.34 -0.48 -0.00 -0.00 -0.00 0.00 -0.00 -0.00 -0.00 -2.67 -131.38 -15.71 -0.61 -0.13 -0.00 -0.00 -0.30 -0.05 -0.74 -32.98 -301.00 -73.03 -10.00 -5.55 -0.37 -0.01 -7.77 -2.93 -13.28 -116.86 -499.69 -180.65 -45.13 -35.17 -5.95 -0.59 -41.53 -21.90 -58.65 -257.69
0.00 0.00 0.00 0.00 0.00 0.00 0.00 0.00 0.00 0.00 -22.34 -0.48 -0.00 -0.00 -0.00 0.00 -0.00 -0.00 -0.00 -2.67 -131.38 -15.71 -0.61 -0.13 -0.00 -0.00 -0.30 -0.05 -0.74 -32.98 -301.00 -73.03 -10.00 -5.55 -0.37 -0.01 -7.77 -2.93 -13.28 -116.86 -499.69 -180.65 -45.13 -35.17 -5.95 -0.59 -41.53 -21.90 -58.65 -257.69
0.00 0.00 0.00 0.00 0.00 0.00 0.00 0.00 0.00 0.00 -22.34 -0.48 -0.00 -0.00 -0.00 0.00 -0.00 -0.00 -0.00 -2.67 -131.38 -15.71 -0.61 -0.13 -0.00 -0.00 -0.30 -0.05 -0.74 -32.98 -301.00 -73.03 -10.00 -5.55 -0.37 -0.01 -7.77 -2.93 -13.28 -116.86 -499.69 -180.65 -45.13 -35.17 -5.95 -0.59 -41.53 -21.90 -58.65 -257.69
0.00 0.00 0.00 0.00 0.00 0.00 0.00 0.00 0.00 0.00 -22.34 -0.48 -0.00 -0.00 -0.00 0.00 -0.00 -0.00 -0.00 -2.67 -131.38 -15.71 -0.61 -0.13 -0.00 -0.00 -0.30 -0.05 -0.74 -32.98 -301.00 -73.03 -10.00 -5.55 -0.37 -0.01 -7.77 -2.93 -13.28 -116.86 -499.69 -180.65 -45.13 -35.17 -5.95 -0.59 -41.53 -21.90 -58.65 -257.69
0.00 0.00 0.00 0.00 0.00 0.00 0.00 0.00 0.00 0.00 -22.34 -0.48 -0.00 -0.00 -0.00 0.00 -0.00 -0.00 -0.00 -2.67 -131.38 -15.71 -0.61 -0.13 -0.00 -0.00 -0.30 -0.05 -0.74 -32.98 -301.00 -73.03 -10.00 -5.55 -0.37 -0.01 -7.77 -2.93 -13.28 -116.86 -499.69 -180.65 -45.13 -35.17 -5.95 -0.59 -41.53 -21.90 -58.65 -257.69
0.00 0.00 0.00 0.00 0.00 0.00 0.00 0.00 0.00 0.00 -17.73 -0.31 -0.00 -0.00 0.00 -0.00 -0.00 -0.00 -0.00 -2.05 -107.53 -10.92 -0.22 -0.03 -0.00 -0.00 -0.11 -0.03 -0.19 -27.34 -251.27 -54.43 -4.75 -1.58 -0.19 -0.00 -3.73 -2.23 -5.51 -99.16 -422.90 -139.81 -25.22 -13.13 -3.73 -0.12 -23.47 -17.90 -31.36 -198.83
0.00 0.00 0.00 0.00 0.00 0.00 0.00 0.00 0.00 0.00 -17.73 -0.31 -0.00 -0.00 0.00 -0.00 -0.00 -0.00 -0.00 -2.05 -107.53 -10.92 -0.22 -0.03 -0.00 -0.00 -0.11 -0.03 -0.19 -27.34 -251.27 -54.43 -4.75 -1.58 -0.19 -0.00 -3.73 -2.23 -5.51 -99.16 -422.90 -139.81 -25.22 -13.13 -3.73 -0.12 -23.47 -17.90 -31.36 -198.83
0.00 0.00 0.00 0.00 0.00 0.00 0.00 0.00 0.00 0.00 -17.73 -0.31 -0.00 -0.00 0.00 -0.00 -0.00 -0.00 -0.00 -2.05 -107.53 -10.92 -0.22 -0.03 -0.00 -0.00 -0.11 -0.03 -0.19 -27.34 -251.27 -54.43 -4.75 -1.58 -0.19 -0.00 -3.73 -2.23 -5.51 -99.16 -422.90 -139.81 -25.22 -13.13 -3.73 -0.12 -23.47 -17.90 -31.36 -198.83
0.00 0.00 0.00 0.00 0.00 0.00 0.00 0.00 0.00 0.00 -17.73 -0.31 -0.00 -0.00 0.00 -0.00 -0.00 -0.00 -0.00 -2.05 -107.53 -10.92 -0.22 -0.03 -0.00 -0.00 -0.11 -0.03 -0.19 -27.34 -251.27 -54.43 -4.75 -1.58 -0.19 -0.00 -3.73 -2.23 -5.51 -99.16 -422.90 -139.81 -25.22 -13.13 -3.73 -0.12 -23.47 -17.90 -31.36 -198.83
0.00 0.00 0.00 0.00 0.00 0.00 0.00 0.00 0.00 0.00 -17.73 -0.31 -0.00 -0.00 0.00 -0.00 -0.00 -0.00 -0.00 -2.05 -107.53 -10.92 -0.22 -0.03 -0.00 -0.00 -0.11 -0.03 -0.19 -27.34 -251.27 -54.43 -4.75 -1.58 -0.19 -0.00 -3.73 -2.23 -5.51 -99.16 -422.90 -139.81 -25.22 -13.13 -3.73 -0.12 -23.47 -17.90 -31.36 -198.83
0.00 0.00 0.00 0.00 0.00 0.00 0.00 0.00 0.00 0.00 -17.73 -0.31 -0.00 -0.00 0.00 -0.00 -0.00 -0.00 -0.00 -2.05 -107.53 -10.92 -0.22 -0.03 -0.00 -0.00 -0.11 -0.03 -0.19 -27.34 -251.27 -54.43 -4.75 -1.58 -0.19 -0.00 -3.73 -2.23 -5.51 -99.16 -422.90 -139.81 -25.22 -13.13 -3.73 -0.12 -23.47 -17.90 -31.36 -198.83
0.00 0.00 0.00 0.00 0.00 0.00 0.00 0.00 0.00 0.00 -17.73 -0.31 -0.00 -0.00 0.00 -0.00 -0.00 -0.00 -0.00 -2.05 -107.53 -10.92 -0.22 -0.03 -0.00 -0.00 -0.11 -0.03 -0.19 -27.34 -251.27 -54.43 -4.75 -1.58 -0.19 -0.00 -3.73 -2.23 -5.51 -99.16 -422.90 -139.81 -25.22 -13.13 -3.73 -0.12 -23.47 -17.90 -31.36 -198.83
0.00 0.00 0.00 0.00 0.00 0.00 0.00 0.00 0.00 0.00 -17.73 -0.31 -0.00 -0.00 0.00 -0.00 -0.00 -0.00 -0.00 -2.05 -107.53 -10.92 -0.22 -0.03 -0.00 -0.00 -0.11 -0.03 -0.19 -27.34 -251.27 -54.43 -4.75 -1.58 -0.19 -0.00 -3.73 -2.23 -5.51 -99.16 -422.90 -139.81 -25.22 -13.13 -3.73 -0.12 -23.47 -17.90 -31.36 -198.83
0.00 0.00 0.00 0.00 0.00 0.00 0.00 0.00 0.00 0.00 -17.73 -0.31 -0.00 -0.00 0.00 -0.00 -0.00 -0.00 -0.00 -2.05 -107.53 -10.92 -0.22 -0.03 -0.00 -0.00 -0.11 -0.03 -0.19 -27.34 -251.27 -54.43 -4.75 -1.58 -0.19 -0.00 -3.73 -2.23 -5.51 -99.16 -422.90 -139.81 -25.22 -13.13 -3.73 -0.12 -23.47 -17.90 -31.36 -198.83
0.00 0.00 0.00 0.00 0.00 0.00 0.00 0.00 0.00 0.00 -17.73 -0.31 -0.00 -0.00 0.00 -0.00 -0.00 -0.00 -0.00 -2.05 -107.53 -10.92 -0.22 -0.03 -0.00 -0.00 -0.11 -0.03 -0.19 -27.34 -251.27 -54.43 -4.75 -1.58 -0.19 -0.00 -3.73 -2.23 -5.51 -99.16 -422.90 -139.81 -25.22 -13.13 -3.73 -0.12 -23.47 -17.90 -31.36 -198.83
0.00 0.00 0.00 0.00 0.00 0.00 0.00 0.00 0.00 0.00 -17.73 -0.31 -0.00 -0.00 0.00 -0.00 -0.00 -0.00 -0.00 -2.05 -107.53 -10.92 -0.22 -0.03 -0.00 -0.00 -0.11 -0.03 -0.19 -27.34 -251.27 -54.43 -4.75 -1.58 -0.19 -0.00 -3.73 -2.23 -5.51 -99.16 -422.90 -139.81 -25.22 -13.13 -3.73 -0.12 -23.47 -17.90 -31.36 -198.83
0.00 0.00 0.00 0.00 0.00 0.00 0.00 0.00 0.00 0.00 -17.73 -0.31 -0.00 -0.00 0.00 -0.00 -0.00 -0.00 -0.00 -2.05 -107.53 -10.92 -0.22 -0.03 -0.00 -0.00 -0.11 -0.03 -0.19 -27.34 -251.27 -54.43 -4.75 -1.58 -0.19 -0.00 -3.73 -2.23 -5.51 -99.16 -422.90 -139.81 -25.22 -13.13 -3.73 -0.12 -23.47 -17.90 -31.36 -198.83
0.00 0.00 0.00 0.00 0.00 0.00 0.00 0.00 0.00 0.00 -17.73 -0.31 -0.00 -0.00 0.00 -0.00 -0.00 -0.00 -0.00 -2.05 -107.53 -10.92 -0.22 -0.03 -0.00 -0.00 -0.11 -0.03 -0.19 -27.34 -251.27 -54.43 -4.75 -1.58 -0.19 -0.00 -3.73 -2.23 -5.51 -99.16 -422.90 -139.81 -25.22 -13.13 -3.73 -0.12 -23.47 -17.90 -31.36 -198.83
0.00 0.00 0.00 0.00 0.00 0.00 0.00 0.00 0.00 0.00 -17.73 -0.31 -0.00 -0.00 0.00 -0.00 -0.00 -0.00 -0.00 -2.05 -107.53 -10.92 -0.22 -0.03 -0.00 -0.00 -0.11 -0.03 -0.19 -27.34 -251.27 -54.43 -4.75 -1.58 -0.19 -0.00 -3.73 -2.23 -5.51 -99.16 -422.90 -139.81 -25.22 -13.13 -3.73 -0.12 -23.47 -17.90 -31.36 -198.83
0.00 0.00 0.00 0.00 0.00 0.00 0.00 0.00 0.00 0.00 -17.73 -0.31 -0.00 -0.00 0.00 -0.00 -0.00 -0.00 -0.00 -2.05 -107.53 -10.92 -0.22 -0.03 -0.00 -0.00 -0.11 -0.03 -0.19 -27.34 -251.27 -54.43 -4.75 -1.58 -0.19 -0.00 -3.73 -2.23 -5.51 -99.16 -422.90 -139.81 -25.22 -13.13 -3.73 -0.12 -23.47 -17.90 -31.36 -198.83
0.00 0.00 0.00 0.00 0.00 0.00 0.00 0.00 0.00 0.00 -17.73 -0.31 -0.00 -0.00 0.00 -0.00 -0.00 -0.00 -0.00 -2.05 -107.53 -10.92 -0.22 -0.03 -0.00 -0.00 -0.11 -0.03 -0.19 -27.34 -251.27 -54.43 -4.75 -1.58 -0.19 -0.00 -3.73 -2.23 -5.51 -99.16 -422.90 -139.81 -25.22 -13.13 -3.73 -0.12 -23.47 -17.90 -31.36 -198.83
0.00 0.00 0.00 0.00 0.00 0.00 0.00 0.00 0.00 0.00 -17.73 -0.31 -0.00 -0.00 0.00 -0.00 -0.00 -0.00 -0.00 -2.05 -107.53 -10.92 -0.22 -0.03 -0.00 -0.00 -0.11 -0.03 -0.19 -27.34 -251.27 -54.43 -4.75 -1.58 -0.19 -0.00 -3.73 -2.23 -5.51 -99.16 -422.90 -139.81 -25.22 -13.13 -3.73 -0.12 -23.47 -17.90 -31.36 -198.83
0.00 0.00 0.00 0.00 0.00 0.00 0.00 0.00 0.00 0.00 -17.73 -0.31 -0.00 -0.00 0.00 -0.00 -0.00 -0.00 -0.00 -2.05 -107.53 -10.92 -0.22 -0.03 -0.00 -0.00 -0.11 -0.03 -0.19 -27.34 -251.27 -54.43 -4.75 -1.58 -0.19 -0.00 -3.73 -2.23 -5.51 -99.16 -422.90 -139.81 -25.22 -13.13 -3.73 -0.12 -23.47 -17.90 -31.36 -198.83
0.00 0.00 0.00 0.00 0.00 0.00 0.00 0.00 0.00 0.00 -17.73 -0.31 -0.00 -0.00 0.00 -0.00 -0.00 -0.00 -0.00 -2.05 -107.53 -10.92 -0.22 -0.03 -0.00 -0.00 -0.11 -0.03 -0.19 -27.34 -251.27 -54.43 -4.75 -1.58 -0.19 -0.00 -3.73 -2.23 -5.51 -99.16 -422.90 -139.81 -25.22 -13.13 -3.73 -0.12 -23.47 -17.90 -31.36 -198.83
0.00 0.00 0.00 0.00 0.00 0.00 0.00 0.00 0.00 0.00 -17.73 -0.31 -0.00 -0.00 0.00 -0.00 -0.00 -0.00 -0.00 -2.05 -107.53 -10.92 -0.22 -0.03 -0.00 -0.00 -0.11 -0.03 -0.19 -27.34 -251.27 -54.43 -4.75 -1.58 -0.19 -0.00 -3.73 -2.23 -5.51 -99.16 -422.90 -139.81 -25.22 -13.13 -3.73 -0.12 -23.47 -17.90 -31.36 -198.83
0.00 0.00 0.00 0.00 0.00 0.00 0.00 0.00 0.00 0.00 -17.73 -0.31 -0.00 -0.00 0.00 -0.00 -0.00 -0.00 -0.00 -2.05 -107.53 -10.92 -0.22 -0.03 -0.00 -0.00 -0.11 -0.03 -0.19 -27.34 -251.27 -54.43 -4.75 -1.58 -0.19 -0.00 -3.73 -2.23 -5.51 -99.16 -422.90 -139.81 -25.22 -13.13 -3.73 -0.12 -23.47 -17.90 -31.36 -198.83
0.00 0.00 0.00 0.00 0.00 0.00 0.00 0.00 0.00 0.00 -17.73 -0.31 -0.00 -0.00 0.00 -0.00 -0.00 -0.00 -0.00 -2.05 -107.53 -10.92 -0.22 -0.03 -0.00 -0.00 -0.11 -0.03 -0.19 -27.34 -251.27 -54.43 -4.75 -1.58 -0.19 -0.00 -3.73 -2.23 -5.51 -99.16 -422.90 -139.81 -25.22 -13.13 -3.73 -0.12 -23.47 -17.90 -31.36 -198.83
0.00 0.00 0.00 0.00 0.00 0.00 0.00 0.00 0.00 0.00 -17.73 -0.31 -0.00 -0.00 0.00 -0.00 -0.00 -0.00 -0.00 -2.05 -107.53 -10.92 -0.22 -0.03 -0.00 -0.00 -0.11 -0.03 -0.19 -27.34 -251.27 -54.43 -4.75 -1.58 -0.19 -0.00 -3.73 -2.23 -5.51 -99.16 -422.90 -139.81 -25.22 -13.13 -3.73 -0.12 -23.47 -17.90 -31.36 -198.83
0.00 0.00 0.00 0.00 0.00 0.00 0.00 0.00 0.00 0.00 -17.73 -0.31 -0.00 -0.00 0.00 -0.00 -0.00 -0.00 -0.00 -2.05 -107.53 -10.92 -0.22 -0.03 -0.00 -0.00 -0.11 -0.03 -0.19 -27.34 -251.27 -54.43 -4.75 -1.58 -0.19 -0.00 -3.73 -2.23 -5.51 -99.16 -422.90 -139.81 -25.22 -13.13 -3.73 -0.12 -23.47 -17.90 -31.36 -198.83
0.00 0.00 0.00 0.00 0.00 0.00 0.00 0.00 0.00 0.00 -17.73 -0.31 -0.00 -0.00 0.00 -0.00 -0.00 -0.00 -0.00 -2.05 -107.53 -10.92 -0.22 -0.03 -0.00 -0.00 -0.11 -0.03 -0.19 -27.34 -251.27 -54.43 -4.75 -1.58 -0.19 -0.00 -3.73 -2.23 -5.51 -99.16 -422.90 -139.81 -25.22 -13.13 -3.73 -0.12 -23.47 -17.90 -31.36 -198.83
0.00 0.00 0.00 0.00 0.00 0.00 0.00 0.00 0.00 0.00 -17.73 -0.31 -0.00 -0.00 0.00 -0.00 -0.00 -0.00 -0.00 -2.05 -107.53 -10.92 -0.22 -0.03 -0.00 -0.00 -0.11 -0.03 -0.19 -27.34 -251.27 -54.43 -4.75 -1.58 -0.19 -0.00 -3.73 -2.23 -5.51 -99.16 -422.90 -139.81 -25.22 -13.13 -3.73 -0.12 -23.47 -17.90 -31.36 -198.83
0.00 0.00 0.00 0.00 0.00 0.00 0.00 0.00 0.00 0.00 -17.73 -0.31 -0.00 -0.00 0.00 -0.00 -0.00 -0.00 -0.00 -2.05 -107.53 -10.92 -0.22 -0.03 -0.00 -0.00 -0.11 -0.03 -0.19 -27.34 -251.27 -54.43 -4.75 -1.58 -0.19 -0.00 -3.73 -2.23 -5.51 -99.16 -422.90 -139.81 -25.22 -13.13 -3.73 -0.12 -23.47 -17.90 -31.36 -198.83
0.00 0.00 0.00 0.00 0.00 0.00 0.00 0.00 0.00 0.00 -17.73 -0.31 -0.00 -0.00 0.00 -0.00 -0.00 -0.00 -0.00 -2.05 -107.53 -10.92 -0.22 -0.03 -0.00 -0.00 -0.11 -0.03 -0.19 -27.34 -251.27 -54.43 -4.75 -1.58 -0.19 -0.00 -3.73 -2.23 -5.51 -99.16 -422.90 -139.81 -25.22 -13.13 -3.73 -0.12 -23.47 -17.90 -31.36 -198.83
0.00 0.00 0.00 0.00 0.00 0.00 0.00 0.00 0.00 0.00 -17.73 -0.31 -0.00 -0.00 0.00 -0.00 -0.00 -0.00 -0.00 -2.05 -107.53 -10.92 -0.22 -0.03 -0.00 -0.00 -0.11 -0.03 -0.19 -27.34 -251.27 -54.43 -4.75 -1.58 -0.19 -0.00 -3.73 -2.23 -5.51 -99.16 -422.90 -139.81 -25.22 -13.13 -3.73 -0.12 -23.47 -17.90 -31.36 -198.83
0.00 0.00 0.00 0.00 0.00 0.00 0.00 0.00 0.00 0.00 -17.73 -0.31 -0.00 -0.00 0.00 -0.00 -0.00 -0.00 -0.00 -2.05 -107.53 -10.92 -0.22 -0.03 -0.00 -0.00 -0.11 -0.03 -0.19 -27.34 -251.27 -54.43 -4.75 -1.58 -0.19 -0.00 -3.73 -2.23 -5.51 -99.16 -422.90 -139.81 -25.22 -13.13 -3.73 -0.12 -23.47 -17.90 -31.36 -198.83
0.00 0.00 0.00 0.00 0.00 0.00 0.00 0.00 0.00 0.00 -17.73 -0.31 -0.00 -0.00 0.00 -0.00 -0.00 -0.00 -0.00 -2.05 -107.53 -10.92 -0.22 -0.03 -0.00 -0.00 -0.11 -0.03 -0.19 -27.34 -251.27 -54.43 -4.75 -1.58 -0.19 -0.00 -3.73 -2.23 -5.51 -99.16 -422.90 -139.81 -25.22 -13.13 -3.73 -0.12 -23.47 -17.90 -31.36 -198.83
0.00 0.00 0.00 0.00 0.00 0.00 0.00 0.00 0.00 0.00 -17.73 -0.31 -0.00 -0.00 0.00 -0.00 -0.00 -0.00 -0.00 -2.05 -107.53 -10.92 -0.22 -0.03 -0.00 -0.00 -0.11 -0.03 -0.19 -27.34 -251.27 -54.43 -4.75 -1.58 -0.19 -0.00 -3.73 -2.23 -5.51 -99.16 -422.90 -139.81 -25.22 -13.13 -3.73 -0.12 -23.47 -17.90 -31.36 -198.83
0.00 0.00 0.00 0.00 0.00 0.00 0.00 0.00 0.00 0.00 -17.73 -0.31 -0.00 -0.00 0.00 -0.00 -0.00 -0.00 -0.00 -2.05 -107.53 -10.92 -0.22 -0.03 -0.00 -0.00 -0.11 -0.03 -0.19 -27.34 -251.27 -54.43 -4.75 -1.58 -0.19 -0.00 -3.73 -2.23 -5.51 -99.16 -422.90 -139.81 -25.22 -13.13 -3.73 -0.12 -23.47 -17.90 -31.36 -198.83
0.00 0.00 0.00 0.00 0.00 0.00 0.00 0.00 0.00 0.00 -17.73 -0.31 -0.00 -0.00 0.00 -0.00 -0.00 -0.00 -0.00 -2.05 -107.53 -10.92 -0.22 -0.03 -0.00 -0.00 -0.11 -0.03 -0.19 -27.34 -251.27 -54.43 -4.75 -1.58 -0.19 -0.00 -3.73 -2.23 -5.51 -99.16 -422.90 -139.81 -25.22 -13.13 -3.73 -0.12 -23.47 -17.90 -31.36 -198.83
0.00 0.00 0.00 0.00 0.00 0.00 0.00 0.00 0.00 0.00 -17.73 -0.31 -0.00 -0.00 0.00 -0.00 -0.00 -0.00 -0.00 -2.05 -107.53 -10.92 -0.22 -0.03 -0.00 -0.00 -0.11 -0.03 -0.19 -27.34 -251.27 -54.43 -4.75 -1.58 -0.19 -0.00 -3.73 -2.23 -5.51 -99.16 -422.90 -139.81 -25.22 -13.13 -3.73 -0.12 -23.47 -17.90 -31.36 -198.83
0.00 0.00 0.00 0.00 0.00 0.00 0.00 0.00 0.00 0.00 -17.73 -0.31 -0.00 -0.00 0.00 -0.00 -0.00 -0.00 -0.00 -2.05 -107.53 -10.92 -0.22 -0.03 -0.00 -0.00 -0.11 -0.03 -0.19 -27.34 -251.27 -54.43 -4.75 -1.58 -0.19 -0.00 -3.73 -2.23 -5.51 -99.16 -422.90 -139.81 -25.22 -13.13 -3.73 -0.12 -23.47 -17.90 -31.36 -198.83
0.00 0.00 0.00 0.00 0.00 0.00 0.00 0.00 0.00 0.00 -17.73 -0.31 -0.00 -0.00 0.00 -0.00 -0.00 -0.00 -0.00 -2.05 -107.53 -10.92 -0.22 -0.03 -0.00 -0.00 -0.11 -0.03 -0.19 -27.34 -251.27 -54.43 -4.75 -1.58 -0.19 -0.00 -3.73 -2.23 -5.51 -99.16 -422.90 -139.81 -25.22 -13.13 -3.73 -0.12 -23.47 -17.90 -31.36 -198.83
0.00 0.00 0.00 0.00 0.00 0.00 0.00 0.00 0.00 0.00 -29.53 -1.07 -0.00 -0.00 -0.00 0.00 -0.00 -0.00 -0.00 -8.13 -158.94 -27.60 -2.30 -1.00 -0.02 -0.00 -2.29 -0.59 -4.38 -69.91 -345.97 -113.41 -26.55 -20.72 -3.14 -0.15 -30.24 -16.72 -40.96 -197.69 -555.91 -255.89 -96.27 -89.03 -26.75 -4.30 -106.20 -84.94 -131.52 -371.79
0.00 0.00 0.00 0.00 0.00 0.00 0.00 0.00 0.00 0.00 -29.53 -1.07 -0.00 -0.00 -0.00 0.00 -0.00 -0.00 -0.00 -8.13 -158.94 -27.60 -2.30 -1.00 -0.02 -0.00 -2.29 -0.59 -4.38 -69.91 -345.97 -113.41 -26.55 -20.72 -3.14 -0.15 -30.24 -16.72 -40.96 -197.69 -555.91 -255.89 -96.27 -89.03 -26.75 -4.30 -106.20 -84.94 -131.52 -371.79
0.00 0.00 0.00 0.00 0.00 0.00 0.00 0.00 0.00 0.00 -29.53 -1.07 -0.00 -0.00 -0.00 0.00 -0.00 -0.00 -0.00 -8.13 -158.94 -27.60 -2.30 -1.00 -0.02 -0.00 -2.29 -0.59 -4.38 -69.91 -345.97 -113.41 -26.55 -20.72 -3.14 -0.15 -30.24 -16.72 -40.96 -197.69 -555.91 -255.89 -96.27 -89.03 -26.75 -4.30 -106.20 -84.94 -131.52 -371.79
0.00 0.00 0.00 0.00 0.00 0.00 0.00 0.00 0.00 0.00 -29.53 -1.07 -0.00 -0.00 -0.00 0.00 -0.00 -0.00 -0.00 -8.13 -158.94 -27.60 -2.30 -1.00 -0.02 -0.00 -2.29 -0.59 -4.38 -69.91 -345.97 -113.41 -26.55 -20.72 -3.14 -0.15 -30.24 -16.72 -40.96 -197.69 -555.91 -255.89 -96.27 -89.03 -26.75 -4.30 -106.20 -84.94 -131.52 -371.79
0.00 0.00 0.00 0.00 0.00 0.00 0.00 0.00 0.00 0.00 -29.53 -1.07 -0.00 -0.00 -0.00 0.00 -0.00 -0.00 -0.00 -8.13 -158.94 -27.60 -2.30 -1.00 -0.02 -0.00 -2.29 -0.59 -4.38 -69.91 -345.97 -113.41 -26.55 -20.72 -3.14 -0.15 -30.24 -16.72 -40.96 -197.69 -555.91 -255.89 -96.27 -89.03 -26.75 -4.30 -106.20 -84.94 -131.52 -371.79
0.00 0.00 0.00 0.00 0.00 0.00 0.00 0.00 0.00 0.00 -29.53 -1.07 -0.00 -0.00 -0.00 0.00 -0.00 -0.00 -0.00 -8.13 -158.94 -27.60 -2.30 -1.00 -0.02 -0.00 -2.29 -0.59 -4.38 -69.91 -345.97 -113.41 -26.55 -20.72 -3.14 -0.15 -30.24 -16.72 -40.96 -197.69 -555.91 -255.89 -96.27 -89.03 -26.75 -4.30 -106.20 -84.94 -131.52 -371.79
0.00 0.00 0.00 0.00 0.00 0.00 0.00 0.00 0.00 0.00 -29.53 -1.07 -0.00 -0.00 -0.00 0.00 -0.00 -0.00 -0.00 -8.13 -158.94 -27.60 -2.30 -1.00 -0.02 -0.00 -2.29 -0.59 -4.38 -69.91 -345.97 -113.41 -26.55 -20.72 -3.14 -0.15 -30.24 -16.72 -40.96 -197.69 -555.91 -255.89 -96.27 -89.03 -26.75 -4.30 -106.20 -84.94 -131.52 -371.79
0.00 0.00 0.00 0.00 0.00 0.00 0.00 0.00 0.00 0.00 -29.53 -1.07 -0.00 -0.00 -0.00 0.00 -0.00 -0.00 -0.00 -8.13 -158.94 -27.60 -2.30 -1.00 -0.02 -0.00 -2.29 -0.59 -4.38 -69.91 -345.97 -113.41 -26.55 -20.72 -3.14 -0.15 -30.24 -16.72 -40.96 -197.69 -555.91 -255.89 -96.27 -89.03 -26.75 -4.30 -106.20 -84.94 -131.52 -371.79
0.00 0.00 0.00 0.00 0.00 0.00 0.00 0.00 0.00 0.00 -29.53 -1.07 -0.00 -0.00 -0.00 0.00 -0.00 -0.00 -0.00 -8.13 -158.94 -27.60 -2.30 -1.00 -0.02 -0.00 -2.29 -0.59 -4.38 -69.91 -345.97 -113.41 -26.55 -20.72 -3.14 -0.15 -30.24 -16.72 -40.96 -197.69 -555.91 -255.89 -96.27 -89.03 -26.75 -4.30 -106.20 -84.94 -131.52 -371.79
0.00 0.00 0.00 0.00 0.00 0.00 0.00 0.00 0.00 0.00 -29.53 -1.07 -0.00 -0.00 -0.00 0.00 -0.00 -0.00 -0.00 -8.13 -158.94 -27.60 -2.30 -1.00 -0.02 -0.00 -2.29 -0.59 -4.38 -69.91 -345.97 -113.41 -26.55 -20.72 -3.14 -0.15 -30.24 -16.72 -40.96 -197.69 -555.91 -255.89 -96.27 -89.03 -26.75 -4.30 -106.20 -84.94 -131.52 -371.79
0.00 0.00 0.00 0.00 0.00 0.00 0.00 0.00 0.00 0.00 -29.53 -1.07 -0.00 -0.00 -0.00 0.00 -0.00 -0.00 -0.00 -8.13 -158.94 -27.60 -2.30 -1.00 -0.02 -0.00 -2.29 -0.59 -4.38 -69.91 -345.97 -113.41 -26.55 -20.72 -3.14 -0.15 -30.24 -16.72 -40.96 -197.69 -555.91 -255.89 -96.27 -89.03 -26.75 -4.30 -106.20 -84.94 -131.52 -371.79
0.00 0.00 0.00 0.00 0.00 0.00 0.00 0.00 0.00 0.00 -29.53 -1.07 -0.00 -0.00 -0.00 0.00 -0.00 -0.00 -0.00 -8.13 -158.94 -27.60 -2.30 -1.00 -0.02 -0.00 -2.29 -0.59 -4.38 -69.91 -345.97 -113.41 -26.55 -20.72 -3.14 -0.15 -30.24 -16.72 -40.96 -197.69 -555.91 -255.89 -96.27 -89.03 -26.75 -4.30 -106.20 -84.94 -131.52 -371.79
0.00 0.00 0.00 0.00 0.00 0.00 0.00 0.00 0.00 0.00 -29.53 -1.07 -0.00 -0.00 -0.00 0.00 -0.00 -0.00 -0.00 -8.13 -158.94 -27.60 -2.30 -1.00 -0.02 -0.00 -2.29 -0.59 -4.38 -69.91 -345.97 -113.41 -26.55 -20.72 -3.14 -0.15 -30.24 -16.72 -40.96 -197.69 -555.91 -255.89 -96.27 -89.03 -26.75 -4.30 -106.20 -84.94 -131.52 -371.79
0.00 0.00 0.00 0.00 0.00 0.00 0.00 0.00 0.00 0.00 -29.53 -1.07 -0.00 -0.00 -0.00 0.00 -0.00 -0.00 -0.00 -8.13 -158.94 -27.60 -2.30 -1.00 -0.02 -0.00 -2.29 -0.59 -4.38 -69.91 -345.97 -113.41 -26.55 -20.72 -3.14 -0.15 -30.24 -16.72 -40.96 -197.69 -555.91 -255.89 -96.27 -89.03 -26.75 -4.30 -106.20 -84.94 -131.52 -371.79
0.00 0.00 0.00 0.00 0.00 0.00 0.00 0.00 0.00 0.00 -29.53 -1.07 -0.00 -0.00 -0.00 0.00 -0.00 -0.00 -0.00 -8.13 -158.94 -27.60 -2.30 -1.00 -0.02 -0.00 -2.29 -0.59 -4.38 -69.91 -345.97 -113.41 -26.55 -20.72 -3.14 -0.15 -30.24 -16.72 -40.96 -197.69 -555.91 -255.89 -96.27 -89.03 -26.75 -4.30 -106.20 -84.94 -131.52 -371.79
0.00 0.00 0.00 0.00 0.00 0.00 0.00 0.00 0.00 0.00 -29.53 -1.07 -0.00 -0.00 -0.00 0.00 -0.00 -0.00 -0.00 -8.13 -158.94 -27.60 -2.30 -1.00 -0.02 -0.00 -2.29 -0.59 -4.38 -69.91 -345.97 -113.41 -26.55 -20.72 -3.14 -0.15 -30.24 -16.72 -40.96 -197.69 -555.91 -255.89 -96.27 -89.03 -26.75 -4.30 -106.20 -84.94 -131.52 -371.79
0.00 0.00 0.00 0.00 0.00 0.00 0.00 0.00 0.00 0.00 -29.53 -1.07 -0.00 -0.00 -0.00 0.00 -0.00 -0.00 -0.00 -8.13 -158.94 -27.60 -2.30 -1.00 -0.02 -0.00 -2.29 -0.59 -4.38 -69.91 -345.97 -113.41 -26.55 -20.72 -3.14 -0.15 -30.24 -16.72 -40.96 -197.69 -555.91 -255.89 -96.27 -89.03 -26.75 -4.30 -106.20 -84.94 -131.52 -371.79
0.00 0.00 0.00 0.00 0.00 0.00 0.00 0.00 0.00 0.00 -29.53 -1.07 -0.00 -0.00 -0.00 0.00 -0.00 -0.00 -0.00 -8.13 -158.94 -27.60 -2.30 -1.00 -0.02 -0.00 -2.29 -0.59 -4.38 -69.91 -345.97 -113.41 -26.55 -20.72 -3.14 -0.15 -30.24 -16.72 -40.96 -197.69 -555.91 -255.89 -96.27 -89.03 -26.75 -4.30 -106.20 -84.94 -131.52 -371.79
0.00 0.00 0.00 0.00 0.00 0.00 0.00 0.00 0.00 0.00 -29.53 -1.07 -0.00 -0.00 -0.00 0.00 -0.00 -0.00 -0.00 -8.13 -158.94 -27.60 -2.30 -1.00 -0.02 -0.00 -2.29 -0.59 -4.38 -69.91 -345.97 -113.41 -26.55 -20.72 -3.14 -0.15 -30.24 -16.72 -40.96 -197.69 -555.91 -255.89 -96.27 -89.03 -26.75 -4.30 -106.20 -84.94 -131.52 -371.79
0.00 0.00 0.00 0.00 0.00 0.00 0.00 0.00 0.00 0.00 -29.53 -1.07 -0.00 -0.00 -0.00 0.00 -0.00 -0.00 -0.00 -8.13 -158.94 -27.60 -2.30 -1.00 -0.02 -0.00 -2.29 -0.59 -4.38 -69.91 -345.97 -113.41 -26.55 -20.72 -3.14 -0.15 -30.24 -16.72 -40.96 -197.69 -555.91 -255.89 -96.27 -89.03 -26.75 -4.30 -106.20 -84.94 -131.52 -371.79
0.00 0.00 0.00 0.00 0.00 0.00 0.00 0.00 0.00 0.00 -29.53 -1.07 -0.00 -0.00 -0.00 0.00 -0.00 -0.00 -0.00 -8.13 -158.94 -27.60 -2.30 -1.00 -0.02 -0.00 -2.29 -0.59 -4.38 -69.91 -345.97 -113.41 -26.55 -20.72 -3.14 -0.15 -30.24 -16.72 -40.96 -197.69 -555.91 -255.89 -96.27 -89.03 -26.75 -4.30 -106.20 -84.94 -131.52 -371.79
0.00 0.00 0.00 0.00 0.00 0.00 0.00 0.00 0.00 0.00 -29.53 -1.07 -0.00 -0.00 -0.00 0.00 -0.00 -0.00 -0.00 -8.13 -158.94 -27.60 -2.30 -1.00 -0.02 -0.00 -2.29 -0.59 -4.38 -69.91 -345.97 -113.41 -26.55 -20.72 -3.14 -0.15 -30.24 -16.72 -40.96 -197.69 -555.91 -255.89 -96.27 -89.03 -26.75 -4.30 -106.20 -84.94 -131.52 -371.79
0.00 0.00 0.00 0.00 0.00 0.00 0.00 0.00 0.00 0.00 -29.53 -1.07 -0.00 -0.00 -0.00 0.00 -0.00 -0.00 -0.00 -8.13 -158.94 -27.60 -2.30 -1.00 -0.02 -0.00 -2.29 -0.59 -4.38 -69.91 -345.97 -113.41 -26.55 -20.72 -3.14 -0.15 -30.24 -16.72 -40.96 -197.69 -555.91 -255.89 -96.27 -89.03 -26.75 -4.30 -106.20 -84.94 -131.52 -371.79
0.00 0.00 0.00 0.00 0.00 0.00 0.00 0.00 0.00 0.00 -29.53 -1.07 -0.00 -0.00 -0.00 0.00 -0.00 -0.00 -0.00 -8.13 -158.94 -27.60 -2.30 -1.00 -0.02 -0.00 -2.29 -0.59 -4.38 -69.91 -345.97 -113.41 -26.55 -20.72 -3.14 -0.15 -30.24 -16.72 -40.96 -197.69 -555.91 -255.89 -96.27 -89.03 -26.75 -4.30 -106.20 -84.94 -131.52 -371.79
0.00 0.00 0.00 0.00 0.00 0.00 0.00 0.00 0.00 0.00 -29.53 -1.07 -0.00 -0.00 -0.00 0.00 -0.00 -0.00 -0.00 -8.13 -158.94 -27.60 -2.30 -1.00 -0.02 -0.00 -2.29 -0.59 -4.38 -69.91 -345.97 -113.41 -26.55 -20.72 -3.14 -0.15 -30.24 -16.72 -40.96 -197.69 -555.91 -255.89 -96.27 -89.03 -26.75 -4.30 -106.20 -84.94 -131.52 -371.79
0.00 0.00 0.00 0.00 0.00 0.00 0.00 0.00 0.00 0.00 -29.53 -1.07 -0.00 -0.00 -0.00 0.00 -0.00 -0.00 -0.00 -8.13 -158.94 -27.60 -2.30 -1.00 -0.02 -0.00 -2.29 -0.59 -4.38 -69.91 -345.97 -113.41 -26.55 -20.72 -3.14 -0.15 -30.24 -16.72 -40.96 -197.69 -555.91 -255.89 -96.27 -89.03 -26.75 -4.30 -106.20 -84.94 -131.52 -371.79
0.00 0.00 0.00 0.00 0.00 0.00 0.00 0.00 0.00 0.00 -29.53 -1.07 -0.00 -0.00 -0.00 0.00 -0.00 -0.00 -0.00 -8.13 -158.94 -27.60 -2.30 -1.00 -0.02 -0.00 -2.29 -0.59 -4.38 -69.91 -345.97 -113.41 -26.55 -20.72 -3.14 -0.15 -30.24 -16.72 -40.96 -197.69 -555.91 -255.89 -96.27 -89.03 -26.75 -4.30 -106.20 -84.94 -131.52 -371.79
