0.00 0.00 0.00 0.00 0.00 0.00 0.00 0.00 0.00 0.00 0.00 0.00 0.00 0.00 0.00 0.00 0.00 0.00 0.00 0.00 0.00 0.00 0.00 0.00 0.00 0.00 0.00 0.00 0.00 0.00 0.00 0.00 0.00 0.00 0.00 0.00 0.00 0.00 0.00 0.00 0.00 0.00 0.00 0.00 0.00 0.00 0.00 0.00 0.00 0.00
0.00 0.00 0.00 0.00 0.00 0.00 0.00 0.00 0.00 0.00 0.00 0.00 0.00 0.00 0.00 0.00 0.00 0.00 0.00 0.00 0.00 0.00 0.00 0.00 0.00 0.00 0.00 0.00 0.00 0.00 0.00 0.00 0.00 0.00 0.00 0.00 0.00 0.00 0.00 0.00 0.00 0.00 0.00 0.00 0.00 0.00 0.00 0.00 0.00 0.00
0.00 0.00 0.00 0.00 0.00 0.00 0.00 0.00 0.00 0.00 -12.63 -0.02 -0.00 -0.00 -0.00 0.00 -0.00 0.00 0.00 -0.16 -96.77 -1.67 -0.00 -0.00 0.00 0.00 -0.00 -0.00 -0.00 -3.36 -259.33 -13.09 -0.02 -0.00 -0.00 0.00 -0.00 -0.00 -0.00 -16.44 -478.19 -46.20 -0.28 -0.01 -0.00 -0.00 -0.02 -0.00 -0.08 -47.85
0.00 0.00 0.00 0.00 0.00 0.00 0.00 0.00 0.00 0.00 -9.52 -0.02 -0.00 -0.00 -0.00 0.00 -0.00 -0.00 0.00 -0.11 -71.17 -1.56 -0.00 -0.00 -0.00 0.00 -0.00 -0.00 -0.00 -3.69 -188.20 -11.58 -0.03 -0.00 -0.00 0.00 -0.00 -0.00 -0.01 -20.98 -343.22 -39.40 -0.41 -0.02 -0.00 -0.00 -0.08 -0.03 -0.15 -58.74
0.00 0.00 0.00 0.00 0.00 0.00 0.00 0.00 0.00 0.00 -4.86 -0.01 -0.00 0.00 0.00 0.00 -0.00 0.00 0.00 -0.00 -38.18 -0.43 -0.00 -0.00 0.00 0.00 -0.00 0.00 -0.00 -0.50 -104.49 -3.72 -0.00 -0.00 0.00 0.00 -0.00 -0.00 -0.00 -4.48 -196.16 -14.03 -0.03 -0.00 -0.00 0.00 -0.00 -0.00 -0.00 -16.49
0.00 0.00 0.00 0.00 0.00 0.00 0.00 0.00 0.00 0.00 -7.02 -0.02 -0.00 0.00 0.00 0.00 -0.00 0.00 0.00 -0.21 -51.82 -1.24 -0.00 -0.00 0.00 0.00 -0.00 -0.00 -0.00 -4.58 -136.24 -9.07 -0.03 -0.00 -0.00 0.00 -0.00 -0.00 -0.01 -21.71 -247.34 -30.44 -0.36 -0.03 -0.00 -0.00 -0.08 -0.02 -0.14 -58.01
0.00 0.00 0.00 0.00 0.00 0.00 0.00 0.00 0.00 0.00 -7.02 -0.02 -0.00 0.00 0.00 0.00 -0.00 0.00 0.00 -0.21 -51.82 -1.24 -0.00 -0.00 0.00 0.00 -0.00 -0.00 -0.00 -4.58 -136.24 -9.07 -0.03 -0.00 -0.00 0.00 -0.00 -0.00 -0.01 -21.71 -247.34 -30.44 -0.36 -0.03 -0.00 -0.00 -0.08 -0.02 -0.14 -58.01
0.00 0.00 0.00 0.00 0.00 0.00 0.00 0.00 0.00 0.00 -7.02 -0.02 -0.00 0.00 0.00 0.00 -0.00 0.00 0.00 -0.21 -51.82 -1.24 -0.00 -0.00 0.00 0.00 -0.00 -0.00 -0.00 -4.58 -136.24 -9.07 -0.03 -0.00 -0.00 0.00 -0.00 -0.00 -0.01 -21.71 -247.34 -30.44 -0.36 -0.03 -0.00 -0.00 -0.08 -0.02 -0.14 -58.01
0.00 0.00 0.00 0.00 0.00 0.00 0.00 0.00 0.00 0.00 -7.02 -0.02 -0.00 0.00 0.00 0.00 -0.00 0.00 0.00 -0.21 -51.82 -1.24 -0.00 -0.00 0.00 0.00 -0.00 -0.00 -0.00 -4.58 -136.24 -9.07 -0.03 -0.00 -0.00 0.00 -0.00 -0.00 -0.01 -21.71 -247.34 -30.44 -0.36 -0.03 -0.00 -0.00 -0.08 -0.02 -0.14 -58.01
0.00 0.00 0.00 0.00 0.00 0.00 0.00 0.00 0.00 0.00 -7.02 -0.02 -0.00 0.00 0.00 0.00 -0.00 0.00 0.00 -0.21 -51.82 -1.24 -0.00 -0.00 0.00 0.00 -0.00 -0.00 -0.00 -4.58 -136.24 -9.07 -0.03 -0.00 -0.00 0.00 -0.00 -0.00 -0.01 -21.71 -247.34 -30.44 -0.36 -0.03 -0.00 -0.00 -0.08 -0.02 -0.14 -58.01
0.00 0.00 0.00 0.00 0.00 0.00 0.00 0.00 0.00 0.00 -7.02 -0.02 -0.00 0.00 0.00 0.00 -0.00 0.00 0.00 -0.21 -51.82 -1.24 -0.00 -0.00 0.00 0.00 -0.00 -0.00 -0.00 -4.58 -136.24 -9.07 -0.03 -0.00 -0.00 0.00 -0.00 -0.00 -0.01 -21.71 -247.34 -30.44 -0.36 -0.03 -0.00 -0.00 -0.08 -0.02 -0.14 -58.01
0.00 0.00 0.00 0.00 0.00 0.00 0.00 0.00 0.00 0.00 -7.02 -0.02 -0.00 0.00 0.00 0.00 -0.00 0.00 0.00 -0.21 -51.82 -1.24 -0.00 -0.00 0.00 0.00 -0.00 -0.00 -0.00 -4.58 -136.24 -9.07 -0.03 -0.00 -0.00 0.00 -0.00 -0.00 -0.01 -21.71 -247.34 -30.44 -0.36 -0.03 -0.00 -0.00 -0.08 -0.02 -0.14 -58.01
0.00 0.00 0.00 0.00 0.00 0.00 0.00 0.00 0.00 0.00 -7.02 -0.02 -0.00 0.00 0.00 0.00 -0.00 0.00 0.00 -0.21 -51.82 -1.24 -0.00 -0.00 0.00 0.00 -0.00 -0.00 -0.00 -4.58 -136.24 -9.07 -0.03 -0.00 -0.00 0.00 -0.00 -0.00 -0.01 -21.71 -247.34 -30.44 -0.36 -0.03 -0.00 -0.00 -0.08 -0.02 -0.14 -58.01
0.00 0.00 0.00 0.00 0.00 0.00 0.00 0.00 0.00 0.00 -10.42 -0.05 -0.00 -0.00 0.00 -0.00 -0.00 0.00 -0.00 -0.56 -71.68 -2.77 -0.01 -0.00 -0.00 -0.00 -0.00 -0.00 -0.00 -9.90 -183.69 -18.28 -0.23 -0.02 -0.00 -0.00 -0.07 -0.01 -0.13 -41.83 -326.89 -56.58 -2.00 -0.37 -0.01 -0.00 -0.92 -0.32 -1.50 -101.18
0.00 0.00 0.00 0.00 0.00 0.00 0.00 0.00 0.00 0.00 -10.42 -0.05 -0.00 -0.00 0.00 -0.00 -0.00 0.00 -0.00 -0.56 -71.68 -2.77 -0.01 -0.00 -0.00 -0.00 -0.00 -0.00 -0.00 -9.90 -183.69 -18.28 -0.23 -0.02 -0.00 -0.00 -0.07 -0.01 -0.13 -41.83 -326.89 -56.58 -2.00 -0.37 -0.01 -0.00 -0.92 -0.32 -1.50 -101.18
0.00 0.00 0.00 0.00 0.00 0.00 0.00 0.00 0.00 0.00 -10.42 -0.05 -0.00 -0.00 0.00 -0.00 -0.00 0.00 -0.00 -0.56 -71.68 -2.77 -0.01 -0.00 -0.00 -0.00 -0.00 -0.00 -0.00 -9.90 -183.69 -18.28 -0.23 -0.02 -0.00 -0.00 -0.07 -0.01 -0.13 -41.83 -326.89 -56.58 -2.00 -0.37 -0.01 -0.00 -0.92 -0.32 -1.50 -101.18
0.00 0.00 0.00 0.00 0.00 0.00 0.00 0.00 0.00 0.00 -10.42 -0.05 -0.00 -0.00 0.00 -0.00 -0.00 0.00 -0.00 -0.56 -71.68 -2.77 -0.01 -0.00 -0.00 -0.00 -0.00 -0.00 -0.00 -9.90 -183.69 -18.28 -0.23 -0.02 -0.00 -0.00 -0.07 -0.01 -0.13 -41.83 -326.89 -56.58 -2.00 -0.37 -0.01 -0.00 -0.92 -0.32 -1.50 -101.18
0.00 0.00 0.00 0.00 0.00 0.00 0.00 0.00 0.00 0.00 -10.42 -0.05 -0.00 -0.00 0.00 -0.00 -0.00 0.00 -0.00 -0.56 -71.68 -2.77 -0.01 -0.00 -0.00 -0.00 -0.00 -0.00 -0.00 -9.90 -183.69 -18.28 -0.23 -0.02 -0.00 -0.00 -0.07 -0.01 -0.13 -41.83 -326.89 -56.58 -2.00 -0.37 -0.01 -0.00 -0.92 -0.32 -1.50 -101.18
0.00 0.00 0.00 0.00 0.00 0.00 0.00 0.00 0.00 0.00 -10.42 -0.05 -0.00 -0.00 0.00 -0.00 -0.00 0.00 -0.00 -0.56 -71.68 -2.77 -0.01 -0.00 -0.00 -0.00 -0.00 -0.00 -0.00 -9.90 -183.69 -18.28 -0.23 -0.02 -0.00 -0.00 -0.07 -0.01 -0.13 -41.83 -326.89 -56.58 -2.00 -0.37 -0.01 -0.00 -0.92 -0.32 -1.50 -101.18
0.00 0.00 0.00 0.00 0.00 0.00 0.00 0.00 0.00 0.00 -10.42 -0.05 -0.00 -0.00 0.00 -0.00 -0.00 0.00 -0.00 -0.56 -71.68 -2.77 -0.01 -0.00 -0.00 -0.00 -0.00 -0.00 -0.00 -9.90 -183.69 -18.28 -0.23 -0.02 -0.00 -0.00 -0.07 -0.01 -0.13 -41.83 -326.89 -56.58 -2.00 -0.37 -0.01 -0.00 -0.92 -0.32 -1.50 -101.18
0.00 0.00 0.00 0.00 0.00 0.00 0.00 0.00 0.00 0.00 -10.42 -0.05 -0.00 -0.00 0.00 -0.00 -0.00 0.00 -0.00 -0.56 -71.68 -2.77 -0.01 -0.00 -0.00 -0.00 -0.00 -0.00 -0.00 -9.90 -183.69 -18.28 -0.23 -0.02 -0.00 -0.00 -0.07 -0.01 -0.13 -41.83 -326.89 -56.58 -2.00 -0.37 -0.01 -0.00 -0.92 -0.32 -1.50 -101.18
0.00 0.00 0.00 0.00 0.00 0.00 0.00 0.00 0.00 0.00 -10.42 -0.05 -0.00 -0.00 0.00 -0.00 -0.00 0.00 -0.00 -0.56 -71.68 -2.77 -0.01 -0.00 -0.00 -0.00 -0.00 -0.00 -0.00 -9.90 -183.69 -18.28 -0.23 -0.02 -0.00 -0.00 -0.07 -0.01 -0.13 -41.83 -326.89 -56.58 -2.00 -0.37 -0.01 -0.00 -0.92 -0.32 -1.50 -101.18
0.00 0.00 0.00 0.00 0.00 0.00 0.00 0.00 0.00 0.00 -9.78 -0.06 -0.00 0.00 0.00 0.00 -0.00 0.00 -0.00 -0.27 -66.26 -3.08 -0.01 -0.00 -0.00 0.00 -0.00 -0.00 -0.01 -4.21 -169.28 -19.12 -0.38 -0.06 -0.00 -0.00 -0.15 -0.03 -0.60 -20.67 -299.70 -57.28 -2.97 -0.91 -0.04 -0.00 -1.66 -0.55 -5.17 -58.30
0.00 0.00 0.00 0.00 0.00 0.00 0.00 0.00 0.00 0.00 -13.08 -0.15 -0.00 -0.00 0.00 0.00 -0.00 0.00 -0.00 -0.78 -82.16 -5.98 -0.07 -0.01 -0.00 0.00 -0.03 -0.00 -0.17 -9.29 -197.69 -33.26 -1.82 -0.78 -0.02 -0.00 -1.38 -0.09 -4.94 -37.44 -341.39 -91.74 -11.01 -7.28 -0.54 -0.02 -10.58 -1.34 -26.23 -99.78
0.00 0.00 0.00 0.00 0.00 0.00 0.00 0.00 0.00 0.00 -13.08 -0.15 -0.00 -0.00 0.00 0.00 -0.00 0.00 -0.00 -0.78 -82.16 -5.98 -0.07 -0.01 -0.00 0.00 -0.03 -0.00 -0.17 -9.29 -197.69 -33.26 -1.82 -0.78 -0.02 -0.00 -1.38 -0.09 -4.94 -37.44 -341.39 -91.74 -11.01 -7.28 -0.54 -0.02 -10.58 -1.34 -26.23 -99.78
0.00 0.00 0.00 0.00 0.00 0.00 0.00 0.00 0.00 0.00 -13.08 -0.15 -0.00 -0.00 0.00 0.00 -0.00 0.00 -0.00 -0.78 -82.16 -5.98 -0.07 -0.01 -0.00 0.00 -0.03 -0.00 -0.17 -9.29 -197.69 -33.26 -1.82 -0.78 -0.02 -0.00 -1.38 -0.09 -4.94 -37.44 -341.39 -91.74 -11.01 -7.28 -0.54 -0.02 -10.58 -1.34 -26.23 -99.78
0.00 0.00 0.00 0.00 0.00 0.00 0.00 0.00 0.00 0.00 -13.08 -0.15 -0.00 -0.00 0.00 0.00 -0.00 0.00 -0.00 -0.78 -82.16 -5.98 -0.07 -0.01 -0.00 0.00 -0.03 -0.00 -0.17 -9.29 -197.69 -33.26 -1.82 -0.78 -0.02 -0.00 -1.38 -0.09 -4.94 -37.44 -341.39 -91.74 -11.01 -7.28 -0.54 -0.02 -10.58 -1.34 -26.23 -99.78
0.00 0.00 0.00 0.00 0.00 0.00 0.00 0.00 0.00 0.00 -13.08 -0.15 -0.00 -0.00 0.00 0.00 -0.00 0.00 -0.00 -0.78 -82.16 -5.98 -0.07 -0.01 -0.00 0.00 -0.03 -0.00 -0.17 -9.29 -197.69 -33.26 -1.82 -0.78 -0.02 -0.00 -1.38 -0.09 -4.94 -37.44 -341.39 -91.74 -11.01 -7.28 -0.54 -0.02 -10.58 -1.34 -26.23 -99.78
0.00 0.00 0.00 0.00 0.00 0.00 0.00 0.00 0.00 0.00 -13.08 -0.15 -0.00 -0.00 0.00 0.00 -0.00 0.00 -0.00 -0.78 -82.16 -5.98 -0.07 -0.01 -0.00 0.00 -0.03 -0.00 -0.17 -9.29 -197.69 -33.26 -1.82 -0.78 -0.02 -0.00 -1.38 -0.09 -4.94 -37.44 -341.39 -91.74 -11.01 -7.28 -0.54 -0.02 -10.58 -1.34 -26.23 -99.78
0.00 0.00 0.00 0.00 0.00 0.00 0.00 0.00 0.00 0.00 -13.08 -0.15 -0.00 -0.00 0.00 0.00 -0.00 0.00 -0.00 -0.78 -82.16 -5.98 -0.07 -0.01 -0.00 0.00 -0.03 -0.00 -0.17 -9.29 -197.69 -33.26 -1.82 -0.78 -0.02 -0.00 -1.38 -0.09 -4.94 -37.44 -341.39 -91.74 -11.01 -7.28 -0.54 -0.02 -10.58 -1.34 -26.23 -99.78
0.00 0.00 0.00 0.00 0.00 0.00 0.00 0.00 0.00 0.00 -13.08 -0.15 -0.00 -0.00 0.00 0.00 -0.00 0.00 -0.00 -0.78 -82.16 -5.98 -0.07 -0.01 -0.00 0.00 -0.03 -0.00 -0.17 -9.29 -197.69 -33.26 -1.82 -0.78 -0.02 -0.00 -1.38 -0.09 -4.94 -37.44 -341.39 -91.74 -11.01 -7.28 -0.54 -0.02 -10.58 -1.34 -26.23 -99.78
0.00 0.00 0.00 0.00 0.00 0.00 0.00 0.00 0.00 0.00 -13.08 -0.15 -0.00 -0.00 0.00 0.00 -0.00 0.00 -0.00 -0.78 -82.16 -5.98 -0.07 -0.01 -0.00 0.00 -0.03 -0.00 -0.17 -9.29 -197.69 -33.26 -1.82 -0.78 -0.02 -0.00 -1.38 -0.09 -4.94 -37.44 -341.39 -91.74 -11.01 -7.28 -0.54 -0.02 -10.58 -1.34 -26.23 -99.78
0.00 0.00 0.00 0.00 0.00 0.00 0.00 0.00 0.00 0.00 -13.08 -0.15 -0.00 -0.00 0.00 0.00 -0.00 0.00 -0.00 -0.78 -82.16 -5.98 -0.07 -0.01 -0.00 0.00 -0.03 -0.00 -0.17 -9.29 -197.69 -33.26 -1.82 -0.78 -0.02 -0.00 -1.38 -0.09 -4.94 -37.44 -341.39 -91.74 -11.01 -7.28 -0.54 -0.02 -10.58 -1.34 -26.23 -99.78
0.00 0.00 0.00 0.00 0.00 0.00 0.00 0.00 0.00 0.00 -13.08 -0.15 -0.00 -0.00 0.00 0.00 -0.00 0.00 -0.00 -0.78 -82.16 -5.98 -0.07 -0.01 -0.00 0.00 -0.03 -0.00 -0.17 -9.29 -197.69 -33.26 -1.82 -0.78 -0.02 -0.00 -1.38 -0.09 -4.94 -37.44 -341.39 -91.74 -11.01 -7.28 -0.54 -0.02 -10.58 -1.34 -26.23 -99.78
0.00 0.00 0.00 0.00 0.00 0.00 0.00 0.00 0.00 0.00 -13.08 -0.15 -0.00 -0.00 0.00 0.00 -0.00 0.00 -0.00 -0.78 -82.16 -5.98 -0.07 -0.01 -0.00 0.00 -0.03 -0.00 -0.17 -9.29 -197.69 -33.26 -1.82 -0.78 -0.02 -0.00 -1.38 -0.09 -4.94 -37.44 -341.39 -91.74 -11.01 -7.28 -0.54 -0.02 -10.58 -1.34 -26.23 -99.78
0.00 0.00 0.00 0.00 0.00 0.00 0.00 0.00 0.00 0.00 -13.08 -0.15 -0.00 -0.00 0.00 0.00 -0.00 0.00 -0.00 -0.78 -82.16 -5.98 -0.07 -0.01 -0.00 0.00 -0.03 -0.00 -0.17 -9.29 -197.69 -33.26 -1.82 -0.78 -0.02 -0.00 -1.38 -0.09 -4.94 -37.44 -341.39 -91.74 -11.01 -7.28 -0.54 -0.02 -10.58 -1.34 -26.23 -99.78
0.00 0.00 0.00 0.00 0.00 0.00 0.00 0.00 0.00 0.00 -13.08 -0.15 -0.00 -0.00 0.00 0.00 -0.00 0.00 -0.00 -0.78 -82.16 -5.98 -0.07 -0.01 -0.00 0.00 -0.03 -0.00 -0.17 -9.29 -197.69 -33.26 -1.82 -0.78 -0.02 -0.00 -1.38 -0.09 -4.94 -37.44 -341.39 -91.74 -11.01 -7.28 -0.54 -0.02 -10.58 -1.34 -26.23 -99.78
0.00 0.00 0.00 0.00 0.00 0.00 0.00 0.00 0.00 0.00 -13.08 -0.15 -0.00 -0.00 0.00 0.00 -0.00 0.00 -0.00 -0.78 -82.16 -5.98 -0.07 -0.01 -0.00 0.00 -0.03 -0.00 -0.17 -9.29 -197.69 -33.26 -1.82 -0.78 -0.02 -0.00 -1.38 -0.09 -4.94 -37.44 -341.39 -91.74 -11.01 -7.28 -0.54 -0.02 -10.58 -1.34 -26.23 -99.78
0.00 0.00 0.00 0.00 0.00 0.00 0.00 0.00 0.00 0.00 -13.08 -0.15 -0.00 -0.00 0.00 0.00 -0.00 0.00 -0.00 -0.78 -82.16 -5.98 -0.07 -0.01 -0.00 0.00 -0.03 -0.00 -0.17 -9.29 -197.69 -33.26 -1.82 -0.78 -0.02 -0.00 -1.38 -0.09 -4.94 -37.44 -341.39 -91.74 -11.01 -7.28 -0.54 -0.02 -10.58 -1.34 -26.23 -99.78
0.00 0.00 0.00 0.00 0.00 0.00 0.00 0.00 0.00 0.00 -16.04 -0.21 -0.00 -0.00 0.00 -0.00 -0.00 0.00 -0.00 -0.78 -98.93 -8.03 -0.11 -0.02 -0.00 -0.00 -0.05 -0.00 -0.24 -16.27 -235.39 -43.22 -2.62 -1.53 -0.04 -0.00 -2.08 -0.04 -6.81 -70.97 -401.45 -115.83 -15.50 -14.10 -0.94 -0.05 -15.20 -1.00 -37.03 -168.52
0.00 0.00 0.00 0.00 0.00 0.00 0.00 0.00 0.00 0.00 -16.04 -0.21 -0.00 -0.00 0.00 -0.00 -0.00 0.00 -0.00 -0.78 -98.93 -8.03 -0.11 -0.02 -0.00 -0.00 -0.05 -0.00 -0.24 -16.27 -235.39 -43.22 -2.62 -1.53 -0.04 -0.00 -2.08 -0.04 -6.81 -70.97 -401.45 -115.83 -15.50 -14.10 -0.94 -0.05 -15.20 -1.00 -37.03 -168.52
0.00 0.00 0.00 0.00 0.00 0.00 0.00 0.00 0.00 0.00 -16.04 -0.21 -0.00 -0.00 0.00 -0.00 -0.00 0.00 -0.00 -0.78 -98.93 -8.03 -0.11 -0.02 -0.00 -0.00 -0.05 -0.00 -0.24 -16.27 -235.39 -43.22 -2.62 -1.53 -0.04 -0.00 -2.08 -0.04 -6.81 -70.97 -401.45 -115.83 -15.50 -14.10 -0.94 -0.05 -15.20 -1.00 -37.03 -168.52
0.00 0.00 0.00 0.00 0.00 0.00 0.00 0.00 0.00 0.00 -16.04 -0.21 -0.00 -0.00 0.00 -0.00 -0.00 0.00 -0.00 -0.78 -98.93 -8.03 -0.11 -0.02 -0.00 -0.00 -0.05 -0.00 -0.24 -16.27 -235.39 -43.22 -2.62 -1.53 -0.04 -0.00 -2.08 -0.04 -6.81 -70.97 -401.45 -115.83 -15.50 -14.10 -0.94 -0.05 -15.20 -1.00 -37.03 -168.52
0.00 0.00 0.00 0.00 0.00 0.00 0.00 0.00 0.00 0.00 -16.04 -0.21 -0.00 -0.00 0.00 -0.00 -0.00 0.00 -0.00 -0.78 -98.93 -8.03 -0.11 -0.02 -0.00 -0.00 -0.05 -0.00 -0.24 -16.27 -235.39 -43.22 -2.62 -1.53 -0.04 -0.00 -2.08 -0.04 -6.81 -70.97 -401.45 -115.83 -15.50 -14.10 -0.94 -0.05 -15.20 -1.00 -37.03 -168.52
0.00 0.00 0.00 0.00 0.00 0.00 0.00 0.00 0.00 0.00 -15.51 -0.19 -0.00 -0.00 0.00 -0.00 -0.00 -0.00 -0.00 -0.84 -96.54 -7.44 -0.09 -0.01 -0.00 -0.00 -0.03 -0.00 -0.09 -15.45 -230.99 -40.44 -2.28 -0.59 -0.03 -0.00 -1.54 -0.54 -2.83 -62.54 -395.41 -110.23 -13.58 -6.24 -0.84 -0.02 -11.68 -5.87 -18.17 -151.52
0.00 0.00 0.00 0.00 0.00 0.00 0.00 0.00 0.00 0.00 -15.51 -0.19 -0.00 -0.00 0.00 -0.00 -0.00 -0.00 -0.00 -0.84 -96.54 -7.44 -0.09 -0.01 -0.00 -0.00 -0.03 -0.00 -0.09 -15.45 -230.99 -40.44 -2.28 -0.59 -0.03 -0.00 -1.54 -0.54 -2.83 -62.54 -395.41 -110.23 -13.58 -6.24 -0.84 -0.02 -11.68 -5.87 -18.17 -151.52
0.00 0.00 0.00 0.00 0.00 0.00 0.00 0.00 0.00 0.00 -15.51 -0.19 -0.00 -0.00 0.00 -0.00 -0.00 -0.00 -0.00 -0.84 -96.54 -7.44 -0.09 -0.01 -0.00 -0.00 -0.03 -0.00 -0.09 -15.45 -230.99 -40.44 -2.28 -0.59 -0.03 -0.00 -1.54 -0.54 -2.83 -62.54 -395.41 -110.23 -13.58 -6.24 -0.84 -0.02 -11.68 -5.87 -18.17 -151.52
0.00 0.00 0.00 0.00 0.00 0.00 0.00 0.00 0.00 0.00 -15.51 -0.19 -0.00 -0.00 0.00 -0.00 -0.00 -0.00 -0.00 -0.84 -96.54 -7.44 -0.09 -0.01 -0.00 -0.00 -0.03 -0.00 -0.09 -15.45 -230.99 -40.44 -2.28 -0.59 -0.03 -0.00 -1.54 -0.54 -2.83 -62.54 -395.41 -110.23 -13.58 -6.24 -0.84 -0.02 -11.68 -5.87 -18.17 -151.52
0.00 0.00 0.00 0.00 0.00 0.00 0.00 0.00 0.00 0.00 -15.51 -0.19 -0.00 -0.00 0.00 -0.00 -0.00 -0.00 -0.00 -0.84 -96.54 -7.44 -0.09 -0.01 -0.00 -0.00 -0.03 -0.00 -0.09 -15.45 -230.99 -40.44 -2.28 -0.59 -0.03 -0.00 -1.54 -0.54 -2.83 -62.54 -395.41 -110.23 -13.58 -6.24 -0.84 -0.02 -11.68 -5.87 -18.17 -151.52
0.00 0.00 0.00 0.00 0.00 0.00 0.00 0.00 0.00 0.00 -15.51 -0.19 -0.00 -0.00 0.00 -0.00 -0.00 -0.00 -0.00 -0.84 -96.54 -7.44 -0.09 -0.01 -0.00 -0.00 -0.03 -0.00 -0.09 -15.45 -230.99 -40.44 -2.28 -0.59 -0.03 -0.00 -1.54 -0.54 -2.83 -62.54 -395.41 -110.23 -13.58 -6.24 -0.84 -0.02 -11.68 -5.87 -18.17 -151.52
0.00 0.00 0.00 0.00 0.00 0.00 0.00 0.00 0.00 0.00 -15.51 -0.19 -0.00 -0.00 0.00 -0.00 -0.00 -0.00 -0.00 -0.84 -96.54 -7.44 -0.09 -0.01 -0.00 -0.00 -0.03 -0.00 -0.09 -15.45 -230.99 -40.44 -2.28 -0.59 -0.03 -0.00 -1.54 -0.54 -2.83 -62.54 -395.41 -110.23 -13.58 -6.24 -0.84 -0.02 -11.68 -5.87 -18.17 -151.52
0.00 0.00 0.00 0.00 0.00 0.00 0.00 0.00 0.00 0.00 -15.51 -0.19 -0.00 -0.00 0.00 -0.00 -0.00 -0.00 -0.00 -0.84 -96.54 -7.44 -0.09 -0.01 -0.00 -0.00 -0.03 -0.00 -0.09 -15.45 -230.99 -40.44 -2.28 -0.59 -0.03 -0.00 -1.54 -0.54 -2.83 -62.54 -395.41 -110.23 -13.58 -6.24 -0.84 -0.02 -11.68 -5.87 -18.17 -151.52
0.00 0.00 0.00 0.00 0.00 0.00 0.00 0.00 0.00 0.00 -15.51 -0.19 -0.00 -0.00 0.00 -0.00 -0.00 -0.00 -0.00 -0.84 -96.54 -7.44 -0.09 -0.01 -0.00 -0.00 -0.03 -0.00 -0.09 -15.45 -230.99 -40.44 -2.28 -0.59 -0.03 -0.00 -1.54 -0.54 -2.83 -62.54 -395.41 -110.23 -13.58 -6.24 -0.84 -0.02 -11.68 -5.87 -18.17 -151.52
0.00 0.00 0.00 0.00 0.00 0.00 0.00 0.00 0.00 0.00 -15.51 -0.19 -0.00 -0.00 0.00 -0.00 -0.00 -0.00 -0.00 -0.84 -96.54 -7.44 -0.09 -0.01 -0.00 -0.00 -0.03 -0.00 -0.09 -15.45 -230.99 -40.44 -2.28 -0.59 -0.03 -0.00 -1.54 -0.54 -2.83 -62.54 -395.41 -110.23 -13.58 -6.24 -0.84 -0.02 -11.68 -5.87 -18.17 -151.52
0.00 0.00 0.00 0.00 0.00 0.00 0.00 0.00 0.00 0.00 -15.51 -0.19 -0.00 -0.00 0.00 -0.00 -0.00 -0.00 -0.00 -0.84 -96.54 -7.44 -0.09 -0.01 -0.00 -0.00 -0.03 -0.00 -0.09 -15.45 -230.99 -40.44 -2.28 -0.59 -0.03 -0.00 -1.54 -0.54 -2.83 -62.54 -395.41 -110.23 -13.58 -6.24 -0.84 -0.02 -11.68 -5.87 -18.17 -151.52
0.00 0.00 0.00 0.00 0.00 0.00 0.00 0.00 0.00 0.00 -15.51 -0.19 -0.00 -0.00 0.00 -0.00 -0.00 -0.00 -0.00 -0.84 -96.54 -7.44 -0.09 -0.01 -0.00 -0.00 -0.03 -0.00 -0.09 -15.45 -230.99 -40.44 -2.28 -0.59 -0.03 -0.00 -1.54 -0.54 -2.83 -62.54 -395.41 -110.23 -13.58 -6.24 -0.84 -0.02 -11.68 -5.87 -18.17 -151.52
0.00 0.00 0.00 0.00 0.00 0.00 0.00 0.00 0.00 0.00 -15.51 -0.19 -0.00 -0.00 0.00 -0.00 -0.00 -0.00 -0.00 -0.84 -96.54 -7.44 -0.09 -0.01 -0.00 -0.00 -0.03 -0.00 -0.09 -15.45 -230.99 -40.44 -2.28 -0.59 -0.03 -0.00 -1.54 -0.54 -2.83 -62.54 -395.41 -110.23 -13.58 -6.24 -0.84 -0.02 -11.68 -5.87 -18.17 -151.52
0.00 0.00 0.00 0.00 0.00 0.00 0.00 0.00 0.00 0.00 -15.51 -0.19 -0.00 -0.00 0.00 -0.00 -0.00 -0.00 -0.00 -0.84 -96.54 -7.44 -0.09 -0.01 -0.00 -0.00 -0.03 -0.00 -0.09 -15.45 -230.99 -40.44 -2.28 -0.59 -0.03 -0.00 -1.54 -0.54 -2.83 -62.54 -395.41 -110.23 -13.58 -6.24 -0.84 -0.02 -11.68 -5.87 -18.17 -151.52
0.00 0.00 0.00 0.00 0.00 0.00 0.00 0.00 0.00 0.00 -15.51 -0.19 -0.00 -0.00 0.00 -0.00 -0.00 -0.00 -0.00 -0.84 -96.54 -7.44 -0.09 -0.01 -0.00 -0.00 -0.03 -0.00 -0.09 -15.45 -230.99 -40.44 -2.28 -0.59 -0.03 -0.00 -1.54 -0.54 -2.83 -62.54 -395.41 -110.23 -13.58 -6.24 -0.84 -0.02 -11.68 -5.87 -18.17 -151.52
0.00 0.00 0.00 0.00 0.00 0.00 0.00 0.00 0.00 0.00 -15.51 -0.19 -0.00 -0.00 0.00 -0.00 -0.00 -0.00 -0.00 -0.84 -96.54 -7.44 -0.09 -0.01 -0.00 -0.00 -0.03 -0.00 -0.09 -15.45 -230.99 -40.44 -2.28 -0.59 -0.03 -0.00 -1.54 -0.54 -2.83 -62.54 -395.41 -110.23 -13.58 -6.24 -0.84 -0.02 -11.68 -5.87 -18.17 -151.52
0.00 0.00 0.00 0.00 0.00 0.00 0.00 0.00 0.00 0.00 -15.51 -0.19 -0.00 -0.00 0.00 -0.00 -0.00 -0.00 -0.00 -0.84 -96.54 -7.44 -0.09 -0.01 -0.00 -0.00 -0.03 -0.00 -0.09 -15.45 -230.99 -40.44 -2.28 -0.59 -0.03 -0.00 -1.54 -0.54 -2.83 -62.54 -395.41 -110.23 -13.58 -6.24 -0.84 -0.02 -11.68 -5.87 -18.17 -151.52
0.00 0.00 0.00 0.00 0.00 0.00 0.00 0.00 0.00 0.00 -15.51 -0.19 -0.00 -0.00 0.00 -0.00 -0.00 -0.00 -0.00 -0.84 -96.54 -7.44 -0.09 -0.01 -0.00 -0.00 -0.03 -0.00 -0.09 -15.45 -230.99 -40.44 -2.28 -0.59 -0.03 -0.00 -1.54 -0.54 -2.83 -62.54 -395.41 -110.23 -13.58 -6.24 -0.84 -0.02 -11.68 -5.87 -18.17 -151.52
0.00 0.00 0.00 0.00 0.00 0.00 0.00 0.00 0.00 0.00 -15.51 -0.19 -0.00 -0.00 0.00 -0.00 -0.00 -0.00 -0.00 -0.84 -96.54 -7.44 -0.09 -0.01 -0.00 -0.00 -0.03 -0.00 -0.09 -15.45 -230.99 -40.44 -2.28 -0.59 -0.03 -0.00 -1.54 -0.54 -2.83 -62.54 -395.41 -110.23 -13.58 -6.24 -0.84 -0.02 -11.68 -5.87 -18.17 -151.52
0.00 0.00 0.00 0.00 0.00 0.00 0.00 0.00 0.00 0.00 -15.51 -0.19 -0.00 -0.00 0.00 -0.00 -0.00 -0.00 -0.00 -0.84 -96.54 -7.44 -0.09 -0.01 -0.00 -0.00 -0.03 -0.00 -0.09 -15.45 -230.99 -40.44 -2.28 -0.59 -0.03 -0.00 -1.54 -0.54 -2.83 -62.54 -395.41 -110.23 -13.58 -6.24 -0.84 -0.02 -11.68 -5.87 -18.17 -151.52
0.00 0.00 0.00 0.00 0.00 0.00 0.00 0.00 0.00 0.00 -15.51 -0.19 -0.00 -0.00 0.00 -0.00 -0.00 -0.00 -0.00 -0.84 -96.54 -7.44 -0.09 -0.01 -0.00 -0.00 -0.03 -0.00 -0.09 -15.45 -230.99 -40.44 -2.28 -0.59 -0.03 -0.00 -1.54 -0.54 -2.83 -62.54 -395.41 -110.23 -13.58 -6.24 -0.84 -0.02 -11.68 -5.87 -18.17 -151.52
0.00 0.00 0.00 0.00 0.00 0.00 0.00 0.00 0.00 0.00 -18.39 -0.34 -0.00 -0.00 0.00 -0.00 -0.00 -0.00 -0.00 -3.15 -110.35 -11.70 -0.29 -0.03 -0.00 -0.00 -0.14 -0.05 -0.28 -33.52 -256.26 -57.70 -5.82 -1.57 -0.17 -0.00 -4.49 -3.50 -6.87 -111.48 -429.41 -146.91 -28.98 -12.66 -3.17 -0.36 -26.59 -26.49 -35.19 -237.39
0.00 0.00 0.00 0.00 0.00 0.00 0.00 0.00 0.00 0.00 -18.39 -0.34 -0.00 -0.00 0.00 -0.00 -0.00 -0.00 -0.00 -3.15 -110.35 -11.70 -0.29 -0.03 -0.00 -0.00 -0.14 -0.05 -0.28 -33.52 -256.26 -57.70 -5.82 -1.57 -0.17 -0.00 -4.49 -3.50 -6.87 -111.48 -429.41 -146.91 -28.98 -12.66 -3.17 -0.36 -26.59 -26.49 -35.19 -237.39
0.00 0.00 0.00 0.00 0.00 0.00 0.00 0.00 0.00 0.00 -18.39 -0.34 -0.00 -0.00 0.00 -0.00 -0.00 -0.00 -0.00 -3.15 -110.35 -11.70 -0.29 -0.03 -0.00 -0.00 -0.14 -0.05 -0.28 -33.52 -256.26 -57.70 -5.82 -1.57 -0.17 -0.00 -4.49 -3.50 -6.87 -111.48 -429.41 -146.91 -28.98 -12.66 -3.17 -0.36 -26.59 -26.49 -35.19 -237.39
0.00 0.00 0.00 0.00 0.00 0.00 0.00 0.00 0.00 0.00 -18.39 -0.34 -0.00 -0.00 0.00 -0.00 -0.00 -0.00 -0.00 -3.15 -110.35 -11.70 -0.29 -0.03 -0.00 -0.00 -0.14 -0.05 -0.28 -33.52 -256.26 -57.70 -5.82 -1.57 -0.17 -0.00 -4.49 -3.50 -6.87 -111.48 -429.41 -146.91 -28.98 -12.66 -3.17 -0.36 -26.59 -26.49 -35.19 -237.39
0.00 0.00 0.00 0.00 0.00 0.00 0.00 0.00 0.00 0.00 -18.39 -0.34 -0.00 -0.00 0.00 -0.00 -0.00 -0.00 -0.00 -3.15 -110.35 -11.70 -0.29 -0.03 -0.00 -0.00 -0.14 -0.05 -0.28 -33.52 -256.26 -57.70 -5.82 -1.57 -0.17 -0.00 -4.49 -3.50 -6.87 -111.48 -429.41 -146.91 -28.98 -12.66 -3.17 -0.36 -26.59 -26.49 -35.19 -237.39
0.00 0.00 0.00 0.00 0.00 0.00 0.00 0.00 0.00 0.00 -18.39 -0.34 -0.00 -0.00 0.00 -0.00 -0.00 -0.00 -0.00 -3.15 -110.35 -11.70 -0.29 -0.03 -0.00 -0.00 -0.14 -0.05 -0.28 -33.52 -256.26 -57.70 -5.82 -1.57 -0.17 -0.00 -4.49 -3.50 -6.87 -111.48 -429.41 -146.91 -28.98 -12.66 -3.17 -0.36 -26.59 -26.49 -35.19 -237.39
0.00 0.00 0.00 0.00 0.00 0.00 0.00 0.00 0.00 0.00 -17.56 -0.30 -0.00 -0.00 0.00 -0.00 -0.00 -0.00 -0.00 -2.02 -106.82 -10.72 -0.20 -0.02 -0.00 -0.00 -0.10 -0.02 -0.20 -26.94 -250.00 -53.60 -4.41 -1.45 -0.12 -0.00 -3.56 -2.14 -5.45 -97.85 -421.23 -138.00 -23.70 -12.51 -2.44 -0.09 -22.81 -18.42 -29.49 -198.37
0.00 0.00 0.00 0.00 0.00 0.00 0.00 0.00 0.00 0.00 -17.56 -0.30 -0.00 -0.00 0.00 -0.00 -0.00 -0.00 -0.00 -2.02 -106.82 -10.72 -0.20 -0.02 -0.00 -0.00 -0.10 -0.02 -0.20 -26.94 -250.00 -53.60 -4.41 -1.45 -0.12 -0.00 -3.56 -2.14 -5.45 -97.85 -421.23 -138.00 -23.70 -12.51 -2.44 -0.09 -22.81 -18.42 -29.49 -198.37
0.00 0.00 0.00 0.00 0.00 0.00 0.00 0.00 0.00 0.00 -17.56 -0.30 -0.00 -0.00 0.00 -0.00 -0.00 -0.00 -0.00 -2.02 -106.82 -10.72 -0.20 -0.02 -0.00 -0.00 -0.10 -0.02 -0.20 -26.94 -250.00 -53.60 -4.41 -1.45 -0.12 -0.00 -3.56 -2.14 -5.45 -97.85 -421.23 -138.00 -23.70 -12.51 -2.44 -0.09 -22.81 -18.42 -29.49 -198.37
0.00 0.00 0.00 0.00 0.00 0.00 0.00 0.00 0.00 0.00 -17.56 -0.30 -0.00 -0.00 0.00 -0.00 -0.00 -0.00 -0.00 -2.02 -106.82 -10.72 -0.20 -0.02 -0.00 -0.00 -0.10 -0.02 -0.20 -26.94 -250.00 -53.60 -4.41 -1.45 -0.12 -0.00 -3.56 -2.14 -5.45 -97.85 -421.23 -138.00 -23.70 -12.51 -2.44 -0.09 -22.81 -18.42 -29.49 -198.37
0.00 0.00 0.00 0.00 0.00 0.00 0.00 0.00 0.00 0.00 -17.56 -0.30 -0.00 -0.00 0.00 -0.00 -0.00 -0.00 -0.00 -2.02 -106.82 -10.72 -0.20 -0.02 -0.00 -0.00 -0.10 -0.02 -0.20 -26.94 -250.00 -53.60 -4.41 -1.45 -0.12 -0.00 -3.56 -2.14 -5.45 -97.85 -421.23 -138.00 -23.70 -12.51 -2.44 -0.09 -22.81 -18.42 -29.49 -198.37
0.00 0.00 0.00 0.00 0.00 0.00 0.00 0.00 0.00 0.00 -17.56 -0.30 -0.00 -0.00 0.00 -0.00 -0.00 -0.00 -0.00 -2.02 -106.82 -10.72 -0.20 -0.02 -0.00 -0.00 -0.10 -0.02 -0.20 -26.94 -250.00 -53.60 -4.41 -1.45 -0.12 -0.00 -3.56 -2.14 -5.45 -97.85 -421.23 -138.00 -23.70 -12.51 -2.44 -0.09 -22.81 -18.42 -29.49 -198.37
0.00 0.00 0.00 0.00 0.00 0.00 0.00 0.00 0.00 0.00 -17.56 -0.30 -0.00 -0.00 0.00 -0.00 -0.00 -0.00 -0.00 -2.02 -106.82 -10.72 -0.20 -0.02 -0.00 -0.00 -0.10 -0.02 -0.20 -26.94 -250.00 -53.60 -4.41 -1.45 -0.12 -0.00 -3.56 -2.14 -5.45 -97.85 -421.23 -138.00 -23.70 -12.51 -2.44 -0.09 -22.81 -18.42 -29.49 -198.37
0.00 0.00 0.00 0.00 0.00 0.00 0.00 0.00 0.00 0.00 -17.56 -0.30 -0.00 -0.00 0.00 -0.00 -0.00 -0.00 -0.00 -2.02 -106.82 -10.72 -0.20 -0.02 -0.00 -0.00 -0.10 -0.02 -0.20 -26.94 -250.00 -53.60 -4.41 -1.45 -0.12 -0.00 -3.56 -2.14 -5.45 -97.85 -421.23 -138.00 -23.70 -12.51 -2.44 -0.09 -22.81 -18.42 -29.49 -198.37
0.00 0.00 0.00 0.00 0.00 0.00 0.00 0.00 0.00 0.00 -17.56 -0.30 -0.00 -0.00 0.00 -0.00 -0.00 -0.00 -0.00 -2.02 -106.82 -10.72 -0.20 -0.02 -0.00 -0.00 -0.10 -0.02 -0.20 -26.94 -250.00 -53.60 -4.41 -1.45 -0.12 -0.00 -3.56 -2.14 -5.45 -97.85 -421.23 -138.00 -23.70 -12.51 -2.44 -0.09 -22.81 -18.42 -29.49 -198.37
0.00 0.00 0.00 0.00 0.00 0.00 0.00 0.00 0.00 0.00 -17.56 -0.30 -0.00 -0.00 0.00 -0.00 -0.00 -0.00 -0.00 -2.02 -106.82 -10.72 -0.20 -0.02 -0.00 -0.00 -0.10 -0.02 -0.20 -26.94 -250.00 -53.60 -4.41 -1.45 -0.12 -0.00 -3.56 -2.14 -5.45 -97.85 -421.23 -138.00 -23.70 -12.51 -2.44 -0.09 -22.81 -18.42 -29.49 -198.37
0.00 0.00 0.00 0.00 0.00 0.00 0.00 0.00 0.00 0.00 -17.56 -0.30 -0.00 -0.00 0.00 -0.00 -0.00 -0.00 -0.00 -2.02 -106.82 -10.72 -0.20 -0.02 -0.00 -0.00 -0.10 -0.02 -0.20 -26.94 -250.00 -53.60 -4.41 -1.45 -0.12 -0.00 -3.56 -2.14 -5.45 -97.85 -421.23 -138.00 -23.70 -12.51 -2.44 -0.09 -22.81 -18.42 -29.49 -198.37
0.00 0.00 0.00 0.00 0.00 0.00 0.00 0.00 0.00 0.00 -17.56 -0.30 -0.00 -0.00 0.00 -0.00 -0.00 -0.00 -0.00 -2.02 -106.82 -10.72 -0.20 -0.02 -0.00 -0.00 -0.10 -0.02 -0.20 -26.94 -250.00 -53.60 -4.41 -1.45 -0.12 -0.00 -3.56 -2.14 -5.45 -97.85 -421.23 -138.00 -23.70 -12.51 -2.44 -0.09 -22.81 -18.42 -29.49 -198.37
0.00 0.00 0.00 0.00 0.00 0.00 0.00 0.00 0.00 0.00 -17.56 -0.30 -0.00 -0.00 0.00 -0.00 -0.00 -0.00 -0.00 -2.02 -106.82 -10.72 -0.20 -0.02 -0.00 -0.00 -0.10 -0.02 -0.20 -26.94 -250.00 -53.60 -4.41 -1.45 -0.12 -0.00 -3.56 -2.14 -5.45 -97.85 -421.23 -138.00 -23.70 -12.51 -2.44 -0.09 -22.81 -18.42 -29.49 -198.37
0.00 0.00 0.00 0.00 0.00 0.00 0.00 0.00 0.00 0.00 -17.56 -0.30 -0.00 -0.00 0.00 -0.00 -0.00 -0.00 -0.00 -2.02 -106.82 -10.72 -0.20 -0.02 -0.00 -0.00 -0.10 -0.02 -0.20 -26.94 -250.00 -53.60 -4.41 -1.45 -0.12 -0.00 -3.56 -2.14 -5.45 -97.85 -421.23 -138.00 -23.70 -12.51 -2.44 -0.09 -22.81 -18.42 -29.49 -198.37
0.00 0.00 0.00 0.00 0.00 0.00 0.00 0.00 0.00 0.00 -17.56 -0.30 -0.00 -0.00 0.00 -0.00 -0.00 -0.00 -0.00 -2.02 -106.82 -10.72 -0.20 -0.02 -0.00 -0.00 -0.10 -0.02 -0.20 -26.94 -250.00 -53.60 -4.41 -1.45 -0.12 -0.00 -3.56 -2.14 -5.45 -97.85 -421.23 -138.00 -23.70 -12.51 -2.44 -0.09 -22.81 -18.42 -29.49 -198.37
0.00 0.00 0.00 0.00 0.00 0.00 0.00 0.00 0.00 0.00 -17.56 -0.30 -0.00 -0.00 0.00 -0.00 -0.00 -0.00 -0.00 -2.02 -106.82 -10.72 -0.20 -0.02 -0.00 -0.00 -0.10 -0.02 -0.20 -26.94 -250.00 -53.60 -4.41 -1.45 -0.12 -0.00 -3.56 -2.14 -5.45 -97.85 -421.23 -138.00 -23.70 -12.51 -2.44 -0.09 -22.81 -18.42 -29.49 -198.37
0.00 0.00 0.00 0.00 0.00 0.00 0.00 0.00 0.00 0.00 -17.56 -0.30 -0.00 -0.00 0.00 -0.00 -0.00 -0.00 -0.00 -2.02 -106.82 -10.72 -0.20 -0.02 -0.00 -0.00 -0.10 -0.02 -0.20 -26.94 -250.00 -53.60 -4.41 -1.45 -0.12 -0.00 -3.56 -2.14 -5.45 -97.85 -421.23 -138.00 -23.70 -12.51 -2.44 -0.09 -22.81 -18.42 -29.49 -198.37
0.00 0.00 0.00 0.00 0.00 0.00 0.00 0.00 0.00 0.00 -17.56 -0.30 -0.00 -0.00 0.00 -0.00 -0.00 -0.00 -0.00 -2.02 -106.82 -10.72 -0.20 -0.02 -0.00 -0.00 -0.10 -0.02 -0.20 -26.94 -250.00 -53.60 -4.41 -1.45 -0.12 -0.00 -3.56 -2.14 -5.45 -97.85 -421.23 -138.00 -23.70 -12.51 -2.44 -0.09 -22.81 -18.42 -29.49 -198.37
0.00 0.00 0.00 0.00 0.00 0.00 0.00 0.00 0.00 0.00 -25.15 -0.69 -0.00 -0.00 -0.00 0.00 -0.00 -0.00 -0.00 -6.96 -142.64 -20.14 -1.05 -0.38 -0.00 -0.00 -0.83 -0.10 -1.16 -62.47 -319.91 -89.22 -15.18 -12.10 -0.78 -0.05 -14.61 -5.33 -17.72 -179.73 -523.79 -210.09 -63.01 -61.11 -10.60 -1.90 -65.56 -34.40 -75.14 -337.56
0.00 0.00 0.00 0.00 0.00 0.00 0.00 0.00 0.00 0.00 -25.15 -0.69 -0.00 -0.00 -0.00 0.00 -0.00 -0.00 -0.00 -6.96 -142.64 -20.14 -1.05 -0.38 -0.00 -0.00 -0.83 -0.10 -1.16 -62.47 -319.91 -89.22 -15.18 -12.10 -0.78 -0.05 -14.61 -5.33 -17.72 -179.73 -523.79 -210.09 -63.01 -61.11 -10.60 -1.90 -65.56 -34.40 -75.14 -337.56
0.00 0.00 0.00 0.00 0.00 0.00 0.00 0.00 0.00 0.00 -35.61 -1.51 -0.01 -0.00 -0.00 0.00 -0.00 -0.00 -0.00 -2.83 -186.26 -36.12 -4.02 -2.41 -0.04 -0.00 -3.66 -2.60 -2.58 -54.68 -399.17 -142.58 -40.85 -39.23 -4.36 -0.39 -46.47 -37.73 -35.14 -194.60 -635.33 -312.13 -135.73 -144.29 -35.60 -8.69 -164.96 -137.52 -126.48 -392.24
0.00 0.00 0.00 0.00 0.00 0.00 0.00 0.00 0.00 0.00 -35.61 -1.51 -0.01 -0.00 -0.00 0.00 -0.00 -0.00 -0.00 -2.83 -186.26 -36.12 -4.02 -2.41 -0.04 -0.00 -3.66 -2.60 -2.58 -54.68 -399.17 -142.58 -40.85 -39.23 -4.36 -0.39 -46.47 -37.73 -35.14 -194.60 -635.33 -312.13 -135.73 -144.29 -35.60 -8.69 -164.96 -137.52 -126.48 -392.24
0.00 0.00 0.00 0.00 0.00 0.00 0.00 0.00 0.00 0.00 -35.61 -1.51 -0.01 -0.00 -0.00 0.00 -0.00 -0.00 -0.00 -2.83 -186.26 -36.12 -4.02 -2.41 -0.04 -0.00 -3.66 -2.60 -2.58 -54.68 -399.17 -142.58 -40.85 -39.23 -4.36 -0.39 -46.47 -37.73 -35.14 -194.60 -635.33 -312.13 -135.73 -144.29 -35.60 -8.69 -164.96 -137.52 -126.48 -392.24
0.00 0.00 0.00 0.00 0.00 0.00 0.00 0.00 0.00 0.00 -35.61 -1.51 -0.01 -0.00 -0.00 0.00 -0.00 -0.00 -0.00 -2.83 -186.26 -36.12 -4.02 -2.41 -0.04 -0.00 -3.66 -2.60 -2.58 -54.68 -399.17 -142.58 -40.85 -39.23 -4.36 -0.39 -46.47 -37.73 -35.14 -194.60 -635.33 -312.13 -135.73 -144.29 -35.60 -8.69 -164.96 -137.52 -126.48 -392.24
0.00 0.00 0.00 0.00 0.00 0.00 0.00 0.00 0.00 0.00 -35.61 -1.51 -0.01 -0.00 -0.00 0.00 -0.00 -0.00 -0.00 -2.83 -186.26 -36.12 -4.02 -2.41 -0.04 -0.00 -3.66 -2.60 -2.58 -54.68 -399.17 -142.58 -40.85 -39.23 -4.36 -0.39 -46.47 -37.73 -35.14 -194.60 -635.33 -312.13 -135.73 -144.29 -35.60 -8.69 -164.96 -137.52 -126.48 -392.24
0.00 0.00 0.00 0.00 0.00 0.00 0.00 0.00 0.00 0.00 -35.61 -1.51 -0.01 -0.00 -0.00 0.00 -0.00 -0.00 -0.00 -2.83 -186.26 -36.12 -4.02 -2.41 -0.04 -0.00 -3.66 -2.60 -2.58 -54.68 -399.17 -142.58 -40.85 -39.23 -4.36 -0.39 -46.47 -37.73 -35.14 -194.60 -635.33 -312.13 -135.73 -144.29 -35.60 -8.69 -164.96 -137.52 -126.48 -392.24
0.00 0.00 0.00 0.00 0.00 0.00 0.00 0.00 0.00 0.00 -35.61 -1.51 -0.01 -0.00 -0.00 0.00 -0.00 -0.00 -0.00 -2.83 -186.26 -36.12 -4.02 -2.41 -0.04 -0.00 -3.66 -2.60 -2.58 -54.68 -399.17 -142.58 -40.85 -39.23 -4.36 -0.39 -46.47 -37.73 -35.14 -194.60 -635.33 -312.13 -135.73 -144.29 -35.60 -8.69 -164.96 -137.52 -126.48 -392.24
0.00 0.00 0.00 0.00 0.00 0.00 0.00 0.00 0.00 0.00 -35.61 -1.51 -0.01 -0.00 -0.00 0.00 -0.00 -0.00 -0.00 -2.83 -186.26 -36.12 -4.02 -2.41 -0.04 -0.00 -3.66 -2.60 -2.58 -54.68 -399.17 -142.58 -40.85 -39.23 -4.36 -0.39 -46.47 -37.73 -35.14 -194.60 -635.33 -312.13 -135.73 -144.29 -35.60 -8.69 -164.96 -137.52 -126.48 -392.24
0.00 0.00 0.00 0.00 0.00 0.00 0.00 0.00 0.00 0.00 -35.61 -1.51 -0.01 -0.00 -0.00 0.00 -0.00 -0.00 -0.00 -2.83 -186.26 -36.12 -4.02 -2.41 -0.04 -0.00 -3.66 -2.60 -2.58 -54.68 -399.17 -142.58 -40.85 -39.23 -4.36 -0.39 -46.47 -37.73 -35.14 -194.60 -635.33 -312.13 -135.73 -144.29 -35.60 -8.69 -164.96 -137.52 -126.48 -392.24
0.00 0.00 0.00 0.00 0.00 0.00 0.00 0.00 0.00 0.00 -35.61 -1.51 -0.01 -0.00 -0.00 0.00 -0.00 -0.00 -0.00 -2.83 -186.26 -36.12 -4.02 -2.41 -0.04 -0.00 -3.66 -2.60 -2.58 -54.68 -399.17 -142.58 -40.85 -39.23 -4.36 -0.39 -46.47 -37.73 -35.14 -194.60 -635.33 -312.13 -135.73 -144.29 -35.60 -8.69 -164.96 -137.52 -126.48 -392.24
0.00 0.00 0.00 0.00 0.00 0.00 0.00 0.00 0.00 0.00 -35.61 -1.51 -0.01 -0.00 -0.00 0.00 -0.00 -0.00 -0.00 -2.83 -186.26 -36.12 -4.02 -2.41 -0.04 -0.00 -3.66 -2.60 -2.58 -54.68 -399.17 -142.58 -40.85 -39.23 -4.36 -0.39 -46.47 -37.73 -35.14 -194.60 -635.33 -312.13 -135.73 -144.29 -35.60 -8.69 -164.96 -137.52 -126.48 -392.24
0.00 0.00 0.00 0.00 0.00 0.00 0.00 0.00 0.00 0.00 -35.61 -1.51 -0.01 -0.00 -0.00 0.00 -0.00 -0.00 -0.00 -2.83 -186.26 -36.12 -4.02 -2.41 -0.04 -0.00 -3.66 -2.60 -2.58 -54.68 -399.17 -142.58 -40.85 -39.23 -4.36 -0.39 -46.47 -37.73 -35.14 -194.60 -635.33 -312.13 -135.73 -144.29 -35.60 -8.69 -164.96 -137.52 -126.48 -392.24
0.00 0.00 0.00 0.00 0.00 0.00 0.00 0.00 0.00 0.00 -35.61 -1.51 -0.01 -0.00 -0.00 0.00 -0.00 -0.00 -0.00 -2.83 -186.26 -36.12 -4.02 -2.41 -0.04 -0.00 -3.66 -2.60 -2.58 -54.68 -399.17 -142.58 -40.85 -39.23 -4.36 -0.39 -46.47 -37.73 -35.14 -194.60 -635.33 -312.13 -135.73 -144.29 -35.60 -8.69 -164.96 -137.52 -126.48 -392.24
0.00 0.00 0.00 0.00 0.00 0.00 0.00 0.00 0.00 0.00 -35.61 -1.51 -0.01 -0.00 -0.00 0.00 -0.00 -0.00 -0.00 -2.83 -186.26 -36.12 -4.02 -2.41 -0.04 -0.00 -3.66 -2.60 -2.58 -54.68 -399.17 -142.58 -40.85 -39.23 -4.36 -0.39 -46.47 -37.73 -35.14 -194.60 -635.33 -312.13 -135.73 -144.29 -35.60 -8.69 -164.96 -137.52 -126.48 -392.24
0.00 0.00 0.00 0.00 0.00 0.00 0.00 0.00 0.00 0.00 -35.61 -1.51 -0.01 -0.00 -0.00 0.00 -0.00 -0.00 -0.00 -2.83 -186.26 -36.12 -4.02 -2.41 -0.04 -0.00 -3.66 -2.60 -2.58 -54.68 -399.17 -142.58 -40.85 -39.23 -4.36 -0.39 -46.47 -37.73 -35.14 -194.60 -635.33 -312.13 -135.73 -144.29 -35.60 -8.69 -164.96 -137.52 -126.48 -392.24
0.00 0.00 0.00 0.00 0.00 0.00 0.00 0.00 0.00 0.00 -35.61 -1.51 -0.01 -0.00 -0.00 0.00 -0.00 -0.00 -0.00 -2.83 -186.26 -36.12 -4.02 -2.41 -0.04 -0.00 -3.66 -2.60 -2.58 -54.68 -399.17 -142.58 -40.85 -39.23 -4.36 -0.39 -46.47 -37.73 -35.14 -194.60 -635.33 -312.13 -135.73 -144.29 -35.60 -8.69 -164.96 -137.52 -126.48 -392.24
0.00 0.00 0.00 0.00 0.00 0.00 0.00 0.00 0.00 0.00 -35.61 -1.51 -0.01 -0.00 -0.00 0.00 -0.00 -0.00 -0.00 -2.83 -186.26 -36.12 -4.02 -2.41 -0.04 -0.00 -3.66 -2.60 -2.58 -54.68 -399.17 -142.58 -40.85 -39.23 -4.36 -0.39 -46.47 -37.73 -35.14 -194.60 -635.33 -312.13 -135.73 -144.29 -35.60 -8.69 -164.96 -137.52 -126.48 -392.24
0.00 0.00 0.00 0.00 0.00 0.00 0.00 0.00 0.00 0.00 -35.61 -1.51 -0.01 -0.00 -0.00 0.00 -0.00 -0.00 -0.00 -2.83 -186.26 -36.12 -4.02 -2.41 -0.04 -0.00 -3.66 -2.60 -2.58 -54.68 -399.17 -142.58 -40.85 -39.23 -4.36 -0.39 -46.47 -37.73 -35.14 -194.60 -635.33 -312.13 -135.73 -144.29 -35.60 -8.69 -164.96 -137.52 -126.48 -392.24
0.00 0.00 0.00 0.00 0.00 0.00 0.00 0.00 0.00 0.00 -35.61 -1.51 -0.01 -0.00 -0.00 0.00 -0.00 -0.00 -0.00 -2.83 -186.26 -36.12 -4.02 -2.41 -0.04 -0.00 -3.66 -2.60 -2.58 -54.68 -399.17 -142.58 -40.85 -39.23 -4.36 -0.39 -46.47 -37.73 -35.14 -194.60 -635.33 -312.13 -135.73 -144.29 -35.60 -8.69 -164.96 -137.52 -126.48 -392.24
0.00 0.00 0.00 0.00 0.00 0.00 0.00 0.00 0.00 0.00 -35.61 -1.51 -0.01 -0.00 -0.00 0.00 -0.00 -0.00 -0.00 -2.83 -186.26 -36.12 -4.02 -2.41 -0.04 -0.00 -3.66 -2.60 -2.58 -54.68 -399.17 -142.58 -40.85 -39.23 -4.36 -0.39 -46.47 -37.73 -35.14 -194.60 -635.33 -312.13 -135.73 -144.29 -35.60 -8.69 -164.96 -137.52 -126.48 -392.24
0.00 0.00 0.00 0.00 0.00 0.00 0.00 0.00 0.00 0.00 -35.61 -1.51 -0.01 -0.00 -0.00 0.00 -0.00 -0.00 -0.00 -2.83 -186.26 -36.12 -4.02 -2.41 -0.04 -0.00 -3.66 -2.60 -2.58 -54.68 -399.17 -142.58 -40.85 -39.23 -4.36 -0.39 -46.47 -37.73 -35.14 -194.60 -635.33 -312.13 -135.73 -144.29 -35.60 -8.69 -164.96 -137.52 -126.48 -392.24
0.00 0.00 0.00 0.00 0.00 0.00 0.00 0.00 0.00 0.00 -35.61 -1.51 -0.01 -0.00 -0.00 0.00 -0.00 -0.00 -0.00 -2.83 -186.26 -36.12 -4.02 -2.41 -0.04 -0.00 -3.66 -2.60 -2.58 -54.68 -399.17 -142.58 -40.85 -39.23 -4.36 -0.39 -46.47 -37.73 -35.14 -194.60 -635.33 -312.13 -135.73 -144.29 -35.60 -8.69 -164.96 -137.52 -126.48 -392.24
0.00 0.00 0.00 0.00 0.00 0.00 0.00 0.00 0.00 0.00 -35.61 -1.51 -0.01 -0.00 -0.00 0.00 -0.00 -0.00 -0.00 -2.83 -186.26 -36.12 -4.02 -2.41 -0.04 -0.00 -3.66 -2.60 -2.58 -54.68 -399.17 -142.58 -40.85 -39.23 -4.36 -0.39 -46.47 -37.73 -35.14 -194.60 -635.33 -312.13 -135.73 -144.29 -35.60 -8.69 -164.96 -137.52 -126.48 -392.24
0.00 0.00 0.00 0.00 0.00 0.00 0.00 0.00 0.00 0.00 -35.61 -1.51 -0.01 -0.00 -0.00 0.00 -0.00 -0.00 -0.00 -2.83 -186.26 -36.12 -4.02 -2.41 -0.04 -0.00 -3.66 -2.60 -2.58 -54.68 -399.17 -142.58 -40.85 -39.23 -4.36 -0.39 -46.47 -37.73 -35.14 -194.60 -635.33 -312.13 -135.73 -144.29 -35.60 -8.69 -164.96 -137.52 -126.48 -392.24
0.00 0.00 0.00 0.00 0.00 0.00 0.00 0.00 0.00 0.00 -35.61 -1.51 -0.01 -0.00 -0.00 0.00 -0.00 -0.00 -0.00 -2.83 -186.26 -36.12 -4.02 -2.41 -0.04 -0.00 -3.66 -2.60 -2.58 -54.68 -399.17 -142.58 -40.85 -39.23 -4.36 -0.39 -46.47 -37.73 -35.14 -194.60 -635.33 -312.13 -135.73 -144.29 -35.60 -8.69 -164.96 -137.52 -126.48 -392.24
0.00 0.00 0.00 0.00 0.00 0.00 0.00 0.00 0.00 0.00 -35.61 -1.51 -0.01 -0.00 -0.00 0.00 -0.00 -0.00 -0.00 -2.83 -186.26 -36.12 -4.02 -2.41 -0.04 -0.00 -3.66 -2.60 -2.58 -54.68 -399.17 -142.58 -40.85 -39.23 -4.36 -0.39 -46.47 -37.73 -35.14 -194.60 -635.33 -312.13 -135.73 -144.29 -35.60 -8.69 -164.96 -137.52 -126.48 -392.24
0.00 0.00 0.00 0.00 0.00 0.00 0.00 0.00 0.00 0.00 -35.61 -1.51 -0.01 -0.00 -0.00 0.00 -0.00 -0.00 -0.00 -2.83 -186.26 -36.12 -4.02 -2.41 -0.04 -0.00 -3.66 -2.60 -2.58 -54.68 -399.17 -142.58 -40.85 -39.23 -4.36 -0.39 -46.47 -37.73 -35.14 -194.60 -635.33 -312.13 -135.73 -144.29 -35.60 -8.69 -164.96 -137.52 -126.48 -392.24
0.00 0.00 0.00 0.00 0.00 0.00 0.00 0.00 0.00 0.00 -35.61 -1.51 -0.01 -0.00 -0.00 0.00 -0.00 -0.00 -0.00 -2.83 -186.26 -36.12 -4.02 -2.41 -0.04 -0.00 -3.66 -2.60 -2.58 -54.68 -399.17 -142.58 -40.85 -39.23 -4.36 -0.39 -46.47 -37.73 -35.14 -194.60 -635.33 -312.13 -135.73 -144.29 -35.60 -8.69 -164.96 -137.52 -126.48 -392.24
0.00 0.00 0.00 0.00 0.00 0.00 0.00 0.00 0.00 0.00 -35.61 -1.51 -0.01 -0.00 -0.00 0.00 -0.00 -0.00 -0.00 -2.83 -186.26 -36.12 -4.02 -2.41 -0.04 -0.00 -3.66 -2.60 -2.58 -54.68 -399.17 -142.58 -40.85 -39.23 -4.36 -0.39 -46.47 -37.73 -35.14 -194.60 -635.33 -312.13 -135.73 -144.29 -35.60 -8.69 -164.96 -137.52 -126.48 -392.24
0.00 0.00 0.00 0.00 0.00 0.00 0.00 0.00 0.00 0.00 -35.61 -1.51 -0.01 -0.00 -0.00 0.00 -0.00 -0.00 -0.00 -2.83 -186.26 -36.12 -4.02 -2.41 -0.04 -0.00 -3.66 -2.60 -2.58 -54.68 -399.17 -142.58 -40.85 -39.23 -4.36 -0.39 -46.47 -37.73 -35.14 -194.60 -635.33 -312.13 -135.73 -144.29 -35.60 -8.69 -164.96 -137.52 -126.48 -392.24
0.00 0.00 0.00 0.00 0.00 0.00 0.00 0.00 0.00 0.00 -35.61 -1.51 -0.01 -0.00 -0.00 0.00 -0.00 -0.00 -0.00 -2.83 -186.26 -36.12 -4.02 -2.41 -0.04 -0.00 -3.66 -2.60 -2.58 -54.68 -399.17 -142.58 -40.85 -39.23 -4.36 -0.39 -46.47 -37.73 -35.14 -194.60 -635.33 -312.13 -135.73 -144.29 -35.60 -8.69 -164.96 -137.52 -126.48 -392.24
0.00 0.00 0.00 0.00 0.00 0.00 0.00 0.00 0.00 0.00 -35.61 -1.51 -0.01 -0.00 -0.00 0.00 -0.00 -0.00 -0.00 -2.83 -186.26 -36.12 -4.02 -2.41 -0.04 -0.00 -3.66 -2.60 -2.58 -54.68 -399.17 -142.58 -40.85 -39.23 -4.36 -0.39 -46.47 -37.73 -35.14 -194.60 -635.33 -312.13 -135.73 -144.29 -35.60 -8.69 -164.96 -137.52 -126.48 -392.24
