1.00 0.00 -1156314.97 -1176907.65 0.00 0.00
5.00 2.00 -1105909.68 -1105909.68 220.50 233.42
9.00 3.00 -1060648.70 -1060648.70 166.51 233.42
13.00 3.00 -1060648.70 -1141910.95 166.51 233.42
17.00 3.00 -1060648.70 -1147583.39 166.51 233.42
21.00 3.00 -1060648.70 -1158844.71 166.51 233.42
25.00 3.00 -1060648.70 -1126296.26 166.51 233.42
29.00 3.00 -1060648.70 -1142853.22 166.51 233.42
30.00 3.00 -1060648.70 -1147211.75 166.51 233.42
31.00 3.00 -1060648.70 -1119660.84 166.51 233.42
35.00 3.00 -1060648.70 -1110652.80 166.51 233.42
39.00 3.00 -1060648.70 -1149001.83 166.51 233.42
43.00 3.00 -1060648.70 -1157135.30 166.51 233.42
47.00 3.00 -1060648.70 -1130192.80 166.51 233.42
51.00 3.00 -1060648.70 -1132819.57 166.51 233.42
55.00 3.00 -1060648.70 -1128835.26 166.51 233.42
61.00 3.00 -1060648.70 -1140203.81 166.51 233.42
63.00 3.00 -1060648.70 -1137422.27 166.51 233.42
67.00 3.00 -1060648.70 -1119275.23 166.51 233.42
71.00 3.00 -1060648.70 -1132345.18 166.51 233.42
75.00 3.00 -1060648.70 -1173174.00 166.51 233.42
79.00 3.00 -1060648.70 -1115777.16 166.51 233.42
83.00 3.00 -1060648.70 -1153127.22 166.51 233.42
87.00 3.00 -1060648.70 -1155025.20 166.51 233.42
91.00 3.00 -1060648.70 -1145241.48 166.51 233.42
92.00 3.00 -1060648.70 -1153669.97 166.51 233.42
94.00 3.00 -1060648.70 -1116625.81 166.51 233.42
98.00 3.00 -1060648.70 -1151918.21 166.51 233.42
102.00 3.00 -1060648.70 -1123410.74 166.51 233.42
106.00 3.00 -1060648.70 -1171387.65 166.51 233.42
110.00 3.00 -1060648.70 -1127623.92 166.51 233.42
114.00 3.00 -1060648.70 -1108982.18 166.51 233.42
118.00 3.00 -1060648.70 -1121428.66 166.51 233.42
122.00 3.00 -1060648.70 -1143304.30 166.51 233.42
123.00 3.00 -1060648.70 -1183918.35 166.51 233.42
125.00 3.00 -1060648.70 -1137143.10 166.51 233.42
129.00 3.00 -1060648.70 -1114958.87 166.51 233.42
133.00 3.00 -1060648.70 -1102925.81 166.51 233.42
137.00 3.00 -1060648.70 -1116864.48 166.51 233.42
141.00 3.00 -1060648.70 -1196394.45 166.51 233.42
145.00 3.00 -1060648.70 -1176736.51 166.51 233.42
149.00 3.00 -1060648.70 -1152998.64 166.51 233.42
153.00 3.00 -1060648.70 -1128487.91 166.51 233.42
154.00 3.00 -1060648.70 -1165492.32 166.51 233.42
156.00 3.00 -1060648.70 -1131386.03 166.51 233.42
160.00 3.00 -1060648.70 -1117311.79 166.51 233.42
164.00 3.00 -1060648.70 -1138205.78 166.51 233.42
168.00 3.00 -1060648.70 -1176104.21 166.51 233.42
172.00 3.00 -1060648.70 -1136915.44 166.51 233.42
176.00 3.00 -1060648.70 -1168158.40 166.51 233.42
180.00 3.00 -1060648.70 -1114838.55 166.51 233.42
184.00 3.00 -1060648.70 -1154895.38 166.51 233.42
185.00 3.00 -1060648.70 -1117735.43 166.51 233.42
187.00 3.00 -1060648.70 -1191555.80 166.51 233.42
191.00 3.00 -1060648.70 -1161805.49 166.51 233.42
195.00 3.00 -1060648.70 -1104660.45 166.51 233.42
199.00 3.00 -1060648.70 -1137902.02 166.51 233.42
203.00 3.00 -1060648.70 -1104798.57 166.51 233.42
207.00 3.00 -1060648.70 -1151255.80 166.51 233.42
211.00 3.00 -1060648.70 -1167367.93 166.51 233.42
215.00 3.00 -1060648.70 -1168203.52 166.51 233.42
59.00 3.00 -1060648.70 -1129837.93 166.51 233.42
216.00 3.00 -1060648.70 -1177351.51 166.51 233.42
218.00 3.00 -1060648.70 -1135822.74 166.51 233.42
222.00 3.00 -1060648.70 -1126210.63 166.51 233.42
226.00 3.00 -1060648.70 -1133227.18 166.51 233.42
230.00 3.00 -1060648.70 -1157038.28 166.51 233.42
234.00 3.00 -1060648.70 -1132028.11 166.51 233.42
238.00 3.00 -1060648.70 -1145350.55 166.51 233.42
242.00 3.00 -1060648.70 -1125309.20 166.51 233.42
246.00 3.00 -1060648.70 -1161698.69 166.51 233.42
247.00 3.00 -1060648.70 -1148533.10 166.51 233.42
249.00 3.00 -1060648.70 -1172686.77 166.51 233.42
253.00 3.00 -1060648.70 -1154945.07 166.51 233.42
257.00 3.00 -1060648.70 -1134790.73 166.51 233.42
261.00 3.00 -1060648.70 -1156481.91 166.51 233.42
265.00 3.00 -1060648.70 -1146705.47 166.51 233.42
269.00 3.00 -1060648.70 -1168812.20 166.51 233.42
273.00 3.00 -1060648.70 -1163643.60 166.51 233.42
277.00 3.00 -1060648.70 -1113478.78 166.51 233.42
278.00 3.00 -1060648.70 -1100984.86 166.51 233.42
280.00 3.00 -1060648.70 -1151948.83 166.51 233.42
284.00 3.00 -1060648.70 -1114598.98 166.51 233.42
288.00 3.00 -1060648.70 -1103574.88 166.51 233.42
292.00 3.00 -1060648.70 -1184615.36 166.51 233.42
296.00 3.00 -1060648.70 -1134369.43 166.51 233.42
300.00 3.00 -1060648.70 -1125704.15 166.51 233.42
304.00 3.00 -1060648.70 -1136125.92 166.51 233.42
308.00 3.00 -1060648.70 -1143824.99 166.51 233.42
309.00 3.00 -1060648.70 -1152472.59 166.51 233.42
311.00 3.00 -1060648.70 -1155660.87 166.51 233.42
315.00 3.00 -1060648.70 -1131791.09 166.51 233.42
319.00 3.00 -1060648.70 -1155781.19 166.51 233.42
323.00 3.00 -1060648.70 -1152721.07 166.51 233.42
327.00 3.00 -1060648.70 -1172393.13 166.51 233.42
331.00 3.00 -1060648.70 -1166516.94 166.51 233.42
335.00 3.00 -1060648.70 -1133486.89 166.51 233.42
339.00 3.00 -1060648.70 -1128294.13 166.51 233.42
340.00 3.00 -1060648.70 -1140373.28 166.51 233.42
342.00 3.00 -1060648.70 -1105326.88 166.51 233.42
346.00 3.00 -1060648.70 -1137975.87 166.51 233.42
350.00 3.00 -1060648.70 -1183050.93 166.51 233.42
354.00 3.00 -1060648.70 -1186443.77 166.51 233.42
358.00 3.00 -1060648.70 -1148108.80 166.51 233.42
362.00 3.00 -1060648.70 -1182221.77 166.51 233.42
366.00 3.00 -1060648.70 -1143960.33 166.51 233.42
370.00 3.00 -1060648.70 -1083466.41 166.51 233.42
371.00 3.00 -1060648.70 -1151101.24 166.51 233.42
373.00 3.00 -1060648.70 -1129782.90 166.51 233.42
377.00 4.00 -1060648.70 -1060648.70 166.51 233.42
381.00 4.00 -1060648.70 -1174976.14 166.51 233.42
385.00 4.00 -1060648.70 -1120169.75 166.51 233.42
389.00 4.00 -1060648.70 -1162520.99 166.51 233.42
393.00 4.00 -1060648.70 -1167699.85 166.51 233.42
397.00 4.00 -1060648.70 -1107044.62 166.51 233.42
401.00 4.00 -1060648.70 -1153656.45 166.51 233.42
402.00 4.00 -1060648.70 -1076094.85 166.51 233.42
404.00 4.00 -1060648.70 -1100049.51 166.51 233.42
408.00 4.00 -1060648.70 -1183064.44 166.51 233.42
412.00 4.00 -1060648.70 -1165589.58 166.51 233.42
416.00 4.00 -1060648.70 -1148022.13 166.51 233.42
420.00 4.00 -1060648.70 -1080723.33 166.51 233.42
424.00 4.00 -1060648.70 -1154832.99 166.51 233.42
428.00 4.00 -1060648.70 -1143935.79 166.51 233.42
432.00 4.00 -1060648.70 -1175812.92 166.51 233.42
433.00 4.00 -1060648.70 -1146550.74 166.51 233.42
435.00 4.00 -1060648.70 -1161904.46 166.51 233.42
438.00 4.00 -1060648.70 -1163841.89 166.51 233.42
442.00 4.00 -1060648.70 -1168567.66 166.51 233.42
446.00 4.00 -1060648.70 -1172756.93 166.51 233.42
450.00 4.00 -1060648.70 -1169947.50 166.51 233.42
454.00 4.00 -1060648.70 -1158161.16 166.51 233.42
458.00 4.00 -1060648.70 -1114319.27 166.51 233.42
462.00 5.00 -1050106.61 -1135694.12 155.96 233.42
464.00 5.00 -1050106.61 -1139633.12 155.96 233.42
466.00 5.00 -1050106.61 -1143942.72 155.96 233.42
470.00 6.00 -1050106.61 -1131007.81 155.96 233.42
474.00 6.00 -1050106.61 -1118429.91 155.96 233.42
478.00 6.00 -1050106.61 -1159180.26 155.96 233.42
482.00 6.00 -1050106.61 -1170092.84 155.96 233.42
486.00 6.00 -1050106.61 -1120094.54 155.96 233.42
490.00 6.00 -1050106.61 -1162605.00 155.96 233.42
494.00 6.00 -1050106.61 -1175191.48 155.96 233.42
495.00 6.00 -1050106.61 -1131081.33 155.96 233.42
497.00 6.00 -1050106.61 -1132236.53 155.96 233.42
501.00 6.00 -1050106.61 -1129628.79 155.96 233.42
505.00 6.00 -1050106.61 -1164357.69 155.96 233.42
509.00 6.00 -1050106.61 -1151869.11 155.96 233.42
513.00 6.00 -1050106.61 -1118748.53 155.96 233.42
517.00 6.00 -1050106.61 -1149065.87 155.96 233.42
521.00 6.00 -1050106.61 -1101757.03 155.96 233.42
525.00 6.00 -1050106.61 -1104446.01 155.96 233.42
526.00 6.00 -1050106.61 -1163114.55 155.96 233.42
528.00 6.00 -1050106.61 -1150790.86 155.96 233.42
532.00 6.00 -1050106.61 -1116762.03 155.96 233.42
536.00 6.00 -1050106.61 -1135484.98 155.96 233.42
540.00 6.00 -1050106.61 -1120966.83 155.96 233.42
544.00 6.00 -1050106.61 -1120104.42 155.96 233.42
548.00 7.00 -1050106.61 -1050106.61 155.96 233.42
552.00 7.00 -1050106.61 -1154326.16 155.96 233.42
556.00 7.00 -1050106.61 -1158378.05 155.96 233.42
557.00 7.00 -1050106.61 -1137815.19 155.96 233.42
559.00 7.00 -1050106.61 -1089236.92 155.96 233.42
563.00 7.00 -1050106.61 -1158225.04 155.96 233.42
567.00 7.00 -1050106.61 -1157784.43 155.96 233.42
571.00 7.00 -1050106.61 -1101099.83 155.96 233.42
575.00 7.00 -1050106.61 -1141809.06 155.96 233.42
579.00 7.00 -1050106.61 -1139428.35 155.96 233.42
583.00 7.00 -1050106.61 -1171141.09 155.96 233.42
587.00 7.00 -1050106.61 -1187365.15 155.96 233.42
588.00 7.00 -1050106.61 -1161913.71 155.96 233.42
590.00 7.00 -1050106.61 -1177206.62 155.96 233.42
594.00 7.00 -1050106.61 -1150658.33 155.96 233.42
598.00 7.00 -1050106.61 -1137074.58 155.96 233.42
602.00 7.00 -1050106.61 -1104930.86 155.96 233.42
606.00 7.00 -1050106.61 -1120138.34 155.96 233.42
610.00 7.00 -1050106.61 -1165971.11 155.96 233.42
614.00 7.00 -1050106.61 -1089391.54 155.96 233.42
618.00 7.00 -1050106.61 -1138464.96 155.96 233.42
619.00 7.00 -1050106.61 -1144876.13 155.96 233.42
621.00 7.00 -1050106.61 -1136261.58 155.96 233.42
