2.00 1.00 -1709250.27 -1718437.56 290.33 233.42
5.00 2.00 -1616357.93 -1616357.93 196.98 233.42
6.00 2.00 -1616357.93 -1671587.76 196.98 233.42
9.00 2.00 -1616357.93 -1724615.36 196.98 233.42
13.00 2.00 -1616357.93 -1680958.49 196.98 233.42
17.00 2.00 -1616357.93 -1645080.61 196.98 233.42
21.00 2.00 -1616357.93 -1699250.23 196.98 233.42
25.00 2.00 -1616357.93 -1742347.62 196.98 233.42
29.00 2.00 -1616357.93 -1703088.02 196.98 233.42
30.00 2.00 -1616357.93 -1655482.87 196.98 233.42
31.00 2.00 -1616357.93 -1741347.88 196.98 233.42
35.00 2.00 -1616357.93 -1648675.05 196.98 233.42
39.00 2.00 -1616357.93 -1709597.49 196.98 233.42
43.00 2.00 -1616357.93 -1742151.37 196.98 233.42
47.00 2.00 -1616357.93 -1728950.12 196.98 233.42
51.00 2.00 -1616357.93 -1708649.05 196.98 233.42
55.00 2.00 -1616357.93 -1772720.80 196.98 233.42
61.00 2.00 -1616357.93 -1678613.93 196.98 233.42
63.00 2.00 -1616357.93 -1734041.99 196.98 233.42
67.00 2.00 -1616357.93 -1639459.18 196.98 233.42
71.00 2.00 -1616357.93 -1741130.91 196.98 233.42
75.00 2.00 -1616357.93 -1736646.99 196.98 233.42
79.00 2.00 -1616357.93 -1705057.66 196.98 233.42
83.00 2.00 -1616357.93 -1689462.60 196.98 233.42
87.00 2.00 -1616357.93 -1660736.32 196.98 233.42
91.00 2.00 -1616357.93 -1707028.76 196.98 233.42
92.00 2.00 -1616357.93 -1747984.62 196.98 233.42
94.00 2.00 -1616357.93 -1676586.42 196.98 233.42
98.00 2.00 -1616357.93 -1681992.17 196.98 233.42
102.00 2.00 -1616357.93 -1740137.10 196.98 233.42
106.00 2.00 -1616357.93 -1707800.34 196.98 233.42
110.00 2.00 -1616357.93 -1730112.55 196.98 233.42
114.00 2.00 -1616357.93 -1774545.26 196.98 233.42
118.00 2.00 -1616357.93 -1764420.44 196.98 233.42
122.00 2.00 -1616357.93 -1651998.82 196.98 233.42
123.00 2.00 -1616357.93 -1726732.59 196.98 233.42
125.00 2.00 -1616357.93 -1730707.82 196.98 233.42
129.00 2.00 -1616357.93 -1663922.08 196.98 233.42
133.00 2.00 -1616357.93 -1702071.16 196.98 233.42
137.00 2.00 -1616357.93 -1725985.94 196.98 233.42
141.00 2.00 -1616357.93 -1772135.36 196.98 233.42
145.00 2.00 -1616357.93 -1663588.59 196.98 233.42
149.00 2.00 -1616357.93 -1668221.95 196.98 233.42
153.00 2.00 -1616357.93 -1696927.35 196.98 233.42
154.00 3.00 -1607398.45 -1607398.45 189.74 233.42
156.00 3.00 -1607398.45 -1728133.12 189.74 233.42
160.00 3.00 -1607398.45 -1663806.67 189.74 233.42
164.00 3.00 -1607398.45 -1693490.52 189.74 233.42
168.00 3.00 -1607398.45 -1713514.02 189.74 233.42
172.00 3.00 -1607398.45 -1713860.29 189.74 233.42
176.00 3.00 -1607398.45 -1756081.06 189.74 233.42
180.00 3.00 -1607398.45 -1642232.30 189.74 233.42
184.00 3.00 -1607398.45 -1681075.83 189.74 233.42
185.00 3.00 -1607398.45 -1670115.54 189.74 233.42
187.00 3.00 -1607398.45 -1710056.22 189.74 233.42
191.00 3.00 -1607398.45 -1753573.26 189.74 233.42
195.00 3.00 -1607398.45 -1689060.34 189.74 233.42
199.00 3.00 -1607398.45 -1723407.33 189.74 233.42
203.00 4.00 -1592028.32 -1657541.32 177.95 233.42
207.00 4.00 -1592028.32 -1686216.95 177.95 233.42
211.00 4.00 -1592028.32 -1757386.28 177.95 233.42
215.00 4.00 -1592028.32 -1699436.46 177.95 233.42
59.00 2.00 -1616357.93 -1659720.93 196.98 233.42
216.00 4.00 -1592028.32 -1684505.35 177.95 233.42
218.00 4.00 -1592028.32 -1745799.32 177.95 233.42
222.00 4.00 -1592028.32 -1635860.48 177.95 233.42
226.00 4.00 -1592028.32 -1734416.69 177.95 233.42
230.00 4.00 -1592028.32 -1698370.86 177.95 233.42
234.00 4.00 -1592028.32 -1716682.01 177.95 233.42
238.00 4.00 -1592028.32 -1747997.89 177.95 233.42
242.00 4.00 -1592028.32 -1737139.68 177.95 233.42
246.00 4.00 -1592028.32 -1682482.45 177.95 233.42
247.00 4.00 -1592028.32 -1748901.88 177.95 233.42
249.00 4.00 -1592028.32 -1748942.86 177.95 233.42
253.00 4.00 -1592028.32 -1738730.05 177.95 233.42
257.00 4.00 -1592028.32 -1695422.62 177.95 233.42
261.00 4.00 -1592028.32 -1743903.18 177.95 233.42
265.00 4.00 -1592028.32 -1759959.72 177.95 233.42
269.00 4.00 -1592028.32 -1704701.68 177.95 233.42
273.00 5.00 -1571534.46 -1690986.36 163.35 233.42
277.00 5.00 -1571534.46 -1694935.31 163.35 233.42
278.00 5.00 -1571534.46 -1700805.46 163.35 233.42
280.00 5.00 -1571534.46 -1676319.24 163.35 233.42
284.00 5.00 -1571534.46 -1690668.09 163.35 233.42
288.00 5.00 -1571534.46 -1690047.01 163.35 233.42
292.00 5.00 -1571534.46 -1764854.05 163.35 233.42
296.00 5.00 -1571534.46 -1669933.80 163.35 233.42
300.00 5.00 -1571534.46 -1739215.94 163.35 233.42
304.00 5.00 -1571534.46 -1716266.73 163.35 233.42
308.00 5.00 -1571534.46 -1667733.06 163.35 233.42
309.00 5.00 -1571534.46 -1724440.76 163.35 233.42
311.00 5.00 -1571534.46 -1674770.16 163.35 233.42
315.00 5.00 -1571534.46 -1667678.07 163.35 233.42
319.00 5.00 -1571534.46 -1745522.62 163.35 233.42
323.00 5.00 -1571534.46 -1721464.71 163.35 233.42
327.00 5.00 -1571534.46 -1644536.87 163.35 233.42
331.00 6.00 -1571534.46 -1682559.01 163.35 233.42
335.00 6.00 -1571534.46 -1721548.30 163.35 233.42
339.00 7.00 -1571534.46 -1662344.28 163.35 233.42
340.00 7.00 -1571534.46 -1721234.08 163.35 233.42
342.00 7.00 -1571534.46 -1713206.97 163.35 233.42
346.00 7.00 -1571534.46 -1674954.36 163.35 233.42
350.00 7.00 -1571534.46 -1735163.43 163.35 233.42
354.00 7.00 -1571534.46 -1699987.42 163.35 233.42
358.00 7.00 -1571534.46 -1726926.30 163.35 233.42
362.00 7.00 -1571534.46 -1798231.60 163.35 233.42
366.00 7.00 -1571534.46 -1702565.98 163.35 233.42
370.00 7.00 -1571534.46 -1689699.23 163.35 233.42
371.00 7.00 -1571534.46 -1710623.51 163.35 233.42
373.00 7.00 -1571534.46 -1699472.13 163.35 233.42
377.00 7.00 -1571534.46 -1642916.93 163.35 233.42
381.00 7.00 -1571534.46 -1655215.29 163.35 233.42
385.00 7.00 -1571534.46 -1709611.74 163.35 233.42
389.00 7.00 -1571534.46 -1707603.60 163.35 233.42
393.00 7.00 -1571534.46 -1718288.34 163.35 233.42
397.00 7.00 -1571534.46 -1631885.47 163.35 233.42
401.00 7.00 -1571534.46 -1683214.37 163.35 233.42
402.00 7.00 -1571534.46 -1676313.88 163.35 233.42
404.00 7.00 -1571534.46 -1720521.92 163.35 233.42
408.00 7.00 -1571534.46 -1726119.33 163.35 233.42
412.00 7.00 -1571534.46 -1680497.53 163.35 233.42
416.00 7.00 -1571534.46 -1695878.63 163.35 233.42
420.00 7.00 -1571534.46 -1766141.62 163.35 233.42
424.00 7.00 -1571534.46 -1688295.92 163.35 233.42
428.00 7.00 -1571534.46 -1720598.85 163.35 233.42
432.00 7.00 -1571534.46 -1683408.29 163.35 233.42
433.00 7.00 -1571534.46 -1664249.33 163.35 233.42
435.00 7.00 -1571534.46 -1637811.37 163.35 233.42
438.00 7.00 -1571534.46 -1678032.18 163.35 233.42
442.00 7.00 -1571534.46 -1713546.41 163.35 233.42
446.00 7.00 -1571534.46 -1740775.81 163.35 233.42
450.00 7.00 -1571534.46 -1661887.12 163.35 233.42
454.00 7.00 -1571534.46 -1703542.26 163.35 233.42
458.00 7.00 -1571534.46 -1624524.00 163.35 233.42
462.00 7.00 -1571534.46 -1726143.16 163.35 233.42
464.00 7.00 -1571534.46 -1754061.62 163.35 233.42
466.00 7.00 -1571534.46 -1684921.75 163.35 233.42
470.00 7.00 -1571534.46 -1731746.86 163.35 233.42
474.00 7.00 -1571534.46 -1768609.65 163.35 233.42
478.00 7.00 -1571534.46 -1663021.29 163.35 233.42
482.00 7.00 -1571534.46 -1650332.97 163.35 233.42
486.00 7.00 -1571534.46 -1666339.48 163.35 233.42
490.00 7.00 -1571534.46 -1727016.70 163.35 233.42
494.00 7.00 -1571534.46 -1657203.22 163.35 233.42
495.00 7.00 -1571534.46 -1673558.08 163.35 233.42
497.00 7.00 -1571534.46 -1714287.62 163.35 233.42
501.00 7.00 -1571534.46 -1702626.50 163.35 233.42
505.00 7.00 -1571534.46 -1699159.36 163.35 233.42
509.00 7.00 -1571534.46 -1684331.26 163.35 233.42
513.00 7.00 -1571534.46 -1691304.77 163.35 233.42
517.00 7.00 -1571534.46 -1696428.93 163.35 233.42
521.00 7.00 -1571534.46 -1669166.23 163.35 233.42
525.00 7.00 -1571534.46 -1677997.09 163.35 233.42
526.00 7.00 -1571534.46 -1679024.47 163.35 233.42
528.00 7.00 -1571534.46 -1683685.40 163.35 233.42
532.00 7.00 -1571534.46 -1661234.58 163.35 233.42
536.00 7.00 -1571534.46 -1732275.87 163.35 233.42
540.00 7.00 -1571534.46 -1696226.48 163.35 233.42
544.00 7.00 -1571534.46 -1715911.67 163.35 233.42
548.00 7.00 -1571534.46 -1676504.57 163.35 233.42
552.00 7.00 -1571534.46 -1756496.80 163.35 233.42
556.00 7.00 -1571534.46 -1745074.72 163.35 233.42
557.00 7.00 -1571534.46 -1664826.39 163.35 233.42
559.00 7.00 -1571534.46 -1669525.12 163.35 233.42
563.00 7.00 -1571534.46 -1678649.02 163.35 233.42
567.00 7.00 -1571534.46 -1690954.85 163.35 233.42
571.00 7.00 -1571534.46 -1740741.95 163.35 233.42
575.00 7.00 -1571534.46 -1705100.61 163.35 233.42
579.00 7.00 -1571534.46 -1617941.89 163.35 233.42
583.00 7.00 -1571534.46 -1680205.40 163.35 233.42
587.00 7.00 -1571534.46 -1721859.57 163.35 233.42
588.00 7.00 -1571534.46 -1700581.66 163.35 233.42
590.00 7.00 -1571534.46 -1637603.31 163.35 233.42
594.00 7.00 -1571534.46 -1707673.85 163.35 233.42
598.00 7.00 -1571534.46 -1724979.90 163.35 233.42
602.00 7.00 -1571534.46 -1693489.59 163.35 233.42
606.00 7.00 -1571534.46 -1646960.43 163.35 233.42
610.00 7.00 -1571534.46 -1717988.11 163.35 233.42
614.00 7.00 -1571534.46 -1746128.88 163.35 233.42
618.00 7.00 -1571534.46 -1690697.35 163.35 233.42
619.00 7.00 -1571534.46 -1692655.89 163.35 233.42
621.00 7.00 -1571534.46 -1667057.68 163.35 233.42
