2.00 1.00 -1498008.46 -1537338.77 230.45 233.42
5.00 2.00 -1485467.58 -1554246.85 217.50 233.42
9.00 2.00 -1485467.58 -1556570.09 217.50 233.42
13.00 2.00 -1485467.58 -1514476.97 217.50 233.42
17.00 4.00 -1472074.17 -1473322.91 204.47 233.42
21.00 4.00 -1472074.17 -1537329.52 204.47 233.42
25.00 4.00 -1472074.17 -1508934.43 204.47 233.42
29.00 4.00 -1472074.17 -1525187.34 204.47 233.42
30.00 4.00 -1472074.17 -1529188.45 204.47 233.42
31.00 4.00 -1472074.17 -1545736.74 204.47 233.42
35.00 4.00 -1472074.17 -1557212.41 204.47 233.42
39.00 4.00 -1472074.17 -1525422.31 204.47 233.42
43.00 4.00 -1472074.17 -1517363.37 204.47 233.42
47.00 4.00 -1472074.17 -1525158.71 204.47 233.42
51.00 4.00 -1472074.17 -1545136.71 204.47 233.42
55.00 5.00 -1432513.35 -1607235.91 170.38 233.42
61.00 5.00 -1432513.35 -1588446.77 170.38 233.42
63.00 5.00 -1432513.35 -1551108.28 170.38 233.42
67.00 5.00 -1432513.35 -1582856.68 170.38 233.42
71.00 5.00 -1432513.35 -1588145.69 170.38 233.42
75.00 5.00 -1432513.35 -1574800.00 170.38 233.42
79.00 5.00 -1432513.35 -1553899.32 170.38 233.42
83.00 5.00 -1432513.35 -1502529.10 170.38 233.42
87.00 5.00 -1432513.35 -1485313.04 170.38 233.42
91.00 6.00 -1432513.35 -1432513.35 170.38 233.42
92.00 6.00 -1432513.35 -1520039.01 170.38 233.42
94.00 6.00 -1432513.35 -1568984.54 170.38 233.42
98.00 6.00 -1432513.35 -1605705.22 170.38 233.42
102.00 6.00 -1432513.35 -1513741.98 170.38 233.42
106.00 6.00 -1432513.35 -1539864.68 170.38 233.42
110.00 6.00 -1432513.35 -1497373.13 170.38 233.42
114.00 6.00 -1432513.35 -1574568.63 170.38 233.42
118.00 6.00 -1432513.35 -1523708.01 170.38 233.42
122.00 6.00 -1432513.35 -1559580.20 170.38 233.42
123.00 6.00 -1432513.35 -1573060.44 170.38 233.42
125.00 6.00 -1432513.35 -1574916.55 170.38 233.42
129.00 6.00 -1432513.35 -1570870.22 170.38 233.42
133.00 6.00 -1432513.35 -1526011.73 170.38 233.42
137.00 6.00 -1432513.35 -1532288.09 170.38 233.42
141.00 6.00 -1432513.35 -1521323.29 170.38 233.42
145.00 6.00 -1432513.35 -1557093.49 170.38 233.42
149.00 6.00 -1432513.35 -1521449.83 170.38 233.42
153.00 6.00 -1432513.35 -1502741.50 170.38 233.42
154.00 6.00 -1432513.35 -1566824.48 170.38 233.42
156.00 6.00 -1432513.35 -1579376.84 170.38 233.42
160.00 6.00 -1432513.35 -1543251.50 170.38 233.42
164.00 6.00 -1432513.35 -1579447.92 170.38 233.42
168.00 6.00 -1432513.35 -1569402.89 170.38 233.42
172.00 6.00 -1432513.35 -1507863.35 170.38 233.42
176.00 6.00 -1432513.35 -1520719.25 170.38 233.42
180.00 6.00 -1432513.35 -1530005.94 170.38 233.42
184.00 6.00 -1432513.35 -1601192.12 170.38 233.42
185.00 6.00 -1432513.35 -1526852.48 170.38 233.42
187.00 6.00 -1432513.35 -1484451.98 170.38 233.42
191.00 6.00 -1432513.35 -1569407.65 170.38 233.42
195.00 6.00 -1432513.35 -1513382.32 170.38 233.42
199.00 6.00 -1432513.35 -1507610.18 170.38 233.42
203.00 6.00 -1432513.35 -1535675.98 170.38 233.42
207.00 6.00 -1432513.35 -1525217.10 170.38 233.42
211.00 6.00 -1432513.35 -1580196.94 170.38 233.42
215.00 6.00 -1432513.35 -1525900.72 170.38 233.42
59.00 5.00 -1432513.35 -1584161.35 170.38 233.42
216.00 6.00 -1432513.35 -1535658.77 170.38 233.42
218.00 6.00 -1432513.35 -1497779.89 170.38 233.42
222.00 6.00 -1432513.35 -1557754.23 170.38 233.42
226.00 6.00 -1432513.35 -1564072.04 170.38 233.42
230.00 6.00 -1432513.35 -1543223.49 170.38 233.42
234.00 6.00 -1432513.35 -1566495.13 170.38 233.42
238.00 6.00 -1432513.35 -1592144.83 170.38 233.42
242.00 6.00 -1432513.35 -1513218.97 170.38 233.42
246.00 6.00 -1432513.35 -1524064.04 170.38 233.42
247.00 6.00 -1432513.35 -1487786.52 170.38 233.42
249.00 6.00 -1432513.35 -1524703.45 170.38 233.42
253.00 6.00 -1432513.35 -1523632.90 170.38 233.42
257.00 6.00 -1432513.35 -1521574.59 170.38 233.42
261.00 6.00 -1432513.35 -1487713.65 170.38 233.42
265.00 6.00 -1432513.35 -1510761.72 170.38 233.42
269.00 6.00 -1432513.35 -1553904.34 170.38 233.42
273.00 6.00 -1432513.35 -1561462.38 170.38 233.42
277.00 6.00 -1432513.35 -1469951.13 170.38 233.42
278.00 6.00 -1432513.35 -1508442.98 170.38 233.42
280.00 6.00 -1432513.35 -1489166.93 170.38 233.42
284.00 6.00 -1432513.35 -1597961.32 170.38 233.42
288.00 6.00 -1432513.35 -1535020.70 170.38 233.42
292.00 6.00 -1432513.35 -1590843.48 170.38 233.42
296.00 6.00 -1432513.35 -1481308.72 170.38 233.42
300.00 6.00 -1432513.35 -1489344.55 170.38 233.42
304.00 6.00 -1432513.35 -1591181.34 170.38 233.42
308.00 6.00 -1432513.35 -1557311.16 170.38 233.42
309.00 6.00 -1432513.35 -1551771.30 170.38 233.42
311.00 6.00 -1432513.35 -1570837.11 170.38 233.42
315.00 6.00 -1432513.35 -1528148.30 170.38 233.42
319.00 6.00 -1432513.35 -1584858.50 170.38 233.42
323.00 6.00 -1432513.35 -1548850.43 170.38 233.42
327.00 6.00 -1432513.35 -1531573.08 170.38 233.42
331.00 6.00 -1432513.35 -1545814.69 170.38 233.42
335.00 6.00 -1432513.35 -1488593.40 170.38 233.42
339.00 6.00 -1432513.35 -1560142.43 170.38 233.42
340.00 6.00 -1432513.35 -1562878.90 170.38 233.42
342.00 6.00 -1432513.35 -1582831.89 170.38 233.42
346.00 6.00 -1432513.35 -1523549.02 170.38 233.42
350.00 6.00 -1432513.35 -1611727.51 170.38 233.42
354.00 6.00 -1432513.35 -1493107.70 170.38 233.42
358.00 6.00 -1432513.35 -1498183.81 170.38 233.42
362.00 6.00 -1432513.35 -1531753.95 170.38 233.42
366.00 6.00 -1432513.35 -1542942.43 170.38 233.42
370.00 6.00 -1432513.35 -1544987.91 170.38 233.42
371.00 7.00 -1428755.70 -1428755.70 167.45 233.42
373.00 7.00 -1428755.70 -1572670.08 167.45 233.42
377.00 7.00 -1428755.70 -1511476.88 167.45 233.42
381.00 7.00 -1428755.70 -1538317.27 167.45 233.42
385.00 7.00 -1428755.70 -1513713.24 167.45 233.42
389.00 7.00 -1428755.70 -1507629.20 167.45 233.42
393.00 7.00 -1428755.70 -1515645.29 167.45 233.42
397.00 7.00 -1428755.70 -1510803.01 167.45 233.42
401.00 7.00 -1428755.70 -1543708.15 167.45 233.42
402.00 7.00 -1428755.70 -1554854.95 167.45 233.42
404.00 7.00 -1428755.70 -1519145.28 167.45 233.42
408.00 7.00 -1428755.70 -1540375.53 167.45 233.42
412.00 7.00 -1428755.70 -1606125.91 167.45 233.42
416.00 7.00 -1428755.70 -1556001.25 167.45 233.42
420.00 7.00 -1428755.70 -1542287.91 167.45 233.42
424.00 7.00 -1428755.70 -1528025.92 167.45 233.42
428.00 7.00 -1428755.70 -1477486.92 167.45 233.42
432.00 7.00 -1428755.70 -1526325.75 167.45 233.42
433.00 7.00 -1428755.70 -1534114.61 167.45 233.42
435.00 7.00 -1428755.70 -1525832.19 167.45 233.42
438.00 7.00 -1428755.70 -1501883.63 167.45 233.42
442.00 7.00 -1428755.70 -1573133.63 167.45 233.42
446.00 7.00 -1428755.70 -1561730.81 167.45 233.42
450.00 7.00 -1428755.70 -1571777.24 167.45 233.42
454.00 7.00 -1428755.70 -1524211.21 167.45 233.42
458.00 7.00 -1428755.70 -1464150.54 167.45 233.42
462.00 7.00 -1428755.70 -1519901.11 167.45 233.42
464.00 7.00 -1428755.70 -1542654.86 167.45 233.42
466.00 7.00 -1428755.70 -1521493.06 167.45 233.42
470.00 7.00 -1428755.70 -1536499.44 167.45 233.42
474.00 7.00 -1428755.70 -1612243.70 167.45 233.42
478.00 7.00 -1428755.70 -1496130.61 167.45 233.42
482.00 7.00 -1428755.70 -1519652.53 167.45 233.42
486.00 7.00 -1428755.70 -1506908.12 167.45 233.42
490.00 8.00 -1428755.70 -1428755.70 167.45 233.42
494.00 8.00 -1428755.70 -1518198.05 167.45 233.42
495.00 8.00 -1428755.70 -1511355.80 167.45 233.42
497.00 8.00 -1428755.70 -1548628.81 167.45 233.42
501.00 8.00 -1428755.70 -1525575.80 167.45 233.42
505.00 8.00 -1428755.70 -1439244.38 167.45 233.42
509.00 8.00 -1428755.70 -1509636.53 167.45 233.42
513.00 8.00 -1428755.70 -1526202.56 167.45 233.42
517.00 8.00 -1428755.70 -1511781.40 167.45 233.42
521.00 8.00 -1428755.70 -1534967.83 167.45 233.42
525.00 8.00 -1428755.70 -1513139.75 167.45 233.42
526.00 8.00 -1428755.70 -1553300.58 167.45 233.42
528.00 8.00 -1428755.70 -1523560.41 167.45 233.42
532.00 9.00 -1417929.22 -1505784.27 159.30 233.42
536.00 9.00 -1417929.22 -1496221.63 159.30 233.42
540.00 9.00 -1417929.22 -1576697.99 159.30 233.42
544.00 10.00 -1417929.22 -1529963.13 159.30 233.42
548.00 10.00 -1417929.22 -1558103.15 159.30 233.42
552.00 10.00 -1417929.22 -1510842.30 159.30 233.42
556.00 10.00 -1417929.22 -1543299.17 159.30 233.42
557.00 10.00 -1417929.22 -1554896.24 159.30 233.42
559.00 10.00 -1417929.22 -1498891.32 159.30 233.42
563.00 10.00 -1417929.22 -1529429.88 159.30 233.42
567.00 10.00 -1417929.22 -1479106.89 159.30 233.42
571.00 10.00 -1417929.22 -1529714.70 159.30 233.42
575.00 11.00 -1417929.22 -1526955.71 159.30 233.42
579.00 11.00 -1417929.22 -1534383.83 159.30 233.42
583.00 11.00 -1417929.22 -1471797.42 159.30 233.42
587.00 11.00 -1417929.22 -1474285.13 159.30 233.42
588.00 11.00 -1417929.22 -1565009.19 159.30 233.42
590.00 11.00 -1417929.22 -1498423.68 159.30 233.42
594.00 12.00 -1417929.22 -1575661.48 159.30 233.42
598.00 13.00 -1417929.22 -1417929.22 159.30 233.42
602.00 13.00 -1417929.22 -1476441.96 159.30 233.42
606.00 13.00 -1417929.22 -1545971.79 159.30 233.42
610.00 13.00 -1417929.22 -1536016.64 159.30 233.42
614.00 13.00 -1417929.22 -1542763.88 159.30 233.42
618.00 13.00 -1417929.22 -1551059.95 159.30 233.42
619.00 13.00 -1417929.22 -1541968.33 159.30 233.42
621.00 13.00 -1417929.22 -1510459.65 159.30 233.42
