2.00 1.00 -1246299.26 -1280810.15 254.16 233.42
5.00 1.00 -1246299.26 -1276317.62 254.16 233.42
9.00 1.00 -1246299.26 -1288376.71 254.16 233.42
13.00 1.00 -1246299.26 -1267279.55 254.16 233.42
17.00 4.00 -1207018.54 -1207018.54 203.81 233.42
21.00 4.00 -1207018.54 -1252644.27 203.81 233.42
25.00 4.00 -1207018.54 -1243955.14 203.81 233.42
29.00 4.00 -1207018.54 -1261063.41 203.81 233.42
30.00 4.00 -1207018.54 -1304069.46 203.81 233.42
31.00 4.00 -1207018.54 -1268280.49 203.81 233.42
35.00 5.00 -1173492.04 -1236568.26 168.81 233.42
39.00 5.00 -1173492.04 -1251511.12 168.81 233.42
43.00 5.00 -1173492.04 -1260306.51 168.81 233.42
47.00 5.00 -1173492.04 -1288454.21 168.81 233.42
51.00 5.00 -1173492.04 -1242159.80 168.81 233.42
55.00 5.00 -1173492.04 -1257051.46 168.81 233.42
61.00 5.00 -1173492.04 -1244050.87 168.81 233.42
63.00 5.00 -1173492.04 -1226323.54 168.81 233.42
67.00 5.00 -1173492.04 -1211130.19 168.81 233.42
71.00 5.00 -1173492.04 -1286432.32 168.81 233.42
75.00 5.00 -1173492.04 -1225257.88 168.81 233.42
79.00 5.00 -1173492.04 -1256630.27 168.81 233.42
83.00 5.00 -1173492.04 -1266256.64 168.81 233.42
87.00 5.00 -1173492.04 -1251000.56 168.81 233.42
91.00 5.00 -1173492.04 -1327115.30 168.81 233.42
92.00 5.00 -1173492.04 -1208404.95 168.81 233.42
94.00 5.00 -1173492.04 -1271832.34 168.81 233.42
98.00 5.00 -1173492.04 -1233994.80 168.81 233.42
102.00 5.00 -1173492.04 -1323942.42 168.81 233.42
106.00 5.00 -1173492.04 -1282505.60 168.81 233.42
110.00 5.00 -1173492.04 -1305783.81 168.81 233.42
114.00 5.00 -1173492.04 -1254045.73 168.81 233.42
118.00 5.00 -1173492.04 -1245513.16 168.81 233.42
122.00 5.00 -1173492.04 -1244502.92 168.81 233.42
123.00 5.00 -1173492.04 -1244992.70 168.81 233.42
125.00 5.00 -1173492.04 -1272583.90 168.81 233.42
129.00 5.00 -1173492.04 -1254179.88 168.81 233.42
133.00 5.00 -1173492.04 -1224474.89 168.81 233.42
137.00 5.00 -1173492.04 -1300247.49 168.81 233.42
141.00 5.00 -1173492.04 -1244446.85 168.81 233.42
145.00 5.00 -1173492.04 -1241033.81 168.81 233.42
149.00 5.00 -1173492.04 -1261640.07 168.81 233.42
153.00 5.00 -1173492.04 -1268945.34 168.81 233.42
154.00 5.00 -1173492.04 -1264662.19 168.81 233.42
156.00 5.00 -1173492.04 -1242169.24 168.81 233.42
160.00 5.00 -1173492.04 -1305684.07 168.81 233.42
164.00 5.00 -1173492.04 -1272611.03 168.81 233.42
168.00 5.00 -1173492.04 -1262041.95 168.81 233.42
172.00 5.00 -1173492.04 -1255274.22 168.81 233.42
176.00 5.00 -1173492.04 -1291185.21 168.81 233.42
180.00 5.00 -1173492.04 -1273240.09 168.81 233.42
184.00 5.00 -1173492.04 -1218018.40 168.81 233.42
185.00 5.00 -1173492.04 -1255492.16 168.81 233.42
187.00 5.00 -1173492.04 -1232069.39 168.81 233.42
191.00 5.00 -1173492.04 -1275810.76 168.81 233.42
195.00 5.00 -1173492.04 -1257183.60 168.81 233.42
199.00 6.00 -1173492.04 -1233210.36 168.81 233.42
203.00 6.00 -1173492.04 -1248939.10 168.81 233.42
207.00 6.00 -1173492.04 -1286182.09 168.81 233.42
211.00 6.00 -1173492.04 -1253999.69 168.81 233.42
215.00 6.00 -1173492.04 -1244090.43 168.81 233.42
59.00 5.00 -1173492.04 -1197716.76 168.81 233.42
216.00 6.00 -1173492.04 -1240867.58 168.81 233.42
218.00 6.00 -1173492.04 -1313010.53 168.81 233.42
222.00 6.00 -1173492.04 -1225263.09 168.81 233.42
226.00 6.00 -1173492.04 -1283144.85 168.81 233.42
230.00 6.00 -1173492.04 -1307434.07 168.81 233.42
234.00 7.00 -1173492.04 -1254712.69 168.81 233.42
238.00 8.00 -1173492.04 -1243270.09 168.81 233.42
242.00 8.00 -1173492.04 -1274922.22 168.81 233.42
246.00 8.00 -1173492.04 -1255060.05 168.81 233.42
247.00 8.00 -1173492.04 -1280935.10 168.81 233.42
249.00 8.00 -1173492.04 -1226414.47 168.81 233.42
253.00 8.00 -1173492.04 -1271637.07 168.81 233.42
257.00 8.00 -1173492.04 -1309242.75 168.81 233.42
261.00 8.00 -1173492.04 -1261345.33 168.81 233.42
265.00 8.00 -1173492.04 -1221206.15 168.81 233.42
269.00 8.00 -1173492.04 -1261800.82 168.81 233.42
273.00 8.00 -1173492.04 -1297926.12 168.81 233.42
277.00 8.00 -1173492.04 -1232489.86 168.81 233.42
278.00 8.00 -1173492.04 -1290743.83 168.81 233.42
280.00 8.00 -1173492.04 -1245149.13 168.81 233.42
284.00 8.00 -1173492.04 -1262906.77 168.81 233.42
288.00 8.00 -1173492.04 -1279670.32 168.81 233.42
292.00 8.00 -1173492.04 -1237756.85 168.81 233.42
296.00 8.00 -1173492.04 -1260283.05 168.81 233.42
300.00 8.00 -1173492.04 -1247888.00 168.81 233.42
304.00 8.00 -1173492.04 -1264711.10 168.81 233.42
308.00 8.00 -1173492.04 -1245329.49 168.81 233.42
309.00 8.00 -1173492.04 -1243666.43 168.81 233.42
311.00 8.00 -1173492.04 -1271401.73 168.81 233.42
315.00 8.00 -1173492.04 -1236254.63 168.81 233.42
319.00 8.00 -1173492.04 -1244503.90 168.81 233.42
323.00 8.00 -1173492.04 -1259492.33 168.81 233.42
327.00 8.00 -1173492.04 -1242203.73 168.81 233.42
331.00 8.00 -1173492.04 -1313495.99 168.81 233.42
335.00 8.00 -1173492.04 -1241802.78 168.81 233.42
339.00 8.00 -1173492.04 -1261895.50 168.81 233.42
340.00 8.00 -1173492.04 -1263631.37 168.81 233.42
342.00 8.00 -1173492.04 -1274979.94 168.81 233.42
346.00 8.00 -1173492.04 -1278206.36 168.81 233.42
350.00 8.00 -1173492.04 -1217186.30 168.81 233.42
354.00 8.00 -1173492.04 -1259233.60 168.81 233.42
358.00 8.00 -1173492.04 -1235095.25 168.81 233.42
362.00 9.00 -1173492.04 -1173492.04 168.81 233.42
366.00 9.00 -1173492.04 -1255037.35 168.81 233.42
370.00 9.00 -1173492.04 -1211973.28 168.81 233.42
371.00 9.00 -1173492.04 -1244218.77 168.81 233.42
373.00 9.00 -1173492.04 -1276497.66 168.81 233.42
377.00 9.00 -1173492.04 -1243597.56 168.81 233.42
381.00 9.00 -1173492.04 -1277887.37 168.81 233.42
385.00 9.00 -1173492.04 -1260969.45 168.81 233.42
389.00 9.00 -1173492.04 -1253945.39 168.81 233.42
393.00 10.00 -1173492.04 -1249539.70 168.81 233.42
397.00 10.00 -1173492.04 -1244671.64 168.81 233.42
401.00 10.00 -1173492.04 -1243093.21 168.81 233.42
402.00 10.00 -1173492.04 -1233132.32 168.81 233.42
404.00 10.00 -1173492.04 -1228624.12 168.81 233.42
408.00 11.00 -1173492.04 -1173492.04 168.81 233.42
412.00 11.00 -1173492.04 -1272602.55 168.81 233.42
416.00 11.00 -1173492.04 -1284381.06 168.81 233.42
420.00 11.00 -1173492.04 -1262892.66 168.81 233.42
424.00 11.00 -1173492.04 -1231411.16 168.81 233.42
428.00 11.00 -1173492.04 -1294544.70 168.81 233.42
432.00 11.00 -1173492.04 -1224531.73 168.81 233.42
433.00 11.00 -1173492.04 -1262115.69 168.81 233.42
435.00 11.00 -1173492.04 -1282837.38 168.81 233.42
438.00 11.00 -1173492.04 -1259772.26 168.81 233.42
442.00 11.00 -1173492.04 -1236749.05 168.81 233.42
446.00 11.00 -1173492.04 -1280523.46 168.81 233.42
450.00 11.00 -1173492.04 -1289156.96 168.81 233.42
454.00 11.00 -1173492.04 -1211212.98 168.81 233.42
458.00 11.00 -1173492.04 -1276419.70 168.81 233.42
462.00 11.00 -1173492.04 -1306306.49 168.81 233.42
464.00 11.00 -1173492.04 -1298297.52 168.81 233.42
466.00 11.00 -1173492.04 -1210834.13 168.81 233.42
470.00 11.00 -1173492.04 -1266851.47 168.81 233.42
474.00 11.00 -1173492.04 -1197464.32 168.81 233.42
478.00 11.00 -1173492.04 -1247692.13 168.81 233.42
482.00 11.00 -1173492.04 -1318579.77 168.81 233.42
486.00 11.00 -1173492.04 -1282196.74 168.81 233.42
490.00 11.00 -1173492.04 -1284145.47 168.81 233.42
494.00 11.00 -1173492.04 -1249356.08 168.81 233.42
495.00 11.00 -1173492.04 -1271339.49 168.81 233.42
497.00 11.00 -1173492.04 -1211326.43 168.81 233.42
501.00 12.00 -1173492.04 -1230415.99 168.81 233.42
505.00 12.00 -1173492.04 -1232643.31 168.81 233.42
509.00 12.00 -1173492.04 -1282000.77 168.81 233.42
513.00 12.00 -1173492.04 -1269230.04 168.81 233.42
517.00 12.00 -1173492.04 -1296406.93 168.81 233.42
521.00 12.00 -1173492.04 -1255227.96 168.81 233.42
525.00 12.00 -1173492.04 -1235395.36 168.81 233.42
526.00 12.00 -1173492.04 -1271265.83 168.81 233.42
528.00 12.00 -1173492.04 -1298364.40 168.81 233.42
532.00 12.00 -1173492.04 -1256498.12 168.81 233.42
536.00 12.00 -1173492.04 -1253816.13 168.81 233.42
540.00 13.00 -1173492.04 -1173492.04 168.81 233.42
544.00 13.00 -1173492.04 -1284305.22 168.81 233.42
548.00 13.00 -1173492.04 -1282203.23 168.81 233.42
552.00 13.00 -1173492.04 -1300215.97 168.81 233.42
556.00 13.00 -1173492.04 -1268390.52 168.81 233.42
557.00 13.00 -1173492.04 -1277719.55 168.81 233.42
559.00 13.00 -1173492.04 -1259363.70 168.81 233.42
563.00 13.00 -1173492.04 -1291778.73 168.81 233.42
567.00 13.00 -1173492.04 -1245944.83 168.81 233.42
571.00 13.00 -1173492.04 -1266835.40 168.81 233.42
575.00 13.00 -1173492.04 -1295961.63 168.81 233.42
579.00 13.00 -1173492.04 -1245207.26 168.81 233.42
583.00 14.00 -1173492.04 -1242879.98 168.81 233.42
587.00 14.00 -1173492.04 -1264144.48 168.81 233.42
588.00 14.00 -1173492.04 -1255168.16 168.81 233.42
590.00 14.00 -1173492.04 -1238510.53 168.81 233.42
594.00 14.00 -1173492.04 -1246290.21 168.81 233.42
598.00 14.00 -1173492.04 -1243555.62 168.81 233.42
602.00 15.00 -1173492.04 -1294892.31 168.81 233.42
606.00 15.00 -1173492.04 -1235524.35 168.81 233.42
610.00 16.00 -1173492.04 -1266943.76 168.81 233.42
614.00 16.00 -1173492.04 -1224476.71 168.81 233.42
618.00 16.00 -1173492.04 -1299382.18 168.81 233.42
619.00 16.00 -1173492.04 -1221697.03 168.81 233.42
621.00 16.00 -1173492.04 -1263058.59 168.81 233.42
