2.00 1.00 -2061621.58 -2122777.96 269.27 233.42
6.00 1.00 -2061621.58 -2070057.00 269.27 233.42
10.00 2.00 -2006765.29 -2036662.13 223.14 233.42
13.00 2.00 -2006765.29 -2089161.67 223.14 233.42
17.00 3.00 -1966856.02 -2115795.16 194.62 233.42
21.00 3.00 -1966856.02 -2058226.25 194.62 233.42
25.00 3.00 -1966856.02 -2094649.83 194.62 233.42
29.00 3.00 -1966856.02 -2012582.57 194.62 233.42
30.00 3.00 -1966856.02 -2038798.92 194.62 233.42
31.00 3.00 -1966856.02 -2039128.69 194.62 233.42
35.00 3.00 -1966856.02 -2055949.73 194.62 233.42
39.00 3.00 -1966856.02 -1989726.10 194.62 233.42
43.00 3.00 -1966856.02 -2053583.85 194.62 233.42
47.00 3.00 -1966856.02 -2148380.89 194.62 233.42
51.00 3.00 -1966856.02 -2054932.99 194.62 233.42
55.00 3.00 -1966856.02 -2123706.56 194.62 233.42
61.00 3.00 -1966856.02 -2090053.88 194.62 233.42
63.00 3.00 -1966856.02 -2087266.70 194.62 233.42
67.00 3.00 -1966856.02 -2006370.74 194.62 233.42
71.00 3.00 -1966856.02 -2078382.40 194.62 233.42
75.00 3.00 -1966856.02 -2032630.53 194.62 233.42
79.00 3.00 -1966856.02 -2069776.47 194.62 233.42
83.00 3.00 -1966856.02 -2118225.24 194.62 233.42
87.00 3.00 -1966856.02 -2015210.85 194.62 233.42
91.00 4.00 -1966856.02 -2037577.29 194.62 233.42
92.00 4.00 -1966856.02 -2052546.54 194.62 233.42
94.00 4.00 -1966856.02 -2017981.59 194.62 233.42
98.00 4.00 -1966856.02 -2092665.99 194.62 233.42
102.00 4.00 -1966856.02 -2022737.67 194.62 233.42
106.00 4.00 -1966856.02 -2124918.59 194.62 233.42
110.00 4.00 -1966856.02 -2080697.13 194.62 233.42
114.00 4.00 -1966856.02 -2068396.61 194.62 233.42
118.00 5.00 -1954896.01 -1954896.01 186.81 233.42
122.00 5.00 -1954896.01 -2084236.60 186.81 233.42
123.00 5.00 -1954896.01 -2072800.82 186.81 233.42
125.00 5.00 -1954896.01 -2058954.87 186.81 233.42
129.00 5.00 -1954896.01 -2062882.37 186.81 233.42
133.00 5.00 -1954896.01 -2009165.17 186.81 233.42
137.00 5.00 -1954896.01 -2121771.15 186.81 233.42
141.00 5.00 -1954896.01 -2028512.70 186.81 233.42
145.00 5.00 -1954896.01 -2085614.91 186.81 233.42
149.00 5.00 -1954896.01 -2068426.24 186.81 233.42
153.00 5.00 -1954896.01 -2097839.93 186.81 233.42
154.00 5.00 -1954896.01 -2083296.97 186.81 233.42
156.00 5.00 -1954896.01 -2083259.40 186.81 233.42
160.00 5.00 -1954896.01 -2030192.89 186.81 233.42
164.00 5.00 -1954896.01 -2062169.06 186.81 233.42
168.00 5.00 -1954896.01 -2030102.42 186.81 233.42
172.00 6.00 -1935086.64 -2046989.74 174.55 233.42
176.00 6.00 -1935086.64 -2062081.07 174.55 233.42
180.00 7.00 -1935086.64 -2006642.46 174.55 233.42
184.00 7.00 -1935086.64 -2081554.44 174.55 233.42
185.00 7.00 -1935086.64 -2032254.68 174.55 233.42
187.00 7.00 -1935086.64 -2043722.97 174.55 233.42
191.00 7.00 -1935086.64 -2062699.64 174.55 233.42
195.00 8.00 -1935086.64 -1935086.64 174.55 233.42
199.00 8.00 -1935086.64 -2067348.44 174.55 233.42
203.00 8.00 -1935086.64 -2106415.47 174.55 233.42
207.00 9.00 -1935086.64 -1935086.64 174.55 233.42
211.00 9.00 -1935086.64 -2045793.80 174.55 233.42
215.00 9.00 -1935086.64 -2074568.48 174.55 233.42
59.00 3.00 -1966856.02 -2096075.80 194.62 233.42
216.00 9.00 -1935086.64 -2075147.35 174.55 233.42
218.00 10.00 -1935086.64 -1935086.64 174.55 233.42
222.00 11.00 -1935086.64 -2115867.88 174.55 233.42
226.00 11.00 -1935086.64 -2092438.47 174.55 233.42
230.00 11.00 -1935086.64 -2116566.99 174.55 233.42
234.00 11.00 -1935086.64 -1977688.88 174.55 233.42
238.00 11.00 -1935086.64 -1999395.46 174.55 233.42
242.00 12.00 -1935086.64 -2063599.56 174.55 233.42
246.00 13.00 -1935086.64 -1935086.64 174.55 233.42
247.00 13.00 -1935086.64 -2098141.78 174.55 233.42
249.00 13.00 -1935086.64 -2094633.11 174.55 233.42
253.00 13.00 -1935086.64 -2093413.31 174.55 233.42
257.00 13.00 -1935086.64 -1991193.20 174.55 233.42
261.00 14.00 -1935086.64 -2108149.12 174.55 233.42
265.00 14.00 -1935086.64 -1971927.24 174.55 233.42
269.00 14.00 -1935086.64 -2019583.69 174.55 233.42
273.00 14.00 -1935086.64 -2055355.02 174.55 233.42
277.00 14.00 -1935086.64 -2041534.88 174.55 233.42
278.00 14.00 -1935086.64 -2082763.74 174.55 233.42
280.00 14.00 -1935086.64 -2041285.50 174.55 233.42
284.00 14.00 -1935086.64 -2081935.28 174.55 233.42
288.00 14.00 -1935086.64 -2066110.06 174.55 233.42
292.00 15.00 -1935086.64 -1935086.64 174.55 233.42
296.00 16.00 -1935086.64 -2139161.16 174.55 233.42
300.00 16.00 -1935086.64 -2059437.68 174.55 233.42
304.00 18.00 -1935086.64 -2065463.86 174.55 233.42
308.00 18.00 -1935086.64 -2047290.35 174.55 233.42
309.00 18.00 -1935086.64 -2043783.39 174.55 233.42
311.00 18.00 -1935086.64 -2048660.43 174.55 233.42
315.00 18.00 -1935086.64 -2138872.78 174.55 233.42
319.00 18.00 -1935086.64 -2039411.78 174.55 233.42
323.00 18.00 -1935086.64 -2013870.92 174.55 233.42
327.00 18.00 -1935086.64 -2033106.88 174.55 233.42
331.00 19.00 -1935086.64 -1990350.97 174.55 233.42
335.00 19.00 -1935086.64 -2058738.13 174.55 233.42
339.00 19.00 -1935086.64 -2026063.81 174.55 233.42
340.00 19.00 -1935086.64 -2039375.93 174.55 233.42
342.00 19.00 -1935086.64 -2034233.83 174.55 233.42
346.00 19.00 -1935086.64 -2116343.21 174.55 233.42
350.00 19.00 -1935086.64 -2054132.50 174.55 233.42
354.00 19.00 -1935086.64 -2078669.41 174.55 233.42
358.00 19.00 -1935086.64 -2020540.62 174.55 233.42
362.00 19.00 -1935086.64 -2030086.82 174.55 233.42
366.00 20.00 -1893115.11 -2101696.01 151.18 233.42
370.00 20.00 -1893115.11 -2098854.88 151.18 233.42
371.00 20.00 -1893115.11 -1952610.75 151.18 233.42
373.00 20.00 -1893115.11 -2088051.14 151.18 233.42
377.00 21.00 -1893115.11 -1893115.11 151.18 233.42
381.00 22.00 -1893115.11 -2144597.17 151.18 233.42
385.00 22.00 -1893115.11 -2071271.68 151.18 233.42
389.00 22.00 -1893115.11 -2086179.66 151.18 233.42
393.00 23.00 -1893115.11 -2123569.67 151.18 233.42
397.00 23.00 -1893115.11 -2036295.53 151.18 233.42
401.00 23.00 -1893115.11 -2060176.78 151.18 233.42
402.00 23.00 -1893115.11 -2043004.29 151.18 233.42
404.00 24.00 -1893115.11 -1893115.11 151.18 233.42
408.00 24.00 -1893115.11 -2017766.26 151.18 233.42
412.00 24.00 -1893115.11 -2120656.64 151.18 233.42
416.00 24.00 -1893115.11 -2011249.65 151.18 233.42
420.00 24.00 -1893115.11 -1988533.23 151.18 233.42
424.00 24.00 -1893115.11 -2036598.67 151.18 233.42
428.00 24.00 -1893115.11 -2024988.43 151.18 233.42
432.00 24.00 -1893115.11 -2060658.13 151.18 233.42
433.00 24.00 -1893115.11 -2034257.80 151.18 233.42
435.00 25.00 -1893115.11 -2112005.30 151.18 233.42
438.00 25.00 -1893115.11 -2037743.85 151.18 233.42
442.00 26.00 -1893115.11 -2051979.85 151.18 233.42
446.00 28.00 -1893115.11 -1893115.11 151.18 233.42
450.00 28.00 -1893115.11 -1984593.36 151.18 233.42
454.00 28.00 -1893115.11 -2021077.13 151.18 233.42
458.00 29.00 -1893115.11 -2075829.25 151.18 233.42
462.00 29.00 -1893115.11 -2044219.70 151.18 233.42
464.00 29.00 -1893115.11 -2077174.00 151.18 233.42
466.00 29.00 -1893115.11 -2075613.94 151.18 233.42
470.00 29.00 -1893115.11 -2078049.89 151.18 233.42
474.00 29.00 -1893115.11 -2080775.62 151.18 233.42
478.00 29.00 -1893115.11 -2091776.04 151.18 233.42
482.00 29.00 -1893115.11 -2028780.05 151.18 233.42
486.00 29.00 -1893115.11 -1987244.26 151.18 233.42
490.00 30.00 -1893115.11 -2129776.60 151.18 233.42
494.00 30.00 -1893115.11 -2068473.04 151.18 233.42
495.00 30.00 -1893115.11 -2066103.85 151.18 233.42
497.00 30.00 -1893115.11 -2110323.87 151.18 233.42
501.00 30.00 -1893115.11 -2093573.33 151.18 233.42
505.00 30.00 -1893115.11 -2094498.71 151.18 233.42
509.00 30.00 -1893115.11 -2045182.94 151.18 233.42
513.00 30.00 -1893115.11 -2085572.00 151.18 233.42
517.00 30.00 -1893115.11 -2029578.65 151.18 233.42
521.00 30.00 -1893115.11 -2017953.35 151.18 233.42
525.00 30.00 -1893115.11 -2000501.90 151.18 233.42
526.00 30.00 -1893115.11 -1995326.16 151.18 233.42
528.00 30.00 -1893115.11 -2104751.97 151.18 233.42
532.00 30.00 -1893115.11 -2164805.89 151.18 233.42
536.00 30.00 -1893115.11 -2086963.26 151.18 233.42
540.00 30.00 -1893115.11 -2138748.50 151.18 233.42
544.00 30.00 -1893115.11 -2061559.10 151.18 233.42
548.00 30.00 -1893115.11 -2030521.24 151.18 233.42
552.00 30.00 -1893115.11 -2096240.95 151.18 233.42
556.00 30.00 -1893115.11 -2101051.39 151.18 233.42
557.00 30.00 -1893115.11 -2084586.38 151.18 233.42
559.00 30.00 -1893115.11 -2021498.70 151.18 233.42
563.00 30.00 -1893115.11 -2130185.66 151.18 233.42
567.00 30.00 -1893115.11 -2098328.84 151.18 233.42
571.00 30.00 -1893115.11 -2036668.62 151.18 233.42
575.00 30.00 -1893115.11 -2066851.46 151.18 233.42
579.00 30.00 -1893115.11 -2072542.53 151.18 233.42
583.00 31.00 -1893115.11 -2064286.66 151.18 233.42
587.00 31.00 -1893115.11 -2048617.46 151.18 233.42
588.00 31.00 -1893115.11 -2002619.87 151.18 233.42
590.00 31.00 -1893115.11 -2122120.16 151.18 233.42
594.00 31.00 -1893115.11 -2089846.60 151.18 233.42
598.00 31.00 -1893115.11 -2084525.20 151.18 233.42
602.00 31.00 -1893115.11 -1998361.54 151.18 233.42
606.00 31.00 -1893115.11 -2043335.03 151.18 233.42
610.00 31.00 -1893115.11 -2107911.22 151.18 233.42
614.00 31.00 -1893115.11 -2123889.25 151.18 233.42
618.00 31.00 -1893115.11 -2036264.55 151.18 233.42
619.00 31.00 -1893115.11 -2078033.93 151.18 233.42
621.00 31.00 -1893115.11 -2142414.57 151.18 233.42
