2.00 1.00 -1327860.27 -1327860.27 198.90 233.42
5.00 1.00 -1327860.27 -1351562.92 198.90 233.42
9.00 1.00 -1327860.27 -1344252.90 198.90 233.42
13.00 1.00 -1327860.27 -1394737.13 198.90 233.42
17.00 1.00 -1327860.27 -1355979.52 198.90 233.42
21.00 1.00 -1327860.27 -1417228.95 198.90 233.42
25.00 1.00 -1327860.27 -1391908.22 198.90 233.42
29.00 1.00 -1327860.27 -1409388.29 198.90 233.42
30.00 1.00 -1327860.27 -1385488.18 198.90 233.42
31.00 1.00 -1327860.27 -1414664.98 198.90 233.42
35.00 1.00 -1327860.27 -1351882.43 198.90 233.42
39.00 1.00 -1327860.27 -1344829.63 198.90 233.42
43.00 1.00 -1327860.27 -1400573.59 198.90 233.42
47.00 1.00 -1327860.27 -1396283.83 198.90 233.42
51.00 1.00 -1327860.27 -1447690.08 198.90 233.42
55.00 1.00 -1327860.27 -1405835.44 198.90 233.42
61.00 1.00 -1327860.27 -1430059.83 198.90 233.42
63.00 1.00 -1327860.27 -1436243.18 198.90 233.42
67.00 1.00 -1327860.27 -1410910.35 198.90 233.42
71.00 1.00 -1327860.27 -1357537.03 198.90 233.42
75.00 1.00 -1327860.27 -1427683.91 198.90 233.42
79.00 1.00 -1327860.27 -1377688.98 198.90 233.42
83.00 1.00 -1327860.27 -1449131.22 198.90 233.42
87.00 1.00 -1327860.27 -1389038.94 198.90 233.42
91.00 1.00 -1327860.27 -1397428.45 198.90 233.42
92.00 1.00 -1327860.27 -1375560.54 198.90 233.42
94.00 2.00 -1314116.53 -1314116.53 185.46 233.42
98.00 2.00 -1314116.53 -1426492.19 185.46 233.42
102.00 2.00 -1314116.53 -1443175.55 185.46 233.42
106.00 2.00 -1314116.53 -1381389.40 185.46 233.42
110.00 2.00 -1314116.53 -1399622.42 185.46 233.42
114.00 2.00 -1314116.53 -1356875.46 185.46 233.42
118.00 2.00 -1314116.53 -1381722.82 185.46 233.42
122.00 2.00 -1314116.53 -1428365.50 185.46 233.42
123.00 2.00 -1314116.53 -1415172.62 185.46 233.42
125.00 2.00 -1314116.53 -1366786.63 185.46 233.42
129.00 2.00 -1314116.53 -1375538.59 185.46 233.42
133.00 2.00 -1314116.53 -1404239.67 185.46 233.42
137.00 2.00 -1314116.53 -1375048.14 185.46 233.42
141.00 2.00 -1314116.53 -1431211.60 185.46 233.42
145.00 2.00 -1314116.53 -1415500.24 185.46 233.42
149.00 2.00 -1314116.53 -1383652.88 185.46 233.42
153.00 2.00 -1314116.53 -1438541.40 185.46 233.42
154.00 2.00 -1314116.53 -1397758.48 185.46 233.42
156.00 2.00 -1314116.53 -1353515.67 185.46 233.42
160.00 2.00 -1314116.53 -1415166.82 185.46 233.42
164.00 2.00 -1314116.53 -1383958.40 185.46 233.42
168.00 2.00 -1314116.53 -1389260.03 185.46 233.42
172.00 2.00 -1314116.53 -1413287.42 185.46 233.42
176.00 2.00 -1314116.53 -1410442.47 185.46 233.42
180.00 2.00 -1314116.53 -1427908.98 185.46 233.42
184.00 2.00 -1314116.53 -1384225.99 185.46 233.42
185.00 2.00 -1314116.53 -1381886.94 185.46 233.42
187.00 2.00 -1314116.53 -1347994.99 185.46 233.42
191.00 3.00 -1313039.61 -1421027.63 184.44 233.42
195.00 3.00 -1313039.61 -1413249.16 184.44 233.42
199.00 3.00 -1313039.61 -1415059.83 184.44 233.42
203.00 3.00 -1313039.61 -1397419.78 184.44 233.42
207.00 3.00 -1313039.61 -1399755.32 184.44 233.42
211.00 3.00 -1313039.61 -1382533.66 184.44 233.42
215.00 3.00 -1313039.61 -1465640.83 184.44 233.42
59.00 1.00 -1327860.27 -1381289.53 198.90 233.42
216.00 3.00 -1313039.61 -1390019.68 184.44 233.42
218.00 3.00 -1313039.61 -1444050.07 184.44 233.42
222.00 3.00 -1313039.61 -1373173.48 184.44 233.42
226.00 3.00 -1313039.61 -1385654.95 184.44 233.42
230.00 3.00 -1313039.61 -1390987.02 184.44 233.42
234.00 3.00 -1313039.61 -1380041.56 184.44 233.42
238.00 3.00 -1313039.61 -1370020.44 184.44 233.42
242.00 3.00 -1313039.61 -1407082.94 184.44 233.42
246.00 3.00 -1313039.61 -1403499.55 184.44 233.42
247.00 3.00 -1313039.61 -1386443.59 184.44 233.42
249.00 3.00 -1313039.61 -1353250.21 184.44 233.42
253.00 3.00 -1313039.61 -1408520.65 184.44 233.42
257.00 3.00 -1313039.61 -1437197.62 184.44 233.42
261.00 4.00 -1313039.61 -1441090.96 184.44 233.42
265.00 4.00 -1313039.61 -1364199.15 184.44 233.42
269.00 4.00 -1313039.61 -1353044.73 184.44 233.42
273.00 4.00 -1313039.61 -1392703.79 184.44 233.42
277.00 4.00 -1313039.61 -1419088.38 184.44 233.42
278.00 4.00 -1313039.61 -1424696.75 184.44 233.42
280.00 4.00 -1313039.61 -1373248.05 184.44 233.42
284.00 4.00 -1313039.61 -1378615.72 184.44 233.42
288.00 4.00 -1313039.61 -1401034.37 184.44 233.42
292.00 4.00 -1313039.61 -1370936.39 184.44 233.42
296.00 4.00 -1313039.61 -1384935.77 184.44 233.42
300.00 4.00 -1313039.61 -1407368.60 184.44 233.42
304.00 4.00 -1313039.61 -1371348.02 184.44 233.42
308.00 4.00 -1313039.61 -1383172.18 184.44 233.42
309.00 4.00 -1313039.61 -1354342.56 184.44 233.42
311.00 4.00 -1313039.61 -1376094.85 184.44 233.42
315.00 4.00 -1313039.61 -1372908.72 184.44 233.42
319.00 4.00 -1313039.61 -1439461.14 184.44 233.42
323.00 4.00 -1313039.61 -1381061.37 184.44 233.42
327.00 4.00 -1313039.61 -1394286.29 184.44 233.42
331.00 4.00 -1313039.61 -1415272.79 184.44 233.42
335.00 4.00 -1313039.61 -1417799.51 184.44 233.42
339.00 4.00 -1313039.61 -1400638.10 184.44 233.42
340.00 4.00 -1313039.61 -1395573.22 184.44 233.42
342.00 4.00 -1313039.61 -1454401.61 184.44 233.42
346.00 4.00 -1313039.61 -1404130.51 184.44 233.42
350.00 4.00 -1313039.61 -1368018.16 184.44 233.42
354.00 4.00 -1313039.61 -1419105.60 184.44 233.42
358.00 4.00 -1313039.61 -1402524.00 184.44 233.42
362.00 4.00 -1313039.61 -1402931.99 184.44 233.42
366.00 4.00 -1313039.61 -1408680.66 184.44 233.42
370.00 4.00 -1313039.61 -1453896.58 184.44 233.42
371.00 4.00 -1313039.61 -1422987.34 184.44 233.42
373.00 4.00 -1313039.61 -1343320.99 184.44 233.42
377.00 4.00 -1313039.61 -1385301.08 184.44 233.42
381.00 4.00 -1313039.61 -1413000.15 184.44 233.42
385.00 4.00 -1313039.61 -1423539.98 184.44 233.42
389.00 4.00 -1313039.61 -1441105.87 184.44 233.42
393.00 4.00 -1313039.61 -1428355.56 184.44 233.42
397.00 4.00 -1313039.61 -1412467.64 184.44 233.42
401.00 4.00 -1313039.61 -1417517.77 184.44 233.42
402.00 4.00 -1313039.61 -1351948.44 184.44 233.42
404.00 4.00 -1313039.61 -1380629.69 184.44 233.42
408.00 4.00 -1313039.61 -1387995.45 184.44 233.42
412.00 4.00 -1313039.61 -1421796.70 184.44 233.42
416.00 4.00 -1313039.61 -1444890.89 184.44 233.42
420.00 4.00 -1313039.61 -1399502.86 184.44 233.42
424.00 5.00 -1313039.61 -1395333.40 184.44 233.42
428.00 5.00 -1313039.61 -1440128.67 184.44 233.42
432.00 5.00 -1313039.61 -1389681.95 184.44 233.42
433.00 5.00 -1313039.61 -1355569.53 184.44 233.42
435.00 5.00 -1313039.61 -1394821.85 184.44 233.42
438.00 5.00 -1313039.61 -1403986.80 184.44 233.42
442.00 6.00 -1308814.12 -1308814.12 180.52 233.42
446.00 6.00 -1308814.12 -1357964.17 180.52 233.42
450.00 6.00 -1308814.12 -1411509.80 180.52 233.42
454.00 6.00 -1308814.12 -1404640.84 180.52 233.42
458.00 6.00 -1308814.12 -1397895.39 180.52 233.42
462.00 6.00 -1308814.12 -1348403.71 180.52 233.42
464.00 6.00 -1308814.12 -1405533.30 180.52 233.42
466.00 6.00 -1308814.12 -1435799.91 180.52 233.42
470.00 6.00 -1308814.12 -1409817.99 180.52 233.42
474.00 6.00 -1308814.12 -1444136.57 180.52 233.42
478.00 6.00 -1308814.12 -1427317.74 180.52 233.42
482.00 6.00 -1308814.12 -1352238.56 180.52 233.42
486.00 6.00 -1308814.12 -1361117.76 180.52 233.42
490.00 6.00 -1308814.12 -1436729.18 180.52 233.42
494.00 7.00 -1295875.75 -1407883.03 169.01 233.42
495.00 7.00 -1295875.75 -1400476.28 169.01 233.42
497.00 7.00 -1295875.75 -1417868.36 169.01 233.42
501.00 7.00 -1295875.75 -1410967.77 169.01 233.42
505.00 7.00 -1295875.75 -1449831.72 169.01 233.42
509.00 7.00 -1295875.75 -1402448.46 169.01 233.42
513.00 7.00 -1295875.75 -1398699.48 169.01 233.42
517.00 7.00 -1295875.75 -1392636.26 169.01 233.42
521.00 7.00 -1295875.75 -1344945.18 169.01 233.42
525.00 8.00 -1295875.75 -1295875.75 169.01 233.42
526.00 8.00 -1295875.75 -1437625.42 169.01 233.42
528.00 8.00 -1295875.75 -1382803.90 169.01 233.42
532.00 8.00 -1295875.75 -1368593.06 169.01 233.42
536.00 8.00 -1295875.75 -1361536.26 169.01 233.42
540.00 8.00 -1295875.75 -1415434.74 169.01 233.42
544.00 8.00 -1295875.75 -1385029.09 169.01 233.42
548.00 8.00 -1295875.75 -1399627.88 169.01 233.42
552.00 8.00 -1295875.75 -1407204.18 169.01 233.42
556.00 9.00 -1295875.75 -1376898.05 169.01 233.42
557.00 9.00 -1295875.75 -1394701.92 169.01 233.42
559.00 9.00 -1295875.75 -1384188.24 169.01 233.42
563.00 9.00 -1295875.75 -1405521.33 169.01 233.42
567.00 9.00 -1295875.75 -1404782.92 169.01 233.42
571.00 9.00 -1295875.75 -1337982.93 169.01 233.42
575.00 9.00 -1295875.75 -1357713.24 169.01 233.42
579.00 9.00 -1295875.75 -1311607.14 169.01 233.42
583.00 10.00 -1295875.75 -1383580.41 169.01 233.42
587.00 11.00 -1295875.75 -1376013.45 169.01 233.42
588.00 11.00 -1295875.75 -1340277.57 169.01 233.42
590.00 11.00 -1295875.75 -1365883.70 169.01 233.42
594.00 11.00 -1295875.75 -1446169.51 169.01 233.42
598.00 11.00 -1295875.75 -1402454.86 169.01 233.42
602.00 11.00 -1295875.75 -1398034.14 169.01 233.42
606.00 11.00 -1295875.75 -1400838.60 169.01 233.42
610.00 12.00 -1295875.75 -1429675.67 169.01 233.42
614.00 12.00 -1295875.75 -1391345.07 169.01 233.42
618.00 12.00 -1295875.75 -1381827.91 169.01 233.42
619.00 12.00 -1295875.75 -1389381.35 169.01 233.42
621.00 12.00 -1295875.75 -1425421.19 169.01 233.42
