2.00 2.00 -1809344.88 -1891574.48 216.30 233.42
6.00 2.00 -1809344.88 -1944019.52 216.30 233.42
9.00 2.00 -1809344.88 -1836526.64 216.30 233.42
13.00 2.00 -1809344.88 -1903626.47 216.30 233.42
17.00 2.00 -1809344.88 -1837729.87 216.30 233.42
21.00 3.00 -1801231.99 -1863394.50 209.76 233.42
25.00 4.00 -1768482.14 -1881198.47 185.32 233.42
29.00 4.00 -1768482.14 -1833098.04 185.32 233.42
30.00 4.00 -1768482.14 -1874098.00 185.32 233.42
31.00 4.00 -1768482.14 -1833303.82 185.32 233.42
35.00 4.00 -1768482.14 -1867108.55 185.32 233.42
39.00 4.00 -1768482.14 -1882022.14 185.32 233.42
43.00 4.00 -1768482.14 -1839344.70 185.32 233.42
47.00 4.00 -1768482.14 -1889168.72 185.32 233.42
51.00 4.00 -1768482.14 -1857615.19 185.32 233.42
55.00 4.00 -1768482.14 -1875814.86 185.32 233.42
61.00 4.00 -1768482.14 -1845850.44 185.32 233.42
63.00 4.00 -1768482.14 -1842235.56 185.32 233.42
67.00 4.00 -1768482.14 -1834843.77 185.32 233.42
71.00 4.00 -1768482.14 -1849066.43 185.32 233.42
75.00 5.00 -1768482.14 -1950470.74 185.32 233.42
79.00 5.00 -1768482.14 -1925029.50 185.32 233.42
83.00 5.00 -1768482.14 -1923811.71 185.32 233.42
87.00 5.00 -1768482.14 -1942649.87 185.32 233.42
91.00 5.00 -1768482.14 -1891663.55 185.32 233.42
92.00 5.00 -1768482.14 -1854297.25 185.32 233.42
94.00 5.00 -1768482.14 -1875124.87 185.32 233.42
98.00 5.00 -1768482.14 -1865361.17 185.32 233.42
102.00 5.00 -1768482.14 -1891542.76 185.32 233.42
106.00 5.00 -1768482.14 -1837642.82 185.32 233.42
110.00 5.00 -1768482.14 -1950443.35 185.32 233.42
114.00 5.00 -1768482.14 -1847964.96 185.32 233.42
118.00 5.00 -1768482.14 -1870098.04 185.32 233.42
122.00 6.00 -1761639.34 -1761639.34 180.59 233.42
123.00 6.00 -1761639.34 -1823518.42 180.59 233.42
125.00 6.00 -1761639.34 -1835694.43 180.59 233.42
129.00 6.00 -1761639.34 -1882090.84 180.59 233.42
133.00 6.00 -1761639.34 -1895817.49 180.59 233.42
137.00 6.00 -1761639.34 -1874504.48 180.59 233.42
141.00 7.00 -1761639.34 -1824168.82 180.59 233.42
145.00 7.00 -1761639.34 -1852972.05 180.59 233.42
149.00 7.00 -1761639.34 -1841391.17 180.59 233.42
153.00 7.00 -1761639.34 -1878407.35 180.59 233.42
154.00 7.00 -1761639.34 -1863920.24 180.59 233.42
156.00 7.00 -1761639.34 -1948740.95 180.59 233.42
160.00 7.00 -1761639.34 -1850542.17 180.59 233.42
164.00 7.00 -1761639.34 -1916468.44 180.59 233.42
168.00 7.00 -1761639.34 -1876870.20 180.59 233.42
172.00 7.00 -1761639.34 -1885066.08 180.59 233.42
176.00 8.00 -1761639.34 -1761639.34 180.59 233.42
180.00 8.00 -1761639.34 -1868824.91 180.59 233.42
184.00 8.00 -1761639.34 -1812606.74 180.59 233.42
185.00 8.00 -1761639.34 -1862441.09 180.59 233.42
187.00 9.00 -1761639.34 -1932585.74 180.59 233.42
191.00 9.00 -1761639.34 -1850986.17 180.59 233.42
195.00 9.00 -1761639.34 -1870303.05 180.59 233.42
199.00 9.00 -1761639.34 -1882493.44 180.59 233.42
203.00 9.00 -1761639.34 -1858567.91 180.59 233.42
207.00 10.00 -1761639.34 -1814348.76 180.59 233.42
211.00 10.00 -1761639.34 -1798519.95 180.59 233.42
215.00 11.00 -1761639.34 -1888143.24 180.59 233.42
59.00 4.00 -1768482.14 -1899874.25 185.32 233.42
216.00 11.00 -1761639.34 -1950068.92 180.59 233.42
218.00 11.00 -1761639.34 -1907405.87 180.59 233.42
222.00 12.00 -1761639.34 -1878376.68 180.59 233.42
226.00 13.00 -1761639.34 -1824245.43 180.59 233.42
230.00 13.00 -1761639.34 -1886757.59 180.59 233.42
234.00 13.00 -1761639.34 -1846184.72 180.59 233.42
238.00 13.00 -1761639.34 -1922220.41 180.59 233.42
242.00 14.00 -1761639.34 -1908890.48 180.59 233.42
246.00 15.00 -1761639.34 -1880160.47 180.59 233.42
247.00 16.00 -1761639.34 -1761639.34 180.59 233.42
249.00 16.00 -1761639.34 -1869128.65 180.59 233.42
253.00 16.00 -1761639.34 -1818315.73 180.59 233.42
257.00 16.00 -1761639.34 -1878467.42 180.59 233.42
261.00 18.00 -1748700.27 -1946520.15 171.96 233.42
265.00 19.00 -1748700.27 -1821244.75 171.96 233.42
269.00 19.00 -1748700.27 -1868471.94 171.96 233.42
273.00 20.00 -1748700.27 -1841022.54 171.96 233.42
277.00 21.00 -1748700.27 -1908827.69 171.96 233.42
278.00 21.00 -1748700.27 -1857504.29 171.96 233.42
280.00 21.00 -1748700.27 -1859669.47 171.96 233.42
284.00 21.00 -1748700.27 -1916927.08 171.96 233.42
288.00 21.00 -1748700.27 -1895520.10 171.96 233.42
292.00 21.00 -1748700.27 -1854180.56 171.96 233.42
296.00 21.00 -1748700.27 -1903958.64 171.96 233.42
300.00 21.00 -1748700.27 -1892288.15 171.96 233.42
304.00 21.00 -1748700.27 -1842779.60 171.96 233.42
308.00 21.00 -1748700.27 -1892715.59 171.96 233.42
309.00 21.00 -1748700.27 -1883652.41 171.96 233.42
311.00 22.00 -1748700.27 -1748700.27 171.96 233.42
315.00 22.00 -1748700.27 -1872250.23 171.96 233.42
319.00 22.00 -1748700.27 -1885344.35 171.96 233.42
323.00 22.00 -1748700.27 -1896682.73 171.96 233.42
327.00 23.00 -1748700.27 -1882129.75 171.96 233.42
331.00 23.00 -1748700.27 -1874005.48 171.96 233.42
335.00 23.00 -1748700.27 -1906894.26 171.96 233.42
339.00 25.00 -1748700.27 -1748700.27 171.96 233.42
340.00 25.00 -1748700.27 -1833661.92 171.96 233.42
342.00 25.00 -1748700.27 -1867970.07 171.96 233.42
346.00 27.00 -1748700.27 -1859028.44 171.96 233.42
350.00 28.00 -1748700.27 -1862490.29 171.96 233.42
354.00 29.00 -1748700.27 -1839602.91 171.96 233.42
358.00 29.00 -1748700.27 -1877527.67 171.96 233.42
362.00 29.00 -1748700.27 -1787462.38 171.96 233.42
366.00 30.00 -1748700.27 -1848606.40 171.96 233.42
370.00 31.00 -1748700.27 -1871723.54 171.96 233.42
371.00 31.00 -1748700.27 -1886760.08 171.96 233.42
373.00 31.00 -1748700.27 -1853948.33 171.96 233.42
377.00 32.00 -1748700.27 -1842996.46 171.96 233.42
381.00 32.00 -1748700.27 -1858441.57 171.96 233.42
385.00 32.00 -1748700.27 -1862747.02 171.96 233.42
389.00 34.00 -1748700.27 -1845518.21 171.96 233.42
393.00 35.00 -1748700.27 -1748700.27 171.96 233.42
397.00 36.00 -1748700.27 -1876875.51 171.96 233.42
401.00 37.00 -1748700.27 -1838640.40 171.96 233.42
402.00 38.00 -1748700.27 -1748700.27 171.96 233.42
404.00 39.00 -1748700.27 -1889215.62 171.96 233.42
408.00 40.00 -1748700.27 -1748700.27 171.96 233.42
412.00 42.00 -1743419.43 -1846171.39 168.56 233.42
416.00 42.00 -1743419.43 -1825267.49 168.56 233.42
420.00 42.00 -1743419.43 -1892274.85 168.56 233.42
424.00 42.00 -1743419.43 -1826901.79 168.56 233.42
428.00 42.00 -1743419.43 -1911645.86 168.56 233.42
432.00 42.00 -1743419.43 -1891673.29 168.56 233.42
433.00 42.00 -1743419.43 -1802978.53 168.56 233.42
435.00 42.00 -1743419.43 -1850699.19 168.56 233.42
438.00 42.00 -1743419.43 -1821164.18 168.56 233.42
442.00 42.00 -1743419.43 -1852282.79 168.56 233.42
446.00 42.00 -1743419.43 -1787010.58 168.56 233.42
450.00 42.00 -1743419.43 -1898923.31 168.56 233.42
454.00 42.00 -1743419.43 -1790456.88 168.56 233.42
458.00 42.00 -1743419.43 -1823007.50 168.56 233.42
462.00 42.00 -1743419.43 -1873293.69 168.56 233.42
464.00 42.00 -1743419.43 -1899210.58 168.56 233.42
466.00 42.00 -1743419.43 -1850733.99 168.56 233.42
470.00 42.00 -1743419.43 -1907241.94 168.56 233.42
474.00 42.00 -1743419.43 -1858231.69 168.56 233.42
478.00 42.00 -1743419.43 -1889855.26 168.56 233.42
482.00 42.00 -1743419.43 -1883471.62 168.56 233.42
486.00 42.00 -1743419.43 -1831461.64 168.56 233.42
490.00 42.00 -1743419.43 -1822006.36 168.56 233.42
494.00 43.00 -1743419.43 -1861839.37 168.56 233.42
495.00 43.00 -1743419.43 -1827872.43 168.56 233.42
497.00 43.00 -1743419.43 -1847716.67 168.56 233.42
501.00 43.00 -1743419.43 -1796845.40 168.56 233.42
505.00 43.00 -1743419.43 -1816986.42 168.56 233.42
509.00 43.00 -1743419.43 -1847959.49 168.56 233.42
513.00 43.00 -1743419.43 -1899787.05 168.56 233.42
517.00 43.00 -1743419.43 -1893661.33 168.56 233.42
521.00 43.00 -1743419.43 -1861197.67 168.56 233.42
525.00 43.00 -1743419.43 -1950371.02 168.56 233.42
526.00 43.00 -1743419.43 -1836353.94 168.56 233.42
528.00 43.00 -1743419.43 -1885014.30 168.56 233.42
532.00 43.00 -1743419.43 -1832133.70 168.56 233.42
536.00 43.00 -1743419.43 -1879608.31 168.56 233.42
540.00 43.00 -1743419.43 -1784326.17 168.56 233.42
544.00 43.00 -1743419.43 -1868718.15 168.56 233.42
548.00 43.00 -1743419.43 -1818794.26 168.56 233.42
552.00 43.00 -1743419.43 -1954579.23 168.56 233.42
556.00 43.00 -1743419.43 -1874328.01 168.56 233.42
557.00 43.00 -1743419.43 -1906283.62 168.56 233.42
559.00 43.00 -1743419.43 -1885925.38 168.56 233.42
563.00 43.00 -1743419.43 -1890925.25 168.56 233.42
567.00 43.00 -1743419.43 -1845625.56 168.56 233.42
571.00 43.00 -1743419.43 -1861630.73 168.56 233.42
575.00 43.00 -1743419.43 -1908451.97 168.56 233.42
579.00 43.00 -1743419.43 -1879336.17 168.56 233.42
583.00 43.00 -1743419.43 -1937791.93 168.56 233.42
587.00 43.00 -1743419.43 -1866876.90 168.56 233.42
588.00 43.00 -1743419.43 -1865687.67 168.56 233.42
590.00 43.00 -1743419.43 -1846165.74 168.56 233.42
594.00 43.00 -1743419.43 -1850456.11 168.56 233.42
598.00 43.00 -1743419.43 -1884530.98 168.56 233.42
602.00 43.00 -1743419.43 -1935005.26 168.56 233.42
606.00 43.00 -1743419.43 -1789966.25 168.56 233.42
610.00 43.00 -1743419.43 -1890803.52 168.56 233.42
614.00 43.00 -1743419.43 -1821371.68 168.56 233.42
618.00 44.00 -1743419.43 -1853277.46 168.56 233.42
619.00 44.00 -1743419.43 -1922119.80 168.56 233.42
621.00 44.00 -1743419.43 -1880190.82 168.56 233.42
