1.00 0.00 -1047301.83 -1066406.39 0.00 0.00
5.00 1.00 -1005083.49 -1008250.89 225.75 233.42
9.00 1.00 -1005083.49 -1067131.21 225.75 233.42
13.00 1.00 -1005083.49 -1006677.09 225.75 233.42
17.00 1.00 -1005083.49 -1044341.27 225.75 233.42
21.00 1.00 -1005083.49 -1034001.91 225.75 233.42
25.00 1.00 -1005083.49 -1068232.29 225.75 233.42
29.00 1.00 -1005083.49 -1067965.49 225.75 233.42
30.00 1.00 -1005083.49 -1041041.50 225.75 233.42
31.00 1.00 -1005083.49 -1035750.82 225.75 233.42
35.00 2.00 -981851.29 -1060069.84 192.53 233.42
39.00 2.00 -981851.29 -1002772.43 192.53 233.42
43.00 3.00 -974405.77 -974405.77 182.96 233.42
47.00 3.00 -974405.77 -1023846.38 182.96 233.42
51.00 4.00 -974405.77 -1031801.37 182.96 233.42
55.00 4.00 -974405.77 -1052754.28 182.96 233.42
61.00 4.00 -974405.77 -1051961.16 182.96 233.42
63.00 4.00 -974405.77 -1040065.58 182.96 233.42
67.00 4.00 -974405.77 -1032378.48 182.96 233.42
71.00 4.00 -974405.77 -1056723.50 182.96 233.42
75.00 4.00 -974405.77 -1014876.95 182.96 233.42
79.00 4.00 -974405.77 -1031364.89 182.96 233.42
83.00 4.00 -974405.77 -1010296.93 182.96 233.42
87.00 4.00 -974405.77 -1033410.61 182.96 233.42
91.00 4.00 -974405.77 -1006978.71 182.96 233.42
92.00 4.00 -974405.77 -1072562.60 182.96 233.42
94.00 4.00 -974405.77 -1050075.34 182.96 233.42
98.00 4.00 -974405.77 -1034156.00 182.96 233.42
102.00 4.00 -974405.77 -1015848.78 182.96 233.42
106.00 4.00 -974405.77 -1047639.11 182.96 233.42
110.00 4.00 -974405.77 -1057395.08 182.96 233.42
114.00 4.00 -974405.77 -1044174.68 182.96 233.42
118.00 4.00 -974405.77 -1072785.56 182.96 233.42
122.00 4.00 -974405.77 -1048626.84 182.96 233.42
123.00 5.00 -972335.07 -972335.07 180.38 233.42
125.00 5.00 -972335.07 -992420.17 180.38 233.42
129.00 5.00 -972335.07 -1044456.04 180.38 233.42
133.00 5.00 -972335.07 -1024387.62 180.38 233.42
137.00 5.00 -972335.07 -1007625.55 180.38 233.42
141.00 5.00 -972335.07 -1012031.69 180.38 233.42
145.00 5.00 -972335.07 -1004508.32 180.38 233.42
149.00 6.00 -972335.07 -972335.07 180.38 233.42
153.00 6.00 -972335.07 -995387.59 180.38 233.42
154.00 6.00 -972335.07 -991973.02 180.38 233.42
156.00 6.00 -972335.07 -1041624.40 180.38 233.42
160.00 6.00 -972335.07 -1018589.80 180.38 233.42
164.00 6.00 -972335.07 -1064226.62 180.38 233.42
168.00 6.00 -972335.07 -1029267.58 180.38 233.42
172.00 7.00 -972335.07 -1002331.52 180.38 233.42
176.00 9.00 -972335.07 -972335.07 180.38 233.42
180.00 9.00 -972335.07 -986663.93 180.38 233.42
184.00 9.00 -972335.07 -1005604.30 180.38 233.42
185.00 9.00 -972335.07 -1049547.41 180.38 233.42
187.00 11.00 -972335.07 -972335.07 180.38 233.42
191.00 11.00 -972335.07 -1064110.01 180.38 233.42
195.00 12.00 -972335.07 -1057377.34 180.38 233.42
199.00 12.00 -972335.07 -1026690.06 180.38 233.42
203.00 14.00 -972335.07 -1025128.62 180.38 233.42
207.00 15.00 -972335.07 -972335.07 180.38 233.42
211.00 16.00 -972335.07 -1010246.90 180.38 233.42
215.00 18.00 -972335.07 -972335.07 180.38 233.42
59.00 4.00 -974405.77 -1010786.44 182.96 233.42
216.00 18.00 -972335.07 -991839.55 180.38 233.42
218.00 19.00 -972335.07 -972335.07 180.38 233.42
222.00 19.00 -972335.07 -1019134.95 180.38 233.42
226.00 19.00 -972335.07 -979591.56 180.38 233.42
230.00 20.00 -972335.07 -1069428.87 180.38 233.42
234.00 22.00 -972335.07 -1020580.69 180.38 233.42
238.00 22.00 -972335.07 -1043815.83 180.38 233.42
242.00 23.00 -972335.07 -1012536.35 180.38 233.42
246.00 23.00 -972335.07 -996969.10 180.38 233.42
247.00 23.00 -972335.07 -1023901.85 180.38 233.42
249.00 23.00 -972335.07 -1028339.74 180.38 233.42
253.00 24.00 -972335.07 -1008735.59 180.38 233.42
257.00 26.00 -972335.07 -1006075.36 180.38 233.42
261.00 26.00 -972335.07 -993430.38 180.38 233.42
265.00 27.00 -972335.07 -972335.07 180.38 233.42
269.00 29.00 -972335.07 -972335.07 180.38 233.42
273.00 29.00 -972335.07 -1015457.21 180.38 233.42
277.00 30.00 -972335.07 -1057662.44 180.38 233.42
278.00 30.00 -972335.07 -1026765.23 180.38 233.42
280.00 30.00 -972335.07 -994189.64 180.38 233.42
284.00 30.00 -972335.07 -1031147.74 180.38 233.42
288.00 30.00 -972335.07 -1011714.07 180.38 233.42
292.00 30.00 -972335.07 -1001277.45 180.38 233.42
296.00 31.00 -972335.07 -972335.07 180.38 233.42
300.00 31.00 -972335.07 -1048651.75 180.38 233.42
304.00 34.00 -972335.07 -972335.07 180.38 233.42
308.00 34.00 -972335.07 -1006193.40 180.38 233.42
309.00 34.00 -972335.07 -1045657.02 180.38 233.42
311.00 34.00 -972335.07 -1042615.33 180.38 233.42
315.00 34.00 -972335.07 -1048143.90 180.38 233.42
319.00 34.00 -972335.07 -1031492.22 180.38 233.42
323.00 34.00 -972335.07 -1001211.04 180.38 233.42
327.00 34.00 -972335.07 -1006341.88 180.38 233.42
331.00 34.00 -972335.07 -1030226.49 180.38 233.42
335.00 35.00 -972335.07 -1061204.87 180.38 233.42
339.00 36.00 -972335.07 -1047639.06 180.38 233.42
340.00 36.00 -972335.07 -1033364.00 180.38 233.42
342.00 36.00 -972335.07 -1015412.10 180.38 233.42
346.00 36.00 -972335.07 -1041253.71 180.38 233.42
350.00 37.00 -972335.07 -1072384.88 180.38 233.42
354.00 38.00 -972335.07 -1042293.74 180.38 233.42
358.00 38.00 -972335.07 -1037171.92 180.38 233.42
362.00 38.00 -972335.07 -1045033.42 180.38 233.42
366.00 39.00 -972335.07 -1073053.78 180.38 233.42
370.00 39.00 -972335.07 -1035529.50 180.38 233.42
371.00 39.00 -972335.07 -1037883.29 180.38 233.42
373.00 40.00 -972335.07 -972335.07 180.38 233.42
377.00 40.00 -972335.07 -1010247.34 180.38 233.42
381.00 40.00 -972335.07 -1037848.23 180.38 233.42
385.00 41.00 -972335.07 -972335.07 180.38 233.42
389.00 42.00 -972335.07 -1004242.74 180.38 233.42
393.00 43.00 -972335.07 -1008657.68 180.38 233.42
397.00 44.00 -972335.07 -1012802.90 180.38 233.42
401.00 44.00 -972335.07 -1068479.74 180.38 233.42
402.00 44.00 -972335.07 -1031552.32 180.38 233.42
404.00 44.00 -972335.07 -1077030.99 180.38 233.42
408.00 44.00 -972335.07 -1032638.63 180.38 233.42
412.00 44.00 -972335.07 -1026962.17 180.38 233.42
416.00 45.00 -972335.07 -997642.88 180.38 233.42
420.00 46.00 -969549.98 -969549.98 176.97 233.42
424.00 46.00 -969549.98 -1068259.84 176.97 233.42
428.00 46.00 -969549.98 -1066379.54 176.97 233.42
432.00 46.00 -969549.98 -1056987.66 176.97 233.42
433.00 46.00 -969549.98 -1038626.00 176.97 233.42
435.00 46.00 -969549.98 -1046711.45 176.97 233.42
438.00 46.00 -969549.98 -1029960.87 176.97 233.42
442.00 47.00 -969549.98 -1076411.39 176.97 233.42
446.00 47.00 -969549.98 -1049634.19 176.97 233.42
450.00 47.00 -969549.98 -1070007.34 176.97 233.42
454.00 47.00 -969549.98 -1023922.31 176.97 233.42
458.00 47.00 -969549.98 -1045431.66 176.97 233.42
462.00 47.00 -969549.98 -1017611.09 176.97 233.42
464.00 47.00 -969549.98 -1066746.22 176.97 233.42
466.00 47.00 -969549.98 -1033445.27 176.97 233.42
470.00 47.00 -969549.98 -1020050.45 176.97 233.42
474.00 47.00 -969549.98 -1029632.55 176.97 233.42
478.00 47.00 -969549.98 -1065326.55 176.97 233.42
482.00 47.00 -969549.98 -1010143.57 176.97 233.42
486.00 47.00 -969549.98 -1001794.05 176.97 233.42
490.00 47.00 -969549.98 -1075270.77 176.97 233.42
494.00 47.00 -969549.98 -1042854.15 176.97 233.42
495.00 47.00 -969549.98 -1072467.10 176.97 233.42
497.00 47.00 -969549.98 -1053821.75 176.97 233.42
501.00 47.00 -969549.98 -1018671.29 176.97 233.42
505.00 47.00 -969549.98 -1043137.34 176.97 233.42
509.00 47.00 -969549.98 -998230.67 176.97 233.42
513.00 47.00 -969549.98 -991229.54 176.97 233.42
517.00 47.00 -969549.98 -1032349.18 176.97 233.42
521.00 47.00 -969549.98 -1043696.55 176.97 233.42
525.00 47.00 -969549.98 -1038832.99 176.97 233.42
526.00 47.00 -969549.98 -1023060.91 176.97 233.42
528.00 47.00 -969549.98 -1035235.36 176.97 233.42
532.00 47.00 -969549.98 -1037863.54 176.97 233.42
536.00 47.00 -969549.98 -1035057.07 176.97 233.42
540.00 47.00 -969549.98 -1008284.66 176.97 233.42
544.00 47.00 -969549.98 -1062331.20 176.97 233.42
548.00 47.00 -969549.98 -1060682.79 176.97 233.42
552.00 47.00 -969549.98 -1016176.70 176.97 233.42
556.00 47.00 -969549.98 -998146.62 176.97 233.42
557.00 47.00 -969549.98 -1055753.57 176.97 233.42
559.00 47.00 -969549.98 -1054352.77 176.97 233.42
563.00 47.00 -969549.98 -1052492.94 176.97 233.42
567.00 47.00 -969549.98 -1045040.99 176.97 233.42
571.00 47.00 -969549.98 -1014387.82 176.97 233.42
575.00 47.00 -969549.98 -1023463.20 176.97 233.42
579.00 47.00 -969549.98 -1068824.59 176.97 233.42
583.00 47.00 -969549.98 -1043363.65 176.97 233.42
587.00 47.00 -969549.98 -1031788.95 176.97 233.42
588.00 47.00 -969549.98 -1031759.85 176.97 233.42
590.00 47.00 -969549.98 -1043185.64 176.97 233.42
594.00 47.00 -969549.98 -1030407.77 176.97 233.42
598.00 47.00 -969549.98 -1041794.66 176.97 233.42
602.00 47.00 -969549.98 -1056369.31 176.97 233.42
606.00 47.00 -969549.98 -1008005.32 176.97 233.42
610.00 47.00 -969549.98 -1044785.00 176.97 233.42
614.00 47.00 -969549.98 -1047301.12 176.97 233.42
618.00 47.00 -969549.98 -1057319.17 176.97 233.42
619.00 47.00 -969549.98 -1017879.26 176.97 233.42
621.00 47.00 -969549.98 -1056434.75 176.97 233.42
