635.54
565.72
565.72
524.30
391.59
391.59
391.59
191.34
164.34
164.34
164.34
164.34
133.96
133.96
132.95
132.95
132.95
132.95
132.95
132.95
132.95
132.95
132.95
132.95
132.95
132.95
132.95
132.95
132.95
132.95
132.95
132.95
132.95
132.95
132.95
132.95
132.95
132.95
132.95
132.95
132.95
108.44
108.44
108.44
108.44
108.44
108.44
108.44
108.44
108.44
108.44
108.44
108.44
108.44
108.44
109.15
107.44
107.44
107.44
107.44
107.44
107.44
107.44
107.44
107.44
107.44
107.44
107.44
107.44
107.44
107.44
107.44
107.44
107.44
107.44
107.44
107.44
107.44
107.44
100.57
100.57
100.57
100.57
100.57
100.57
100.57
100.57
100.57
100.57
100.57
100.57
100.57
100.57
100.57
100.57
100.57
100.57
100.57
100.57
100.57
100.57
100.57
100.57
100.57
100.57
100.57
100.57
100.57
100.57
100.57
100.57
100.57
100.57
100.57
100.57
100.57
100.57
100.57
100.57
100.57
100.57
100.57
100.57
