0.00
442.13
442.13
442.13
363.34
363.34
232.28
232.28
199.25
199.25
173.54
173.54
173.54
173.54
173.54
173.54
173.54
173.54
173.54
173.54
173.54
173.54
173.54
173.54
173.54
173.54
173.54
152.52
152.52
152.52
152.52
152.52
152.52
152.52
152.52
152.52
152.52
152.52
152.52
152.52
137.32
137.32
137.32
135.92
135.92
135.92
135.92
135.92
128.33
128.33
128.33
128.33
128.33
128.33
128.33
128.33
128.33
128.33
128.33
128.33
128.33
128.33
128.33
129.07
129.07
129.07
129.07
129.07
107.20
107.20
107.20
107.20
107.20
107.20
107.20
107.20
107.20
103.50
103.50
103.50
103.50
103.50
103.50
103.50
103.50
103.50
103.50
103.50
103.50
103.50
103.50
103.50
103.50
103.50
98.59
98.59
98.59
98.59
98.59
98.59
98.59
98.59
98.59
100.83
100.83
100.83
100.83
100.83
100.83
100.83
100.83
100.83
100.83
100.83
100.83
100.83
100.83
100.83
100.83
100.83
100.83
100.83
100.83
