765.00
765.00
603.17
401.49
401.49
264.41
264.41
182.84
182.84
182.84
182.84
182.84
182.84
182.84
182.84
182.84
182.84
182.84
182.84
163.43
163.43
163.43
163.43
163.43
163.43
163.43
156.46
156.46
156.46
156.46
157.29
134.72
134.72
134.72
132.94
132.94
132.94
132.94
132.94
132.94
132.94
132.94
132.94
132.94
132.94
132.94
132.94
132.94
132.94
132.94
132.94
132.94
132.94
132.94
132.94
132.94
132.94
132.94
132.94
132.94
132.94
132.94
132.94
132.94
132.94
132.94
132.94
130.51
130.51
130.51
130.51
130.51
130.51
130.51
130.51
130.51
130.51
130.51
130.51
130.51
130.51
130.51
130.51
130.51
130.51
130.51
130.51
130.51
117.65
117.65
117.65
117.65
117.65
117.65
117.65
117.65
117.65
117.65
117.65
117.65
117.65
117.65
117.65
117.65
117.65
117.65
117.65
117.65
117.65
117.65
117.65
117.65
117.65
117.65
117.65
117.65
117.65
117.65
117.65
117.65
117.65
107.58
107.58
