0.00
782.33
752.46
752.46
752.46
742.28
164.00
164.00
155.36
155.36
153.30
134.64
134.64
134.64
134.64
134.64
130.07
130.07
130.07
130.07
130.07
130.07
130.07
131.42
131.42
131.42
131.42
131.42
131.42
131.42
131.42
131.42
131.42
131.42
131.42
131.42
131.42
131.42
103.42
103.42
103.42
103.42
103.42
103.42
103.42
103.42
103.42
103.42
103.42
103.42
103.42
103.42
103.42
103.42
103.42
103.42
103.42
103.42
103.42
103.42
103.42
103.42
103.42
103.42
103.42
103.42
103.42
103.42
103.42
103.42
103.42
103.42
103.42
103.42
103.42
103.42
103.42
103.42
103.42
103.42
103.42
103.42
103.42
103.42
103.42
103.42
103.42
103.42
103.42
103.42
103.42
103.42
103.42
103.42
103.42
103.42
103.42
103.42
100.68
100.68
98.00
98.00
98.00
98.00
98.00
98.00
98.00
98.00
98.00
98.00
98.00
98.00
97.65
97.65
97.65
97.65
97.65
97.65
97.65
97.65
97.65
97.65
97.65
