0.00
0.00
811.83
811.83
594.14
434.38
270.76
270.76
270.76
270.76
162.11
162.11
162.11
162.11
162.11
155.51
155.51
155.51
155.51
146.86
146.86
135.63
135.63
135.28
135.28
135.28
135.28
135.28
135.28
135.28
135.28
135.28
135.28
135.28
127.13
127.13
127.13
127.13
127.13
127.13
102.98
102.98
102.98
102.98
102.98
102.98
102.98
102.98
105.17
105.17
105.17
105.17
105.17
105.17
105.17
105.17
105.17
105.17
105.17
99.74
99.74
99.74
99.74
99.74
99.74
99.74
99.74
99.74
99.74
99.74
99.74
99.74
99.74
99.74
99.74
99.74
99.74
99.74
99.74
99.74
99.74
99.74
99.74
99.74
99.74
99.74
99.74
99.74
99.74
99.74
99.74
99.74
99.74
99.74
99.74
99.74
98.73
98.73
98.73
98.73
98.73
98.73
98.73
98.73
98.73
98.73
98.73
98.73
98.73
98.73
98.73
98.73
98.73
98.73
98.73
98.73
98.73
98.73
98.73
98.73
98.73
98.73
98.73
