834.28
828.39
828.39
828.39
535.11
535.11
401.75
291.10
291.10
291.10
291.10
193.10
185.50
166.53
166.53
139.53
139.53
139.53
139.53
134.58
134.58
134.58
134.58
134.58
134.58
127.49
127.49
124.05
124.05
124.05
124.05
124.05
124.05
124.05
124.05
124.05
124.05
124.05
124.05
124.05
124.05
124.05
124.05
124.05
124.05
124.05
124.05
124.05
124.05
124.05
124.05
124.05
106.26
106.26
106.26
106.26
106.26
106.39
106.39
111.51
111.51
111.51
105.20
105.20
105.20
105.20
105.20
105.20
105.20
105.20
105.20
105.20
105.20
105.20
105.20
105.20
105.20
105.20
105.20
105.20
105.20
105.20
105.20
105.20
105.20
105.20
105.20
105.20
105.20
105.20
105.20
105.20
105.20
105.20
105.20
105.20
105.20
105.20
105.20
105.20
105.20
105.20
105.20
105.20
105.20
105.20
105.20
105.20
105.20
105.20
105.20
105.20
105.20
105.20
105.20
105.20
105.20
105.20
105.20
105.20
105.20
105.20
105.20
105.20
