0.00
0.00
752.04
317.70
183.53
160.35
160.35
160.35
160.35
160.35
160.35
160.35
160.35
157.42
157.42
157.42
157.42
157.42
157.42
157.42
157.42
157.42
139.14
126.80
126.80
126.80
126.80
126.80
126.80
126.80
126.80
126.80
126.80
126.80
126.80
126.80
126.80
126.80
126.80
107.30
107.30
107.30
107.30
107.30
105.56
105.56
105.56
105.56
105.56
105.56
105.56
105.56
105.56
105.56
105.56
105.56
105.56
105.56
105.56
105.56
105.56
105.56
105.56
105.56
105.56
105.13
105.13
105.13
105.13
105.13
105.13
98.70
98.70
98.70
98.70
98.70
98.70
98.70
98.70
98.70
98.70
98.70
98.70
98.70
98.70
98.70
98.70
98.70
98.70
99.86
99.86
108.46
108.46
108.46
108.46
108.46
108.46
108.46
108.46
108.46
108.46
108.46
108.46
108.46
108.46
108.46
108.46
108.46
108.46
108.46
108.46
108.46
108.46
108.46
108.46
108.46
108.46
108.46
108.46
108.46
108.46
108.46
108.46
