0.00 0.00 -91033.94 -91145.73 0.00 0.00
1.00 1.00 -84020.05 -84020.05 442.13 78.62
2.00 1.00 -84020.05 -84413.38 442.13 78.62
3.00 1.00 -84020.05 -84319.00 442.13 78.62
4.00 2.00 -81995.23 -81995.23 363.34 80.63
5.00 2.00 -81995.23 -86207.72 363.34 80.63
6.00 3.00 -77377.55 -77377.55 232.28 85.78
7.00 3.00 -77377.55 -79796.49 232.28 85.78
8.00 4.00 -75816.45 -75816.45 199.25 89.71
9.00 4.00 -75816.45 -76526.07 199.25 89.71
10.00 5.00 -74287.68 -74287.68 173.54 82.53
11.00 5.00 -74287.68 -75199.70 173.54 82.53
12.00 5.00 -74287.68 -76049.87 173.54 82.53
13.00 5.00 -74287.68 -80500.64 173.54 82.53
14.00 5.00 -74287.68 -84757.66 173.54 82.53
15.00 5.00 -74287.68 -83940.23 173.54 82.53
16.00 5.00 -74287.68 -75873.90 173.54 82.53
17.00 5.00 -74287.68 -83632.39 173.54 82.53
18.00 5.00 -74287.68 -84174.48 173.54 82.53
19.00 5.00 -74287.68 -83046.77 173.54 82.53
20.00 5.00 -74287.68 -77628.36 173.54 82.53
21.00 5.00 -74287.68 -83284.68 173.54 82.53
22.00 5.00 -74287.68 -81030.06 173.54 82.53
23.00 5.00 -74287.68 -82500.55 173.54 82.53
24.00 5.00 -74287.68 -75502.26 173.54 82.53
25.00 5.00 -74287.68 -80654.48 173.54 82.53
26.00 5.00 -74287.68 -77613.27 173.54 82.53
27.00 6.00 -72740.53 -72740.53 152.52 67.82
28.00 6.00 -72740.53 -79829.17 152.52 67.82
29.00 6.00 -72740.53 -77368.50 152.52 67.82
30.00 6.00 -72740.53 -79524.61 152.52 67.82
31.00 6.00 -72740.53 -74551.92 152.52 67.82
32.00 6.00 -72740.53 -74457.31 152.52 67.82
33.00 6.00 -72740.53 -76103.51 152.52 67.82
34.00 6.00 -72740.53 -79213.09 152.52 67.82
35.00 6.00 -72740.53 -79394.56 152.52 67.82
36.00 6.00 -72740.53 -86535.48 152.52 67.82
37.00 6.00 -72740.53 -77400.20 152.52 67.82
38.00 6.00 -72740.53 -77748.06 152.52 67.82
39.00 6.00 -72740.53 -80618.65 152.52 67.82
40.00 7.00 -71606.78 -71606.78 137.32 65.83
41.00 7.00 -71606.78 -80367.30 137.32 65.83
42.00 7.00 -71606.78 -87674.56 137.32 65.83
43.00 8.00 -71574.02 -71574.02 135.92 71.06
44.00 8.00 -71574.02 -80825.33 135.92 71.06
45.00 8.00 -71574.02 -80566.50 135.92 71.06
46.00 8.00 -71574.02 -74981.60 135.92 71.06
47.00 8.00 -71574.02 -72493.99 135.92 71.06
48.00 9.00 -70818.75 -70818.75 128.33 61.23
49.00 9.00 -70818.75 -80794.02 128.33 61.23
50.00 9.00 -70818.75 -85186.20 128.33 61.23
51.00 9.00 -70818.75 -73219.73 128.33 61.23
52.00 9.00 -70818.75 -83675.83 128.33 61.23
53.00 9.00 -70818.75 -80238.80 128.33 61.23
54.00 9.00 -70818.75 -89275.55 128.33 61.23
55.00 9.00 -70818.75 -71044.71 128.33 61.23
56.00 9.00 -70818.75 -71473.94 128.33 61.23
57.00 9.00 -70818.75 -77056.94 128.33 61.23
58.00 9.00 -70818.75 -75146.23 128.33 61.23
59.00 9.00 -70818.75 -80964.26 128.33 61.23
60.00 9.00 -70818.75 -71083.96 128.33 61.23
61.00 9.00 -70818.75 -75546.92 128.33 61.23
62.00 9.00 -70818.75 -77304.15 128.33 61.23
63.00 10.00 -70636.62 -70636.62 129.07 48.19
64.00 10.00 -70636.62 -84122.61 129.07 48.19
65.00 10.00 -70636.62 -75632.98 129.07 48.19
66.00 10.00 -70636.62 -90555.71 129.07 48.19
67.00 10.00 -70636.62 -87270.46 129.07 48.19
68.00 11.00 -68472.81 -68472.81 107.20 38.76
69.00 11.00 -68472.81 -83730.19 107.20 38.76
70.00 11.00 -68472.81 -80157.99 107.20 38.76
71.00 11.00 -68472.81 -74983.70 107.20 38.76
72.00 11.00 -68472.81 -79627.32 107.20 38.76
73.00 11.00 -68472.81 -83188.45 107.20 38.76
74.00 11.00 -68472.81 -78216.98 107.20 38.76
75.00 11.00 -68472.81 -77732.33 107.20 38.76
76.00 11.00 -68472.81 -78870.83 107.20 38.76
77.00 12.00 -68465.20 -68465.20 103.50 54.95
78.00 12.00 -68465.20 -77328.36 103.50 54.95
79.00 12.00 -68465.20 -75842.47 103.50 54.95
80.00 12.00 -68465.20 -84447.88 103.50 54.95
81.00 12.00 -68465.20 -91793.60 103.50 54.95
82.00 12.00 -68465.20 -80493.95 103.50 54.95
83.00 12.00 -68465.20 -82023.55 103.50 54.95
84.00 12.00 -68465.20 -80982.53 103.50 54.95
85.00 12.00 -68465.20 -80087.22 103.50 54.95
86.00 12.00 -68465.20 -87461.13 103.50 54.95
87.00 12.00 -68465.20 -75286.55 103.50 54.95
88.00 12.00 -68465.20 -78757.35 103.50 54.95
89.00 12.00 -68465.20 -77941.59 103.50 54.95
90.00 12.00 -68465.20 -80038.87 103.50 54.95
91.00 13.00 -68465.20 -68465.20 103.50 54.95
92.00 13.00 -68465.20 -77291.17 103.50 54.95
93.00 13.00 -68465.20 -70138.01 103.50 54.95
94.00 14.00 -67408.33 -67408.33 98.59 31.04
95.00 14.00 -67408.33 -69109.16 98.59 31.04
96.00 14.00 -67408.33 -79025.90 98.59 31.04
97.00 14.00 -67408.33 -74654.26 98.59 31.04
98.00 14.00 -67408.33 -75293.15 98.59 31.04
99.00 14.00 -67408.33 -67533.63 98.59 31.04
100.00 14.00 -67408.33 -75816.34 98.59 31.04
101.00 14.00 -67408.33 -75583.33 98.59 31.04
102.00 14.00 -67408.33 -83683.97 98.59 31.04
103.00 15.00 -67294.77 -67294.77 100.83 20.99
104.00 15.00 -67294.77 -74478.07 100.83 20.99
105.00 15.00 -67294.77 -71574.46 100.83 20.99
106.00 15.00 -67294.77 -76072.70 100.83 20.99
107.00 15.00 -67294.77 -74101.96 100.83 20.99
108.00 15.00 -67294.77 -71476.70 100.83 20.99
109.00 15.00 -67294.77 -70245.20 100.83 20.99
110.00 15.00 -67294.77 -88057.22 100.83 20.99
111.00 15.00 -67294.77 -78658.00 100.83 20.99
112.00 15.00 -67294.77 -68872.94 100.83 20.99
113.00 15.00 -67294.77 -85362.98 100.83 20.99
114.00 15.00 -67294.77 -76321.53 100.83 20.99
115.00 15.00 -67294.77 -67848.12 100.83 20.99
116.00 15.00 -67294.77 -77072.68 100.83 20.99
117.00 15.00 -67294.77 -76096.27 100.83 20.99
118.00 15.00 -67294.77 -76357.88 100.83 20.99
119.00 15.00 -67294.77 -77251.77 100.83 20.99
120.00 15.00 -67294.77 -77291.80 100.83 20.99
121.00 15.00 -67294.77 -67745.46 100.83 20.99
122.00 15.00 -67294.77 -75300.62 100.83 20.99
