0.00 1.00 -162251.99 -162251.99 765.00 66.52
1.00 1.00 -162251.99 -162334.18 765.00 66.52
2.00 2.00 -157930.76 -157930.76 603.17 72.47
3.00 3.00 -150141.06 -150141.06 401.49 69.59
4.00 3.00 -150141.06 -155435.38 401.49 69.59
5.00 4.00 -142438.11 -142438.11 264.41 77.77
6.00 4.00 -142438.11 -147598.58 264.41 77.77
7.00 5.00 -135562.78 -135562.78 182.84 82.80
8.00 5.00 -135562.78 -140707.37 182.84 82.80
9.00 5.00 -135562.78 -135853.48 182.84 82.80
10.00 5.00 -135562.78 -136362.51 182.84 82.80
11.00 5.00 -135562.78 -145574.32 182.84 82.80
12.00 5.00 -135562.78 -140645.19 182.84 82.80
13.00 5.00 -135562.78 -148167.52 182.84 82.80
14.00 5.00 -135562.78 -136626.20 182.84 82.80
15.00 5.00 -135562.78 -145553.37 182.84 82.80
16.00 5.00 -135562.78 -153532.73 182.84 82.80
17.00 5.00 -135562.78 -150099.28 182.84 82.80
18.00 5.00 -135562.78 -140596.16 182.84 82.80
19.00 6.00 -133373.47 -133373.47 163.43 79.88
20.00 6.00 -133373.47 -147533.05 163.43 79.88
21.00 6.00 -133373.47 -140521.40 163.43 79.88
22.00 6.00 -133373.47 -147949.80 163.43 79.88
23.00 6.00 -133373.47 -140490.84 163.43 79.88
24.00 6.00 -133373.47 -140519.40 163.43 79.88
25.00 6.00 -133373.47 -145804.69 163.43 79.88
26.00 7.00 -132478.85 -132478.85 156.46 76.78
27.00 7.00 -132478.85 -149944.13 156.46 76.78
28.00 7.00 -132478.85 -137262.43 156.46 76.78
29.00 7.00 -132478.85 -146013.50 156.46 76.78
30.00 8.00 -132385.73 -132385.73 157.29 69.14
31.00 9.00 -129488.11 -129488.11 134.72 71.18
32.00 9.00 -129488.11 -143143.80 134.72 71.18
33.00 9.00 -129488.11 -141907.52 134.72 71.18
34.00 10.00 -129130.28 -129130.28 132.94 67.31
35.00 10.00 -129130.28 -141906.86 132.94 67.31
36.00 10.00 -129130.28 -141633.09 132.94 67.31
37.00 10.00 -129130.28 -133110.77 132.94 67.31
38.00 10.00 -129130.28 -139737.64 132.94 67.31
39.00 10.00 -129130.28 -134966.04 132.94 67.31
40.00 10.00 -129130.28 -137794.13 132.94 67.31
41.00 10.00 -129130.28 -139885.06 132.94 67.31
42.00 10.00 -129130.28 -129534.88 132.94 67.31
43.00 10.00 -129130.28 -131164.14 132.94 67.31
44.00 10.00 -129130.28 -166591.16 132.94 67.31
45.00 10.00 -129130.28 -146182.72 132.94 67.31
46.00 10.00 -129130.28 -147270.91 132.94 67.31
47.00 10.00 -129130.28 -149162.91 132.94 67.31
48.00 11.00 -129130.28 -129130.28 132.94 67.31
49.00 11.00 -129130.28 -138981.30 132.94 67.31
50.00 11.00 -129130.28 -175672.17 132.94 67.31
51.00 11.00 -129130.28 -141310.33 132.94 67.31
52.00 11.00 -129130.28 -149389.11 132.94 67.31
53.00 11.00 -129130.28 -152687.36 132.94 67.31
54.00 11.00 -129130.28 -145738.14 132.94 67.31
55.00 11.00 -129130.28 -148966.41 132.94 67.31
56.00 11.00 -129130.28 -130405.09 132.94 67.31
57.00 11.00 -129130.28 -144981.91 132.94 67.31
58.00 11.00 -129130.28 -141385.94 132.94 67.31
59.00 11.00 -129130.28 -138433.89 132.94 67.31
60.00 11.00 -129130.28 -142401.07 132.94 67.31
61.00 11.00 -129130.28 -153856.27 132.94 67.31
62.00 11.00 -129130.28 -146313.44 132.94 67.31
63.00 11.00 -129130.28 -140415.43 132.94 67.31
64.00 11.00 -129130.28 -144604.91 132.94 67.31
65.00 11.00 -129130.28 -145344.74 132.94 67.31
66.00 11.00 -129130.28 -140841.80 132.94 67.31
67.00 12.00 -128199.78 -128199.78 130.51 49.15
68.00 12.00 -128199.78 -169731.08 130.51 49.15
69.00 12.00 -128199.78 -150857.41 130.51 49.15
70.00 12.00 -128199.78 -152254.73 130.51 49.15
71.00 12.00 -128199.78 -148699.44 130.51 49.15
72.00 12.00 -128199.78 -147258.66 130.51 49.15
73.00 12.00 -128199.78 -147872.19 130.51 49.15
74.00 12.00 -128199.78 -151440.60 130.51 49.15
75.00 12.00 -128199.78 -146056.73 130.51 49.15
76.00 12.00 -128199.78 -142820.00 130.51 49.15
77.00 12.00 -128199.78 -160678.27 130.51 49.15
78.00 12.00 -128199.78 -166756.09 130.51 49.15
79.00 12.00 -128199.78 -148069.22 130.51 49.15
80.00 12.00 -128199.78 -150214.78 130.51 49.15
81.00 12.00 -128199.78 -151012.34 130.51 49.15
82.00 12.00 -128199.78 -153887.18 130.51 49.15
83.00 12.00 -128199.78 -142824.42 130.51 49.15
84.00 12.00 -128199.78 -147517.71 130.51 49.15
85.00 12.00 -128199.78 -165388.23 130.51 49.15
86.00 12.00 -128199.78 -149622.35 130.51 49.15
87.00 12.00 -128199.78 -148061.53 130.51 49.15
88.00 13.00 -124187.08 -124187.08 117.65 16.74
89.00 13.00 -124187.08 -137711.72 117.65 16.74
90.00 13.00 -124187.08 -144227.26 117.65 16.74
91.00 13.00 -124187.08 -133859.97 117.65 16.74
93.00 13.00 -124187.08 -142112.31 117.65 16.74
94.00 13.00 -124187.08 -141395.00 117.65 16.74
92.00 13.00 -124187.08 -153607.42 117.65 16.74
95.00 14.00 -124187.08 -124187.08 117.65 16.74
96.00 14.00 -124187.08 -149429.23 117.65 16.74
97.00 14.00 -124187.08 -148112.92 117.65 16.74
98.00 14.00 -124187.08 -141084.47 117.65 16.74
99.00 14.00 -124187.08 -139672.00 117.65 16.74
100.00 14.00 -124187.08 -152028.20 117.65 16.74
101.00 14.00 -124187.08 -134214.72 117.65 16.74
102.00 14.00 -124187.08 -152017.39 117.65 16.74
103.00 14.00 -124187.08 -142717.33 117.65 16.74
104.00 14.00 -124187.08 -141398.39 117.65 16.74
105.00 14.00 -124187.08 -148550.95 117.65 16.74
106.00 14.00 -124187.08 -137178.39 117.65 16.74
107.00 14.00 -124187.08 -151839.69 117.65 16.74
108.00 14.00 -124187.08 -157627.40 117.65 16.74
109.00 14.00 -124187.08 -124518.30 117.65 16.74
110.00 14.00 -124187.08 -152549.55 117.65 16.74
111.00 14.00 -124187.08 -145640.41 117.65 16.74
112.00 14.00 -124187.08 -142310.00 117.65 16.74
113.00 14.00 -124187.08 -133721.61 117.65 16.74
114.00 14.00 -124187.08 -165948.73 117.65 16.74
115.00 14.00 -124187.08 -144631.22 117.65 16.74
116.00 14.00 -124187.08 -146330.56 117.65 16.74
117.00 14.00 -124187.08 -147718.80 117.65 16.74
118.00 14.00 -124187.08 -130283.94 117.65 16.74
119.00 14.00 -124187.08 -138879.40 117.65 16.74
120.00 14.00 -124187.08 -163204.92 117.65 16.74
121.00 15.00 -122305.61 -122305.61 107.58 11.17
122.00 16.00 -122305.61 -122305.61 107.58 11.17
