0.00 1.00 -180005.04 -180005.04 834.28 47.46
1.00 2.00 -179804.37 -179804.37 828.39 46.75
2.00 2.00 -179804.37 -187528.29 828.39 46.75
3.00 2.00 -179804.37 -184531.82 828.39 46.75
4.00 3.00 -171384.49 -171384.49 535.11 58.94
5.00 3.00 -171384.49 -182913.89 535.11 58.94
6.00 4.00 -165047.80 -165047.80 401.75 49.31
7.00 5.00 -158911.97 -158911.97 291.10 65.29
8.00 5.00 -158911.97 -171152.05 291.10 65.29
9.00 5.00 -158911.97 -163846.60 291.10 65.29
10.00 5.00 -158911.97 -173853.24 291.10 65.29
11.00 6.00 -150671.40 -150671.40 193.10 76.81
12.00 7.00 -150010.97 -150010.97 185.50 84.30
13.00 8.00 -147416.50 -147416.50 166.53 71.03
14.00 8.00 -147416.50 -152787.63 166.53 71.03
15.00 9.00 -143748.09 -143748.09 139.53 72.71
16.00 9.00 -143748.09 -165736.71 139.53 72.71
17.00 9.00 -143748.09 -148983.29 139.53 72.71
18.00 9.00 -143748.09 -161903.69 139.53 72.71
19.00 10.00 -142748.55 -142748.55 134.58 63.95
20.00 10.00 -142748.55 -160075.61 134.58 63.95
21.00 10.00 -142748.55 -160119.00 134.58 63.95
22.00 10.00 -142748.55 -154033.89 134.58 63.95
23.00 10.00 -142748.55 -160711.84 134.58 63.95
24.00 10.00 -142748.55 -161198.02 134.58 63.95
25.00 11.00 -141664.90 -141664.90 127.49 66.34
26.00 11.00 -141664.90 -157781.78 127.49 66.34
27.00 12.00 -140956.03 -140956.03 124.05 61.57
28.00 12.00 -140956.03 -142768.98 124.05 61.57
29.00 12.00 -140956.03 -148135.08 124.05 61.57
30.00 12.00 -140956.03 -156423.41 124.05 61.57
31.00 12.00 -140956.03 -156794.25 124.05 61.57
32.00 12.00 -140956.03 -157320.12 124.05 61.57
33.00 12.00 -140956.03 -141443.33 124.05 61.57
34.00 12.00 -140956.03 -156704.16 124.05 61.57
35.00 12.00 -140956.03 -156902.69 124.05 61.57
36.00 12.00 -140956.03 -156175.62 124.05 61.57
37.00 12.00 -140956.03 -161140.40 124.05 61.57
38.00 12.00 -140956.03 -152668.65 124.05 61.57
39.00 12.00 -140956.03 -152099.10 124.05 61.57
40.00 12.00 -140956.03 -160201.56 124.05 61.57
41.00 12.00 -140956.03 -157645.82 124.05 61.57
42.00 12.00 -140956.03 -160060.84 124.05 61.57
43.00 12.00 -140956.03 -157047.58 124.05 61.57
44.00 12.00 -140956.03 -161422.86 124.05 61.57
45.00 12.00 -140956.03 -179141.55 124.05 61.57
46.00 12.00 -140956.03 -141494.73 124.05 61.57
47.00 12.00 -140956.03 -146233.84 124.05 61.57
48.00 12.00 -140956.03 -161520.77 124.05 61.57
49.00 12.00 -140956.03 -153308.62 124.05 61.57
50.00 12.00 -140956.03 -155432.66 124.05 61.57
51.00 12.00 -140956.03 -161811.14 124.05 61.57
52.00 13.00 -137597.82 -137597.82 106.26 58.31
53.00 13.00 -137597.82 -175097.87 106.26 58.31
54.00 13.00 -137597.82 -161432.25 106.26 58.31
55.00 13.00 -137597.82 -160722.12 106.26 58.31
56.00 13.00 -137597.82 -174842.76 106.26 58.31
57.00 14.00 -137065.08 -137065.08 106.39 43.60
58.00 14.00 -137065.08 -166247.97 106.39 43.60
59.00 15.00 -136264.78 -136264.78 111.51 19.63
60.00 15.00 -136264.78 -191134.38 111.51 19.63
61.00 15.00 -136264.78 -150454.59 111.51 19.63
62.00 16.00 -133681.70 -133681.70 105.20 10.19
63.00 16.00 -133681.70 -164341.90 105.20 10.19
64.00 16.00 -133681.70 -138921.99 105.20 10.19
65.00 16.00 -133681.70 -146859.22 105.20 10.19
66.00 16.00 -133681.70 -145917.59 105.20 10.19
67.00 16.00 -133681.70 -146809.09 105.20 10.19
68.00 16.00 -133681.70 -151787.69 105.20 10.19
69.00 16.00 -133681.70 -134019.53 105.20 10.19
70.00 16.00 -133681.70 -144066.38 105.20 10.19
71.00 16.00 -133681.70 -144057.84 105.20 10.19
72.00 16.00 -133681.70 -169958.60 105.20 10.19
73.00 16.00 -133681.70 -185883.11 105.20 10.19
74.00 16.00 -133681.70 -157797.41 105.20 10.19
75.00 16.00 -133681.70 -161070.72 105.20 10.19
76.00 16.00 -133681.70 -139303.92 105.20 10.19
77.00 16.00 -133681.70 -153916.97 105.20 10.19
78.00 16.00 -133681.70 -136437.80 105.20 10.19
79.00 16.00 -133681.70 -147855.12 105.20 10.19
80.00 16.00 -133681.70 -134571.82 105.20 10.19
81.00 16.00 -133681.70 -147292.41 105.20 10.19
82.00 16.00 -133681.70 -154070.04 105.20 10.19
83.00 16.00 -133681.70 -147574.89 105.20 10.19
84.00 16.00 -133681.70 -146684.91 105.20 10.19
85.00 16.00 -133681.70 -145236.91 105.20 10.19
86.00 16.00 -133681.70 -178839.82 105.20 10.19
87.00 16.00 -133681.70 -152561.48 105.20 10.19
88.00 16.00 -133681.70 -142392.07 105.20 10.19
89.00 16.00 -133681.70 -180983.17 105.20 10.19
90.00 16.00 -133681.70 -159682.80 105.20 10.19
91.00 16.00 -133681.70 -167751.33 105.20 10.19
92.00 16.00 -133681.70 -167660.73 105.20 10.19
93.00 16.00 -133681.70 -174155.31 105.20 10.19
94.00 16.00 -133681.70 -158738.44 105.20 10.19
95.00 16.00 -133681.70 -157363.36 105.20 10.19
96.00 16.00 -133681.70 -162221.03 105.20 10.19
97.00 16.00 -133681.70 -145896.80 105.20 10.19
98.00 16.00 -133681.70 -178545.83 105.20 10.19
99.00 16.00 -133681.70 -146753.80 105.20 10.19
100.00 16.00 -133681.70 -142392.07 105.20 10.19
101.00 16.00 -133681.70 -165825.03 105.20 10.19
102.00 16.00 -133681.70 -164542.11 105.20 10.19
103.00 16.00 -133681.70 -155363.99 105.20 10.19
104.00 16.00 -133681.70 -144565.88 105.20 10.19
105.00 16.00 -133681.70 -135712.68 105.20 10.19
106.00 16.00 -133681.70 -148929.72 105.20 10.19
107.00 16.00 -133681.70 -135699.55 105.20 10.19
108.00 16.00 -133681.70 -146266.77 105.20 10.19
109.00 16.00 -133681.70 -135712.68 105.20 10.19
110.00 16.00 -133681.70 -182750.41 105.20 10.19
111.00 16.00 -133681.70 -135712.68 105.20 10.19
112.00 16.00 -133681.70 -188122.75 105.20 10.19
113.00 16.00 -133681.70 -172742.64 105.20 10.19
114.00 16.00 -133681.70 -146172.63 105.20 10.19
115.00 16.00 -133681.70 -165590.66 105.20 10.19
116.00 16.00 -133681.70 -188903.25 105.20 10.19
117.00 16.00 -133681.70 -161396.39 105.20 10.19
118.00 16.00 -133681.70 -166653.95 105.20 10.19
119.00 16.00 -133681.70 -157837.66 105.20 10.19
120.00 16.00 -133681.70 -155598.50 105.20 10.19
121.00 16.00 -133681.70 -134171.12 105.20 10.19
122.00 16.00 -133681.70 -148719.39 105.20 10.19
123.00 16.00 -133681.70 -162414.87 105.20 10.19
