0.00 1.00 -141760.27 -141760.27 582.40 51.37
1.00 1.00 -141760.27 -146070.94 582.40 51.37
2.00 2.00 -129333.71 -129333.71 275.47 62.32
3.00 2.00 -129333.71 -144590.20 275.47 62.32
4.00 2.00 -129333.71 -140233.47 275.47 62.32
5.00 3.00 -128425.12 -128425.12 262.21 60.20
6.00 4.00 -124725.41 -124725.41 215.12 50.74
7.00 4.00 -124725.41 -127443.66 215.12 50.74
8.00 5.00 -116070.23 -116070.23 126.71 64.72
9.00 6.00 -111268.98 -111268.98 97.82 51.50
10.00 6.00 -111268.98 -125267.43 97.82 51.50
11.00 6.00 -111268.98 -115206.77 97.82 51.50
12.00 6.00 -111268.98 -128064.20 97.82 51.50
13.00 6.00 -111268.98 -132830.61 97.82 51.50
14.00 6.00 -111268.98 -139464.49 97.82 51.50
15.00 6.00 -111268.98 -116898.02 97.82 51.50
16.00 6.00 -111268.98 -134889.38 97.82 51.50
17.00 6.00 -111268.98 -131659.03 97.82 51.50
18.00 6.00 -111268.98 -132941.78 97.82 51.50
19.00 6.00 -111268.98 -134462.12 97.82 51.50
20.00 6.00 -111268.98 -122472.49 97.82 51.50
21.00 6.00 -111268.98 -132823.03 97.82 51.50
22.00 6.00 -111268.98 -133007.62 97.82 51.50
23.00 6.00 -111268.98 -118109.38 97.82 51.50
24.00 6.00 -111268.98 -131284.47 97.82 51.50
25.00 6.00 -111268.98 -129278.12 97.82 51.50
26.00 6.00 -111268.98 -111494.83 97.82 51.50
27.00 6.00 -111268.98 -112407.28 97.82 51.50
28.00 6.00 -111268.98 -126304.27 97.82 51.50
29.00 6.00 -111268.98 -116379.06 97.82 51.50
30.00 6.00 -111268.98 -125324.53 97.82 51.50
31.00 6.00 -111268.98 -125582.33 97.82 51.50
32.00 6.00 -111268.98 -125383.02 97.82 51.50
33.00 6.00 -111268.98 -123033.95 97.82 51.50
34.00 6.00 -111268.98 -128660.90 97.82 51.50
35.00 6.00 -111268.98 -129851.57 97.82 51.50
36.00 6.00 -111268.98 -133392.91 97.82 51.50
37.00 6.00 -111268.98 -125125.94 97.82 51.50
38.00 6.00 -111268.98 -111844.38 97.82 51.50
39.00 6.00 -111268.98 -123736.35 97.82 51.50
40.00 6.00 -111268.98 -136269.99 97.82 51.50
41.00 6.00 -111268.98 -130688.75 97.82 51.50
42.00 6.00 -111268.98 -131299.83 97.82 51.50
43.00 6.00 -111268.98 -133086.47 97.82 51.50
44.00 6.00 -111268.98 -145009.25 97.82 51.50
45.00 6.00 -111268.98 -133138.10 97.82 51.50
46.00 6.00 -111268.98 -135084.66 97.82 51.50
47.00 6.00 -111268.98 -135199.38 97.82 51.50
48.00 6.00 -111268.98 -139281.34 97.82 51.50
49.00 6.00 -111268.98 -116463.29 97.82 51.50
50.00 6.00 -111268.98 -123776.44 97.82 51.50
51.00 6.00 -111268.98 -122476.82 97.82 51.50
52.00 6.00 -111268.98 -134595.34 97.82 51.50
53.00 6.00 -111268.98 -126975.41 97.82 51.50
54.00 6.00 -111268.98 -135635.93 97.82 51.50
55.00 6.00 -111268.98 -130535.38 97.82 51.50
56.00 6.00 -111268.98 -133199.32 97.82 51.50
57.00 6.00 -111268.98 -118444.02 97.82 51.50
58.00 6.00 -111268.98 -127393.89 97.82 51.50
59.00 6.00 -111268.98 -127245.49 97.82 51.50
60.00 6.00 -111268.98 -128466.12 97.82 51.50
61.00 6.00 -111268.98 -149825.09 97.82 51.50
62.00 6.00 -111268.98 -127185.30 97.82 51.50
63.00 6.00 -111268.98 -130204.05 97.82 51.50
64.00 6.00 -111268.98 -127451.58 97.82 51.50
65.00 6.00 -111268.98 -128357.99 97.82 51.50
66.00 6.00 -111268.98 -125942.94 97.82 51.50
67.00 6.00 -111268.98 -125372.98 97.82 51.50
68.00 6.00 -111268.98 -112173.23 97.82 51.50
69.00 6.00 -111268.98 -124867.23 97.82 51.50
70.00 6.00 -111268.98 -126676.90 97.82 51.50
71.00 6.00 -111268.98 -122556.58 97.82 51.50
72.00 6.00 -111268.98 -122129.88 97.82 51.50
73.00 6.00 -111268.98 -122707.13 97.82 51.50
74.00 6.00 -111268.98 -116737.92 97.82 51.50
75.00 6.00 -111268.98 -113045.30 97.82 51.50
76.00 6.00 -111268.98 -123538.46 97.82 51.50
77.00 6.00 -111268.98 -113585.51 97.82 51.50
78.00 6.00 -111268.98 -132091.10 97.82 51.50
79.00 6.00 -111268.98 -136420.27 97.82 51.50
80.00 7.00 -110668.56 -110668.56 98.88 31.59
81.00 7.00 -110668.56 -126950.20 98.88 31.59
82.00 7.00 -110668.56 -125820.27 98.88 31.59
83.00 7.00 -110668.56 -122505.98 98.88 31.59
84.00 7.00 -110668.56 -123622.38 98.88 31.59
85.00 7.00 -110668.56 -128640.07 98.88 31.59
86.00 7.00 -110668.56 -126741.45 98.88 31.59
87.00 7.00 -110668.56 -128607.81 98.88 31.59
88.00 7.00 -110668.56 -128160.69 98.88 31.59
89.00 7.00 -110668.56 -127105.48 98.88 31.59
90.00 7.00 -110668.56 -133203.55 98.88 31.59
91.00 7.00 -110668.56 -143119.53 98.88 31.59
93.00 7.00 -110668.56 -129132.15 98.88 31.59
94.00 7.00 -110668.56 -128367.02 98.88 31.59
92.00 7.00 -110668.56 -117787.96 98.88 31.59
95.00 7.00 -110668.56 -140319.60 98.88 31.59
96.00 7.00 -110668.56 -147491.17 98.88 31.59
97.00 7.00 -110668.56 -141135.00 98.88 31.59
98.00 7.00 -110668.56 -125196.80 98.88 31.59
99.00 7.00 -110668.56 -134468.34 98.88 31.59
100.00 7.00 -110668.56 -121785.02 98.88 31.59
101.00 7.00 -110668.56 -130226.39 98.88 31.59
102.00 7.00 -110668.56 -134637.22 98.88 31.59
103.00 8.00 -109803.11 -109803.11 94.94 27.85
104.00 8.00 -109803.11 -130017.09 94.94 27.85
105.00 8.00 -109803.11 -140241.50 94.94 27.85
106.00 8.00 -109803.11 -126791.27 94.94 27.85
107.00 8.00 -109803.11 -114384.29 94.94 27.85
108.00 8.00 -109803.11 -137371.07 94.94 27.85
109.00 8.00 -109803.11 -127476.82 94.94 27.85
110.00 8.00 -109803.11 -118954.95 94.94 27.85
111.00 8.00 -109803.11 -130091.90 94.94 27.85
112.00 8.00 -109803.11 -113226.98 94.94 27.85
113.00 8.00 -109803.11 -127152.16 94.94 27.85
114.00 8.00 -109803.11 -113553.45 94.94 27.85
115.00 8.00 -109803.11 -109810.13 94.94 27.85
116.00 8.00 -109803.11 -124714.82 94.94 27.85
117.00 8.00 -109803.11 -111682.06 94.94 27.85
118.00 8.00 -109803.11 -134669.20 94.94 27.85
119.00 8.00 -109803.11 -127321.09 94.94 27.85
120.00 8.00 -109803.11 -147467.00 94.94 27.85
121.00 8.00 -109803.11 -132896.48 94.94 27.85
122.00 8.00 -109803.11 -132347.83 94.94 27.85
123.00 8.00 -109803.11 -135610.81 94.94 27.85
