0.00 0.00 -122522.60 -127200.22 0.00 0.00
1.00 0.00 -122522.60 -124364.33 0.00 0.00
2.00 1.00 -120243.00 -120243.00 752.04 63.69
3.00 2.00 -108292.16 -108292.16 317.70 71.19
4.00 3.00 -100813.04 -100813.04 183.53 85.09
5.00 4.00 -98805.23 -98805.23 160.35 78.40
6.00 4.00 -98805.23 -104153.22 160.35 78.40
7.00 4.00 -98805.23 -108072.62 160.35 78.40
8.00 4.00 -98805.23 -100763.96 160.35 78.40
9.00 4.00 -98805.23 -104540.37 160.35 78.40
10.00 4.00 -98805.23 -104391.43 160.35 78.40
11.00 4.00 -98805.23 -108071.02 160.35 78.40
12.00 4.00 -98805.23 -108109.74 160.35 78.40
13.00 5.00 -98374.28 -98374.28 157.42 69.18
14.00 5.00 -98374.28 -110390.34 157.42 69.18
15.00 5.00 -98374.28 -100566.49 157.42 69.18
16.00 5.00 -98374.28 -107528.12 157.42 69.18
17.00 5.00 -98374.28 -98741.86 157.42 69.18
18.00 5.00 -98374.28 -115683.60 157.42 69.18
19.00 5.00 -98374.28 -111490.77 157.42 69.18
20.00 5.00 -98374.28 -99776.92 157.42 69.18
21.00 5.00 -98374.28 -115242.46 157.42 69.18
22.00 6.00 -96697.95 -96697.95 139.14 72.81
23.00 7.00 -95232.34 -95232.34 126.80 65.06
24.00 7.00 -95232.34 -95279.17 126.80 65.06
25.00 7.00 -95232.34 -105031.13 126.80 65.06
26.00 7.00 -95232.34 -104911.18 126.80 65.06
27.00 7.00 -95232.34 -105449.28 126.80 65.06
28.00 7.00 -95232.34 -108976.45 126.80 65.06
29.00 7.00 -95232.34 -96708.69 126.80 65.06
30.00 7.00 -95232.34 -107996.89 126.80 65.06
31.00 7.00 -95232.34 -95287.29 126.80 65.06
32.00 7.00 -95232.34 -100193.01 126.80 65.06
33.00 7.00 -95232.34 -105371.69 126.80 65.06
34.00 7.00 -95232.34 -106880.30 126.80 65.06
35.00 7.00 -95232.34 -105511.60 126.80 65.06
36.00 7.00 -95232.34 -104814.71 126.80 65.06
37.00 7.00 -95232.34 -108836.60 126.80 65.06
38.00 7.00 -95232.34 -104764.81 126.80 65.06
39.00 8.00 -92685.67 -92685.67 107.30 56.03
40.00 8.00 -92685.67 -96294.79 107.30 56.03
41.00 8.00 -92685.67 -102984.01 107.30 56.03
42.00 8.00 -92685.67 -101528.03 107.30 56.03
43.00 8.00 -92685.67 -103706.23 107.30 56.03
44.00 9.00 -92496.68 -92496.68 105.56 58.04
45.00 9.00 -92496.68 -115033.01 105.56 58.04
46.00 9.00 -92496.68 -95358.93 105.56 58.04
47.00 9.00 -92496.68 -100560.73 105.56 58.04
48.00 9.00 -92496.68 -105324.61 105.56 58.04
49.00 9.00 -92496.68 -96402.68 105.56 58.04
50.00 9.00 -92496.68 -92536.19 105.56 58.04
51.00 9.00 -92496.68 -111827.51 105.56 58.04
52.00 9.00 -92496.68 -92554.09 105.56 58.04
53.00 10.00 -92496.68 -92496.68 105.56 58.04
54.00 10.00 -92496.68 -106980.38 105.56 58.04
55.00 10.00 -92496.68 -103621.54 105.56 58.04
56.00 10.00 -92496.68 -101947.78 105.56 58.04
57.00 10.00 -92496.68 -116747.62 105.56 58.04
58.00 10.00 -92496.68 -107859.67 105.56 58.04
59.00 10.00 -92496.68 -109316.04 105.56 58.04
60.00 10.00 -92496.68 -111871.50 105.56 58.04
61.00 10.00 -92496.68 -106767.85 105.56 58.04
62.00 10.00 -92496.68 -98316.30 105.56 58.04
63.00 10.00 -92496.68 -94453.25 105.56 58.04
64.00 10.00 -92496.68 -103639.02 105.56 58.04
65.00 11.00 -92210.80 -92210.80 105.13 48.58
66.00 11.00 -92210.80 -114481.42 105.13 48.58
67.00 11.00 -92210.80 -101731.95 105.13 48.58
68.00 11.00 -92210.80 -103101.12 105.13 48.58
69.00 11.00 -92210.80 -107002.55 105.13 48.58
70.00 11.00 -92210.80 -105475.11 105.13 48.58
71.00 12.00 -91389.73 -91389.73 98.70 51.35
72.00 12.00 -91389.73 -97751.37 98.70 51.35
73.00 12.00 -91389.73 -101127.82 98.70 51.35
74.00 12.00 -91389.73 -103273.89 98.70 51.35
75.00 12.00 -91389.73 -100162.93 98.70 51.35
76.00 12.00 -91389.73 -121842.86 98.70 51.35
77.00 12.00 -91389.73 -106335.03 98.70 51.35
78.00 12.00 -91389.73 -107033.61 98.70 51.35
79.00 12.00 -91389.73 -110416.84 98.70 51.35
80.00 12.00 -91389.73 -107591.52 98.70 51.35
81.00 12.00 -91389.73 -106431.84 98.70 51.35
82.00 12.00 -91389.73 -117297.86 98.70 51.35
83.00 12.00 -91389.73 -106882.61 98.70 51.35
84.00 12.00 -91389.73 -109733.95 98.70 51.35
85.00 12.00 -91389.73 -108542.31 98.70 51.35
86.00 12.00 -91389.73 -108091.16 98.70 51.35
87.00 12.00 -91389.73 -96320.46 98.70 51.35
88.00 12.00 -91389.73 -106037.45 98.70 51.35
89.00 13.00 -90942.63 -90942.63 99.86 32.19
90.00 13.00 -90942.63 -115180.52 99.86 32.19
91.00 14.00 -90284.59 -90284.59 108.46 9.40
92.00 14.00 -90284.59 -100551.83 108.46 9.40
93.00 14.00 -90284.59 -102097.37 108.46 9.40
94.00 14.00 -90284.59 -98154.81 108.46 9.40
95.00 14.00 -90284.59 -99994.28 108.46 9.40
96.00 14.00 -90284.59 -108414.78 108.46 9.40
97.00 14.00 -90284.59 -109469.56 108.46 9.40
98.00 14.00 -90284.59 -106273.20 108.46 9.40
99.00 14.00 -90284.59 -99430.21 108.46 9.40
100.00 14.00 -90284.59 -107749.38 108.46 9.40
101.00 14.00 -90284.59 -105612.53 108.46 9.40
102.00 14.00 -90284.59 -98410.18 108.46 9.40
103.00 14.00 -90284.59 -94716.45 108.46 9.40
104.00 14.00 -90284.59 -93903.14 108.46 9.40
105.00 14.00 -90284.59 -112662.62 108.46 9.40
106.00 14.00 -90284.59 -108368.91 108.46 9.40
107.00 14.00 -90284.59 -105115.59 108.46 9.40
108.00 14.00 -90284.59 -96368.54 108.46 9.40
109.00 14.00 -90284.59 -92887.69 108.46 9.40
110.00 14.00 -90284.59 -91280.46 108.46 9.40
111.00 14.00 -90284.59 -100630.81 108.46 9.40
112.00 14.00 -90284.59 -101835.53 108.46 9.40
113.00 14.00 -90284.59 -106653.10 108.46 9.40
114.00 14.00 -90284.59 -110425.80 108.46 9.40
115.00 14.00 -90284.59 -105800.25 108.46 9.40
116.00 14.00 -90284.59 -108391.33 108.46 9.40
117.00 14.00 -90284.59 -108288.83 108.46 9.40
118.00 14.00 -90284.59 -108396.80 108.46 9.40
119.00 14.00 -90284.59 -110808.05 108.46 9.40
120.00 14.00 -90284.59 -115050.52 108.46 9.40
121.00 14.00 -90284.59 -109665.45 108.46 9.40
122.00 14.00 -90284.59 -108539.50 108.46 9.40
