0.00 1.00 -96981.15 -96981.15 635.54 80.26
1.00 2.00 -95716.12 -95716.12 565.72 86.13
2.00 2.00 -95716.12 -96314.96 565.72 86.13
3.00 3.00 -94697.37 -94697.37 524.30 76.00
4.00 4.00 -91190.66 -91190.66 391.59 67.62
5.00 4.00 -91190.66 -98726.41 391.59 67.62
6.00 4.00 -91190.66 -94862.94 391.59 67.62
7.00 5.00 -83065.24 -83065.24 191.34 76.39
8.00 6.00 -81357.42 -81357.42 164.34 80.04
9.00 6.00 -81357.42 -81580.06 164.34 80.04
10.00 6.00 -81357.42 -82826.22 164.34 80.04
11.00 6.00 -81357.42 -82404.65 164.34 80.04
12.00 7.00 -78746.99 -78746.99 133.96 63.78
13.00 7.00 -78746.99 -87968.33 133.96 63.78
14.00 8.00 -78711.82 -78711.82 132.95 67.48
15.00 8.00 -78711.82 -87095.52 132.95 67.48
16.00 8.00 -78711.82 -87372.14 132.95 67.48
17.00 8.00 -78711.82 -91676.50 132.95 67.48
18.00 8.00 -78711.82 -88993.53 132.95 67.48
19.00 8.00 -78711.82 -89655.51 132.95 67.48
20.00 8.00 -78711.82 -91385.88 132.95 67.48
21.00 8.00 -78711.82 -91187.65 132.95 67.48
22.00 8.00 -78711.82 -91471.67 132.95 67.48
23.00 8.00 -78711.82 -82849.78 132.95 67.48
24.00 8.00 -78711.82 -90513.84 132.95 67.48
25.00 8.00 -78711.82 -89148.92 132.95 67.48
26.00 8.00 -78711.82 -88413.81 132.95 67.48
27.00 8.00 -78711.82 -89384.36 132.95 67.48
28.00 8.00 -78711.82 -83312.36 132.95 67.48
29.00 8.00 -78711.82 -91548.56 132.95 67.48
30.00 8.00 -78711.82 -89681.44 132.95 67.48
31.00 8.00 -78711.82 -90050.84 132.95 67.48
32.00 8.00 -78711.82 -90663.08 132.95 67.48
33.00 8.00 -78711.82 -90222.44 132.95 67.48
34.00 8.00 -78711.82 -85903.29 132.95 67.48
35.00 8.00 -78711.82 -86023.51 132.95 67.48
36.00 8.00 -78711.82 -89494.52 132.95 67.48
37.00 8.00 -78711.82 -89049.01 132.95 67.48
38.00 8.00 -78711.82 -88973.22 132.95 67.48
39.00 8.00 -78711.82 -88634.92 132.95 67.48
40.00 8.00 -78711.82 -82190.40 132.95 67.48
41.00 9.00 -75784.22 -75784.22 108.44 40.40
42.00 9.00 -75784.22 -85788.16 108.44 40.40
43.00 9.00 -75784.22 -85116.97 108.44 40.40
44.00 9.00 -75784.22 -91430.07 108.44 40.40
45.00 9.00 -75784.22 -78077.97 108.44 40.40
46.00 9.00 -75784.22 -85403.72 108.44 40.40
47.00 9.00 -75784.22 -88985.07 108.44 40.40
48.00 9.00 -75784.22 -88467.69 108.44 40.40
49.00 9.00 -75784.22 -83992.81 108.44 40.40
50.00 9.00 -75784.22 -91922.45 108.44 40.40
51.00 9.00 -75784.22 -87444.03 108.44 40.40
52.00 9.00 -75784.22 -87708.88 108.44 40.40
53.00 9.00 -75784.22 -94344.10 108.44 40.40
54.00 9.00 -75784.22 -89620.11 108.44 40.40
55.00 10.00 -75221.33 -75221.33 109.15 18.60
56.00 11.00 -74902.56 -74902.56 107.44 17.45
57.00 11.00 -74902.56 -80222.97 107.44 17.45
58.00 11.00 -74902.56 -81713.68 107.44 17.45
59.00 11.00 -74902.56 -80533.94 107.44 17.45
60.00 11.00 -74902.56 -76295.30 107.44 17.45
61.00 11.00 -74902.56 -79581.98 107.44 17.45
62.00 11.00 -74902.56 -79656.70 107.44 17.45
63.00 11.00 -74902.56 -76892.58 107.44 17.45
64.00 11.00 -74902.56 -81015.52 107.44 17.45
65.00 11.00 -74902.56 -80851.17 107.44 17.45
66.00 11.00 -74902.56 -89087.31 107.44 17.45
67.00 11.00 -74902.56 -81335.24 107.44 17.45
68.00 11.00 -74902.56 -82351.51 107.44 17.45
69.00 11.00 -74902.56 -92113.90 107.44 17.45
70.00 11.00 -74902.56 -83742.61 107.44 17.45
71.00 11.00 -74902.56 -84940.38 107.44 17.45
72.00 11.00 -74902.56 -76971.16 107.44 17.45
73.00 11.00 -74902.56 -83394.36 107.44 17.45
74.00 11.00 -74902.56 -80494.87 107.44 17.45
75.00 11.00 -74902.56 -83908.47 107.44 17.45
76.00 11.00 -74902.56 -82738.83 107.44 17.45
77.00 11.00 -74902.56 -92936.12 107.44 17.45
78.00 11.00 -74902.56 -83271.40 107.44 17.45
79.00 12.00 -74247.68 -74247.68 100.57 20.22
80.00 12.00 -74247.68 -84630.85 100.57 20.22
81.00 12.00 -74247.68 -76600.85 100.57 20.22
82.00 12.00 -74247.68 -90968.95 100.57 20.22
83.00 12.00 -74247.68 -78125.15 100.57 20.22
84.00 12.00 -74247.68 -83543.70 100.57 20.22
85.00 12.00 -74247.68 -84879.28 100.57 20.22
86.00 12.00 -74247.68 -87945.62 100.57 20.22
87.00 12.00 -74247.68 -94299.93 100.57 20.22
88.00 12.00 -74247.68 -86170.79 100.57 20.22
89.00 12.00 -74247.68 -85143.62 100.57 20.22
90.00 12.00 -74247.68 -79307.36 100.57 20.22
91.00 12.00 -74247.68 -88218.20 100.57 20.22
92.00 12.00 -74247.68 -90592.59 100.57 20.22
93.00 12.00 -74247.68 -84483.19 100.57 20.22
94.00 12.00 -74247.68 -88086.81 100.57 20.22
95.00 12.00 -74247.68 -91126.83 100.57 20.22
96.00 12.00 -74247.68 -86767.30 100.57 20.22
97.00 12.00 -74247.68 -83449.53 100.57 20.22
98.00 12.00 -74247.68 -87057.83 100.57 20.22
99.00 12.00 -74247.68 -86753.11 100.57 20.22
100.00 12.00 -74247.68 -92843.82 100.57 20.22
101.00 12.00 -74247.68 -88316.81 100.57 20.22
102.00 12.00 -74247.68 -86995.08 100.57 20.22
103.00 12.00 -74247.68 -89192.26 100.57 20.22
104.00 12.00 -74247.68 -86095.52 100.57 20.22
105.00 12.00 -74247.68 -82155.37 100.57 20.22
106.00 12.00 -74247.68 -84940.26 100.57 20.22
107.00 12.00 -74247.68 -86642.58 100.57 20.22
108.00 12.00 -74247.68 -76275.50 100.57 20.22
109.00 12.00 -74247.68 -86048.62 100.57 20.22
110.00 12.00 -74247.68 -79434.41 100.57 20.22
111.00 12.00 -74247.68 -83883.80 100.57 20.22
112.00 12.00 -74247.68 -84040.14 100.57 20.22
113.00 12.00 -74247.68 -85033.98 100.57 20.22
114.00 12.00 -74247.68 -83500.53 100.57 20.22
115.00 12.00 -74247.68 -82854.02 100.57 20.22
116.00 12.00 -74247.68 -84570.00 100.57 20.22
117.00 12.00 -74247.68 -85997.51 100.57 20.22
118.00 12.00 -74247.68 -87355.94 100.57 20.22
119.00 12.00 -74247.68 -79823.45 100.57 20.22
120.00 12.00 -74247.68 -81309.11 100.57 20.22
121.00 12.00 -74247.68 -83822.24 100.57 20.22
122.00 12.00 -74247.68 -86836.73 100.57 20.22
