0.00 0.00 -135275.92 -136740.30 0.00 0.00
1.00 1.00 -133533.94 -133533.94 782.33 69.59
2.00 2.00 -132770.99 -132770.99 752.46 63.84
3.00 2.00 -132770.99 -135379.73 752.46 63.84
4.00 2.00 -132770.99 -137007.29 752.46 63.84
5.00 3.00 -132506.65 -132506.65 742.28 62.01
6.00 4.00 -109280.35 -109280.35 164.00 70.45
7.00 4.00 -109280.35 -113535.72 164.00 70.45
8.00 5.00 -108573.17 -108573.17 155.36 77.05
9.00 5.00 -108573.17 -109527.85 155.36 77.05
10.00 6.00 -108179.57 -108179.57 153.30 68.16
11.00 7.00 -106148.36 -106148.36 134.64 68.22
12.00 7.00 -106148.36 -113152.52 134.64 68.22
13.00 7.00 -106148.36 -114862.27 134.64 68.22
14.00 7.00 -106148.36 -119796.95 134.64 68.22
15.00 7.00 -106148.36 -120485.76 134.64 68.22
16.00 8.00 -105581.85 -105581.85 130.07 66.92
17.00 8.00 -105581.85 -119274.38 130.07 66.92
18.00 8.00 -105581.85 -119566.80 130.07 66.92
19.00 8.00 -105581.85 -119756.07 130.07 66.92
20.00 8.00 -105581.85 -116748.91 130.07 66.92
21.00 8.00 -105581.85 -123577.50 130.07 66.92
22.00 8.00 -105581.85 -122910.12 130.07 66.92
23.00 9.00 -105274.29 -105274.29 131.42 49.11
24.00 9.00 -105274.29 -120685.95 131.42 49.11
25.00 9.00 -105274.29 -118496.88 131.42 49.11
26.00 9.00 -105274.29 -118011.34 131.42 49.11
27.00 9.00 -105274.29 -118057.92 131.42 49.11
28.00 9.00 -105274.29 -117681.98 131.42 49.11
29.00 9.00 -105274.29 -118109.84 131.42 49.11
30.00 9.00 -105274.29 -118514.79 131.42 49.11
31.00 9.00 -105274.29 -118472.41 131.42 49.11
32.00 9.00 -105274.29 -106279.09 131.42 49.11
33.00 9.00 -105274.29 -108986.85 131.42 49.11
34.00 9.00 -105274.29 -116484.98 131.42 49.11
35.00 9.00 -105274.29 -116614.67 131.42 49.11
36.00 9.00 -105274.29 -116290.45 131.42 49.11
37.00 9.00 -105274.29 -115481.46 131.42 49.11
38.00 10.00 -101690.92 -101690.92 103.42 53.06
39.00 10.00 -101690.92 -111676.63 103.42 53.06
40.00 10.00 -101690.92 -109991.36 103.42 53.06
41.00 10.00 -101690.92 -117311.50 103.42 53.06
42.00 10.00 -101690.92 -125639.60 103.42 53.06
43.00 10.00 -101690.92 -117650.08 103.42 53.06
44.00 10.00 -101690.92 -123039.08 103.42 53.06
45.00 10.00 -101690.92 -110106.66 103.42 53.06
46.00 10.00 -101690.92 -102173.08 103.42 53.06
47.00 10.00 -101690.92 -111005.51 103.42 53.06
48.00 10.00 -101690.92 -122864.17 103.42 53.06
49.00 10.00 -101690.92 -101764.84 103.42 53.06
50.00 10.00 -101690.92 -117726.77 103.42 53.06
51.00 10.00 -101690.92 -126472.07 103.42 53.06
52.00 10.00 -101690.92 -118689.68 103.42 53.06
53.00 10.00 -101690.92 -118268.40 103.42 53.06
54.00 10.00 -101690.92 -117417.48 103.42 53.06
55.00 10.00 -101690.92 -117779.62 103.42 53.06
56.00 10.00 -101690.92 -130220.48 103.42 53.06
57.00 10.00 -101690.92 -136766.00 103.42 53.06
58.00 10.00 -101690.92 -122438.59 103.42 53.06
59.00 10.00 -101690.92 -117170.13 103.42 53.06
60.00 10.00 -101690.92 -108148.31 103.42 53.06
61.00 10.00 -101690.92 -102577.48 103.42 53.06
62.00 10.00 -101690.92 -109516.84 103.42 53.06
63.00 10.00 -101690.92 -112494.73 103.42 53.06
64.00 10.00 -101690.92 -122843.63 103.42 53.06
65.00 10.00 -101690.92 -116406.97 103.42 53.06
66.00 10.00 -101690.92 -115094.90 103.42 53.06
67.00 10.00 -101690.92 -102291.53 103.42 53.06
68.00 10.00 -101690.92 -116467.43 103.42 53.06
69.00 10.00 -101690.92 -114099.45 103.42 53.06
70.00 10.00 -101690.92 -111627.62 103.42 53.06
71.00 10.00 -101690.92 -113183.05 103.42 53.06
72.00 10.00 -101690.92 -118255.22 103.42 53.06
73.00 10.00 -101690.92 -122842.53 103.42 53.06
74.00 10.00 -101690.92 -116337.10 103.42 53.06
75.00 10.00 -101690.92 -118002.88 103.42 53.06
76.00 10.00 -101690.92 -118737.61 103.42 53.06
77.00 10.00 -101690.92 -118138.09 103.42 53.06
78.00 10.00 -101690.92 -120508.54 103.42 53.06
79.00 10.00 -101690.92 -117129.85 103.42 53.06
80.00 10.00 -101690.92 -118365.83 103.42 53.06
81.00 10.00 -101690.92 -110745.48 103.42 53.06
82.00 10.00 -101690.92 -115493.89 103.42 53.06
83.00 10.00 -101690.92 -103711.49 103.42 53.06
84.00 10.00 -101690.92 -111775.58 103.42 53.06
85.00 10.00 -101690.92 -127033.66 103.42 53.06
86.00 10.00 -101690.92 -114047.54 103.42 53.06
87.00 10.00 -101690.92 -118199.45 103.42 53.06
88.00 10.00 -101690.92 -117174.81 103.42 53.06
89.00 10.00 -101690.92 -117279.02 103.42 53.06
90.00 10.00 -101690.92 -107732.36 103.42 53.06
91.00 10.00 -101690.92 -126946.53 103.42 53.06
92.00 10.00 -101690.92 -112688.69 103.42 53.06
93.00 10.00 -101690.92 -125566.38 103.42 53.06
94.00 10.00 -101690.92 -118487.62 103.42 53.06
95.00 10.00 -101690.92 -138680.06 103.42 53.06
96.00 10.00 -101690.92 -109040.34 103.42 53.06
97.00 10.00 -101690.92 -121510.30 103.42 53.06
98.00 11.00 -100604.52 -100604.52 100.68 34.44
99.00 11.00 -100604.52 -111906.92 100.68 34.44
100.00 12.00 -100063.53 -100063.53 98.00 30.75
101.00 12.00 -100063.53 -131676.55 98.00 30.75
102.00 12.00 -100063.53 -134961.23 98.00 30.75
103.00 12.00 -100063.53 -103505.21 98.00 30.75
104.00 12.00 -100063.53 -105814.90 98.00 30.75
105.00 12.00 -100063.53 -119020.83 98.00 30.75
106.00 12.00 -100063.53 -115024.67 98.00 30.75
107.00 12.00 -100063.53 -109158.60 98.00 30.75
108.00 12.00 -100063.53 -115087.16 98.00 30.75
109.00 12.00 -100063.53 -117931.44 98.00 30.75
110.00 12.00 -100063.53 -100708.42 98.00 30.75
111.00 12.00 -100063.53 -106660.01 98.00 30.75
112.00 13.00 -99606.43 -99606.43 97.65 22.49
113.00 13.00 -99606.43 -111023.87 97.65 22.49
114.00 13.00 -99606.43 -127459.60 97.65 22.49
115.00 13.00 -99606.43 -114439.77 97.65 22.49
116.00 13.00 -99606.43 -106917.09 97.65 22.49
117.00 13.00 -99606.43 -108733.89 97.65 22.49
118.00 13.00 -99606.43 -116873.26 97.65 22.49
119.00 13.00 -99606.43 -111775.58 97.65 22.49
120.00 13.00 -99606.43 -116239.05 97.65 22.49
121.00 13.00 -99606.43 -126923.74 97.65 22.49
122.00 13.00 -99606.43 -109740.90 97.65 22.49
