0.00 0.00 -110971.62 -112982.44 0.00 0.00
1.00 0.00 -110971.62 -113265.83 0.00 0.00
2.00 1.00 -109699.83 -109699.83 811.83 56.09
3.00 1.00 -109699.83 -112932.40 811.83 56.09
4.00 2.00 -106047.47 -106047.47 594.14 70.30
5.00 3.00 -102168.53 -102168.53 434.38 76.97
6.00 4.00 -95854.31 -95854.31 270.76 61.59
7.00 4.00 -95854.31 -97311.88 270.76 61.59
8.00 4.00 -95854.31 -97550.00 270.76 61.59
9.00 4.00 -95854.31 -99126.60 270.76 61.59
10.00 5.00 -89642.66 -89642.66 162.11 79.49
11.00 5.00 -89642.66 -101057.76 162.11 79.49
12.00 5.00 -89642.66 -93948.48 162.11 79.49
13.00 5.00 -89642.66 -99961.50 162.11 79.49
14.00 5.00 -89642.66 -98702.47 162.11 79.49
15.00 6.00 -89080.75 -89080.75 155.51 77.17
16.00 6.00 -89080.75 -90921.40 155.51 77.17
17.00 6.00 -89080.75 -89287.88 155.51 77.17
18.00 6.00 -89080.75 -95922.94 155.51 77.17
19.00 7.00 -88283.86 -88283.86 146.86 73.16
20.00 7.00 -88283.86 -97851.81 146.86 73.16
21.00 8.00 -87215.55 -87215.55 135.63 70.66
22.00 8.00 -87215.55 -96565.13 135.63 70.66
23.00 9.00 -87173.68 -87173.68 135.28 70.20
24.00 9.00 -87173.68 -95404.85 135.28 70.20
25.00 9.00 -87173.68 -90781.36 135.28 70.20
26.00 9.00 -87173.68 -98031.42 135.28 70.20
27.00 9.00 -87173.68 -98057.73 135.28 70.20
28.00 9.00 -87173.68 -97956.37 135.28 70.20
29.00 9.00 -87173.68 -98275.08 135.28 70.20
30.00 9.00 -87173.68 -98068.50 135.28 70.20
31.00 9.00 -87173.68 -97841.30 135.28 70.20
32.00 9.00 -87173.68 -98349.58 135.28 70.20
33.00 9.00 -87173.68 -94683.24 135.28 70.20
34.00 10.00 -86277.77 -86277.77 127.13 64.59
35.00 10.00 -86277.77 -101306.49 127.13 64.59
36.00 10.00 -86277.77 -97840.84 127.13 64.59
37.00 10.00 -86277.77 -95248.28 127.13 64.59
38.00 10.00 -86277.77 -92104.84 127.13 64.59
39.00 10.00 -86277.77 -98387.76 127.13 64.59
40.00 11.00 -83368.18 -83368.18 102.98 53.42
41.00 11.00 -83368.18 -96548.07 102.98 53.42
42.00 12.00 -83368.18 -83368.18 102.98 53.42
43.00 12.00 -83368.18 -93122.09 102.98 53.42
44.00 12.00 -83368.18 -98730.53 102.98 53.42
45.00 12.00 -83368.18 -92740.84 102.98 53.42
46.00 12.00 -83368.18 -96482.50 102.98 53.42
47.00 12.00 -83368.18 -95401.13 102.98 53.42
48.00 13.00 -83251.89 -83251.89 105.17 39.57
49.00 13.00 -83251.89 -92292.52 105.17 39.57
50.00 13.00 -83251.89 -95203.38 105.17 39.57
51.00 13.00 -83251.89 -86589.05 105.17 39.57
52.00 13.00 -83251.89 -91245.25 105.17 39.57
53.00 13.00 -83251.89 -94750.43 105.17 39.57
54.00 13.00 -83251.89 -90226.68 105.17 39.57
55.00 13.00 -83251.89 -93296.03 105.17 39.57
56.00 13.00 -83251.89 -92277.83 105.17 39.57
57.00 13.00 -83251.89 -100333.20 105.17 39.57
58.00 13.00 -83251.89 -96205.33 105.17 39.57
59.00 14.00 -82898.47 -82898.47 99.74 50.97
60.00 14.00 -82898.47 -88357.65 99.74 50.97
61.00 14.00 -82898.47 -101540.35 99.74 50.97
62.00 14.00 -82898.47 -104263.20 99.74 50.97
63.00 14.00 -82898.47 -99303.41 99.74 50.97
64.00 14.00 -82898.47 -103913.87 99.74 50.97
65.00 14.00 -82898.47 -83327.66 99.74 50.97
66.00 14.00 -82898.47 -94647.96 99.74 50.97
67.00 14.00 -82898.47 -83777.70 99.74 50.97
68.00 14.00 -82898.47 -90730.55 99.74 50.97
69.00 14.00 -82898.47 -92786.98 99.74 50.97
70.00 14.00 -82898.47 -83886.05 99.74 50.97
71.00 14.00 -82898.47 -89984.20 99.74 50.97
72.00 14.00 -82898.47 -97737.63 99.74 50.97
73.00 14.00 -82898.47 -93700.63 99.74 50.97
74.00 14.00 -82898.47 -83949.11 99.74 50.97
75.00 14.00 -82898.47 -93645.75 99.74 50.97
76.00 14.00 -82898.47 -96025.63 99.74 50.97
77.00 14.00 -82898.47 -90937.12 99.74 50.97
78.00 14.00 -82898.47 -90299.88 99.74 50.97
79.00 14.00 -82898.47 -91596.11 99.74 50.97
80.00 14.00 -82898.47 -93491.11 99.74 50.97
81.00 14.00 -82898.47 -83409.88 99.74 50.97
82.00 14.00 -82898.47 -98835.31 99.74 50.97
83.00 14.00 -82898.47 -83370.93 99.74 50.97
84.00 14.00 -82898.47 -86412.68 99.74 50.97
85.00 14.00 -82898.47 -90943.07 99.74 50.97
86.00 14.00 -82898.47 -98549.45 99.74 50.97
87.00 14.00 -82898.47 -92664.05 99.74 50.97
88.00 14.00 -82898.47 -83324.93 99.74 50.97
89.00 14.00 -82898.47 -96560.69 99.74 50.97
90.00 14.00 -82898.47 -96235.79 99.74 50.97
91.00 14.00 -82898.47 -86257.38 99.74 50.97
92.00 14.00 -82898.47 -93160.68 99.74 50.97
93.00 14.00 -82898.47 -86726.60 99.74 50.97
94.00 14.00 -82898.47 -88889.64 99.74 50.97
95.00 14.00 -82898.47 -91561.97 99.74 50.97
96.00 15.00 -81805.35 -81805.35 98.73 21.42
97.00 15.00 -81805.35 -94192.88 98.73 21.42
98.00 15.00 -81805.35 -93698.59 98.73 21.42
99.00 15.00 -81805.35 -93623.41 98.73 21.42
100.00 15.00 -81805.35 -104338.43 98.73 21.42
101.00 15.00 -81805.35 -81974.07 98.73 21.42
102.00 15.00 -81805.35 -92825.84 98.73 21.42
103.00 15.00 -81805.35 -94189.58 98.73 21.42
104.00 15.00 -81805.35 -97836.00 98.73 21.42
105.00 15.00 -81805.35 -99758.67 98.73 21.42
106.00 15.00 -81805.35 -82304.55 98.73 21.42
107.00 15.00 -81805.35 -94596.68 98.73 21.42
108.00 15.00 -81805.35 -93802.34 98.73 21.42
109.00 15.00 -81805.35 -94019.77 98.73 21.42
110.00 15.00 -81805.35 -105757.12 98.73 21.42
111.00 15.00 -81805.35 -93917.16 98.73 21.42
112.00 15.00 -81805.35 -97529.42 98.73 21.42
113.00 15.00 -81805.35 -97100.55 98.73 21.42
114.00 15.00 -81805.35 -87126.20 98.73 21.42
115.00 15.00 -81805.35 -82665.89 98.73 21.42
116.00 15.00 -81805.35 -102519.51 98.73 21.42
117.00 15.00 -81805.35 -93565.61 98.73 21.42
118.00 15.00 -81805.35 -99629.39 98.73 21.42
119.00 15.00 -81805.35 -90328.24 98.73 21.42
120.00 15.00 -81805.35 -89449.02 98.73 21.42
121.00 15.00 -81805.35 -94057.43 98.73 21.42
122.00 15.00 -81805.35 -96361.02 98.73 21.42
