-1109051.72000 -1240977.99000 -1349406.09000 -1820483.82000 -1034900.58000 -1523874.42000 -1723156.37000 -2056526.10000
-1132699.73000 -1243665.83000 -1347635.97000 -1768487.51000 -1021671.25000 -1514798.67000 -1683500.03000 -2045216.93000
-1135131.01000 -1244005.18000 -1390577.55000 -1889294.17000 -1010304.12000 -1526853.88000 -1715080.87000 -2074443.66000
-1138546.33000 -1245926.13000 -1394943.37000 -1863638.47000 -1030168.88000 -1546038.37000 -1701991.64000 -2074193.54000
-1124714.16000 -1221613.30000 -1351593.18000 -1860799.93000 -1018148.42000 -1530881.69000 -1702461.31000 -2035859.75000
-1137558.61000 -1258162.26000 -1377169.18000 -1886648.24000 -1013948.08000 -1515214.24000 -1741514.07000 -2031656.30000
-1101682.04000 -1255007.32000 -1397927.74000 -1861967.30000 -1031382.19000 -1501969.03000 -1680282.98000 -2036974.17000
-1110205.87000 -1279907.49000 -1365497.50000 -1864591.53000 -1026531.97000 -1482267.11000 -1690453.62000 -2068382.55000
-1116612.19000 -1240181.98000 -1384569.09000 -1899774.93000 -1044510.46000 -1529257.57000 -1634940.45000 -2004383.05000
-1136910.49000 -1253697.21000 -1393635.20000 -1876848.74000 -1027263.15000 -1517472.94000 -1684135.57000 -1980746.75000
-1153338.88000 -1251963.50000 -1367919.37000 -1791190.26000 -1015667.95000 -1549473.90000 -1673712.50000 -2061486.25000
-1135377.25000 -1255775.00000 -1377303.88000 -1844762.25000 -1008888.80000 -1522910.50000 -1668179.50000 -2057657.75000
-1135918.25000 -1246904.12000 -1374959.38000 -1851858.75000 -1021864.44000 -1526380.88000 -1660029.75000 -2059895.67000
-1137854.88000 -1261397.12000 -1389888.58000 -1859973.75000 -1023330.38000 -1525870.75000 -1698204.82000 -2053686.32000
-1132072.25000 -1255710.88000 -1380994.00000 -1851932.38000 -1030151.48000 -1527828.00000 -1672755.77000 -2055523.00000
-1141139.75000 -1255309.25000 -1382259.94000 -1861900.50000 -1007841.61000 -1500733.16000 -1671037.00000 -2056992.75000
-1138775.75000 -1225490.00000 -1374414.50000 -1842552.40000 -1027516.75000 -1506490.50000 -1675045.43000 -2055176.25000
-1128512.36000 -1239638.00000 -1379037.50000 -1877174.58000 -1030606.50000 -1545613.31000 -1674756.98000 -2050917.00000
-1136649.25000 -1237027.38000 -1384720.25000 -1865022.38000 -1028694.12000 -1516827.24000 -1755594.34000 -2046794.75000
-1135591.75000 -1237846.75000 -1401244.00000 -1794888.59000 -1027504.00000 -1519577.25000 -1693659.62000 -2048021.75000
-1130482.63000 -1257986.63000 -1380170.75000 -1848731.43000 -1018987.25000 -1513876.00000 -1694349.88000 -2066717.37000
-1135309.45000 -1230561.88000 -1367553.75000 -1854570.68000 -1023139.62000 -1531094.32000 -1680127.88000 -2051595.00000
-1132177.75000 -1242569.00000 -1379072.75000 -1867208.46000 -1018318.40000 -1511484.50000 -1706522.98000 -2105100.10000
-1184209.09000 -1228896.88000 -1398268.27000 -1858248.00000 -1023579.62000 -1503086.00000 -1654893.75000 -2063647.25000
-1139228.50000 -1232290.50000 -1373826.00000 -1867138.25000 -1012421.24000 -1558180.13000 -1669079.12000 -2062372.00000
-1134242.00000 -1234379.12000 -1374894.88000 -1864920.25000 -1017653.31000 -1529877.00000 -1700204.58000 -2042657.25000
-1128380.00000 -1237564.12000 -1375275.25000 -1863017.50000 -999334.83000 -1540265.26000 -1658905.39000 -2097014.78000
-1136037.25000 -1244341.21000 -1374826.75000 -1849306.00000 -1016648.75000 -1536962.74000 -1744601.05000 -2086733.09000
-1125579.77000 -1228944.75000 -1378223.78000 -1873768.08000 -1012621.62000 -1525706.75000 -1685061.75000 -2051594.75000
-1100143.12000 -1235085.50000 -1373955.00000 -1860412.75000 -1012707.31000 -1513557.25000 -1663633.25000 -2091764.47000
-1125280.06000 -1268136.69000 -1376126.12000 -1852275.84000 -1012062.25000 -1523645.62000 -1677950.75000 -2031651.50000
-1128967.50000 -1204439.99000 -1369483.25000 -1834041.25000 -1030535.79000 -1521027.50000 -1665198.88000 -2090867.98000
-1127591.50000 -1234729.67000 -1367636.00000 -1841297.25000 -1017490.62000 -1513208.50000 -1669413.25000 -2055528.62000
-1122653.14000 -1251639.42000 -1368699.25000 -1848510.75000 -1019280.00000 -1546768.20000 -1647894.54000 -2056463.61000
-1127799.79000 -1242420.62000 -1348890.65000 -1838529.62000 -1055650.27000 -1523481.25000 -1680610.09000 -2036022.08000
-1128805.50000 -1243623.88000 -1370542.00000 -1847471.25000 -1032558.59000 -1505862.38000 -1683800.50000 -2099195.74000
-1124577.95000 -1255054.56000 -1388067.66000 -1847261.25000 -1037230.83000 -1553716.22000 -1571764.14000 -2054043.75000
-1131394.65000 -1237078.36000 -1387168.97000 -1846916.25000 -1027928.51000 -1545318.80000 -1726064.33000 -2083899.41000
-1140885.96000 -1222790.28000 -1385342.10000 -1873994.05000 -1025764.62000 -1510413.25000 -1681646.00000 -2006667.16000
-1125912.62000 -1253509.00000 -1380256.25000 -1860177.00000 -1009227.09000 -1517105.38000 -1682831.12000 -2045713.28000
-1134023.25000 -1244354.52000 -1372396.38000 -1864833.91000 -1023594.94000 -1516708.25000 -1659648.48000 -2049075.88000
-1141040.62000 -1240317.25000 -1360825.50000 -1849168.50000 -1021634.12000 -1546583.32000 -1678543.25000 -2060515.12000
-1144179.25000 -1237764.75000 -1380750.05000 -1799845.22000 -1019303.88000 -1527692.50000 -1681008.88000 -2050964.88000
-1158093.31000 -1238397.50000 -1374017.50000 -1837050.00000 -1006731.88000 -1517938.50000 -1676903.25000 -2048527.25000
-1122853.12000 -1232641.25000 -1367914.62000 -1898361.41000 -1014762.62000 -1577121.85000 -1672225.75000 -2055879.50000
-1139441.06000 -1277548.43000 -1371748.00000 -1858478.00000 -1029083.48000 -1542902.63000 -1719959.24000 -2058700.50000
-1125830.50000 -1204439.99000 -1393857.76000 -1854182.25000 -1014834.62000 -1538883.50000 -1693705.62000 -2063175.75000
-1132475.75000 -1204439.99000 -1402291.58000 -1795814.88000 -1011251.44000 -1545198.49000 -1666117.76000 -2008305.94000
-1137473.38000 -1245766.25000 -1399317.85000 -1840125.60000 -1028795.62000 -1527457.50000 -1679888.25000 -2103702.53000
-1143252.50000 -1271730.33000 -1383310.50000 -1852739.50000 -1046982.09000 -1523642.12000 -1674804.00000 -2063536.93000
-1138578.00000 -1276652.68000 -1389129.50000 -1864534.75000 -997506.94000 -1526264.38000 -1724280.82000 -2071793.93000
-1155477.38000 -1238274.50000 -1390277.38000 -1863529.49000 -1018906.85000 -1542490.49000 -1675555.72000 -2063295.73000
-1134631.75000 -1248013.15000 -1383504.88000 -1868295.41000 -1050234.35000 -1514742.88000 -1682928.12000 -2058209.25000
-1122946.12000 -1248675.75000 -1382846.50000 -1833177.25000 -1035326.88000 -1519218.75000 -1679804.62000 -2063279.25000
-1124140.73000 -1267689.99000 -1369321.48000 -1851654.14000 -1032474.06000 -1521084.50000 -1660226.99000 -2057118.81000
-1134315.88000 -1204439.99000 -1396700.34000 -1863730.12000 -1031262.75000 -1513632.75000 -1664163.88000 -2055517.62000
-1128281.50000 -1233000.88000 -1377621.88000 -1851596.00000 -1032222.94000 -1543940.33000 -1674215.50000 -2059470.88000
-1129468.61000 -1272299.87000 -1373826.12000 -1848636.88000 -1027210.50000 -1508720.75000 -1707504.11000 -2070815.25000
-1156690.33000 -1249401.50000 -1366527.31000 -1855084.00000 -1020332.19000 -1485764.25000 -1684433.75000 -2110214.36000
-1121260.00000 -1293729.86000 -1372741.75000 -1842702.00000 -1023537.25000 -1520890.12000 -1675697.00000 -2062161.50000
-1125141.50000 -1234268.25000 -1379082.92000 -1838886.50000 -1015642.50000 -1514852.88000 -1635374.61000 -2067455.66000
-1134700.25000 -1204439.99000 -1373192.75000 -1854902.25000 -1019437.88000 -1530555.47000 -1668364.12000 -2053123.25000
-1124183.75000 -1229059.00000 -1358757.50000 -1858978.50000 -1019588.35000 -1483650.90000 -1671954.00000 -2058159.00000
-1138222.97000 -1232708.62000 -1355625.00000 -1842009.50000 -1042561.02000 -1552856.63000 -1709054.22000 -2068175.92000
-1150997.33000 -1204439.99000 -1395888.63000 -1848927.75000 -1026087.50000 -1527977.75000 -1676393.19000 -2059637.00000
-1137190.25000 -1237098.62000 -1378448.45000 -1866740.13000 -1028825.74000 -1543990.05000 -1676590.25000 -2059198.25000
-1133734.88000 -1241944.75000 -1378604.50000 -1839379.00000 -1027352.19000 -1498097.04000 -1708508.34000 -2058906.50000
-1138067.90000 -1259908.20000 -1374291.50000 -1844987.26000 -1021023.06000 -1521568.62000 -1671095.62000 -2059536.50000
-1150524.49000 -1267516.99000 -1381961.75000 -1854750.06000 -983142.04000 -1511637.25000 -1681048.50000 -2043825.91000
-1135803.75000 -1252500.75000 -1381453.88000 -1817874.48000 -1026063.94000 -1518884.50000 -1682424.62000 -2055508.75000
-1125928.88000 -1250210.00000 -1381722.62000 -1839470.38000 -1025506.88000 -1514303.82000 -1682336.75000 -2063713.71000
-1124418.25000 -1244766.87000 -1388077.38000 -1869584.80000 -1043229.50000 -1518356.00000 -1695315.04000 -2026629.83000
-1125570.00000 -1247994.12000 -1420349.31000 -1850533.38000 -1029327.12000 -1559669.00000 -1687309.38000 -2025551.73000
-1134255.70000 -1258463.01000 -1368759.08000 -1852622.50000 -1026516.03000 -1568736.12000 -1678408.50000 -2045882.25000
-1144476.39000 -1249370.12000 -1374937.54000 -1852565.12000 -1031695.06000 -1531329.00000 -1680457.50000 -2064823.25000
-1127516.54000 -1251334.75000 -1379321.12000 -1872227.12000 -1034227.38000 -1528701.50000 -1682962.50000 -2056453.75000
-1124068.50000 -1237619.00000 -1377930.38000 -1859319.25000 -1034677.88000 -1527140.88000 -1684146.88000 -2024515.96000
-1131527.62000 -1271514.89000 -1378035.75000 -1860392.50000 -1034693.88000 -1495517.33000 -1765015.18000 -2058869.75000
-1132392.12000 -1253353.00000 -1358252.81000 -1857188.75000 -1032944.12000 -1535777.75000 -1685186.00000 -2040717.00000
-1120438.56000 -1252165.00000 -1373359.25000 -1855039.00000 -1031434.00000 -1537234.75000 -1691806.25000 -2055781.75000
-1136011.13000 -1204439.99000 -1384666.00000 -1848441.25000 -1030212.00000 -1537971.50000 -1685865.25000 -2045991.00000
-1144640.01000 -1269890.87000 -1387719.50000 -1853984.50000 -1042990.34000 -1536785.38000 -1684186.50000 -2044929.50000
-1133752.10000 -1231743.62000 -1391897.25000 -1846167.82000 -1021514.12000 -1518417.50000 -1672012.75000 -2034420.75000
-1142257.10000 -1204439.99000 -1373139.00000 -1838350.62000 -1013568.50000 -1512423.12000 -1614809.51000 -2034283.38000
-1128303.25000 -1220373.25000 -1381558.76000 -1844020.88000 -1019689.19000 -1515024.62000 -1629514.02000 -2053217.50000
-1126678.25000 -1218937.00000 -1364514.50000 -1847283.88000 -1042160.72000 -1565506.99000 -1654794.50000 -2050976.50000
-1128043.50000 -1224378.75000 -1368349.18000 -1842722.75000 -1038245.50000 -1524476.53000 -1655994.50000 -2053631.75000
-1141842.14000 -1218409.00000 -1364530.50000 -1831076.12000 -1014313.75000 -1471798.20000 -1647742.82000 -2049884.12000
-1119648.62000 -1204439.99000 -1336828.18000 -1820993.00000 -1016992.75000 -1494415.90000 -1654905.25000 -2062611.21000
-1116130.23000 -1197062.69000 -1355193.75000 -1807852.05000 -1014220.37000 -1515661.25000 -1706158.58000 -2076894.88000
-1122768.62000 -1214045.00000 -1352395.75000 -1812726.00000 -1025868.43000 -1515672.07000 -1664681.62000 -2024020.54000
-1122127.25000 -1197062.69000 -1361976.16000 -1867410.81000 -1024500.38000 -1522517.75000 -1719612.67000 -2057849.50000
-1133587.12000 -1235637.50000 -1436427.70000 -1880280.46000 -1032434.00000 -1530824.60000 -1696689.50000 -2057588.75000
-1134365.00000 -1243581.38000 -1392548.50000 -1869257.38000 -1010421.82000 -1536124.50000 -1684818.12000 -2062620.88000
-1136637.38000 -1197062.69000 -1380946.50000 -1765603.61000 -1019820.62000 -1521252.92000 -1691531.00000 -2062588.50000
-1117806.61000 -1282826.64000 -1423878.56000 -1870310.50000 -1020473.50000 -1482639.77000 -1695527.25000 -2069886.38000
-1136680.50000 -1252635.85000 -1390653.75000 -1869468.00000 -1019053.62000 -1518150.62000 -1671695.69000 -2090500.22000
-1131795.50000 -1230612.88000 -1409134.67000 -1808827.91000 -1014532.17000 -1527156.50000 -1671238.31000 -2100220.32000
-1130109.50000 -1197062.69000 -1382611.12000 -1850834.88000 -1017432.00000 -1517882.75000 -1728271.74000 -2059698.48000
-1132018.75000 -1231515.25000 -1387629.54000 -1842242.89000 -1011100.04000 -1544738.28000 -1712842.30000 -2045917.02000
-1146582.49000 -1267640.16000 -1381289.62000 -1836734.33000 -1038840.43000 -1513558.77000 -1686348.75000 -2062274.75000
-1134036.12000 -1245418.88000 -1437060.55000 -1817131.80000 -1030370.50000 -1525669.25000 -1688293.12000 -2049826.50000
-1134763.25000 -1258545.23000 -1366784.00000 -1843421.07000 -1024827.25000 -1517936.00000 -1669200.88000 -2053233.92000
-1132589.00000 -1275076.47000 -1369342.25000 -1856629.02000 -1025807.88000 -1524862.62000 -1676619.75000 -2052759.00000
-1127210.51000 -1246056.38000 -1381133.88000 -1856864.00000 -1021877.21000 -1529162.25000 -1679766.43000 -2054613.00000
-1135656.25000 -1249441.25000 -1371749.81000 -1883758.71000 -1020961.88000 -1521340.75000 -1688252.20000 -2054808.88000
-1131745.50000 -1231499.75000 -1379579.12000 -1886813.15000 -1019587.75000 -1520654.75000 -1685853.00000 -2049809.25000
-1130845.38000 -1224886.62000 -1389399.08000 -1866574.25000 -1040901.22000 -1522788.90000 -1684765.62000 -2041960.50000
-1137459.25000 -1221884.38000 -1379646.75000 -1871775.67000 -1032879.22000 -1523345.00000 -1685887.00000 -2073885.91000
-1137536.25000 -1269949.78000 -1406048.52000 -1870935.73000 -1039181.08000 -1518944.62000 -1674997.75000 -2048997.75000
-1116019.73000 -1265936.51000 -1363909.75000 -1880772.61000 -1026863.50000 -1509557.25000 -1677945.00000 -2041759.25000
-1128222.87000 -1252969.25000 -1376109.77000 -1875916.88000 -1027396.00000 -1514174.38000 -1673491.25000 -2057861.50000
-1118594.25000 -1229870.09000 -1386755.36000 -1847418.50000 -1006577.14000 -1517327.13000 -1725575.58000 -2067636.78000
-1120218.25000 -1197062.69000 -1358068.50000 -1817998.25000 -1016379.71000 -1507211.75000 -1653159.00000 -2029061.77000
-1128208.27000 -1227468.00000 -1365876.25000 -1823401.38000 -1016919.94000 -1534903.41000 -1654320.00000 -2045770.50000
-1125596.75000 -1234739.00000 -1368217.88000 -1871606.79000 -1009966.94000 -1505135.68000 -1650334.25000 -2036493.25000
-1146755.54000 -1280983.71000 -1400803.99000 -1848722.50000 -1005104.50000 -1503322.75000 -1662259.13000 -2050136.10000
-1124323.00000 -1213464.40000 -1384581.94000 -1858890.25000 -1008333.38000 -1512394.82000 -1658381.25000 -2018459.69000
-1150548.62000 -1243082.00000 -1383350.95000 -1824467.50000 -1012581.06000 -1505555.75000 -1653196.50000 -2067923.56000
-1137365.62000 -1228212.50000 -1386495.75000 -1868315.25000 -1028103.78000 -1511348.83000 -1731172.87000 -2048150.25000
-1139262.25000 -1248015.75000 -1361043.02000 -1827268.54000 -1026532.62000 -1516058.00000 -1696535.75000 -2033712.69000
-1119399.25000 -1220866.50000 -1312755.48000 -1842221.75000 -1027709.25000 -1520732.75000 -1652377.39000 -2049720.44000
-1137069.75000 -1256350.53000 -1360157.25000 -1833550.75000 -1027621.12000 -1502925.54000 -1635769.96000 -2079822.59000
-1141109.34000 -1234764.25000 -1379310.75000 -1846012.17000 -994115.74000 -1537004.26000 -1657231.67000 -2056965.38000
-1137322.25000 -1237376.50000 -1367142.75000 -1856170.25000 -1026453.66000 -1521923.82000 -1675730.25000 -2060937.25000
-1123015.86000 -1230434.25000 -1371201.38000 -1868210.88000 -1028863.50000 -1436650.02000 -1682660.75000 -2035197.68000
-1134929.61000 -1191269.34000 -1360647.75000 -1803127.80000 -1001798.62000 -1514444.88000 -1659354.00000 -2026051.16000
-1139729.75000 -1191269.34000 -1396176.70000 -1856124.87000 -1021873.12000 -1497150.25000 -1659753.58000 -2078200.75000
-1139348.85000 -1266197.75000 -1372848.38000 -1857476.12000 -1020188.27000 -1500170.75000 -1655265.50000 -2047361.25000
-1129692.01000 -1191269.34000 -1371123.75000 -1850391.50000 -1009603.85000 -1499579.00000 -1670947.09000 -2027437.12000
-1125952.75000 -1218693.25000 -1360404.50000 -1849196.21000 -1014631.38000 -1521100.59000 -1673487.00000 -2043988.96000
-1120012.00000 -1191269.34000 -1363508.62000 -1853092.75000 -1024997.75000 -1514355.62000 -1676720.50000 -2071544.78000
-1116606.50000 -1214552.00000 -1370818.62000 -1841700.25000 -1032668.87000 -1515768.62000 -1678080.00000 -2056787.27000
-1121040.00000 -1191269.34000 -1355299.38000 -1849043.38000 -1017881.19000 -1514429.75000 -1676871.12000 -2048372.50000
-1106176.94000 -1191269.34000 -1345045.75000 -1808695.90000 -1051752.33000 -1504324.50000 -1707107.21000 -2035002.75000
-1117189.75000 -1209576.25000 -1372497.64000 -1830722.18000 -1025529.50000 -1540816.94000 -1670771.00000 -2027790.34000
-1143027.71000 -1258865.24000 -1360317.00000 -1871642.19000 -1028725.06000 -1518074.25000 -1667217.25000 -2052968.50000
-1120996.62000 -1227585.00000 -1371577.75000 -1814323.96000 -1039432.20000 -1537527.22000 -1676968.44000 -2036399.44000
-1127135.62000 -1253162.01000 -1384049.17000 -1840536.22000 -1032418.43000 -1511526.12000 -1667481.78000 -2048342.63000
-1112910.45000 -1240304.80000 -1375646.38000 -1861924.50000 -1021252.06000 -1520005.62000 -1662526.00000 -2042922.75000
-1141590.27000 -1263363.24000 -1406447.64000 -1843148.50000 -1020395.88000 -1517682.49000 -1664449.62000 -2084347.19000
-1128047.32000 -1282890.37000 -1370648.50000 -1846648.38000 -1019605.88000 -1510579.00000 -1661892.50000 -2078490.62000
-1148690.83000 -1222349.25000 -1368440.00000 -1840928.50000 -1040422.66000 -1518851.12000 -1679021.36000 -2063900.75000
-1118678.15000 -1221091.75000 -1399125.57000 -1864791.55000 -1026684.00000 -1534202.80000 -1666327.61000 -2058060.75000
-1130274.25000 -1253510.22000 -1377022.49000 -1876437.16000 -1027190.25000 -1522363.75000 -1673498.50000 -2043096.64000
-1140482.97000 -1191269.34000 -1409670.52000 -1843926.00000 -1018827.44000 -1508829.88000 -1686576.04000 -2060384.25000
-1125294.62000 -1204940.74000 -1399839.56000 -1858651.59000 -1016206.75000 -1550956.44000 -1722526.23000 -2035146.38000
-1139972.09000 -1202008.00000 -1405530.92000 -1908013.87000 -1010300.25000 -1488480.40000 -1672768.88000 -2034762.25000
-1131567.61000 -1194559.75000 -1380996.12000 -1837376.02000 -1010641.75000 -1500049.25000 -1645572.42000 -2032896.50000
-1124390.00000 -1201544.00000 -1365651.56000 -1869505.12000 -1012438.25000 -1505677.75000 -1670847.12000 -2024453.25000
-1149137.15000 -1152135.13000 -1342599.71000 -1895371.97000 -1010844.12000 -1504614.38000 -1721457.24000 -2055554.52000
-1145193.20000 -1195979.25000 -1385739.28000 -1833387.88000 -1016498.25000 -1573838.04000 -1682399.03000 -2060288.29000
-1144723.53000 -1198301.00000 -1365298.35000 -1840206.25000 -1011800.25000 -1525749.50000 -1657488.00000 -2057078.82000
-1125538.75000 -1271283.43000 -1355373.00000 -1831736.50000 -1002620.69000 -1547952.51000 -1657653.50000 -2044698.93000
-1123660.00000 -1232768.12000 -1417176.17000 -1858786.50000 -1028023.57000 -1507241.39000 -1660131.25000 -2029833.25000
-1116300.43000 -1235181.38000 -1386418.65000 -1852154.50000 -1015902.35000 -1561921.56000 -1653524.00000 -2063453.75000
-1128922.90000 -1237660.12000 -1365922.00000 -1865166.44000 -1024424.94000 -1537055.25000 -1693079.30000 -2065610.50000
-1130230.02000 -1252839.00000 -1404491.88000 -1850035.15000 -1039618.95000 -1539649.25000 -1690972.50000 -2074298.02000
-1149345.23000 -1297374.83000 -1344517.89000 -1836192.62000 -1037034.88000 -1531797.40000 -1699204.75000 -2020770.28000
-1132139.62000 -1262457.00000 -1405028.57000 -1858894.75000 -1034391.53000 -1558829.98000 -1690517.00000 -2013990.32000
-1132763.58000 -1255894.25000 -1384579.12000 -1857990.00000 -1027091.75000 -1532764.75000 -1690569.25000 -2100011.46000
-1067985.87000 -1152135.13000 -1392125.75000 -1864331.38000 -1029366.75000 -1532919.50000 -1678146.19000 -2059258.50000
-1124364.49000 -1223323.92000 -1391016.50000 -1797577.32000 -1027195.88000 -1547721.42000 -1688414.50000 -2055851.25000
-1130043.25000 -1229114.89000 -1388754.50000 -1852396.88000 -1028666.12000 -1509536.33000 -1686862.75000 -2007893.80000
-1158904.41000 -1237678.75000 -1356426.21000 -1862738.50000 -1028076.70000 -1520823.00000 -1686279.50000 -2066575.52000
-1115293.23000 -1265872.09000 -1358996.83000 -1863746.38000 -1023707.25000 -1519907.98000 -1677473.46000 -2044529.50000
-1139907.47000 -1240974.38000 -1358446.62000 -1846802.23000 -1020501.31000 -1539732.57000 -1677552.00000 -2024944.25000
-1096927.57000 -1225229.62000 -1373411.25000 -1825199.52000 -1026656.69000 -1577764.26000 -1679170.50000 -2026723.88000
-1112430.25000 -1217675.38000 -1375374.50000 -1853286.25000 -1019524.38000 -1512763.40000 -1662869.88000 -2036838.12000
-1139288.86000 -1218554.00000 -1384076.42000 -1859264.25000 -1021707.25000 -1523076.00000 -1682198.38000 -2039465.50000
-1113274.47000 -1152135.13000 -1366705.25000 -1839940.88000 -1017753.00000 -1524551.65000 -1739227.15000 -2047173.00000
-1128766.00000 -1205173.25000 -1376645.62000 -1869638.68000 -1005530.26000 -1535381.13000 -1693520.25000 -1984834.40000
-1133232.75000 -1152135.13000 -1368662.10000 -1912645.31000 -1005024.80000 -1505120.63000 -1694989.00000 -2034696.50000
-1135696.12000 -1196384.38000 -1370346.25000 -1868460.00000 -1037486.68000 -1523708.62000 -1691707.25000 -2105790.15000
-1135326.38000 -1238838.70000 -1419623.86000 -1836926.25000 -1020874.96000 -1521340.25000 -1680221.88000 -2063369.50000
-1135227.50000 -1251919.31000 -1364134.00000 -1858811.62000 -1016979.56000 -1522283.75000 -1683731.00000 -2057055.30000
-1129691.25000 -1239657.50000 -1362785.88000 -1864846.47000 -1042066.98000 -1516759.64000 -1707388.70000 -2036212.62000
-1122855.00000 -1238784.75000 -1357158.25000 -1918024.15000 -1013666.62000 -1523472.50000 -1701671.78000 -2035525.62000
-1127028.00000 -1252963.62000 -1356502.38000 -1795111.96000 -1019820.62000 -1516036.00000 -1658289.75000 -2035357.25000
-1125416.75000 -1245065.25000 -1388463.97000 -1847250.25000 -1025221.50000 -1525495.98000 -1669253.25000 -2043738.25000
-1150071.20000 -1242703.00000 -1373051.00000 -1893207.19000 -1019282.12000 -1564047.73000 -1708223.25000 -2037581.75000
