0.00
0.00
0.00
115.18
103.21
82.35
87.25
87.25
87.25
87.25
87.25
86.28
86.28
86.28
86.28
86.28
86.28
86.28
86.28
86.28
86.28
86.28
86.28
86.28
86.28
86.28
86.28
86.28
80.91
80.91
80.91
74.53
74.53
74.53
74.53
74.53
74.53
74.53
74.53
74.53
74.53
74.53
74.53
74.53
74.53
74.53
74.53
74.53
74.53
74.53
74.53
74.53
74.53
74.53
74.53
74.53
74.53
74.53
74.53
49.40
49.40
31.14
31.14
31.14
31.14
31.14
31.14
31.14
31.14
31.14
31.14
31.14
31.14
31.14
31.14
31.14
31.14
31.14
31.14
31.14
31.14
33.37
33.37
33.37
33.37
33.37
33.37
33.37
33.37
33.37
33.37
33.37
33.37
33.37
33.37
33.37
33.37
33.37
33.37
33.37
33.37
33.37
33.37
33.37
33.37
33.37
33.37
33.37
33.37
33.37
33.37
33.37
33.37
33.37
33.37
33.37
33.37
33.37
33.37
33.37
33.37
33.37
33.37
33.37
33.37
33.37
33.37
33.37
33.37
33.37
33.37
33.37
33.37
33.37
33.37
33.37
33.37
33.37
33.37
33.37
33.37
33.37
33.37
33.37
33.37
33.37
33.37
33.37
33.37
33.37
33.37
33.37
33.37
33.37
33.37
33.37
33.37
33.37
33.37
33.37
33.37
33.37
33.37
33.37
33.37
33.37
33.37
33.37
33.37
33.37
33.37
33.37
33.37
33.37
33.37
33.37
33.37
33.37
33.37
33.37
33.37
33.37
33.37
33.37
33.37
33.37
33.37
33.37
33.37
33.37
33.37
33.37
33.37
33.37
33.37
33.37
33.37
33.37
33.37
33.37
33.37
33.37
33.37
33.37
33.37
33.37
33.37
33.37
33.37
33.37
33.37
33.37
33.37
33.37
33.37
33.37
33.37
33.37
33.37
33.37
33.37
33.37
33.37
33.37
33.37
33.37
33.37
33.37
33.37
33.37
33.37
33.37
33.37
33.37
33.37
33.37
33.37
33.37
33.37
33.37
33.37
33.37
33.37
33.37
33.37
33.37
33.37
33.37
33.37
33.37
33.37
33.37
33.37
33.37
33.37
33.37
33.37
33.37
33.37
33.37
33.37
33.37
33.37
33.37
33.37
33.37
33.37
33.37
33.37
33.37
33.37
33.37
33.37
33.37
33.37
33.37
33.37
33.37
33.37
33.37
33.37
33.37
33.37
33.37
33.37
33.37
33.37
33.37
33.37
33.37
33.37
33.37
33.37
33.37
33.37
33.37
33.37
33.37
33.37
33.37
33.37
33.37
33.37
33.37
33.37
33.37
33.37
33.37
33.37
33.37
33.37
33.37
33.37
33.37
33.37
33.37
33.37
33.37
33.37
33.37
33.37
33.37
33.37
33.37
33.37
33.37
33.37
33.37
33.37
33.37
33.37
33.37
33.37
33.37
33.37
33.37
33.37
33.37
33.37
33.37
33.37
33.37
33.37
33.37
33.37
33.37
33.37
33.37
33.37
33.37
33.37
33.37
33.37
33.37
33.37
33.37
33.37
33.37
33.37
33.37
33.37
33.37
33.37
33.37
33.37
33.37
33.37
33.37
33.37
33.37
33.37
33.37
33.37
33.37
33.37
33.37
33.37
33.37
33.37
33.37
33.37
33.37
33.37
33.37
33.37
33.37
33.37
33.37
33.37
33.37
33.37
33.37
33.37
33.37
33.37
33.37
33.37
33.37
33.37
33.37
33.37
33.37
33.37
33.37
33.37
33.37
33.37
33.37
33.37
33.37
33.37
33.37
33.37
33.37
33.37
33.37
33.37
33.37
33.37
33.37
33.37
33.37
33.37
33.37
33.37
33.37
33.37
33.37
33.37
33.37
33.37
33.37
33.37
33.37
33.37
33.37
33.37
33.37
33.37
33.37
33.37
33.37
33.37
33.37
33.37
33.37
33.37
33.37
33.37
33.37
33.37
33.37
33.37
33.37
33.37
33.37
33.37
33.37
33.37
33.37
33.37
33.37
33.37
33.37
33.37
33.37
33.37
33.37
33.37
33.37
33.37
33.37
33.37
33.37
33.37
33.37
33.37
33.37
33.37
33.37
33.37
33.37
33.37
33.37
33.37
33.37
33.37
33.37
33.37
33.37
33.37
33.37
33.37
33.37
33.37
33.37
33.37
33.37
33.37
33.37
33.37
33.37
33.37
34.39
26.69
26.69
26.69
26.69
26.69
26.69
26.69
26.69
26.69
26.69
26.69
26.69
26.69
26.69
26.69
26.69
26.69
26.69
26.69
26.69
26.69
26.69
26.69
26.69
26.69
26.69
26.69
26.69
26.69
26.69
26.69
26.69
26.69
26.69
26.69
26.69
26.69
26.69
26.69
26.69
26.69
26.69
26.69
26.69
26.69
26.69
26.69
26.69
26.69
26.69
26.69
26.69
26.69
26.69
26.69
26.69
26.69
26.69
26.69
26.69
26.69
26.69
26.69
26.69
26.69
26.69
26.69
26.69
26.69
26.69
26.69
26.69
26.69
26.69
26.69
26.69
26.69
26.69
26.69
26.69
26.69
26.69
26.69
26.69
26.69
26.69
26.69
26.69
26.69
26.69
26.69
26.69
26.69
26.69
26.69
26.69
26.69
26.69
26.69
26.69
26.69
26.69
26.69
26.69
26.69
26.69
26.69
26.69
26.69
26.69
26.69
26.69
26.69
26.69
26.69
26.69
26.69
26.69
26.69
