0.00000000 0.00000000 0.00000000 0.00000000 0.00000000
0.00000000 0.00000000 0.00000000 0.00000000 0.00000000
0.23152858 0.00000394 1.45245866 1.84585122 1.64837523
0.23152858 0.00000394 1.45245866 1.84585122 1.64837523
0.12615632 0.00000358 1.48579298 1.78950755 1.25978164
0.07874217 0.00000387 1.44334735 1.71205080 1.07370185
0.37854239 0.00000418 1.45439011 1.73286642 1.01865799
0.37854239 0.00000418 1.45439011 1.73286642 1.01865799
0.37854239 0.00000418 1.45439011 1.73286642 1.01865799
0.37854239 0.00000418 1.45439011 1.73286642 1.01865799
0.18342251 0.00000427 1.72111197 1.57681703 0.71267478
0.18342251 0.00000427 1.72111197 1.57681703 0.71267478
0.18342251 0.00000427 1.72111197 1.57681703 0.71267478
0.18342251 0.00000427 1.72111197 1.57681703 0.71267478
0.18342251 0.00000427 1.72111197 1.57681703 0.71267478
0.22755506 0.00000421 1.90366531 1.58765304 0.74958405
0.22755506 0.00000421 1.90366531 1.58765304 0.74958405
0.22755506 0.00000421 1.90366531 1.58765304 0.74958405
0.22755506 0.00000421 1.90366531 1.58765304 0.74958405
0.27119928 0.00000467 1.83814913 1.70363900 0.65946154
0.27119928 0.00000467 1.83814913 1.70363900 0.65946154
0.36462592 0.00000487 1.94649338 1.91065945 0.69266181
0.36462592 0.00000487 1.94649338 1.91065945 0.69266181
0.43203380 0.00000455 1.93693691 1.88013977 0.70044487
0.43203380 0.00000455 1.93693691 1.88013977 0.70044487
0.43203380 0.00000455 1.93693691 1.88013977 0.70044487
0.43203380 0.00000455 1.93693691 1.88013977 0.70044487
0.43203380 0.00000455 1.93693691 1.88013977 0.70044487
0.43203380 0.00000455 1.93693691 1.88013977 0.70044487
0.43203380 0.00000455 1.93693691 1.88013977 0.70044487
0.43203380 0.00000455 1.93693691 1.88013977 0.70044487
0.43203380 0.00000455 1.93693691 1.88013977 0.70044487
0.43203380 0.00000455 1.93693691 1.88013977 0.70044487
0.43203380 0.00000455 1.93693691 1.88013977 0.70044487
0.58925908 0.00000457 1.93693691 1.97032406 0.70214998
0.58925908 0.00000457 1.93693691 1.97032406 0.70214998
0.58925908 0.00000457 1.93693691 1.97032406 0.70214998
0.58925908 0.00000457 1.93693691 1.97032406 0.70214998
0.58925908 0.00000457 1.93693691 1.97032406 0.70214998
0.58925908 0.00000457 1.93693691 1.97032406 0.70214998
0.81113434 0.00000433 1.98588601 1.97032406 0.80333727
0.81113434 0.00000433 1.98588601 1.97032406 0.80333727
0.81113434 0.00000433 1.79458398 1.76678360 0.80333727
0.81113434 0.00000433 1.79458398 1.76678360 0.80333727
0.81113434 0.00000433 1.79458398 1.76678360 0.80333727
0.81113434 0.00000433 1.79458398 1.76678360 0.80333727
0.81113434 0.00000433 1.79458398 1.76678360 0.80333727
0.81113434 0.00000433 1.79458398 1.76678360 0.80333727
1.07140234 0.00000433 1.35745517 1.76678360 0.90345537
1.07140234 0.00000433 1.35745517 1.76678360 0.90345537
1.07140234 0.00000433 1.35745517 1.76678360 0.90345537
1.07140234 0.00000433 1.35745517 1.76678360 0.90345537
1.07140234 0.00000433 1.35745517 1.76678360 0.90345537
1.07140234 0.00000433 1.35745517 1.76678360 0.90345537
1.07140234 0.00000433 1.35745517 1.76678360 0.90345537
1.07140234 0.00000433 1.35745517 1.76678360 0.90345537
1.07140234 0.00000433 1.35745517 1.76678360 0.90345537
1.07140234 0.00000433 1.35745517 1.76678360 0.90345537
1.07140234 0.00000433 1.35745517 1.76678360 0.90345537
0.88376818 0.00000433 1.33103255 1.36012607 0.83997156
0.88376818 0.00000433 1.33103255 1.36012607 0.83997156
0.88376818 0.00000433 1.33103255 1.36012607 0.83997156
0.88376818 0.00000433 1.33103255 1.36012607 0.83997156
0.88376818 0.00000433 1.33103255 1.36012607 0.83997156
0.88376818 0.00000433 1.33103255 1.36012607 0.83997156
0.88376818 0.00000433 1.33103255 1.36012607 0.83997156
0.88376818 0.00000433 1.33103255 1.36012607 0.83997156
0.88376818 0.00000433 1.33103255 1.36012607 0.83997156
0.88376818 0.00000433 1.33103255 1.36012607 0.83997156
0.88376818 0.00000433 1.33103255 1.36012607 0.83997156
0.88376818 0.00000433 1.33103255 1.36012607 0.83997156
0.88376818 0.00000433 1.33103255 1.36012607 0.83997156
0.88376818 0.00000433 1.33103255 1.36012607 0.83997156
0.88376818 0.00000433 1.33103255 1.36012607 0.83997156
0.88376818 0.00000433 1.33103255 1.36012607 0.83997156
0.88376818 0.00000433 1.33103255 1.36012607 0.83997156
0.88376818 0.00000433 1.33103255 1.36012607 0.83997156
0.88376818 0.00000433 1.33103255 1.36012607 0.83997156
0.88376818 0.00000433 1.33103255 1.36012607 0.83997156
0.88376818 0.00000433 1.33103255 1.36012607 0.83997156
0.88376818 0.00000433 1.33103255 1.36012607 0.83997156
0.88376818 0.00000433 1.33103255 1.36012607 0.83997156
0.88376818 0.00000433 1.33103255 1.36012607 0.83997156
0.88376818 0.00000433 1.33103255 1.36012607 0.83997156
0.88376818 0.00000433 1.33103255 1.36012607 0.83997156
0.88376818 0.00000433 1.33103255 1.36012607 0.83997156
0.88376818 0.00000433 1.33103255 1.36012607 0.83997156
0.88376818 0.00000433 1.33103255 1.36012607 0.83997156
0.88376818 0.00000433 1.33103255 1.36012607 0.83997156
0.88376818 0.00000433 1.33103255 1.36012607 0.83997156
0.88376818 0.00000433 1.33103255 1.36012607 0.83997156
0.88376818 0.00000433 1.33103255 1.36012607 0.83997156
0.88376818 0.00000433 1.33103255 1.36012607 0.83997156
0.88376818 0.00000433 1.33103255 1.36012607 0.83997156
0.88376818 0.00000433 1.33103255 1.36012607 0.83997156
0.88376818 0.00000433 1.33103255 1.36012607 0.83997156
1.65804077 0.00000433 1.34468946 1.97409196 0.90885561
1.65804077 0.00000433 1.34468946 1.97409196 0.90885561
1.65804077 0.00000433 1.34468946 1.97409196 0.90885561
1.65804077 0.00000433 1.34468946 1.97409196 0.90885561
1.65804077 0.00000433 1.34468946 1.97409196 0.90885561
1.65804077 0.00000433 1.34468946 1.97409196 0.90885561
1.65804077 0.00000433 1.34468946 1.97409196 0.90885561
1.65804077 0.00000433 1.34468946 1.97409196 0.90885561
1.65804077 0.00000433 1.34468946 1.97409196 0.90885561
1.65804077 0.00000433 1.34468946 1.97409196 0.90885561
1.65804077 0.00000433 1.34468946 1.97409196 0.90885561
1.65804077 0.00000433 1.34468946 1.97409196 0.90885561
1.65804077 0.00000433 1.34468946 1.97409196 0.90885561
1.65804077 0.00000433 1.34468946 1.97409196 0.90885561
1.65804077 0.00000433 1.34468946 1.97409196 0.90885561
1.65804077 0.00000433 1.34468946 1.97409196 0.90885561
1.65804077 0.00000433 1.34468946 1.97409196 0.90885561
1.65804077 0.00000433 1.34468946 1.97409196 0.90885561
1.65804077 0.00000433 1.34468946 1.97409196 0.90885561
1.65804077 0.00000433 1.34468946 1.97409196 0.90885561
1.65804077 0.00000433 1.34468946 1.97409196 0.90885561
1.65804077 0.00000433 1.34468946 1.97409196 0.90885561
1.65804077 0.00000433 1.34468946 1.97409196 0.90885561
1.65804077 0.00000433 1.34468946 1.97409196 0.90885561
1.65804077 0.00000433 1.34468946 1.97409196 0.90885561
1.65804077 0.00000433 1.34468946 1.97409196 0.90885561
1.65804077 0.00000433 1.34468946 1.97409196 0.90885561
