0.00000000 0.00000000 0.00000000 0.00000000 0.00000000
0.05425050 0.00000400 1.42993847 1.85792881 1.08949044
0.05425050 0.00000400 1.42993847 1.85792881 1.08949044
0.05425050 0.00000400 1.42993847 1.85792881 1.08949044
0.05425050 0.00000383 1.56683743 1.71150873 1.01788743
0.05425050 0.00000383 1.56683743 1.71150873 1.01788743
0.03895362 0.00000394 1.59294864 1.74362404 0.81266890
0.03895362 0.00000394 1.59294864 1.74362404 0.81266890
0.03895362 0.00000396 1.74242744 1.67756139 0.64249169
0.03895362 0.00000396 1.74242744 1.67756139 0.64249169
0.13400688 0.00000398 1.81428872 1.77154526 0.73267307
0.13400688 0.00000398 1.81428872 1.77154526 0.73267307
0.13400688 0.00000398 1.81428872 1.77154526 0.73267307
0.13400688 0.00000398 1.81428872 1.77154526 0.73267307
0.13400688 0.00000398 1.81428872 1.77154526 0.73267307
0.13400688 0.00000398 1.81428872 1.77154526 0.73267307
0.13400688 0.00000398 1.81428872 1.77154526 0.73267307
0.13400688 0.00000398 1.81428872 1.77154526 0.73267307
0.13400688 0.00000398 1.81428872 1.77154526 0.73267307
0.13400688 0.00000398 1.81428872 1.77154526 0.73267307
0.13400688 0.00000398 1.81428872 1.77154526 0.73267307
0.13400688 0.00000398 1.81428872 1.77154526 0.73267307
0.13400688 0.00000398 1.81428872 1.77154526 0.73267307
0.13400688 0.00000398 1.81428872 1.77154526 0.73267307
0.13400688 0.00000398 1.81428872 1.77154526 0.73267307
0.13400688 0.00000398 1.81428872 1.77154526 0.73267307
0.13400688 0.00000398 1.81428872 1.77154526 0.73267307
0.37802499 0.00000418 1.61739972 1.83005920 0.77445976
0.37802499 0.00000418 1.61739972 1.83005920 0.77445976
0.37802499 0.00000418 1.61739972 1.83005920 0.77445976
0.37802499 0.00000418 1.61739972 1.83005920 0.77445976
0.37802499 0.00000418 1.61739972 1.83005920 0.77445976
0.37802499 0.00000418 1.61739972 1.83005920 0.77445976
0.37802499 0.00000418 1.61739972 1.83005920 0.77445976
0.37802499 0.00000418 1.61739972 1.83005920 0.77445976
0.37802499 0.00000418 1.61739972 1.83005920 0.77445976
0.37802499 0.00000418 1.61739972 1.83005920 0.77445976
0.37802499 0.00000418 1.61739972 1.83005920 0.77445976
0.37802499 0.00000418 1.61739972 1.83005920 0.77445976
0.37802499 0.00000418 1.61739972 1.83005920 0.77445976
0.46237292 0.00000426 1.58912455 1.89581217 0.84354715
0.46237292 0.00000426 1.58912455 1.89581217 0.84354715
0.46237292 0.00000426 1.58912455 1.89581217 0.84354715
0.46237292 0.00000426 1.58912455 1.89581217 0.68212054
0.46237292 0.00000426 1.58912455 1.89581217 0.68212054
0.46237292 0.00000426 1.58912455 1.89581217 0.68212054
0.46237292 0.00000426 1.58912455 1.89581217 0.68212054
0.46237292 0.00000426 1.58912455 1.89581217 0.68212054
0.77767411 0.00000426 1.63543755 1.94953744 0.66037236
0.77767411 0.00000426 1.63543755 1.94953744 0.66037236
0.77767411 0.00000426 1.63543755 1.94953744 0.66037236
0.77767411 0.00000426 1.63543755 1.94953744 0.66037236
0.77767411 0.00000426 1.63543755 1.94953744 0.66037236
0.77767411 0.00000426 1.63543755 1.94953744 0.66037236
0.77767411 0.00000426 1.63543755 1.94953744 0.66037236
0.77767411 0.00000426 1.63543755 1.94953744 0.66037236
0.77767411 0.00000426 1.63543755 1.94953744 0.66037236
0.77767411 0.00000426 1.63543755 1.94953744 0.66037236
0.77767411 0.00000426 1.63543755 1.94953744 0.66037236
0.77767411 0.00000426 1.63543755 1.94953744 0.66037236
0.77767411 0.00000426 1.63543755 1.94953744 0.66037236
0.77767411 0.00000426 1.63543755 1.94953744 0.66037236
0.77767411 0.00000426 1.63543755 1.94953744 0.66037236
0.83980638 0.00000426 1.50186527 1.67081308 0.88080379
0.83980638 0.00000426 1.50186527 1.67081308 0.88080379
0.83980638 0.00000426 1.50186527 1.67081308 0.88080379
0.83980638 0.00000426 1.50186527 1.67081308 0.88080379
0.83980638 0.00000426 1.50186527 1.67081308 0.88080379
1.13124512 0.00000426 1.95718544 1.67081308 0.86673818
1.13124512 0.00000426 1.95718544 1.67081308 0.86673818
1.13124512 0.00000426 1.95718544 1.67081308 0.86673818
1.13124512 0.00000426 1.95718544 1.67081308 0.86673818
1.13124512 0.00000426 1.95718544 1.67081308 0.86673818
1.13124512 0.00000426 1.95718544 1.67081308 0.86673818
1.13124512 0.00000426 1.95718544 1.67081308 0.86673818
1.13124512 0.00000426 1.95718544 1.67081308 0.86673818
1.13124512 0.00000426 1.95718544 1.67081308 0.86673818
0.80988212 0.00000426 1.45685637 1.40489824 0.82288985
0.80988212 0.00000426 1.45685637 1.40489824 0.82288985
0.80988212 0.00000426 1.45685637 1.40489824 0.82288985
0.80988212 0.00000426 1.45685637 1.40489824 0.82288985
0.80988212 0.00000426 1.45685637 1.40489824 0.82288985
0.80988212 0.00000426 1.45685637 1.40489824 0.82288985
0.80988212 0.00000426 1.45685637 1.40489824 0.82288985
0.80988212 0.00000426 1.45685637 1.40489824 0.82288985
0.80988212 0.00000426 1.45685637 1.40489824 0.82288985
0.80988212 0.00000426 1.45685637 1.40489824 0.82288985
0.80988212 0.00000426 1.45685637 1.40489824 0.82288985
0.80988212 0.00000426 1.45685637 1.40489824 0.82288985
0.80988212 0.00000426 1.45685637 1.40489824 0.82288985
0.80988212 0.00000426 1.45685637 1.40489824 0.82288985
0.80988212 0.00000426 0.83571145 1.68282737 0.82288985
0.80988212 0.00000426 0.83571145 1.68282737 0.82288985
0.80988212 0.00000426 0.83571145 1.68282737 0.82288985
1.36789062 0.00000426 1.38621218 1.68282737 0.87467322
1.36789062 0.00000426 1.38621218 1.68282737 0.87467322
1.36789062 0.00000426 1.38621218 1.68282737 0.87467322
1.36789062 0.00000426 1.38621218 1.68282737 0.87467322
1.36789062 0.00000426 1.38621218 1.68282737 0.87467322
1.36789062 0.00000426 1.38621218 1.68282737 0.87467322
1.36789062 0.00000426 1.38621218 1.68282737 0.87467322
1.36789062 0.00000426 1.38621218 1.68282737 0.87467322
1.36789062 0.00000426 1.38621218 1.68282737 0.87467322
1.78046339 0.00000426 1.40130594 1.73851066 0.88946848
1.78046339 0.00000426 1.40130594 1.73851066 0.88946848
1.78046339 0.00000426 1.40130594 1.73851066 0.88946848
1.78046339 0.00000426 1.40130594 1.73851066 0.88946848
1.78046339 0.00000426 1.40130594 1.73851066 0.88946848
1.78046339 0.00000426 1.40130594 1.73851066 0.88946848
1.78046339 0.00000426 1.40130594 1.73851066 0.88946848
1.78046339 0.00000426 1.40130594 1.73851066 0.88946848
1.78046339 0.00000426 1.40130594 1.73851066 0.88946848
1.78046339 0.00000426 1.40130594 1.73851066 0.88946848
1.78046339 0.00000426 1.40130594 1.73851066 0.88946848
1.78046339 0.00000426 1.40130594 1.73851066 0.88946848
1.78046339 0.00000426 1.40130594 1.73851066 0.88946848
1.78046339 0.00000426 1.40130594 1.73851066 0.88946848
1.78046339 0.00000426 1.40130594 1.73851066 0.88946848
1.78046339 0.00000426 1.40130594 1.73851066 0.88946848
1.78046339 0.00000426 1.40130594 1.73851066 0.88946848
1.78046339 0.00000426 1.40130594 1.73851066 0.88946848
1.78046339 0.00000426 1.40130594 1.73851066 0.88946848
1.78046339 0.00000426 1.40130594 1.73851066 0.88946848
