0.34325053 0.00000445 1.36263111 1.95183613 1.71625996
0.43307471 0.00000405 1.26833834 1.95183613 1.69471485
0.43307471 0.00000405 1.26833834 1.95183613 1.69471485
0.43307471 0.00000405 1.26833834 1.95183613 1.69471485
0.33593261 0.00000378 1.25561473 1.85068942 1.29322462
0.33593261 0.00000378 1.25561473 1.85068942 1.29322462
0.53202976 0.00000394 1.00997806 1.93394548 1.20146207
0.36626017 0.00000372 1.10373288 1.99563631 1.01045076
0.36626017 0.00000372 1.10373288 1.99563631 1.01045076
0.36626017 0.00000372 1.10373288 1.99563631 1.01045076
0.36626017 0.00000372 1.10373288 1.99563631 1.01045076
0.22916608 0.00000360 1.15623680 1.99563631 0.75442808
0.18103935 0.00000374 1.14860832 1.99563631 0.59889951
0.42498870 0.00000347 1.13408038 1.88203236 0.76081936
0.42498870 0.00000347 1.13408038 1.88203236 0.76081936
0.59150690 0.00000350 1.20814930 1.84582867 0.65534349
0.59150690 0.00000350 1.20814930 1.84582867 0.65534349
0.59150690 0.00000350 1.20814930 1.84582867 0.65534349
0.59150690 0.00000350 1.20814930 1.84582867 0.65534349
0.62045278 0.00000372 1.16525088 1.75690265 0.82433423
0.62045278 0.00000372 1.16525088 1.75690265 0.82433423
0.62045278 0.00000372 1.16525088 1.75690265 0.82433423
0.62045278 0.00000372 1.16525088 1.75690265 0.82433423
0.62045278 0.00000372 1.16525088 1.75690265 0.82433423
0.62045278 0.00000372 1.16525088 1.75690265 0.82433423
0.74028197 0.00000391 1.07664942 1.68699643 0.65719609
0.74028197 0.00000391 1.07664942 1.68699643 0.65719609
0.77296419 0.00000365 0.94763581 1.68582413 0.79709749
0.77296419 0.00000365 0.94763581 1.68582413 0.79709749
0.77296419 0.00000365 0.94763581 1.68582413 0.79709749
0.77296419 0.00000365 0.94763581 1.68582413 0.79709749
0.77296419 0.00000365 0.94763581 1.68582413 0.79709749
0.77296419 0.00000365 0.94763581 1.68582413 0.79709749
0.77296419 0.00000365 0.94763581 1.68582413 0.79709749
0.77296419 0.00000365 0.94763581 1.68582413 0.79709749
0.77296419 0.00000365 0.94763581 1.68582413 0.79709749
0.77296419 0.00000365 0.94763581 1.68582413 0.79709749
0.77296419 0.00000365 0.94763581 1.68582413 0.79709749
0.77296419 0.00000365 0.94763581 1.68582413 0.79709749
0.77296419 0.00000365 0.94763581 1.68582413 0.79709749
0.77296419 0.00000365 0.94763581 1.68582413 0.79709749
0.77296419 0.00000365 0.94763581 1.68582413 0.79709749
0.77296419 0.00000365 0.94763581 1.68582413 0.79709749
0.77296419 0.00000365 0.94763581 1.68582413 0.79709749
0.77296419 0.00000365 0.94763581 1.68582413 0.79709749
0.77296419 0.00000365 0.94763581 1.68582413 0.79709749
0.77296419 0.00000365 0.94763581 1.68582413 0.79709749
0.77296419 0.00000365 0.94763581 1.68582413 0.79709749
0.77296419 0.00000365 0.94763581 1.68582413 0.79709749
0.77296419 0.00000365 0.94763581 1.68582413 0.79709749
0.77296419 0.00000365 0.94763581 1.68582413 0.79709749
0.77296419 0.00000365 0.94763581 1.68582413 0.79709749
0.94506458 0.00000365 0.89386832 1.29215235 0.79709749
0.94506458 0.00000365 0.89386832 1.29215235 0.79709749
0.94506458 0.00000365 0.89386832 1.29215235 0.79709749
0.94506458 0.00000365 0.89386832 1.29215235 0.79709749
0.94506458 0.00000365 0.89386832 1.29215235 0.79709749
1.55836566 0.00000365 0.83783932 1.13948882 0.79965740
1.55836566 0.00000365 0.83783932 1.13948882 0.79965740
2.16671758 0.00000365 0.87428680 1.70227186 1.02677190
2.16671758 0.00000365 0.87428680 1.70227186 1.02677190
2.16671758 0.00000365 0.87428680 1.70227186 1.02677190
2.60162245 0.00000365 0.76277897 1.74073927 1.02677190
2.60162245 0.00000365 0.76277897 1.74073927 1.02677190
2.60162245 0.00000365 0.76277897 1.74073927 1.02677190
2.60162245 0.00000365 0.76277897 1.74073927 1.02677190
2.60162245 0.00000365 0.76277897 1.74073927 1.02677190
2.60162245 0.00000365 0.76277897 1.74073927 1.02677190
2.60162245 0.00000365 0.76277897 1.74073927 1.02677190
2.60162245 0.00000365 0.76277897 1.74073927 1.02677190
2.60162245 0.00000365 0.76277897 1.74073927 1.02677190
2.60162245 0.00000365 0.76277897 1.74073927 1.02677190
2.60162245 0.00000365 0.76277897 1.74073927 1.02677190
2.60162245 0.00000365 0.76277897 1.74073927 1.02677190
2.60162245 0.00000365 0.76277897 1.74073927 1.02677190
2.60162245 0.00000365 0.76277897 1.74073927 1.02677190
2.60162245 0.00000365 0.76277897 1.74073927 1.02677190
2.60162245 0.00000365 0.76277897 1.74073927 1.02677190
2.60162245 0.00000365 0.76277897 1.74073927 1.02677190
2.60162245 0.00000365 0.76277897 1.74073927 1.02677190
2.60162245 0.00000365 0.76277897 1.74073927 1.02677190
2.60162245 0.00000365 0.76277897 1.74073927 1.02677190
2.60162245 0.00000365 0.76277897 1.74073927 1.02677190
2.60162245 0.00000365 0.76277897 1.74073927 1.02677190
2.60162245 0.00000365 0.76277897 1.74073927 1.02677190
2.60162245 0.00000365 0.76277897 1.74073927 1.02677190
2.60162245 0.00000365 0.76277897 1.74073927 1.02677190
2.60162245 0.00000365 0.76277897 1.74073927 1.02677190
2.60162245 0.00000365 0.76277897 1.74073927 1.02677190
2.60162245 0.00000365 0.76277897 1.74073927 1.02677190
2.60162245 0.00000365 0.76277897 1.74073927 1.02677190
2.60162245 0.00000365 0.76277897 1.74073927 1.02677190
2.60162245 0.00000365 0.76277897 1.74073927 1.02677190
2.60162245 0.00000365 0.76277897 1.74073927 1.02677190
2.60162245 0.00000365 0.76277897 1.74073927 1.02677190
2.60162245 0.00000365 0.76277897 1.74073927 1.02677190
2.60162245 0.00000365 0.76277897 1.74073927 1.02677190
2.60162245 0.00000365 0.76277897 1.74073927 1.02677190
2.60162245 0.00000365 0.76277897 1.74073927 1.02677190
2.60162245 0.00000365 0.76277897 1.74073927 1.02677190
2.60162245 0.00000365 0.76277897 1.74073927 1.02677190
2.60162245 0.00000365 0.76277897 1.74073927 1.02677190
2.60162245 0.00000365 0.76277897 1.74073927 1.02677190
2.60162245 0.00000365 0.76277897 1.74073927 1.02677190
2.60162245 0.00000365 0.76277897 1.74073927 1.02677190
2.60162245 0.00000365 0.76277897 1.74073927 1.02677190
2.60162245 0.00000365 0.76277897 1.74073927 1.02677190
2.60162245 0.00000365 0.76277897 1.74073927 1.02677190
2.60162245 0.00000365 0.76277897 1.74073927 1.02677190
2.60162245 0.00000365 0.76277897 1.74073927 1.02677190
2.60162245 0.00000365 0.76277897 1.74073927 1.02677190
2.60162245 0.00000365 0.76277897 1.74073927 1.02677190
2.60162245 0.00000365 0.76277897 1.74073927 1.02677190
2.60162245 0.00000365 0.76277897 1.74073927 1.02677190
2.60162245 0.00000365 0.76277897 1.74073927 1.02677190
2.60162245 0.00000365 0.76277897 1.74073927 1.02677190
2.60162245 0.00000365 0.76277897 1.74073927 1.02677190
2.60162245 0.00000365 0.76277897 1.74073927 1.02677190
2.60162245 0.00000365 0.76277897 1.74073927 1.02677190
2.60162245 0.00000365 0.76277897 1.74073927 1.02677190
2.60162245 0.00000365 0.76277897 1.74073927 1.02677190
2.60162245 0.00000365 0.76277897 1.74073927 1.02677190
2.60162245 0.00000365 0.76277897 1.74073927 1.02677190
2.60162245 0.00000365 0.76277897 1.74073927 1.02677190
