0.00000000 0.00000000 0.00000000 0.00000000 0.00000000
0.05425050 0.00000450 1.19253107 1.97989402 1.48343228
0.11690508 0.00000446 1.09490832 1.99044974 1.45043316
0.11690508 0.00000446 1.09490832 1.99044974 1.45043316
0.11690508 0.00000446 1.09490832 1.99044974 1.45043316
0.12502058 0.00000469 1.04194464 1.91667364 1.48903735
0.22960918 0.00000483 1.07482449 1.78720619 0.80202195
0.22960918 0.00000483 1.07482449 1.78720619 0.80202195
0.16397490 0.00000499 1.06274825 1.78883648 0.73207511
0.16397490 0.00000499 1.06274825 1.78883648 0.73207511
0.25069526 0.00000508 1.21828627 1.78883648 0.77552328
0.34545377 0.00000540 1.14096832 1.95233554 0.67677398
0.34545377 0.00000540 1.14096832 1.95233554 0.67677398
0.34545377 0.00000540 1.14096832 1.95233554 0.67677398
0.34545377 0.00000540 1.14096832 1.95233554 0.67677398
0.34545377 0.00000540 1.14096832 1.95233554 0.67677398
0.37210497 0.00000543 1.10349724 1.93587628 0.70433351
0.37210497 0.00000543 1.10349724 1.93587628 0.70433351
0.37210497 0.00000543 1.10349724 1.93587628 0.70433351
0.37210497 0.00000543 1.10349724 1.93587628 0.70433351
0.37210497 0.00000543 1.10349724 1.93587628 0.70433351
0.37210497 0.00000543 1.10349724 1.93587628 0.70433351
0.37210497 0.00000543 1.10349724 1.93587628 0.70433351
0.53123700 0.00000526 1.07995191 1.83869301 0.90447631
0.53123700 0.00000526 1.07995191 1.83869301 0.90447631
0.53123700 0.00000526 1.07995191 1.83869301 0.90447631
0.53123700 0.00000526 1.07995191 1.83869301 0.90447631
0.53123700 0.00000526 1.07995191 1.83869301 0.90447631
0.53123700 0.00000526 1.07995191 1.83869301 0.90447631
0.53123700 0.00000526 1.07995191 1.83869301 0.90447631
0.53123700 0.00000526 1.07995191 1.83869301 0.90447631
0.53123700 0.00000526 1.07995191 1.83869301 0.90447631
0.53123700 0.00000526 1.07995191 1.83869301 0.90447631
0.53123700 0.00000526 1.07995191 1.83869301 0.90447631
0.53123700 0.00000526 1.07995191 1.83869301 0.90447631
0.53123700 0.00000526 1.07995191 1.83869301 0.90447631
0.53123700 0.00000526 1.07995191 1.83869301 0.90447631
0.53123700 0.00000526 1.07995191 1.83869301 0.90447631
0.57627055 0.00000512 1.08749685 1.76589853 0.80969177
0.57627055 0.00000512 1.08749685 1.76589853 0.80969177
0.57627055 0.00000512 1.08749685 1.76589853 0.80969177
0.57627055 0.00000512 1.08749685 1.76589853 0.80969177
0.57627055 0.00000512 1.08749685 1.76589853 0.80969177
0.57627055 0.00000512 1.08749685 1.76589853 0.80969177
0.57627055 0.00000512 1.08749685 1.76589853 0.80969177
0.57627055 0.00000512 1.08749685 1.76589853 0.80969177
0.57627055 0.00000512 1.08749685 1.76589853 0.80969177
0.57627055 0.00000512 1.08749685 1.76589853 0.80969177
0.57627055 0.00000512 1.08749685 1.76589853 0.80969177
0.57627055 0.00000512 1.08749685 1.76589853 0.80969177
0.57627055 0.00000512 1.08749685 1.76589853 0.80969177
0.57627055 0.00000512 1.08749685 1.76589853 0.80969177
0.57627055 0.00000512 1.08749685 1.76589853 0.80969177
0.57627055 0.00000512 1.08749685 1.76589853 0.80969177
0.57627055 0.00000512 1.08749685 1.76589853 0.80969177
0.57627055 0.00000512 1.08749685 1.76589853 0.80969177
0.57627055 0.00000512 1.08749685 1.76589853 0.80969177
0.57627055 0.00000512 1.08749685 1.76589853 0.80969177
0.57627055 0.00000512 1.08749685 1.76589853 0.80969177
0.57627055 0.00000512 1.08749685 1.76589853 0.80969177
0.57627055 0.00000512 1.08749685 1.76589853 0.80969177
0.57627055 0.00000512 1.08749685 1.76589853 0.80969177
0.57627055 0.00000512 1.08749685 1.76589853 0.80969177
0.57627055 0.00000512 1.08749685 1.76589853 0.80969177
0.57627055 0.00000512 1.08749685 1.76589853 0.80969177
0.57627055 0.00000512 1.08749685 1.76589853 0.80969177
0.57627055 0.00000512 1.08749685 1.76589853 0.80969177
0.57627055 0.00000512 1.08749685 1.76589853 0.80969177
0.57627055 0.00000512 1.08749685 1.76589853 0.80969177
0.57627055 0.00000512 1.08749685 1.76589853 0.80969177
0.57627055 0.00000512 1.08749685 1.76589853 0.80969177
0.57627055 0.00000512 1.08749685 1.76589853 0.80969177
0.57627055 0.00000512 1.08749685 1.76589853 0.80969177
0.57627055 0.00000512 1.08749685 1.76589853 0.80969177
0.57627055 0.00000512 1.08749685 1.76589853 0.80969177
0.57627055 0.00000512 1.08749685 1.76589853 0.80969177
0.57627055 0.00000512 1.08749685 1.76589853 0.80969177
0.57627055 0.00000512 1.08749685 1.76589853 0.80969177
0.57627055 0.00000512 1.08749685 1.76589853 0.80969177
0.57627055 0.00000512 1.08749685 1.76589853 0.80969177
0.57627055 0.00000512 1.08749685 1.76589853 0.80969177
0.57627055 0.00000512 1.08749685 1.76589853 0.80969177
0.57627055 0.00000512 1.08749685 1.76589853 0.80969177
0.57627055 0.00000512 1.08749685 1.76589853 0.80969177
0.57627055 0.00000512 1.08749685 1.76589853 0.80969177
0.57627055 0.00000512 1.08749685 1.76589853 0.80969177
0.57627055 0.00000512 1.08749685 1.76589853 0.80969177
0.57627055 0.00000512 1.08749685 1.76589853 0.80969177
0.57627055 0.00000512 1.08749685 1.76589853 0.80969177
0.57627055 0.00000512 1.08749685 1.76589853 0.80969177
0.57627055 0.00000512 1.08749685 1.76589853 0.80969177
0.57627055 0.00000512 1.08749685 1.76589853 0.80969177
0.57627055 0.00000512 1.08749685 1.76589853 0.80969177
0.57627055 0.00000512 1.08749685 1.76589853 0.80969177
0.57627055 0.00000512 1.08749685 1.76589853 0.80969177
0.57627055 0.00000512 1.08749685 1.76589853 0.80969177
0.57627055 0.00000512 1.08749685 1.76589853 0.80969177
0.57627055 0.00000512 1.08749685 1.76589853 0.80969177
0.87541889 0.00000512 0.97966438 1.76589853 0.94394576
0.87541889 0.00000512 0.97966438 1.76589853 0.94394576
0.95624456 0.00000512 0.97048050 0.80485064 0.94394576
0.95624456 0.00000512 0.97048050 0.80485064 0.94394576
0.95624456 0.00000512 0.97048050 0.80485064 0.94394576
0.95624456 0.00000512 0.97048050 0.80485064 0.94394576
0.95624456 0.00000512 0.97048050 0.80485064 0.94394576
0.95624456 0.00000512 0.97048050 0.80485064 0.94394576
0.95624456 0.00000512 0.97048050 0.80485064 0.94394576
0.95624456 0.00000512 0.97048050 0.80485064 0.94394576
0.95624456 0.00000512 0.97048050 0.80485064 0.94394576
0.95624456 0.00000512 0.97048050 0.80485064 0.94394576
0.95624456 0.00000512 0.97048050 0.80485064 0.94394576
0.95624456 0.00000512 0.97048050 0.80485064 0.94394576
1.13868043 0.00000512 1.31310287 1.27190882 0.92823886
1.13868043 0.00000512 1.31310287 1.27190882 0.92823886
1.13868043 0.00000512 1.31310287 1.27190882 0.92823886
1.13868043 0.00000512 1.31310287 1.27190882 0.92823886
1.13868043 0.00000512 1.31310287 1.27190882 0.92823886
1.13868043 0.00000512 1.31310287 1.27190882 0.92823886
1.13868043 0.00000512 1.31310287 1.27190882 0.92823886
1.13868043 0.00000512 1.31310287 1.27190882 0.92823886
1.13868043 0.00000512 1.31310287 1.27190882 0.92823886
1.13868043 0.00000512 1.31310287 1.27190882 0.92823886
1.13868043 0.00000512 1.31310287 1.27190882 0.92823886
