0.38239838 0.00000426 1.44083031 1.98470171 1.38577497
0.38239838 0.00000426 1.44083031 1.98470171 1.38577497
0.31112069 0.00000445 1.66838562 1.98470171 1.04079161
0.31112069 0.00000445 1.66838562 1.98470171 1.04079161
0.31112069 0.00000445 1.66838562 1.98470171 1.04079161
0.33988617 0.00000464 1.72351432 1.78845359 0.95545993
0.55343400 0.00000457 1.70492033 1.72293654 0.95599043
0.55343400 0.00000457 1.70492033 1.72293654 0.95599043
0.62083774 0.00000442 1.69549855 1.83008606 0.68160330
0.77529536 0.00000450 1.75810981 1.72558383 0.78288719
0.77529536 0.00000450 1.75810981 1.72558383 0.78288719
0.77529536 0.00000450 1.75810981 1.72558383 0.78288719
0.77529536 0.00000450 1.75810981 1.72558383 0.78288719
0.77529536 0.00000450 1.75810981 1.72558383 0.78288719
0.77529536 0.00000450 1.75810981 1.72558383 0.78288719
0.77529536 0.00000450 1.75810981 1.72558383 0.78288719
0.77529536 0.00000450 1.75810981 1.72558383 0.78288719
0.77529536 0.00000450 1.75810981 1.72558383 0.78288719
0.77529536 0.00000450 1.75810981 1.72558383 0.78288719
0.77529536 0.00000450 1.75810981 1.72558383 0.78288719
0.77529536 0.00000450 1.75810981 1.72558383 0.78288719
0.77529536 0.00000450 1.75810981 1.72558383 0.78288719
0.77529536 0.00000450 1.75810981 1.72558383 0.78288719
0.77529536 0.00000450 1.75810981 1.72558383 0.78288719
0.77529536 0.00000450 1.75810981 1.72558383 0.78288719
0.77529536 0.00000450 1.75810981 1.72558383 0.78288719
0.77529536 0.00000450 1.75810981 1.72558383 0.78288719
0.77529536 0.00000450 1.75810981 1.72558383 0.78288719
0.77529536 0.00000450 1.75810981 1.72558383 0.78288719
0.77529536 0.00000450 1.75810981 1.72558383 0.78288719
0.77529536 0.00000450 1.75810981 1.72558383 0.78288719
0.77529536 0.00000450 1.75810981 1.72558383 0.78288719
0.77529536 0.00000450 1.75810981 1.72558383 0.78288719
0.77529536 0.00000450 1.75810981 1.72558383 0.78288719
0.77529536 0.00000450 1.75810981 1.72558383 0.78288719
0.77529536 0.00000450 1.75810981 1.72558383 0.78288719
0.77529536 0.00000450 1.75810981 1.72558383 0.78288719
0.77529536 0.00000450 1.75810981 1.72558383 0.78288719
0.77529536 0.00000450 1.75810981 1.72558383 0.78288719
0.77529536 0.00000450 1.75810981 1.72558383 0.78288719
0.77529536 0.00000450 1.75810981 1.72558383 0.78288719
0.77529536 0.00000450 1.75810981 1.72558383 0.78288719
0.77529536 0.00000450 1.75810981 1.72558383 0.78288719
0.77529536 0.00000450 1.75810981 1.72558383 0.78288719
0.77529536 0.00000450 1.75810981 1.72558383 0.78288719
0.77529536 0.00000450 1.75810981 1.72558383 0.78288719
0.77529536 0.00000450 1.75810981 1.72558383 0.78288719
0.77529536 0.00000450 1.75810981 1.72558383 0.78288719
0.77529536 0.00000450 1.75810981 1.72558383 0.78288719
0.77529536 0.00000450 1.75810981 1.72558383 0.78288719
0.77529536 0.00000450 1.75810981 1.72558383 0.78288719
0.77529536 0.00000450 1.75810981 1.72558383 0.78288719
0.77529536 0.00000450 1.75810981 1.72558383 0.78288719
0.77529536 0.00000450 1.75810981 1.72558383 0.78288719
0.77529536 0.00000450 1.75810981 1.72558383 0.78288719
0.77529536 0.00000450 1.75810981 1.72558383 0.78288719
0.77529536 0.00000450 1.75810981 1.72558383 0.78288719
0.77529536 0.00000450 1.75810981 1.72558383 0.78288719
0.77529536 0.00000450 1.75810981 1.72558383 0.78288719
0.77529536 0.00000450 1.75810981 1.72558383 0.78288719
0.77529536 0.00000450 1.75810981 1.72558383 0.78288719
0.77529536 0.00000450 1.75810981 1.72558383 0.78288719
0.77529536 0.00000450 1.75810981 1.72558383 0.78288719
0.77529536 0.00000450 1.75810981 1.72558383 0.78288719
0.77529536 0.00000450 1.75810981 1.72558383 0.78288719
0.77529536 0.00000450 1.75810981 1.72558383 0.78288719
0.77529536 0.00000450 1.75810981 1.72558383 0.78288719
0.77529536 0.00000450 1.75810981 1.72558383 0.78288719
0.77529536 0.00000450 1.75810981 1.72558383 0.78288719
0.77529536 0.00000450 1.75810981 1.72558383 0.78288719
0.77529536 0.00000450 1.75810981 1.72558383 0.78288719
0.77529536 0.00000450 1.75810981 1.72558383 0.78288719
0.77529536 0.00000450 1.75810981 1.72558383 0.78288719
0.77529536 0.00000450 1.75810981 1.72558383 0.78288719
0.77529536 0.00000450 1.75810981 1.72558383 0.78288719
0.77529536 0.00000450 1.75810981 1.72558383 0.78288719
0.77529536 0.00000450 1.75810981 1.72558383 0.78288719
0.77529536 0.00000450 1.75810981 1.72558383 0.78288719
0.77529536 0.00000450 1.75810981 1.72558383 0.78288719
0.77529536 0.00000450 1.75810981 1.72558383 0.78288719
1.21350002 0.00000450 1.06890834 1.30159266 0.92923757
1.21350002 0.00000450 1.06890834 1.30159266 0.92923757
1.21350002 0.00000450 1.06890834 1.30159266 0.92923757
1.21350002 0.00000450 1.06890834 1.30159266 0.92923757
1.21350002 0.00000450 1.06890834 1.30159266 0.92923757
1.21350002 0.00000450 1.06890834 1.30159266 0.92923757
1.21350002 0.00000450 1.06890834 1.30159266 0.92923757
1.21350002 0.00000450 1.06890834 1.30159266 0.92923757
1.21350002 0.00000450 1.06890834 1.30159266 0.92923757
1.21350002 0.00000450 1.06890834 1.30159266 0.92923757
1.21350002 0.00000450 1.06890834 1.30159266 0.92923757
1.21350002 0.00000450 1.06890834 1.30159266 0.92923757
1.21350002 0.00000450 1.06890834 1.30159266 0.92923757
1.21350002 0.00000450 1.06890834 1.30159266 0.92923757
1.21350002 0.00000450 1.06890834 1.30159266 0.92923757
1.21350002 0.00000450 1.06890834 1.30159266 0.92923757
1.21350002 0.00000450 1.06890834 1.30159266 0.92923757
1.21350002 0.00000450 1.06890834 1.30159266 0.92923757
1.21350002 0.00000450 1.06890834 1.30159266 0.92923757
1.21350002 0.00000450 1.06890834 1.30159266 0.92923757
1.21350002 0.00000450 1.06890834 1.30159266 0.92923757
1.21350002 0.00000450 1.06890834 1.30159266 0.92923757
1.21350002 0.00000450 1.06890834 1.30159266 0.92923757
1.35148843 0.00000450 0.11350911 1.40575843 0.89214017
1.35148843 0.00000450 0.11350911 1.40575843 0.89214017
1.35148843 0.00000450 0.11350911 1.40575843 0.89214017
1.35148843 0.00000450 0.11350911 1.40575843 0.89214017
1.35148843 0.00000450 0.11350911 1.40575843 0.89214017
1.35148843 0.00000450 0.11350911 1.40575843 0.89214017
1.35148843 0.00000450 0.11350911 1.40575843 0.89214017
1.35148843 0.00000450 0.11350911 1.40575843 0.89214017
1.35148843 0.00000450 0.11350911 1.40575843 0.89214017
1.35148843 0.00000450 0.11350911 1.40575843 0.89214017
1.35148843 0.00000450 0.11350911 1.40575843 0.89214017
1.35148843 0.00000450 0.11350911 1.40575843 0.89214017
1.35148843 0.00000450 0.11350911 1.40575843 0.89214017
1.35148843 0.00000450 0.11350911 1.40575843 0.89214017
1.35148843 0.00000450 0.11350911 1.40575843 0.89214017
1.35148843 0.00000450 0.11350911 1.40575843 0.89214017
1.35148843 0.00000450 0.11350911 1.40575843 0.89214017
1.35148843 0.00000450 0.11350911 1.40575843 0.89214017
1.35148843 0.00000450 0.11350911 1.40575843 0.89214017
1.35148843 0.00000450 0.11350911 1.40575843 0.89214017
1.35148843 0.00000450 0.11350911 1.40575843 0.89214017
