0.00000000 0.00000000 0.00000000 0.00000000 0.00000000
0.00000000 0.00000000 0.00000000 0.00000000 0.00000000
0.12246069 0.00000438 1.30454647 1.90512653 1.49922241
0.14979310 0.00000459 1.25608233 1.93495302 0.99776953
0.06895065 0.00000443 1.20272368 1.88530482 0.67701086
0.20165430 0.00000418 1.20308402 1.79347136 0.70291454
0.20165430 0.00000418 1.20308402 1.79347136 0.70291454
0.20165430 0.00000418 1.20308402 1.79347136 0.70291454
0.20165430 0.00000418 1.20308402 1.79347136 0.70291454
0.20165430 0.00000418 1.20308402 1.79347136 0.70291454
0.20165430 0.00000418 1.20308402 1.79347136 0.70291454
0.20165430 0.00000418 1.20308402 1.79347136 0.70291454
0.20165430 0.00000418 1.20308402 1.79347136 0.70291454
0.36044865 0.00000407 1.12858068 1.72405194 0.76599423
0.36044865 0.00000407 1.12858068 1.72405194 0.76599423
0.36044865 0.00000407 1.12858068 1.72405194 0.76599423
0.36044865 0.00000407 1.12858068 1.72405194 0.76599423
0.36044865 0.00000407 1.12858068 1.72405194 0.76599423
0.36044865 0.00000407 1.12858068 1.72405194 0.76599423
0.36044865 0.00000407 1.12858068 1.72405194 0.76599423
0.36044865 0.00000407 1.12858068 1.72405194 0.76599423
0.36044865 0.00000407 1.12858068 1.72405194 0.76599423
0.42533991 0.00000410 1.13385783 1.62601165 0.67968189
0.76325610 0.00000395 1.09087729 1.69751100 0.65633394
0.76325610 0.00000395 1.09087729 1.69751100 0.65633394
0.76325610 0.00000395 1.09087729 1.69751100 0.65633394
0.76325610 0.00000395 1.09087729 1.69751100 0.65633394
0.76325610 0.00000395 1.09087729 1.69751100 0.65633394
0.76325610 0.00000395 1.09087729 1.69751100 0.65633394
0.76325610 0.00000395 1.09087729 1.69751100 0.65633394
0.76325610 0.00000395 1.09087729 1.69751100 0.65633394
0.76325610 0.00000395 1.09087729 1.69751100 0.65633394
0.76325610 0.00000395 1.09087729 1.69751100 0.65633394
0.76325610 0.00000395 1.09087729 1.69751100 0.65633394
0.76325610 0.00000395 1.09087729 1.69751100 0.65633394
0.76325610 0.00000395 1.09087729 1.69751100 0.65633394
0.76325610 0.00000395 1.09087729 1.69751100 0.65633394
0.76325610 0.00000395 1.09087729 1.69751100 0.65633394
0.76325610 0.00000395 1.09087729 1.69751100 0.65633394
0.82000465 0.00000405 1.20310526 1.60928178 0.77508999
0.82000465 0.00000405 1.20310526 1.60928178 0.77508999
0.82000465 0.00000405 1.20310526 1.60928178 0.77508999
0.82000465 0.00000405 1.20310526 1.60928178 0.77508999
0.82000465 0.00000405 1.20310526 1.60928178 0.77508999
0.77527570 0.00000405 0.95724275 0.95820205 0.77508999
0.77527570 0.00000405 0.95724275 0.95820205 0.77508999
0.77527570 0.00000405 0.95724275 0.95820205 0.77508999
0.77527570 0.00000405 0.95724275 0.95820205 0.77508999
0.77527570 0.00000405 0.95724275 0.95820205 0.77508999
0.77527570 0.00000405 0.95724275 0.95820205 0.77508999
0.77527570 0.00000405 0.95724275 0.95820205 0.77508999
0.77527570 0.00000405 0.95724275 0.95820205 0.77508999
0.77527570 0.00000405 0.95724275 0.95820205 0.77508999
0.77527570 0.00000405 1.02197003 0.37441304 0.77508999
0.77527570 0.00000405 1.02197003 0.37441304 0.77508999
0.77527570 0.00000405 1.02197003 0.37441304 0.77508999
0.77527570 0.00000405 1.02197003 0.37441304 0.77508999
0.77527570 0.00000405 1.02197003 0.37441304 0.77508999
0.77527570 0.00000405 1.02197003 0.37441304 0.77508999
0.77527570 0.00000405 1.02197003 0.37441304 0.77508999
0.77527570 0.00000405 1.02197003 0.37441304 0.77508999
0.77527570 0.00000405 1.02197003 0.37441304 0.77508999
0.77527570 0.00000405 1.02197003 0.37441304 0.77508999
0.77527570 0.00000405 1.02197003 0.37441304 0.77508999
0.77527570 0.00000405 1.02197003 0.37441304 0.77508999
1.07076396 0.00000405 0.99990056 0.37441304 0.77508999
1.07076396 0.00000405 0.99990056 0.37441304 0.77508999
1.07076396 0.00000405 0.99990056 0.37441304 0.77508999
1.07076396 0.00000405 0.99990056 0.37441304 0.77508999
1.07076396 0.00000405 0.99990056 0.37441304 0.77508999
1.07076396 0.00000405 0.99990056 0.37441304 0.77508999
0.99420742 0.00000405 1.65934736 0.94549697 0.78890470
0.99420742 0.00000405 1.65934736 0.94549697 0.78890470
0.99420742 0.00000405 1.65934736 0.94549697 0.78890470
0.99420742 0.00000405 1.65934736 0.94549697 0.78890470
0.99420742 0.00000405 1.65934736 0.94549697 0.78890470
0.99420742 0.00000405 1.65934736 0.94549697 0.78890470
0.99420742 0.00000405 1.65934736 0.94549697 0.78890470
0.99420742 0.00000405 1.65934736 0.94549697 0.78890470
0.99420742 0.00000405 1.65934736 0.94549697 0.78890470
0.99420742 0.00000405 1.65934736 0.94549697 0.78890470
0.99420742 0.00000405 1.65934736 0.94549697 0.78890470
0.99420742 0.00000405 1.65934736 0.94549697 0.78890470
0.99420742 0.00000405 1.65934736 0.94549697 0.78890470
0.99420742 0.00000405 1.65934736 0.94549697 0.78890470
0.99420742 0.00000405 1.65934736 0.94549697 0.78890470
0.99420742 0.00000405 1.65934736 0.94549697 0.78890470
0.99420742 0.00000405 1.65934736 0.94549697 0.78890470
0.99420742 0.00000405 1.65934736 0.94549697 0.78890470
1.47645238 0.00000405 1.63078805 0.34408721 0.86533647
1.47645238 0.00000405 1.63078805 0.34408721 0.86533647
2.14274899 0.00000405 1.26727250 0.34408721 0.97361521
2.14274899 0.00000405 1.26727250 0.34408721 0.97361521
2.14274899 0.00000405 1.26727250 0.34408721 0.97361521
2.14274899 0.00000405 1.26727250 0.34408721 0.97361521
2.14274899 0.00000405 1.26727250 0.34408721 0.97361521
2.14274899 0.00000405 1.26727250 0.34408721 0.97361521
2.14274899 0.00000405 1.26727250 0.34408721 0.97361521
2.14274899 0.00000405 1.26727250 0.34408721 0.97361521
2.14274899 0.00000405 1.26727250 0.34408721 0.97361521
2.14274899 0.00000405 1.26727250 0.34408721 0.97361521
2.14274899 0.00000405 1.26727250 0.34408721 0.97361521
2.14274899 0.00000405 1.26727250 0.34408721 0.97361521
2.14274899 0.00000405 1.26727250 0.34408721 0.97361521
2.14274899 0.00000405 1.26727250 0.34408721 0.97361521
2.14274899 0.00000405 1.26727250 0.34408721 0.97361521
2.14274899 0.00000405 1.26727250 0.34408721 0.97361521
2.14274899 0.00000405 1.26727250 0.34408721 0.97361521
2.14274899 0.00000405 1.26727250 0.34408721 0.97361521
2.14274899 0.00000405 1.26727250 0.34408721 0.97361521
2.14274899 0.00000405 1.26727250 0.34408721 0.97361521
2.14274899 0.00000405 1.26727250 0.34408721 0.97361521
2.14274899 0.00000405 1.26727250 0.34408721 0.97361521
2.14274899 0.00000405 1.26727250 0.34408721 0.97361521
2.14274899 0.00000405 1.26727250 0.34408721 0.97361521
2.14274899 0.00000405 1.26727250 0.34408721 0.97361521
2.14274899 0.00000405 1.26727250 0.34408721 0.97361521
2.14274899 0.00000405 1.26727250 0.34408721 0.97361521
2.14274899 0.00000405 1.26727250 0.34408721 0.97361521
2.14274899 0.00000405 1.26727250 0.34408721 0.97361521
2.14274899 0.00000405 1.26727250 0.34408721 0.97361521
2.14274899 0.00000405 1.26727250 0.34408721 0.97361521
2.14274899 0.00000405 1.26727250 0.34408721 0.97361521
