-67037.84
-66099.26
-65921.71
-63058.94
-66287.81
-62787.40
-65356.08
-65040.14
-63754.06
-61841.05
-62961.60
-66254.85
-62072.97
-61955.03
-67503.00
-64360.63
-64631.85
-66325.02
-64362.84
-64787.68
-65045.64
-65916.10
-64988.58
-65104.09
-63174.23
-64315.13
-63515.90
-63893.35
-64070.97
-65844.73
-64287.72
-64441.08
-64631.42
-64697.59
-63779.89
-63067.84
-64013.52
-63742.29
-62709.21
-66744.60
-66388.65
-63332.40
-61682.41
-68819.95
-65844.21
-64611.53
-61682.41
-63985.52
-63447.19
-61334.35
-62110.12
-61723.72
-63093.27
-61468.83
-65460.73
-61739.54
-67125.08
-61641.30
-62246.95
-66664.37
-61861.56
-63132.31
-65330.46
-65742.98
-62695.84
-63905.07
-66130.94
-65332.01
-63929.02
-68620.47
-63482.54
-63251.95
-67804.15
-64007.04
-66666.65
-64452.25
-64975.38
-63639.14
-64255.10
-65330.46
-63350.22
-63086.56
-63425.27
-65169.24
-65406.75
-64436.58
-67024.84
-63525.37
-62731.06
-63268.91
-62523.84
-62590.45
-66514.91
-62338.62
-64168.59
-62949.16
-62527.56
-63202.02
-65434.57
-65937.34
-63823.57
-62278.05
-62113.45
-66471.88
-66603.56
-64039.27
-62316.87
-65330.46
-67060.57
-65197.96
-63966.89
-58101.04
-66894.06
-63604.25
-63552.93
-68207.81
-61582.99
-69114.66
-64992.62
-64238.10
-65239.40
-66890.33
-64751.53
