-99638.41
-97035.30
-97911.06
-99798.98
-98577.65
-95427.18
-96686.48
-93573.49
-96699.88
-91232.85
-90864.56
-92962.72
-93784.44
-94600.06
-101106.12
-99731.04
-101794.26
-98733.15
-94217.74
-96600.93
-97077.02
-95099.46
-96497.70
-96485.25
-96217.44
-98184.51
-96238.11
-98248.54
-96771.83
-97816.88
-101049.40
-97265.27
-95659.94
-93417.14
-98640.17
-99043.55
-96329.06
-97192.09
-96502.17
-97722.74
-97781.93
-95684.14
-94609.98
-99155.23
-93615.13
-95006.37
-96025.73
-107108.08
-93012.28
-100771.87
-96257.54
-98419.67
-94968.02
-94116.02
-85893.89
-91761.58
-93089.19
-90599.86
-98294.35
-105177.47
-95774.77
-90867.07
-98477.64
-102761.41
-95586.50
-95072.42
-96500.78
-98053.85
-94987.02
-95288.74
-99879.98
-97112.00
-92790.66
-94987.72
-99625.01
-94005.34
-106521.87
-97148.05
-93640.58
-95762.80
-94751.09
-102334.60
-97258.42
-98847.46
-94691.25
-97779.38
-95130.48
-96896.62
-93600.20
-100028.91
-95086.05
-91132.36
-93623.55
-97701.44
-96483.94
-94148.80
-94247.18
-99226.89
-97014.34
-97329.77
-101144.22
-93266.84
-92982.67
-94473.51
-95219.76
-92438.95
-97130.92
-93698.28
-100758.98
-97944.36
-95921.57
-96848.40
-96697.55
-97721.73
-104481.72
-96939.47
-103809.36
-98979.28
-94792.35
-101886.03
-91944.84
-100916.58
-96187.72
