-60006.27
-58249.05
-60309.29
-56687.68
-59598.55
-59112.78
-58174.57
-60168.26
-58045.83
-61351.59
-55698.98
-57965.12
-56172.34
-54692.42
-61541.47
-56390.25
-58973.54
-58946.91
-60957.24
-58957.45
-59750.14
-57235.06
-58757.68
-58755.35
-61625.01
-60281.91
-59193.31
-59513.86
-58427.62
-61052.52
-60241.26
-59200.69
-58919.27
-58979.28
-58907.68
-61933.51
-59379.45
-57904.55
-51250.51
-56816.83
-57958.41
-56036.80
-59409.69
-58339.07
-58043.96
-58648.52
-60607.46
-59927.43
-58964.04
-57825.21
-54390.31
-58595.09
-59628.22
-59851.33
-57129.89
-54974.73
-63075.94
-56638.09
-54952.54
-57380.91
-57565.56
-61217.83
-57679.29
-58903.96
-57761.13
-57570.18
-59793.49
-59105.14
-58666.97
-59354.28
-54542.19
-60229.32
-57842.06
-60183.75
-58484.74
-60097.74
-62271.61
-58049.99
-58952.54
-61119.23
-58481.30
-58935.67
-58956.86
-58173.86
-60935.47
-60502.57
-57141.37
-58517.42
-62523.11
-57727.37
-61242.60
-57943.20
-58795.63
-58410.42
-59792.25
-54898.44
-59385.69
-56961.19
-58123.20
-56159.22
-56559.55
-59429.00
-56177.59
-56702.05
-58289.12
-59598.59
-58200.14
-59032.67
-57384.12
-58151.43
-58169.67
-57838.31
-61081.94
-58727.92
-55182.69
-60146.64
-57916.89
-57737.14
-58205.01
-58016.42
-58135.94
-57518.91
-57744.55
