-118239.49
-120212.13
-115510.60
-119828.10
-118655.96
-120265.85
-116666.63
-119458.84
-114748.69
-118399.52
-122855.95
-119195.17
-117482.78
-118644.19
-115861.63
-117574.18
-111212.83
-121619.07
-117873.28
-117177.13
-117954.49
-117634.31
-117631.47
-120200.29
-116494.42
-120793.06
-117615.35
-117525.25
-117807.73
-116137.03
-117115.22
-120458.63
-121742.27
-118089.91
-118788.16
-113010.22
-116782.98
-115911.45
-115596.70
-120596.04
-116493.27
-119810.33
-117792.08
-119472.63
-109102.92
-117298.17
-115588.20
-115309.47
-120859.50
-113225.75
-122955.63
-121738.58
-115006.31
-113311.60
-119820.23
-115186.26
-119749.09
-113366.68
-119622.79
-112051.80
-119882.52
-114638.99
-121967.14
-106304.59
-116250.71
-116469.68
-117527.33
-119513.22
-119225.07
-115247.49
-107557.83
-121247.43
-118693.55
-115966.63
-117090.89
-118693.87
-115700.21
-116147.59
-116199.88
-122795.20
-119207.22
-117240.01
-120622.00
-119378.07
-122024.45
-121092.55
-116415.87
-117261.92
-116385.61
-120080.45
-114756.49
-113527.58
-114445.77
-120913.59
-114581.09
-115228.59
-123152.69
-117085.29
-114738.17
-114274.91
-113200.89
-110397.86
-113163.34
-123263.74
-113071.31
-115169.84
-115759.60
-109952.58
-108615.24
-115688.72
-121945.49
-115791.53
-122936.72
-117990.95
-119269.85
-120199.83
-121589.44
-117256.88
-111495.36
-116249.52
-119244.86
-106103.66
-114580.20
