-68923.68
-70684.04
-73896.48
-71767.68
-68488.50
-71411.74
-74227.44
-71746.04
-69435.47
-71865.82
-68856.29
-71718.32
-71552.44
-70034.76
-67622.80
-70674.04
-68653.05
-72495.74
-70972.75
-71085.80
-71345.42
-71204.31
-71347.47
-71323.27
-71317.20
-70219.87
-70002.10
-70630.05
-70355.88
-72567.52
-71928.50
-71317.30
-71439.98
-71236.47
-67053.14
-73303.35
-70783.47
-68351.35
-70755.45
-73554.06
-70758.17
-67053.14
-74389.03
-68521.14
-69985.23
-70510.83
-70273.16
-70377.66
-70749.22
-69895.07
-72336.98
-68111.42
-74102.73
-70070.57
-71146.49
-69691.61
-68562.38
-72184.42
-69231.42
-68689.91
-72373.36
-70473.59
-70337.38
-75250.81
-70018.72
-72425.46
-70644.06
-70500.53
-68475.79
-74108.47
-72571.14
-69904.03
-73862.68
-73707.06
-71158.17
-72882.09
-71172.64
-73760.66
-70979.70
-71186.97
-68653.07
-70812.70
-70227.45
-68569.35
-69894.66
-73896.94
-69403.05
-67929.17
-69161.88
-68938.54
-68690.16
-68590.95
-69964.85
-72517.28
-72173.18
-65538.19
-68862.16
-67080.18
-72063.58
-74371.24
-72893.28
-69489.17
-69375.25
-69055.87
-70080.84
-69427.88
-73250.09
-70941.56
-65538.19
-74340.80
-74073.03
-73183.87
-74919.98
-74935.13
-69696.56
-71388.64
-70803.67
-70326.12
-72322.25
-70692.27
-71609.88
-69633.70
-70262.80
