-104230.11
-107558.09
-104769.62
-104768.82
-105520.81
-107736.89
-103660.50
-109679.75
-104022.43
-108185.65
-100805.56
-104026.47
-98612.67
-103847.37
-110778.80
-104988.83
-105821.20
-106458.42
-105150.79
-106036.11
-103836.74
-105546.22
-105691.34
-109239.83
-106453.94
-108767.97
-106648.75
-106517.04
-106783.92
-106764.02
-106475.41
-106718.86
-106607.08
-110962.90
-108901.28
-109000.84
-107505.79
-107510.16
-111413.53
-107132.92
-108916.95
-110355.78
-105312.58
-98378.32
-104874.75
-103551.62
-111390.03
-105727.48
-105486.28
-104896.45
-106882.29
-104506.09
-109931.24
-101533.60
-104175.42
-102630.32
-106813.36
-104000.75
-102504.80
-101847.27
-102308.98
-106278.51
-109806.03
-108674.14
-104316.70
-104980.75
-115996.65
-106171.23
-108625.56
-106898.23
-106100.69
-108340.55
-100068.81
-104472.61
-104026.95
-102129.93
-103290.50
-99557.09
-102702.23
-102136.98
-106685.21
-107368.28
-103325.29
-105711.74
-106952.01
-103753.98
-108924.65
-104967.73
-104286.78
-108241.73
-104945.95
-107415.24
-110675.52
-106851.60
-112836.82
-119505.08
-107182.62
-109116.32
-110779.32
-107800.87
-110407.26
-110306.14
-104841.94
-103105.71
-104038.17
-103441.11
-102214.87
-102019.17
-102022.36
-103515.05
-103557.87
-104406.76
-104002.13
-104181.95
-104216.67
-102859.45
-106627.63
-104753.55
-108866.59
-107077.45
-113836.41
-108968.02
-103325.13
