-86954.52
-86666.15
-86948.28
-86153.68
-80831.89
-89471.24
-88698.10
-87610.31
-88252.34
-83434.72
-86758.37
-90184.71
-86895.29
-87652.12
-86973.05
-88900.53
-89517.11
-88817.78
-88243.52
-88260.42
-83556.68
-88922.64
-92520.06
-87723.92
-88539.88
-88295.89
-87473.40
-87136.25
-86166.64
-85491.53
-81321.90
-85415.41
-85199.67
-84993.63
-85392.48
-86502.83
-86337.74
-89861.91
-90689.52
-87455.34
-87903.30
-90746.04
-88174.64
-88572.72
-90096.96
-84908.42
-83771.22
-86321.29
-86739.95
-83527.47
-84762.40
-83567.31
-83437.58
-82890.27
-83654.13
-86443.54
-87319.01
-88445.71
-84343.25
-90200.34
-91496.03
-85540.06
-86410.55
-85177.17
-85178.09
-88533.06
-90109.96
-89405.78
-86175.26
-86005.81
-82482.69
-87536.40
-84559.37
-85400.44
-91219.10
-81776.36
-79728.61
-90490.66
-84484.91
-90986.58
-86220.56
-89141.20
-91874.91
-90290.56
-87234.86
-90142.28
-90243.41
-86601.31
-89759.39
-90177.60
-87498.39
-79728.61
-84100.05
-86303.66
-86419.17
-88700.58
-94147.88
-89874.45
-83722.74
-85659.92
-84798.79
-85732.92
-90668.48
-91428.50
-85446.48
-89927.55
-86584.54
-87048.54
-85309.65
-89072.05
-86402.94
-86957.67
-88635.99
-79728.61
-85524.05
-84883.98
-84175.77
-79728.61
-91234.77
-85201.30
-85361.25
-85669.14
-84991.83
-85144.59
