-80352.04
-78945.42
-76471.93
-75965.37
-79257.17
-80037.71
-81446.56
-74046.34
-80715.55
-75433.62
-74048.15
-76296.39
-80922.07
-78157.33
-78613.72
-82210.38
-77390.44
-80468.20
-79702.12
-79144.04
-76454.16
-78751.50
-79809.36
-80408.65
-79364.17
-77533.13
-73328.82
-77586.22
-78362.00
-74199.06
-76659.91
-77372.94
-78713.08
-77794.07
-81084.53
-78642.87
-78747.11
-78858.36
-78687.70
-78623.56
-82926.35
-79394.72
-79826.13
-73286.35
-77878.78
-80937.68
-77429.72
-78065.88
-78408.81
-81203.94
-73286.35
-75290.15
-75726.58
-75169.67
-73611.47
-79643.19
-74777.23
-73286.35
-73286.35
-74113.01
-79482.00
-81750.78
-80948.86
-77350.69
-81924.51
-77070.71
-74694.57
-81920.50
-81000.68
-73286.35
-76841.35
-73286.35
-80826.31
-80745.04
-80091.65
-78740.64
-82817.87
-78174.15
-78261.93
-73286.35
-79276.19
-73286.35
-75237.84
-73286.35
-73286.35
-74068.81
-73440.66
-82926.39
-75367.22
-75620.01
-76381.71
-81630.12
-77084.55
-82747.84
-77025.75
-77076.60
-78329.88
-81242.07
-77533.92
-81371.48
-84687.66
-80662.27
-80725.65
-79931.24
-76276.11
-73286.35
-80973.95
-82661.57
-76694.52
-81698.51
-78574.95
-78134.17
-82220.46
-73286.35
-77564.61
-79480.34
-76982.33
-77247.39
-73286.35
-76314.23
-80320.39
-76274.56
-76766.00
