-60593.40 nan -60593.40
-60713.53 nan -60713.53
-61990.41 nan -61990.41
-63843.18 nan -63843.18
-62482.28 nan -62482.28
-63480.62 nan -63480.62
-60956.99 nan -60956.99
-62759.29 nan -62759.29
-63883.65 nan -63883.65
-60702.81 nan -60702.81
-62283.26 nan -62283.26
-62986.44 nan -62986.44
-61490.05 nan -61490.05
-62212.75 nan -62212.75
-62149.18 nan -62149.18
-59970.04 nan -59970.04
-60932.97 nan -60932.97
-61308.24 nan -61308.24
-61058.87 nan -61058.87
-59323.66 nan -59323.66
-59318.65 nan -59318.65
-60243.90 nan -60243.90
-58072.56 nan -58072.56
-59889.14 nan -59889.14
-58262.49 nan -58262.49
-57927.20 nan -57927.20
-59305.26 nan -59305.26
-59186.95 nan -59186.95
-60509.86 nan -60509.86
-61838.62 nan -61838.62
-58775.31 nan -58775.31
-61017.00 nan -61017.00
-58855.26 nan -58855.26
-59757.15 nan -59757.15
-58515.80 nan -58515.80
-58047.98 nan -58047.98
-60066.65 nan -60066.65
-58316.20 nan -58316.20
-59427.74 nan -59427.74
-56701.13 nan -56701.13
-60944.06 nan -60944.06
-59855.88 nan -59855.88
-59660.07 nan -59660.07
-63641.21 nan -63641.21
-60699.09 nan -60699.09
-58242.74 nan -58242.74
-56854.48 nan -56854.48
-58114.12 nan -58114.12
-54542.50 nan -54542.50
-58024.07 nan -58024.07
-58430.48 nan -58430.48
-61016.86 nan -61016.86
-58307.14 nan -58307.14
-59857.48 nan -59857.48
-61241.52 nan -61241.52
-58025.17 nan -58025.17
-59145.73 nan -59145.73
-54291.56 nan -54291.56
-61652.02 nan -61652.02
-56837.35 nan -56837.35
-56277.54 nan -56277.54
-54459.32 nan -54459.32
-54291.56 nan -54291.56
-58082.30 nan -58082.30
-57127.53 nan -57127.53
-56524.37 nan -56524.37
-60167.61 nan -60167.61
-61580.82 nan -61580.82
-58340.63 nan -58340.63
-51923.37 nan -51923.37
-62066.77 nan -62066.77
-60153.00 nan -60153.00
-58820.12 nan -58820.12
-58430.60 nan -58430.60
-60720.02 nan -60720.02
-62772.12 nan -62772.12
-60182.66 nan -60182.66
-57602.59 nan -57602.59
-55495.85 nan -55495.85
-60305.82 nan -60305.82
-56951.73 nan -56951.73
-61327.16 nan -61327.16
-60005.63 nan -60005.63
-59449.65 nan -59449.65
-60466.60 nan -60466.60
-59164.14 nan -59164.14
-59464.12 nan -59464.12
-59115.96 nan -59115.96
-61622.59 nan -61622.59
-62103.71 nan -62103.71
-62166.00 nan -62166.00
-57029.81 nan -57029.81
-57892.73 nan -57892.73
-51923.37 nan -51923.37
-57983.32 nan -57983.32
-60857.74 nan -60857.74
-59476.44 nan -59476.44
-61010.70 nan -61010.70
-63673.20 nan -63673.20
-51923.37 nan -51923.37
-59096.74 nan -59096.74
-58710.57 nan -58710.57
-58603.86 nan -58603.86
-61734.45 nan -61734.45
-51923.37 nan -51923.37
-58866.47 nan -58866.47
-55638.85 nan -55638.85
-61293.05 nan -61293.05
-60003.75 nan -60003.75
-57717.00 nan -57717.00
-61811.27 nan -61811.27
-58552.91 nan -58552.91
-58945.51 nan -58945.51
-56884.05 nan -56884.05
-57843.56 nan -57843.56
-51923.37 nan -51923.37
-56441.12 nan -56441.12
-57980.53 nan -57980.53
-57115.45 nan -57115.45
-58347.63 nan -58347.63
-51923.37 nan -51923.37
-57126.67 nan -57126.67
-54661.07 nan -54661.07
-60666.17 nan -60666.17
-62144.27 nan -62144.27
-55884.09 nan -55884.09
-59896.95 nan -59896.95
-56309.93 nan -56309.93
-62400.90 nan -62400.90
-58139.90 nan -58139.90
-59588.72 nan -59588.72
-57932.73 nan -57932.73
-55568.70 nan -55568.70
-60714.18 nan -60714.18
-61130.36 nan -61130.36
-59269.95 nan -59269.95
-59990.19 nan -59990.19
-54229.95 nan -54229.95
-59297.96 nan -59297.96
-60658.83 nan -60658.83
-58229.06 nan -58229.06
-51923.37 nan -51923.37
-58725.32 nan -58725.32
-58068.38 nan -58068.38
-59263.85 nan -59263.85
-64456.29 nan -64456.29
-51923.37 nan -51923.37
-61174.43 nan -61174.43
-58984.43 nan -58984.43
-58802.25 nan -58802.25
-57078.32 nan -57078.32
-57497.58 nan -57497.58
-58566.65 nan -58566.65
-59529.43 nan -59529.43
-57359.60 nan -57359.60
-58800.37 nan -58800.37
-60030.77 nan -60030.77
-57263.51 nan -57263.51
-57708.13 nan -57708.13
-55172.65 nan -55172.65
-61033.91 nan -61033.91
-56316.82 nan -56316.82
-51923.37 nan -51923.37
-61745.13 nan -61745.13
-60145.83 nan -60145.83
-59529.80 nan -59529.80
-62188.40 nan -62188.40
-60255.17 nan -60255.17
-58639.76 nan -58639.76
-51923.37 nan -51923.37
-56766.90 nan -56766.90
-61913.52 nan -61913.52
-58969.74 nan -58969.74
-57420.06 nan -57420.06
-62651.85 nan -62651.85
-56973.20 nan -56973.20
-60554.16 nan -60554.16
-58173.11 nan -58173.11
-57974.57 nan -57974.57
-59608.92 nan -59608.92
-60897.47 nan -60897.47
-64467.73 nan -64467.73
-58366.15 nan -58366.15
-60775.55 nan -60775.55
-59706.28 nan -59706.28
-56549.81 nan -56549.81
-58513.48 nan -58513.48
-58420.25 nan -58420.25
-58108.79 nan -58108.79
-59465.28 nan -59465.28
-56668.59 nan -56668.59
-60818.83 nan -60818.83
-60088.26 nan -60088.26
-57005.80 nan -57005.80
-59013.33 nan -59013.33
-60773.64 nan -60773.64
-60042.72 nan -60042.72
-59804.03 nan -59804.03
-59836.67 nan -59836.67
-55496.69 nan -55496.69
-56560.67 nan -56560.67
-58597.75 nan -58597.75
-56204.66 nan -56204.66
-58970.39 nan -58970.39
-59789.53 nan -59789.53
-55322.51 nan -55322.51
-57959.25 nan -57959.25
-59181.26 nan -59181.26
-55665.12 nan -55665.12
-59248.61 nan -59248.61
-58140.10 nan -58140.10
-60488.65 nan -60488.65
-58692.58 nan -58692.58
-60931.14 nan -60931.14
-57542.06 nan -57542.06
-57182.20 nan -57182.20
-59593.70 nan -59593.70
-60192.06 nan -60192.06
-57022.64 nan -57022.64
-57563.85 nan -57563.85
-60681.61 nan -60681.61
-58298.45 nan -58298.45
-60702.94 nan -60702.94
-63830.59 nan -63830.59
-57744.93 nan -57744.93
-61362.77 nan -61362.77
-55627.58 nan -55627.58
-54992.44 nan -54992.44
-60872.64 nan -60872.64
-56477.38 nan -56477.38
-60552.49 nan -60552.49
-59541.96 nan -59541.96
-59988.07 nan -59988.07
-60654.72 nan -60654.72
-59414.42 nan -59414.42
-57638.86 nan -57638.86
-60394.30 nan -60394.30
-57221.60 nan -57221.60
-60243.82 nan -60243.82
-57386.48 nan -57386.48
-59306.97 nan -59306.97
-58641.72 nan -58641.72
-55517.21 nan -55517.21
-58863.23 nan -58863.23
-60787.92 nan -60787.92
-55695.56 nan -55695.56
-57534.95 nan -57534.95
-58270.63 nan -58270.63
-59972.64 nan -59972.64
-57906.77 nan -57906.77
-55727.94 nan -55727.94
-59871.53 nan -59871.53
-60056.14 nan -60056.14
-57794.74 nan -57794.74
-60310.11 nan -60310.11
-54168.11 nan -54168.11
-62631.76 nan -62631.76
-58235.27 nan -58235.27
-59608.64 nan -59608.64
-58589.50 nan -58589.50
-59500.92 nan -59500.92
-59920.76 nan -59920.76
-60031.70 nan -60031.70
-58328.75 nan -58328.75
-59999.46 nan -59999.46
-61704.32 nan -61704.32
-60541.85 nan -60541.85
-55996.64 nan -55996.64
-57441.98 nan -57441.98
-57104.20 nan -57104.20
-56509.97 nan -56509.97
-59709.27 nan -59709.27
-60077.41 nan -60077.41
-56472.34 nan -56472.34
-58278.89 nan -58278.89
-59977.61 nan -59977.61
-58467.32 nan -58467.32
-58772.77 nan -58772.77
-61683.49 nan -61683.49
-59358.76 nan -59358.76
-57672.74 nan -57672.74
-57789.82 nan -57789.82
-59007.04 nan -59007.04
-56583.24 nan -56583.24
-56213.62 nan -56213.62
-59876.32 nan -59876.32
-59541.61 nan -59541.61
-60788.53 nan -60788.53
-59654.19 nan -59654.19
-60464.13 nan -60464.13
-59473.11 nan -59473.11
-59396.40 nan -59396.40
-58061.70 nan -58061.70
-57669.28 nan -57669.28
-60107.72 nan -60107.72
-61557.34 nan -61557.34
-57416.17 nan -57416.17
-59463.26 nan -59463.26
-58521.67 nan -58521.67
-59854.58 nan -59854.58
-57643.92 nan -57643.92
-57664.85 nan -57664.85
-57340.99 nan -57340.99
-59831.85 nan -59831.85
-57600.89 nan -57600.89
-57993.44 nan -57993.44
-56708.64 nan -56708.64
-58152.02 nan -58152.02
-59103.76 nan -59103.76
-57988.59 nan -57988.59
-58583.48 nan -58583.48
-58307.57 nan -58307.57
-56156.60 nan -56156.60
-60973.44 nan -60973.44
-57848.08 nan -57848.08
-58539.82 nan -58539.82
-60177.21 nan -60177.21
-56716.56 nan -56716.56
-55943.53 nan -55943.53
-59650.14 nan -59650.14
-59947.04 nan -59947.04
-58243.77 nan -58243.77
-59768.40 nan -59768.40
-59667.97 nan -59667.97
-60928.60 nan -60928.60
-59760.64 nan -59760.64
-54823.19 nan -54823.19
-56024.05 nan -56024.05
-62525.76 nan -62525.76
-58748.61 nan -58748.61
-58344.76 nan -58344.76
-61904.21 nan -61904.21
-58137.75 nan -58137.75
-60017.74 nan -60017.74
-59583.75 nan -59583.75
-59503.92 nan -59503.92
-58928.51 nan -58928.51
-57513.57 nan -57513.57
-57520.97 nan -57520.97
-60093.76 nan -60093.76
-56159.49 nan -56159.49
-60153.74 nan -60153.74
-60527.87 nan -60527.87
-59169.66 nan -59169.66
-59496.54 nan -59496.54
-58137.20 nan -58137.20
-59305.36 nan -59305.36
-61997.93 nan -61997.93
-57947.21 nan -57947.21
-53191.66 nan -53191.66
-55987.02 nan -55987.02
-62300.49 nan -62300.49
-58051.76 nan -58051.76
-60144.30 nan -60144.30
-58373.62 nan -58373.62
-58936.70 nan -58936.70
-60897.51 nan -60897.51
-60040.80 nan -60040.80
-59165.29 nan -59165.29
-57444.29 nan -57444.29
-58223.01 nan -58223.01
-59502.73 nan -59502.73
-59462.77 nan -59462.77
-52078.61 nan -52078.61
-55440.83 nan -55440.83
-59518.64 nan -59518.64
-60071.82 nan -60071.82
-61574.03 nan -61574.03
-60834.71 nan -60834.71
-58918.96 nan -58918.96
-53179.10 nan -53179.10
-57426.78 nan -57426.78
-58980.73 nan -58980.73
-54796.21 nan -54796.21
-51923.37 nan -51923.37
-54689.27 nan -54689.27
-59051.55 nan -59051.55
-59831.38 nan -59831.38
-57231.78 nan -57231.78
-58072.36 nan -58072.36
-57227.08 nan -57227.08
-59331.15 nan -59331.15
-56835.57 nan -56835.57
-64046.56 nan -64046.56
-60723.33 nan -60723.33
-59092.56 nan -59092.56
-59391.79 nan -59391.79
-57782.56 nan -57782.56
-61700.69 nan -61700.69
-56952.18 nan -56952.18
-61212.98 nan -61212.98
-60633.04 nan -60633.04
-60587.23 nan -60587.23
-57636.85 nan -57636.85
-62050.87 nan -62050.87
-59330.40 nan -59330.40
-60121.88 nan -60121.88
-60008.10 nan -60008.10
-57905.40 nan -57905.40
-58230.64 nan -58230.64
-57443.74 nan -57443.74
-56771.06 nan -56771.06
-57913.34 nan -57913.34
-58188.65 nan -58188.65
-59271.13 nan -59271.13
-60314.21 nan -60314.21
-58271.71 nan -58271.71
-58532.80 nan -58532.80
-60042.88 nan -60042.88
-58632.01 nan -58632.01
-59238.12 nan -59238.12
-61275.73 nan -61275.73
-60031.39 nan -60031.39
-55773.49 nan -55773.49
-57136.47 nan -57136.47
-59578.00 nan -59578.00
-56582.24 nan -56582.24
-60802.64 nan -60802.64
-59799.65 nan -59799.65
-56675.23 nan -56675.23
-58237.68 nan -58237.68
-56386.47 nan -56386.47
-59381.17 nan -59381.17
-61259.91 nan -61259.91
-55181.53 nan -55181.53
-55890.83 nan -55890.83
-55941.14 nan -55941.14
-59921.36 nan -59921.36
-58346.55 nan -58346.55
-56812.62 nan -56812.62
-59885.79 nan -59885.79
-55964.76 nan -55964.76
-51923.37 nan -51923.37
-60268.90 nan -60268.90
-57462.65 nan -57462.65
-54048.26 nan -54048.26
-60680.75 nan -60680.75
-60657.93 nan -60657.93
-59037.65 nan -59037.65
-58417.48 nan -58417.48
-59151.31 nan -59151.31
-56732.25 nan -56732.25
-61594.88 nan -61594.88
-58657.33 nan -58657.33
-56420.79 nan -56420.79
-58937.00 nan -58937.00
-60159.54 nan -60159.54
-60607.62 nan -60607.62
-61768.77 nan -61768.77
-57624.65 nan -57624.65
-60274.84 nan -60274.84
-60396.81 nan -60396.81
-58274.59 nan -58274.59
-59743.45 nan -59743.45
-59028.77 nan -59028.77
-56692.74 nan -56692.74
-59298.67 nan -59298.67
-58793.36 nan -58793.36
-58565.81 nan -58565.81
-59553.33 nan -59553.33
-59624.24 nan -59624.24
-55619.17 nan -55619.17
-61168.49 nan -61168.49
-56849.71 nan -56849.71
-60682.23 nan -60682.23
-59281.71 nan -59281.71
-56303.34 nan -56303.34
-56756.10 nan -56756.10
-58560.56 nan -58560.56
-60226.89 nan -60226.89
-56613.16 nan -56613.16
-58493.36 nan -58493.36
-59467.62 nan -59467.62
-55150.52 nan -55150.52
-62775.49 nan -62775.49
-57426.82 nan -57426.82
-57516.67 nan -57516.67
-54870.27 nan -54870.27
-54179.72 nan -54179.72
-57983.99 nan -57983.99
-56920.16 nan -56920.16
-57474.32 nan -57474.32
-60821.72 nan -60821.72
-59285.22 nan -59285.22
-59027.87 nan -59027.87
-51923.37 nan -51923.37
-58244.85 nan -58244.85
-56096.96 nan -56096.96
-61809.79 nan -61809.79
-59904.03 nan -59904.03
-59108.75 nan -59108.75
-60846.40 nan -60846.40
-58232.71 nan -58232.71
-55229.84 nan -55229.84
-57958.18 nan -57958.18
-57908.38 nan -57908.38
-56753.41 nan -56753.41
-56250.69 nan -56250.69
-59680.04 nan -59680.04
-63126.93 nan -63126.93
-59105.57 nan -59105.57
-55714.37 nan -55714.37
-59296.04 nan -59296.04
-55601.79 nan -55601.79
-59026.33 nan -59026.33
-57425.02 nan -57425.02
-57518.06 nan -57518.06
-61609.26 nan -61609.26
-58345.73 nan -58345.73
-61233.38 nan -61233.38
-56630.48 nan -56630.48
-59779.79 nan -59779.79
-55609.47 nan -55609.47
-56355.76 nan -56355.76
-55947.99 nan -55947.99
-58493.26 nan -58493.26
-59261.63 nan -59261.63
-60564.71 nan -60564.71
-57969.15 nan -57969.15
-57212.45 nan -57212.45
-60222.23 nan -60222.23
-61076.01 nan -61076.01
-60078.55 nan -60078.55
-58569.02 nan -58569.02
-60606.99 nan -60606.99
-60707.94 nan -60707.94
-55446.56 nan -55446.56
-58004.69 nan -58004.69
-57694.71 nan -57694.71
-59580.40 nan -59580.40
-59784.49 nan -59784.49
-59414.31 nan -59414.31
-58356.92 nan -58356.92
-60751.21 nan -60751.21
-56666.68 nan -56666.68
-57072.18 nan -57072.18
-60987.34 nan -60987.34
-57608.35 nan -57608.35
-61560.09 nan -61560.09
-61394.09 nan -61394.09
-57787.14 nan -57787.14
-55121.82 nan -55121.82
-59006.46 nan -59006.46
-60259.50 nan -60259.50
-58084.85 nan -58084.85
-58648.10 nan -58648.10
-61613.52 nan -61613.52
-58621.00 nan -58621.00
-51923.37 nan -51923.37
-61275.59 nan -61275.59
-57691.55 nan -57691.55
-59223.81 nan -59223.81
-60354.64 nan -60354.64
-61096.08 nan -61096.08
-59177.94 nan -59177.94
-56761.98 nan -56761.98
-60076.26 nan -60076.26
-57730.73 nan -57730.73
-58605.55 nan -58605.55
-54091.26 nan -54091.26
-58990.81 nan -58990.81
-60376.88 nan -60376.88
-59933.62 nan -59933.62
-60454.00 nan -60454.00
-56558.85 nan -56558.85
-59906.30 nan -59906.30
-55818.16 nan -55818.16
-61116.66 nan -61116.66
-55899.91 nan -55899.91
-57485.71 nan -57485.71
-57410.08 nan -57410.08
-59374.43 nan -59374.43
-55560.09 nan -55560.09
-58763.47 nan -58763.47
-58675.15 nan -58675.15
-58808.55 nan -58808.55
-55035.98 nan -55035.98
-54225.34 nan -54225.34
-60238.63 nan -60238.63
-56639.72 nan -56639.72
-58349.52 nan -58349.52
-59336.30 nan -59336.30
-58948.35 nan -58948.35
-57014.22 nan -57014.22
-54749.22 nan -54749.22
-59943.14 nan -59943.14
-63218.00 nan -63218.00
-53894.55 nan -53894.55
-56104.68 nan -56104.68
-53439.00 nan -53439.00
-56315.42 nan -56315.42
-57467.59 nan -57467.59
-56353.39 nan -56353.39
-58328.91 nan -58328.91
-57551.48 nan -57551.48
-57287.87 nan -57287.87
-57436.25 nan -57436.25
-58066.07 nan -58066.07
-57603.88 nan -57603.88
-58022.42 nan -58022.42
-57677.97 nan -57677.97
-61287.98 nan -61287.98
-59200.53 nan -59200.53
-57933.48 nan -57933.48
-58208.68 nan -58208.68
-59931.06 nan -59931.06
-59046.79 nan -59046.79
-54570.02 nan -54570.02
-55717.78 nan -55717.78
-59694.29 nan -59694.29
-61173.73 nan -61173.73
-56691.78 nan -56691.78
-55264.98 nan -55264.98
-60940.79 nan -60940.79
-61169.28 nan -61169.28
-57604.02 nan -57604.02
-54531.05 nan -54531.05
-55322.67 nan -55322.67
-60043.38 nan -60043.38
-59250.58 nan -59250.58
-58010.85 nan -58010.85
-60327.32 nan -60327.32
