-82910.81 nan -82910.81
-81791.05 nan -81791.05
-85983.85 nan -85983.85
-83171.38 nan -83171.38
-82378.58 nan -82378.58
-83571.16 nan -83571.16
-85314.38 nan -85314.38
-85640.07 nan -85640.07
-80668.15 nan -80668.15
-83378.20 nan -83378.20
-82087.64 nan -82087.64
-80567.30 nan -80567.30
-82016.32 nan -82016.32
-80324.92 nan -80324.92
-82430.33 nan -82430.33
-80738.60 nan -80738.60
-82307.61 nan -82307.61
-79300.29 nan -79300.29
-83313.12 nan -83313.12
-79032.85 nan -79032.85
-75413.39 nan -75413.39
-80936.24 nan -80936.24
-77614.54 nan -77614.54
-77475.52 nan -77475.52
-78612.18 nan -78612.18
-76060.16 nan -76060.16
-83166.85 nan -83166.85
-83800.00 nan -83800.00
-82981.51 nan -82981.51
-80226.82 nan -80226.82
-80582.96 nan -80582.96
-79901.16 nan -79901.16
-82434.34 nan -82434.34
-78014.32 nan -78014.32
-80538.35 nan -80538.35
-80911.93 nan -80911.93
-78630.67 nan -78630.67
-79275.31 nan -79275.31
-81604.86 nan -81604.86
-76404.61 nan -76404.61
-78484.83 nan -78484.83
-84067.73 nan -84067.73
-81139.07 nan -81139.07
-75967.64 nan -75967.64
-76505.69 nan -76505.69
-81270.68 nan -81270.68
-77873.94 nan -77873.94
-85284.91 nan -85284.91
-87666.56 nan -87666.56
-82626.20 nan -82626.20
-80697.78 nan -80697.78
-82132.30 nan -82132.30
-77863.94 nan -77863.94
-81588.93 nan -81588.93
-85169.07 nan -85169.07
-78238.31 nan -78238.31
-79399.60 nan -79399.60
-81773.64 nan -81773.64
-85090.13 nan -85090.13
-78536.30 nan -78536.30
-89216.50 nan -89216.50
-79923.40 nan -79923.40
-84452.91 nan -84452.91
-80527.77 nan -80527.77
-78459.10 nan -78459.10
-79075.27 nan -79075.27
-80590.21 nan -80590.21
-80581.19 nan -80581.19
-72437.15 nan -72437.15
-81457.38 nan -81457.38
-78078.28 nan -78078.28
-78747.95 nan -78747.95
-72849.20 nan -72849.20
-82725.72 nan -82725.72
-81806.46 nan -81806.46
-78585.72 nan -78585.72
-73503.51 nan -73503.51
-78471.25 nan -78471.25
-76732.37 nan -76732.37
-84413.91 nan -84413.91
-79615.27 nan -79615.27
-75075.31 nan -75075.31
-77397.30 nan -77397.30
-77444.03 nan -77444.03
-72437.15 nan -72437.15
-78193.55 nan -78193.55
-80660.48 nan -80660.48
-80877.45 nan -80877.45
-75025.15 nan -75025.15
-82997.39 nan -82997.39
-77717.43 nan -77717.43
-78652.03 nan -78652.03
-78476.26 nan -78476.26
-76282.62 nan -76282.62
-72437.15 nan -72437.15
-76291.74 nan -76291.74
-78479.63 nan -78479.63
-78793.66 nan -78793.66
-78072.26 nan -78072.26
-81359.48 nan -81359.48
-75206.39 nan -75206.39
-81899.56 nan -81899.56
-79819.11 nan -79819.11
-84101.91 nan -84101.91
-80928.48 nan -80928.48
-72437.15 nan -72437.15
-76148.02 nan -76148.02
-76234.63 nan -76234.63
-80873.83 nan -80873.83
-79921.19 nan -79921.19
-77110.48 nan -77110.48
-75854.99 nan -75854.99
-82247.25 nan -82247.25
-78962.05 nan -78962.05
-76029.99 nan -76029.99
-79695.06 nan -79695.06
-75747.93 nan -75747.93
-79766.23 nan -79766.23
-72437.15 nan -72437.15
-81258.20 nan -81258.20
-80643.75 nan -80643.75
-79821.10 nan -79821.10
-72437.15 nan -72437.15
-80857.15 nan -80857.15
-78705.16 nan -78705.16
-79184.53 nan -79184.53
-76088.69 nan -76088.69
-78042.58 nan -78042.58
-72437.15 nan -72437.15
-72598.94 nan -72598.94
-77644.58 nan -77644.58
-79785.87 nan -79785.87
-78548.83 nan -78548.83
-76919.40 nan -76919.40
-75069.09 nan -75069.09
-72437.15 nan -72437.15
-72437.15 nan -72437.15
-82935.87 nan -82935.87
-74916.04 nan -74916.04
-78885.51 nan -78885.51
-72437.15 nan -72437.15
-78299.99 nan -78299.99
-77153.60 nan -77153.60
-72437.15 nan -72437.15
-84828.68 nan -84828.68
-83535.72 nan -83535.72
-74090.29 nan -74090.29
-83269.08 nan -83269.08
-83981.30 nan -83981.30
-80426.44 nan -80426.44
-73614.82 nan -73614.82
-82619.57 nan -82619.57
-76037.62 nan -76037.62
-81821.37 nan -81821.37
-80248.17 nan -80248.17
-78731.07 nan -78731.07
-79522.27 nan -79522.27
-82156.32 nan -82156.32
-74493.28 nan -74493.28
-78267.19 nan -78267.19
-78344.45 nan -78344.45
-82033.82 nan -82033.82
-84083.85 nan -84083.85
-90366.75 nan -90366.75
-81738.92 nan -81738.92
-79657.66 nan -79657.66
-78653.95 nan -78653.95
-72437.15 nan -72437.15
-78560.26 nan -78560.26
-80540.72 nan -80540.72
-76415.79 nan -76415.79
-82663.80 nan -82663.80
-79522.72 nan -79522.72
-75696.73 nan -75696.73
-82253.41 nan -82253.41
-84670.18 nan -84670.18
-79335.66 nan -79335.66
-81552.16 nan -81552.16
-72437.15 nan -72437.15
-79671.96 nan -79671.96
-72437.15 nan -72437.15
-82464.19 nan -82464.19
-77625.17 nan -77625.17
-80261.93 nan -80261.93
-71474.42 nan -71474.42
-80188.93 nan -80188.93
-84326.55 nan -84326.55
-77658.42 nan -77658.42
-77207.97 nan -77207.97
-74081.76 nan -74081.76
-74994.97 nan -74994.97
-71474.42 nan -71474.42
-80919.17 nan -80919.17
-77357.98 nan -77357.98
-71853.59 nan -71853.59
-82015.03 nan -82015.03
-80545.77 nan -80545.77
-71474.42 nan -71474.42
-76651.20 nan -76651.20
-82588.48 nan -82588.48
-76195.67 nan -76195.67
-73440.04 nan -73440.04
-74425.29 nan -74425.29
-77800.64 nan -77800.64
-71474.42 nan -71474.42
-75630.06 nan -75630.06
-76852.21 nan -76852.21
-78914.21 nan -78914.21
-80025.49 nan -80025.49
-79913.71 nan -79913.71
-78439.73 nan -78439.73
-81348.80 nan -81348.80
-75924.63 nan -75924.63
-76918.36 nan -76918.36
-77691.05 nan -77691.05
-71474.42 nan -71474.42
-79144.87 nan -79144.87
-72965.25 nan -72965.25
-74378.62 nan -74378.62
-77547.74 nan -77547.74
-78988.53 nan -78988.53
-82770.19 nan -82770.19
-81423.47 nan -81423.47
-81335.24 nan -81335.24
-77805.52 nan -77805.52
-77294.92 nan -77294.92
-78484.76 nan -78484.76
-80523.58 nan -80523.58
-74035.80 nan -74035.80
-75259.31 nan -75259.31
-80594.57 nan -80594.57
-80571.51 nan -80571.51
-79782.72 nan -79782.72
-77609.73 nan -77609.73
-77963.07 nan -77963.07
-77817.58 nan -77817.58
-75720.93 nan -75720.93
-82383.13 nan -82383.13
-80271.33 nan -80271.33
-82630.30 nan -82630.30
-80423.98 nan -80423.98
-78562.38 nan -78562.38
-76245.29 nan -76245.29
-76015.95 nan -76015.95
-71474.42 nan -71474.42
-81052.13 nan -81052.13
-71474.42 nan -71474.42
-76996.12 nan -76996.12
-74327.91 nan -74327.91
-80417.86 nan -80417.86
-75442.54 nan -75442.54
-76144.19 nan -76144.19
-78006.81 nan -78006.81
-71474.42 nan -71474.42
-71474.42 nan -71474.42
-76274.64 nan -76274.64
-78676.77 nan -78676.77
-80007.51 nan -80007.51
-80558.92 nan -80558.92
-73971.94 nan -73971.94
-79878.02 nan -79878.02
-84295.19 nan -84295.19
-82088.62 nan -82088.62
-81614.94 nan -81614.94
-71474.42 nan -71474.42
-78327.10 nan -78327.10
-71474.42 nan -71474.42
-76082.81 nan -76082.81
-82351.36 nan -82351.36
-83730.13 nan -83730.13
-85278.51 nan -85278.51
-71474.42 nan -71474.42
-81438.98 nan -81438.98
-71474.42 nan -71474.42
-71474.42 nan -71474.42
-82526.56 nan -82526.56
-75461.30 nan -75461.30
-71474.42 nan -71474.42
-81677.78 nan -81677.78
-75859.50 nan -75859.50
-81665.74 nan -81665.74
-77786.90 nan -77786.90
-75630.97 nan -75630.97
-77176.38 nan -77176.38
-76880.60 nan -76880.60
-78198.49 nan -78198.49
-79956.75 nan -79956.75
-75834.46 nan -75834.46
-79213.56 nan -79213.56
-78591.68 nan -78591.68
-83221.00 nan -83221.00
-76473.44 nan -76473.44
-81345.22 nan -81345.22
-80535.29 nan -80535.29
-71474.42 nan -71474.42
-78164.72 nan -78164.72
-79213.27 nan -79213.27
-78192.98 nan -78192.98
-71474.42 nan -71474.42
-82676.52 nan -82676.52
-80775.28 nan -80775.28
-75239.85 nan -75239.85
-79676.38 nan -79676.38
-71474.42 nan -71474.42
-74063.47 nan -74063.47
-77375.63 nan -77375.63
-78222.25 nan -78222.25
-81747.38 nan -81747.38
-78542.75 nan -78542.75
-81348.54 nan -81348.54
-77434.41 nan -77434.41
-81326.02 nan -81326.02
-78132.24 nan -78132.24
-81446.49 nan -81446.49
-80924.00 nan -80924.00
-78703.29 nan -78703.29
-81917.68 nan -81917.68
-71474.42 nan -71474.42
-82071.36 nan -82071.36
-71474.42 nan -71474.42
-71474.42 nan -71474.42
-77761.15 nan -77761.15
-80494.03 nan -80494.03
-77435.00 nan -77435.00
-75006.81 nan -75006.81
-82438.63 nan -82438.63
-71474.42 nan -71474.42
-71474.42 nan -71474.42
-81766.55 nan -81766.55
-77121.94 nan -77121.94
-71474.42 nan -71474.42
-82438.43 nan -82438.43
-74229.34 nan -74229.34
-71474.42 nan -71474.42
-78783.73 nan -78783.73
-80647.83 nan -80647.83
-81573.25 nan -81573.25
-71474.42 nan -71474.42
-77374.46 nan -77374.46
-78984.60 nan -78984.60
-76458.58 nan -76458.58
-78341.14 nan -78341.14
-75610.48 nan -75610.48
-78662.06 nan -78662.06
-80098.85 nan -80098.85
-81238.52 nan -81238.52
-71474.42 nan -71474.42
-78318.53 nan -78318.53
-75333.19 nan -75333.19
-81151.87 nan -81151.87
-71474.42 nan -71474.42
-76753.62 nan -76753.62
-71474.42 nan -71474.42
-77324.15 nan -77324.15
-83437.18 nan -83437.18
-80642.24 nan -80642.24
-80931.93 nan -80931.93
-81951.39 nan -81951.39
-77684.01 nan -77684.01
-71474.42 nan -71474.42
-71474.42 nan -71474.42
-76373.74 nan -76373.74
-71474.42 nan -71474.42
-79504.60 nan -79504.60
-82039.06 nan -82039.06
-77279.61 nan -77279.61
-80263.89 nan -80263.89
-82113.73 nan -82113.73
-80830.35 nan -80830.35
-80574.97 nan -80574.97
-80890.00 nan -80890.00
-76658.31 nan -76658.31
-71474.42 nan -71474.42
-78658.57 nan -78658.57
-79116.16 nan -79116.16
-80329.69 nan -80329.69
-77295.78 nan -77295.78
-78094.96 nan -78094.96
-75822.28 nan -75822.28
-78423.02 nan -78423.02
-78866.34 nan -78866.34
-80784.50 nan -80784.50
-80715.57 nan -80715.57
-79576.37 nan -79576.37
-80135.04 nan -80135.04
-83319.29 nan -83319.29
-81675.99 nan -81675.99
-73697.41 nan -73697.41
-79894.65 nan -79894.65
-80226.74 nan -80226.74
-74248.54 nan -74248.54
-81025.06 nan -81025.06
-81638.58 nan -81638.58
-81031.10 nan -81031.10
-71474.42 nan -71474.42
-77968.04 nan -77968.04
-73613.30 nan -73613.30
-78766.12 nan -78766.12
-81975.15 nan -81975.15
-71474.42 nan -71474.42
-82211.80 nan -82211.80
-77527.40 nan -77527.40
-81559.13 nan -81559.13
-80517.87 nan -80517.87
-71474.42 nan -71474.42
-79152.80 nan -79152.80
-79971.36 nan -79971.36
-71474.42 nan -71474.42
-80974.56 nan -80974.56
-80313.58 nan -80313.58
-84297.58 nan -84297.58
-81846.89 nan -81846.89
-79446.56 nan -79446.56
-81409.70 nan -81409.70
-84157.59 nan -84157.59
-81288.25 nan -81288.25
-79452.74 nan -79452.74
-72369.69 nan -72369.69
-77498.23 nan -77498.23
-81453.69 nan -81453.69
-79653.08 nan -79653.08
-80838.02 nan -80838.02
-80717.68 nan -80717.68
-82905.49 nan -82905.49
-77775.09 nan -77775.09
-76917.40 nan -76917.40
-74656.63 nan -74656.63
-81899.15 nan -81899.15
-71474.42 nan -71474.42
-75720.64 nan -75720.64
-77778.00 nan -77778.00
-78764.20 nan -78764.20
-81199.35 nan -81199.35
-79668.97 nan -79668.97
-71474.42 nan -71474.42
-77876.09 nan -77876.09
-81609.79 nan -81609.79
-78287.93 nan -78287.93
-76866.88 nan -76866.88
-78668.12 nan -78668.12
-71474.42 nan -71474.42
-82379.36 nan -82379.36
-78184.80 nan -78184.80
-80646.29 nan -80646.29
-76252.07 nan -76252.07
-81609.51 nan -81609.51
-80247.72 nan -80247.72
-77403.45 nan -77403.45
-79300.13 nan -79300.13
-71474.42 nan -71474.42
-81355.21 nan -81355.21
-78234.81 nan -78234.81
-76475.25 nan -76475.25
-78274.56 nan -78274.56
-79225.40 nan -79225.40
-80585.33 nan -80585.33
-75763.69 nan -75763.69
-77314.53 nan -77314.53
-80799.28 nan -80799.28
-77557.65 nan -77557.65
-76540.16 nan -76540.16
-76373.41 nan -76373.41
-81553.11 nan -81553.11
-78011.82 nan -78011.82
-77727.24 nan -77727.24
-79047.42 nan -79047.42
-77490.83 nan -77490.83
-71474.42 nan -71474.42
-71474.42 nan -71474.42
-71474.42 nan -71474.42
-82792.46 nan -82792.46
-78541.70 nan -78541.70
-80329.83 nan -80329.83
-78208.63 nan -78208.63
-79126.70 nan -79126.70
-80535.61 nan -80535.61
-76427.06 nan -76427.06
-78588.35 nan -78588.35
-78327.71 nan -78327.71
-71474.42 nan -71474.42
-79865.88 nan -79865.88
-76887.36 nan -76887.36
-77826.28 nan -77826.28
-78684.17 nan -78684.17
-76521.93 nan -76521.93
-76201.83 nan -76201.83
-78038.35 nan -78038.35
-71474.42 nan -71474.42
-72254.51 nan -72254.51
-71683.95 nan -71683.95
-80732.22 nan -80732.22
-78081.71 nan -78081.71
-79199.10 nan -79199.10
-81477.54 nan -81477.54
-76510.03 nan -76510.03
-75303.33 nan -75303.33
-82129.07 nan -82129.07
-77640.48 nan -77640.48
-81094.04 nan -81094.04
-81281.22 nan -81281.22
-84530.42 nan -84530.42
-79539.81 nan -79539.81
-80794.32 nan -80794.32
-81784.14 nan -81784.14
-80195.86 nan -80195.86
-81205.57 nan -81205.57
-76687.85 nan -76687.85
-80773.05 nan -80773.05
-78773.74 nan -78773.74
-71474.42 nan -71474.42
-75939.54 nan -75939.54
-76685.59 nan -76685.59
-76901.80 nan -76901.80
-77799.90 nan -77799.90
-77905.40 nan -77905.40
-71474.42 nan -71474.42
-81556.81 nan -81556.81
-78402.14 nan -78402.14
-80944.28 nan -80944.28
-77474.78 nan -77474.78
-75157.38 nan -75157.38
-75923.76 nan -75923.76
-76040.83 nan -76040.83
-81398.51 nan -81398.51
-78977.88 nan -78977.88
-79039.68 nan -79039.68
-79201.25 nan -79201.25
-75605.75 nan -75605.75
-81219.85 nan -81219.85
-75326.56 nan -75326.56
-80175.21 nan -80175.21
-77849.24 nan -77849.24
-76898.52 nan -76898.52
-78524.53 nan -78524.53
-79040.10 nan -79040.10
-81532.92 nan -81532.92
-80240.92 nan -80240.92
-72504.00 nan -72504.00
-71474.42 nan -71474.42
-80969.99 nan -80969.99
-80917.50 nan -80917.50
-75836.71 nan -75836.71
-81058.42 nan -81058.42
-80818.03 nan -80818.03
-78722.48 nan -78722.48
-77594.67 nan -77594.67
-79187.50 nan -79187.50
-75579.21 nan -75579.21
-78750.76 nan -78750.76
-77141.14 nan -77141.14
-80050.43 nan -80050.43
-78476.58 nan -78476.58
-79590.93 nan -79590.93
-71474.42 nan -71474.42
-81862.26 nan -81862.26
-80740.27 nan -80740.27
-72654.11 nan -72654.11
-81435.54 nan -81435.54
-79505.08 nan -79505.08
-71474.42 nan -71474.42
-79181.58 nan -79181.58
-81171.32 nan -81171.32
-78653.99 nan -78653.99
-78807.63 nan -78807.63
-80355.65 nan -80355.65
-79466.10 nan -79466.10
-81039.75 nan -81039.75
-80319.30 nan -80319.30
-77753.72 nan -77753.72
-75645.51 nan -75645.51
-76747.63 nan -76747.63
-80810.38 nan -80810.38
-78732.63 nan -78732.63
-79653.60 nan -79653.60
-76107.15 nan -76107.15
-75369.09 nan -75369.09
-70472.02 nan -70472.02
-78828.69 nan -78828.69
-70472.02 nan -70472.02
-77126.16 nan -77126.16
-80326.13 nan -80326.13
-81886.01 nan -81886.01
-78321.04 nan -78321.04
-79571.44 nan -79571.44
-79195.85 nan -79195.85
-78998.08 nan -78998.08
-78537.80 nan -78537.80
-79875.49 nan -79875.49
-78854.62 nan -78854.62
-79586.40 nan -79586.40
-76828.61 nan -76828.61
-84578.19 nan -84578.19
-72862.15 nan -72862.15
-74641.82 nan -74641.82
-76518.97 nan -76518.97
-79967.24 nan -79967.24
-81276.11 nan -81276.11
-77222.55 nan -77222.55
-81753.95 nan -81753.95
-81699.36 nan -81699.36
-79186.78 nan -79186.78
-78767.88 nan -78767.88
-70930.58 nan -70930.58
-80670.61 nan -80670.61
-79828.79 nan -79828.79
-78165.12 nan -78165.12
-81312.51 nan -81312.51
-79158.79 nan -79158.79
-79065.15 nan -79065.15
-78130.61 nan -78130.61
-80168.31 nan -80168.31
-79109.52 nan -79109.52
-79927.59 nan -79927.59
-83855.58 nan -83855.58
-80120.28 nan -80120.28
-76549.57 nan -76549.57
-79939.94 nan -79939.94
-75509.19 nan -75509.19
-70472.02 nan -70472.02
-81864.52 nan -81864.52
-79763.67 nan -79763.67
-80092.30 nan -80092.30
-81214.46 nan -81214.46
