-100392.18 nan -100392.18
-101069.28 nan -101069.28
-100453.10 nan -100453.10
-97680.68 nan -97680.68
-101560.07 nan -101560.07
-98667.85 nan -98667.85
-99435.31 nan -99435.31
-98312.75 nan -98312.75
-97433.35 nan -97433.35
-98963.28 nan -98963.28
-99999.79 nan -99999.79
-97987.87 nan -97987.87
-94566.22 nan -94566.22
-91984.48 nan -91984.48
-93885.76 nan -93885.76
-95494.38 nan -95494.38
-94740.21 nan -94740.21
-95096.14 nan -95096.14
-98215.44 nan -98215.44
-95959.24 nan -95959.24
-99960.27 nan -99960.27
-102025.88 nan -102025.88
-93849.86 nan -93849.86
-99311.48 nan -99311.48
-91919.45 nan -91919.45
-93932.09 nan -93932.09
-91674.46 nan -91674.46
-100674.37 nan -100674.37
-94794.06 nan -94794.06
-93388.54 nan -93388.54
-97576.93 nan -97576.93
-99497.33 nan -99497.33
-98974.11 nan -98974.11
-96959.84 nan -96959.84
-95969.27 nan -95969.27
-98930.63 nan -98930.63
-97894.72 nan -97894.72
-96565.97 nan -96565.97
-99986.49 nan -99986.49
-94747.84 nan -94747.84
-96732.52 nan -96732.52
-98214.74 nan -98214.74
-90862.22 nan -90862.22
-97719.49 nan -97719.49
-99645.38 nan -99645.38
-90432.33 nan -90432.33
-99556.91 nan -99556.91
-97573.96 nan -97573.96
-95647.84 nan -95647.84
-98576.03 nan -98576.03
-91557.56 nan -91557.56
-97557.74 nan -97557.74
-92812.94 nan -92812.94
-104999.99 nan -104999.99
-90815.11 nan -90815.11
-93694.37 nan -93694.37
-89561.62 nan -89561.62
-97802.77 nan -97802.77
-100882.60 nan -100882.60
-101898.83 nan -101898.83
-100934.88 nan -100934.88
-96626.37 nan -96626.37
-87981.64 nan -87981.64
-97199.81 nan -97199.81
-99371.37 nan -99371.37
-96987.82 nan -96987.82
-93900.88 nan -93900.88
-97333.40 nan -97333.40
-96393.20 nan -96393.20
-97624.29 nan -97624.29
-99711.93 nan -99711.93
-98635.08 nan -98635.08
-100402.66 nan -100402.66
-87981.64 nan -87981.64
-98191.71 nan -98191.71
-93865.47 nan -93865.47
-101111.12 nan -101111.12
-98538.14 nan -98538.14
-105206.44 nan -105206.44
-100464.38 nan -100464.38
-95190.55 nan -95190.55
-107609.48 nan -107609.48
-94717.73 nan -94717.73
-96910.60 nan -96910.60
-97958.50 nan -97958.50
-93028.00 nan -93028.00
-86058.29 nan -86058.29
-102277.72 nan -102277.72
-97607.56 nan -97607.56
-88855.40 nan -88855.40
-94181.37 nan -94181.37
-95224.39 nan -95224.39
-97750.40 nan -97750.40
-96806.39 nan -96806.39
-98233.37 nan -98233.37
-98245.27 nan -98245.27
-99055.83 nan -99055.83
-96301.34 nan -96301.34
-98055.71 nan -98055.71
-93937.05 nan -93937.05
-99815.21 nan -99815.21
-99544.83 nan -99544.83
-87492.85 nan -87492.85
-93276.61 nan -93276.61
-98011.51 nan -98011.51
-86058.29 nan -86058.29
-97627.99 nan -97627.99
-100074.87 nan -100074.87
-96121.11 nan -96121.11
-94185.90 nan -94185.90
-97937.22 nan -97937.22
-98945.39 nan -98945.39
-91187.11 nan -91187.11
-94384.69 nan -94384.69
-97896.94 nan -97896.94
-100131.15 nan -100131.15
-102647.43 nan -102647.43
-95005.92 nan -95005.92
-95217.95 nan -95217.95
-98613.28 nan -98613.28
-98901.43 nan -98901.43
-97364.82 nan -97364.82
-97118.96 nan -97118.96
-90016.71 nan -90016.71
-97334.90 nan -97334.90
-99859.06 nan -99859.06
-99026.47 nan -99026.47
-95641.12 nan -95641.12
-95951.59 nan -95951.59
-95897.24 nan -95897.24
-94939.66 nan -94939.66
-93205.40 nan -93205.40
-104625.63 nan -104625.63
-97708.69 nan -97708.69
-90484.87 nan -90484.87
-98418.61 nan -98418.61
-86563.53 nan -86563.53
-99861.55 nan -99861.55
-94537.05 nan -94537.05
-98704.70 nan -98704.70
-95909.14 nan -95909.14
-91745.22 nan -91745.22
-94971.71 nan -94971.71
-90703.40 nan -90703.40
-99117.46 nan -99117.46
-86226.35 nan -86226.35
-89847.69 nan -89847.69
-100359.43 nan -100359.43
-98008.40 nan -98008.40
-101834.08 nan -101834.08
-98790.12 nan -98790.12
-91145.07 nan -91145.07
-98012.71 nan -98012.71
-97645.87 nan -97645.87
-97958.70 nan -97958.70
-96565.74 nan -96565.74
-99751.76 nan -99751.76
-97622.71 nan -97622.71
-102119.58 nan -102119.58
-101187.85 nan -101187.85
-99656.23 nan -99656.23
-99961.38 nan -99961.38
-98459.39 nan -98459.39
-96920.97 nan -96920.97
-92945.31 nan -92945.31
-99222.54 nan -99222.54
-94805.13 nan -94805.13
-93580.62 nan -93580.62
-93553.58 nan -93553.58
-98617.77 nan -98617.77
-98426.35 nan -98426.35
-102583.22 nan -102583.22
-103679.09 nan -103679.09
-95477.28 nan -95477.28
-91783.54 nan -91783.54
-98137.04 nan -98137.04
-94478.28 nan -94478.28
-98471.42 nan -98471.42
-99985.54 nan -99985.54
-95807.21 nan -95807.21
-103371.08 nan -103371.08
-95308.91 nan -95308.91
-98940.77 nan -98940.77
-100400.70 nan -100400.70
-97378.89 nan -97378.89
-99676.95 nan -99676.95
-96767.60 nan -96767.60
-97710.43 nan -97710.43
-97784.74 nan -97784.74
-94330.78 nan -94330.78
-95701.70 nan -95701.70
-96296.59 nan -96296.59
-96812.07 nan -96812.07
-98361.85 nan -98361.85
-96610.44 nan -96610.44
-97061.03 nan -97061.03
-94496.67 nan -94496.67
-96435.87 nan -96435.87
-96910.41 nan -96910.41
-113691.97 nan -113691.97
-98986.50 nan -98986.50
-90383.56 nan -90383.56
-95884.07 nan -95884.07
-93056.63 nan -93056.63
-97499.63 nan -97499.63
-100038.21 nan -100038.21
-104001.32 nan -104001.32
-97144.73 nan -97144.73
-95872.95 nan -95872.95
-94460.72 nan -94460.72
-99727.64 nan -99727.64
-95803.68 nan -95803.68
-97855.09 nan -97855.09
-100073.83 nan -100073.83
-99716.69 nan -99716.69
-96148.86 nan -96148.86
-89358.28 nan -89358.28
-99973.45 nan -99973.45
-95589.17 nan -95589.17
-91205.78 nan -91205.78
-96400.63 nan -96400.63
-95357.87 nan -95357.87
-94524.93 nan -94524.93
-91584.12 nan -91584.12
-91687.08 nan -91687.08
-98733.12 nan -98733.12
-91390.36 nan -91390.36
-95770.25 nan -95770.25
-90651.84 nan -90651.84
-90777.56 nan -90777.56
-99537.14 nan -99537.14
-96711.22 nan -96711.22
-97587.82 nan -97587.82
-95510.05 nan -95510.05
-102513.80 nan -102513.80
-93769.12 nan -93769.12
-89293.82 nan -89293.82
-101687.35 nan -101687.35
-90009.42 nan -90009.42
-98032.91 nan -98032.91
-97676.41 nan -97676.41
-94311.47 nan -94311.47
-99207.05 nan -99207.05
-98146.07 nan -98146.07
-97174.86 nan -97174.86
-98494.76 nan -98494.76
-102228.61 nan -102228.61
-97359.21 nan -97359.21
-95471.81 nan -95471.81
-92865.87 nan -92865.87
-98551.77 nan -98551.77
-95650.62 nan -95650.62
-91734.53 nan -91734.53
-91223.94 nan -91223.94
-97879.95 nan -97879.95
-97959.77 nan -97959.77
-98494.72 nan -98494.72
-97979.50 nan -97979.50
-95025.35 nan -95025.35
-105234.01 nan -105234.01
-97702.91 nan -97702.91
-98820.06 nan -98820.06
-96866.02 nan -96866.02
-90167.18 nan -90167.18
-97209.53 nan -97209.53
-97058.75 nan -97058.75
-95364.81 nan -95364.81
-98193.11 nan -98193.11
-96239.62 nan -96239.62
-98328.52 nan -98328.52
-97094.71 nan -97094.71
-97253.39 nan -97253.39
-90638.42 nan -90638.42
-98584.64 nan -98584.64
-98536.84 nan -98536.84
-91919.83 nan -91919.83
-98546.33 nan -98546.33
-97584.06 nan -97584.06
-95481.57 nan -95481.57
-95514.81 nan -95514.81
-98425.51 nan -98425.51
-93091.72 nan -93091.72
-95902.47 nan -95902.47
-96737.85 nan -96737.85
-99079.55 nan -99079.55
-94022.41 nan -94022.41
-98845.34 nan -98845.34
-98240.06 nan -98240.06
-98064.95 nan -98064.95
-98326.95 nan -98326.95
-96507.35 nan -96507.35
-97662.76 nan -97662.76
-95165.89 nan -95165.89
-94381.18 nan -94381.18
-99290.55 nan -99290.55
-97446.14 nan -97446.14
-96602.93 nan -96602.93
-98656.02 nan -98656.02
-94294.14 nan -94294.14
-91764.31 nan -91764.31
-99606.13 nan -99606.13
-92525.37 nan -92525.37
-90595.54 nan -90595.54
-100795.29 nan -100795.29
-99828.36 nan -99828.36
-97331.69 nan -97331.69
-97125.66 nan -97125.66
-92474.26 nan -92474.26
-97610.33 nan -97610.33
-97918.34 nan -97918.34
-93422.93 nan -93422.93
-95167.20 nan -95167.20
-102168.27 nan -102168.27
-98289.81 nan -98289.81
-94752.96 nan -94752.96
-102984.25 nan -102984.25
-94881.72 nan -94881.72
-99421.54 nan -99421.54
-96910.65 nan -96910.65
-95310.95 nan -95310.95
-95719.33 nan -95719.33
-94412.74 nan -94412.74
-98395.41 nan -98395.41
-96733.79 nan -96733.79
-98596.24 nan -98596.24
-96613.83 nan -96613.83
-94663.04 nan -94663.04
-90962.76 nan -90962.76
-96399.58 nan -96399.58
-88482.40 nan -88482.40
-91435.73 nan -91435.73
-96616.51 nan -96616.51
-98152.51 nan -98152.51
-92400.89 nan -92400.89
-98532.97 nan -98532.97
-98390.25 nan -98390.25
-93548.05 nan -93548.05
-100325.94 nan -100325.94
-93301.36 nan -93301.36
-98838.62 nan -98838.62
-93915.35 nan -93915.35
-95025.96 nan -95025.96
-93809.20 nan -93809.20
-97512.31 nan -97512.31
-99370.81 nan -99370.81
-99158.94 nan -99158.94
-96119.80 nan -96119.80
-95102.81 nan -95102.81
-93493.90 nan -93493.90
-96178.35 nan -96178.35
-95838.08 nan -95838.08
-94705.73 nan -94705.73
-98253.18 nan -98253.18
-96607.93 nan -96607.93
-96131.94 nan -96131.94
-98908.07 nan -98908.07
-96267.71 nan -96267.71
-99865.25 nan -99865.25
-96749.89 nan -96749.89
-95740.56 nan -95740.56
-94527.05 nan -94527.05
-94391.65 nan -94391.65
-99054.36 nan -99054.36
-94510.11 nan -94510.11
-100979.99 nan -100979.99
-96260.86 nan -96260.86
-97569.78 nan -97569.78
-96303.19 nan -96303.19
-94245.37 nan -94245.37
-89796.98 nan -89796.98
-97927.45 nan -97927.45
-98547.82 nan -98547.82
-95287.72 nan -95287.72
-100118.91 nan -100118.91
-95537.70 nan -95537.70
-100666.17 nan -100666.17
-102995.67 nan -102995.67
-94647.29 nan -94647.29
-92292.51 nan -92292.51
-93289.08 nan -93289.08
-100071.35 nan -100071.35
-99143.64 nan -99143.64
-103390.14 nan -103390.14
-95891.54 nan -95891.54
-91036.50 nan -91036.50
-93928.75 nan -93928.75
-97996.71 nan -97996.71
-92063.83 nan -92063.83
-98521.03 nan -98521.03
-100234.95 nan -100234.95
-93963.78 nan -93963.78
-95367.28 nan -95367.28
-98658.04 nan -98658.04
-98941.17 nan -98941.17
-99983.48 nan -99983.48
-90428.72 nan -90428.72
-91694.39 nan -91694.39
-94934.20 nan -94934.20
-88610.32 nan -88610.32
-95229.46 nan -95229.46
-94651.84 nan -94651.84
-97056.68 nan -97056.68
-96367.44 nan -96367.44
-100145.67 nan -100145.67
-94290.11 nan -94290.11
-97359.17 nan -97359.17
-98857.27 nan -98857.27
-93333.89 nan -93333.89
-94980.00 nan -94980.00
-98475.94 nan -98475.94
-93914.63 nan -93914.63
-95664.80 nan -95664.80
-96841.87 nan -96841.87
-96257.65 nan -96257.65
-101159.76 nan -101159.76
-93605.95 nan -93605.95
-103728.73 nan -103728.73
-92215.00 nan -92215.00
-91340.86 nan -91340.86
-101928.98 nan -101928.98
-99234.79 nan -99234.79
-91887.38 nan -91887.38
-94574.86 nan -94574.86
-95660.64 nan -95660.64
-95338.36 nan -95338.36
-97315.03 nan -97315.03
-99475.86 nan -99475.86
-96469.59 nan -96469.59
-99638.61 nan -99638.61
-98596.20 nan -98596.20
-99511.57 nan -99511.57
-100799.28 nan -100799.28
-97905.54 nan -97905.54
-94534.01 nan -94534.01
-98559.47 nan -98559.47
-92100.75 nan -92100.75
-95421.84 nan -95421.84
-93527.42 nan -93527.42
-99143.83 nan -99143.83
-99453.40 nan -99453.40
-92992.44 nan -92992.44
-100472.22 nan -100472.22
-100070.25 nan -100070.25
-101631.16 nan -101631.16
-94508.26 nan -94508.26
-92745.97 nan -92745.97
-102461.01 nan -102461.01
-91678.58 nan -91678.58
-99007.51 nan -99007.51
-95521.99 nan -95521.99
-94925.40 nan -94925.40
-96835.59 nan -96835.59
-97436.66 nan -97436.66
-94537.31 nan -94537.31
-98567.60 nan -98567.60
-93179.10 nan -93179.10
-94376.19 nan -94376.19
-95330.86 nan -95330.86
-92124.14 nan -92124.14
-98660.39 nan -98660.39
-97229.45 nan -97229.45
-97867.37 nan -97867.37
-90801.10 nan -90801.10
-102625.19 nan -102625.19
-96852.62 nan -96852.62
-99785.65 nan -99785.65
-97077.19 nan -97077.19
-97324.90 nan -97324.90
-98577.21 nan -98577.21
-100185.93 nan -100185.93
-100907.98 nan -100907.98
-98546.01 nan -98546.01
-88231.80 nan -88231.80
-98887.44 nan -98887.44
-95721.83 nan -95721.83
-98051.70 nan -98051.70
-92767.81 nan -92767.81
-96202.27 nan -96202.27
-93073.70 nan -93073.70
-89534.48 nan -89534.48
-100031.18 nan -100031.18
-94671.96 nan -94671.96
-94066.76 nan -94066.76
-94503.52 nan -94503.52
-102542.86 nan -102542.86
-100210.22 nan -100210.22
-94461.93 nan -94461.93
-97393.05 nan -97393.05
-98816.39 nan -98816.39
-99259.56 nan -99259.56
-96775.45 nan -96775.45
-99258.74 nan -99258.74
-95301.48 nan -95301.48
-90888.68 nan -90888.68
-92326.43 nan -92326.43
-100825.64 nan -100825.64
-98129.53 nan -98129.53
-98541.43 nan -98541.43
-99794.71 nan -99794.71
-93693.97 nan -93693.97
-93172.77 nan -93172.77
-92541.04 nan -92541.04
-90554.75 nan -90554.75
-98104.07 nan -98104.07
-94081.17 nan -94081.17
-95726.12 nan -95726.12
-94923.95 nan -94923.95
-93253.80 nan -93253.80
-95135.69 nan -95135.69
-96143.68 nan -96143.68
-100580.83 nan -100580.83
-96699.64 nan -96699.64
-94775.17 nan -94775.17
-95977.14 nan -95977.14
-98787.24 nan -98787.24
-100158.17 nan -100158.17
-96531.22 nan -96531.22
-96531.37 nan -96531.37
-100974.35 nan -100974.35
-94469.12 nan -94469.12
-97352.92 nan -97352.92
-94812.75 nan -94812.75
-93332.16 nan -93332.16
-99649.85 nan -99649.85
-95759.74 nan -95759.74
-99541.09 nan -99541.09
-98893.38 nan -98893.38
-95166.63 nan -95166.63
-97787.99 nan -97787.99
-92268.18 nan -92268.18
-98712.81 nan -98712.81
-96527.14 nan -96527.14
-92257.09 nan -92257.09
-98020.05 nan -98020.05
-96050.31 nan -96050.31
-96172.76 nan -96172.76
-95886.13 nan -95886.13
-99736.45 nan -99736.45
-87501.38 nan -87501.38
-99064.86 nan -99064.86
-93026.43 nan -93026.43
-98583.42 nan -98583.42
-109863.38 nan -109863.38
-103112.76 nan -103112.76
-96181.21 nan -96181.21
-96736.79 nan -96736.79
-95685.87 nan -95685.87
-97568.22 nan -97568.22
-97230.87 nan -97230.87
-94115.34 nan -94115.34
-97524.26 nan -97524.26
-98555.49 nan -98555.49
-97186.78 nan -97186.78
-100454.19 nan -100454.19
-96335.79 nan -96335.79
-98612.98 nan -98612.98
-94647.85 nan -94647.85
-99351.57 nan -99351.57
-92656.72 nan -92656.72
-95471.62 nan -95471.62
-98839.94 nan -98839.94
-97498.78 nan -97498.78
-94118.01 nan -94118.01
-97211.94 nan -97211.94
-97215.65 nan -97215.65
-98493.55 nan -98493.55
-98974.32 nan -98974.32
-92944.10 nan -92944.10
-99489.13 nan -99489.13
-101716.07 nan -101716.07
-97562.88 nan -97562.88
-98061.46 nan -98061.46
-96338.20 nan -96338.20
-96184.92 nan -96184.92
-90537.12 nan -90537.12
-97004.52 nan -97004.52
-97220.64 nan -97220.64
-101655.98 nan -101655.98
-93425.80 nan -93425.80
-97676.14 nan -97676.14
-98800.31 nan -98800.31
-95510.98 nan -95510.98
-103202.05 nan -103202.05
-98610.91 nan -98610.91
-91628.98 nan -91628.98
-99829.37 nan -99829.37
-96210.29 nan -96210.29
-99232.51 nan -99232.51
-98183.37 nan -98183.37
-99453.89 nan -99453.89
-99554.87 nan -99554.87
-98633.21 nan -98633.21
-94111.16 nan -94111.16
-94811.95 nan -94811.95
-101958.80 nan -101958.80
-97077.00 nan -97077.00
-98111.80 nan -98111.80
-99950.50 nan -99950.50
-89188.24 nan -89188.24
-97622.15 nan -97622.15
-95281.39 nan -95281.39
-94434.67 nan -94434.67
-94794.76 nan -94794.76
-95983.79 nan -95983.79
-95021.18 nan -95021.18
-97569.55 nan -97569.55
-98175.84 nan -98175.84
-99646.48 nan -99646.48
-97011.08 nan -97011.08
-91083.55 nan -91083.55
-97085.82 nan -97085.82
-95689.65 nan -95689.65
-99447.64 nan -99447.64
-95936.62 nan -95936.62
-93010.66 nan -93010.66
-92367.10 nan -92367.10
-95393.51 nan -95393.51
-94459.60 nan -94459.60
-98369.47 nan -98369.47
-92095.33 nan -92095.33
-100670.73 nan -100670.73
-98185.01 nan -98185.01
-90950.58 nan -90950.58
