-92647.34 nan -92647.34
-89610.03 nan -89610.03
-89865.96 nan -89865.96
-92674.07 nan -92674.07
-87509.08 nan -87509.08
-90487.88 nan -90487.88
-86207.44 nan -86207.44
-91193.13 nan -91193.13
-83623.12 nan -83623.12
-87736.99 nan -87736.99
-87963.78 nan -87963.78
-81195.96 nan -81195.96
-84854.68 nan -84854.68
-89872.91 nan -89872.91
-90043.36 nan -90043.36
-87438.96 nan -87438.96
-87582.09 nan -87582.09
-89480.18 nan -89480.18
-87206.24 nan -87206.24
-85345.82 nan -85345.82
-85887.59 nan -85887.59
-90566.37 nan -90566.37
-85698.63 nan -85698.63
-86836.32 nan -86836.32
-93126.92 nan -93126.92
-88263.04 nan -88263.04
-87144.41 nan -87144.41
-87368.69 nan -87368.69
-87041.85 nan -87041.85
-89471.25 nan -89471.25
-91944.83 nan -91944.83
-84891.56 nan -84891.56
-88276.99 nan -88276.99
-82526.12 nan -82526.12
-85795.74 nan -85795.74
-84045.76 nan -84045.76
-83847.30 nan -83847.30
-87369.74 nan -87369.74
-88577.86 nan -88577.86
-84440.85 nan -84440.85
-86693.31 nan -86693.31
-92636.12 nan -92636.12
-89873.36 nan -89873.36
-93961.57 nan -93961.57
-88961.94 nan -88961.94
-84599.04 nan -84599.04
-89164.43 nan -89164.43
-91059.95 nan -91059.95
-86457.03 nan -86457.03
-84835.13 nan -84835.13
-87312.62 nan -87312.62
-83661.00 nan -83661.00
-88854.14 nan -88854.14
-91110.97 nan -91110.97
-89352.40 nan -89352.40
-91986.56 nan -91986.56
-88801.34 nan -88801.34
-87906.85 nan -87906.85
-82019.04 nan -82019.04
-88893.15 nan -88893.15
-89727.08 nan -89727.08
-91656.00 nan -91656.00
-91456.62 nan -91456.62
-86646.87 nan -86646.87
-92219.89 nan -92219.89
-87912.59 nan -87912.59
-85788.44 nan -85788.44
-87650.79 nan -87650.79
-86727.46 nan -86727.46
-88625.13 nan -88625.13
-88458.61 nan -88458.61
-86794.66 nan -86794.66
-89379.33 nan -89379.33
-81195.96 nan -81195.96
-91909.42 nan -91909.42
-92883.57 nan -92883.57
-87451.88 nan -87451.88
-78688.05 nan -78688.05
-89222.80 nan -89222.80
-87731.43 nan -87731.43
-89284.86 nan -89284.86
-90038.51 nan -90038.51
-84194.66 nan -84194.66
-88795.31 nan -88795.31
-88558.39 nan -88558.39
-85572.31 nan -85572.31
-89028.36 nan -89028.36
-90237.74 nan -90237.74
-86234.86 nan -86234.86
-85339.97 nan -85339.97
-91257.31 nan -91257.31
-83245.89 nan -83245.89
-85875.64 nan -85875.64
-91293.61 nan -91293.61
-85252.47 nan -85252.47
-89178.56 nan -89178.56
-84099.48 nan -84099.48
-86785.21 nan -86785.21
-83622.64 nan -83622.64
-87539.18 nan -87539.18
-83511.23 nan -83511.23
-87942.38 nan -87942.38
-86332.52 nan -86332.52
-85721.16 nan -85721.16
-88491.19 nan -88491.19
-89436.12 nan -89436.12
-85421.60 nan -85421.60
-87198.04 nan -87198.04
-84341.81 nan -84341.81
-85015.97 nan -85015.97
-90581.52 nan -90581.52
-83200.93 nan -83200.93
-86043.98 nan -86043.98
-82989.18 nan -82989.18
-87392.89 nan -87392.89
-90500.49 nan -90500.49
-85152.07 nan -85152.07
-89701.33 nan -89701.33
-86009.72 nan -86009.72
-92210.71 nan -92210.71
-83977.18 nan -83977.18
-88046.11 nan -88046.11
-90620.70 nan -90620.70
-89839.68 nan -89839.68
-79471.20 nan -79471.20
-87727.29 nan -87727.29
-86325.76 nan -86325.76
-85974.23 nan -85974.23
-87609.17 nan -87609.17
-82220.88 nan -82220.88
-85577.28 nan -85577.28
-88025.51 nan -88025.51
-88069.46 nan -88069.46
-86555.94 nan -86555.94
-88979.79 nan -88979.79
-84409.68 nan -84409.68
-87735.77 nan -87735.77
-93388.42 nan -93388.42
-82902.17 nan -82902.17
-86687.09 nan -86687.09
-91652.53 nan -91652.53
-87593.60 nan -87593.60
-83231.84 nan -83231.84
-90072.40 nan -90072.40
-88513.96 nan -88513.96
-84128.66 nan -84128.66
-86862.88 nan -86862.88
-88421.48 nan -88421.48
-83183.14 nan -83183.14
-90074.77 nan -90074.77
-90766.58 nan -90766.58
-82813.10 nan -82813.10
-83225.43 nan -83225.43
-98420.18 nan -98420.18
-90074.47 nan -90074.47
-84550.13 nan -84550.13
-90973.36 nan -90973.36
-88286.35 nan -88286.35
-85966.84 nan -85966.84
-92514.76 nan -92514.76
-87840.20 nan -87840.20
-80307.83 nan -80307.83
-87737.74 nan -87737.74
-87331.59 nan -87331.59
-87432.12 nan -87432.12
-85271.32 nan -85271.32
-88093.32 nan -88093.32
-81343.47 nan -81343.47
-89439.53 nan -89439.53
-85771.46 nan -85771.46
-90146.56 nan -90146.56
-88098.82 nan -88098.82
-88645.89 nan -88645.89
-86786.00 nan -86786.00
-89668.21 nan -89668.21
-89310.94 nan -89310.94
-85240.05 nan -85240.05
-89222.12 nan -89222.12
-87302.23 nan -87302.23
-87680.41 nan -87680.41
-90179.29 nan -90179.29
-88469.62 nan -88469.62
-84427.99 nan -84427.99
-81993.00 nan -81993.00
-87868.61 nan -87868.61
-90443.35 nan -90443.35
-88745.99 nan -88745.99
-87854.98 nan -87854.98
-84169.73 nan -84169.73
-85448.88 nan -85448.88
-86284.89 nan -86284.89
-89873.12 nan -89873.12
-87359.21 nan -87359.21
-89661.73 nan -89661.73
-82256.25 nan -82256.25
-88607.31 nan -88607.31
-85552.30 nan -85552.30
-99373.55 nan -99373.55
-86652.75 nan -86652.75
-90727.19 nan -90727.19
-89082.65 nan -89082.65
-89555.57 nan -89555.57
-85389.44 nan -85389.44
-83888.96 nan -83888.96
-84583.14 nan -84583.14
-89343.66 nan -89343.66
-88078.62 nan -88078.62
-87353.32 nan -87353.32
-85073.63 nan -85073.63
-91156.36 nan -91156.36
-89009.22 nan -89009.22
-85247.21 nan -85247.21
-92636.46 nan -92636.46
-87048.74 nan -87048.74
-86781.59 nan -86781.59
-90308.75 nan -90308.75
-89891.71 nan -89891.71
-87343.28 nan -87343.28
-89607.49 nan -89607.49
-87128.40 nan -87128.40
-84717.94 nan -84717.94
-80004.28 nan -80004.28
-86513.93 nan -86513.93
-89873.60 nan -89873.60
-80148.11 nan -80148.11
-89236.44 nan -89236.44
-85853.61 nan -85853.61
-87592.95 nan -87592.95
-77758.79 nan -77758.79
-87825.34 nan -87825.34
-83470.20 nan -83470.20
-88971.08 nan -88971.08
-86414.68 nan -86414.68
-82893.78 nan -82893.78
-84707.61 nan -84707.61
-85895.00 nan -85895.00
-89221.14 nan -89221.14
-82794.24 nan -82794.24
-85326.68 nan -85326.68
-84348.78 nan -84348.78
-90629.12 nan -90629.12
-88736.75 nan -88736.75
-83240.54 nan -83240.54
-89753.52 nan -89753.52
-90110.75 nan -90110.75
-89283.12 nan -89283.12
-87592.78 nan -87592.78
-90260.08 nan -90260.08
-88391.61 nan -88391.61
-89815.13 nan -89815.13
-84694.56 nan -84694.56
-88034.26 nan -88034.26
-89668.65 nan -89668.65
-86566.57 nan -86566.57
-82991.28 nan -82991.28
-85354.28 nan -85354.28
-86319.59 nan -86319.59
-84277.10 nan -84277.10
-85180.07 nan -85180.07
-85120.05 nan -85120.05
-87342.66 nan -87342.66
-84956.85 nan -84956.85
-87987.60 nan -87987.60
-84513.78 nan -84513.78
-85089.23 nan -85089.23
-78612.74 nan -78612.74
-85061.32 nan -85061.32
-85624.97 nan -85624.97
-86435.83 nan -86435.83
-91246.23 nan -91246.23
-89005.78 nan -89005.78
-82994.33 nan -82994.33
-85290.04 nan -85290.04
-88223.04 nan -88223.04
-87107.41 nan -87107.41
-84580.96 nan -84580.96
-92665.43 nan -92665.43
-87814.26 nan -87814.26
-89767.66 nan -89767.66
-88999.01 nan -88999.01
-85139.39 nan -85139.39
-87340.02 nan -87340.02
-78567.89 nan -78567.89
-87800.52 nan -87800.52
-87636.92 nan -87636.92
-81728.57 nan -81728.57
-84511.40 nan -84511.40
-83952.37 nan -83952.37
-88024.98 nan -88024.98
-87232.62 nan -87232.62
-85124.01 nan -85124.01
-86618.35 nan -86618.35
-90844.20 nan -90844.20
-92152.92 nan -92152.92
-88086.26 nan -88086.26
-89142.59 nan -89142.59
-82656.51 nan -82656.51
-89436.42 nan -89436.42
-86121.22 nan -86121.22
-90890.40 nan -90890.40
-87277.93 nan -87277.93
-90707.63 nan -90707.63
-87474.96 nan -87474.96
-85578.54 nan -85578.54
-88614.05 nan -88614.05
-86932.95 nan -86932.95
-83634.87 nan -83634.87
-85609.88 nan -85609.88
-82411.49 nan -82411.49
-83543.93 nan -83543.93
-89502.70 nan -89502.70
-90195.13 nan -90195.13
-86027.49 nan -86027.49
-89792.35 nan -89792.35
-81807.04 nan -81807.04
-86336.87 nan -86336.87
-84841.49 nan -84841.49
-83516.17 nan -83516.17
-85019.38 nan -85019.38
-82166.60 nan -82166.60
-78853.50 nan -78853.50
-84115.60 nan -84115.60
-86285.99 nan -86285.99
-86261.71 nan -86261.71
-86303.76 nan -86303.76
-83555.98 nan -83555.98
-89035.30 nan -89035.30
-87577.61 nan -87577.61
-87935.12 nan -87935.12
-85682.06 nan -85682.06
-81758.72 nan -81758.72
-85912.80 nan -85912.80
-86559.84 nan -86559.84
-88509.33 nan -88509.33
-91098.92 nan -91098.92
-91066.40 nan -91066.40
-89095.62 nan -89095.62
-89080.94 nan -89080.94
-88801.80 nan -88801.80
-87475.27 nan -87475.27
-87268.79 nan -87268.79
-91464.53 nan -91464.53
-80097.42 nan -80097.42
-84221.95 nan -84221.95
-86978.66 nan -86978.66
-89982.04 nan -89982.04
-92854.52 nan -92854.52
-88914.00 nan -88914.00
-85320.87 nan -85320.87
-89552.30 nan -89552.30
-80133.03 nan -80133.03
-92281.44 nan -92281.44
-88318.33 nan -88318.33
-83006.52 nan -83006.52
-84422.11 nan -84422.11
-80618.40 nan -80618.40
-88453.62 nan -88453.62
-89578.01 nan -89578.01
-85018.21 nan -85018.21
-88275.46 nan -88275.46
-90589.42 nan -90589.42
-83750.89 nan -83750.89
-88740.91 nan -88740.91
-85771.82 nan -85771.82
-88629.66 nan -88629.66
-81220.53 nan -81220.53
-83761.75 nan -83761.75
-87669.45 nan -87669.45
-87065.16 nan -87065.16
-92436.73 nan -92436.73
-87938.87 nan -87938.87
-93766.67 nan -93766.67
-86961.56 nan -86961.56
-84218.02 nan -84218.02
-84394.13 nan -84394.13
-86859.92 nan -86859.92
-82947.58 nan -82947.58
-89593.31 nan -89593.31
-87918.60 nan -87918.60
-88959.47 nan -88959.47
-90931.60 nan -90931.60
-87101.19 nan -87101.19
-87285.21 nan -87285.21
-84294.71 nan -84294.71
-86034.13 nan -86034.13
-85516.45 nan -85516.45
-90327.67 nan -90327.67
-87950.43 nan -87950.43
-87459.99 nan -87459.99
-86861.78 nan -86861.78
-88790.99 nan -88790.99
-79274.12 nan -79274.12
-87704.75 nan -87704.75
-87205.53 nan -87205.53
-86731.83 nan -86731.83
-87124.74 nan -87124.74
-82751.07 nan -82751.07
-90153.78 nan -90153.78
-86725.19 nan -86725.19
-92355.42 nan -92355.42
-89032.69 nan -89032.69
-77758.79 nan -77758.79
-88943.90 nan -88943.90
-88750.95 nan -88750.95
-91507.62 nan -91507.62
-83744.03 nan -83744.03
-88108.31 nan -88108.31
-90231.15 nan -90231.15
-86722.62 nan -86722.62
-77669.05 nan -77669.05
-89170.80 nan -89170.80
-87419.44 nan -87419.44
-91513.34 nan -91513.34
-91903.78 nan -91903.78
-89561.48 nan -89561.48
-89981.28 nan -89981.28
-87061.64 nan -87061.64
-92326.84 nan -92326.84
-83031.75 nan -83031.75
-84259.58 nan -84259.58
-87399.14 nan -87399.14
-88019.46 nan -88019.46
-89027.53 nan -89027.53
-89982.58 nan -89982.58
-87701.31 nan -87701.31
-81408.67 nan -81408.67
-92986.00 nan -92986.00
-87071.12 nan -87071.12
-85035.08 nan -85035.08
-87137.70 nan -87137.70
-86981.53 nan -86981.53
-88945.01 nan -88945.01
-88328.49 nan -88328.49
-82886.60 nan -82886.60
-86471.56 nan -86471.56
-83029.50 nan -83029.50
-85447.43 nan -85447.43
-90190.97 nan -90190.97
-88916.87 nan -88916.87
-87708.14 nan -87708.14
-83966.36 nan -83966.36
-89556.42 nan -89556.42
-87339.39 nan -87339.39
-88987.15 nan -88987.15
-89431.47 nan -89431.47
-90025.36 nan -90025.36
-86112.01 nan -86112.01
-89170.78 nan -89170.78
-86655.52 nan -86655.52
-87764.01 nan -87764.01
-89975.44 nan -89975.44
-91369.97 nan -91369.97
-89650.96 nan -89650.96
-89109.38 nan -89109.38
-92929.02 nan -92929.02
-84198.57 nan -84198.57
-79924.57 nan -79924.57
-86872.35 nan -86872.35
-91279.74 nan -91279.74
-91191.19 nan -91191.19
-89851.41 nan -89851.41
-83306.69 nan -83306.69
-85105.70 nan -85105.70
-88376.41 nan -88376.41
-89726.51 nan -89726.51
-91420.06 nan -91420.06
-89655.33 nan -89655.33
-91269.64 nan -91269.64
-86269.87 nan -86269.87
-86588.68 nan -86588.68
-83283.16 nan -83283.16
-85271.13 nan -85271.13
-80962.69 nan -80962.69
-83983.59 nan -83983.59
-90222.87 nan -90222.87
-87999.44 nan -87999.44
-90066.85 nan -90066.85
-86250.41 nan -86250.41
-87695.46 nan -87695.46
-90688.04 nan -90688.04
-84054.34 nan -84054.34
-87486.57 nan -87486.57
-88514.10 nan -88514.10
-89485.80 nan -89485.80
-89369.72 nan -89369.72
-85331.51 nan -85331.51
-88095.59 nan -88095.59
-86171.41 nan -86171.41
-92486.91 nan -92486.91
-87426.15 nan -87426.15
-80298.65 nan -80298.65
-83063.23 nan -83063.23
-89826.37 nan -89826.37
-89528.63 nan -89528.63
-82607.12 nan -82607.12
-88164.71 nan -88164.71
-89962.04 nan -89962.04
-88626.37 nan -88626.37
-88422.90 nan -88422.90
-85347.23 nan -85347.23
-86652.14 nan -86652.14
-82785.86 nan -82785.86
-87977.13 nan -87977.13
-86519.24 nan -86519.24
-82329.91 nan -82329.91
-85454.12 nan -85454.12
-87193.70 nan -87193.70
-88267.96 nan -88267.96
-88231.35 nan -88231.35
-86183.73 nan -86183.73
-84512.39 nan -84512.39
-86429.06 nan -86429.06
-91673.53 nan -91673.53
-84732.45 nan -84732.45
-84410.92 nan -84410.92
-89191.68 nan -89191.68
-85315.86 nan -85315.86
-93574.38 nan -93574.38
-85343.89 nan -85343.89
-81908.35 nan -81908.35
-85825.02 nan -85825.02
-84717.62 nan -84717.62
-90707.25 nan -90707.25
-88859.51 nan -88859.51
-81578.88 nan -81578.88
-88521.20 nan -88521.20
-86898.32 nan -86898.32
-84548.26 nan -84548.26
-81959.66 nan -81959.66
-91774.17 nan -91774.17
-82996.35 nan -82996.35
-90176.03 nan -90176.03
-86808.16 nan -86808.16
-86854.31 nan -86854.31
-83965.95 nan -83965.95
-87712.22 nan -87712.22
-86493.08 nan -86493.08
-88986.93 nan -88986.93
-90904.09 nan -90904.09
-88278.73 nan -88278.73
-84072.53 nan -84072.53
-81721.32 nan -81721.32
-90970.08 nan -90970.08
-84860.37 nan -84860.37
-88165.09 nan -88165.09
-85138.11 nan -85138.11
-83703.10 nan -83703.10
-90184.22 nan -90184.22
-86711.56 nan -86711.56
-90176.15 nan -90176.15
-90914.94 nan -90914.94
-85073.58 nan -85073.58
-88098.60 nan -88098.60
-88449.73 nan -88449.73
-88238.97 nan -88238.97
-84586.20 nan -84586.20
-80355.41 nan -80355.41
-85776.63 nan -85776.63
-87304.99 nan -87304.99
-89435.97 nan -89435.97
-89949.95 nan -89949.95
-84192.47 nan -84192.47
-83388.50 nan -83388.50
-90334.25 nan -90334.25
-87350.42 nan -87350.42
-87612.43 nan -87612.43
-90110.13 nan -90110.13
-89166.87 nan -89166.87
-89341.48 nan -89341.48
-92363.02 nan -92363.02
-85757.88 nan -85757.88
-83974.72 nan -83974.72
-90145.87 nan -90145.87
-85248.15 nan -85248.15
-88869.15 nan -88869.15
-86659.55 nan -86659.55
-80000.99 nan -80000.99
-89548.91 nan -89548.91
-85480.55 nan -85480.55
-83793.40 nan -83793.40
-89727.80 nan -89727.80
-84243.44 nan -84243.44
-77794.50 nan -77794.50
-85233.69 nan -85233.69
-84346.26 nan -84346.26
-83725.01 nan -83725.01
-82446.42 nan -82446.42
-84666.03 nan -84666.03
-83887.49 nan -83887.49
-84646.96 nan -84646.96
-87015.19 nan -87015.19
-83417.07 nan -83417.07
-86305.80 nan -86305.80
-90651.29 nan -90651.29
-88414.96 nan -88414.96
-86553.25 nan -86553.25
-91364.07 nan -91364.07
-86512.66 nan -86512.66
-88211.87 nan -88211.87
-87561.76 nan -87561.76
-88796.16 nan -88796.16
-84897.89 nan -84897.89
-89975.26 nan -89975.26
-83504.91 nan -83504.91
-86376.30 nan -86376.30
-88494.62 nan -88494.62
-86361.09 nan -86361.09
-89916.79 nan -89916.79
-89846.31 nan -89846.31
-86572.95 nan -86572.95
-84023.89 nan -84023.89
-89490.87 nan -89490.87
-88152.59 nan -88152.59
-87442.60 nan -87442.60
-90342.20 nan -90342.20
-88269.53 nan -88269.53
-86385.55 nan -86385.55
-86921.44 nan -86921.44
-89797.99 nan -89797.99
-85129.23 nan -85129.23
-89321.75 nan -89321.75
-85089.69 nan -85089.69
