-112795.84 nan -112795.84
-117713.91 nan -117713.91
-110109.61 nan -110109.61
-108741.73 nan -108741.73
-111511.50 nan -111511.50
-111265.48 nan -111265.48
-107714.41 nan -107714.41
-104374.23 nan -104374.23
-112555.67 nan -112555.67
-108965.92 nan -108965.92
-105841.76 nan -105841.76
-106110.02 nan -106110.02
-111074.74 nan -111074.74
-99431.39 nan -99431.39
-107761.60 nan -107761.60
-102408.63 nan -102408.63
-103859.55 nan -103859.55
-107339.94 nan -107339.94
-108406.74 nan -108406.74
-108683.72 nan -108683.72
-106950.18 nan -106950.18
-109251.29 nan -109251.29
-104071.14 nan -104071.14
-103363.54 nan -103363.54
-105464.84 nan -105464.84
-109966.41 nan -109966.41
-104243.60 nan -104243.60
-104577.07 nan -104577.07
-106987.93 nan -106987.93
-105077.89 nan -105077.89
-108848.36 nan -108848.36
-106034.81 nan -106034.81
-105569.48 nan -105569.48
-106595.11 nan -106595.11
-106502.21 nan -106502.21
-110360.09 nan -110360.09
-110485.30 nan -110485.30
-104085.25 nan -104085.25
-109361.50 nan -109361.50
-106409.32 nan -106409.32
-107427.94 nan -107427.94
-107153.57 nan -107153.57
-109221.57 nan -109221.57
-101068.30 nan -101068.30
-121956.44 nan -121956.44
-108339.03 nan -108339.03
-106209.23 nan -106209.23
-106415.75 nan -106415.75
-110723.44 nan -110723.44
-106645.17 nan -106645.17
-110911.64 nan -110911.64
-106558.97 nan -106558.97
-110976.77 nan -110976.77
-109726.48 nan -109726.48
-112733.39 nan -112733.39
-106167.17 nan -106167.17
-106274.69 nan -106274.69
-104601.92 nan -104601.92
-104157.85 nan -104157.85
-109417.95 nan -109417.95
-105896.93 nan -105896.93
-113918.13 nan -113918.13
-100969.09 nan -100969.09
-104034.69 nan -104034.69
-109417.68 nan -109417.68
-111035.59 nan -111035.59
-103862.67 nan -103862.67
-105430.25 nan -105430.25
-110580.76 nan -110580.76
-105701.19 nan -105701.19
-104026.44 nan -104026.44
-108300.12 nan -108300.12
-105589.54 nan -105589.54
-107478.42 nan -107478.42
-110621.96 nan -110621.96
-99431.39 nan -99431.39
-103510.99 nan -103510.99
-109671.18 nan -109671.18
-110400.15 nan -110400.15
-109203.49 nan -109203.49
-105039.83 nan -105039.83
-99964.89 nan -99964.89
-105927.11 nan -105927.11
-103378.71 nan -103378.71
-112041.85 nan -112041.85
-104723.58 nan -104723.58
-106204.14 nan -106204.14
-108688.55 nan -108688.55
-108812.66 nan -108812.66
-110984.81 nan -110984.81
-102784.38 nan -102784.38
-106179.97 nan -106179.97
-109102.14 nan -109102.14
-110505.20 nan -110505.20
-107141.46 nan -107141.46
-107393.03 nan -107393.03
-105649.41 nan -105649.41
-108173.13 nan -108173.13
-96210.93 nan -96210.93
-108601.69 nan -108601.69
-110334.43 nan -110334.43
-108499.26 nan -108499.26
-106872.56 nan -106872.56
-104578.11 nan -104578.11
-98781.25 nan -98781.25
-102071.07 nan -102071.07
-104578.38 nan -104578.38
-105585.74 nan -105585.74
-108542.30 nan -108542.30
-101315.53 nan -101315.53
-102811.78 nan -102811.78
-104339.48 nan -104339.48
-98359.98 nan -98359.98
-103577.89 nan -103577.89
-105856.84 nan -105856.84
-108423.31 nan -108423.31
-108755.14 nan -108755.14
-96210.93 nan -96210.93
-105026.07 nan -105026.07
-105068.35 nan -105068.35
-108262.42 nan -108262.42
-103444.27 nan -103444.27
-101547.59 nan -101547.59
-108654.25 nan -108654.25
-101781.46 nan -101781.46
-103604.93 nan -103604.93
-108609.16 nan -108609.16
-110775.41 nan -110775.41
-104441.15 nan -104441.15
-105828.48 nan -105828.48
-108091.59 nan -108091.59
-107705.26 nan -107705.26
-105894.32 nan -105894.32
-109595.43 nan -109595.43
-104641.03 nan -104641.03
-106809.67 nan -106809.67
-100788.38 nan -100788.38
-106102.18 nan -106102.18
-108383.67 nan -108383.67
-108869.48 nan -108869.48
-109021.11 nan -109021.11
-104512.19 nan -104512.19
-105746.65 nan -105746.65
-102309.43 nan -102309.43
-101033.01 nan -101033.01
-101942.68 nan -101942.68
-105396.00 nan -105396.00
-107719.15 nan -107719.15
-112262.94 nan -112262.94
-108638.61 nan -108638.61
-105450.43 nan -105450.43
-107276.77 nan -107276.77
-103584.33 nan -103584.33
-105970.58 nan -105970.58
-103943.47 nan -103943.47
-102844.00 nan -102844.00
-104343.64 nan -104343.64
-103324.70 nan -103324.70
-106109.20 nan -106109.20
-103869.85 nan -103869.85
-103075.54 nan -103075.54
-102719.97 nan -102719.97
-106037.00 nan -106037.00
-105817.04 nan -105817.04
-107695.18 nan -107695.18
-102204.76 nan -102204.76
-107737.97 nan -107737.97
-113057.16 nan -113057.16
-109193.60 nan -109193.60
-101362.55 nan -101362.55
-105520.81 nan -105520.81
-105567.49 nan -105567.49
-108199.48 nan -108199.48
-100458.68 nan -100458.68
-103984.45 nan -103984.45
-108077.32 nan -108077.32
-107746.11 nan -107746.11
-107255.66 nan -107255.66
-103256.01 nan -103256.01
-107448.60 nan -107448.60
-108173.48 nan -108173.48
-101750.73 nan -101750.73
-106997.29 nan -106997.29
-106241.40 nan -106241.40
-103454.48 nan -103454.48
-104763.64 nan -104763.64
-101640.15 nan -101640.15
-111577.17 nan -111577.17
-103048.76 nan -103048.76
-111692.03 nan -111692.03
-101960.55 nan -101960.55
-111296.20 nan -111296.20
-105522.00 nan -105522.00
-104728.61 nan -104728.61
-106271.09 nan -106271.09
-113624.04 nan -113624.04
-97976.74 nan -97976.74
-108460.62 nan -108460.62
-108893.32 nan -108893.32
-103402.60 nan -103402.60
-106498.82 nan -106498.82
-100933.53 nan -100933.53
-110281.95 nan -110281.95
-114957.78 nan -114957.78
-103154.50 nan -103154.50
-98668.19 nan -98668.19
-103138.92 nan -103138.92
-114899.88 nan -114899.88
-109224.75 nan -109224.75
-107517.24 nan -107517.24
-110553.95 nan -110553.95
-107310.15 nan -107310.15
-105117.59 nan -105117.59
-114518.98 nan -114518.98
-101748.65 nan -101748.65
-109912.16 nan -109912.16
-111179.95 nan -111179.95
-105676.58 nan -105676.58
-108042.39 nan -108042.39
-104305.91 nan -104305.91
-108186.03 nan -108186.03
-104023.01 nan -104023.01
-100356.59 nan -100356.59
-108436.28 nan -108436.28
-111712.28 nan -111712.28
-108018.92 nan -108018.92
-101014.93 nan -101014.93
-110005.44 nan -110005.44
-111283.43 nan -111283.43
-107524.36 nan -107524.36
-103980.58 nan -103980.58
-101289.16 nan -101289.16
-109081.13 nan -109081.13
-105886.04 nan -105886.04
-101516.35 nan -101516.35
-108314.44 nan -108314.44
-99335.40 nan -99335.40
-103134.52 nan -103134.52
-101387.21 nan -101387.21
-102725.32 nan -102725.32
-104095.19 nan -104095.19
-115819.67 nan -115819.67
-111520.66 nan -111520.66
-108800.26 nan -108800.26
-105380.67 nan -105380.67
-108375.32 nan -108375.32
-106282.74 nan -106282.74
-106846.36 nan -106846.36
-108409.13 nan -108409.13
-107268.16 nan -107268.16
-104573.25 nan -104573.25
-106379.20 nan -106379.20
-96210.93 nan -96210.93
-109619.81 nan -109619.81
-103769.85 nan -103769.85
-105320.47 nan -105320.47
-107556.38 nan -107556.38
-110695.71 nan -110695.71
-108859.92 nan -108859.92
-106119.71 nan -106119.71
-107884.34 nan -107884.34
-106441.20 nan -106441.20
-105037.08 nan -105037.08
-104420.97 nan -104420.97
-105877.07 nan -105877.07
-102973.77 nan -102973.77
-100770.52 nan -100770.52
-104728.08 nan -104728.08
-100514.34 nan -100514.34
-110719.79 nan -110719.79
-103193.42 nan -103193.42
-108242.56 nan -108242.56
-109497.95 nan -109497.95
-99540.03 nan -99540.03
-110288.91 nan -110288.91
-108728.50 nan -108728.50
-99926.72 nan -99926.72
-109370.10 nan -109370.10
-105587.34 nan -105587.34
-111373.54 nan -111373.54
-107809.99 nan -107809.99
-108690.22 nan -108690.22
-101652.06 nan -101652.06
-105325.03 nan -105325.03
-96210.93 nan -96210.93
-110333.03 nan -110333.03
-108867.63 nan -108867.63
-104716.44 nan -104716.44
-101881.47 nan -101881.47
-97459.60 nan -97459.60
-102410.42 nan -102410.42
-101006.73 nan -101006.73
-105272.93 nan -105272.93
-108845.14 nan -108845.14
-109820.80 nan -109820.80
-108375.38 nan -108375.38
-107347.92 nan -107347.92
-111256.86 nan -111256.86
-104213.13 nan -104213.13
-109546.07 nan -109546.07
-108413.38 nan -108413.38
-108466.96 nan -108466.96
-108520.84 nan -108520.84
-103095.63 nan -103095.63
-111819.29 nan -111819.29
-103802.57 nan -103802.57
-108250.04 nan -108250.04
-105726.54 nan -105726.54
-106684.65 nan -106684.65
-110604.87 nan -110604.87
-103946.86 nan -103946.86
-104220.26 nan -104220.26
-103060.70 nan -103060.70
-105118.28 nan -105118.28
-103202.21 nan -103202.21
-104605.84 nan -104605.84
-108929.11 nan -108929.11
-110600.45 nan -110600.45
-109917.81 nan -109917.81
-105961.24 nan -105961.24
-96210.93 nan -96210.93
-106780.69 nan -106780.69
-107400.05 nan -107400.05
-103703.01 nan -103703.01
-102883.50 nan -102883.50
-101959.79 nan -101959.79
-105522.61 nan -105522.61
-108966.98 nan -108966.98
-109482.70 nan -109482.70
-103846.57 nan -103846.57
-105764.14 nan -105764.14
-101830.05 nan -101830.05
-108552.88 nan -108552.88
-105695.14 nan -105695.14
-104255.63 nan -104255.63
-109368.53 nan -109368.53
-110353.91 nan -110353.91
-103737.86 nan -103737.86
-105397.10 nan -105397.10
-103990.04 nan -103990.04
-107515.37 nan -107515.37
-98239.97 nan -98239.97
-108872.07 nan -108872.07
-109320.20 nan -109320.20
-106117.69 nan -106117.69
-112220.10 nan -112220.10
-102262.81 nan -102262.81
-107927.19 nan -107927.19
-107518.03 nan -107518.03
-105746.17 nan -105746.17
-104468.05 nan -104468.05
-108317.65 nan -108317.65
-110229.97 nan -110229.97
-98343.55 nan -98343.55
-110220.20 nan -110220.20
-117325.07 nan -117325.07
-109306.35 nan -109306.35
-107886.44 nan -107886.44
-107970.51 nan -107970.51
-106180.03 nan -106180.03
-99502.42 nan -99502.42
-107885.67 nan -107885.67
-106079.15 nan -106079.15
-105357.35 nan -105357.35
-106635.54 nan -106635.54
-115233.50 nan -115233.50
-109290.69 nan -109290.69
-105263.97 nan -105263.97
-105594.17 nan -105594.17
-110289.83 nan -110289.83
-105714.07 nan -105714.07
-110041.59 nan -110041.59
-107797.01 nan -107797.01
-102597.74 nan -102597.74
-112996.27 nan -112996.27
-109838.11 nan -109838.11
-104108.20 nan -104108.20
-107617.74 nan -107617.74
-99213.15 nan -99213.15
-104367.59 nan -104367.59
-106710.71 nan -106710.71
-103271.62 nan -103271.62
-105932.85 nan -105932.85
-105395.73 nan -105395.73
-109591.33 nan -109591.33
-109007.38 nan -109007.38
-106385.52 nan -106385.52
-108534.58 nan -108534.58
-102842.12 nan -102842.12
-109000.91 nan -109000.91
-101152.81 nan -101152.81
-106143.21 nan -106143.21
-106531.63 nan -106531.63
-101912.87 nan -101912.87
-105166.61 nan -105166.61
-104941.52 nan -104941.52
-108464.87 nan -108464.87
-101886.92 nan -101886.92
-106756.68 nan -106756.68
-105236.04 nan -105236.04
-106200.72 nan -106200.72
-106441.68 nan -106441.68
-108878.52 nan -108878.52
-99826.63 nan -99826.63
-104374.90 nan -104374.90
-102682.54 nan -102682.54
-101618.13 nan -101618.13
-107242.93 nan -107242.93
-113420.91 nan -113420.91
-108084.94 nan -108084.94
-105535.55 nan -105535.55
-113194.32 nan -113194.32
-103936.67 nan -103936.67
-102138.51 nan -102138.51
-108362.93 nan -108362.93
-110568.92 nan -110568.92
-106715.38 nan -106715.38
-107429.94 nan -107429.94
-106259.37 nan -106259.37
-101703.76 nan -101703.76
-97398.69 nan -97398.69
-104629.81 nan -104629.81
-103221.36 nan -103221.36
-107858.41 nan -107858.41
-107746.95 nan -107746.95
-114242.67 nan -114242.67
-103203.23 nan -103203.23
-106892.68 nan -106892.68
-108074.75 nan -108074.75
-110114.54 nan -110114.54
-102157.63 nan -102157.63
-111907.77 nan -111907.77
-106490.74 nan -106490.74
-111366.30 nan -111366.30
-111573.78 nan -111573.78
-109072.59 nan -109072.59
-102454.57 nan -102454.57
-103744.60 nan -103744.60
-106556.92 nan -106556.92
-106056.07 nan -106056.07
-104574.24 nan -104574.24
-108052.39 nan -108052.39
-114142.65 nan -114142.65
-108301.16 nan -108301.16
-104575.72 nan -104575.72
-104544.66 nan -104544.66
-107357.02 nan -107357.02
-100021.17 nan -100021.17
-105326.50 nan -105326.50
-109176.46 nan -109176.46
-112003.86 nan -112003.86
-105047.37 nan -105047.37
-103473.69 nan -103473.69
-114270.29 nan -114270.29
-103151.33 nan -103151.33
-108280.60 nan -108280.60
-109885.39 nan -109885.39
-101522.04 nan -101522.04
-103136.60 nan -103136.60
-102112.79 nan -102112.79
-109431.04 nan -109431.04
-106349.59 nan -106349.59
-103535.93 nan -103535.93
-103959.09 nan -103959.09
-102244.42 nan -102244.42
-111732.80 nan -111732.80
-98577.39 nan -98577.39
-102047.77 nan -102047.77
-105537.04 nan -105537.04
-105959.28 nan -105959.28
-106878.04 nan -106878.04
-108250.03 nan -108250.03
-104909.50 nan -104909.50
-109958.28 nan -109958.28
-109141.99 nan -109141.99
-106398.21 nan -106398.21
-105371.54 nan -105371.54
-112750.95 nan -112750.95
-110668.64 nan -110668.64
-106184.10 nan -106184.10
-106918.79 nan -106918.79
-107225.95 nan -107225.95
-107488.05 nan -107488.05
-95466.43 nan -95466.43
-110626.83 nan -110626.83
-102694.17 nan -102694.17
-100450.05 nan -100450.05
-106775.17 nan -106775.17
-106892.46 nan -106892.46
-101002.24 nan -101002.24
-107687.46 nan -107687.46
-107919.67 nan -107919.67
-106289.76 nan -106289.76
-102022.32 nan -102022.32
-110844.22 nan -110844.22
-106147.66 nan -106147.66
-107201.43 nan -107201.43
-99610.86 nan -99610.86
-102957.92 nan -102957.92
-109246.27 nan -109246.27
-110999.55 nan -110999.55
-100700.06 nan -100700.06
-107232.24 nan -107232.24
-109763.81 nan -109763.81
-101736.40 nan -101736.40
-111100.47 nan -111100.47
-111857.36 nan -111857.36
-108298.60 nan -108298.60
-103584.27 nan -103584.27
-112874.22 nan -112874.22
-107285.96 nan -107285.96
-107856.90 nan -107856.90
-103663.03 nan -103663.03
-104448.95 nan -104448.95
-102704.17 nan -102704.17
-105699.37 nan -105699.37
-106311.07 nan -106311.07
-99959.13 nan -99959.13
-110260.15 nan -110260.15
-101001.65 nan -101001.65
-105816.71 nan -105816.71
-103448.49 nan -103448.49
-106801.69 nan -106801.69
-104102.11 nan -104102.11
-110249.03 nan -110249.03
-111063.13 nan -111063.13
-113340.22 nan -113340.22
-105066.42 nan -105066.42
-95466.43 nan -95466.43
-108502.48 nan -108502.48
-108299.49 nan -108299.49
-107695.14 nan -107695.14
-101856.94 nan -101856.94
-105739.43 nan -105739.43
-108222.88 nan -108222.88
-103673.17 nan -103673.17
-95466.43 nan -95466.43
-103781.17 nan -103781.17
-113486.43 nan -113486.43
-97889.78 nan -97889.78
-99768.76 nan -99768.76
-107193.01 nan -107193.01
-102847.88 nan -102847.88
-104045.72 nan -104045.72
-107255.90 nan -107255.90
-108935.59 nan -108935.59
-101742.22 nan -101742.22
-102750.54 nan -102750.54
-106418.59 nan -106418.59
-104532.41 nan -104532.41
-110953.43 nan -110953.43
-105581.39 nan -105581.39
-107041.46 nan -107041.46
-95980.23 nan -95980.23
-105107.54 nan -105107.54
-107566.41 nan -107566.41
-107303.79 nan -107303.79
-107889.66 nan -107889.66
-110958.43 nan -110958.43
-108866.01 nan -108866.01
-103040.14 nan -103040.14
-106025.99 nan -106025.99
-104402.72 nan -104402.72
-108010.79 nan -108010.79
-106925.72 nan -106925.72
-105202.20 nan -105202.20
-103964.20 nan -103964.20
-106314.26 nan -106314.26
-106616.44 nan -106616.44
-108607.76 nan -108607.76
-101690.48 nan -101690.48
-107586.79 nan -107586.79
-105337.73 nan -105337.73
-101002.18 nan -101002.18
-102091.08 nan -102091.08
-110496.34 nan -110496.34
-98591.06 nan -98591.06
-113176.93 nan -113176.93
-109496.27 nan -109496.27
-108181.50 nan -108181.50
-108266.11 nan -108266.11
-95466.43 nan -95466.43
-107535.71 nan -107535.71
-107495.01 nan -107495.01
-109409.53 nan -109409.53
-106592.00 nan -106592.00
-104103.85 nan -104103.85
-106707.65 nan -106707.65
-107120.03 nan -107120.03
-106226.92 nan -106226.92
-108798.32 nan -108798.32
-102826.97 nan -102826.97
-108523.43 nan -108523.43
-112769.16 nan -112769.16
-108375.48 nan -108375.48
-103639.79 nan -103639.79
-109490.53 nan -109490.53
-104582.90 nan -104582.90
-107511.69 nan -107511.69
-110716.60 nan -110716.60
-95466.43 nan -95466.43
-104140.07 nan -104140.07
-101197.86 nan -101197.86
-109353.74 nan -109353.74
-106580.61 nan -106580.61
-108859.66 nan -108859.66
-108719.13 nan -108719.13
-108056.18 nan -108056.18
-107759.19 nan -107759.19
-106553.20 nan -106553.20
-99020.38 nan -99020.38
-106258.58 nan -106258.58
-108813.26 nan -108813.26
-106813.11 nan -106813.11
-109393.31 nan -109393.31
-105423.26 nan -105423.26
-110012.93 nan -110012.93
-107896.74 nan -107896.74
-106157.92 nan -106157.92
-108694.30 nan -108694.30
-114347.99 nan -114347.99
-105354.14 nan -105354.14
-104424.82 nan -104424.82
