0.00000000 0.00000000 0.00000000 0.00000000 0.00000000 0.00000000
0.00000000 0.00000000 0.00000000 0.00000000 0.00000000 0.00000000
0.00000000 0.00000000 0.00000000 0.00000000 0.00000000 0.00000000
0.00000000 0.00000000 0.00000000 0.00000000 0.00000000 0.00000000
0.00000000 0.00000000 0.00000000 0.00000000 0.00000000 0.00000000
0.00000000 0.00000000 0.00000000 0.00000000 0.00000000 0.00000000
0.00000000 0.00000000 0.00000000 0.00000000 0.00000000 0.00000000
0.00000000 0.00000000 0.00000000 0.00000000 0.00000000 0.00000000
0.68933580 0.00000490 0.22092362 0.18466112 0.79160691 0.13100374
0.68933580 0.00000490 0.22092362 0.18466112 0.79160691 0.13100374
0.68933580 0.00000490 0.22092362 0.18466112 0.79160691 0.13100374
0.72433871 0.00000485 0.29423959 0.22216716 0.81910889 0.18230352
0.72433871 0.00000485 0.29423959 0.22216716 0.81910889 0.18230352
0.74593363 0.00000483 0.33935933 0.03928071 0.79071826 0.21028680
0.74593363 0.00000483 0.33935933 0.03928071 0.79071826 0.21028680
0.74593363 0.00000483 0.33935933 0.03928071 0.79071826 0.21028680
0.74593363 0.00000483 0.33935933 0.03928071 0.79071826 0.21028680
1.06031103 0.00000480 0.42852971 0.03928071 0.82681248 0.15189664
1.06031103 0.00000480 0.42852971 0.03928071 0.82681248 0.15189664
1.19633458 0.00000467 0.48656363 0.03928071 0.89367427 0.17700346
1.26143323 0.00000464 0.53031307 0.22637543 0.92402632 0.14523957
1.26143323 0.00000464 0.53031307 0.22637543 0.92402632 0.14523957
1.26143323 0.00000464 0.53031307 0.22637543 0.92402632 0.14523957
1.26143323 0.00000464 0.53031307 0.22637543 0.92402632 0.14523957
1.26143323 0.00000464 0.53031307 0.22637543 0.92402632 0.14523957
1.26143323 0.00000464 0.53031307 0.22637543 0.92402632 0.14523957
1.26143323 0.00000464 0.53031307 0.22637543 0.92402632 0.14523957
1.26143323 0.00000464 0.53031307 0.22637543 0.92402632 0.14523957
1.26143323 0.00000464 0.53031307 0.22637543 0.92402632 0.14523957
1.26143323 0.00000464 0.53031307 0.22637543 0.92402632 0.14523957
1.26143323 0.00000464 0.53031307 0.22637543 0.92402632 0.14523957
1.26143323 0.00000464 0.53031307 0.22637543 0.92402632 0.14523957
1.26143323 0.00000464 0.53031307 0.22637543 0.92402632 0.14523957
1.26143323 0.00000464 0.53031307 0.22637543 0.92402632 0.14523957
1.26143323 0.00000464 0.53031307 0.22637543 0.92402632 0.14523957
1.26143323 0.00000464 0.53031307 0.22637543 0.92402632 0.14523957
1.26143323 0.00000464 0.53031307 0.22637543 0.92402632 0.14523957
1.26143323 0.00000464 0.53031307 0.22637543 0.92402632 0.14523957
1.26143323 0.00000464 0.53031307 0.22637543 0.92402632 0.14523957
1.26143323 0.00000464 0.53031307 0.22637543 0.92402632 0.14523957
1.26143323 0.00000464 0.53031307 0.22637543 0.92402632 0.14523957
1.26143323 0.00000464 0.53031307 0.22637543 0.92402632 0.14523957
1.26143323 0.00000464 0.53031307 0.22637543 0.92402632 0.14523957
1.26143323 0.00000464 0.53031307 0.22637543 0.92402632 0.14523957
1.26143323 0.00000464 0.53031307 0.22637543 0.92402632 0.14523957
1.26143323 0.00000464 0.53031307 0.22637543 0.92402632 0.14523957
1.26143323 0.00000464 0.53031307 0.22637543 0.92402632 0.14523957
1.26143323 0.00000464 0.53031307 0.22637543 0.92402632 0.14523957
1.26143323 0.00000464 0.53031307 0.22637543 0.92402632 0.14523957
1.26143323 0.00000464 0.53031307 0.22637543 0.92402632 0.14523957
1.26143323 0.00000464 0.53031307 0.22637543 0.92402632 0.14523957
1.26143323 0.00000464 0.53031307 0.22637543 0.92402632 0.14523957
1.26143323 0.00000464 0.53031307 0.22637543 0.92402632 0.14523957
1.26143323 0.00000464 0.53031307 0.22637543 0.92402632 0.14523957
1.26143323 0.00000464 0.53031307 0.22637543 0.92402632 0.14523957
1.26143323 0.00000464 0.53031307 0.22637543 0.92402632 0.14523957
1.26143323 0.00000464 0.53031307 0.22637543 0.92402632 0.14523957
1.26143323 0.00000464 0.53031307 0.22637543 0.92402632 0.14523957
1.26143323 0.00000464 0.53031307 0.22637543 0.92402632 0.14523957
1.26143323 0.00000464 0.53031307 0.22637543 0.92402632 0.14523957
1.26143323 0.00000464 0.53031307 0.22637543 0.92402632 0.14523957
1.26143323 0.00000464 0.53031307 0.22637543 0.92402632 0.14523957
1.26143323 0.00000464 0.53031307 0.22637543 0.92402632 0.14523957
1.26143323 0.00000464 0.53031307 0.22637543 0.92402632 0.14523957
1.26143323 0.00000464 0.53031307 0.22637543 0.92402632 0.14523957
1.26143323 0.00000464 0.53031307 0.22637543 0.92402632 0.14523957
1.26143323 0.00000464 0.53031307 0.22637543 0.92402632 0.14523957
1.26143323 0.00000464 0.53031307 0.22637543 0.92402632 0.14523957
2.04401320 0.00000464 0.43526657 0.22637543 0.92402632 0.29325820
2.04401320 0.00000464 0.43526657 0.22637543 0.92402632 0.29325820
2.04401320 0.00000464 0.43526657 0.22637543 0.92402632 0.29325820
2.04401320 0.00000464 0.43526657 0.22637543 0.92402632 0.29325820
2.04401320 0.00000464 0.43526657 0.22637543 0.92402632 0.29325820
2.04401320 0.00000464 0.43526657 0.22637543 0.92402632 0.29325820
2.04401320 0.00000464 0.43526657 0.22637543 0.92402632 0.29325820
2.04401320 0.00000464 0.43526657 0.22637543 0.92402632 0.29325820
2.04401320 0.00000464 0.43526657 0.22637543 0.92402632 0.29325820
2.04401320 0.00000464 0.43526657 0.22637543 0.92402632 0.29325820
2.04401320 0.00000464 0.43526657 0.22637543 0.92402632 0.29325820
2.04401320 0.00000464 0.43526657 0.22637543 0.92402632 0.29325820
2.04401320 0.00000464 0.43526657 0.22637543 0.92402632 0.29325820
2.04401320 0.00000464 0.43526657 0.22637543 0.92402632 0.29325820
2.04401320 0.00000464 0.43526657 0.22637543 0.92402632 0.29325820
2.04401320 0.00000464 0.43526657 0.22637543 0.92402632 0.29325820
2.04401320 0.00000464 0.52726077 1.16596085 0.92402632 0.08770387
2.04401320 0.00000464 0.52726077 1.16596085 0.92402632 0.08770387
2.04401320 0.00000464 0.52726077 1.16596085 0.92402632 0.08770387
2.04401320 0.00000464 0.52726077 1.16596085 0.92402632 0.08770387
2.04401320 0.00000464 0.52726077 1.16596085 0.92402632 0.08770387
2.04401320 0.00000464 0.52726077 1.16596085 0.92402632 0.08770387
2.04401320 0.00000464 0.52726077 1.16596085 0.92402632 0.08770387
2.04401320 0.00000464 0.52726077 1.16596085 0.92402632 0.08770387
2.04401320 0.00000464 0.52726077 1.16596085 0.92402632 0.08770387
2.04401320 0.00000464 0.52726077 1.16596085 0.92402632 0.08770387
2.04401320 0.00000464 0.66773919 1.38477764 0.92402632 0.26661380
2.04401320 0.00000464 0.66773919 1.38477764 0.92402632 0.26661380
2.04401320 0.00000464 0.66773919 1.38477764 0.92402632 0.26661380
2.04401320 0.00000464 0.66773919 1.38477764 0.92402632 0.26661380
2.04401320 0.00000464 0.66773919 1.38477764 0.92402632 0.26661380
2.04401320 0.00000464 0.66773919 1.38477764 0.92402632 0.26661380
2.04401320 0.00000464 0.66773919 1.38477764 0.92402632 0.26661380
2.04401320 0.00000464 0.66773919 1.38477764 0.92402632 0.26661380
2.04401320 0.00000464 0.66773919 1.38477764 0.92402632 0.26661380
2.04401320 0.00000464 0.66773919 1.38477764 0.92402632 0.26661380
2.04401320 0.00000464 0.66773919 1.38477764 0.92402632 0.26661380
2.04401320 0.00000464 0.57580791 1.61534748 0.92402632 0.37203369
2.04401320 0.00000464 0.57580791 1.61534748 0.92402632 0.37203369
2.04401320 0.00000464 0.57580791 1.61534748 0.92402632 0.37203369
2.04401320 0.00000464 0.57580791 1.61534748 0.92402632 0.37203369
2.04401320 0.00000464 0.57580791 1.61534748 0.92402632 0.37203369
2.04401320 0.00000464 0.57580791 1.61534748 0.92402632 0.37203369
2.04401320 0.00000464 0.57580791 1.61534748 0.92402632 0.37203369
2.04401320 0.00000464 0.57580791 1.61534748 0.92402632 0.37203369
2.04401320 0.00000464 0.57580791 1.61534748 0.92402632 0.37203369
2.04401320 0.00000464 0.57580791 1.61534748 0.92402632 0.37203369
2.04401320 0.00000464 0.57580791 1.61534748 0.92402632 0.37203369
2.04401320 0.00000464 0.57580791 1.61534748 0.92402632 0.37203369
2.04401320 0.00000464 0.57580791 1.61534748 0.92402632 0.37203369
2.04401320 0.00000464 0.56133889 1.92146901 0.83186848 0.73660758
2.04401320 0.00000464 0.56133889 1.92146901 0.83186848 0.73660758
2.04401320 0.00000464 0.56133889 1.92146901 0.83186848 0.73660758
2.04401320 0.00000464 0.56133889 1.92146901 0.83186848 0.73660758
2.04401320 0.00000464 0.82927699 1.92146901 0.83186848 0.73660758
2.04401320 0.00000464 0.82927699 1.92146901 0.83186848 0.73660758
2.04401320 0.00000464 0.82927699 1.92146901 0.83186848 0.73660758
2.04401320 0.00000464 0.82927699 1.92146901 0.83186848 0.73660758
2.04401320 0.00000464 0.82927699 1.92146901 0.83186848 0.73660758
2.04401320 0.00000464 0.82927699 1.92146901 0.83186848 0.73660758
2.04401320 0.00000464 0.50224636 1.92146901 0.73429414 0.69491831
2.04401320 0.00000464 0.50224636 1.92146901 0.73429414 0.69491831
2.04401320 0.00000464 0.50224636 1.92146901 0.73429414 0.69491831
2.04401320 0.00000464 0.50224636 1.92146901 0.73429414 0.69491831
2.04401320 0.00000464 0.50224636 1.92146901 0.73429414 0.69491831
2.04401320 0.00000464 0.50224636 1.92146901 0.73429414 0.69491831
2.04401320 0.00000464 0.50224636 1.92146901 0.73429414 0.69491831
2.04401320 0.00000464 0.85352729 1.92146901 0.86951556 0.75222046
2.04401320 0.00000464 0.85352729 1.92146901 0.79956549 0.75222046
2.04401320 0.00000464 0.85352729 1.92146901 0.79956549 0.75222046
2.04401320 0.00000464 0.85352729 1.92146901 0.79956549 0.75222046
2.04401320 0.00000464 0.85352729 1.92146901 0.79956549 0.75222046
2.04401320 0.00000464 0.85352729 1.92146901 0.79956549 0.75222046
2.04401320 0.00000464 0.85352729 1.92146901 0.79956549 0.75222046
2.04401320 0.00000464 0.85352729 1.92146901 0.79956549 0.75222046
2.04401320 0.00000464 0.85352729 1.92146901 0.79956549 0.93053039
2.04401320 0.00000464 0.85352729 1.92146901 0.79956549 0.93053039
2.04401320 0.00000464 0.85352729 1.92146901 0.79956549 0.93053039
2.04401320 0.00000464 0.85352729 1.92146901 0.79956549 0.93053039
2.04401320 0.00000464 0.85352729 1.92146901 0.79956549 0.93053039
2.04401320 0.00000464 0.85352729 1.92146901 0.79956549 0.93053039
2.04401320 0.00000464 0.85352729 1.92146901 0.79956549 0.93053039
2.04401320 0.00000464 0.85352729 1.92146901 0.79956549 0.93053039
2.04401320 0.00000464 0.85352729 1.92146901 0.79956549 0.93053039
2.04401320 0.00000464 0.85352729 1.92146901 0.79956549 0.93053039
2.04401320 0.00000464 0.85352729 1.92146901 0.79956549 0.93053039
2.04401320 0.00000464 0.85352729 1.92146901 0.79956549 0.93053039
2.04401320 0.00000464 0.85352729 1.92146901 0.79956549 0.93053039
2.04401320 0.00000464 0.85352729 1.92146901 0.79956549 0.93053039
2.04401320 0.00000464 0.85352729 1.92146901 0.79956549 0.93053039
2.04401320 0.00000464 0.85352729 1.92146901 0.79956549 0.93053039
2.04401320 0.00000464 0.85352729 1.92146901 0.79956549 0.93053039
2.04401320 0.00000464 0.85352729 1.92146901 0.79956549 0.93053039
2.04401320 0.00000464 0.85352729 1.92146901 0.79956549 0.93053039
2.04401320 0.00000464 0.85352729 1.92146901 0.79956549 0.93053039
2.04401320 0.00000464 0.85352729 1.92146901 0.79956549 0.93053039
2.04401320 0.00000464 0.85352729 1.92146901 0.79956549 0.93053039
2.04401320 0.00000464 0.85352729 1.92146901 0.79956549 0.93053039
2.04401320 0.00000464 0.85352729 1.92146901 0.79956549 0.93053039
2.04401320 0.00000464 0.14424464 0.66780922 0.45650847 0.75523434
2.04401320 0.00000464 0.14424464 0.66780922 0.45650847 0.75523434
2.04401320 0.00000464 0.14424464 0.66780922 0.45650847 0.75523434
2.04401320 0.00000464 0.14424464 0.66780922 0.45650847 0.75523434
2.04401320 0.00000464 0.14424464 0.66780922 0.45650847 0.75523434
2.04401320 0.00000464 0.14424464 0.66780922 0.45650847 0.75523434
2.04401320 0.00000464 0.14424464 0.66780922 0.45650847 0.75523434
2.04401320 0.00000464 0.14424464 0.66780922 0.45650847 0.75523434
2.04401320 0.00000464 0.14424464 0.66780922 0.45650847 0.75523434
2.04401320 0.00000464 0.14424464 0.66780922 0.45650847 0.75523434
2.04401320 0.00000464 0.14424464 0.66780922 0.45650847 0.75523434
2.04401320 0.00000464 0.57962537 1.85276450 0.45650847 0.75523434
2.04401320 0.00000464 0.57962537 1.85276450 0.45650847 0.75523434
2.04401320 0.00000464 0.30306952 1.69813915 0.87467643 0.75523434
2.04401320 0.00000464 0.30306952 1.69813915 0.87467643 0.75523434
2.04401320 0.00000464 0.30306952 1.69813915 0.87467643 0.75523434
2.04401320 0.00000464 0.30306952 1.69813915 0.87467643 0.75523434
2.25059079 0.00000464 0.26692194 1.69813915 0.87467643 0.56750313
2.25059079 0.00000464 0.26692194 1.69813915 0.87467643 0.56750313
2.25059079 0.00000464 0.26692194 1.69813915 0.87467643 0.56750313
2.25059079 0.00000464 0.26692194 1.69813915 0.87467643 0.56750313
2.25059079 0.00000464 0.26692194 1.69813915 0.87467643 0.56750313
2.25059079 0.00000464 0.26692194 1.69813915 0.87467643 0.56750313
2.25059079 0.00000464 0.26692194 1.69813915 0.87467643 0.56750313
2.25059079 0.00000464 0.36703661 1.81806711 0.70210375 0.99486548
2.25059079 0.00000464 0.36703661 1.81806711 0.70210375 0.99486548
2.25059079 0.00000464 0.36703661 1.81806711 0.70210375 0.99486548
2.25059079 0.00000464 0.36703661 1.81806711 0.70210375 0.99486548
2.25059079 0.00000464 0.36703661 1.81806711 0.70210375 0.99486548
2.25059079 0.00000464 0.36703661 1.81806711 0.70210375 0.99486548
2.25059079 0.00000464 0.26233865 1.62306885 0.80814149 0.99486548
2.25059079 0.00000464 0.26233865 1.62306885 0.80814149 0.99486548
2.25059079 0.00000464 0.26233865 1.62306885 0.80814149 0.99486548
2.25059079 0.00000464 0.26233865 1.62306885 0.80814149 0.99486548
2.25059079 0.00000464 0.26233865 1.62306885 0.80814149 0.99486548
2.25059079 0.00000464 0.26233865 1.62306885 0.80814149 0.99486548
2.25059079 0.00000464 0.26233865 1.62306885 0.80814149 0.99486548
2.25059079 0.00000464 0.26233865 1.62306885 0.95083651 0.99486548
2.25059079 0.00000464 0.26233865 1.62306885 0.95083651 0.99486548
2.25059079 0.00000464 0.26233865 1.62306885 0.95083651 0.99486548
2.25059079 0.00000464 0.26233865 1.62306885 0.95083651 0.99486548
2.25059079 0.00000464 0.26233865 1.62306885 0.95083651 0.99486548
2.25059079 0.00000464 0.26233865 1.62306885 0.95083651 0.99486548
2.25059079 0.00000464 0.26233865 1.62306885 0.95083651 0.99486548
2.25059079 0.00000464 0.26233865 1.62306885 0.95083651 0.99486548
2.25059079 0.00000464 0.26233865 1.62306885 0.95083651 0.99486548
2.25059079 0.00000464 0.26233865 1.62306885 0.95083651 0.99486548
2.25059079 0.00000464 0.26233865 1.62306885 0.95083651 0.99486548
2.25059079 0.00000464 0.78730224 1.62306885 0.50548860 0.99486548
2.25059079 0.00000464 0.78730224 1.62306885 0.50548860 0.99486548
2.25059079 0.00000464 0.78730224 1.62306885 0.50548860 0.99486548
2.25059079 0.00000464 0.78730224 1.62306885 0.50548860 0.99486548
2.25059079 0.00000464 0.78730224 1.62306885 0.50548860 0.99486548
2.25059079 0.00000464 0.78730224 1.62306885 0.50548860 0.99486548
2.25059079 0.00000464 0.78730224 1.62306885 0.50548860 0.99486548
2.25059079 0.00000464 0.78730224 1.62306885 0.50548860 0.99486548
2.25059079 0.00000464 0.78730224 1.62306885 0.50548860 0.99486548
2.25059079 0.00000464 0.78730224 1.62306885 0.50548860 0.99486548
2.25059079 0.00000464 0.78730224 1.62306885 0.50548860 0.99486548
2.25059079 0.00000464 0.78730224 1.62306885 0.50548860 0.99486548
2.25059079 0.00000464 0.78730224 1.62306885 0.50548860 0.99486548
2.25059079 0.00000464 0.78730224 1.62306885 0.50548860 0.99486548
2.25059079 0.00000464 0.78730224 1.62306885 0.50548860 0.99486548
2.25059079 0.00000464 0.78730224 1.62306885 0.50548860 0.99486548
2.25059079 0.00000464 0.78730224 1.62306885 0.50548860 0.99486548
2.25059079 0.00000464 0.78730224 1.62306885 0.50548860 0.99486548
2.25059079 0.00000464 0.78730224 1.62306885 0.50548860 0.99486548
2.25059079 0.00000464 0.78730224 1.62306885 0.50548860 0.99486548
2.25059079 0.00000464 0.78730224 1.62306885 0.50548860 0.99486548
2.25059079 0.00000464 0.78730224 1.62306885 0.50548860 0.99486548
2.25059079 0.00000464 0.78730224 1.62306885 0.50548860 0.99486548
2.25059079 0.00000464 0.78730224 1.62306885 0.50548860 0.99486548
2.25059079 0.00000464 0.78730224 1.62306885 0.50548860 0.99486548
2.25059079 0.00000464 0.78730224 1.62306885 0.50548860 0.99486548
2.25059079 0.00000464 0.78730224 1.62306885 0.50548860 0.99486548
2.25059079 0.00000464 0.78730224 1.62306885 0.50548860 0.99486548
2.25059079 0.00000464 0.78730224 1.62306885 0.50548860 0.99486548
2.25059079 0.00000464 0.61178384 1.47261401 0.01320214 0.79070098
2.25059079 0.00000464 0.61178384 1.47261401 0.01320214 0.79070098
2.25059079 0.00000464 0.12453395 1.24899332 0.01320214 0.79070098
2.25059079 0.00000464 0.12453395 1.24899332 0.01320214 0.79070098
2.25059079 0.00000464 0.12453395 1.24899332 0.01320214 0.79070098
2.25059079 0.00000464 0.12453395 1.24899332 0.01320214 0.79070098
2.25059079 0.00000464 0.12453395 1.24899332 0.01320214 0.79070098
2.25059079 0.00000464 0.12453395 1.24899332 0.01320214 0.79070098
2.25059079 0.00000464 0.12453395 1.24899332 0.01320214 0.79070098
2.25059079 0.00000464 0.36280236 1.24899332 0.01320214 0.79070098
2.25059079 0.00000464 0.36280236 1.72268242 0.83104452 0.83098051
2.25059079 0.00000464 0.36280236 1.72268242 0.83104452 0.83098051
2.25059079 0.00000464 0.36280236 1.72268242 0.83104452 0.83098051
2.25059079 0.00000464 0.36280236 1.72268242 0.83104452 0.83098051
2.25059079 0.00000464 0.36280236 1.72268242 0.83104452 0.83098051
2.25059079 0.00000464 0.36280236 1.72268242 0.83104452 0.83098051
2.25059079 0.00000464 0.36280236 1.72268242 0.83104452 0.83098051
2.25059079 0.00000464 0.36280236 1.72268242 0.83104452 0.83098051
2.25059079 0.00000464 0.36280236 1.72268242 0.83104452 0.83098051
2.25059079 0.00000464 0.36280236 1.72268242 0.83104452 0.83098051
2.25059079 0.00000464 0.45012863 1.72268242 0.60138513 0.83098051
2.25059079 0.00000464 0.45012863 1.72268242 0.60138513 0.83098051
2.25059079 0.00000464 0.72344952 1.59004363 0.50740140 0.46472658
2.25059079 0.00000464 0.72344952 1.59004363 0.50740140 0.46472658
2.25059079 0.00000464 0.72344952 1.59004363 0.50740140 0.46472658
2.25059079 0.00000464 0.72344952 1.59004363 0.50740140 0.46472658
2.25059079 0.00000464 0.72344952 1.59004363 0.50740140 0.46472658
2.25059079 0.00000464 0.63260580 1.59004363 0.69611907 0.83244416
2.25059079 0.00000464 0.63260580 1.59004363 0.69611907 0.83244416
2.25059079 0.00000464 0.93442934 1.59004363 0.56734481 0.98581530
2.25059079 0.00000464 0.93442934 1.79806297 0.43328819 0.98581530
2.25059079 0.00000464 0.93442934 1.79806297 0.43328819 0.98581530
2.25059079 0.00000464 0.93442934 1.79806297 0.43328819 0.98581530
2.25059079 0.00000464 0.93442934 1.79806297 0.49348067 0.98581530
2.25059079 0.00000464 0.93442934 1.79806297 0.49348067 0.98581530
2.25059079 0.00000464 0.93442934 1.79806297 0.49348067 0.98581530
2.25059079 0.00000464 0.93442934 1.79806297 0.49348067 0.98581530
2.25059079 0.00000464 0.93442934 1.79806297 0.49348067 0.98581530
2.25059079 0.00000464 0.93442934 1.79806297 0.49348067 0.98581530
2.25059079 0.00000464 0.93442934 1.79806297 0.49348067 0.98581530
2.25059079 0.00000464 0.93442934 1.79806297 0.49348067 0.98581530
2.25059079 0.00000464 0.93442934 1.79806297 0.49348067 0.98581530
2.25059079 0.00000464 0.93442934 1.79806297 0.49348067 0.98581530
2.25059079 0.00000464 0.93442934 1.79806297 0.49348067 0.98581530
2.25059079 0.00000464 0.93442934 1.79806297 0.49348067 0.98581530
2.25059079 0.00000464 0.93442934 1.79806297 0.49348067 0.98581530
2.25059079 0.00000464 0.93442934 1.79806297 0.49348067 0.98581530
2.25059079 0.00000464 0.93442934 1.79806297 0.49348067 0.98581530
2.25059079 0.00000464 0.93442934 1.79806297 0.49348067 0.98581530
2.25059079 0.00000464 0.93442934 1.79806297 0.49348067 0.98581530
2.25059079 0.00000464 0.57428673 1.82210360 0.78323600 0.89780347
2.25059079 0.00000464 0.57428673 1.82210360 0.78323600 0.89780347
2.25059079 0.00000464 0.57428673 1.82210360 0.78323600 0.89780347
2.25059079 0.00000464 0.57428673 1.82210360 0.78323600 0.89780347
2.25059079 0.00000464 0.95183371 1.82210360 0.40426399 0.89780347
2.25059079 0.00000464 0.95183371 1.82210360 0.40426399 0.89780347
2.25059079 0.00000464 0.95183371 1.82210360 0.40426399 0.89780347
2.25059079 0.00000464 0.95183371 1.82210360 0.40426399 0.89780347
2.25059079 0.00000464 0.95183371 1.82210360 0.40426399 0.89780347
2.25059079 0.00000464 0.95183371 1.82210360 0.11840370 0.89780347
2.25059079 0.00000464 0.95183371 1.82210360 0.11840370 0.89780347
2.25059079 0.00000464 0.95183371 1.82210360 0.11840370 0.89780347
2.25059079 0.00000464 0.95183371 1.82210360 0.11840370 0.89780347
2.25059079 0.00000464 0.95183371 1.82210360 0.11840370 0.89780347
2.25059079 0.00000464 0.95183371 1.82210360 0.11840370 0.89780347
2.25059079 0.00000464 0.95183371 1.82210360 0.11840370 0.89780347
2.25059079 0.00000464 0.95183371 1.82210360 0.11840370 0.89780347
2.25059079 0.00000464 0.95183371 1.82210360 0.11840370 0.89780347
2.25059079 0.00000464 0.95183371 1.82210360 0.11840370 0.89780347
2.25059079 0.00000464 0.95183371 1.82210360 0.11840370 0.89780347
2.25059079 0.00000464 0.95183371 1.82210360 0.11840370 0.89780347
2.25059079 0.00000464 0.95183371 1.82210360 0.11840370 0.89780347
2.25059079 0.00000464 0.95183371 1.82210360 0.11840370 0.89780347
2.25059079 0.00000464 0.95183371 1.82210360 0.11840370 0.89780347
2.25059079 0.00000464 0.95183371 1.82210360 0.11840370 0.89780347
2.25059079 0.00000464 0.64011637 1.82210360 0.23308143 0.88416254
2.25059079 0.00000464 0.32862290 1.72337168 0.02307126 0.88416254
2.25059079 0.00000464 0.32862290 1.72337168 0.02307126 0.88416254
2.25059079 0.00000464 0.32862290 1.72337168 0.02307126 0.88416254
2.25059079 0.00000464 0.32862290 1.72337168 0.02307126 0.88416254
2.25059079 0.00000464 0.32862290 1.72337168 0.02307126 0.88416254
2.25059079 0.00000464 0.32862290 1.72337168 0.02307126 0.88416254
2.25059079 0.00000464 0.89699394 1.72337168 0.56119473 0.99618918
2.25059079 0.00000464 0.89699394 1.72337168 0.23106419 0.99618918
2.25059079 0.00000464 0.89699394 1.72337168 0.23106419 0.99618918
2.25059079 0.00000464 0.89699394 1.72337168 0.23106419 0.99618918
2.25059079 0.00000464 0.63208203 1.77405962 0.17354505 0.99618918
2.25059079 0.00000464 0.63208203 1.77405962 0.17354505 0.99618918
2.25059079 0.00000464 0.63208203 1.77405962 0.17354505 0.99618918
2.25059079 0.00000464 0.22829868 1.60841498 0.17354505 0.82031455
2.25059079 0.00000464 0.22829868 1.60841498 0.17354505 0.82031455
2.25059079 0.00000464 0.22829868 1.60841498 0.17354505 0.82031455
2.25059079 0.00000464 0.22829868 1.60841498 0.17354505 0.82031455
2.25059079 0.00000464 0.41409182 1.60841498 0.15595166 0.82031455
2.25059079 0.00000464 0.41409182 1.60841498 0.15595166 0.82031455
2.25059079 0.00000464 0.41409182 1.60841498 0.15595166 0.82031455
2.25059079 0.00000464 0.41409182 1.60841498 0.15595166 0.82031455
2.25059079 0.00000464 0.41409182 1.60841498 0.15595166 0.82031455
2.25059079 0.00000464 0.41409182 1.60841498 0.15595166 0.82031455
2.25059079 0.00000464 0.41409182 1.60841498 0.15595166 0.82031455
2.25059079 0.00000464 0.41409182 1.60841498 0.15595166 0.82031455
2.25059079 0.00000464 0.41409182 1.60841498 0.15595166 0.82031455
2.25059079 0.00000464 0.95653604 1.27667869 0.50674536 0.82031455
2.25059079 0.00000464 0.95653604 1.27667869 0.50674536 0.82031455
2.25059079 0.00000464 0.95653604 1.27667869 0.50674536 0.82031455
2.25059079 0.00000464 0.95653604 1.27667869 0.50674536 0.82031455
2.25059079 0.00000464 0.95653604 1.27667869 0.65292405 0.82031455
2.25059079 0.00000464 0.95653604 1.27667869 0.65292405 0.82031455
2.25059079 0.00000464 0.75460776 1.27667869 0.65292405 0.82031455
2.25059079 0.00000464 0.75460776 1.27667869 0.65292405 0.82031455
2.25059079 0.00000464 0.75460776 1.27667869 0.65292405 0.82031455
2.25059079 0.00000464 0.75460776 1.27667869 0.65292405 0.82031455
2.25059079 0.00000464 0.75460776 1.27667869 0.65292405 0.82031455
2.25059079 0.00000464 0.75460776 1.27667869 0.65292405 0.82031455
2.25059079 0.00000464 0.75460776 1.27667869 0.65292405 0.82031455
2.25059079 0.00000464 0.84863352 1.27667869 0.93924649 0.82031455
2.25059079 0.00000464 0.72546537 0.99447316 0.63525927 0.82761875
2.25059079 0.00000464 0.72546537 0.99447316 0.63525927 0.82761875
2.25059079 0.00000464 0.68527579 1.74042158 0.46570103 0.82761875
2.25059079 0.00000464 0.68527579 1.74042158 0.46570103 0.82761875
2.25059079 0.00000464 0.68527579 1.74042158 0.46570103 0.82761875
2.25059079 0.00000464 0.68527579 1.74042158 0.46570103 0.82761875
2.25059079 0.00000464 0.68527579 1.74042158 0.46570103 0.82761875
2.25059079 0.00000464 0.68527579 1.74042158 0.46570103 0.82761875
2.25059079 0.00000464 0.68527579 1.74042158 0.46570103 0.82761875
2.25059079 0.00000464 0.68527579 1.74042158 0.46570103 0.82761875
2.25059079 0.00000464 0.68527579 1.74042158 0.46570103 0.82761875
2.25059079 0.00000464 0.68527579 1.74042158 0.46570103 0.82761875
2.25059079 0.00000464 0.54586275 1.32573773 0.58419112 0.83479687
2.25059079 0.00000464 0.54586275 1.32573773 0.58419112 0.83479687
2.25059079 0.00000464 0.54586275 1.32573773 0.58419112 0.83479687
2.25059079 0.00000464 0.54586275 1.32573773 0.58419112 0.83479687
2.25059079 0.00000464 0.54586275 1.32573773 0.58419112 0.83479687
2.25059079 0.00000464 0.54586275 1.32573773 0.58419112 0.83479687
2.25059079 0.00000464 0.54586275 1.32573773 0.58419112 0.83479687
2.25059079 0.00000464 0.54586275 1.32573773 0.58419112 0.83479687
2.25059079 0.00000464 0.54586275 1.32573773 0.58419112 0.83479687
2.25059079 0.00000464 0.54586275 1.32573773 0.58419112 0.83479687
2.25059079 0.00000464 0.54586275 1.32573773 0.58419112 0.83479687
2.25059079 0.00000464 0.54586275 1.32573773 0.58419112 0.83479687
2.25059079 0.00000464 0.54586275 1.32573773 0.58419112 0.83479687
2.25059079 0.00000464 0.54586275 1.32573773 0.58419112 0.83479687
2.25059079 0.00000464 0.54586275 1.32573773 0.58419112 0.83479687
2.25059079 0.00000464 0.54586275 1.32573773 0.58419112 0.83479687
2.25059079 0.00000464 0.54586275 1.32573773 0.58419112 0.83479687
2.25059079 0.00000464 0.54586275 1.32573773 0.58419112 0.83479687
2.25059079 0.00000464 0.54586275 1.32573773 0.58419112 0.83479687
2.25059079 0.00000464 0.54586275 1.32573773 0.58419112 0.83479687
2.25059079 0.00000464 0.54586275 1.32573773 0.58419112 0.83479687
2.25059079 0.00000464 0.54586275 1.32573773 0.58419112 0.83479687
2.25059079 0.00000464 0.54586275 1.32573773 0.58419112 0.83479687
2.25059079 0.00000464 0.54586275 1.32573773 0.58419112 0.83479687
2.25059079 0.00000464 0.54586275 1.32573773 0.58419112 0.83479687
2.25059079 0.00000464 0.54586275 1.32573773 0.58419112 0.83479687
2.25059079 0.00000464 0.54586275 1.32573773 0.58419112 0.83479687
2.25059079 0.00000464 0.73983734 1.32573773 0.58419112 0.75647747
2.25059079 0.00000464 0.73983734 1.32573773 0.58419112 0.75647747
2.25059079 0.00000464 0.73983734 1.32573773 0.58419112 0.75647747
2.25059079 0.00000464 0.73983734 1.32573773 0.58419112 0.75647747
2.25059079 0.00000464 0.73983734 1.32573773 0.58419112 0.75647747
2.25059079 0.00000464 0.73983734 1.68510993 0.12100695 0.75647747
2.25059079 0.00000464 0.73983734 1.68510993 0.12100695 0.75647747
2.25059079 0.00000464 0.73983734 1.68510993 0.12100695 0.75647747
2.25059079 0.00000464 0.53028259 1.61707243 0.90408019 0.32325867
2.25059079 0.00000464 0.53028259 1.61707243 0.90408019 0.32325867
2.25059079 0.00000464 0.53028259 1.61707243 0.90408019 0.32325867
2.25059079 0.00000464 0.53028259 1.61707243 0.90408019 0.32325867
2.25059079 0.00000464 0.53028259 1.61707243 0.90408019 0.32325867
2.25059079 0.00000464 0.53028259 1.61707243 0.90408019 0.32325867
2.25059079 0.00000464 0.53028259 1.61707243 0.90408019 0.32325867
2.25059079 0.00000464 0.53028259 1.61707243 0.90408019 0.32325867
2.25059079 0.00000464 0.53028259 1.61707243 0.90408019 0.32325867
2.25059079 0.00000464 0.53028259 1.61707243 0.90408019 0.32325867
2.25059079 0.00000464 0.53028259 1.61707243 0.90408019 0.32325867
2.25059079 0.00000464 0.53028259 1.61707243 0.90408019 0.32325867
2.25059079 0.00000464 0.53028259 1.61707243 0.90408019 0.32325867
2.25059079 0.00000464 0.53028259 1.61707243 0.90408019 0.32325867
2.25059079 0.00000464 0.53028259 1.61707243 0.90408019 0.32325867
2.25059079 0.00000464 0.53028259 1.61707243 0.90408019 0.32325867
2.25059079 0.00000464 0.53028259 1.61707243 0.90408019 0.32325867
2.25059079 0.00000464 0.53028259 1.61707243 0.90408019 0.32325867
2.25059079 0.00000464 0.53028259 1.61707243 0.90408019 0.32325867
2.25059079 0.00000464 0.53028259 1.61707243 0.90408019 0.32325867
2.25059079 0.00000464 0.53028259 1.61707243 0.90408019 0.32325867
2.25059079 0.00000464 0.54890648 1.83089249 0.72626457 0.45378407
2.25059079 0.00000464 0.54890648 1.83089249 0.72626457 0.45378407
2.25059079 0.00000464 0.54890648 1.83089249 0.72626457 0.45378407
2.25059079 0.00000464 0.54890648 1.83089249 0.72626457 0.45378407
2.25059079 0.00000464 0.54890648 1.83089249 0.72626457 0.45378407
2.25059079 0.00000464 0.54890648 1.83089249 0.72626457 0.45378407
2.25059079 0.00000464 0.27240845 1.83089249 0.72626457 0.66842786
2.25059079 0.00000464 0.27240845 1.83089249 0.72626457 0.66842786
2.25059079 0.00000464 0.27240845 1.83089249 0.72626457 0.66842786
2.25059079 0.00000464 0.27240845 1.83089249 0.72626457 0.66842786
2.25059079 0.00000464 0.27240845 1.83089249 0.72626457 0.66842786
2.25059079 0.00000464 0.27240845 1.83089249 0.72626457 0.66842786
2.25059079 0.00000464 0.26015579 1.83089249 0.67298990 0.66842786
2.25059079 0.00000464 0.26015579 1.83089249 0.67298990 0.66842786
2.25059079 0.00000464 0.26015579 1.83089249 0.67298990 0.66842786
2.25059079 0.00000464 0.26015579 1.83089249 0.67298990 0.66842786
2.25059079 0.00000464 0.26015579 1.83089249 0.67298990 0.66842786
2.25059079 0.00000464 0.26015579 1.83089249 0.67298990 0.66842786
2.25059079 0.00000464 0.26015579 1.83089249 0.67298990 0.66842786
2.25059079 0.00000464 0.26015579 1.83089249 0.67298990 0.66842786
2.25059079 0.00000464 0.26015579 1.83089249 0.67298990 0.66842786
2.25059079 0.00000464 0.26015579 1.83089249 0.89603950 0.78267638
2.25059079 0.00000464 0.26015579 1.83089249 0.89603950 0.78267638
2.25059079 0.00000464 0.26015579 1.83089249 0.89603950 0.78267638
2.25059079 0.00000464 0.26015579 1.83089249 0.89603950 0.78267638
2.25059079 0.00000464 0.26015579 1.83089249 0.89603950 0.78267638
2.25059079 0.00000464 0.26015579 1.83089249 0.89603950 0.78267638
2.25059079 0.00000464 0.26015579 1.83089249 0.89603950 0.78267638
2.25059079 0.00000464 0.26015579 1.83089249 0.89603950 0.78267638
2.25059079 0.00000464 0.26015579 1.83089249 0.89603950 0.78267638
2.25059079 0.00000464 0.26015579 1.83089249 0.89603950 0.78267638
2.25059079 0.00000464 0.26015579 1.83089249 0.89603950 0.78267638
2.25059079 0.00000464 0.26015579 1.83089249 0.89603950 0.78267638
2.25059079 0.00000464 0.26015579 1.83089249 0.89603950 0.78267638
2.25059079 0.00000464 0.26015579 1.83089249 0.89603950 0.78267638
2.25059079 0.00000464 0.26015579 1.83089249 0.89603950 0.78267638
2.25059079 0.00000464 0.26015579 1.83089249 0.89603950 0.78267638
2.25059079 0.00000464 0.26015579 1.83089249 0.89603950 0.78267638
2.25059079 0.00000464 0.26015579 1.83089249 0.89603950 0.78267638
2.25059079 0.00000464 0.26145124 1.83089249 0.78001227 0.78267638
2.25059079 0.00000464 0.64960672 1.83089249 0.91133254 0.72409352
2.25059079 0.00000464 0.43152563 1.93252678 0.73346577 0.42222487
2.25059079 0.00000464 0.43152563 1.93252678 0.73346577 0.42222487
2.25059079 0.00000464 0.43152563 1.93252678 0.73346577 0.42222487
2.25059079 0.00000464 0.43152563 1.93252678 0.73346577 0.42222487
2.25059079 0.00000464 0.43152563 1.93252678 0.73346577 0.42222487
2.25059079 0.00000464 0.43152563 1.93252678 0.73346577 0.42222487
2.25059079 0.00000464 0.43152563 1.93252678 0.73346577 0.42222487
2.25059079 0.00000464 0.43152563 1.93252678 0.73346577 0.42222487
2.25059079 0.00000464 0.43152563 1.93252678 0.73346577 0.42222487
2.25059079 0.00000464 0.43152563 1.93252678 0.73346577 0.42222487
2.25059079 0.00000464 0.56694221 1.93252678 0.38167743 0.68812948
2.25059079 0.00000464 0.56694221 1.93252678 0.38167743 0.68812948
2.25059079 0.00000464 0.56694221 1.93252678 0.38167743 0.68812948
2.25059079 0.00000464 0.56694221 1.93252678 0.38167743 0.68812948
2.25059079 0.00000464 0.56694221 1.93252678 0.38167743 0.68812948
2.25059079 0.00000464 0.56694221 1.93252678 0.38167743 0.68812948
2.25059079 0.00000464 0.56694221 1.93252678 0.38167743 0.68812948
2.25059079 0.00000464 0.56694221 1.93252678 0.38167743 0.68812948
2.25059079 0.00000464 0.82569744 1.93252678 0.80931411 0.70492270
2.25059079 0.00000464 0.82569744 1.93252678 0.80931411 0.70492270
2.25059079 0.00000464 0.82569744 1.93252678 0.80931411 0.70492270
2.25059079 0.00000464 0.82569744 1.93252678 0.80931411 0.70492270
2.25059079 0.00000464 0.82569744 1.93252678 0.80931411 0.70492270
2.25059079 0.00000464 0.82569744 1.93252678 0.80931411 0.70492270
2.25059079 0.00000464 0.82569744 1.93252678 0.80931411 0.70492270
2.25059079 0.00000464 0.82569744 1.93252678 0.80931411 0.70492270
2.25059079 0.00000464 0.82569744 1.93252678 0.80931411 0.70492270
2.25059079 0.00000464 0.82569744 1.93252678 0.80931411 0.70492270
2.25059079 0.00000464 0.82569744 1.93252678 0.80931411 0.70492270
2.25059079 0.00000464 0.82569744 1.93252678 0.80931411 0.70492270
2.25059079 0.00000464 0.82569744 1.93252678 0.80931411 0.70492270
2.25059079 0.00000464 0.82569744 1.93252678 0.80931411 0.70492270
2.25059079 0.00000464 0.82569744 1.93252678 0.80931411 0.70492270
2.25059079 0.00000464 0.82569744 1.93252678 0.80931411 0.70492270
2.25059079 0.00000464 0.82569744 1.93252678 0.80931411 0.70492270
2.25059079 0.00000464 0.82569744 1.93252678 0.80931411 0.70492270
2.25059079 0.00000464 0.82569744 1.93252678 0.80931411 0.70492270
2.25059079 0.00000464 0.82569744 1.93252678 0.80931411 0.70492270
2.25059079 0.00000464 0.82569744 1.93252678 0.80931411 0.70492270
2.25059079 0.00000464 0.82569744 1.93252678 0.80931411 0.70492270
2.25059079 0.00000464 0.82569744 1.92033812 0.66858477 0.90863230
2.25059079 0.00000464 0.82569744 1.92033812 0.66858477 0.90863230
2.25059079 0.00000464 0.82569744 1.92033812 0.66858477 0.90863230
2.25059079 0.00000464 0.82569744 1.92033812 0.66858477 0.90863230
2.25059079 0.00000464 0.82569744 1.92033812 0.66858477 0.90863230
2.25059079 0.00000464 0.82569744 1.92033812 0.66858477 0.90863230
2.25059079 0.00000464 0.82569744 1.92033812 0.66858477 0.90863230
2.25059079 0.00000464 0.82569744 1.92033812 0.66858477 0.90863230
2.25059079 0.00000464 0.82569744 1.92033812 0.66858477 0.90863230
2.25059079 0.00000464 0.82569744 1.92033812 0.66858477 0.90863230
2.25059079 0.00000464 0.82569744 1.92033812 0.66858477 0.90863230
2.25059079 0.00000464 0.82569744 1.92033812 0.66858477 0.90863230
2.25059079 0.00000464 0.82569744 1.92033812 0.66858477 0.90863230
2.25059079 0.00000464 0.82569744 1.92033812 0.66858477 0.90863230
2.25059079 0.00000464 0.82569744 1.92033812 0.66858477 0.90863230
2.25059079 0.00000464 0.82569744 1.92033812 0.66858477 0.90863230
2.25059079 0.00000464 0.82569744 1.92033812 0.66858477 0.90863230
2.25059079 0.00000464 0.82569744 1.92033812 0.66858477 0.90863230
2.25059079 0.00000464 0.82569744 1.92033812 0.66858477 0.90863230
2.25059079 0.00000464 0.82569744 1.92033812 0.66858477 0.90863230
2.25059079 0.00000464 0.82569744 1.92033812 0.66858477 0.90863230
2.25059079 0.00000464 0.82569744 1.92033812 0.66858477 0.90863230
2.25059079 0.00000464 0.82569744 1.92033812 0.66858477 0.90863230
2.25059079 0.00000464 0.82569744 1.92033812 0.66858477 0.90863230
2.25059079 0.00000464 0.82569744 1.92033812 0.66858477 0.90863230
2.25059079 0.00000464 0.82569744 1.92033812 0.66858477 0.90863230
2.25059079 0.00000464 0.82569744 1.92033812 0.66858477 0.90863230
2.25059079 0.00000464 0.82569744 1.92033812 0.66858477 0.90863230
2.25059079 0.00000464 0.82569744 1.92033812 0.66858477 0.90863230
2.25059079 0.00000464 0.82569744 1.92033812 0.63649455 0.90863230
2.25059079 0.00000464 0.82569744 1.92033812 0.63649455 0.90863230
2.25059079 0.00000464 0.82569744 1.92033812 0.63649455 0.90863230
2.25059079 0.00000464 0.82569744 1.92033812 0.63649455 0.90863230
2.25059079 0.00000464 0.82569744 1.92033812 0.63649455 0.90863230
2.25059079 0.00000464 0.82569744 1.92033812 0.63649455 0.90863230
2.25059079 0.00000464 0.82569744 1.92033812 0.63649455 0.90863230
2.25059079 0.00000464 0.82569744 1.92033812 0.63649455 0.90863230
2.25059079 0.00000464 0.82569744 1.92033812 0.63649455 0.90863230
2.25059079 0.00000464 0.82569744 1.92033812 0.63649455 0.90863230
2.25059079 0.00000464 0.82569744 1.92033812 0.63649455 0.90863230
2.25059079 0.00000464 0.82569744 1.92033812 0.63649455 0.90863230
2.25059079 0.00000464 0.82569744 1.92033812 0.63649455 0.90863230
2.25059079 0.00000464 0.82569744 1.92033812 0.63649455 0.90863230
2.25059079 0.00000464 0.82569744 1.92033812 0.63649455 0.90863230
2.25059079 0.00000464 0.82569744 1.68399767 0.96535808 0.46818439
2.25059079 0.00000464 0.82569744 1.68399767 0.96535808 0.46818439
2.25059079 0.00000464 0.82569744 1.68399767 0.96535808 0.46818439
2.25059079 0.00000464 0.82569744 1.68399767 0.96535808 0.46818439
2.25059079 0.00000464 0.82569744 1.68399767 0.96535808 0.46818439
2.25059079 0.00000464 0.82569744 1.68399767 0.96535808 0.46818439
2.25059079 0.00000464 0.65795071 1.95748507 0.31881225 0.79726330
2.25059079 0.00000464 0.65795071 1.95748507 0.31881225 0.79726330
2.25059079 0.00000464 0.65795071 1.95748507 0.31881225 0.79726330
2.25059079 0.00000464 0.65795071 1.95748507 0.31881225 0.79726330
2.25059079 0.00000464 0.65795071 1.95748507 0.31881225 0.79726330
2.25059079 0.00000464 0.65795071 1.95748507 0.31881225 0.79726330
2.25059079 0.00000464 0.65795071 1.95748507 0.31881225 0.79726330
2.25059079 0.00000464 0.65795071 1.95748507 0.31881225 0.79726330
2.25059079 0.00000464 0.65795071 1.95748507 0.31881225 0.79726330
2.25059079 0.00000464 0.65795071 1.95748507 0.31881225 0.79726330
2.25059079 0.00000464 0.65795071 1.95748507 0.31881225 0.79726330
2.25059079 0.00000464 0.65795071 1.95748507 0.31881225 0.79726330
2.25059079 0.00000464 0.65795071 1.95748507 0.31881225 0.79726330
2.25059079 0.00000464 0.65795071 1.95748507 0.31881225 0.79726330
2.25059079 0.00000464 0.65795071 1.95748507 0.31881225 0.79726330
2.25059079 0.00000464 0.65795071 1.95748507 0.31881225 0.79726330
2.25059079 0.00000464 0.65795071 1.95748507 0.31881225 0.79726330
1.91477605 0.00000464 0.38769858 1.95748507 0.31881225 0.66043969
1.91477605 0.00000464 0.38769858 1.95748507 0.31881225 0.66043969
1.91477605 0.00000464 0.20606127 1.95748507 0.67546609 0.66043969
1.91477605 0.00000464 0.20606127 1.95748507 0.67546609 0.66043969
1.91477605 0.00000464 0.20606127 1.95748507 0.67546609 0.66043969
1.91477605 0.00000464 0.20606127 1.95748507 0.67546609 0.66043969
1.91477605 0.00000464 0.20606127 1.95748507 0.67546609 0.66043969
1.91477605 0.00000464 0.20606127 1.95748507 0.67546609 0.66043969
1.91477605 0.00000464 0.20606127 1.95748507 0.67546609 0.66043969
1.91477605 0.00000464 0.20606127 1.95748507 0.67546609 0.66043969
1.91477605 0.00000464 0.20606127 1.95748507 0.67546609 0.66043969
1.91477605 0.00000464 0.20606127 1.95748507 0.67546609 0.66043969
1.91477605 0.00000464 0.20606127 1.95748507 0.67546609 0.66043969
1.91477605 0.00000464 0.20606127 1.95748507 0.67546609 0.66043969
1.91477605 0.00000464 0.20606127 1.95748507 0.67546609 0.66043969
1.91477605 0.00000464 0.20606127 1.95748507 0.67546609 0.66043969
1.91477605 0.00000464 0.20606127 1.95748507 0.67546609 0.66043969
1.91477605 0.00000464 0.20606127 1.95748507 0.67546609 0.66043969
1.91477605 0.00000464 0.20606127 1.95748507 0.67546609 0.66043969
1.91477605 0.00000464 0.20606127 1.95748507 0.67546609 0.66043969
1.91477605 0.00000464 0.20606127 1.95748507 0.67546609 0.66043969
1.91477605 0.00000464 0.20606127 1.95748507 0.67546609 0.66043969
1.91477605 0.00000464 0.20606127 1.95748507 0.67546609 0.66043969
1.91477605 0.00000464 0.20606127 1.95748507 0.67546609 0.66043969
1.91477605 0.00000464 0.20606127 1.95748507 0.67546609 0.66043969
1.91477605 0.00000464 0.20606127 1.95748507 0.67546609 0.66043969
1.91477605 0.00000464 0.20606127 1.95748507 0.67546609 0.66043969
1.91477605 0.00000464 0.20606127 1.95748507 0.67546609 0.66043969
1.91477605 0.00000464 0.20606127 1.95748507 0.67546609 0.66043969
1.91477605 0.00000464 0.20606127 1.95748507 0.67546609 0.66043969
1.91477605 0.00000464 0.20606127 1.95748507 0.67546609 0.66043969
1.91477605 0.00000464 0.20606127 1.95748507 0.67546609 0.66043969
1.91477605 0.00000464 0.20606127 1.95748507 0.67546609 0.66043969
1.91477605 0.00000464 0.20606127 1.95748507 0.67546609 0.66043969
1.91477605 0.00000464 0.20606127 1.95748507 0.67546609 0.66043969
1.91477605 0.00000464 0.20606127 1.95748507 0.67546609 0.66043969
1.91477605 0.00000464 0.20606127 1.95748507 0.67546609 0.66043969
1.91477605 0.00000464 0.20606127 1.95748507 0.67546609 0.66043969
1.91477605 0.00000464 0.20606127 1.95748507 0.67546609 0.66043969
1.91477605 0.00000464 0.20606127 1.95748507 0.67546609 0.66043969
1.91477605 0.00000464 0.20606127 1.95748507 0.67546609 0.66043969
1.91477605 0.00000464 0.20606127 1.95748507 0.67546609 0.66043969
1.91477605 0.00000464 0.46812880 0.80082351 0.67546609 0.35845237
1.91477605 0.00000464 0.46812880 0.80082351 0.67546609 0.35845237
1.91477605 0.00000464 0.46812880 0.80082351 0.67546609 0.35845237
1.91477605 0.00000464 0.46812880 0.80082351 0.67546609 0.35845237
1.91477605 0.00000464 0.46812880 0.80082351 0.67546609 0.35845237
