0.00000000 0.00000000 0.00000000 0.00000000 0.00000000 0.00000000
0.00000000 0.00000000 0.00000000 0.00000000 0.00000000 0.00000000
0.00000000 0.00000000 0.00000000 0.00000000 0.00000000 0.00000000
0.75394345 0.00000488 0.36033104 0.13619303 0.91683574 0.20168849
0.75394345 0.00000488 0.36033104 0.13619303 0.91683574 0.20168849
0.75394345 0.00000488 0.36033104 0.13619303 0.91683574 0.20168849
0.75394345 0.00000488 0.36033104 0.13619303 0.91683574 0.20168849
0.75394345 0.00000488 0.36033104 0.13619303 0.91683574 0.20168849
0.80192486 0.00000482 0.43928696 0.02145923 0.88508953 0.15979603
0.80192486 0.00000482 0.43928696 0.02145923 0.88508953 0.15979603
0.80192486 0.00000482 0.43928696 0.02145923 0.88508953 0.15979603
0.80192486 0.00000482 0.43928696 0.02145923 0.88508953 0.15979603
1.25610622 0.00000487 0.44842865 0.02145923 0.96710552 0.16816132
1.29234409 0.00000494 0.46784125 0.02145923 0.94938561 0.17711801
1.29234409 0.00000494 0.46784125 0.02145923 0.94938561 0.17711801
1.29234409 0.00000494 0.46784125 0.02145923 0.94938561 0.17711801
1.29234409 0.00000494 0.46784125 0.02145923 0.94938561 0.17711801
1.29234409 0.00000494 0.46784125 0.02145923 0.94938561 0.17711801
1.29234409 0.00000494 0.46784125 0.02145923 0.94938561 0.17711801
1.29234409 0.00000494 0.46784125 0.02145923 0.94938561 0.17711801
1.29234409 0.00000494 0.46784125 0.02145923 0.94938561 0.17711801
1.29234409 0.00000494 0.46784125 0.02145923 0.94938561 0.17711801
1.29234409 0.00000494 0.46784125 0.02145923 0.94938561 0.17711801
1.29234409 0.00000494 0.46784125 0.02145923 0.94938561 0.17711801
1.44039901 0.00000497 0.49156075 0.02145923 0.88251009 0.14181982
1.44039901 0.00000497 0.49156075 0.02145923 0.88251009 0.14181982
1.35497571 0.00000508 0.49714105 0.02145923 0.89340140 0.15532273
1.35497571 0.00000508 0.49714105 0.02145923 0.89340140 0.15532273
1.35497571 0.00000508 0.49714105 0.02145923 0.89340140 0.15532273
1.35497571 0.00000508 0.49714105 0.02145923 0.89340140 0.15532273
1.35497571 0.00000508 0.49714105 0.02145923 0.89340140 0.15532273
1.35497571 0.00000508 0.49714105 0.02145923 0.89340140 0.15532273
1.35497571 0.00000508 0.49714105 0.02145923 0.89340140 0.15532273
1.35497571 0.00000508 0.49714105 0.02145923 0.89340140 0.15532273
1.35497571 0.00000508 0.49714105 0.02145923 0.89340140 0.15532273
1.35497571 0.00000508 0.49714105 0.02145923 0.89340140 0.15532273
1.35497571 0.00000508 0.49714105 0.02145923 0.89340140 0.15532273
1.35497571 0.00000508 0.49714105 0.02145923 0.89340140 0.15532273
1.35497571 0.00000508 0.49714105 0.02145923 0.89340140 0.15532273
1.35497571 0.00000508 0.49714105 0.02145923 0.89340140 0.15532273
1.35497571 0.00000508 0.49714105 0.02145923 0.89340140 0.15532273
1.35497571 0.00000508 0.49714105 0.02145923 0.89340140 0.15532273
1.56926105 0.00000508 0.24804485 0.02145923 0.69062077 0.12378766
1.56926105 0.00000508 0.24804485 0.02145923 0.69062077 0.12378766
1.56926105 0.00000508 0.24804485 0.02145923 0.69062077 0.12378766
1.42438248 0.00000508 0.35333173 0.02145923 0.95861355 0.13814240
1.42438248 0.00000508 0.35333173 0.02145923 0.95861355 0.13814240
1.42438248 0.00000508 0.35333173 0.02145923 0.95861355 0.13814240
1.42438248 0.00000508 0.35333173 0.02145923 0.95861355 0.13814240
1.42438248 0.00000508 0.35333173 0.02145923 0.95861355 0.13814240
1.42438248 0.00000508 0.35333173 0.02145923 0.95861355 0.13814240
1.42438248 0.00000508 0.35333173 0.02145923 0.95861355 0.13814240
1.42438248 0.00000508 0.35333173 0.02145923 0.95861355 0.13814240
1.42438248 0.00000508 0.35333173 0.02145923 0.95861355 0.13814240
1.42438248 0.00000508 0.35333173 0.02145923 0.95861355 0.13814240
1.42438248 0.00000508 0.35333173 0.02145923 0.95861355 0.13814240
1.60901950 0.00000508 0.54133496 0.02145923 0.95861355 0.41634728
1.60901950 0.00000508 0.54133496 0.02145923 0.95861355 0.41634728
1.60901950 0.00000508 0.54133496 0.02145923 0.95861355 0.41634728
1.60901950 0.00000508 0.54133496 0.02145923 0.95861355 0.41634728
1.60901950 0.00000508 0.54133496 0.02145923 0.95861355 0.41634728
1.60901950 0.00000508 0.54133496 0.02145923 0.95861355 0.41634728
1.48799910 0.00000508 0.23730456 0.27909895 0.95861355 0.36526114
1.48799910 0.00000508 0.23730456 0.27909895 0.95861355 0.36526114
1.48799910 0.00000508 0.23730456 0.27909895 0.95861355 0.36526114
1.48799910 0.00000508 0.23730456 0.27909895 0.95861355 0.36526114
1.48799910 0.00000508 0.23730456 0.27909895 0.95861355 0.36526114
1.48799910 0.00000508 0.23730456 0.27909895 0.95861355 0.36526114
1.48799910 0.00000508 0.23730456 0.27909895 0.95861355 0.36526114
1.48799910 0.00000508 0.23730456 0.27909895 0.95861355 0.36526114
1.48799910 0.00000508 0.23730456 0.27909895 0.95861355 0.36526114
1.48799910 0.00000508 0.23730456 0.27909895 0.95861355 0.36526114
1.48799910 0.00000508 0.23730456 0.27909895 0.95861355 0.36526114
1.48799910 0.00000508 0.23730456 0.15898778 0.95861355 0.42815238
1.48799910 0.00000508 0.23730456 0.15898778 0.95861355 0.42815238
1.48799910 0.00000508 0.23730456 0.15898778 0.95861355 0.42815238
1.48799910 0.00000508 0.23730456 0.15898778 0.95861355 0.42815238
1.48799910 0.00000508 0.23730456 0.15898778 0.95861355 0.42815238
1.48799910 0.00000508 0.23730456 0.15898778 0.95861355 0.42815238
1.48799910 0.00000508 0.23730456 0.15898778 0.95861355 0.42815238
1.48799910 0.00000508 0.23730456 0.15898778 0.95861355 0.42815238
1.48799910 0.00000508 0.23730456 0.15898778 0.95861355 0.42815238
1.48799910 0.00000508 0.23730456 0.15898778 0.95861355 0.42815238
1.48799910 0.00000508 0.23730456 0.15898778 0.95861355 0.42815238
1.48799910 0.00000508 0.23730456 0.15898778 0.95861355 0.42815238
1.48799910 0.00000508 0.23730456 0.15898778 0.95861355 0.42815238
1.51573021 0.00000508 0.23730456 0.40756805 0.90392610 0.52419262
1.51573021 0.00000508 0.23730456 0.40756805 0.90392610 0.52419262
1.51573021 0.00000508 0.23730456 0.40756805 0.90392610 0.52419262
1.51573021 0.00000508 0.23730456 0.40756805 0.90392610 0.52419262
1.51573021 0.00000508 0.23730456 0.40756805 0.90392610 0.52419262
1.51573021 0.00000508 0.23730456 0.40756805 0.90392610 0.52419262
1.51573021 0.00000508 0.23730456 0.40756805 0.90392610 0.52419262
1.51573021 0.00000508 0.23730456 0.40756805 0.90392610 0.52419262
1.51573021 0.00000508 0.23730456 0.40756805 0.90392610 0.52419262
1.51573021 0.00000508 0.23730456 0.40756805 0.90392610 0.52419262
1.51573021 0.00000508 0.23730456 0.40756805 0.90392610 0.52419262
1.51573021 0.00000508 0.23730456 0.40756805 0.90392610 0.52419262
1.51573021 0.00000508 0.23730456 0.40756805 0.90392610 0.52419262
1.51573021 0.00000508 0.23730456 0.40756805 0.90392610 0.52419262
1.51573021 0.00000508 0.23730456 0.40756805 0.90392610 0.52419262
1.51573021 0.00000508 0.23730456 0.40756805 0.90392610 0.52419262
1.51573021 0.00000508 0.23730456 0.40756805 0.90392610 0.52419262
1.51573021 0.00000508 0.23730456 0.40756805 0.90392610 0.52419262
1.51573021 0.00000508 0.23730456 0.40756805 0.90392610 0.52419262
1.51573021 0.00000508 0.71074853 0.65541544 0.69037338 0.66886774
1.51573021 0.00000508 0.71074853 0.65541544 0.69037338 0.66886774
1.51573021 0.00000508 0.71074853 0.65541544 0.69037338 0.66886774
1.51573021 0.00000508 0.71074853 0.65541544 0.69037338 0.66886774
1.51573021 0.00000508 0.71074853 0.65541544 0.69037338 0.66886774
1.51573021 0.00000508 0.71074853 0.65541544 0.69037338 0.66886774
1.51573021 0.00000508 0.71074853 0.65541544 0.69037338 0.66886774
1.51573021 0.00000508 0.71074853 0.65541544 0.69037338 0.66886774
1.51573021 0.00000508 0.71074853 0.65541544 0.69037338 0.66886774
1.51573021 0.00000508 0.71074853 0.65541544 0.69037338 0.66886774
1.51573021 0.00000508 0.71074853 0.65541544 0.69037338 0.66886774
1.51573021 0.00000508 0.71074853 0.65541544 0.69037338 0.66886774
1.51573021 0.00000508 0.71074853 0.65541544 0.69037338 0.66886774
1.51573021 0.00000508 0.71074853 0.65541544 0.69037338 0.66886774
1.51573021 0.00000508 0.71074853 0.65541544 0.69037338 0.66886774
1.51573021 0.00000508 0.71074853 0.65541544 0.69037338 0.66886774
1.51573021 0.00000508 0.71074853 0.65541544 0.69037338 0.66886774
1.51573021 0.00000508 0.71074853 0.65541544 0.69037338 0.66886774
1.51573021 0.00000508 0.71074853 0.65541544 0.69037338 0.66886774
1.51573021 0.00000508 0.71074853 0.65541544 0.69037338 0.66886774
1.51573021 0.00000508 0.71074853 0.65541544 0.69037338 0.66886774
1.51573021 0.00000508 0.71074853 0.65541544 0.69037338 0.66886774
1.51573021 0.00000508 0.71074853 0.65541544 0.69037338 0.66886774
1.51573021 0.00000508 0.71074853 0.65541544 0.69037338 0.66886774
1.51573021 0.00000508 0.71074853 0.65541544 0.69037338 0.66886774
1.51573021 0.00000508 0.71074853 0.65541544 0.69037338 0.66886774
1.51573021 0.00000508 0.71074853 0.65541544 0.69037338 0.66886774
1.51573021 0.00000508 0.71074853 0.65541544 0.69037338 0.66886774
1.51573021 0.00000508 0.71074853 0.65541544 0.69037338 0.66886774
1.51573021 0.00000508 0.71074853 0.65541544 0.69037338 0.66886774
1.51573021 0.00000508 0.71074853 0.65541544 0.69037338 0.66886774
1.51573021 0.00000508 0.71074853 0.65541544 0.69037338 0.66886774
1.51573021 0.00000508 0.71074853 0.65541544 0.69037338 0.66886774
1.51573021 0.00000508 0.71074853 0.65541544 0.69037338 0.66886774
1.51573021 0.00000508 0.71074853 0.65541544 0.69037338 0.66886774
1.51573021 0.00000508 0.71074853 0.65541544 0.69037338 0.66886774
1.51573021 0.00000508 0.71074853 0.65541544 0.69037338 0.66886774
1.51573021 0.00000508 0.71074853 0.65541544 0.69037338 0.66886774
1.51573021 0.00000508 0.71074853 0.65541544 0.69037338 0.66886774
1.51573021 0.00000508 0.71074853 0.65541544 0.69037338 0.66886774
1.51573021 0.00000508 0.71074853 0.65541544 0.69037338 0.66886774
1.51573021 0.00000508 0.71074853 0.65541544 0.69037338 0.66886774
1.51573021 0.00000508 0.71074853 0.65541544 0.69037338 0.66886774
1.51573021 0.00000508 0.71074853 0.65541544 0.69037338 0.66886774
1.51573021 0.00000508 0.71074853 0.65541544 0.69037338 0.66886774
1.51573021 0.00000508 0.71074853 0.65541544 0.69037338 0.66886774
1.51573021 0.00000508 0.71074853 0.65541544 0.69037338 0.66886774
1.51573021 0.00000508 0.71074853 0.65541544 0.69037338 0.66886774
1.51573021 0.00000508 0.71074853 0.65541544 0.69037338 0.66886774
1.51573021 0.00000508 0.71074853 0.65541544 0.69037338 0.66886774
1.51573021 0.00000508 0.71074853 0.65541544 0.69037338 0.66886774
1.51573021 0.00000508 0.71074853 0.65541544 0.69037338 0.66886774
1.51573021 0.00000508 0.71074853 0.65541544 0.69037338 0.66886774
1.51573021 0.00000508 0.71074853 0.65541544 0.69037338 0.66886774
1.51573021 0.00000508 0.71074853 0.65541544 0.69037338 0.66886774
1.51573021 0.00000508 0.71074853 0.65541544 0.69037338 0.66886774
1.51573021 0.00000508 0.71074853 0.65541544 0.69037338 0.66886774
1.51573021 0.00000508 0.71074853 0.65541544 0.69037338 0.66886774
1.51573021 0.00000508 0.71074853 0.65541544 0.69037338 0.66886774
1.51573021 0.00000508 0.71074853 0.65541544 0.69037338 0.66886774
1.51573021 0.00000508 0.71074853 0.65541544 0.69037338 0.66886774
1.51573021 0.00000508 0.71074853 0.65541544 0.69037338 0.66886774
1.51573021 0.00000508 0.71074853 0.65541544 0.69037338 0.66886774
1.51573021 0.00000508 0.71074853 0.65541544 0.69037338 0.66886774
1.51573021 0.00000508 0.71074853 0.65541544 0.69037338 0.66886774
1.51573021 0.00000508 0.71074853 0.65541544 0.69037338 0.66886774
1.51573021 0.00000508 0.71074853 0.65541544 0.69037338 0.66886774
1.51573021 0.00000508 0.71074853 0.65541544 0.69037338 0.66886774
1.51573021 0.00000508 0.71074853 0.65541544 0.69037338 0.66886774
1.51573021 0.00000508 0.71074853 0.65541544 0.69037338 0.66886774
1.51573021 0.00000508 0.71074853 0.65541544 0.69037338 0.66886774
1.51573021 0.00000508 0.71074853 0.65541544 0.69037338 0.66886774
1.51573021 0.00000508 0.71074853 0.65541544 0.69037338 0.66886774
1.51573021 0.00000508 0.71074853 0.65541544 0.69037338 0.66886774
1.51573021 0.00000508 0.71074853 0.65541544 0.69037338 0.66886774
1.51573021 0.00000508 0.71074853 0.65541544 0.69037338 0.66886774
1.51573021 0.00000508 0.71074853 0.65541544 0.69037338 0.66886774
1.51573021 0.00000508 0.71074853 0.65541544 0.69037338 0.66886774
1.51573021 0.00000508 0.71074853 0.65541544 0.69037338 0.66886774
1.51573021 0.00000508 0.71074853 0.65541544 0.69037338 0.66886774
1.51573021 0.00000508 0.71074853 0.65541544 0.69037338 0.66886774
1.51573021 0.00000508 0.71074853 0.65541544 0.69037338 0.66886774
1.51573021 0.00000508 0.71074853 0.65541544 0.69037338 0.66886774
1.51573021 0.00000508 0.71074853 0.65541544 0.69037338 0.66886774
1.51573021 0.00000508 0.71074853 0.65541544 0.69037338 0.66886774
1.51573021 0.00000508 0.71074853 0.65541544 0.69037338 0.66886774
1.51573021 0.00000508 0.71074853 0.65541544 0.69037338 0.66886774
1.51573021 0.00000508 0.71074853 0.65541544 0.69037338 0.66886774
1.51573021 0.00000508 0.71074853 0.65541544 0.69037338 0.66886774
1.51573021 0.00000508 0.71074853 0.65541544 0.69037338 0.66886774
1.51573021 0.00000508 0.71074853 0.65541544 0.69037338 0.66886774
1.51573021 0.00000508 0.71074853 0.65541544 0.69037338 0.66886774
1.51573021 0.00000508 0.71074853 0.65541544 0.69037338 0.66886774
1.51573021 0.00000508 0.71074853 0.65541544 0.69037338 0.66886774
1.51573021 0.00000508 0.71074853 0.65541544 0.69037338 0.66886774
1.51573021 0.00000508 0.71074853 0.65541544 0.69037338 0.66886774
1.51573021 0.00000508 0.71074853 0.65541544 0.69037338 0.66886774
1.51573021 0.00000508 0.71074853 0.65541544 0.69037338 0.66886774
1.51573021 0.00000508 0.71074853 0.65541544 0.69037338 0.66886774
1.51573021 0.00000508 0.71074853 0.65541544 0.69037338 0.66886774
1.51573021 0.00000508 0.71074853 0.65541544 0.69037338 0.66886774
1.51573021 0.00000508 0.71074853 0.65541544 0.69037338 0.66886774
1.51573021 0.00000508 0.71074853 0.65541544 0.69037338 0.66886774
1.51573021 0.00000508 0.71074853 0.65541544 0.69037338 0.66886774
1.51573021 0.00000508 0.71074853 0.65541544 0.69037338 0.66886774
1.51573021 0.00000508 0.71074853 0.65541544 0.69037338 0.66886774
1.51573021 0.00000508 0.71074853 0.65541544 0.69037338 0.66886774
1.51573021 0.00000508 0.71074853 0.65541544 0.69037338 0.66886774
1.51573021 0.00000508 0.71074853 0.65541544 0.69037338 0.66886774
1.51573021 0.00000508 0.71074853 0.65541544 0.69037338 0.66886774
1.51573021 0.00000508 0.71074853 0.65541544 0.69037338 0.66886774
1.51573021 0.00000508 0.71074853 0.65541544 0.69037338 0.66886774
1.51573021 0.00000508 0.71074853 0.65541544 0.69037338 0.66886774
1.51573021 0.00000508 0.71074853 0.65541544 0.69037338 0.66886774
1.51573021 0.00000508 0.71074853 0.65541544 0.69037338 0.66886774
1.51573021 0.00000508 0.71074853 0.65541544 0.69037338 0.66886774
1.51573021 0.00000508 0.71074853 0.65541544 0.69037338 0.66886774
1.51573021 0.00000508 0.71074853 0.65541544 0.69037338 0.66886774
1.51573021 0.00000508 0.71074853 0.65541544 0.69037338 0.66886774
1.51573021 0.00000508 0.71074853 0.65541544 0.69037338 0.66886774
1.51573021 0.00000508 0.71074853 0.65541544 0.69037338 0.66886774
1.51573021 0.00000508 0.71074853 0.65541544 0.69037338 0.66886774
1.51573021 0.00000508 0.71074853 0.65541544 0.69037338 0.66886774
1.51573021 0.00000508 0.71074853 0.65541544 0.69037338 0.66886774
1.51573021 0.00000508 0.71074853 0.65541544 0.69037338 0.66886774
1.51573021 0.00000508 0.71074853 0.65541544 0.69037338 0.66886774
1.51573021 0.00000508 0.71074853 0.65541544 0.69037338 0.66886774
1.51573021 0.00000508 0.71074853 0.65541544 0.69037338 0.66886774
1.51573021 0.00000508 0.71074853 0.65541544 0.69037338 0.66886774
1.51573021 0.00000508 0.71074853 0.65541544 0.69037338 0.66886774
1.51573021 0.00000508 0.71074853 0.65541544 0.69037338 0.66886774
1.51573021 0.00000508 0.71074853 0.65541544 0.69037338 0.66886774
1.51573021 0.00000508 0.71074853 0.65541544 0.69037338 0.66886774
1.51573021 0.00000508 0.71074853 0.65541544 0.69037338 0.66886774
1.51573021 0.00000508 0.71074853 0.65541544 0.69037338 0.66886774
1.51573021 0.00000508 0.71074853 0.65541544 0.69037338 0.66886774
1.51573021 0.00000508 0.71074853 0.65541544 0.69037338 0.66886774
1.51573021 0.00000508 0.71074853 0.65541544 0.69037338 0.66886774
1.51573021 0.00000508 0.71074853 0.65541544 0.69037338 0.66886774
1.51573021 0.00000508 0.71074853 0.65541544 0.69037338 0.66886774
1.51573021 0.00000508 0.71074853 0.65541544 0.69037338 0.66886774
1.51573021 0.00000508 0.71074853 0.65541544 0.69037338 0.66886774
1.51573021 0.00000508 0.71074853 0.65541544 0.69037338 0.66886774
1.51573021 0.00000508 0.71074853 0.65541544 0.69037338 0.66886774
1.51573021 0.00000508 0.71074853 0.65541544 0.69037338 0.66886774
1.51573021 0.00000508 0.71074853 0.65541544 0.69037338 0.66886774
1.51573021 0.00000508 0.71074853 0.65541544 0.69037338 0.66886774
1.51573021 0.00000508 0.71074853 0.65541544 0.69037338 0.66886774
1.51573021 0.00000508 0.71074853 0.65541544 0.69037338 0.66886774
1.51573021 0.00000508 0.71074853 0.65541544 0.69037338 0.66886774
1.51573021 0.00000508 0.71074853 0.65541544 0.69037338 0.66886774
1.51573021 0.00000508 0.71074853 0.65541544 0.69037338 0.66886774
1.51573021 0.00000508 0.71074853 0.65541544 0.69037338 0.66886774
1.51573021 0.00000508 0.71074853 0.65541544 0.69037338 0.66886774
1.51573021 0.00000508 0.71074853 0.65541544 0.69037338 0.66886774
1.51573021 0.00000508 0.71074853 0.65541544 0.69037338 0.66886774
1.51573021 0.00000508 0.71074853 0.65541544 0.69037338 0.66886774
1.51573021 0.00000508 0.71074853 0.65541544 0.69037338 0.66886774
1.51573021 0.00000508 0.71074853 0.65541544 0.69037338 0.66886774
1.51573021 0.00000508 0.71074853 0.65541544 0.69037338 0.66886774
1.51573021 0.00000508 0.71074853 0.65541544 0.69037338 0.66886774
1.51573021 0.00000508 0.71074853 0.65541544 0.69037338 0.66886774
1.51573021 0.00000508 0.71074853 0.65541544 0.69037338 0.66886774
1.51573021 0.00000508 0.71074853 0.65541544 0.69037338 0.66886774
1.51573021 0.00000508 0.71074853 0.65541544 0.69037338 0.66886774
1.51573021 0.00000508 0.71074853 0.65541544 0.69037338 0.66886774
1.51573021 0.00000508 0.71074853 0.65541544 0.69037338 0.66886774
1.51573021 0.00000508 0.71074853 0.65541544 0.69037338 0.66886774
1.51573021 0.00000508 0.71074853 0.65541544 0.69037338 0.66886774
1.51573021 0.00000508 0.71074853 0.65541544 0.69037338 0.66886774
1.51573021 0.00000508 0.71074853 0.65541544 0.69037338 0.66886774
1.51573021 0.00000508 0.71074853 0.65541544 0.69037338 0.66886774
1.51573021 0.00000508 0.71074853 0.65541544 0.69037338 0.66886774
1.51573021 0.00000508 0.71074853 0.65541544 0.69037338 0.66886774
1.51573021 0.00000508 0.71074853 0.65541544 0.69037338 0.66886774
1.51573021 0.00000508 0.71074853 0.65541544 0.69037338 0.66886774
1.51573021 0.00000508 0.71074853 0.65541544 0.69037338 0.66886774
1.51573021 0.00000508 0.71074853 0.65541544 0.69037338 0.66886774
1.51573021 0.00000508 0.71074853 0.65541544 0.69037338 0.66886774
1.51573021 0.00000508 0.71074853 0.65541544 0.69037338 0.66886774
1.51573021 0.00000508 0.71074853 0.65541544 0.69037338 0.66886774
1.51573021 0.00000508 0.71074853 0.65541544 0.69037338 0.66886774
1.51573021 0.00000508 0.71074853 0.65541544 0.69037338 0.66886774
1.51573021 0.00000508 0.71074853 0.65541544 0.69037338 0.66886774
1.51573021 0.00000508 0.71074853 0.65541544 0.69037338 0.66886774
1.51573021 0.00000508 0.71074853 0.65541544 0.69037338 0.66886774
1.51573021 0.00000508 0.71074853 0.65541544 0.69037338 0.66886774
1.51573021 0.00000508 0.71074853 0.65541544 0.69037338 0.66886774
1.51573021 0.00000508 0.71074853 0.65541544 0.69037338 0.66886774
1.51573021 0.00000508 0.71074853 0.65541544 0.69037338 0.66886774
1.51573021 0.00000508 0.71074853 0.65541544 0.69037338 0.66886774
1.51573021 0.00000508 0.71074853 0.65541544 0.69037338 0.66886774
1.51573021 0.00000508 0.71074853 0.65541544 0.69037338 0.66886774
1.51573021 0.00000508 0.71074853 0.65541544 0.69037338 0.66886774
1.51573021 0.00000508 0.71074853 0.65541544 0.69037338 0.66886774
1.51573021 0.00000508 0.71074853 0.65541544 0.69037338 0.66886774
1.51573021 0.00000508 0.71074853 0.65541544 0.69037338 0.66886774
1.51573021 0.00000508 0.71074853 0.65541544 0.69037338 0.66886774
1.51573021 0.00000508 0.71074853 0.65541544 0.69037338 0.66886774
1.51573021 0.00000508 0.71074853 0.65541544 0.69037338 0.66886774
1.51573021 0.00000508 0.71074853 0.65541544 0.69037338 0.66886774
1.51573021 0.00000508 0.71074853 0.65541544 0.69037338 0.66886774
1.51573021 0.00000508 0.71074853 0.65541544 0.69037338 0.66886774
1.51573021 0.00000508 0.71074853 0.65541544 0.69037338 0.66886774
1.51573021 0.00000508 0.71074853 0.65541544 0.69037338 0.66886774
1.51573021 0.00000508 0.71074853 0.65541544 0.69037338 0.66886774
1.51573021 0.00000508 0.71074853 0.65541544 0.69037338 0.66886774
1.51573021 0.00000508 0.71074853 0.65541544 0.69037338 0.66886774
1.51573021 0.00000508 0.71074853 0.65541544 0.69037338 0.66886774
1.51573021 0.00000508 0.71074853 0.65541544 0.69037338 0.66886774
1.51573021 0.00000508 0.71074853 0.65541544 0.69037338 0.66886774
1.51573021 0.00000508 0.71074853 0.65541544 0.69037338 0.66886774
1.51573021 0.00000508 0.71074853 0.65541544 0.69037338 0.66886774
1.51573021 0.00000508 0.71074853 0.65541544 0.69037338 0.66886774
1.51573021 0.00000508 0.71074853 0.65541544 0.69037338 0.66886774
1.51573021 0.00000508 0.71074853 0.65541544 0.69037338 0.66886774
1.51573021 0.00000508 0.71074853 0.65541544 0.69037338 0.66886774
1.51573021 0.00000508 0.71074853 0.65541544 0.69037338 0.66886774
1.51573021 0.00000508 0.71074853 0.65541544 0.69037338 0.66886774
1.51573021 0.00000508 0.71074853 0.65541544 0.69037338 0.66886774
1.51573021 0.00000508 0.71074853 0.65541544 0.69037338 0.66886774
1.51573021 0.00000508 0.71074853 0.65541544 0.69037338 0.66886774
1.51573021 0.00000508 0.71074853 0.65541544 0.69037338 0.66886774
1.51573021 0.00000508 0.71074853 0.65541544 0.69037338 0.66886774
1.51573021 0.00000508 0.71074853 0.65541544 0.69037338 0.66886774
1.51573021 0.00000508 0.71074853 0.65541544 0.69037338 0.66886774
1.51573021 0.00000508 0.71074853 0.65541544 0.69037338 0.66886774
1.51573021 0.00000508 0.71074853 0.65541544 0.69037338 0.66886774
1.51573021 0.00000508 0.71074853 0.65541544 0.69037338 0.66886774
1.51573021 0.00000508 0.71074853 0.65541544 0.69037338 0.66886774
1.51573021 0.00000508 0.71074853 0.65541544 0.69037338 0.66886774
1.51573021 0.00000508 0.71074853 0.65541544 0.69037338 0.66886774
1.51573021 0.00000508 0.71074853 0.65541544 0.69037338 0.66886774
1.51573021 0.00000508 0.71074853 0.65541544 0.69037338 0.66886774
1.51573021 0.00000508 0.71074853 0.65541544 0.69037338 0.66886774
1.51573021 0.00000508 0.71074853 0.65541544 0.69037338 0.66886774
1.51573021 0.00000508 0.71074853 0.65541544 0.69037338 0.66886774
1.51573021 0.00000508 0.71074853 0.65541544 0.69037338 0.66886774
1.51573021 0.00000508 0.71074853 0.65541544 0.69037338 0.66886774
1.51573021 0.00000508 0.71074853 0.65541544 0.69037338 0.66886774
1.51573021 0.00000508 0.71074853 0.65541544 0.69037338 0.66886774
1.51573021 0.00000508 0.71074853 0.65541544 0.69037338 0.66886774
1.51573021 0.00000508 0.71074853 0.65541544 0.69037338 0.66886774
1.51573021 0.00000508 0.71074853 0.65541544 0.69037338 0.66886774
1.51573021 0.00000508 0.71074853 0.65541544 0.69037338 0.66886774
1.51573021 0.00000508 0.71074853 0.65541544 0.69037338 0.66886774
1.51573021 0.00000508 0.71074853 0.65541544 0.69037338 0.66886774
1.51573021 0.00000508 0.71074853 0.65541544 0.69037338 0.66886774
1.51573021 0.00000508 0.71074853 0.65541544 0.69037338 0.66886774
1.51573021 0.00000508 0.71074853 0.65541544 0.69037338 0.66886774
1.51573021 0.00000508 0.71074853 0.65541544 0.69037338 0.66886774
1.51573021 0.00000508 0.71074853 0.65541544 0.69037338 0.66886774
1.51573021 0.00000508 0.71074853 0.65541544 0.69037338 0.66886774
1.51573021 0.00000508 0.71074853 0.65541544 0.69037338 0.66886774
1.51573021 0.00000508 0.71074853 0.65541544 0.69037338 0.66886774
1.51573021 0.00000508 0.71074853 0.65541544 0.69037338 0.66886774
1.51573021 0.00000508 0.71074853 0.65541544 0.69037338 0.66886774
1.51573021 0.00000508 0.71074853 0.65541544 0.69037338 0.66886774
1.51573021 0.00000508 0.71074853 0.65541544 0.69037338 0.66886774
1.51573021 0.00000508 0.71074853 0.65541544 0.69037338 0.66886774
1.51573021 0.00000508 0.71074853 0.65541544 0.69037338 0.66886774
1.51573021 0.00000508 0.71074853 0.65541544 0.69037338 0.66886774
1.51573021 0.00000508 0.71074853 0.65541544 0.69037338 0.66886774
1.51573021 0.00000508 0.71074853 0.65541544 0.69037338 0.66886774
1.51573021 0.00000508 0.71074853 0.65541544 0.69037338 0.66886774
1.51573021 0.00000508 0.71074853 0.65541544 0.69037338 0.66886774
1.51573021 0.00000508 0.71074853 0.65541544 0.69037338 0.66886774
1.51573021 0.00000508 0.71074853 0.65541544 0.69037338 0.66886774
1.51573021 0.00000508 0.71074853 0.65541544 0.69037338 0.66886774
1.51573021 0.00000508 0.71074853 0.65541544 0.69037338 0.66886774
1.51573021 0.00000508 0.71074853 0.65541544 0.69037338 0.66886774
1.51573021 0.00000508 0.71074853 0.65541544 0.69037338 0.66886774
1.51573021 0.00000508 0.71074853 0.65541544 0.69037338 0.66886774
1.51573021 0.00000508 0.71074853 0.65541544 0.69037338 0.66886774
1.51573021 0.00000508 0.71074853 0.65541544 0.69037338 0.66886774
1.51573021 0.00000508 0.71074853 0.65541544 0.69037338 0.66886774
1.51573021 0.00000508 0.71074853 0.65541544 0.69037338 0.66886774
1.51573021 0.00000508 0.71074853 0.65541544 0.69037338 0.66886774
1.51573021 0.00000508 0.71074853 0.65541544 0.69037338 0.66886774
1.51573021 0.00000508 0.71074853 0.65541544 0.69037338 0.66886774
1.51573021 0.00000508 0.71074853 0.65541544 0.69037338 0.66886774
1.51573021 0.00000508 0.71074853 0.65541544 0.69037338 0.66886774
1.51573021 0.00000508 0.71074853 0.65541544 0.69037338 0.66886774
1.51573021 0.00000508 0.71074853 0.65541544 0.69037338 0.66886774
1.51573021 0.00000508 0.71074853 0.65541544 0.69037338 0.66886774
1.51573021 0.00000508 0.71074853 0.65541544 0.69037338 0.66886774
1.51573021 0.00000508 0.71074853 0.65541544 0.69037338 0.66886774
1.51573021 0.00000508 0.71074853 0.65541544 0.69037338 0.66886774
1.51573021 0.00000508 0.71074853 0.65541544 0.69037338 0.66886774
1.51573021 0.00000508 0.71074853 0.65541544 0.69037338 0.66886774
1.51573021 0.00000508 0.71074853 0.65541544 0.69037338 0.66886774
1.51573021 0.00000508 0.71074853 0.65541544 0.69037338 0.66886774
1.51573021 0.00000508 0.71074853 0.65541544 0.69037338 0.66886774
1.51573021 0.00000508 0.71074853 0.65541544 0.69037338 0.66886774
1.51573021 0.00000508 0.71074853 0.65541544 0.69037338 0.66886774
1.51573021 0.00000508 0.71074853 0.65541544 0.69037338 0.66886774
1.51573021 0.00000508 0.71074853 0.65541544 0.69037338 0.66886774
1.51573021 0.00000508 0.71074853 0.65541544 0.69037338 0.66886774
1.51573021 0.00000508 0.71074853 0.65541544 0.69037338 0.66886774
1.51573021 0.00000508 0.71074853 0.65541544 0.69037338 0.66886774
1.51573021 0.00000508 0.71074853 0.65541544 0.69037338 0.66886774
1.51573021 0.00000508 0.71074853 0.65541544 0.69037338 0.66886774
1.51573021 0.00000508 0.71074853 0.65541544 0.69037338 0.66886774
1.51573021 0.00000508 0.71074853 0.65541544 0.69037338 0.66886774
1.51573021 0.00000508 0.71074853 0.65541544 0.69037338 0.66886774
1.51573021 0.00000508 0.71074853 0.65541544 0.69037338 0.66886774
1.51573021 0.00000508 0.71074853 0.65541544 0.69037338 0.66886774
1.51573021 0.00000508 0.71074853 0.65541544 0.69037338 0.66886774
1.51573021 0.00000508 0.71074853 0.65541544 0.69037338 0.66886774
1.51573021 0.00000508 0.71074853 0.65541544 0.69037338 0.66886774
1.51573021 0.00000508 0.71074853 0.65541544 0.69037338 0.66886774
1.51573021 0.00000508 0.71074853 0.65541544 0.69037338 0.66886774
1.51573021 0.00000508 0.71074853 0.65541544 0.69037338 0.66886774
1.51573021 0.00000508 0.71074853 0.65541544 0.69037338 0.66886774
1.51573021 0.00000508 0.71074853 0.65541544 0.69037338 0.66886774
1.51573021 0.00000508 0.71074853 0.65541544 0.69037338 0.66886774
1.51573021 0.00000508 0.71074853 0.65541544 0.69037338 0.66886774
1.51573021 0.00000508 0.71074853 0.65541544 0.69037338 0.66886774
1.51573021 0.00000508 0.71074853 0.65541544 0.69037338 0.66886774
1.51573021 0.00000508 0.71074853 0.65541544 0.69037338 0.66886774
1.51573021 0.00000508 0.71074853 0.65541544 0.69037338 0.66886774
1.51573021 0.00000508 0.71074853 0.65541544 0.69037338 0.66886774
1.51573021 0.00000508 0.71074853 0.65541544 0.69037338 0.66886774
1.51573021 0.00000508 0.71074853 0.65541544 0.69037338 0.66886774
1.51573021 0.00000508 0.71074853 0.65541544 0.69037338 0.66886774
1.51573021 0.00000508 0.71074853 0.65541544 0.69037338 0.66886774
1.51573021 0.00000508 0.71074853 0.65541544 0.69037338 0.66886774
1.51573021 0.00000508 0.71074853 0.65541544 0.69037338 0.66886774
1.51573021 0.00000508 0.71074853 0.65541544 0.69037338 0.66886774
1.51573021 0.00000508 0.71074853 0.65541544 0.69037338 0.66886774
1.51573021 0.00000508 0.71074853 0.65541544 0.69037338 0.66886774
1.51573021 0.00000508 0.71074853 0.65541544 0.69037338 0.66886774
1.51573021 0.00000508 0.71074853 0.65541544 0.69037338 0.66886774
1.51573021 0.00000508 0.71074853 0.65541544 0.69037338 0.66886774
1.51573021 0.00000508 0.71074853 0.65541544 0.69037338 0.66886774
1.51573021 0.00000508 0.71074853 0.65541544 0.69037338 0.66886774
1.51573021 0.00000508 0.71074853 0.65541544 0.69037338 0.66886774
1.51573021 0.00000508 0.71074853 0.65541544 0.69037338 0.66886774
1.51573021 0.00000508 0.71074853 0.65541544 0.69037338 0.66886774
1.51573021 0.00000508 0.71074853 0.65541544 0.69037338 0.66886774
1.51573021 0.00000508 0.71074853 0.65541544 0.69037338 0.66886774
1.51573021 0.00000508 0.71074853 0.65541544 0.69037338 0.66886774
1.51573021 0.00000508 0.71074853 0.65541544 0.69037338 0.66886774
1.51573021 0.00000508 0.71074853 0.65541544 0.69037338 0.66886774
1.51573021 0.00000508 0.71074853 0.65541544 0.69037338 0.66886774
1.51573021 0.00000508 0.71074853 0.65541544 0.69037338 0.66886774
1.51573021 0.00000508 0.71074853 0.65541544 0.69037338 0.66886774
1.51573021 0.00000508 0.71074853 0.65541544 0.69037338 0.66886774
1.51573021 0.00000508 0.71074853 0.65541544 0.69037338 0.66886774
1.51573021 0.00000508 0.71074853 0.65541544 0.69037338 0.66886774
1.51573021 0.00000508 0.71074853 0.65541544 0.69037338 0.66886774
1.51573021 0.00000508 0.71074853 0.65541544 0.69037338 0.66886774
1.51573021 0.00000508 0.71074853 0.65541544 0.69037338 0.66886774
1.51573021 0.00000508 0.71074853 0.65541544 0.69037338 0.66886774
1.51573021 0.00000508 0.71074853 0.65541544 0.69037338 0.66886774
1.51573021 0.00000508 0.71074853 0.65541544 0.69037338 0.66886774
1.51573021 0.00000508 0.71074853 0.65541544 0.69037338 0.66886774
1.51573021 0.00000508 0.71074853 0.65541544 0.69037338 0.66886774
1.51573021 0.00000508 0.71074853 0.65541544 0.69037338 0.66886774
1.51573021 0.00000508 0.71074853 0.65541544 0.69037338 0.66886774
1.51573021 0.00000508 0.71074853 0.65541544 0.69037338 0.66886774
1.51573021 0.00000508 0.71074853 0.65541544 0.69037338 0.66886774
1.51573021 0.00000508 0.71074853 0.65541544 0.69037338 0.66886774
1.51573021 0.00000508 0.71074853 0.65541544 0.69037338 0.66886774
1.51573021 0.00000508 0.71074853 0.65541544 0.69037338 0.66886774
1.51573021 0.00000508 0.71074853 0.65541544 0.69037338 0.66886774
1.51573021 0.00000508 0.71074853 0.65541544 0.69037338 0.66886774
1.51573021 0.00000508 0.71074853 0.65541544 0.69037338 0.66886774
1.51573021 0.00000508 0.71074853 0.65541544 0.69037338 0.66886774
1.51573021 0.00000508 0.71074853 0.65541544 0.69037338 0.66886774
1.51573021 0.00000508 0.71074853 0.65541544 0.69037338 0.66886774
1.51573021 0.00000508 0.71074853 0.65541544 0.69037338 0.66886774
1.51573021 0.00000508 0.71074853 0.65541544 0.69037338 0.66886774
1.51573021 0.00000508 0.71074853 0.65541544 0.69037338 0.66886774
1.51573021 0.00000508 0.71074853 0.65541544 0.69037338 0.66886774
1.51573021 0.00000508 0.71074853 0.65541544 0.69037338 0.66886774
1.51573021 0.00000508 0.71074853 0.65541544 0.69037338 0.66886774
1.51573021 0.00000508 0.71074853 0.65541544 0.69037338 0.66886774
1.51573021 0.00000508 0.71074853 0.65541544 0.69037338 0.66886774
1.51573021 0.00000508 0.71074853 0.65541544 0.69037338 0.66886774
1.51573021 0.00000508 0.71074853 0.65541544 0.69037338 0.66886774
1.51573021 0.00000508 0.71074853 0.65541544 0.69037338 0.66886774
1.51573021 0.00000508 0.71074853 0.65541544 0.69037338 0.66886774
1.51573021 0.00000508 0.71074853 0.65541544 0.69037338 0.66886774
1.51573021 0.00000508 0.71074853 0.65541544 0.69037338 0.66886774
1.51573021 0.00000508 0.71074853 0.65541544 0.69037338 0.66886774
1.51573021 0.00000508 0.71074853 0.65541544 0.69037338 0.66886774
1.51573021 0.00000508 0.71074853 0.65541544 0.69037338 0.66886774
1.51573021 0.00000508 0.71074853 0.65541544 0.69037338 0.66886774
1.51573021 0.00000508 0.71074853 0.65541544 0.69037338 0.66886774
1.51573021 0.00000508 0.71074853 0.65541544 0.69037338 0.66886774
1.51573021 0.00000508 0.71074853 0.65541544 0.69037338 0.66886774
1.51573021 0.00000508 0.71074853 0.65541544 0.69037338 0.66886774
1.51573021 0.00000508 0.71074853 0.65541544 0.69037338 0.66886774
1.51573021 0.00000508 0.71074853 0.65541544 0.69037338 0.66886774
1.51573021 0.00000508 0.71074853 0.65541544 0.69037338 0.66886774
1.51573021 0.00000508 0.71074853 0.65541544 0.69037338 0.66886774
1.51573021 0.00000508 0.71074853 0.65541544 0.69037338 0.66886774
1.51573021 0.00000508 0.71074853 0.65541544 0.69037338 0.66886774
1.51573021 0.00000508 0.71074853 0.65541544 0.69037338 0.66886774
1.51573021 0.00000508 0.71074853 0.65541544 0.69037338 0.66886774
1.51573021 0.00000508 0.71074853 0.65541544 0.69037338 0.66886774
1.51573021 0.00000508 0.71074853 0.65541544 0.69037338 0.66886774
1.51573021 0.00000508 0.71074853 0.65541544 0.69037338 0.66886774
1.51573021 0.00000508 0.71074853 0.65541544 0.69037338 0.66886774
1.51573021 0.00000508 0.71074853 0.65541544 0.69037338 0.66886774
1.51573021 0.00000508 0.71074853 0.65541544 0.69037338 0.66886774
1.51573021 0.00000508 0.71074853 0.65541544 0.69037338 0.66886774
1.51573021 0.00000508 0.71074853 0.65541544 0.69037338 0.66886774
1.51573021 0.00000508 0.71074853 0.65541544 0.69037338 0.66886774
1.51573021 0.00000508 0.71074853 0.65541544 0.69037338 0.66886774
1.51573021 0.00000508 0.71074853 0.65541544 0.69037338 0.66886774
1.51573021 0.00000508 0.71074853 0.65541544 0.69037338 0.66886774
1.51573021 0.00000508 0.71074853 0.65541544 0.69037338 0.66886774
1.51573021 0.00000508 0.71074853 0.65541544 0.69037338 0.66886774
1.51573021 0.00000508 0.71074853 0.65541544 0.69037338 0.66886774
1.51573021 0.00000508 0.71074853 0.65541544 0.69037338 0.66886774
1.51573021 0.00000508 0.71074853 0.65541544 0.69037338 0.66886774
1.51573021 0.00000508 0.71074853 0.65541544 0.69037338 0.66886774
1.51573021 0.00000508 0.71074853 0.65541544 0.69037338 0.66886774
1.51573021 0.00000508 0.71074853 0.65541544 0.69037338 0.66886774
1.51573021 0.00000508 0.71074853 0.65541544 0.69037338 0.66886774
1.51573021 0.00000508 0.71074853 0.65541544 0.69037338 0.66886774
1.51573021 0.00000508 0.71074853 0.65541544 0.69037338 0.66886774
1.51573021 0.00000508 0.71074853 0.65541544 0.69037338 0.66886774
1.51573021 0.00000508 0.71074853 0.65541544 0.69037338 0.66886774
1.51573021 0.00000508 0.71074853 0.65541544 0.69037338 0.66886774
1.51573021 0.00000508 0.71074853 0.65541544 0.69037338 0.66886774
1.51573021 0.00000508 0.71074853 0.65541544 0.69037338 0.66886774
1.51573021 0.00000508 0.71074853 0.65541544 0.69037338 0.66886774
1.51573021 0.00000508 0.71074853 0.65541544 0.69037338 0.66886774
1.51573021 0.00000508 0.71074853 0.65541544 0.69037338 0.66886774
1.51573021 0.00000508 0.71074853 0.65541544 0.69037338 0.66886774
1.51573021 0.00000508 0.71074853 0.65541544 0.69037338 0.66886774
1.51573021 0.00000508 0.71074853 0.65541544 0.69037338 0.66886774
1.51573021 0.00000508 0.71074853 0.65541544 0.69037338 0.66886774
1.51573021 0.00000508 0.71074853 0.65541544 0.69037338 0.66886774
1.51573021 0.00000508 0.71074853 0.65541544 0.69037338 0.66886774
1.51573021 0.00000508 0.71074853 0.65541544 0.69037338 0.66886774
1.51573021 0.00000508 0.71074853 0.65541544 0.69037338 0.66886774
1.51573021 0.00000508 0.71074853 0.65541544 0.69037338 0.66886774
1.51573021 0.00000508 0.71074853 0.65541544 0.69037338 0.66886774
1.51573021 0.00000508 0.71074853 0.65541544 0.69037338 0.66886774
1.51573021 0.00000508 0.71074853 0.65541544 0.69037338 0.66886774
1.51573021 0.00000508 0.71074853 0.65541544 0.69037338 0.66886774
1.51573021 0.00000508 0.71074853 0.65541544 0.69037338 0.66886774
1.51573021 0.00000508 0.71074853 0.65541544 0.69037338 0.66886774
1.51573021 0.00000508 0.71074853 0.65541544 0.69037338 0.66886774
1.51573021 0.00000508 0.71074853 0.65541544 0.69037338 0.66886774
1.51573021 0.00000508 0.71074853 0.65541544 0.69037338 0.66886774
1.51573021 0.00000508 0.71074853 0.65541544 0.69037338 0.66886774
1.51573021 0.00000508 0.71074853 0.65541544 0.69037338 0.66886774
1.51573021 0.00000508 0.71074853 0.65541544 0.69037338 0.66886774
1.51573021 0.00000508 0.71074853 0.65541544 0.69037338 0.66886774
1.51573021 0.00000508 0.71074853 0.65541544 0.69037338 0.66886774
1.51573021 0.00000508 0.71074853 0.65541544 0.69037338 0.66886774
1.51573021 0.00000508 0.71074853 0.65541544 0.69037338 0.66886774
1.51573021 0.00000508 0.71074853 0.65541544 0.69037338 0.66886774
1.51573021 0.00000508 0.71074853 0.65541544 0.69037338 0.66886774
1.51573021 0.00000508 0.71074853 0.65541544 0.69037338 0.66886774
1.51573021 0.00000508 0.71074853 0.65541544 0.69037338 0.66886774
1.51573021 0.00000508 0.71074853 0.65541544 0.69037338 0.66886774
1.51573021 0.00000508 0.71074853 0.65541544 0.69037338 0.66886774
1.51573021 0.00000508 0.71074853 0.65541544 0.69037338 0.66886774
1.51573021 0.00000508 0.71074853 0.65541544 0.69037338 0.66886774
1.51573021 0.00000508 0.71074853 0.65541544 0.69037338 0.66886774
1.51573021 0.00000508 0.71074853 0.65541544 0.69037338 0.66886774
1.51573021 0.00000508 0.71074853 0.65541544 0.69037338 0.66886774
1.51573021 0.00000508 0.71074853 0.65541544 0.69037338 0.66886774
1.51573021 0.00000508 0.71074853 0.65541544 0.69037338 0.66886774
1.51573021 0.00000508 0.71074853 0.65541544 0.69037338 0.66886774
1.51573021 0.00000508 0.71074853 0.65541544 0.69037338 0.66886774
1.51573021 0.00000508 0.71074853 0.65541544 0.69037338 0.66886774
1.51573021 0.00000508 0.71074853 0.65541544 0.69037338 0.66886774
1.51573021 0.00000508 0.71074853 0.65541544 0.69037338 0.66886774
1.51573021 0.00000508 0.71074853 0.65541544 0.69037338 0.66886774
1.51573021 0.00000508 0.71074853 0.65541544 0.69037338 0.66886774
1.51573021 0.00000508 0.71074853 0.65541544 0.69037338 0.66886774
1.51573021 0.00000508 0.71074853 0.65541544 0.69037338 0.66886774
1.51573021 0.00000508 0.71074853 0.65541544 0.69037338 0.66886774
1.51573021 0.00000508 0.71074853 0.65541544 0.69037338 0.66886774
1.51573021 0.00000508 0.71074853 0.65541544 0.69037338 0.66886774
1.51573021 0.00000508 0.71074853 0.65541544 0.69037338 0.66886774
1.51573021 0.00000508 0.71074853 0.65541544 0.69037338 0.66886774
1.51573021 0.00000508 0.71074853 0.65541544 0.69037338 0.66886774
1.51573021 0.00000508 0.71074853 0.65541544 0.69037338 0.66886774
1.51573021 0.00000508 0.71074853 0.65541544 0.69037338 0.66886774
1.51573021 0.00000508 0.71074853 0.65541544 0.69037338 0.66886774
1.51573021 0.00000508 0.71074853 0.65541544 0.69037338 0.66886774
1.51573021 0.00000508 0.71074853 0.65541544 0.69037338 0.66886774
1.51573021 0.00000508 0.71074853 0.65541544 0.69037338 0.66886774
1.51573021 0.00000508 0.71074853 0.65541544 0.69037338 0.66886774
1.51573021 0.00000508 0.71074853 0.65541544 0.69037338 0.66886774
1.51573021 0.00000508 0.71074853 0.65541544 0.69037338 0.66886774
1.51573021 0.00000508 0.71074853 0.65541544 0.69037338 0.66886774
1.51573021 0.00000508 0.71074853 0.65541544 0.69037338 0.66886774
1.51573021 0.00000508 0.71074853 0.65541544 0.69037338 0.66886774
1.51573021 0.00000508 0.71074853 0.65541544 0.69037338 0.66886774
1.51573021 0.00000508 0.71074853 0.65541544 0.69037338 0.66886774
1.51573021 0.00000508 0.71074853 0.65541544 0.69037338 0.66886774
1.51573021 0.00000508 0.71074853 0.65541544 0.69037338 0.66886774
1.51573021 0.00000508 0.71074853 0.65541544 0.69037338 0.66886774
1.51573021 0.00000508 0.71074853 0.65541544 0.69037338 0.66886774
1.51573021 0.00000508 0.71074853 0.65541544 0.69037338 0.66886774
1.51573021 0.00000508 0.71074853 0.65541544 0.69037338 0.66886774
1.51573021 0.00000508 0.71074853 0.65541544 0.69037338 0.66886774
1.51573021 0.00000508 0.71074853 0.65541544 0.69037338 0.66886774
1.51573021 0.00000508 0.71074853 0.65541544 0.69037338 0.66886774
1.51573021 0.00000508 0.71074853 0.65541544 0.69037338 0.66886774
1.51573021 0.00000508 0.71074853 0.65541544 0.69037338 0.66886774
1.51573021 0.00000508 0.71074853 0.65541544 0.69037338 0.66886774
1.51573021 0.00000508 0.71074853 0.65541544 0.69037338 0.66886774
1.51573021 0.00000508 0.71074853 0.65541544 0.69037338 0.66886774
1.51573021 0.00000508 0.71074853 0.65541544 0.69037338 0.66886774
1.51573021 0.00000508 0.71074853 0.65541544 0.69037338 0.66886774
1.51573021 0.00000508 0.71074853 0.65541544 0.69037338 0.66886774
1.51573021 0.00000508 0.71074853 0.65541544 0.69037338 0.66886774
1.51573021 0.00000508 0.71074853 0.65541544 0.69037338 0.66886774
