0.00000000 0.00000000 0.00000000 0.00000000 0.00000000 0.00000000
0.00000000 0.00000000 0.00000000 0.00000000 0.00000000 0.00000000
0.00000000 0.00000000 0.00000000 0.00000000 0.00000000 0.00000000
0.00000000 0.00000000 0.00000000 0.00000000 0.00000000 0.00000000
0.00000000 0.00000000 0.00000000 0.00000000 0.00000000 0.00000000
0.00000000 0.00000000 0.00000000 0.00000000 0.00000000 0.00000000
0.00000000 0.00000000 0.00000000 0.00000000 0.00000000 0.00000000
0.00000000 0.00000000 0.00000000 0.00000000 0.00000000 0.00000000
0.00000000 0.00000000 0.00000000 0.00000000 0.00000000 0.00000000
0.00000000 0.00000000 0.00000000 0.00000000 0.00000000 0.00000000
0.00000000 0.00000000 0.00000000 0.00000000 0.00000000 0.00000000
0.85579759 0.00000477 0.25065083 0.21202676 0.83491655 0.15321898
0.85579759 0.00000477 0.25065083 0.21202676 0.83491655 0.15321898
0.85579759 0.00000477 0.25065083 0.21202676 0.83491655 0.15321898
0.85579759 0.00000477 0.25065083 0.21202676 0.83491655 0.15321898
0.85579759 0.00000477 0.25065083 0.21202676 0.83491655 0.15321898
1.13194202 0.00000488 0.28792814 0.18848790 0.88022797 0.11772710
1.13194202 0.00000488 0.28792814 0.18848790 0.88022797 0.11772710
1.13852784 0.00000484 0.21929990 0.23249177 0.80711222 0.11954628
1.13852784 0.00000484 0.21929990 0.23249177 0.80711222 0.11954628
1.13852784 0.00000484 0.21929990 0.23249177 0.80711222 0.11954628
1.13852784 0.00000484 0.21929990 0.23249177 0.80711222 0.11954628
1.13852784 0.00000484 0.21929990 0.23249177 0.80711222 0.11954628
1.13852784 0.00000484 0.21929990 0.23249177 0.80711222 0.11954628
1.13852784 0.00000484 0.21929990 0.23249177 0.80711222 0.11954628
1.13852784 0.00000484 0.21929990 0.23249177 0.80711222 0.11954628
1.13852784 0.00000484 0.21929990 0.23249177 0.80711222 0.11954628
1.13852784 0.00000484 0.21929990 0.23249177 0.80711222 0.11954628
1.13852784 0.00000484 0.21929990 0.23249177 0.80711222 0.11954628
1.13852784 0.00000484 0.21929990 0.23249177 0.80711222 0.11954628
1.13852784 0.00000484 0.21929990 0.23249177 0.80711222 0.11954628
1.13852784 0.00000484 0.21929990 0.23249177 0.80711222 0.11954628
1.13852784 0.00000484 0.21929990 0.23249177 0.80711222 0.11954628
1.13852784 0.00000484 0.21929990 0.23249177 0.80711222 0.11954628
1.13852784 0.00000484 0.21929990 0.23249177 0.80711222 0.11954628
1.13852784 0.00000484 0.21929990 0.23249177 0.80711222 0.11954628
1.13852784 0.00000484 0.21929990 0.23249177 0.80711222 0.11954628
1.13852784 0.00000484 0.21929990 0.23249177 0.80711222 0.11954628
1.13852784 0.00000484 0.21929990 0.23249177 0.80711222 0.11954628
1.13852784 0.00000484 0.21929990 0.23249177 0.80711222 0.11954628
1.13852784 0.00000484 0.21929990 0.23249177 0.80711222 0.11954628
1.13852784 0.00000484 0.21929990 0.23249177 0.80711222 0.11954628
1.13852784 0.00000484 0.21929990 0.23249177 0.80711222 0.11954628
1.13852784 0.00000484 0.21929990 0.23249177 0.80711222 0.11954628
1.13852784 0.00000484 0.21929990 0.23249177 0.80711222 0.11954628
1.13852784 0.00000484 0.21929990 0.23249177 0.80711222 0.11954628
1.13852784 0.00000484 0.21929990 0.23249177 0.80711222 0.11954628
1.13852784 0.00000484 0.21929990 0.23249177 0.80711222 0.11954628
1.13852784 0.00000484 0.21929990 0.23249177 0.80711222 0.11954628
1.13852784 0.00000484 0.21929990 0.19175114 0.80711222 0.09727928
1.13852784 0.00000484 0.21929990 0.19175114 0.80711222 0.09727928
1.13852784 0.00000484 0.21929990 0.19175114 0.80711222 0.09727928
1.13852784 0.00000484 0.21929990 0.19175114 0.80711222 0.09727928
1.13852784 0.00000484 0.21929990 0.19175114 0.80711222 0.09727928
1.13852784 0.00000484 0.21929990 0.19175114 0.80711222 0.09727928
1.83651240 0.00000484 0.02674757 0.40808796 0.96416206 0.09727928
2.38683790 0.00000484 0.35908255 0.59385944 0.96416206 0.07520873
2.38683790 0.00000484 0.35908255 0.59385944 0.96416206 0.07520873
2.38683790 0.00000484 0.35908255 0.59385944 0.96416206 0.07520873
2.38683790 0.00000484 0.35908255 0.59385944 0.96416206 0.07520873
2.38683790 0.00000484 0.35908255 0.59385944 0.96416206 0.07520873
2.38683790 0.00000484 0.55296589 0.87398955 0.96416206 0.11122665
2.38683790 0.00000484 0.55296589 0.87398955 0.96416206 0.11122665
2.38683790 0.00000484 0.55296589 0.87398955 0.96416206 0.11122665
2.38683790 0.00000484 0.55296589 0.87398955 0.96416206 0.11122665
2.38683790 0.00000484 0.55296589 0.87398955 0.96416206 0.11122665
2.38683790 0.00000484 0.55296589 0.87398955 0.96416206 0.11122665
2.38683790 0.00000484 0.55296589 0.87398955 0.96416206 0.11122665
2.38683790 0.00000484 0.55296589 0.87398955 0.96416206 0.11122665
2.38683790 0.00000484 0.55296589 0.87398955 0.96416206 0.11122665
2.38683790 0.00000484 0.51950516 1.00078582 0.96416206 0.25296346
2.38683790 0.00000484 0.51950516 1.00078582 0.96416206 0.25296346
2.38683790 0.00000484 0.51950516 1.00078582 0.96416206 0.25296346
2.38683790 0.00000484 0.51950516 1.00078582 0.96416206 0.25296346
2.38683790 0.00000484 0.51950516 1.00078582 0.96416206 0.25296346
2.38683790 0.00000484 0.51950516 1.00078582 0.96416206 0.25296346
1.70340123 0.00000484 0.71598729 1.17249570 0.69925134 0.19859350
1.70340123 0.00000484 0.71598729 1.17249570 0.69925134 0.19859350
1.70340123 0.00000484 0.71598729 1.17249570 0.69925134 0.19859350
1.70340123 0.00000484 0.71598729 1.17249570 0.69925134 0.19859350
1.70340123 0.00000484 0.71598729 1.17249570 0.69925134 0.19859350
1.70340123 0.00000484 0.71598729 1.17249570 0.69925134 0.19859350
1.70340123 0.00000484 0.71598729 1.17249570 0.69925134 0.03437626
1.70340123 0.00000484 0.71598729 1.17249570 0.69925134 0.03437626
1.70340123 0.00000484 0.71598729 1.17249570 0.69925134 0.03437626
1.70340123 0.00000484 0.71598729 1.17249570 0.69925134 0.03437626
1.70340123 0.00000484 0.71598729 1.17249570 0.69925134 0.03437626
1.70340123 0.00000484 0.71598729 1.17249570 0.69925134 0.03437626
1.70340123 0.00000484 0.71598729 1.17249570 0.69925134 0.03437626
1.70340123 0.00000484 0.71598729 1.17249570 0.69925134 0.03437626
1.70340123 0.00000484 0.71598729 1.17249570 0.69925134 0.03437626
1.70340123 0.00000484 0.71598729 1.17249570 0.69925134 0.03437626
1.70340123 0.00000484 0.71598729 1.17249570 0.69925134 0.03437626
1.70340123 0.00000484 0.71598729 1.17249570 0.69925134 0.03437626
1.70340123 0.00000484 0.71598729 1.17249570 0.69925134 0.03437626
1.70340123 0.00000484 0.71598729 1.17249570 0.69925134 0.03437626
1.70340123 0.00000484 0.71598729 1.17249570 0.69925134 0.03437626
1.70340123 0.00000484 0.71598729 1.17249570 0.69925134 0.03437626
1.70340123 0.00000484 0.71598729 1.17249570 0.69925134 0.03437626
1.70340123 0.00000484 0.71598729 1.17249570 0.69925134 0.03437626
1.70340123 0.00000484 0.71598729 1.17249570 0.69925134 0.03437626
1.70340123 0.00000484 0.71598729 1.17249570 0.69925134 0.03437626
1.70340123 0.00000484 0.71598729 1.17249570 0.69925134 0.03437626
1.70340123 0.00000484 0.71598729 1.17249570 0.69925134 0.03437626
1.70340123 0.00000484 0.71598729 1.17249570 0.69925134 0.03437626
1.70340123 0.00000484 0.71598729 1.17249570 0.69925134 0.03437626
1.70340123 0.00000484 0.71598729 1.17249570 0.69925134 0.03437626
1.70340123 0.00000484 0.71598729 1.17249570 0.69925134 0.03437626
1.70340123 0.00000484 0.71598729 1.17249570 0.69925134 0.03437626
1.70340123 0.00000484 0.71598729 1.17249570 0.69925134 0.03437626
1.70340123 0.00000484 0.71598729 1.17249570 0.69925134 0.03437626
1.70340123 0.00000484 0.71598729 1.17249570 0.69925134 0.03437626
1.70340123 0.00000484 0.71598729 1.17249570 0.69925134 0.03437626
1.70340123 0.00000484 0.71598729 1.17249570 0.69925134 0.03437626
1.70340123 0.00000484 0.71598729 1.17249570 0.69925134 0.03437626
1.70340123 0.00000484 0.71598729 1.70872786 0.69925134 0.25123268
1.70340123 0.00000484 0.71598729 1.70872786 0.69925134 0.50225913
1.70340123 0.00000484 0.71598729 1.70872786 0.69925134 0.50225913
1.70340123 0.00000484 0.71598729 1.70872786 0.69925134 0.50225913
1.70340123 0.00000484 0.71598729 1.70872786 0.69925134 0.50225913
1.70340123 0.00000484 0.71598729 1.70872786 0.69925134 0.50225913
1.70340123 0.00000484 0.71598729 1.70872786 0.69925134 0.50225913
1.70340123 0.00000484 0.71598729 1.70872786 0.69925134 0.50225913
1.70340123 0.00000484 0.71598729 1.70872786 0.69925134 0.50225913
1.70340123 0.00000484 0.71598729 1.70872786 0.69925134 0.50225913
1.70340123 0.00000484 0.71598729 1.70872786 0.69925134 0.50225913
1.70340123 0.00000484 0.71598729 1.70872786 0.69925134 0.50225913
1.70340123 0.00000484 0.71598729 1.70872786 0.69925134 0.50225913
1.70340123 0.00000484 0.71598729 1.70872786 0.69925134 0.50225913
1.70340123 0.00000484 0.71598729 1.70872786 0.69925134 0.50225913
1.70340123 0.00000484 0.71598729 1.70872786 0.69925134 0.50225913
1.70340123 0.00000484 0.71598729 1.70872786 0.69925134 0.50225913
1.70340123 0.00000484 0.71598729 1.70872786 0.69925134 0.50225913
1.70340123 0.00000484 0.71598729 1.70872786 0.69925134 0.50225913
1.70340123 0.00000484 0.71598729 1.70872786 0.69925134 0.81698401
1.70340123 0.00000484 0.71598729 1.70872786 0.69925134 0.81698401
1.70340123 0.00000484 0.71598729 1.70872786 0.69925134 0.81698401
1.70340123 0.00000484 0.71598729 1.70872786 0.69925134 0.81698401
1.70340123 0.00000484 0.71598729 1.70872786 0.69925134 0.81698401
1.70340123 0.00000484 0.71598729 1.70872786 0.69925134 0.81698401
1.70340123 0.00000484 0.71598729 1.70872786 0.69925134 0.81698401
1.70340123 0.00000484 0.71598729 1.70872786 0.69925134 0.81698401
1.98116213 0.00000484 0.77960545 1.06195100 0.69925134 0.95763534
1.98116213 0.00000484 0.77960545 1.06195100 0.69925134 0.95763534
1.98116213 0.00000484 0.77960545 1.06195100 0.66767633 0.95763534
1.98116213 0.00000484 0.77960545 1.06195100 0.66767633 0.95763534
1.98116213 0.00000484 0.04295738 1.06195100 0.25774143 0.91440524
1.98116213 0.00000484 0.04295738 1.06195100 0.25774143 0.91440524
1.98116213 0.00000484 0.04295738 1.06195100 0.25774143 0.91440524
1.98116213 0.00000484 0.04295738 1.06195100 0.25774143 0.91440524
1.98116213 0.00000484 0.04295738 1.06195100 0.25774143 0.91440524
1.98116213 0.00000484 0.04295738 1.06195100 0.25774143 0.91440524
1.98116213 0.00000484 0.04295738 1.06195100 0.25774143 0.91440524
1.98116213 0.00000484 0.04295738 1.06195100 0.25774143 0.91440524
1.98116213 0.00000484 0.04295738 1.06195100 0.25774143 0.91440524
1.98116213 0.00000484 0.04295738 1.06195100 0.25774143 0.91440524
1.98116213 0.00000484 0.04295738 1.06195100 0.25774143 0.91440524
1.98116213 0.00000484 0.04295738 1.06195100 0.25774143 0.91440524
1.98116213 0.00000484 0.04295738 1.06195100 0.25774143 0.91440524
1.98116213 0.00000484 0.04295738 1.06195100 0.25774143 0.91440524
1.98116213 0.00000484 0.04295738 1.06195100 0.25774143 0.91440524
1.98116213 0.00000484 0.04295738 1.06195100 0.25774143 0.91440524
1.98116213 0.00000484 0.04295738 1.06195100 0.25774143 0.91440524
1.98116213 0.00000484 0.04295738 1.06195100 0.25774143 0.91440524
1.98116213 0.00000484 0.04295738 1.06195100 0.25774143 0.91440524
1.98116213 0.00000484 0.04295738 1.06195100 0.25774143 0.91440524
1.98116213 0.00000484 0.04295738 1.06195100 0.25774143 0.91440524
1.98116213 0.00000484 0.04295738 1.06195100 0.25774143 0.91440524
1.98116213 0.00000484 0.04295738 1.06195100 0.25774143 0.91440524
1.98116213 0.00000484 0.04295738 1.06195100 0.25774143 0.91440524
1.98116213 0.00000484 0.04295738 1.06195100 0.25774143 0.91440524
1.98116213 0.00000484 0.04295738 1.06195100 0.25774143 0.91440524
1.98116213 0.00000484 0.04295738 1.06195100 0.25774143 0.91440524
1.98116213 0.00000484 0.04295738 1.06195100 0.25774143 0.91440524
1.98116213 0.00000484 0.04295738 1.06195100 0.25774143 0.91440524
1.98116213 0.00000484 0.04295738 1.06195100 0.25774143 0.91440524
1.98116213 0.00000484 0.04295738 1.06195100 0.25774143 0.91440524
1.98116213 0.00000484 0.04295738 1.06195100 0.25774143 0.91440524
1.98116213 0.00000484 0.04295738 1.06195100 0.25774143 0.91440524
1.98116213 0.00000484 0.04295738 1.06195100 0.25774143 0.91440524
1.98116213 0.00000484 0.04295738 1.06195100 0.25774143 0.91440524
1.98116213 0.00000484 0.04295738 1.06195100 0.25774143 0.91440524
1.98116213 0.00000484 0.04295738 1.06195100 0.25774143 0.91440524
1.98116213 0.00000484 0.04295738 1.06195100 0.25774143 0.91440524
1.98116213 0.00000484 0.04295738 1.06195100 0.25774143 0.91440524
1.98116213 0.00000484 0.04295738 1.06195100 0.25774143 0.91440524
1.98116213 0.00000484 0.04295738 1.06195100 0.25774143 0.91440524
1.98116213 0.00000484 0.04295738 1.06195100 0.25774143 0.91440524
1.98116213 0.00000484 0.04295738 1.06195100 0.25774143 0.91440524
1.98116213 0.00000484 0.04295738 1.06195100 0.25774143 0.91440524
1.98116213 0.00000484 0.04295738 1.06195100 0.25774143 0.91440524
1.98116213 0.00000484 0.04295738 1.06195100 0.25774143 0.91440524
1.98116213 0.00000484 0.04295738 1.06195100 0.25774143 0.91440524
1.98116213 0.00000484 0.04295738 1.06195100 0.25774143 0.91440524
1.98116213 0.00000484 0.04295738 1.06195100 0.25774143 0.91440524
1.98116213 0.00000484 0.04295738 1.06195100 0.25774143 0.91440524
1.98116213 0.00000484 0.04295738 1.06195100 0.25774143 0.91440524
1.98116213 0.00000484 0.04295738 1.06195100 0.25774143 0.91440524
1.98116213 0.00000484 0.04295738 1.06195100 0.25774143 0.91440524
1.98116213 0.00000484 0.04295738 1.06195100 0.25774143 0.91440524
1.98116213 0.00000484 0.04295738 1.06195100 0.25774143 0.91440524
1.98116213 0.00000484 0.04295738 1.06195100 0.25774143 0.91440524
1.98116213 0.00000484 0.04295738 1.06195100 0.25774143 0.91440524
1.98116213 0.00000484 0.04295738 1.06195100 0.25774143 0.91440524
1.98116213 0.00000484 0.04295738 1.06195100 0.25774143 0.91440524
1.98116213 0.00000484 0.04295738 1.06195100 0.25774143 0.91440524
1.98116213 0.00000484 0.04295738 1.06195100 0.25774143 0.91440524
1.98116213 0.00000484 0.04295738 1.06195100 0.25774143 0.91440524
1.98116213 0.00000484 0.04295738 1.06195100 0.25774143 0.91440524
1.98116213 0.00000484 0.04295738 1.06195100 0.25774143 0.91440524
1.98116213 0.00000484 0.04295738 1.06195100 0.25774143 0.91440524
1.98116213 0.00000484 0.04295738 1.06195100 0.25774143 0.91440524
1.98116213 0.00000484 0.04295738 1.06195100 0.25774143 0.91440524
1.98116213 0.00000484 0.04295738 1.06195100 0.25774143 0.91440524
1.98116213 0.00000484 0.04295738 1.06195100 0.25774143 0.91440524
1.98116213 0.00000484 0.04295738 1.06195100 0.25774143 0.91440524
1.98116213 0.00000484 0.04295738 1.06195100 0.25774143 0.91440524
1.98116213 0.00000484 0.04295738 1.06195100 0.25774143 0.91440524
1.98116213 0.00000484 0.04295738 1.06195100 0.25774143 0.91440524
1.98116213 0.00000484 0.04295738 1.06195100 0.25774143 0.91440524
1.98116213 0.00000484 0.04295738 1.06195100 0.25774143 0.91440524
1.98116213 0.00000484 0.04295738 1.06195100 0.25774143 0.91440524
1.98116213 0.00000484 0.04295738 1.06195100 0.25774143 0.91440524
1.98116213 0.00000484 0.04295738 1.06195100 0.25774143 0.91440524
1.98116213 0.00000484 0.04295738 1.06195100 0.25774143 0.91440524
1.98116213 0.00000484 0.04295738 1.06195100 0.25774143 0.91440524
1.98116213 0.00000484 0.04295738 1.06195100 0.25774143 0.91440524
1.98116213 0.00000484 0.04295738 1.06195100 0.25774143 0.91440524
1.98116213 0.00000484 0.04295738 1.06195100 0.25774143 0.91440524
1.98116213 0.00000484 0.04295738 1.06195100 0.25774143 0.91440524
1.98116213 0.00000484 0.04295738 1.06195100 0.25774143 0.91440524
1.98116213 0.00000484 0.04295738 1.06195100 0.25774143 0.91440524
1.98116213 0.00000484 0.04295738 1.06195100 0.25774143 0.91440524
1.98116213 0.00000484 0.04295738 1.06195100 0.25774143 0.91440524
1.98116213 0.00000484 0.04295738 1.06195100 0.25774143 0.91440524
1.98116213 0.00000484 0.04295738 1.06195100 0.25774143 0.91440524
1.98116213 0.00000484 0.04295738 1.35554878 0.66799268 0.28532746
1.98116213 0.00000484 0.04295738 1.35554878 0.66799268 0.28532746
1.98116213 0.00000484 0.04295738 1.35554878 0.66799268 0.28532746
1.98116213 0.00000484 0.04295738 1.35554878 0.66799268 0.28532746
1.98116213 0.00000484 0.04295738 1.35554878 0.66799268 0.28532746
1.98116213 0.00000484 0.04295738 1.35554878 0.66799268 0.28532746
1.98116213 0.00000484 0.04295738 1.35554878 0.66799268 0.28532746
1.98116213 0.00000484 0.04295738 1.35554878 0.66799268 0.28532746
1.98116213 0.00000484 0.04295738 1.35554878 0.66799268 0.28532746
1.98116213 0.00000484 0.04295738 1.35554878 0.66799268 0.28532746
1.98116213 0.00000484 0.04295738 1.35554878 0.66799268 0.28532746
1.98116213 0.00000484 0.04295738 1.35554878 0.66799268 0.28532746
1.98116213 0.00000484 0.04295738 1.35554878 0.66799268 0.28532746
1.98116213 0.00000484 0.04295738 1.35554878 0.66799268 0.28532746
1.98116213 0.00000484 0.04295738 1.47053635 0.92694650 0.44024391
1.98116213 0.00000484 0.04295738 1.47053635 0.92694650 0.44024391
1.98116213 0.00000484 0.04295738 1.47053635 0.92694650 0.44024391
1.98116213 0.00000484 0.37415453 0.92542753 0.92694650 0.19619117
1.98116213 0.00000484 0.37415453 0.92542753 0.92694650 0.19619117
1.98116213 0.00000484 0.37415453 0.92542753 0.92694650 0.19619117
1.98116213 0.00000484 0.37415453 0.92542753 0.92694650 0.19619117
1.98116213 0.00000484 0.37415453 0.92542753 0.92694650 0.19619117
1.98116213 0.00000484 0.37415453 0.92542753 0.92694650 0.19619117
1.98116213 0.00000484 0.37415453 0.92542753 0.92694650 0.19619117
1.98116213 0.00000484 0.37415453 0.92542753 0.92694650 0.19619117
1.98116213 0.00000484 0.37415453 0.92542753 0.92694650 0.19619117
1.98116213 0.00000484 0.37415453 0.92542753 0.92694650 0.19619117
1.98116213 0.00000484 0.37415453 0.92542753 0.92694650 0.19619117
2.02896740 0.00000484 0.37415453 0.60494806 0.45681304 0.21676839
2.02896740 0.00000484 0.37415453 0.60494806 0.45681304 0.21676839
2.02896740 0.00000484 0.37415453 0.60494806 0.45681304 0.21676839
2.02896740 0.00000484 0.37415453 0.60494806 0.45681304 0.21676839
2.02896740 0.00000484 0.28709246 0.87518269 0.05505685 0.81081274
2.02896740 0.00000484 0.28709246 0.87518269 0.05505685 0.81081274
2.02896740 0.00000484 0.28709246 0.87518269 0.05505685 0.81081274
2.02896740 0.00000484 0.28709246 0.87518269 0.05505685 0.81081274
2.02896740 0.00000484 0.28709246 0.87518269 0.05505685 0.81081274
2.02896740 0.00000484 0.28709246 0.87518269 0.05505685 0.81081274
2.02896740 0.00000484 0.28709246 0.87518269 0.05505685 0.81081274
2.02896740 0.00000484 0.39383364 1.99762364 0.26863958 0.81081274
2.02896740 0.00000484 0.39383364 1.99762364 0.26863958 0.81081274
2.02896740 0.00000484 0.01069156 1.99762364 0.30338112 0.81081274
2.02896740 0.00000484 0.01069156 1.99762364 0.30338112 0.81081274
2.02896740 0.00000484 0.37039275 1.99762364 0.99273047 0.28452724
2.02896740 0.00000484 0.37039275 1.99762364 0.99273047 0.28452724
2.02896740 0.00000484 0.37039275 1.99762364 0.99273047 0.28452724
2.02896740 0.00000484 0.37039275 1.99762364 0.99273047 0.28452724
2.02896740 0.00000484 0.37039275 1.99762364 0.99273047 0.28452724
2.02896740 0.00000484 0.37039275 1.99762364 0.99273047 0.28452724
2.02896740 0.00000484 0.37039275 1.99762364 0.99273047 0.28452724
2.02896740 0.00000484 0.37039275 1.99762364 0.99273047 0.28452724
2.02896740 0.00000484 0.84315671 1.99762364 0.99669267 0.23360515
2.02896740 0.00000484 0.84315671 1.99762364 0.99669267 0.23360515
2.02896740 0.00000484 0.84315671 1.99762364 0.99669267 0.23360515
2.02896740 0.00000484 0.84315671 1.99762364 0.99669267 0.23360515
2.02896740 0.00000484 0.84315671 1.99762364 0.99669267 0.23360515
2.02896740 0.00000484 0.84315671 1.99762364 0.99669267 0.23360515
2.02896740 0.00000484 0.84315671 1.99762364 0.99669267 0.23360515
2.02896740 0.00000484 0.84315671 1.99762364 0.99669267 0.23360515
2.02896740 0.00000484 0.84315671 1.99762364 0.99669267 0.00617749
2.02896740 0.00000484 0.84315671 1.99762364 0.99669267 0.00617749
2.02896740 0.00000484 0.84315671 1.99762364 0.99669267 0.00617749
2.02896740 0.00000484 0.84315671 1.99762364 0.99669267 0.00617749
2.02896740 0.00000484 0.84315671 1.99762364 0.99669267 0.00617749
2.02896740 0.00000484 0.84315671 1.99762364 0.99669267 0.00617749
2.02896740 0.00000484 0.84315671 1.99762364 0.99669267 0.00617749
2.02896740 0.00000484 0.84315671 1.99762364 0.99669267 0.00617749
2.02896740 0.00000484 0.84315671 1.99762364 0.99669267 0.00617749
2.02896740 0.00000484 0.44412330 1.99762364 0.94384265 0.68027594
2.02896740 0.00000484 0.44412330 1.99762364 0.94384265 0.68027594
2.02896740 0.00000484 0.44412330 1.99762364 0.94384265 0.68027594
2.02896740 0.00000484 0.44412330 1.99762364 0.94384265 0.68027594
2.02896740 0.00000484 0.44412330 1.99762364 0.94384265 0.68027594
2.02896740 0.00000484 0.44412330 1.99762364 0.68476666 0.68027594
2.02896740 0.00000484 0.23870707 1.99762364 0.98591400 0.68027594
2.02896740 0.00000484 0.23870707 1.99762364 0.98591400 0.68027594
2.02896740 0.00000484 0.23870707 1.99762364 0.98591400 0.68027594
2.02896740 0.00000484 0.23870707 1.99762364 0.98591400 0.68027594
2.02896740 0.00000484 0.23870707 1.99762364 0.98591400 0.68027594
2.02896740 0.00000484 0.23870707 1.99762364 0.98591400 0.68027594
2.02896740 0.00000484 0.23870707 1.99762364 0.98591400 0.68027594
2.02896740 0.00000484 0.34097319 1.99762364 0.76976181 0.63381725
2.02896740 0.00000484 0.34097319 1.99762364 0.76976181 0.63381725
2.02896740 0.00000484 0.34097319 1.99762364 0.76976181 0.63381725
2.02896740 0.00000484 0.34097319 1.99762364 0.76976181 0.63381725
2.02896740 0.00000484 0.34097319 1.99762364 0.76976181 0.63381725
2.02896740 0.00000484 0.34097319 1.99762364 0.76976181 0.63381725
2.02896740 0.00000484 0.34097319 1.99762364 0.76976181 0.63381725
2.02896740 0.00000484 0.34097319 1.99762364 0.76976181 0.63381725
2.02896740 0.00000484 0.34097319 1.99762364 0.76976181 0.63381725
2.02896740 0.00000484 0.34097319 1.99762364 0.76976181 0.63381725
2.02896740 0.00000484 0.34097319 1.99762364 0.42709088 0.99806389
2.02896740 0.00000484 0.34097319 1.99762364 0.42709088 0.99806389
2.02896740 0.00000484 0.34097319 1.99762364 0.42709088 0.99806389
2.02896740 0.00000484 0.34097319 1.99762364 0.42709088 0.99806389
2.02896740 0.00000484 0.34097319 1.99762364 0.42709088 0.99806389
2.02896740 0.00000484 0.34097319 1.99762364 0.42709088 0.99806389
2.02896740 0.00000484 0.34097319 1.99762364 0.42709088 0.99806389
2.02896740 0.00000484 0.34097319 1.99762364 0.42709088 0.99806389
2.02896740 0.00000484 0.34097319 1.99762364 0.42709088 0.99806389
2.02896740 0.00000484 0.34097319 1.99762364 0.42709088 0.99806389
2.02896740 0.00000484 0.34097319 1.99762364 0.42709088 0.99806389
2.02896740 0.00000484 0.34097319 1.99762364 0.42709088 0.99806389
2.02896740 0.00000484 0.34097319 1.99762364 0.42709088 0.99806389
2.02896740 0.00000484 0.34097319 1.99762364 0.42709088 0.99806389
2.02896740 0.00000484 0.34097319 1.99762364 0.42709088 0.99806389
2.02896740 0.00000484 0.34097319 1.99762364 0.42709088 0.99806389
2.02896740 0.00000484 0.34097319 1.99762364 0.42709088 0.99806389
2.02896740 0.00000484 0.34097319 1.99762364 0.42709088 0.99806389
2.02896740 0.00000484 0.34097319 1.99762364 0.42709088 0.99806389
2.02896740 0.00000484 0.34097319 1.99762364 0.42709088 0.99806389
2.02896740 0.00000484 0.34097319 1.99762364 0.42709088 0.99806389
2.02896740 0.00000484 0.17212549 1.99762364 0.15096076 0.99806389
2.02896740 0.00000484 0.17212549 1.99762364 0.15096076 0.99806389
2.02896740 0.00000484 0.17212549 1.99762364 0.15096076 0.99806389
2.02896740 0.00000484 0.17212549 1.99762364 0.15096076 0.99806389
2.02896740 0.00000484 0.17212549 1.99762364 0.15096076 0.99806389
2.02896740 0.00000484 0.17212549 1.99762364 0.15096076 0.99806389
2.02896740 0.00000484 0.17212549 1.99762364 0.15096076 0.99806389
2.02896740 0.00000484 0.17212549 1.99762364 0.15096076 0.99806389
2.02896740 0.00000484 0.17212549 1.99762364 0.15096076 0.99806389
2.02896740 0.00000484 0.17212549 1.99762364 0.15096076 0.99806389
2.02896740 0.00000484 0.17212549 1.99762364 0.39275194 0.99806389
2.02896740 0.00000484 0.17212549 1.99762364 0.39275194 0.99806389
2.02896740 0.00000484 0.17212549 1.99762364 0.39275194 0.99806389
2.02896740 0.00000484 0.17212549 1.99762364 0.39275194 0.99806389
2.02896740 0.00000484 0.17212549 1.99762364 0.39275194 0.99806389
2.02896740 0.00000484 0.17212549 1.99762364 0.39275194 0.99806389
2.02896740 0.00000484 0.17212549 1.99762364 0.39275194 0.99806389
2.02896740 0.00000484 0.17212549 1.99762364 0.39275194 0.99806389
2.02896740 0.00000484 0.17212549 1.99762364 0.39275194 0.99806389
2.02896740 0.00000484 0.17212549 1.99762364 0.39275194 0.99806389
2.02896740 0.00000484 0.17212549 1.99762364 0.39275194 0.99806389
2.02896740 0.00000484 0.17212549 1.99762364 0.39275194 0.99806389
2.02896740 0.00000484 0.17212549 1.99762364 0.39275194 0.99806389
2.02896740 0.00000484 0.17212549 1.99762364 0.39275194 0.99806389
2.02896740 0.00000484 0.17212549 1.99762364 0.39275194 0.99806389
2.02896740 0.00000484 0.17212549 1.99762364 0.39275194 0.99806389
2.02896740 0.00000484 0.26769888 1.99762364 0.86817976 0.99806389
2.02896740 0.00000484 0.26769888 1.99762364 0.86817976 0.99806389
2.02896740 0.00000484 0.26769888 1.99762364 0.86817976 0.99806389
2.02896740 0.00000484 0.26769888 1.99762364 0.86817976 0.99806389
2.02896740 0.00000484 0.26769888 1.99762364 0.86817976 0.99806389
2.02896740 0.00000484 0.26769888 1.99762364 0.86817976 0.99806389
2.02896740 0.00000484 0.26769888 1.99762364 0.86817976 0.99806389
2.02896740 0.00000484 0.26769888 1.99762364 0.86817976 0.99806389
2.02896740 0.00000484 0.26769888 1.99762364 0.86817976 0.99806389
2.02896740 0.00000484 0.26769888 1.99762364 0.86817976 0.99806389
2.02896740 0.00000484 0.26769888 1.99762364 0.86817976 0.99806389
2.02896740 0.00000484 0.26769888 1.99762364 0.86817976 0.99806389
2.02896740 0.00000484 0.26769888 1.99762364 0.86817976 0.99806389
2.02896740 0.00000484 0.26769888 1.99762364 0.86817976 0.99806389
2.02896740 0.00000484 0.26769888 1.99762364 0.86817976 0.99806389
2.02896740 0.00000484 0.26769888 1.99762364 0.86817976 0.99806389
2.02896740 0.00000484 0.26769888 1.99762364 0.86817976 0.99806389
2.02896740 0.00000484 0.26769888 1.99762364 0.86817976 0.99806389
2.02896740 0.00000484 0.26769888 1.99762364 0.86817976 0.99806389
2.02896740 0.00000484 0.26769888 1.99762364 0.86817976 0.99806389
2.02896740 0.00000484 0.26769888 1.99762364 0.86817976 0.99806389
2.02896740 0.00000484 0.26769888 1.99762364 0.86817976 0.99806389
2.02896740 0.00000484 0.28606622 1.99762364 0.86817976 0.99806389
2.02896740 0.00000484 0.28606622 1.99762364 0.86817976 0.99806389
2.02896740 0.00000484 0.28606622 1.99762364 0.86817976 0.99806389
2.02896740 0.00000484 0.28606622 1.99762364 0.86817976 0.99806389
2.02896740 0.00000484 0.28606622 1.99762364 0.86817976 0.99806389
2.02896740 0.00000484 0.28606622 1.99762364 0.86817976 0.99806389
2.02896740 0.00000484 0.28606622 1.99762364 0.86817976 0.99806389
2.02896740 0.00000484 0.28606622 1.99762364 0.86817976 0.99806389
2.02896740 0.00000484 0.28606622 1.99762364 0.86817976 0.99806389
2.02896740 0.00000484 0.28606622 1.99762364 0.86817976 0.99806389
2.02896740 0.00000484 0.28606622 1.99762364 0.92965355 0.99806389
2.02896740 0.00000484 0.28606622 1.99762364 0.92965355 0.99806389
2.02896740 0.00000484 0.28606622 1.99762364 0.92965355 0.99806389
2.02896740 0.00000484 0.28606622 1.99762364 0.92965355 0.99806389
2.02896740 0.00000484 0.28606622 1.99762364 0.92965355 0.99806389
2.02896740 0.00000484 0.28606622 1.99762364 0.92965355 0.99806389
2.02896740 0.00000484 0.28606622 1.99762364 0.92965355 0.99806389
2.02896740 0.00000484 0.28606622 1.99762364 0.92965355 0.99806389
2.02896740 0.00000484 0.28606622 1.99762364 0.92965355 0.99806389
2.02896740 0.00000484 0.28606622 1.99762364 0.92965355 0.99806389
2.02896740 0.00000484 0.28606622 1.99762364 0.92965355 0.99806389
2.02896740 0.00000484 0.28606622 1.99762364 0.92965355 0.99806389
2.02896740 0.00000484 0.28606622 1.99762364 0.92965355 0.99806389
2.02896740 0.00000484 0.28606622 1.99762364 0.92965355 0.99806389
2.02896740 0.00000484 0.28606622 1.99762364 0.92965355 0.99806389
2.02896740 0.00000484 0.28606622 1.99762364 0.92965355 0.99806389
2.02896740 0.00000484 0.28606622 1.99762364 0.92965355 0.99806389
2.02896740 0.00000484 0.28606622 1.99762364 0.92965355 0.99806389
2.02896740 0.00000484 0.28606622 1.99762364 0.92965355 0.99806389
2.02896740 0.00000484 0.28606622 1.99762364 0.92965355 0.99806389
2.02896740 0.00000484 0.28606622 1.99762364 0.92965355 0.99806389
2.02896740 0.00000484 0.28606622 1.99762364 0.92965355 0.99806389
2.02896740 0.00000484 0.28606622 1.99762364 0.92965355 0.99806389
2.02896740 0.00000484 0.28606622 1.99762364 0.92965355 0.99806389
2.02896740 0.00000484 0.28606622 1.99762364 0.92965355 0.99806389
2.02896740 0.00000484 0.28606622 1.99762364 0.92965355 0.99806389
2.02896740 0.00000484 0.28606622 1.99762364 0.92965355 0.99806389
2.02896740 0.00000484 0.28606622 1.99762364 0.92965355 0.99806389
2.02896740 0.00000484 0.28606622 1.99762364 0.92965355 0.99806389
2.02896740 0.00000484 0.28606622 1.99762364 0.92965355 0.99806389
2.02896740 0.00000484 0.28606622 1.99762364 0.92965355 0.99806389
2.02896740 0.00000484 0.28606622 1.99762364 0.92965355 0.99806389
2.02896740 0.00000484 0.28606622 1.99762364 0.92965355 0.99806389
2.02896740 0.00000484 0.28606622 1.99762364 0.92965355 0.99806389
2.02896740 0.00000484 0.28606622 1.99762364 0.92965355 0.99806389
2.02896740 0.00000484 0.62332432 1.99762364 0.89481402 0.99806389
2.02896740 0.00000484 0.62332432 1.99762364 0.89481402 0.99806389
2.02896740 0.00000484 0.62332432 1.99762364 0.89481402 0.99806389
2.02896740 0.00000484 0.62332432 1.99762364 0.89481402 0.99806389
2.02896740 0.00000484 0.62332432 1.99762364 0.89481402 0.99806389
2.02896740 0.00000484 0.62332432 1.99762364 0.89481402 0.99806389
2.02896740 0.00000484 0.62332432 1.99762364 0.89481402 0.99806389
2.02896740 0.00000484 0.62332432 1.99762364 0.89481402 0.99806389
2.02896740 0.00000484 0.62332432 1.99762364 0.89481402 0.99806389
2.02896740 0.00000484 0.62332432 1.99762364 0.89481402 0.99806389
2.02896740 0.00000484 0.62332432 1.99762364 0.89481402 0.99806389
2.02896740 0.00000484 0.62332432 1.99762364 0.89481402 0.99806389
2.02896740 0.00000484 0.62332432 1.99762364 0.89481402 0.99806389
2.02896740 0.00000484 0.62332432 1.99762364 0.89481402 0.99806389
2.02896740 0.00000484 0.62332432 1.99762364 0.89481402 0.99806389
2.02896740 0.00000484 0.62332432 1.99762364 0.89481402 0.99806389
2.02896740 0.00000484 0.62332432 1.99762364 0.89481402 0.99806389
2.02896740 0.00000484 0.62332432 1.99762364 0.89481402 0.99806389
2.02896740 0.00000484 0.62332432 1.99762364 0.89481402 0.99806389
2.02896740 0.00000484 0.62332432 1.99762364 0.89481402 0.99806389
2.02896740 0.00000484 0.62332432 1.99762364 0.89481402 0.99806389
2.02896740 0.00000484 0.62332432 1.99762364 0.89481402 0.99806389
2.02896740 0.00000484 0.62332432 1.99762364 0.89481402 0.99806389
2.02896740 0.00000484 0.62332432 1.99762364 0.89481402 0.99806389
2.02896740 0.00000484 0.62332432 1.99762364 0.89481402 0.99806389
2.02896740 0.00000484 0.62332432 1.99762364 0.89481402 0.99806389
2.02896740 0.00000484 0.62332432 1.99762364 0.89481402 0.99806389
2.02896740 0.00000484 0.62332432 1.99762364 0.89481402 0.99806389
2.02896740 0.00000484 0.62332432 1.99762364 0.89481402 0.99806389
2.02896740 0.00000484 0.62332432 1.99762364 0.89481402 0.99806389
2.02896740 0.00000484 0.17320255 1.99762364 0.89481402 0.99806389
2.02896740 0.00000484 0.17320255 1.99762364 0.89481402 0.99806389
2.02896740 0.00000484 0.17320255 1.99762364 0.89481402 0.99806389
2.02896740 0.00000484 0.17320255 1.99762364 0.89481402 0.99806389
2.02896740 0.00000484 0.17320255 1.99762364 0.89481402 0.99806389
2.02896740 0.00000484 0.17320255 1.99762364 0.89481402 0.99806389
2.02896740 0.00000484 0.17320255 1.99762364 0.89481402 0.99806389
2.02896740 0.00000484 0.17320255 1.99762364 0.89481402 0.99806389
2.02896740 0.00000484 0.17320255 1.99762364 0.89481402 0.99806389
2.02896740 0.00000484 0.17320255 1.99762364 0.89481402 0.99806389
2.02896740 0.00000484 0.17320255 1.99762364 0.89481402 0.99806389
2.02896740 0.00000484 0.17320255 1.99762364 0.89481402 0.99806389
2.02896740 0.00000484 0.17320255 1.99762364 0.89481402 0.99806389
2.02896740 0.00000484 0.17320255 1.99762364 0.89481402 0.99806389
2.02896740 0.00000484 0.17320255 1.99762364 0.89481402 0.99806389
2.02896740 0.00000484 0.17320255 1.99762364 0.89481402 0.99806389
2.02896740 0.00000484 0.17320255 1.99762364 0.89481402 0.99806389
2.02896740 0.00000484 0.17320255 1.99762364 0.89481402 0.99806389
2.02896740 0.00000484 0.17320255 1.99762364 0.89481402 0.99806389
2.02896740 0.00000484 0.17320255 1.99762364 0.89481402 0.99806389
2.02896740 0.00000484 0.17320255 1.99762364 0.89481402 0.99806389
2.02896740 0.00000484 0.17320255 1.99762364 0.89481402 0.99806389
2.02896740 0.00000484 0.17320255 1.99762364 0.89481402 0.99806389
2.02896740 0.00000484 0.17320255 1.99762364 0.89481402 0.99806389
2.02896740 0.00000484 0.17320255 1.99762364 0.89481402 0.99806389
2.02896740 0.00000484 0.17320255 1.99762364 0.89481402 0.99806389
2.02896740 0.00000484 0.17320255 1.99762364 0.89481402 0.99806389
2.02896740 0.00000484 0.17320255 1.99762364 0.89481402 0.99806389
2.02896740 0.00000484 0.17320255 1.99762364 0.89481402 0.99806389
2.02896740 0.00000484 0.17320255 1.99762364 0.89481402 0.99806389
2.02896740 0.00000484 0.17658815 1.99762364 0.95214280 0.94338713
2.02896740 0.00000484 0.17658815 1.99762364 0.95214280 0.94338713
2.02896740 0.00000484 0.17658815 1.99762364 0.95214280 0.94338713
2.02896740 0.00000484 0.54831209 1.99762364 0.95214280 0.94338713
2.02896740 0.00000484 0.54831209 1.99762364 0.95214280 0.94338713
2.02896740 0.00000484 0.54831209 1.99762364 0.95214280 0.94338713
2.02896740 0.00000484 0.54831209 1.99762364 0.95214280 0.94338713
2.02896740 0.00000484 0.54831209 1.99762364 0.95214280 0.94338713
2.02896740 0.00000484 0.54831209 1.99762364 0.95214280 0.94338713
1.86262530 0.00000484 0.69981930 1.99762364 0.95214280 0.94338713
1.86262530 0.00000484 0.69981930 1.99762364 0.95214280 0.94338713
1.86262530 0.00000484 0.69981930 1.99762364 0.95214280 0.94338713
1.86262530 0.00000484 0.69981930 1.99762364 0.95214280 0.94338713
1.86262530 0.00000484 0.69981930 1.99762364 0.95214280 0.94338713
1.86262530 0.00000484 0.69981930 1.99762364 0.95214280 0.94338713
1.86262530 0.00000484 0.69981930 1.99762364 0.95214280 0.94338713
1.86262530 0.00000484 0.69981930 1.99762364 0.95214280 0.94338713
1.86262530 0.00000484 0.69981930 1.99762364 0.95214280 0.94338713
1.86262530 0.00000484 0.69981930 1.99762364 0.95214280 0.94338713
1.86262530 0.00000484 0.69981930 1.99762364 0.95214280 0.94338713
1.86262530 0.00000484 0.69981930 1.99762364 0.95214280 0.94338713
1.86262530 0.00000484 0.69981930 1.99762364 0.95214280 0.94338713
1.86262530 0.00000484 0.69981930 1.99762364 0.95214280 0.94338713
1.86262530 0.00000484 0.69981930 1.99762364 0.95214280 0.94338713
1.86262530 0.00000484 0.69981930 1.99762364 0.95214280 0.94338713
1.86262530 0.00000484 0.69981930 1.99762364 0.95214280 0.94338713
1.86262530 0.00000484 0.69981930 1.99762364 0.95214280 0.94338713
1.86262530 0.00000484 0.69981930 1.99762364 0.95214280 0.94338713
1.86262530 0.00000484 0.69981930 1.99762364 0.95214280 0.94338713
1.86262530 0.00000484 0.69981930 1.99762364 0.95214280 0.94338713
1.86262530 0.00000484 0.69981930 1.99762364 0.95214280 0.94338713
1.86262530 0.00000484 0.69981930 1.99762364 0.95214280 0.94338713
1.86262530 0.00000484 0.69981930 1.99762364 0.95214280 0.94338713
1.86262530 0.00000484 0.69981930 1.99762364 0.95214280 0.94338713
1.86262530 0.00000484 0.69981930 1.99762364 0.95214280 0.94338713
1.86262530 0.00000484 0.69981930 1.99762364 0.95214280 0.94338713
1.86262530 0.00000484 0.69981930 1.99762364 0.95214280 0.94338713
1.86262530 0.00000484 0.69981930 1.99762364 0.95214280 0.94338713
1.86262530 0.00000484 0.69981930 1.99762364 0.95214280 0.94338713
1.86262530 0.00000484 0.69981930 1.99762364 0.95214280 0.94338713
1.86262530 0.00000484 0.69981930 1.99762364 0.95214280 0.94338713
1.86262530 0.00000484 0.69981930 1.99762364 0.95214280 0.94338713
1.86262530 0.00000484 0.69981930 1.99762364 0.95214280 0.94338713
1.86262530 0.00000484 0.69981930 1.99762364 0.95214280 0.94338713
1.86262530 0.00000484 0.69981930 1.99762364 0.95214280 0.94338713
1.86262530 0.00000484 0.69981930 1.99762364 0.95214280 0.94338713
1.86262530 0.00000484 0.69981930 1.99762364 0.95214280 0.94338713
1.86262530 0.00000484 0.69981930 1.99762364 0.95214280 0.94338713
1.86262530 0.00000484 0.69981930 1.99762364 0.95214280 0.94338713
1.86262530 0.00000484 0.69981930 1.99762364 0.95214280 0.94338713
1.86262530 0.00000484 0.69981930 1.99762364 0.95214280 0.94338713
1.86262530 0.00000484 0.69981930 1.99762364 0.95214280 0.94338713
1.86262530 0.00000484 0.69981930 1.99762364 0.95214280 0.94338713
1.86262530 0.00000484 0.69981930 1.99762364 0.95214280 0.94338713
1.86262530 0.00000484 0.69981930 1.99762364 0.95214280 0.94338713
1.86262530 0.00000484 0.69981930 1.99762364 0.95214280 0.94338713
1.86262530 0.00000484 0.69981930 1.99762364 0.95214280 0.94338713
1.86262530 0.00000484 0.69981930 1.99762364 0.95214280 0.94338713
1.86262530 0.00000484 0.84058673 1.99762364 0.95214280 0.82807095
1.86262530 0.00000484 0.84058673 1.99762364 0.95214280 0.82807095
1.86262530 0.00000484 0.84058673 1.99762364 0.95214280 0.82807095
1.86262530 0.00000484 0.84058673 1.99762364 0.95214280 0.82807095
1.86262530 0.00000484 0.84058673 1.99762364 0.95214280 0.82807095
1.86262530 0.00000484 0.84058673 1.99762364 0.95214280 0.82807095
1.86262530 0.00000484 0.84058673 1.99762364 0.95214280 0.82807095
1.86262530 0.00000484 0.84058673 1.99762364 0.95214280 0.82807095
1.86262530 0.00000484 0.84058673 1.99762364 0.95214280 0.82807095
1.86262530 0.00000484 0.84058673 1.99762364 0.95214280 0.82807095
1.86262530 0.00000484 0.84058673 1.99762364 0.95214280 0.82807095
1.86262530 0.00000484 0.84058673 1.99762364 0.95214280 0.82807095
1.86262530 0.00000484 0.84058673 1.99762364 0.95214280 0.82807095
1.86262530 0.00000484 0.84058673 1.99762364 0.95214280 0.82807095
1.86262530 0.00000484 0.84058673 1.99762364 0.95214280 0.82807095
1.86262530 0.00000484 0.84058673 1.99762364 0.95214280 0.82807095
1.86262530 0.00000484 0.84058673 1.99762364 0.95214280 0.82807095
1.86262530 0.00000484 0.84058673 1.99762364 0.95214280 0.82807095
1.86262530 0.00000484 0.84058673 1.99762364 0.95214280 0.82807095
1.86262530 0.00000484 0.84058673 1.99762364 0.95214280 0.82807095
1.86262530 0.00000484 0.84058673 1.99762364 0.95214280 0.82807095
1.86262530 0.00000484 0.84058673 1.99762364 0.95214280 0.82807095
1.86262530 0.00000484 0.84058673 1.99762364 0.95214280 0.82807095
1.86262530 0.00000484 0.84058673 1.99762364 0.95214280 0.82807095
1.86262530 0.00000484 0.84058673 1.99762364 0.95214280 0.82807095
1.86262530 0.00000484 0.84058673 1.99762364 0.95214280 0.82807095
1.86262530 0.00000484 0.84058673 1.99762364 0.95214280 0.82807095
1.86262530 0.00000484 0.84058673 1.99762364 0.95214280 0.82807095
1.86262530 0.00000484 0.84058673 1.99762364 0.95214280 0.82807095
1.86262530 0.00000484 0.84058673 1.99762364 0.95214280 0.82807095
1.86262530 0.00000484 0.84058673 1.99762364 0.95214280 0.82807095
1.86262530 0.00000484 0.84058673 1.99762364 0.95214280 0.82807095
1.86262530 0.00000484 0.84058673 1.99762364 0.95214280 0.82807095
1.86262530 0.00000484 0.84058673 1.99762364 0.95214280 0.82807095
1.86262530 0.00000484 0.84058673 1.99762364 0.95214280 0.82807095
1.86262530 0.00000484 0.84058673 1.99762364 0.95214280 0.82807095
1.86262530 0.00000484 0.84058673 1.99762364 0.95214280 0.82807095
1.86262530 0.00000484 0.84058673 1.99762364 0.95214280 0.82807095
1.86262530 0.00000484 0.84058673 1.99762364 0.95214280 0.82807095
1.86262530 0.00000484 0.84058673 1.99762364 0.95214280 0.82807095
1.86262530 0.00000484 0.84058673 1.99762364 0.95214280 0.82807095
1.86262530 0.00000484 0.84058673 1.99762364 0.95214280 0.82807095
1.86262530 0.00000484 0.84058673 1.99762364 0.95214280 0.82807095
1.86262530 0.00000484 0.84058673 1.99762364 0.95214280 0.82807095
1.86262530 0.00000484 0.84058673 1.99762364 0.95214280 0.82807095
1.86262530 0.00000484 0.84058673 1.99762364 0.95214280 0.82807095
1.86262530 0.00000484 0.84058673 1.99762364 0.95214280 0.82807095
1.86262530 0.00000484 0.84058673 1.99762364 0.95214280 0.82807095
1.86262530 0.00000484 0.84058673 1.99762364 0.95214280 0.82807095
1.86262530 0.00000484 0.84058673 1.99762364 0.95214280 0.82807095
1.86262530 0.00000484 0.84058673 1.99762364 0.95214280 0.82807095
1.86262530 0.00000484 0.84058673 1.99762364 0.95214280 0.82807095
1.86262530 0.00000484 0.84058673 1.99762364 0.95214280 0.82807095
1.86262530 0.00000484 0.84058673 1.99762364 0.95214280 0.82807095
1.86262530 0.00000484 0.84058673 1.99762364 0.95214280 0.82807095
1.86262530 0.00000484 0.84058673 1.99762364 0.95214280 0.82807095
1.86262530 0.00000484 0.84058673 1.99762364 0.95214280 0.82807095
1.86262530 0.00000484 0.84058673 1.99762364 0.95214280 0.82807095
1.86262530 0.00000484 0.84058673 1.99762364 0.95214280 0.82807095
1.86262530 0.00000484 0.84058673 1.99762364 0.95214280 0.82807095
1.86262530 0.00000484 0.84058673 1.99762364 0.95214280 0.82807095
1.86262530 0.00000484 0.84058673 1.99762364 0.95214280 0.82807095
1.86262530 0.00000484 0.84058673 1.99762364 0.95214280 0.82807095
1.86262530 0.00000484 0.84058673 1.99762364 0.95214280 0.82807095
1.86262530 0.00000484 0.84058673 1.99762364 0.95214280 0.82807095
