0.00000000 0.00000000 0.00000000 0.00000000 0.00000000 0.00000000
0.00000000 0.00000000 0.00000000 0.00000000 0.00000000 0.00000000
0.00000000 0.00000000 0.00000000 0.00000000 0.00000000 0.00000000
0.71332270 0.00000485 0.28415879 0.33384614 0.77807180 0.26373955
0.81191601 0.00000479 0.30586568 0.17647047 0.79037664 0.24263950
0.89012799 0.00000491 0.28250989 0.19046490 0.79308506 0.28357882
0.89828843 0.00000492 0.24100799 0.22511855 0.66730962 0.38002946
0.89828843 0.00000492 0.24100799 0.22511855 0.66730962 0.38002946
0.89828843 0.00000492 0.24100799 0.22511855 0.66730962 0.38002946
0.89828843 0.00000492 0.24100799 0.22511855 0.66730962 0.38002946
0.89828843 0.00000492 0.24100799 0.22511855 0.66730962 0.38002946
0.87590680 0.00000489 0.27515338 0.40382998 0.70963437 0.31663882
0.87590680 0.00000489 0.27515338 0.40382998 0.70963437 0.31663882
0.87590680 0.00000489 0.27515338 0.40382998 0.70963437 0.31663882
0.87590680 0.00000489 0.27515338 0.40382998 0.70963437 0.31663882
0.87590680 0.00000489 0.27515338 0.40382998 0.70963437 0.31663882
0.87590680 0.00000489 0.27515338 0.40382998 0.70963437 0.31663882
0.87590680 0.00000489 0.27515338 0.40382998 0.70963437 0.31663882
0.87590680 0.00000489 0.27515338 0.40382998 0.70963437 0.31663882
0.87590680 0.00000489 0.27515338 0.40382998 0.70963437 0.31663882
0.87590680 0.00000489 0.27515338 0.40382998 0.70963437 0.31663882
0.87590680 0.00000489 0.27515338 0.40382998 0.70963437 0.31663882
0.87590680 0.00000489 0.27515338 0.40382998 0.70963437 0.31663882
0.87590680 0.00000489 0.27515338 0.40382998 0.70963437 0.31663882
0.87590680 0.00000489 0.27515338 0.40382998 0.70963437 0.31663882
0.87590680 0.00000489 0.27515338 0.40382998 0.70963437 0.31663882
0.87590680 0.00000489 0.27515338 0.40382998 0.70963437 0.31663882
0.87590680 0.00000489 0.27515338 0.40382998 0.70963437 0.31663882
0.99938808 0.00000481 0.35748499 0.38106212 0.78719660 0.27361451
0.99938808 0.00000481 0.35748499 0.38106212 0.78719660 0.27361451
0.99938808 0.00000481 0.35748499 0.38106212 0.78719660 0.27361451
1.07386570 0.00000472 0.35411205 0.28630263 0.69448433 0.34677135
1.07386570 0.00000472 0.35411205 0.28630263 0.69448433 0.34677135
1.07386570 0.00000472 0.35411205 0.28630263 0.69448433 0.34677135
1.07386570 0.00000472 0.35411205 0.28630263 0.69448433 0.34677135
1.07386570 0.00000472 0.35411205 0.28630263 0.69448433 0.34677135
1.07386570 0.00000472 0.35411205 0.28630263 0.69448433 0.34677135
1.07386570 0.00000472 0.35411205 0.28630263 0.69448433 0.34677135
1.07386570 0.00000472 0.35411205 0.28630263 0.69448433 0.34677135
1.07386570 0.00000472 0.35411205 0.28630263 0.69448433 0.34677135
1.07386570 0.00000472 0.35411205 0.28630263 0.69448433 0.34677135
1.07386570 0.00000472 0.35411205 0.28630263 0.69448433 0.34677135
1.07386570 0.00000472 0.35411205 0.28630263 0.69448433 0.34677135
1.07386570 0.00000472 0.35411205 0.28630263 0.69448433 0.34677135
1.07386570 0.00000472 0.35411205 0.28630263 0.69448433 0.34677135
1.07386570 0.00000472 0.35411205 0.28630263 0.69448433 0.34677135
1.07386570 0.00000472 0.35411205 0.28630263 0.69448433 0.34677135
1.07386570 0.00000472 0.35411205 0.28630263 0.69448433 0.34677135
1.07386570 0.00000472 0.35411205 0.28630263 0.69448433 0.34677135
1.07386570 0.00000472 0.35411205 0.28630263 0.69448433 0.34677135
1.07386570 0.00000472 0.35411205 0.28630263 0.69448433 0.34677135
1.07386570 0.00000472 0.35411205 0.28630263 0.69448433 0.34677135
1.07386570 0.00000472 0.35411205 0.28630263 0.69448433 0.34677135
1.07386570 0.00000472 0.35411205 0.28630263 0.69448433 0.34677135
1.07386570 0.00000472 0.35411205 0.28630263 0.69448433 0.34677135
1.07386570 0.00000472 0.35411205 0.28630263 0.69448433 0.34677135
1.07386570 0.00000472 0.35411205 0.28630263 0.69448433 0.34677135
1.07386570 0.00000472 0.35411205 0.28630263 0.69448433 0.34677135
1.07386570 0.00000472 0.35411205 0.28630263 0.69448433 0.34677135
1.57849800 0.00000472 0.27557239 0.08897605 0.92245685 0.49057450
1.57849800 0.00000472 0.27557239 0.08897605 0.92245685 0.49057450
1.85557093 0.00000472 0.46721844 0.38686707 0.92245685 0.78657433
1.85557093 0.00000472 0.46721844 0.38686707 0.92245685 0.78657433
1.85557093 0.00000472 0.46721844 0.38686707 0.92245685 0.78657433
1.85557093 0.00000472 0.46721844 0.38686707 0.92245685 0.78657433
1.85557093 0.00000472 0.46721844 0.38686707 0.92245685 0.78657433
1.85557093 0.00000472 0.46721844 0.38686707 0.92245685 0.78657433
1.85557093 0.00000472 0.46721844 0.38686707 0.92245685 0.78657433
1.85557093 0.00000472 0.46721844 0.38686707 0.92245685 0.78657433
1.85557093 0.00000472 0.46721844 0.38686707 0.92245685 0.78657433
1.85557093 0.00000472 0.46721844 0.38686707 0.92245685 0.78657433
1.85557093 0.00000472 0.46721844 0.38686707 0.92245685 0.78657433
1.85557093 0.00000472 0.46721844 0.38686707 0.92245685 0.78657433
1.85557093 0.00000472 0.46721844 0.38686707 0.92245685 0.78657433
1.85557093 0.00000472 0.46721844 0.38686707 0.92245685 0.78657433
1.85557093 0.00000472 0.46721844 0.38686707 0.92245685 0.78657433
1.85557093 0.00000472 0.46721844 0.38686707 0.92245685 0.78657433
1.85557093 0.00000472 0.46721844 0.38686707 0.92245685 0.78657433
1.85557093 0.00000472 0.46721844 0.38686707 0.92245685 0.78657433
1.85557093 0.00000472 0.46721844 0.38686707 0.92245685 0.78657433
1.85557093 0.00000472 0.46721844 0.38686707 0.92245685 0.78657433
1.83867569 0.00000472 0.89321198 0.26946554 0.92245685 0.78657433
1.83867569 0.00000472 0.89321198 0.26946554 0.92245685 0.78657433
1.83867569 0.00000472 0.89321198 0.26946554 0.92245685 0.78657433
1.83867569 0.00000472 0.89321198 0.26946554 0.92245685 0.78657433
1.83867569 0.00000472 0.89321198 0.26946554 0.92245685 0.78657433
1.83867569 0.00000472 0.89321198 0.26946554 0.92245685 0.78657433
1.83867569 0.00000472 0.89321198 0.26946554 0.92245685 0.78657433
1.83867569 0.00000472 0.89321198 0.26946554 0.92245685 0.78657433
1.83867569 0.00000472 0.89321198 0.26946554 0.92245685 0.78657433
1.83867569 0.00000472 0.89321198 0.26946554 0.92245685 0.78657433
1.83867569 0.00000472 0.89321198 0.26946554 0.92245685 0.78657433
1.83867569 0.00000472 0.89321198 0.26946554 0.92245685 0.78657433
1.83867569 0.00000472 0.89321198 0.26946554 0.92245685 0.78657433
1.83867569 0.00000472 0.89321198 0.26946554 0.92245685 0.78657433
1.83867569 0.00000472 0.89321198 0.26946554 0.92245685 0.78657433
1.83867569 0.00000472 0.89321198 0.26946554 0.92245685 0.78657433
1.83867569 0.00000472 0.89321198 0.26946554 0.92245685 0.78657433
1.83867569 0.00000472 0.89321198 0.26946554 0.92245685 0.78657433
1.83867569 0.00000472 0.89321198 0.26946554 0.92245685 0.78657433
1.83867569 0.00000472 0.89321198 0.26946554 0.92245685 0.78657433
1.83867569 0.00000472 0.89321198 0.26946554 0.92245685 0.78657433
1.83867569 0.00000472 0.89321198 0.26946554 0.92245685 0.78657433
1.83867569 0.00000472 0.89321198 0.26946554 0.92245685 0.78657433
1.83867569 0.00000472 0.89321198 0.26946554 0.92245685 0.78657433
1.83867569 0.00000472 0.89321198 0.73753154 0.92245685 0.78657433
1.83867569 0.00000472 0.89321198 0.73753154 0.92245685 0.78657433
1.83867569 0.00000472 0.89321198 0.73753154 0.92245685 0.78657433
1.83867569 0.00000472 0.89321198 0.73753154 0.92245685 0.78657433
1.83867569 0.00000472 0.89321198 0.73753154 0.92245685 0.78657433
1.83867569 0.00000472 0.89321198 0.73753154 0.92245685 0.78657433
1.83867569 0.00000472 0.89321198 0.73753154 0.92245685 0.78657433
1.83867569 0.00000472 0.89321198 0.73753154 0.92245685 0.78657433
1.83867569 0.00000472 0.89321198 0.73753154 0.92245685 0.78657433
1.83867569 0.00000472 0.89321198 0.73753154 0.92245685 0.78657433
1.83867569 0.00000472 0.89321198 0.73753154 0.92245685 0.78657433
1.83867569 0.00000472 0.89321198 0.73753154 0.92245685 0.78657433
1.83867569 0.00000472 0.89321198 0.73753154 0.92245685 0.78657433
1.83867569 0.00000472 0.89321198 0.73753154 0.92245685 0.78657433
1.83867569 0.00000472 0.89321198 0.73753154 0.92245685 0.78657433
1.83867569 0.00000472 0.89321198 0.73753154 0.92245685 0.78657433
1.83867569 0.00000472 0.89321198 0.73753154 0.92245685 0.78657433
1.83867569 0.00000472 0.89321198 0.73753154 0.92245685 0.78657433
1.83867569 0.00000472 0.89321198 0.73753154 0.92245685 0.78657433
1.83867569 0.00000472 0.89321198 0.73753154 0.92245685 0.78657433
1.83867569 0.00000472 0.89321198 0.73753154 0.92245685 0.78657433
1.83867569 0.00000472 0.89321198 0.73753154 0.92245685 0.78657433
1.83867569 0.00000472 0.89321198 0.73753154 0.92245685 0.78657433
1.83867569 0.00000472 0.89321198 0.73753154 0.92245685 0.78657433
1.83867569 0.00000472 0.89321198 0.73753154 0.92245685 0.78657433
1.83867569 0.00000472 0.89321198 0.73753154 0.92245685 0.78657433
1.83867569 0.00000472 0.89321198 0.73753154 0.92245685 0.78657433
1.83867569 0.00000472 0.89321198 0.73753154 0.92245685 0.78657433
1.83867569 0.00000472 0.89321198 0.73753154 0.92245685 0.78657433
1.83867569 0.00000472 0.89321198 0.73753154 0.92245685 0.78657433
1.83867569 0.00000472 0.89321198 0.73753154 0.92245685 0.78657433
1.83867569 0.00000472 0.89321198 0.73753154 0.92245685 0.78657433
1.83867569 0.00000472 0.89321198 0.73753154 0.92245685 0.78657433
1.83867569 0.00000472 0.89321198 0.73753154 0.92245685 0.78657433
1.83867569 0.00000472 0.89321198 0.73753154 0.92245685 0.78657433
1.83867569 0.00000472 0.89321198 0.73753154 0.92245685 0.78657433
1.83867569 0.00000472 0.89321198 0.73753154 0.92245685 0.78657433
1.83867569 0.00000472 0.89321198 0.73753154 0.92245685 0.78657433
1.83867569 0.00000472 0.89321198 0.73753154 0.92245685 0.78657433
1.83867569 0.00000472 0.89321198 0.73753154 0.92245685 0.78657433
1.83867569 0.00000472 0.89321198 0.73753154 0.92245685 0.78657433
1.83867569 0.00000472 0.89321198 0.73753154 0.92245685 0.78657433
1.83867569 0.00000472 0.89321198 0.73753154 0.92245685 0.78657433
1.83867569 0.00000472 0.89321198 0.73753154 0.92245685 0.78657433
1.83867569 0.00000472 0.89321198 0.73753154 0.92245685 0.78657433
1.83867569 0.00000472 0.89321198 0.73753154 0.92245685 0.78657433
1.83867569 0.00000472 0.89321198 0.73753154 0.92245685 0.78657433
1.83867569 0.00000472 0.89321198 0.73753154 0.92245685 0.78657433
1.83867569 0.00000472 0.89321198 0.73753154 0.92245685 0.78657433
1.83867569 0.00000472 0.89321198 0.73753154 0.92245685 0.78657433
1.83867569 0.00000472 0.89321198 0.73753154 0.92245685 0.78657433
1.83867569 0.00000472 0.89321198 0.73753154 0.92245685 0.78657433
1.83867569 0.00000472 0.89321198 0.73753154 0.92245685 0.78657433
1.83867569 0.00000472 0.89321198 0.80622752 0.79588617 0.78657433
1.83867569 0.00000472 0.89321198 0.84742958 0.79588617 0.78657433
1.83867569 0.00000472 0.89321198 0.84742958 0.79588617 0.78657433
1.83867569 0.00000472 0.89321198 0.84742958 0.79588617 0.78657433
1.83867569 0.00000472 0.89321198 0.84742958 0.79588617 0.78657433
1.83867569 0.00000472 0.89321198 0.84742958 0.79588617 0.78657433
1.83867569 0.00000472 0.89321198 0.84742958 0.79588617 0.78657433
1.83867569 0.00000472 0.89321198 1.57026487 0.79588617 0.78657433
1.83867569 0.00000472 0.89321198 1.57026487 0.79588617 0.78657433
1.83867569 0.00000472 0.89321198 1.57026487 0.79588617 0.78657433
1.83867569 0.00000472 0.89321198 1.57026487 0.79588617 0.78657433
1.83867569 0.00000472 0.89321198 1.57026487 0.79588617 0.78657433
1.83867569 0.00000472 0.89321198 1.57026487 0.79588617 0.78657433
1.83867569 0.00000472 0.89321198 1.57026487 0.79588617 0.78657433
1.83867569 0.00000472 0.89321198 1.57026487 0.79588617 0.78657433
1.83867569 0.00000472 0.89321198 1.57026487 0.79588617 0.78657433
1.83867569 0.00000472 0.89321198 1.57026487 0.79588617 0.78657433
1.83867569 0.00000472 0.89321198 1.57026487 0.79588617 0.78657433
1.83867569 0.00000472 0.89321198 1.57026487 0.79588617 0.78657433
1.83867569 0.00000472 0.89321198 1.57026487 0.79588617 0.78657433
1.83867569 0.00000472 0.89321198 1.57026487 0.79588617 0.78657433
1.83867569 0.00000472 0.89321198 1.57026487 0.79588617 0.78657433
1.83867569 0.00000472 0.89321198 1.57026487 0.79588617 0.78657433
1.83867569 0.00000472 0.89321198 1.57026487 0.79588617 0.78657433
1.83867569 0.00000472 0.89321198 1.57026487 0.79588617 0.78657433
1.83867569 0.00000472 0.89321198 1.57026487 0.79588617 0.78657433
1.83867569 0.00000472 0.89321198 1.57026487 0.79588617 0.78657433
1.83867569 0.00000472 0.89321198 1.57026487 0.79588617 0.78657433
1.83867569 0.00000472 0.89321198 1.57026487 0.79588617 0.78657433
1.83867569 0.00000472 0.89321198 1.57026487 0.79588617 0.78657433
1.83867569 0.00000472 0.89321198 1.57026487 0.79588617 0.78657433
1.83867569 0.00000472 0.89321198 1.57026487 0.79588617 0.78657433
1.83867569 0.00000472 0.89321198 1.57026487 0.79588617 0.78657433
1.83867569 0.00000472 0.89321198 1.57026487 0.79588617 0.78657433
1.83867569 0.00000472 0.89321198 1.57026487 0.79588617 0.78657433
1.83867569 0.00000472 0.89321198 1.57026487 0.79588617 0.78657433
1.83867569 0.00000472 0.89321198 1.57026487 0.79588617 0.78657433
1.83867569 0.00000472 0.89321198 1.57026487 0.79588617 0.78657433
1.83867569 0.00000472 0.89321198 1.57026487 0.79588617 0.78657433
1.83867569 0.00000472 0.89321198 1.57026487 0.79588617 0.78657433
1.83867569 0.00000472 0.89321198 1.57026487 0.79588617 0.78657433
1.83867569 0.00000472 0.89321198 1.57026487 0.79588617 0.78657433
1.83867569 0.00000472 0.89321198 1.57026487 0.79588617 0.78657433
1.83867569 0.00000472 0.89321198 1.57026487 0.79588617 0.78657433
1.83867569 0.00000472 0.89321198 1.57026487 0.79588617 0.78657433
1.83867569 0.00000472 0.89321198 1.57026487 0.79588617 0.78657433
1.83867569 0.00000472 0.89321198 1.57026487 0.79588617 0.78657433
1.83867569 0.00000472 0.89321198 1.57026487 0.79588617 0.78657433
1.83867569 0.00000472 0.89321198 1.57026487 0.79588617 0.78657433
1.83867569 0.00000472 0.89321198 1.57026487 0.79588617 0.78657433
1.83867569 0.00000472 0.89321198 1.57026487 0.79588617 0.78657433
1.83867569 0.00000472 0.89321198 1.57026487 0.79588617 0.78657433
1.83867569 0.00000472 0.89321198 1.11283894 0.53996264 0.89407750
1.83867569 0.00000472 0.89321198 1.11283894 0.53996264 0.89407750
1.83867569 0.00000472 0.89321198 1.11283894 0.53996264 0.89407750
1.83867569 0.00000472 0.89321198 1.11283894 0.53996264 0.89407750
1.83867569 0.00000472 0.89321198 1.11283894 0.53996264 0.89407750
1.83867569 0.00000472 0.89321198 1.11283894 0.53996264 0.89407750
1.83867569 0.00000472 0.89321198 1.11283894 0.53996264 0.89407750
1.83867569 0.00000472 0.89321198 1.11283894 0.53996264 0.89407750
1.83867569 0.00000472 0.89321198 1.11283894 0.53996264 0.89407750
1.83867569 0.00000472 0.89321198 1.04946997 0.56460685 0.89407750
1.83867569 0.00000472 0.89321198 1.04946997 0.56460685 0.89407750
1.83867569 0.00000472 0.89321198 1.04946997 0.56460685 0.89407750
1.83867569 0.00000472 0.89321198 1.04946997 0.56460685 0.89407750
1.83867569 0.00000472 0.89321198 1.04946997 0.56460685 0.89407750
1.83867569 0.00000472 0.89321198 1.04946997 0.56460685 0.89407750
1.83867569 0.00000472 0.89321198 1.04946997 0.56460685 0.89407750
1.83867569 0.00000472 0.89321198 1.04946997 0.56460685 0.89407750
1.83867569 0.00000472 0.89321198 1.04946997 0.56460685 0.89407750
1.83867569 0.00000472 0.89321198 1.04946997 0.56460685 0.89407750
1.83867569 0.00000472 0.89321198 1.04946997 0.56460685 0.89407750
1.83867569 0.00000472 0.89321198 1.04946997 0.56460685 0.89407750
1.83867569 0.00000472 0.89321198 1.04946997 0.56460685 0.89407750
1.83867569 0.00000472 0.89321198 1.04946997 0.56460685 0.89407750
1.83867569 0.00000472 0.89321198 1.04946997 0.56460685 0.89407750
1.83867569 0.00000472 0.89321198 1.04946997 0.56460685 0.89407750
1.83867569 0.00000472 0.89321198 1.04946997 0.56460685 0.89407750
1.83867569 0.00000472 0.89321198 1.04946997 0.56460685 0.89407750
1.83867569 0.00000472 0.89321198 1.04946997 0.56460685 0.89407750
1.83867569 0.00000472 0.89321198 1.04946997 0.56460685 0.89407750
1.83867569 0.00000472 0.89321198 1.04946997 0.56460685 0.89407750
1.83867569 0.00000472 0.89321198 1.04946997 0.56460685 0.89407750
1.83867569 0.00000472 0.89321198 1.04946997 0.56460685 0.89407750
1.83867569 0.00000472 0.89321198 1.04946997 0.56460685 0.89407750
1.83867569 0.00000472 0.89321198 1.04946997 0.56460685 0.89407750
1.83867569 0.00000472 0.89321198 1.04946997 0.56460685 0.89407750
1.83867569 0.00000472 0.89321198 1.04946997 0.56460685 0.89407750
1.83867569 0.00000472 0.89321198 1.04946997 0.56460685 0.89407750
1.83867569 0.00000472 0.89321198 1.04946997 0.56460685 0.89407750
1.83867569 0.00000472 0.89321198 1.04946997 0.56460685 0.89407750
1.83867569 0.00000472 0.89321198 1.42013477 0.83967790 0.89407750
1.83867569 0.00000472 0.89321198 1.42013477 0.83967790 0.89407750
1.83867569 0.00000472 0.89321198 1.42013477 0.83967790 0.89407750
1.83867569 0.00000472 0.89321198 1.42013477 0.83967790 0.89407750
1.83867569 0.00000472 0.89321198 1.42013477 0.83967790 0.89407750
1.83867569 0.00000472 0.89321198 1.42013477 0.83967790 0.89407750
1.83867569 0.00000472 0.89321198 1.42013477 0.83967790 0.89407750
1.83867569 0.00000472 0.89321198 1.42013477 0.83967790 0.89407750
1.83867569 0.00000472 0.89321198 1.42013477 0.83967790 0.89407750
1.83867569 0.00000472 0.89321198 1.42013477 0.83967790 0.89407750
1.83867569 0.00000472 0.89321198 1.42013477 0.83967790 0.89407750
1.83867569 0.00000472 0.89321198 1.42013477 0.83967790 0.89407750
1.83867569 0.00000472 0.89321198 1.42013477 0.83967790 0.89407750
1.83867569 0.00000472 0.89321198 1.42013477 0.83967790 0.89407750
1.83867569 0.00000472 0.89321198 1.42013477 0.83967790 0.89407750
1.83867569 0.00000472 0.89321198 1.42013477 0.83967790 0.89407750
1.83867569 0.00000472 0.89321198 1.42013477 0.83967790 0.89407750
1.83867569 0.00000472 0.89321198 1.42013477 0.83967790 0.89407750
1.83867569 0.00000472 0.89321198 1.42013477 0.83967790 0.89407750
1.83867569 0.00000472 0.89321198 1.42013477 0.83967790 0.89407750
1.83867569 0.00000472 0.89321198 1.42013477 0.83967790 0.89407750
1.83867569 0.00000472 0.89321198 1.42013477 0.83967790 0.89407750
1.83867569 0.00000472 0.89321198 1.42013477 0.83967790 0.89407750
1.83867569 0.00000472 0.89321198 1.42013477 0.83967790 0.89407750
1.83867569 0.00000472 0.89321198 1.42013477 0.83967790 0.89407750
1.83867569 0.00000472 0.89321198 1.42013477 0.83967790 0.89407750
1.83867569 0.00000472 0.89321198 1.42013477 0.83967790 0.89407750
1.83867569 0.00000472 0.89321198 1.42013477 0.83967790 0.89407750
1.83867569 0.00000472 0.89321198 1.42013477 0.83967790 0.89407750
1.83867569 0.00000472 0.89321198 1.42013477 0.83967790 0.89407750
1.83867569 0.00000472 0.89321198 1.42013477 0.83967790 0.89407750
1.83867569 0.00000472 0.89321198 1.42013477 0.83967790 0.89407750
1.83867569 0.00000472 0.89321198 1.42013477 0.83967790 0.89407750
1.83867569 0.00000472 0.89321198 1.42013477 0.83967790 0.89407750
1.83867569 0.00000472 0.89321198 1.42013477 0.83967790 0.89407750
1.83867569 0.00000472 0.89321198 1.42013477 0.83967790 0.89407750
1.83867569 0.00000472 0.89321198 1.42013477 0.83967790 0.89407750
1.83867569 0.00000472 0.89321198 1.42013477 0.83967790 0.89407750
1.83867569 0.00000472 0.89321198 1.42013477 0.83967790 0.89407750
1.83867569 0.00000472 0.89321198 1.42013477 0.83967790 0.89407750
1.83867569 0.00000472 0.89321198 1.42013477 0.83967790 0.89407750
1.83867569 0.00000472 0.89321198 1.42013477 0.83967790 0.89407750
1.83867569 0.00000472 0.89321198 1.42013477 0.83967790 0.89407750
1.83867569 0.00000472 0.89321198 1.42013477 0.83967790 0.89407750
1.83867569 0.00000472 0.89321198 1.42013477 0.83967790 0.89407750
1.83867569 0.00000472 0.89321198 1.42013477 0.83967790 0.89407750
1.83867569 0.00000472 0.89321198 1.42013477 0.83967790 0.89407750
1.83867569 0.00000472 0.89321198 1.42013477 0.83967790 0.89407750
1.83867569 0.00000472 0.89321198 1.42013477 0.83967790 0.89407750
1.83867569 0.00000472 0.89321198 1.42013477 0.83967790 0.89407750
1.83867569 0.00000472 0.89321198 1.42013477 0.83967790 0.89407750
1.83867569 0.00000472 0.89321198 1.42013477 0.83967790 0.89407750
1.83867569 0.00000472 0.89321198 1.42013477 0.83967790 0.89407750
1.83867569 0.00000472 0.89321198 1.42013477 0.83967790 0.89407750
1.83867569 0.00000472 0.89321198 1.42013477 0.83967790 0.89407750
1.83867569 0.00000472 0.89321198 1.42013477 0.83967790 0.89407750
1.83867569 0.00000472 0.89321198 1.42013477 0.83967790 0.89407750
1.83867569 0.00000472 0.89321198 1.42013477 0.83967790 0.89407750
1.83867569 0.00000472 0.89321198 1.42013477 0.83967790 0.89407750
1.83867569 0.00000472 0.89321198 1.42013477 0.83967790 0.89407750
1.83867569 0.00000472 0.89321198 1.42013477 0.83967790 0.89407750
1.83867569 0.00000472 0.89321198 1.42013477 0.83967790 0.89407750
1.83867569 0.00000472 0.89321198 1.42013477 0.83967790 0.89407750
1.83867569 0.00000472 0.89321198 1.42013477 0.83967790 0.89407750
1.83867569 0.00000472 0.89321198 1.42013477 0.83967790 0.89407750
1.83867569 0.00000472 0.89321198 1.42013477 0.83967790 0.89407750
1.83867569 0.00000472 0.89321198 1.42013477 0.56167089 0.78941183
1.83867569 0.00000472 0.89321198 1.42013477 0.56167089 0.78941183
1.83867569 0.00000472 0.89321198 1.42013477 0.56167089 0.78941183
1.83867569 0.00000472 0.89321198 1.42013477 0.56167089 0.78941183
1.83867569 0.00000472 0.89321198 1.42013477 0.56167089 0.78941183
1.83867569 0.00000472 0.89321198 1.42013477 0.56167089 0.78941183
1.83867569 0.00000472 0.89321198 1.42013477 0.56167089 0.78941183
1.83867569 0.00000472 0.89321198 1.42013477 0.56167089 0.78941183
1.83867569 0.00000472 0.89321198 1.42013477 0.56167089 0.78941183
1.83867569 0.00000472 0.89321198 1.42013477 0.56167089 0.78941183
1.83867569 0.00000472 0.89321198 1.42013477 0.56167089 0.78941183
1.83867569 0.00000472 0.89321198 1.42013477 0.56167089 0.78941183
1.83867569 0.00000472 0.89321198 1.42013477 0.56167089 0.78941183
1.83867569 0.00000472 0.89321198 1.42013477 0.56167089 0.78941183
1.83867569 0.00000472 0.89321198 1.42013477 0.56167089 0.78941183
1.83867569 0.00000472 0.89321198 1.42013477 0.56167089 0.78941183
1.83867569 0.00000472 0.89321198 1.42013477 0.56167089 0.78941183
1.83867569 0.00000472 0.89321198 1.42013477 0.56167089 0.78941183
1.83867569 0.00000472 0.89321198 1.42013477 0.56167089 0.78941183
1.83867569 0.00000472 0.89321198 1.42013477 0.56167089 0.78941183
1.83867569 0.00000472 0.89321198 1.42013477 0.56167089 0.78941183
1.83867569 0.00000472 0.89321198 1.42013477 0.56167089 0.78941183
1.83867569 0.00000472 0.89321198 1.42013477 0.56167089 0.78941183
1.83867569 0.00000472 0.89321198 1.42013477 0.56167089 0.78941183
1.83867569 0.00000472 0.89321198 1.42013477 0.56167089 0.78941183
1.83867569 0.00000472 0.89321198 1.42013477 0.56167089 0.78941183
1.83867569 0.00000472 0.89321198 1.42013477 0.56167089 0.78941183
1.83867569 0.00000472 0.89321198 1.42013477 0.56167089 0.78941183
1.83867569 0.00000472 0.89321198 1.42013477 0.56167089 0.78941183
1.83867569 0.00000472 0.89321198 1.42013477 0.56167089 0.78941183
1.83867569 0.00000472 0.89321198 1.42013477 0.56167089 0.78941183
1.83867569 0.00000472 0.89321198 1.42013477 0.56167089 0.78941183
1.83867569 0.00000472 0.89321198 1.42013477 0.56167089 0.78941183
1.83867569 0.00000472 0.89321198 1.42013477 0.56167089 0.78941183
1.83867569 0.00000472 0.89321198 1.42013477 0.56167089 0.78941183
1.83867569 0.00000472 0.89321198 1.42013477 0.56167089 0.78941183
1.83867569 0.00000472 0.89321198 1.42013477 0.56167089 0.78941183
1.83867569 0.00000472 0.89321198 1.42013477 0.56167089 0.78941183
1.83867569 0.00000472 0.89321198 1.42013477 0.56167089 0.78941183
1.83867569 0.00000472 0.89321198 1.42013477 0.56167089 0.78941183
1.83867569 0.00000472 0.89321198 1.42013477 0.56167089 0.78941183
1.83867569 0.00000472 0.89321198 1.42013477 0.56167089 0.78941183
1.83867569 0.00000472 0.89321198 1.42013477 0.56167089 0.78941183
1.83867569 0.00000472 0.89321198 1.42013477 0.56167089 0.78941183
1.83867569 0.00000472 0.89321198 1.42013477 0.56167089 0.78941183
1.83867569 0.00000472 0.89321198 1.42013477 0.56167089 0.78941183
1.83867569 0.00000472 0.89321198 1.42013477 0.56167089 0.78941183
1.83867569 0.00000472 0.89321198 1.42013477 0.56167089 0.78941183
1.83867569 0.00000472 0.89321198 1.42013477 0.56167089 0.78941183
1.83867569 0.00000472 0.89321198 1.42013477 0.56167089 0.78941183
1.83867569 0.00000472 0.89321198 1.42013477 0.56167089 0.78941183
1.83867569 0.00000472 0.89321198 1.42013477 0.56167089 0.78941183
1.83867569 0.00000472 0.89321198 1.42013477 0.56167089 0.78941183
1.83867569 0.00000472 0.89321198 1.42013477 0.56167089 0.78941183
1.83867569 0.00000472 0.89321198 1.42013477 0.56167089 0.78941183
1.83867569 0.00000472 0.89321198 1.42013477 0.56167089 0.78941183
1.83867569 0.00000472 0.89321198 1.42013477 0.56167089 0.78941183
1.83867569 0.00000472 0.89321198 1.42013477 0.56167089 0.78941183
1.83867569 0.00000472 0.89321198 1.42013477 0.56167089 0.78941183
1.83867569 0.00000472 0.89321198 1.42013477 0.56167089 0.78941183
1.83867569 0.00000472 0.89321198 1.42013477 0.56167089 0.78941183
1.83867569 0.00000472 0.89321198 1.42013477 0.56167089 0.78941183
1.83867569 0.00000472 0.93971480 1.42013477 0.71751086 0.78941183
1.83867569 0.00000472 0.93971480 1.42013477 0.71751086 0.78941183
1.83867569 0.00000472 0.93971480 1.42013477 0.71751086 0.78941183
1.83867569 0.00000472 0.93971480 1.42013477 0.71751086 0.78941183
1.83867569 0.00000472 0.93971480 1.42013477 0.71751086 0.78941183
1.83867569 0.00000472 0.93971480 1.42013477 0.71751086 0.78941183
1.83867569 0.00000472 0.93971480 1.42013477 0.71751086 0.78941183
1.83867569 0.00000472 0.93971480 1.42013477 0.71751086 0.78941183
1.83867569 0.00000472 0.93971480 1.42013477 0.71751086 0.78941183
1.83867569 0.00000472 0.93971480 1.42013477 0.71751086 0.78941183
1.83867569 0.00000472 0.93971480 1.42013477 0.71751086 0.78941183
1.83867569 0.00000472 0.93971480 1.85305986 0.90527602 0.78941183
1.83867569 0.00000472 0.93971480 1.85305986 0.90527602 0.78941183
1.83867569 0.00000472 0.93971480 1.85305986 0.90527602 0.78941183
1.83867569 0.00000472 0.93971480 1.85305986 0.90527602 0.78941183
1.83867569 0.00000472 0.93971480 1.85305986 0.90527602 0.78941183
1.83867569 0.00000472 0.93971480 1.85305986 0.90527602 0.78941183
1.83867569 0.00000472 0.93971480 1.85305986 0.90527602 0.78941183
1.83867569 0.00000472 0.93971480 1.85305986 0.90527602 0.78941183
1.83867569 0.00000472 0.93971480 1.85305986 0.90527602 0.78941183
1.83867569 0.00000472 0.93971480 1.85305986 0.90527602 0.78941183
1.83867569 0.00000472 0.93971480 1.85305986 0.90527602 0.78941183
1.83867569 0.00000472 0.93971480 1.85305986 0.90527602 0.78941183
1.83867569 0.00000472 0.93971480 1.85305986 0.90527602 0.78941183
1.83867569 0.00000472 0.93971480 1.85305986 0.90527602 0.78941183
1.83867569 0.00000472 0.93971480 1.85305986 0.90527602 0.78941183
1.83867569 0.00000472 0.93971480 1.85305986 0.90527602 0.78941183
1.83867569 0.00000472 0.93971480 1.85305986 0.90527602 0.78941183
1.83867569 0.00000472 0.93971480 1.85305986 0.90527602 0.78941183
1.83867569 0.00000472 0.93971480 1.85305986 0.90527602 0.78941183
1.83867569 0.00000472 0.93971480 1.85305986 0.90527602 0.78941183
1.83867569 0.00000472 0.93971480 1.85305986 0.90527602 0.78941183
1.83867569 0.00000472 0.93971480 1.85305986 0.90527602 0.78941183
1.83867569 0.00000472 0.93971480 1.85305986 0.90527602 0.78941183
1.83867569 0.00000472 0.93971480 1.85305986 0.90527602 0.78941183
1.83867569 0.00000472 0.93971480 1.85305986 0.90527602 0.78941183
1.83867569 0.00000472 0.93971480 1.85305986 0.90527602 0.78941183
1.83867569 0.00000472 0.93971480 1.85305986 0.90527602 0.78941183
1.83867569 0.00000472 0.93971480 1.85305986 0.90527602 0.78941183
1.83867569 0.00000472 0.93971480 1.85305986 0.90527602 0.78941183
1.83867569 0.00000472 0.93971480 1.85305986 0.90527602 0.78941183
1.83867569 0.00000472 0.93971480 1.85305986 0.90527602 0.78941183
1.83867569 0.00000472 0.93971480 1.85305986 0.90527602 0.78941183
1.83867569 0.00000472 0.93971480 1.85305986 0.90527602 0.78941183
1.83867569 0.00000472 0.93971480 1.85305986 0.90527602 0.78941183
1.83867569 0.00000472 0.93971480 1.85305986 0.90527602 0.78941183
1.83867569 0.00000472 0.93971480 1.85305986 0.90527602 0.78941183
1.83867569 0.00000472 0.93971480 1.85305986 0.90527602 0.78941183
1.83867569 0.00000472 0.93971480 1.85305986 0.90527602 0.78941183
1.83867569 0.00000472 0.93971480 1.85305986 0.90527602 0.78941183
1.83867569 0.00000472 0.93971480 1.85305986 0.90527602 0.78941183
1.83867569 0.00000472 0.93971480 1.85305986 0.90527602 0.78941183
1.83867569 0.00000472 0.93971480 1.85305986 0.90527602 0.78941183
1.83867569 0.00000472 0.93971480 1.85305986 0.90527602 0.78941183
1.83867569 0.00000472 0.93971480 1.85305986 0.90527602 0.78941183
1.83867569 0.00000472 0.93971480 1.85305986 0.90527602 0.78941183
1.83867569 0.00000472 0.93971480 1.85305986 0.90527602 0.78941183
1.83867569 0.00000472 0.93971480 1.85305986 0.90527602 0.78941183
1.83867569 0.00000472 0.93971480 1.85305986 0.90527602 0.78941183
1.83867569 0.00000472 0.93971480 1.85305986 0.90527602 0.78941183
1.83867569 0.00000472 0.93971480 1.85305986 0.90527602 0.78941183
1.83867569 0.00000472 0.93971480 1.85305986 0.90527602 0.78941183
1.83867569 0.00000472 0.93971480 1.85305986 0.90527602 0.78941183
1.83867569 0.00000472 0.93971480 1.85305986 0.90527602 0.78941183
1.83867569 0.00000472 0.93971480 1.85305986 0.90527602 0.78941183
1.83867569 0.00000472 0.93971480 1.85305986 0.90527602 0.78941183
1.83867569 0.00000472 0.93971480 1.85305986 0.90527602 0.78941183
1.83867569 0.00000472 0.93971480 1.85305986 0.90527602 0.78941183
1.83867569 0.00000472 0.93971480 1.85305986 0.90527602 0.78941183
1.83867569 0.00000472 0.93971480 1.85305986 0.90527602 0.78941183
1.83867569 0.00000472 0.93971480 1.85305986 0.90527602 0.78941183
1.83867569 0.00000472 0.93971480 1.85305986 0.90527602 0.78941183
1.83867569 0.00000472 0.93971480 1.85305986 0.90527602 0.78941183
1.83867569 0.00000472 0.93971480 1.85305986 0.90527602 0.78941183
1.83867569 0.00000472 0.93971480 1.85305986 0.90527602 0.78941183
1.83867569 0.00000472 0.93971480 1.85305986 0.90527602 0.78941183
1.83867569 0.00000472 0.93971480 1.85305986 0.90527602 0.78941183
1.83867569 0.00000472 0.93971480 1.85305986 0.90527602 0.78941183
1.83867569 0.00000472 0.93971480 1.85305986 0.90527602 0.78941183
1.83867569 0.00000472 0.93971480 1.85305986 0.90527602 0.78941183
1.83867569 0.00000472 0.93971480 1.85305986 0.90527602 0.78941183
1.83867569 0.00000472 0.93971480 1.85305986 0.90527602 0.78941183
1.83867569 0.00000472 0.93971480 1.85305986 0.90527602 0.78941183
1.83867569 0.00000472 0.93971480 1.85305986 0.90527602 0.78941183
1.83867569 0.00000472 0.93971480 1.85305986 0.90527602 0.78941183
1.83867569 0.00000472 0.93971480 1.85305986 0.90527602 0.78941183
1.83867569 0.00000472 0.93971480 1.85305986 0.90527602 0.78941183
1.83867569 0.00000472 0.93971480 1.85305986 0.90527602 0.78941183
1.83867569 0.00000472 0.93971480 1.85305986 0.90527602 0.78941183
1.83867569 0.00000472 0.93971480 1.85305986 0.90527602 0.78941183
1.83867569 0.00000472 0.93971480 1.85305986 0.90527602 0.78941183
1.83867569 0.00000472 0.93971480 1.85305986 0.90527602 0.78941183
1.83867569 0.00000472 0.93971480 1.85305986 0.90527602 0.78941183
1.83867569 0.00000472 0.93971480 1.85305986 0.90527602 0.78941183
1.83867569 0.00000472 0.93971480 1.85305986 0.90527602 0.78941183
1.83867569 0.00000472 0.93971480 1.85305986 0.90527602 0.78941183
1.83867569 0.00000472 0.93971480 1.85305986 0.90527602 0.78941183
1.83867569 0.00000472 0.93971480 1.85305986 0.90527602 0.78941183
1.83867569 0.00000472 0.93971480 1.85305986 0.90527602 0.78941183
1.83867569 0.00000472 0.93971480 1.85305986 0.90527602 0.78941183
1.83867569 0.00000472 0.93971480 1.85305986 0.90527602 0.78941183
1.83867569 0.00000472 0.93971480 1.85305986 0.90527602 0.78941183
1.83867569 0.00000472 0.93971480 1.85305986 0.90527602 0.78941183
1.83867569 0.00000472 0.93971480 1.85305986 0.90527602 0.78941183
1.83867569 0.00000472 0.93971480 1.85305986 0.90527602 0.78941183
1.83867569 0.00000472 0.93971480 1.85305986 0.90527602 0.78941183
1.83867569 0.00000472 0.93971480 1.85305986 0.90527602 0.78941183
1.83867569 0.00000472 0.93971480 1.85305986 0.90527602 0.78941183
1.83867569 0.00000472 0.93971480 1.85305986 0.90527602 0.78941183
1.83867569 0.00000472 0.93971480 1.85305986 0.90527602 0.78941183
1.83867569 0.00000472 0.93971480 1.85305986 0.90527602 0.78941183
1.83867569 0.00000472 0.93971480 1.85305986 0.90527602 0.78941183
1.83867569 0.00000472 0.93971480 1.85305986 0.90527602 0.78941183
1.83867569 0.00000472 0.93971480 1.85305986 0.90527602 0.78941183
1.83867569 0.00000472 0.93971480 1.85305986 0.90527602 0.78941183
1.83867569 0.00000472 0.93971480 1.85305986 0.90527602 0.78941183
1.83867569 0.00000472 0.93971480 1.85305986 0.90527602 0.78941183
1.83867569 0.00000472 0.93971480 1.85305986 0.90527602 0.78941183
1.83867569 0.00000472 0.93971480 1.85305986 0.90527602 0.78941183
1.83867569 0.00000472 0.93971480 1.85305986 0.90527602 0.78941183
1.83867569 0.00000472 0.93971480 1.85305986 0.90527602 0.78941183
1.83867569 0.00000472 0.93971480 1.85305986 0.90527602 0.78941183
1.83867569 0.00000472 0.93971480 1.85305986 0.90527602 0.78941183
1.83867569 0.00000472 0.93971480 1.85305986 0.90527602 0.78941183
1.83867569 0.00000472 0.93971480 1.85305986 0.90527602 0.78941183
1.83867569 0.00000472 0.93971480 1.85305986 0.90527602 0.78941183
2.27364341 0.00000472 0.93971480 1.73704108 0.95202055 0.68083658
2.01228270 0.00000472 0.93971480 1.73704108 0.95202055 0.47355786
2.01228270 0.00000472 0.93971480 1.73704108 0.95202055 0.47355786
2.01228270 0.00000472 0.93971480 1.73704108 0.95202055 0.47355786
2.01228270 0.00000472 0.93971480 1.73704108 0.95202055 0.47355786
2.01228270 0.00000472 0.93971480 1.73704108 0.95202055 0.47355786
2.01228270 0.00000472 0.93971480 1.73704108 0.95202055 0.47355786
2.01228270 0.00000472 0.93971480 1.73704108 0.95202055 0.47355786
2.01228270 0.00000472 0.93971480 1.73704108 0.95202055 0.47355786
2.01228270 0.00000472 0.93971480 1.73704108 0.95202055 0.47355786
2.01228270 0.00000472 0.93971480 1.73704108 0.95202055 0.47355786
2.01228270 0.00000472 0.93971480 1.73704108 0.95202055 0.47355786
2.01228270 0.00000472 0.93971480 1.73704108 0.95202055 0.47355786
2.01228270 0.00000472 0.93971480 1.73704108 0.95202055 0.47355786
2.01228270 0.00000472 0.93971480 1.73704108 0.95202055 0.47355786
2.01228270 0.00000472 0.93971480 1.73704108 0.95202055 0.47355786
2.01228270 0.00000472 0.93971480 1.73704108 0.95202055 0.47355786
2.01228270 0.00000472 0.93971480 1.73704108 0.95202055 0.47355786
2.01228270 0.00000472 0.93971480 1.73704108 0.95202055 0.47355786
2.01228270 0.00000472 0.93971480 1.73704108 0.95202055 0.47355786
2.01228270 0.00000472 0.93971480 1.73704108 0.95202055 0.47355786
2.01228270 0.00000472 0.93971480 1.73704108 0.95202055 0.47355786
2.01228270 0.00000472 0.93971480 1.73704108 0.95202055 0.47355786
2.01228270 0.00000472 0.93971480 1.73704108 0.95202055 0.47355786
2.01228270 0.00000472 0.93971480 1.73704108 0.95202055 0.47355786
2.01228270 0.00000472 0.93971480 1.73704108 0.95202055 0.47355786
2.01228270 0.00000472 0.93971480 1.73704108 0.95202055 0.47355786
2.01228270 0.00000472 0.93971480 1.73704108 0.95202055 0.47355786
2.01228270 0.00000472 0.93971480 1.73704108 0.95202055 0.47355786
2.01228270 0.00000472 0.93971480 1.73704108 0.95202055 0.47355786
2.01228270 0.00000472 0.93971480 1.73704108 0.95202055 0.47355786
2.01228270 0.00000472 0.93971480 1.73704108 0.95202055 0.47355786
2.01228270 0.00000472 0.93971480 1.73704108 0.95202055 0.47355786
2.01228270 0.00000472 0.93971480 1.73704108 0.95202055 0.47355786
2.01228270 0.00000472 0.93971480 1.73704108 0.95202055 0.47355786
2.01228270 0.00000472 0.93971480 1.73704108 0.95202055 0.47355786
2.01228270 0.00000472 0.93971480 1.73704108 0.95202055 0.47355786
2.01228270 0.00000472 0.93971480 1.73704108 0.95202055 0.47355786
2.01228270 0.00000472 0.93971480 1.73704108 0.95202055 0.47355786
2.01228270 0.00000472 0.93971480 1.73704108 0.95202055 0.47355786
2.01228270 0.00000472 0.93971480 1.73704108 0.95202055 0.47355786
2.01228270 0.00000472 0.93971480 1.73704108 0.95202055 0.47355786
2.01228270 0.00000472 0.93971480 1.73704108 0.95202055 0.47355786
2.01228270 0.00000472 0.93971480 1.73704108 0.95202055 0.47355786
2.01228270 0.00000472 0.93971480 1.73704108 0.95202055 0.47355786
2.01228270 0.00000472 0.93971480 1.73704108 0.95202055 0.47355786
2.01228270 0.00000472 0.93971480 1.73704108 0.95202055 0.47355786
2.01228270 0.00000472 0.93971480 1.73704108 0.95202055 0.47355786
2.01228270 0.00000472 0.93971480 1.73704108 0.95202055 0.47355786
2.01228270 0.00000472 0.93971480 1.73704108 0.95202055 0.47355786
2.01228270 0.00000472 0.93971480 1.73704108 0.95202055 0.47355786
2.01228270 0.00000472 0.93971480 1.73704108 0.95202055 0.90680713
2.01228270 0.00000472 0.93971480 1.73704108 0.95202055 0.90680713
2.01228270 0.00000472 0.93971480 1.73704108 0.95202055 0.90680713
2.01228270 0.00000472 0.93971480 1.73704108 0.95202055 0.90680713
2.01228270 0.00000472 0.93971480 1.73704108 0.95202055 0.90680713
2.01228270 0.00000472 0.93971480 1.73704108 0.95202055 0.90680713
2.01228270 0.00000472 0.93971480 1.73704108 0.95202055 0.90680713
2.01228270 0.00000472 0.93971480 1.73704108 0.95202055 0.90680713
2.01228270 0.00000472 0.93971480 1.73704108 0.95202055 0.90680713
2.01228270 0.00000472 0.93971480 1.73704108 0.95202055 0.90680713
2.01228270 0.00000472 0.93971480 1.73704108 0.95202055 0.90680713
2.01228270 0.00000472 0.93971480 1.73704108 0.95202055 0.90680713
2.01228270 0.00000472 0.93971480 1.73704108 0.95202055 0.90680713
2.01228270 0.00000472 0.93971480 1.73704108 0.95202055 0.90680713
2.01228270 0.00000472 0.93971480 1.73704108 0.95202055 0.90680713
2.01228270 0.00000472 0.93971480 1.73704108 0.95202055 0.90680713
2.01228270 0.00000472 0.93971480 1.73704108 0.95202055 0.90680713
2.01228270 0.00000472 0.93971480 1.73704108 0.95202055 0.90680713
2.01228270 0.00000472 0.93971480 1.73704108 0.95202055 0.90680713
2.01228270 0.00000472 0.93971480 1.73704108 0.95202055 0.90680713
2.01228270 0.00000472 0.93971480 1.73704108 0.95202055 0.90680713
2.01228270 0.00000472 0.93971480 1.73704108 0.95202055 0.90680713
2.01228270 0.00000472 0.93971480 1.73704108 0.95202055 0.90680713
2.01228270 0.00000472 0.93971480 1.73704108 0.95202055 0.90680713
2.01228270 0.00000472 0.93971480 1.73704108 0.95202055 0.90680713
2.01228270 0.00000472 0.93971480 1.73704108 0.95202055 0.90680713
2.01228270 0.00000472 0.93971480 1.73704108 0.95202055 0.90680713
2.01228270 0.00000472 0.93971480 1.73704108 0.95202055 0.90680713
2.01228270 0.00000472 0.93971480 1.73704108 0.95202055 0.90680713
2.01228270 0.00000472 0.93971480 1.73704108 0.95202055 0.90680713
2.01228270 0.00000472 0.93971480 1.73704108 0.95202055 0.90680713
2.01228270 0.00000472 0.93971480 1.73704108 0.95202055 0.90680713
2.01228270 0.00000472 0.93971480 1.73704108 0.95202055 0.90680713
2.01228270 0.00000472 0.93971480 1.73704108 0.95202055 0.90680713
2.01228270 0.00000472 0.93971480 1.73704108 0.95202055 0.90680713
2.01228270 0.00000472 0.93971480 1.73704108 0.95202055 0.90680713
2.01228270 0.00000472 0.93971480 1.73704108 0.95202055 0.90680713
2.01228270 0.00000472 0.93971480 1.73704108 0.95202055 0.90680713
2.01228270 0.00000472 0.93971480 1.73704108 0.95202055 0.90680713
2.01228270 0.00000472 0.93971480 1.73704108 0.95202055 0.90680713
2.01228270 0.00000472 0.93971480 1.73704108 0.95202055 0.90680713
2.01228270 0.00000472 0.93971480 1.73704108 0.95202055 0.90680713
2.01228270 0.00000472 0.93971480 1.73704108 0.95202055 0.90680713
2.01228270 0.00000472 0.93971480 1.73704108 0.95202055 0.90680713
2.01228270 0.00000472 0.93971480 1.73704108 0.95202055 0.90680713
2.01228270 0.00000472 0.93971480 1.73704108 0.95202055 0.90680713
2.01228270 0.00000472 0.93971480 1.73704108 0.95202055 0.90680713
2.01228270 0.00000472 0.93971480 1.73704108 0.95202055 0.90680713
2.01228270 0.00000472 0.93971480 1.73704108 0.95202055 0.90680713
2.01228270 0.00000472 0.93971480 1.73704108 0.95202055 0.90680713
2.01228270 0.00000472 0.93971480 1.73704108 0.95202055 0.90680713
2.01228270 0.00000472 0.93971480 1.73704108 0.95202055 0.90680713
2.01228270 0.00000472 0.93971480 1.73704108 0.95202055 0.90680713
2.01228270 0.00000472 0.93971480 1.73704108 0.95202055 0.90680713
2.01228270 0.00000472 0.93971480 1.73704108 0.95202055 0.90680713
2.01228270 0.00000472 0.93971480 1.73704108 0.95202055 0.90680713
2.01228270 0.00000472 0.93971480 1.73704108 0.95202055 0.90680713
2.01228270 0.00000472 0.93971480 1.73704108 0.95202055 0.90680713
2.01228270 0.00000472 0.93971480 1.73704108 0.95202055 0.90680713
2.01228270 0.00000472 0.93971480 1.73704108 0.95202055 0.90680713
2.01228270 0.00000472 0.93971480 1.73704108 0.95202055 0.90680713
2.01228270 0.00000472 0.93971480 1.73704108 0.95202055 0.90680713
2.01228270 0.00000472 0.93971480 1.73704108 0.95202055 0.90680713
2.01228270 0.00000472 0.93971480 1.73704108 0.95202055 0.90680713
2.01228270 0.00000472 0.93971480 1.73704108 0.95202055 0.90680713
2.01228270 0.00000472 0.93971480 1.73704108 0.95202055 0.90680713
2.01228270 0.00000472 0.93971480 1.73704108 0.95202055 0.90680713
2.01228270 0.00000472 0.93971480 1.73704108 0.95202055 0.90680713
2.01228270 0.00000472 0.93971480 1.73704108 0.95202055 0.90680713
