0.00000000 0.00000000 0.00000000 0.00000000 0.00000000 0.00000000
0.00000000 0.00000000 0.00000000 0.00000000 0.00000000 0.00000000
0.00000000 0.00000000 0.00000000 0.00000000 0.00000000 0.00000000
0.00000000 0.00000000 0.00000000 0.00000000 0.00000000 0.00000000
0.00000000 0.00000000 0.00000000 0.00000000 0.00000000 0.00000000
0.00000000 0.00000000 0.00000000 0.00000000 0.00000000 0.00000000
0.00000000 0.00000000 0.00000000 0.00000000 0.00000000 0.00000000
0.00000000 0.00000000 0.00000000 0.00000000 0.00000000 0.00000000
0.00000000 0.00000000 0.00000000 0.00000000 0.00000000 0.00000000
0.00000000 0.00000000 0.00000000 0.00000000 0.00000000 0.00000000
0.00000000 0.00000000 0.00000000 0.00000000 0.00000000 0.00000000
0.00000000 0.00000000 0.00000000 0.00000000 0.00000000 0.00000000
0.00000000 0.00000000 0.00000000 0.00000000 0.00000000 0.00000000
0.00000000 0.00000000 0.00000000 0.00000000 0.00000000 0.00000000
0.00000000 0.00000000 0.00000000 0.00000000 0.00000000 0.00000000
0.93287813 0.00000478 0.35387951 0.18360720 0.74876245 0.18795069
0.93287813 0.00000478 0.35387951 0.18360720 0.74876245 0.18795069
0.93287813 0.00000478 0.35387951 0.18360720 0.74876245 0.18795069
0.93287813 0.00000478 0.35387951 0.18360720 0.74876245 0.18795069
1.01697208 0.00000472 0.31680242 0.09613639 0.73557571 0.13340686
1.08954340 0.00000468 0.28683789 0.05682361 0.75023348 0.13708460
1.08954340 0.00000468 0.28683789 0.05682361 0.75023348 0.13708460
1.37148047 0.00000473 0.32386847 0.00486899 0.65605371 0.15397965
1.37148047 0.00000473 0.32386847 0.00486899 0.65605371 0.15397965
1.37148047 0.00000473 0.32386847 0.00486899 0.65605371 0.15397965
1.42726687 0.00000484 0.33676226 0.00486899 0.61865523 0.25935379
1.42726687 0.00000484 0.33676226 0.00486899 0.61865523 0.25935379
1.42726687 0.00000484 0.33676226 0.00486899 0.61865523 0.25935379
1.42726687 0.00000484 0.33676226 0.00486899 0.61865523 0.25935379
1.42726687 0.00000484 0.33676226 0.00486899 0.61865523 0.25935379
1.42726687 0.00000484 0.33676226 0.00486899 0.61865523 0.25935379
1.42726687 0.00000484 0.33676226 0.00486899 0.61865523 0.25935379
1.42726687 0.00000484 0.33676226 0.00486899 0.61865523 0.25935379
1.42726687 0.00000484 0.33676226 0.00486899 0.61865523 0.25935379
1.42726687 0.00000484 0.33676226 0.00486899 0.61865523 0.25935379
1.42726687 0.00000484 0.33676226 0.00486899 0.61865523 0.25935379
1.42726687 0.00000484 0.33676226 0.00486899 0.61865523 0.25935379
1.42726687 0.00000484 0.33676226 0.00486899 0.61865523 0.25935379
1.42726687 0.00000484 0.33676226 0.00486899 0.61865523 0.25935379
1.31648227 0.00000479 0.32564793 0.00486899 0.64500925 0.27435195
1.31648227 0.00000479 0.32564793 0.00486899 0.64500925 0.27435195
1.31648227 0.00000479 0.32564793 0.00486899 0.64500925 0.27435195
1.31648227 0.00000479 0.32564793 0.00486899 0.64500925 0.27435195
1.31648227 0.00000479 0.32564793 0.00486899 0.64500925 0.27435195
1.31648227 0.00000479 0.32564793 0.00486899 0.64500925 0.27435195
1.31648227 0.00000479 0.32564793 0.00486899 0.64500925 0.27435195
1.31648227 0.00000479 0.32564793 0.00486899 0.64500925 0.27435195
1.31648227 0.00000479 0.32564793 0.00486899 0.64500925 0.27435195
1.76971641 0.00000479 0.75463962 0.00486899 0.97011001 0.13261380
1.76971641 0.00000479 0.75463962 0.00486899 0.97011001 0.13261380
1.76971641 0.00000479 0.75463962 0.00486899 0.97011001 0.13261380
1.76971641 0.00000479 0.75463962 0.00486899 0.97011001 0.13261380
1.76971641 0.00000479 0.75463962 0.00486899 0.97011001 0.13261380
1.76971641 0.00000479 0.75463962 0.00486899 0.97011001 0.13261380
1.76971641 0.00000479 0.75463962 0.00486899 0.97011001 0.13261380
1.76971641 0.00000479 0.75463962 0.00486899 0.97011001 0.13261380
1.76971641 0.00000479 0.75463962 0.00486899 0.97011001 0.13261380
1.67897144 0.00000479 0.15498776 0.44496591 0.58568776 0.28285498
1.67897144 0.00000479 0.15498776 0.44496591 0.58568776 0.28285498
1.67897144 0.00000479 0.15498776 0.44496591 0.58568776 0.28285498
1.67897144 0.00000479 0.15498776 0.44496591 0.58568776 0.28285498
1.67897144 0.00000479 0.15498776 0.44496591 0.58568776 0.28285498
1.67897144 0.00000479 0.09846362 0.15570374 0.58568776 0.90833212
1.67897144 0.00000479 0.09846362 0.15570374 0.58568776 0.90833212
1.67897144 0.00000479 0.09846362 0.15570374 0.58568776 0.90833212
1.67897144 0.00000479 0.09846362 0.15570374 0.58568776 0.90833212
1.67897144 0.00000479 0.09846362 0.15570374 0.58568776 0.90833212
1.67897144 0.00000479 0.09846362 0.15570374 0.58568776 0.90833212
1.67897144 0.00000479 0.09846362 0.15570374 0.58568776 0.90833212
1.75280074 0.00000479 0.34738502 0.07641977 0.61428533 0.85106198
1.75280074 0.00000479 0.34738502 0.07641977 0.61428533 0.85106198
1.75280074 0.00000479 0.34738502 0.07641977 0.61428533 0.85106198
1.75280074 0.00000479 0.34738502 0.07641977 0.61428533 0.85106198
1.75280074 0.00000479 0.34738502 0.07641977 0.61428533 0.85106198
1.75280074 0.00000479 0.34738502 0.07641977 0.61428533 0.85106198
1.75280074 0.00000479 0.34738502 0.07641977 0.61428533 0.85106198
1.75280074 0.00000479 0.34738502 0.07641977 0.61428533 0.85106198
1.75280074 0.00000479 0.34738502 0.07641977 0.61428533 0.85106198
1.75280074 0.00000479 0.34738502 0.07641977 0.61428533 0.85106198
1.75280074 0.00000479 0.34738502 0.07641977 0.61428533 0.85106198
1.75280074 0.00000479 0.34738502 0.07641977 0.61428533 0.85106198
1.75280074 0.00000479 0.34738502 0.07641977 0.61428533 0.85106198
1.75280074 0.00000479 0.34738502 0.07641977 0.61428533 0.85106198
1.75280074 0.00000479 0.34738502 0.07641977 0.61428533 0.85106198
1.75280074 0.00000479 0.34738502 0.07641977 0.61428533 0.85106198
1.75280074 0.00000479 0.34738502 0.07641977 0.61428533 0.85106198
1.75280074 0.00000479 0.34738502 0.07641977 0.61428533 0.85106198
1.75280074 0.00000479 0.34738502 0.07641977 0.61428533 0.85106198
1.75280074 0.00000479 0.34738502 0.07641977 0.61428533 0.85106198
1.75280074 0.00000479 0.34738502 0.07641977 0.61428533 0.85106198
1.75280074 0.00000479 0.34738502 0.07641977 0.61428533 0.85106198
1.75280074 0.00000479 0.34738502 0.07641977 0.61428533 0.85106198
1.75280074 0.00000479 0.34738502 0.07641977 0.61428533 0.85106198
1.75280074 0.00000479 0.48781449 0.56254193 0.85152396 0.90113743
1.75280074 0.00000479 0.48781449 0.56254193 0.85152396 0.90113743
1.75280074 0.00000479 0.48781449 0.56254193 0.85152396 0.90113743
1.75280074 0.00000479 0.48781449 0.56254193 0.85152396 0.90113743
1.75280074 0.00000479 0.48781449 0.56254193 0.85152396 0.90113743
1.75280074 0.00000479 0.48781449 0.56254193 0.85152396 0.90113743
1.75280074 0.00000479 0.15539434 0.46144290 0.14047252 0.27902717
1.75280074 0.00000479 0.15539434 0.46144290 0.14047252 0.27902717
1.75280074 0.00000479 0.15539434 0.46144290 0.14047252 0.27902717
1.75280074 0.00000479 0.15539434 0.46144290 0.14047252 0.27902717
1.75280074 0.00000479 0.15539434 0.46144290 0.14047252 0.27902717
1.75280074 0.00000479 0.26661496 0.98472785 0.78901756 0.47121091
1.75280074 0.00000479 0.26661496 0.98472785 0.78901756 0.47121091
1.75280074 0.00000479 0.26661496 0.98472785 0.78901756 0.47121091
1.75280074 0.00000479 0.26661496 0.98472785 0.78901756 0.47121091
1.75280074 0.00000479 0.26661496 0.98472785 0.78901756 0.47121091
1.75280074 0.00000479 0.26661496 0.98472785 0.78901756 0.47121091
1.75280074 0.00000479 0.26661496 0.98472785 0.78901756 0.47121091
1.75280074 0.00000479 0.26661496 0.98472785 0.78901756 0.47121091
1.75280074 0.00000479 0.26661496 0.98472785 0.78901756 0.47121091
1.75280074 0.00000479 0.26661496 0.98472785 0.78901756 0.47121091
1.75280074 0.00000479 0.26661496 0.98472785 0.78901756 0.47121091
1.75280074 0.00000479 0.26661496 1.25325019 0.43014571 0.45468856
1.75280074 0.00000479 0.26661496 1.25325019 0.43014571 0.45468856
1.75280074 0.00000479 0.26661496 1.25325019 0.43014571 0.45468856
1.75280074 0.00000479 0.26661496 1.25325019 0.43014571 0.45468856
1.75280074 0.00000479 0.26661496 1.25325019 0.43014571 0.45468856
1.75280074 0.00000479 0.26413896 1.53593926 0.43014571 0.45468856
1.75280074 0.00000479 0.26413896 1.53593926 0.43014571 0.45468856
1.75280074 0.00000479 0.26413896 1.53593926 0.43014571 0.45468856
1.75280074 0.00000479 0.26413896 1.53593926 0.43014571 0.45468856
1.75280074 0.00000479 0.26413896 1.53593926 0.43014571 0.45468856
1.75280074 0.00000479 0.26413896 1.53593926 0.43014571 0.45468856
1.75280074 0.00000479 0.26413896 1.53593926 0.43014571 0.45468856
1.75280074 0.00000479 0.26413896 1.53593926 0.43014571 0.45468856
1.75280074 0.00000479 0.26413896 1.53593926 0.43014571 0.45468856
1.75280074 0.00000479 0.26413896 1.53593926 0.43014571 0.45468856
1.75280074 0.00000479 0.26413896 1.53593926 0.43014571 0.45468856
1.75280074 0.00000479 0.26413896 1.53593926 0.43014571 0.45468856
1.75280074 0.00000479 0.26413896 1.53593926 0.43014571 0.45468856
1.75280074 0.00000479 0.26413896 1.53593926 0.43014571 0.45468856
1.75280074 0.00000479 0.26413896 1.53593926 0.43014571 0.45468856
1.75280074 0.00000479 0.26413896 1.53593926 0.43014571 0.45468856
1.75280074 0.00000479 0.26413896 1.53593926 0.43014571 0.45468856
1.75280074 0.00000479 0.26413896 1.53593926 0.43014571 0.45468856
1.75280074 0.00000479 0.26413896 1.53593926 0.43014571 0.45468856
1.75280074 0.00000479 0.26413896 1.53593926 0.43014571 0.45468856
1.75280074 0.00000479 0.26413896 1.53593926 0.43014571 0.45468856
1.75280074 0.00000479 0.26413896 1.53593926 0.33438587 0.95889272
1.75280074 0.00000479 0.26413896 1.53593926 0.33438587 0.95889272
1.75280074 0.00000479 0.26413896 1.53593926 0.33438587 0.95889272
1.75280074 0.00000479 0.26413896 1.53593926 0.33438587 0.95889272
1.75280074 0.00000479 0.26413896 1.53593926 0.33438587 0.95889272
1.75280074 0.00000479 0.53939344 1.78935482 0.61103915 0.95889272
1.75280074 0.00000479 0.53939344 1.78935482 0.61103915 0.95889272
1.75280074 0.00000479 0.53939344 1.78935482 0.61103915 0.95889272
1.75280074 0.00000479 0.53939344 1.78935482 0.61103915 0.95889272
1.75280074 0.00000479 0.53939344 1.78935482 0.61103915 0.95889272
1.75280074 0.00000479 0.53939344 1.78935482 0.61103915 0.95889272
1.75280074 0.00000479 0.53939344 1.78935482 0.61103915 0.95889272
1.75280074 0.00000479 0.53939344 1.78935482 0.61103915 0.95889272
1.75280074 0.00000479 0.53939344 1.78935482 0.61103915 0.95889272
1.75280074 0.00000479 0.53939344 1.78935482 0.61103915 0.95889272
1.75280074 0.00000479 0.53939344 1.78935482 0.61103915 0.95889272
1.75280074 0.00000479 0.53939344 1.78935482 0.61103915 0.95889272
1.75280074 0.00000479 0.53939344 1.78935482 0.61103915 0.95889272
1.75280074 0.00000479 0.53939344 1.78935482 0.61103915 0.95889272
1.75280074 0.00000479 0.53939344 1.78935482 0.61103915 0.95889272
1.75280074 0.00000479 0.53939344 1.78935482 0.61103915 0.95889272
1.75280074 0.00000479 0.67331518 1.94966476 0.72376144 0.95889272
1.75280074 0.00000479 0.67331518 1.94966476 0.72376144 0.95889272
1.75280074 0.00000479 0.67331518 1.94966476 0.72376144 0.95889272
1.75280074 0.00000479 0.67331518 1.94966476 0.72376144 0.95889272
1.75280074 0.00000479 0.67331518 1.94966476 0.72376144 0.95889272
1.75280074 0.00000479 0.67331518 1.94966476 0.72376144 0.95889272
1.75280074 0.00000479 0.67331518 1.94966476 0.72376144 0.95889272
1.75280074 0.00000479 0.34287601 0.71333066 0.06229607 0.65416188
1.75280074 0.00000479 0.34287601 0.71333066 0.06229607 0.65416188
1.75280074 0.00000479 0.34287601 0.71333066 0.06229607 0.65416188
1.75280074 0.00000479 0.34287601 0.71333066 0.06229607 0.65416188
1.75280074 0.00000479 0.34287601 0.71333066 0.06229607 0.65416188
1.75280074 0.00000479 0.34287601 0.71333066 0.06229607 0.65416188
1.75280074 0.00000479 0.34287601 0.71333066 0.06229607 0.65416188
1.75280074 0.00000479 0.34287601 0.71333066 0.06229607 0.65416188
1.75280074 0.00000479 0.34287601 0.71333066 0.06229607 0.65416188
1.75280074 0.00000479 0.34287601 0.71333066 0.06229607 0.65416188
1.75280074 0.00000479 0.34287601 0.71333066 0.06229607 0.65416188
1.75280074 0.00000479 0.34287601 0.71333066 0.06229607 0.65416188
1.75280074 0.00000479 0.34287601 0.71333066 0.06229607 0.65416188
1.75280074 0.00000479 0.34287601 0.71333066 0.06229607 0.65416188
1.75280074 0.00000479 0.34287601 0.71333066 0.06229607 0.65416188
1.75280074 0.00000479 0.34287601 0.71333066 0.06229607 0.65416188
1.75280074 0.00000479 0.34287601 0.71333066 0.06229607 0.65416188
1.75280074 0.00000479 0.34287601 0.71333066 0.06229607 0.65416188
1.75280074 0.00000479 0.34287601 0.71333066 0.06229607 0.65416188
1.75280074 0.00000479 0.34287601 0.71333066 0.06229607 0.65416188
1.75280074 0.00000479 0.34287601 0.71333066 0.06229607 0.65416188
1.75280074 0.00000479 0.34287601 0.71333066 0.06229607 0.65416188
1.75280074 0.00000479 0.34287601 0.71333066 0.06229607 0.65416188
1.75280074 0.00000479 0.34287601 0.71333066 0.06229607 0.65416188
1.75280074 0.00000479 0.34287601 0.71333066 0.06229607 0.65416188
1.75280074 0.00000479 0.34287601 0.71333066 0.06229607 0.65416188
1.75280074 0.00000479 0.34287601 0.71333066 0.06229607 0.65416188
1.75280074 0.00000479 0.34287601 0.71333066 0.06229607 0.65416188
1.75280074 0.00000479 0.34287601 0.71333066 0.06229607 0.65416188
1.75280074 0.00000479 0.34287601 0.71333066 0.06229607 0.65416188
1.75280074 0.00000479 0.34287601 0.71333066 0.06229607 0.65416188
1.75280074 0.00000479 0.34287601 0.71333066 0.06229607 0.65416188
1.75280074 0.00000479 0.34287601 0.71333066 0.06229607 0.65416188
1.75280074 0.00000479 0.34287601 0.71333066 0.06229607 0.65416188
1.75280074 0.00000479 0.34287601 0.71333066 0.06229607 0.65416188
1.75280074 0.00000479 0.34287601 0.71333066 0.06229607 0.65416188
1.75280074 0.00000479 0.34287601 0.71333066 0.06229607 0.65416188
1.75280074 0.00000479 0.34287601 0.71333066 0.06229607 0.65416188
1.75280074 0.00000479 0.34287601 0.71333066 0.06229607 0.65416188
1.75280074 0.00000479 0.34287601 0.71333066 0.06229607 0.65416188
1.75280074 0.00000479 0.34287601 0.71333066 0.06229607 0.65416188
1.75280074 0.00000479 0.34287601 0.71333066 0.06229607 0.65416188
1.75280074 0.00000479 0.34287601 0.71333066 0.06229607 0.65416188
1.75280074 0.00000479 0.34287601 0.71333066 0.06229607 0.65416188
1.75280074 0.00000479 0.34287601 0.71333066 0.06229607 0.65416188
1.75280074 0.00000479 0.34287601 0.71333066 0.06229607 0.65416188
1.75280074 0.00000479 0.34287601 0.71333066 0.06229607 0.65416188
1.75280074 0.00000479 0.34287601 0.71333066 0.06229607 0.65416188
1.75280074 0.00000479 0.34287601 0.71333066 0.06229607 0.65416188
1.75280074 0.00000479 0.34287601 0.71333066 0.06229607 0.65416188
1.75280074 0.00000479 0.34287601 0.71333066 0.06229607 0.65416188
1.75280074 0.00000479 0.34287601 0.71333066 0.06229607 0.65416188
1.75280074 0.00000479 0.34287601 0.71333066 0.06229607 0.65416188
1.75280074 0.00000479 0.34287601 0.71333066 0.06229607 0.65416188
1.75280074 0.00000479 0.34287601 0.71333066 0.06229607 0.65416188
1.75280074 0.00000479 0.34287601 0.71333066 0.06229607 0.65416188
1.75280074 0.00000479 0.34287601 0.71333066 0.06229607 0.65416188
1.75280074 0.00000479 0.34287601 0.71333066 0.06229607 0.65416188
1.75280074 0.00000479 0.34287601 0.71333066 0.06229607 0.65416188
1.75280074 0.00000479 0.34287601 0.71333066 0.06229607 0.65416188
1.75280074 0.00000479 0.34287601 0.71333066 0.06229607 0.65416188
1.75280074 0.00000479 0.34287601 0.71333066 0.06229607 0.65416188
1.75280074 0.00000479 0.34287601 0.71333066 0.06229607 0.65416188
1.75280074 0.00000479 0.34287601 0.71333066 0.06229607 0.65416188
1.75280074 0.00000479 0.34287601 0.71333066 0.06229607 0.65416188
1.75280074 0.00000479 0.34287601 0.71333066 0.06229607 0.65416188
1.75280074 0.00000479 0.34287601 0.71333066 0.06229607 0.65416188
1.75280074 0.00000479 0.34287601 0.71333066 0.06229607 0.65416188
1.75280074 0.00000479 0.34287601 0.71333066 0.06229607 0.65416188
1.75280074 0.00000479 0.34287601 0.71333066 0.06229607 0.65416188
1.75280074 0.00000479 0.34287601 0.71333066 0.06229607 0.65416188
1.75280074 0.00000479 0.34287601 0.71333066 0.06229607 0.65416188
1.75280074 0.00000479 0.34287601 0.71333066 0.06229607 0.65416188
1.75280074 0.00000479 0.34287601 0.71333066 0.06229607 0.65416188
1.75280074 0.00000479 0.34287601 0.71333066 0.06229607 0.65416188
1.75280074 0.00000479 0.34287601 0.71333066 0.06229607 0.65416188
1.75280074 0.00000479 0.34287601 0.71333066 0.06229607 0.65416188
1.75280074 0.00000479 0.34287601 0.71333066 0.06229607 0.65416188
1.75280074 0.00000479 0.34287601 0.71333066 0.06229607 0.65416188
1.75280074 0.00000479 0.34287601 0.71333066 0.06229607 0.65416188
1.75280074 0.00000479 0.34287601 0.71333066 0.06229607 0.65416188
1.75280074 0.00000479 0.34287601 0.71333066 0.06229607 0.65416188
1.75280074 0.00000479 0.34287601 0.71333066 0.06229607 0.65416188
1.75280074 0.00000479 0.34287601 0.71333066 0.06229607 0.65416188
1.75280074 0.00000479 0.34287601 0.71333066 0.06229607 0.65416188
1.75280074 0.00000479 0.34287601 0.71333066 0.06229607 0.65416188
1.75280074 0.00000479 0.34287601 0.71333066 0.06229607 0.65416188
1.75280074 0.00000479 0.34287601 0.71333066 0.06229607 0.65416188
1.75280074 0.00000479 0.34287601 0.71333066 0.06229607 0.65416188
1.75280074 0.00000479 0.34287601 0.71333066 0.06229607 0.65416188
1.75280074 0.00000479 0.34287601 0.71333066 0.06229607 0.65416188
1.75280074 0.00000479 0.34287601 0.71333066 0.06229607 0.65416188
1.75280074 0.00000479 0.34287601 0.71333066 0.06229607 0.65416188
1.75280074 0.00000479 0.34287601 0.71333066 0.06229607 0.65416188
1.75280074 0.00000479 0.34287601 0.71333066 0.06229607 0.65416188
1.75280074 0.00000479 0.34287601 0.71333066 0.06229607 0.65416188
1.75280074 0.00000479 0.34287601 0.71333066 0.06229607 0.65416188
1.75280074 0.00000479 0.34287601 0.71333066 0.06229607 0.65416188
1.75280074 0.00000479 0.34287601 0.71333066 0.06229607 0.65416188
1.75280074 0.00000479 0.34287601 0.71333066 0.06229607 0.65416188
1.75280074 0.00000479 0.34287601 0.71333066 0.06229607 0.65416188
1.75280074 0.00000479 0.34287601 0.71333066 0.06229607 0.65416188
1.75280074 0.00000479 0.34287601 0.71333066 0.06229607 0.65416188
1.75280074 0.00000479 0.34287601 0.71333066 0.06229607 0.65416188
1.75280074 0.00000479 0.34287601 0.71333066 0.06229607 0.65416188
1.75280074 0.00000479 0.34287601 0.71333066 0.06229607 0.65416188
1.75280074 0.00000479 0.34287601 0.71333066 0.06229607 0.65416188
1.75280074 0.00000479 0.34287601 0.71333066 0.06229607 0.65416188
1.75280074 0.00000479 0.34287601 0.71333066 0.06229607 0.65416188
1.75280074 0.00000479 0.34287601 0.71333066 0.06229607 0.65416188
1.75280074 0.00000479 0.34287601 0.71333066 0.06229607 0.65416188
1.75280074 0.00000479 0.34287601 0.71333066 0.06229607 0.65416188
1.75280074 0.00000479 0.34287601 0.71333066 0.06229607 0.65416188
1.75280074 0.00000479 0.34287601 0.71333066 0.06229607 0.65416188
1.75280074 0.00000479 0.34287601 0.71333066 0.06229607 0.65416188
1.75280074 0.00000479 0.34287601 0.71333066 0.06229607 0.65416188
1.75280074 0.00000479 0.34287601 0.71333066 0.06229607 0.65416188
1.75280074 0.00000479 0.34287601 0.71333066 0.06229607 0.65416188
1.75280074 0.00000479 0.34287601 0.71333066 0.06229607 0.65416188
1.75280074 0.00000479 0.34287601 0.71333066 0.06229607 0.65416188
1.75280074 0.00000479 0.34287601 0.71333066 0.06229607 0.65416188
1.75280074 0.00000479 0.34287601 0.71333066 0.06229607 0.65416188
1.75280074 0.00000479 0.34287601 0.71333066 0.06229607 0.65416188
1.75280074 0.00000479 0.34287601 0.71333066 0.06229607 0.65416188
1.75280074 0.00000479 0.34287601 0.71333066 0.06229607 0.65416188
1.75280074 0.00000479 0.34287601 0.71333066 0.06229607 0.65416188
1.75280074 0.00000479 0.34287601 0.71333066 0.06229607 0.65416188
1.75280074 0.00000479 0.34287601 0.71333066 0.06229607 0.65416188
1.75280074 0.00000479 0.34287601 0.71333066 0.06229607 0.65416188
1.75280074 0.00000479 0.34287601 0.71333066 0.06229607 0.65416188
1.75280074 0.00000479 0.34287601 0.71333066 0.06229607 0.65416188
1.75280074 0.00000479 0.34287601 0.71333066 0.06229607 0.65416188
1.75280074 0.00000479 0.34287601 0.71333066 0.06229607 0.65416188
1.75280074 0.00000479 0.34287601 0.71333066 0.06229607 0.65416188
1.75280074 0.00000479 0.34287601 0.71333066 0.06229607 0.65416188
1.75280074 0.00000479 0.34287601 0.71333066 0.06229607 0.65416188
1.75280074 0.00000479 0.34287601 0.71333066 0.06229607 0.65416188
1.75280074 0.00000479 0.34287601 0.71333066 0.06229607 0.65416188
1.75280074 0.00000479 0.34287601 0.71333066 0.06229607 0.65416188
1.75280074 0.00000479 0.34287601 0.71333066 0.06229607 0.65416188
1.75280074 0.00000479 0.34287601 0.71333066 0.06229607 0.65416188
1.75280074 0.00000479 0.34287601 0.71333066 0.06229607 0.65416188
1.75280074 0.00000479 0.34287601 0.71333066 0.06229607 0.65416188
1.75280074 0.00000479 0.34287601 0.71333066 0.06229607 0.65416188
1.75280074 0.00000479 0.34287601 0.71333066 0.06229607 0.65416188
1.75280074 0.00000479 0.34287601 0.71333066 0.06229607 0.65416188
1.75280074 0.00000479 0.34287601 0.71333066 0.06229607 0.65416188
1.75280074 0.00000479 0.34287601 0.71333066 0.06229607 0.65416188
1.75280074 0.00000479 0.34287601 0.71333066 0.06229607 0.65416188
1.75280074 0.00000479 0.34287601 0.71333066 0.06229607 0.65416188
1.75280074 0.00000479 0.34287601 0.71333066 0.06229607 0.65416188
1.75280074 0.00000479 0.34287601 0.71333066 0.06229607 0.65416188
1.75280074 0.00000479 0.34287601 0.71333066 0.06229607 0.65416188
1.75280074 0.00000479 0.34287601 0.71333066 0.06229607 0.65416188
1.75280074 0.00000479 0.34287601 0.71333066 0.06229607 0.65416188
1.75280074 0.00000479 0.34287601 0.71333066 0.06229607 0.65416188
1.75280074 0.00000479 0.34287601 0.71333066 0.06229607 0.65416188
1.75280074 0.00000479 0.34287601 0.71333066 0.06229607 0.65416188
1.75280074 0.00000479 0.34287601 0.71333066 0.06229607 0.65416188
1.75280074 0.00000479 0.34287601 0.71333066 0.06229607 0.65416188
1.75280074 0.00000479 0.34287601 0.71333066 0.06229607 0.65416188
1.75280074 0.00000479 0.34287601 0.71333066 0.06229607 0.65416188
1.75280074 0.00000479 0.34287601 0.71333066 0.06229607 0.65416188
1.75280074 0.00000479 0.34287601 0.71333066 0.06229607 0.65416188
1.75280074 0.00000479 0.34287601 0.71333066 0.06229607 0.65416188
1.75280074 0.00000479 0.34287601 0.71333066 0.06229607 0.65416188
1.75280074 0.00000479 0.34287601 0.71333066 0.06229607 0.65416188
1.75280074 0.00000479 0.34287601 0.71333066 0.06229607 0.65416188
1.75280074 0.00000479 0.34287601 0.71333066 0.06229607 0.65416188
1.75280074 0.00000479 0.34287601 0.71333066 0.06229607 0.65416188
1.75280074 0.00000479 0.34287601 0.71333066 0.06229607 0.65416188
1.75280074 0.00000479 0.34287601 0.71333066 0.06229607 0.65416188
1.75280074 0.00000479 0.34287601 0.71333066 0.06229607 0.65416188
1.75280074 0.00000479 0.34287601 0.71333066 0.06229607 0.65416188
1.75280074 0.00000479 0.34287601 0.71333066 0.06229607 0.65416188
1.75280074 0.00000479 0.34287601 0.71333066 0.06229607 0.65416188
1.75280074 0.00000479 0.34287601 0.71333066 0.06229607 0.65416188
1.75280074 0.00000479 0.34287601 0.71333066 0.06229607 0.65416188
1.75280074 0.00000479 0.34287601 0.71333066 0.06229607 0.65416188
1.75280074 0.00000479 0.34287601 0.71333066 0.06229607 0.65416188
1.75280074 0.00000479 0.34287601 0.71333066 0.06229607 0.65416188
1.75280074 0.00000479 0.34287601 0.71333066 0.06229607 0.65416188
1.75280074 0.00000479 0.34287601 0.71333066 0.06229607 0.65416188
1.75280074 0.00000479 0.34287601 0.71333066 0.06229607 0.65416188
1.75280074 0.00000479 0.34287601 0.71333066 0.06229607 0.65416188
1.75280074 0.00000479 0.34287601 0.71333066 0.06229607 0.65416188
1.75280074 0.00000479 0.34287601 0.71333066 0.06229607 0.65416188
1.75280074 0.00000479 0.34287601 0.71333066 0.06229607 0.65416188
1.75280074 0.00000479 0.34287601 0.71333066 0.06229607 0.65416188
1.75280074 0.00000479 0.34287601 0.71333066 0.06229607 0.65416188
1.75280074 0.00000479 0.34287601 0.71333066 0.06229607 0.65416188
1.75280074 0.00000479 0.34287601 0.71333066 0.06229607 0.65416188
1.75280074 0.00000479 0.34287601 0.71333066 0.06229607 0.65416188
1.75280074 0.00000479 0.34287601 0.71333066 0.06229607 0.65416188
1.75280074 0.00000479 0.34287601 0.71333066 0.06229607 0.65416188
1.75280074 0.00000479 0.34287601 0.71333066 0.06229607 0.65416188
1.75280074 0.00000479 0.34287601 0.71333066 0.06229607 0.65416188
1.75280074 0.00000479 0.34287601 0.71333066 0.06229607 0.65416188
1.75280074 0.00000479 0.34287601 0.71333066 0.06229607 0.65416188
1.75280074 0.00000479 0.34287601 0.71333066 0.06229607 0.65416188
1.75280074 0.00000479 0.34287601 0.71333066 0.06229607 0.65416188
1.75280074 0.00000479 0.34287601 0.71333066 0.06229607 0.65416188
1.75280074 0.00000479 0.34287601 0.71333066 0.06229607 0.65416188
1.75280074 0.00000479 0.34287601 0.71333066 0.06229607 0.65416188
1.75280074 0.00000479 0.34287601 0.71333066 0.06229607 0.65416188
1.75280074 0.00000479 0.20985053 0.97060322 0.34252530 0.65416188
1.75280074 0.00000479 0.20985053 0.97060322 0.34252530 0.65416188
1.75280074 0.00000479 0.20985053 0.97060322 0.34252530 0.65416188
1.75280074 0.00000479 0.20985053 0.97060322 0.34252530 0.65416188
1.75280074 0.00000479 0.20985053 0.97060322 0.34252530 0.65416188
1.75280074 0.00000479 0.20985053 0.97060322 0.34252530 0.65416188
1.75280074 0.00000479 0.20985053 0.97060322 0.34252530 0.65416188
1.75280074 0.00000479 0.20985053 0.97060322 0.34252530 0.65416188
1.75280074 0.00000479 0.20985053 0.97060322 0.34252530 0.65416188
1.75280074 0.00000479 0.20985053 0.97060322 0.34252530 0.65416188
1.75280074 0.00000479 0.20985053 0.97060322 0.34252530 0.65416188
1.75280074 0.00000479 0.20985053 0.97060322 0.34252530 0.65416188
1.75280074 0.00000479 0.20985053 0.97060322 0.34252530 0.65416188
1.75280074 0.00000479 0.20985053 0.97060322 0.34252530 0.65416188
1.75280074 0.00000479 0.20985053 0.97060322 0.34252530 0.65416188
1.75280074 0.00000479 0.20985053 0.97060322 0.34252530 0.65416188
1.75280074 0.00000479 0.20985053 0.97060322 0.34252530 0.65416188
1.75280074 0.00000479 0.20985053 0.97060322 0.34252530 0.65416188
1.75280074 0.00000479 0.20985053 0.97060322 0.34252530 0.65416188
1.75280074 0.00000479 0.20985053 0.97060322 0.34252530 0.65416188
1.75280074 0.00000479 0.20985053 0.97060322 0.34252530 0.65416188
1.75280074 0.00000479 0.20985053 0.97060322 0.34252530 0.65416188
1.75280074 0.00000479 0.20985053 0.97060322 0.34252530 0.65416188
1.75280074 0.00000479 0.20985053 0.97060322 0.34252530 0.65416188
1.75280074 0.00000479 0.20985053 0.97060322 0.34252530 0.65416188
1.75280074 0.00000479 0.20985053 0.97060322 0.34252530 0.65416188
1.75280074 0.00000479 0.20985053 0.97060322 0.34252530 0.65416188
1.75280074 0.00000479 0.20985053 0.97060322 0.34252530 0.65416188
1.75280074 0.00000479 0.20985053 0.97060322 0.34252530 0.65416188
1.75280074 0.00000479 0.20985053 0.97060322 0.34252530 0.65416188
1.75280074 0.00000479 0.20985053 0.97060322 0.34252530 0.65416188
1.75280074 0.00000479 0.20985053 0.97060322 0.34252530 0.65416188
1.75280074 0.00000479 0.20985053 0.97060322 0.34252530 0.65416188
1.75280074 0.00000479 0.20985053 0.97060322 0.34252530 0.65416188
1.75280074 0.00000479 0.20985053 0.97060322 0.34252530 0.65416188
1.75280074 0.00000479 0.20985053 0.97060322 0.34252530 0.65416188
1.75280074 0.00000479 0.20985053 0.97060322 0.34252530 0.65416188
1.75280074 0.00000479 0.20985053 0.97060322 0.34252530 0.65416188
1.75280074 0.00000479 0.20985053 0.97060322 0.34252530 0.65416188
1.75280074 0.00000479 0.20985053 0.97060322 0.34252530 0.65416188
1.75280074 0.00000479 0.20985053 0.97060322 0.34252530 0.65416188
1.75280074 0.00000479 0.20985053 0.97060322 0.34252530 0.65416188
1.75280074 0.00000479 0.20985053 0.97060322 0.34252530 0.65416188
1.75280074 0.00000479 0.20985053 0.97060322 0.34252530 0.65416188
1.75280074 0.00000479 0.20985053 0.97060322 0.34252530 0.65416188
1.75280074 0.00000479 0.20985053 0.97060322 0.34252530 0.65416188
1.75280074 0.00000479 0.20985053 0.97060322 0.34252530 0.65416188
1.75280074 0.00000479 0.20985053 0.97060322 0.34252530 0.65416188
1.75280074 0.00000479 0.20985053 0.97060322 0.34252530 0.65416188
1.75280074 0.00000479 0.20985053 0.97060322 0.34252530 0.65416188
1.75280074 0.00000479 0.20985053 0.97060322 0.34252530 0.65416188
1.75280074 0.00000479 0.20985053 0.97060322 0.34252530 0.65416188
1.75280074 0.00000479 0.20985053 0.97060322 0.34252530 0.65416188
1.75280074 0.00000479 0.20985053 0.97060322 0.34252530 0.65416188
1.75280074 0.00000479 0.20985053 0.97060322 0.34252530 0.65416188
1.75280074 0.00000479 0.20985053 0.97060322 0.34252530 0.65416188
1.75280074 0.00000479 0.20985053 0.97060322 0.34252530 0.65416188
1.75280074 0.00000479 0.20985053 0.97060322 0.34252530 0.65416188
1.75280074 0.00000479 0.20985053 1.49815356 0.76303214 0.62585114
1.75280074 0.00000479 0.20985053 1.49815356 0.76303214 0.62585114
1.75280074 0.00000479 0.20985053 1.49815356 0.76303214 0.62585114
1.75280074 0.00000479 0.20985053 1.49815356 0.76303214 0.62585114
1.75280074 0.00000479 0.20985053 1.49815356 0.76303214 0.62585114
1.75280074 0.00000479 0.20985053 1.49815356 0.76303214 0.62585114
1.75280074 0.00000479 0.20985053 1.49815356 0.76303214 0.62585114
1.75280074 0.00000479 0.20985053 1.49815356 0.76303214 0.62585114
1.75280074 0.00000479 0.20985053 1.49815356 0.76303214 0.62585114
1.75280074 0.00000479 0.20985053 1.49815356 0.76303214 0.62585114
1.75280074 0.00000479 0.20985053 1.49815356 0.76303214 0.62585114
1.75280074 0.00000479 0.20985053 1.49815356 0.76303214 0.62585114
1.75280074 0.00000479 0.20985053 1.49815356 0.76303214 0.62585114
1.75280074 0.00000479 0.20985053 1.49815356 0.76303214 0.62585114
1.75280074 0.00000479 0.20985053 1.49815356 0.76303214 0.62585114
1.75280074 0.00000479 0.20985053 1.49815356 0.76303214 0.62585114
1.75280074 0.00000479 0.20985053 1.49815356 0.76303214 0.62585114
1.75280074 0.00000479 0.20985053 1.49815356 0.76303214 0.62585114
1.75280074 0.00000479 0.20985053 1.49815356 0.76303214 0.62585114
1.75280074 0.00000479 0.20985053 1.49815356 0.76303214 0.62585114
1.75280074 0.00000479 0.20985053 1.49815356 0.76303214 0.62585114
1.75280074 0.00000479 0.20985053 1.49815356 0.76303214 0.62585114
1.75280074 0.00000479 0.20985053 1.49815356 0.76303214 0.62585114
1.75280074 0.00000479 0.20985053 1.49815356 0.76303214 0.62585114
1.75280074 0.00000479 0.20985053 1.49815356 0.76303214 0.62585114
1.75280074 0.00000479 0.20985053 1.49815356 0.76303214 0.62585114
1.75280074 0.00000479 0.20985053 1.49815356 0.76303214 0.62585114
1.75280074 0.00000479 0.20985053 1.49815356 0.76303214 0.62585114
1.75280074 0.00000479 0.20985053 1.49815356 0.76303214 0.62585114
1.75280074 0.00000479 0.20985053 1.49815356 0.76303214 0.62585114
1.75280074 0.00000479 0.20985053 1.49815356 0.76303214 0.62585114
1.75280074 0.00000479 0.20985053 1.49815356 0.76303214 0.62585114
1.75280074 0.00000479 0.20985053 1.49815356 0.76303214 0.62585114
1.75280074 0.00000479 0.20985053 1.49815356 0.76303214 0.62585114
1.75280074 0.00000479 0.20985053 1.49815356 0.76303214 0.62585114
1.75280074 0.00000479 0.20985053 1.49815356 0.76303214 0.62585114
1.75280074 0.00000479 0.20985053 1.49815356 0.76303214 0.62585114
1.75280074 0.00000479 0.20985053 1.49815356 0.76303214 0.62585114
1.75280074 0.00000479 0.20985053 1.49815356 0.76303214 0.62585114
1.75280074 0.00000479 0.20985053 1.49815356 0.76303214 0.62585114
1.75280074 0.00000479 0.20985053 1.49815356 0.76303214 0.62585114
1.75280074 0.00000479 0.20985053 1.49815356 0.76303214 0.62585114
1.75280074 0.00000479 0.20985053 1.49815356 0.76303214 0.62585114
1.75280074 0.00000479 0.20985053 1.49815356 0.76303214 0.62585114
1.75280074 0.00000479 0.20985053 1.49815356 0.76303214 0.62585114
1.75280074 0.00000479 0.20985053 1.49815356 0.76303214 0.62585114
1.75280074 0.00000479 0.20985053 1.49815356 0.76303214 0.62585114
1.75280074 0.00000479 0.20985053 1.49815356 0.76303214 0.62585114
1.75280074 0.00000479 0.20985053 1.49815356 0.76303214 0.62585114
1.75280074 0.00000479 0.20985053 1.49815356 0.76303214 0.62585114
1.75280074 0.00000479 0.20985053 1.49815356 0.76303214 0.62585114
1.75280074 0.00000479 0.20985053 1.49815356 0.76303214 0.62585114
1.75280074 0.00000479 0.20985053 1.49815356 0.76303214 0.62585114
1.75280074 0.00000479 0.61917475 0.81053280 0.76303214 0.62585114
1.75280074 0.00000479 0.61917475 0.81053280 0.76303214 0.62585114
1.75280074 0.00000479 0.61917475 0.81053280 0.76303214 0.62585114
1.75280074 0.00000479 0.61917475 0.81053280 0.76303214 0.62585114
1.75280074 0.00000479 0.61917475 0.81053280 0.76303214 0.62585114
1.75280074 0.00000479 0.61917475 0.81053280 0.76303214 0.62585114
1.75280074 0.00000479 0.61917475 0.81053280 0.76303214 0.62585114
1.75280074 0.00000479 0.61917475 0.81053280 0.76303214 0.62585114
1.75280074 0.00000479 0.61917475 0.81053280 0.76303214 0.62585114
1.75280074 0.00000479 0.61917475 0.81053280 0.76303214 0.62585114
1.75280074 0.00000479 0.61917475 0.81053280 0.76303214 0.62585114
1.75280074 0.00000479 0.61917475 0.81053280 0.76303214 0.62585114
1.75280074 0.00000479 0.61917475 0.81053280 0.76303214 0.62585114
1.75280074 0.00000479 0.61917475 0.81053280 0.76303214 0.62585114
1.75280074 0.00000479 0.61917475 0.81053280 0.76303214 0.62585114
1.75280074 0.00000479 0.61917475 0.81053280 0.76303214 0.62585114
1.75280074 0.00000479 0.61917475 0.81053280 0.76303214 0.62585114
1.75280074 0.00000479 0.61917475 0.81053280 0.76303214 0.62585114
1.75280074 0.00000479 0.61917475 0.81053280 0.76303214 0.62585114
1.75280074 0.00000479 0.61917475 0.81053280 0.76303214 0.62585114
1.75280074 0.00000479 0.61917475 0.81053280 0.76303214 0.62585114
1.75280074 0.00000479 0.61917475 0.81053280 0.76303214 0.62585114
1.75280074 0.00000479 0.61917475 0.81053280 0.76303214 0.62585114
1.75280074 0.00000479 0.61917475 0.81053280 0.76303214 0.62585114
1.75280074 0.00000479 0.61917475 0.81053280 0.76303214 0.62585114
1.75280074 0.00000479 0.61917475 0.81053280 0.76303214 0.62585114
1.75280074 0.00000479 0.61917475 0.81053280 0.76303214 0.62585114
1.75280074 0.00000479 0.61917475 0.81053280 0.76303214 0.62585114
1.75280074 0.00000479 0.61917475 0.81053280 0.76303214 0.62585114
1.75280074 0.00000479 0.61917475 0.81053280 0.76303214 0.62585114
1.75280074 0.00000479 0.61917475 0.81053280 0.76303214 0.62585114
1.75280074 0.00000479 0.61917475 0.81053280 0.76303214 0.62585114
1.75280074 0.00000479 0.61917475 0.81053280 0.76303214 0.62585114
1.75280074 0.00000479 0.61917475 0.81053280 0.76303214 0.62585114
1.75280074 0.00000479 0.61917475 0.81053280 0.76303214 0.62585114
1.75280074 0.00000479 0.61917475 0.81053280 0.76303214 0.62585114
1.75280074 0.00000479 0.61917475 0.81053280 0.76303214 0.62585114
1.75280074 0.00000479 0.61917475 0.81053280 0.76303214 0.62585114
1.75280074 0.00000479 0.61917475 0.81053280 0.76303214 0.62585114
1.75280074 0.00000479 0.61917475 0.81053280 0.76303214 0.62585114
1.75280074 0.00000479 0.61917475 0.81053280 0.76303214 0.62585114
1.75280074 0.00000479 0.61917475 0.81053280 0.76303214 0.62585114
1.75280074 0.00000479 0.61917475 0.81053280 0.76303214 0.62585114
1.75280074 0.00000479 0.61917475 0.81053280 0.76303214 0.62585114
1.75280074 0.00000479 0.61917475 0.81053280 0.76303214 0.62585114
1.75280074 0.00000479 0.61917475 0.81053280 0.76303214 0.62585114
1.75280074 0.00000479 0.61917475 0.81053280 0.76303214 0.62585114
1.75280074 0.00000479 0.61917475 0.81053280 0.76303214 0.62585114
1.75280074 0.00000479 0.61917475 0.81053280 0.76303214 0.62585114
1.75280074 0.00000479 0.61917475 0.81053280 0.76303214 0.62585114
1.75280074 0.00000479 0.61917475 0.81053280 0.76303214 0.62585114
1.75280074 0.00000479 0.61917475 0.81053280 0.76303214 0.62585114
1.75280074 0.00000479 0.61917475 0.81053280 0.76303214 0.62585114
1.75280074 0.00000479 0.61917475 0.81053280 0.76303214 0.62585114
1.75280074 0.00000479 0.61917475 0.81053280 0.76303214 0.62585114
1.75280074 0.00000479 0.61917475 0.81053280 0.76303214 0.62585114
1.75280074 0.00000479 0.61917475 0.81053280 0.76303214 0.62585114
1.75280074 0.00000479 0.61917475 0.81053280 0.76303214 0.62585114
1.75280074 0.00000479 0.61917475 0.81053280 0.76303214 0.62585114
1.75280074 0.00000479 0.61917475 0.81053280 0.76303214 0.62585114
1.75280074 0.00000479 0.61917475 0.81053280 0.76303214 0.62585114
1.75280074 0.00000479 0.61917475 0.81053280 0.76303214 0.62585114
1.75280074 0.00000479 0.61917475 0.81053280 0.76303214 0.62585114
1.75280074 0.00000479 0.79998866 1.55231888 0.94448073 0.95311350
1.75280074 0.00000479 0.79998866 1.55231888 0.94448073 0.95311350
1.75280074 0.00000479 0.79998866 1.55231888 0.94448073 0.95311350
1.75280074 0.00000479 0.79998866 1.55231888 0.94448073 0.95311350
1.75280074 0.00000479 0.79998866 1.55231888 0.94448073 0.95311350
1.75280074 0.00000479 0.79998866 1.55231888 0.94448073 0.95311350
1.75280074 0.00000479 0.79998866 1.55231888 0.94448073 0.95311350
1.75280074 0.00000479 0.79998866 1.55231888 0.94448073 0.95311350
1.75280074 0.00000479 0.79998866 1.55231888 0.94448073 0.95311350
1.75280074 0.00000479 0.79998866 1.55231888 0.94448073 0.95311350
1.75280074 0.00000479 0.79998866 1.55231888 0.94448073 0.95311350
1.75280074 0.00000479 0.79998866 1.55231888 0.94448073 0.95311350
1.75280074 0.00000479 0.79998866 1.55231888 0.94448073 0.95311350
1.75280074 0.00000479 0.79998866 1.55231888 0.94448073 0.95311350
1.75280074 0.00000479 0.79998866 1.55231888 0.94448073 0.95311350
1.75280074 0.00000479 0.79998866 1.55231888 0.94448073 0.95311350
1.75280074 0.00000479 0.79998866 1.55231888 0.94448073 0.95311350
1.75280074 0.00000479 0.79998866 1.55231888 0.94448073 0.95311350
1.75280074 0.00000479 0.79998866 1.55231888 0.94448073 0.95311350
1.75280074 0.00000479 0.79998866 1.55231888 0.94448073 0.95311350
1.75280074 0.00000479 0.79998866 1.55231888 0.94448073 0.95311350
1.75280074 0.00000479 0.79998866 1.55231888 0.94448073 0.95311350
1.75280074 0.00000479 0.79998866 1.55231888 0.94448073 0.95311350
1.75280074 0.00000479 0.79998866 1.55231888 0.94448073 0.95311350
1.75280074 0.00000479 0.79998866 1.55231888 0.94448073 0.95311350
1.75280074 0.00000479 0.79998866 1.55231888 0.94448073 0.95311350
1.75280074 0.00000479 0.79998866 1.55231888 0.94448073 0.95311350
1.75280074 0.00000479 0.79998866 1.55231888 0.94448073 0.95311350
1.75280074 0.00000479 0.79998866 1.55231888 0.94448073 0.95311350
1.75280074 0.00000479 0.79998866 1.55231888 0.94448073 0.95311350
1.75280074 0.00000479 0.79998866 1.55231888 0.94448073 0.95311350
1.75280074 0.00000479 0.79998866 1.55231888 0.94448073 0.95311350
1.75280074 0.00000479 0.79998866 1.55231888 0.94448073 0.95311350
1.75280074 0.00000479 0.79998866 1.55231888 0.94448073 0.95311350
1.75280074 0.00000479 0.79998866 1.55231888 0.94448073 0.95311350
1.75280074 0.00000479 0.79998866 1.55231888 0.94448073 0.95311350
1.75280074 0.00000479 0.79998866 1.55231888 0.94448073 0.95311350
1.75280074 0.00000479 0.79998866 1.55231888 0.94448073 0.95311350
1.75280074 0.00000479 0.79998866 1.55231888 0.94448073 0.95311350
1.75280074 0.00000479 0.79998866 1.55231888 0.94448073 0.95311350
1.75280074 0.00000479 0.79998866 1.55231888 0.94448073 0.95311350
1.75280074 0.00000479 0.79998866 1.55231888 0.94448073 0.95311350
1.75280074 0.00000479 0.79998866 1.55231888 0.94448073 0.95311350
1.75280074 0.00000479 0.79998866 1.55231888 0.94448073 0.95311350
1.75280074 0.00000479 0.79998866 1.55231888 0.94448073 0.95311350
1.75280074 0.00000479 0.79998866 1.55231888 0.94448073 0.95311350
1.75280074 0.00000479 0.79998866 1.55231888 0.94448073 0.95311350
1.75280074 0.00000479 0.79998866 1.55231888 0.94448073 0.95311350
1.75280074 0.00000479 0.79998866 1.55231888 0.94448073 0.95311350
1.75280074 0.00000479 0.79998866 1.55231888 0.94448073 0.95311350
1.75280074 0.00000479 0.79998866 1.55231888 0.94448073 0.95311350
1.75280074 0.00000479 0.79998866 1.55231888 0.94448073 0.95311350
1.75280074 0.00000479 0.79998866 1.55231888 0.94448073 0.95311350
1.75280074 0.00000479 0.79998866 1.55231888 0.94448073 0.95311350
1.75280074 0.00000479 0.79998866 1.55231888 0.94448073 0.95311350
1.75280074 0.00000479 0.79998866 1.55231888 0.94448073 0.95311350
1.75280074 0.00000479 0.79998866 1.55231888 0.94448073 0.95311350
1.75280074 0.00000479 0.79998866 1.55231888 0.94448073 0.95311350
1.75280074 0.00000479 0.79998866 1.55231888 0.94448073 0.95311350
1.75280074 0.00000479 0.79998866 1.55231888 0.94448073 0.95311350
1.75280074 0.00000479 0.79998866 1.55231888 0.94448073 0.95311350
1.75280074 0.00000479 0.79998866 1.55231888 0.94448073 0.95311350
1.75280074 0.00000479 0.79998866 1.55231888 0.94448073 0.95311350
1.75280074 0.00000479 0.79998866 1.55231888 0.94448073 0.95311350
1.75280074 0.00000479 0.79998866 1.55231888 0.94448073 0.95311350
1.75280074 0.00000479 0.79998866 1.55231888 0.94448073 0.95311350
1.75280074 0.00000479 0.79998866 1.55231888 0.94448073 0.95311350
1.75280074 0.00000479 0.79998866 1.55231888 0.94448073 0.95311350
1.75280074 0.00000479 0.79998866 1.55231888 0.94448073 0.95311350
1.75280074 0.00000479 0.79998866 1.55231888 0.94448073 0.95311350
1.75280074 0.00000479 0.79998866 1.55231888 0.94448073 0.95311350
1.75280074 0.00000479 0.79998866 1.55231888 0.94448073 0.95311350
1.75280074 0.00000479 0.79998866 1.55231888 0.94448073 0.95311350
1.75280074 0.00000479 0.79998866 1.55231888 0.94448073 0.95311350
1.75280074 0.00000479 0.79998866 1.55231888 0.94448073 0.95311350
