0.00000000 0.00000000 0.00000000 0.00000000 0.00000000 0.00000000
0.00000000 0.00000000 0.00000000 0.00000000 0.00000000 0.00000000
0.00000000 0.00000000 0.00000000 0.00000000 0.00000000 0.00000000
0.00000000 0.00000000 0.00000000 0.00000000 0.00000000 0.00000000
0.00000000 0.00000000 0.00000000 0.00000000 0.00000000 0.00000000
0.69787633 0.00000494 0.27424957 0.08166439 0.77464906 0.21349216
0.69787633 0.00000494 0.27424957 0.08166439 0.77464906 0.21349216
0.69787633 0.00000494 0.27424957 0.08166439 0.77464906 0.21349216
0.69787633 0.00000494 0.27424957 0.08166439 0.77464906 0.21349216
0.91171443 0.00000499 0.29099701 0.16151734 0.75773110 0.21326632
0.91171443 0.00000499 0.29099701 0.16151734 0.75773110 0.21326632
0.93707341 0.00000489 0.29291215 0.11401843 0.78254450 0.16110754
0.93707341 0.00000489 0.29291215 0.11401843 0.78254450 0.16110754
0.93707341 0.00000489 0.29291215 0.11401843 0.78254450 0.16110754
0.93707341 0.00000489 0.29291215 0.11401843 0.78254450 0.16110754
1.04020537 0.00000493 0.28075244 0.23960838 0.71700976 0.14404530
1.04020537 0.00000493 0.28075244 0.23960838 0.71700976 0.14404530
1.04020537 0.00000493 0.28075244 0.23960838 0.71700976 0.14404530
1.04020537 0.00000493 0.28075244 0.23960838 0.71700976 0.14404530
1.04020537 0.00000493 0.28075244 0.23960838 0.71700976 0.14404530
1.04020537 0.00000493 0.28075244 0.23960838 0.71700976 0.14404530
1.04020537 0.00000493 0.28075244 0.23960838 0.71700976 0.14404530
1.04020537 0.00000493 0.28075244 0.23960838 0.71700976 0.14404530
1.04020537 0.00000493 0.28075244 0.23960838 0.71700976 0.14404530
1.04020537 0.00000493 0.28075244 0.23960838 0.71700976 0.14404530
1.04020537 0.00000493 0.28075244 0.23960838 0.71700976 0.14404530
1.04020537 0.00000493 0.28075244 0.23960838 0.71700976 0.14404530
1.06650857 0.00000505 0.24918253 0.16607109 0.72063913 0.11124876
1.06650857 0.00000505 0.24918253 0.16607109 0.72063913 0.11124876
1.06650857 0.00000505 0.24918253 0.16607109 0.72063913 0.11124876
1.06650857 0.00000505 0.24918253 0.16607109 0.72063913 0.11124876
1.06650857 0.00000505 0.24918253 0.16607109 0.72063913 0.11124876
1.06650857 0.00000505 0.24918253 0.16607109 0.72063913 0.11124876
1.06650857 0.00000505 0.24918253 0.16607109 0.72063913 0.11124876
1.06650857 0.00000505 0.24918253 0.16607109 0.72063913 0.11124876
1.06650857 0.00000505 0.24918253 0.16607109 0.72063913 0.11124876
1.06650857 0.00000505 0.24918253 0.16607109 0.72063913 0.11124876
1.06650857 0.00000505 0.24918253 0.16607109 0.72063913 0.11124876
1.06650857 0.00000505 0.24918253 0.16607109 0.72063913 0.11124876
1.21563353 0.00000495 0.24555224 0.07870643 0.72582338 0.07172680
1.21563353 0.00000495 0.24555224 0.07870643 0.72582338 0.07172680
1.21563353 0.00000495 0.24555224 0.07870643 0.72582338 0.07172680
1.21563353 0.00000495 0.24555224 0.07870643 0.72582338 0.07172680
1.21563353 0.00000495 0.24555224 0.07870643 0.72582338 0.07172680
1.21563353 0.00000495 0.24555224 0.07870643 0.72582338 0.07172680
1.21563353 0.00000495 0.24555224 0.07870643 0.72582338 0.07172680
1.21563353 0.00000495 0.24555224 0.07870643 0.72582338 0.07172680
1.21563353 0.00000495 0.24555224 0.07870643 0.72582338 0.07172680
1.21563353 0.00000495 0.24555224 0.07870643 0.72582338 0.07172680
1.21563353 0.00000495 0.24555224 0.07870643 0.72582338 0.07172680
1.21563353 0.00000495 0.24555224 0.07870643 0.72582338 0.07172680
1.21563353 0.00000495 0.24555224 0.07870643 0.72582338 0.07172680
1.21563353 0.00000495 0.24555224 0.07870643 0.72582338 0.07172680
1.21563353 0.00000495 0.24555224 0.07870643 0.72582338 0.07172680
1.21563353 0.00000495 0.24555224 0.07870643 0.72582338 0.07172680
1.21563353 0.00000495 0.24555224 0.07870643 0.72582338 0.07172680
1.21563353 0.00000495 0.24555224 0.07870643 0.72582338 0.07172680
1.21563353 0.00000495 0.24555224 0.07870643 0.72582338 0.07172680
1.21563353 0.00000495 0.24555224 0.07870643 0.72582338 0.07172680
1.21563353 0.00000495 0.24555224 0.07870643 0.72582338 0.07172680
1.21563353 0.00000495 0.24555224 0.07870643 0.72582338 0.07172680
1.21563353 0.00000495 0.24555224 0.07870643 0.72582338 0.07172680
1.21563353 0.00000495 0.24555224 0.07870643 0.72582338 0.07172680
1.21563353 0.00000495 0.24555224 0.07870643 0.72582338 0.07172680
1.21563353 0.00000495 0.24555224 0.07870643 0.72582338 0.07172680
1.21563353 0.00000495 0.24555224 0.07870643 0.72582338 0.07172680
1.21563353 0.00000495 0.24555224 0.07870643 0.72582338 0.07172680
1.21563353 0.00000495 0.24555224 0.07870643 0.72582338 0.07172680
1.21563353 0.00000495 0.24555224 0.07870643 0.72582338 0.07172680
1.21563353 0.00000495 0.24555224 0.07870643 0.72582338 0.07172680
1.21563353 0.00000495 0.24555224 0.07870643 0.72582338 0.07172680
1.21563353 0.00000495 0.24555224 0.07870643 0.72582338 0.07172680
1.21563353 0.00000495 0.24555224 0.07870643 0.72582338 0.07172680
1.67472477 0.00000495 0.22811260 0.07870643 0.72582338 0.22098094
1.67472477 0.00000495 0.22811260 0.07870643 0.72582338 0.22098094
1.67472477 0.00000495 0.22811260 0.07870643 0.72582338 0.22098094
1.67472477 0.00000495 0.22811260 0.07870643 0.72582338 0.22098094
1.67472477 0.00000495 0.22811260 0.07870643 0.72582338 0.22098094
1.67472477 0.00000495 0.22811260 0.07870643 0.72582338 0.22098094
1.67472477 0.00000495 0.22811260 0.07870643 0.72582338 0.22098094
1.67472477 0.00000495 0.22811260 0.07870643 0.72582338 0.22098094
1.67472477 0.00000495 0.22811260 0.07870643 0.72582338 0.22098094
1.67472477 0.00000495 0.22811260 0.07870643 0.72582338 0.22098094
1.67472477 0.00000495 0.22811260 0.07870643 0.72582338 0.22098094
1.67472477 0.00000495 0.22811260 0.07870643 0.72582338 0.22098094
1.67472477 0.00000495 0.22811260 0.07870643 0.72582338 0.22098094
1.67472477 0.00000495 0.22811260 0.07870643 0.72582338 0.22098094
1.67472477 0.00000495 0.22811260 0.07870643 0.72582338 0.22098094
1.67472477 0.00000495 0.22811260 0.07870643 0.72582338 0.22098094
1.67472477 0.00000495 0.22811260 0.07870643 0.72582338 0.22098094
1.67472477 0.00000495 0.22811260 0.07870643 0.72582338 0.22098094
1.67472477 0.00000495 0.22811260 0.07870643 0.72582338 0.22098094
1.67472477 0.00000495 0.22811260 0.07870643 0.72582338 0.22098094
1.67472477 0.00000495 0.22811260 0.07870643 0.72582338 0.22098094
1.67472477 0.00000495 0.22811260 0.07870643 0.72582338 0.22098094
1.67472477 0.00000495 0.22811260 0.07870643 0.72582338 0.22098094
1.67472477 0.00000495 0.22811260 0.07870643 0.72582338 0.22098094
1.67472477 0.00000495 0.22811260 0.07870643 0.72582338 0.22098094
1.67472477 0.00000495 0.22811260 0.07870643 0.72582338 0.22098094
1.67472477 0.00000495 0.22811260 0.07870643 0.72582338 0.22098094
1.67472477 0.00000495 0.22811260 0.07870643 0.72582338 0.22098094
1.67472477 0.00000495 0.22811260 0.07870643 0.72582338 0.22098094
1.67472477 0.00000495 0.22811260 0.07870643 0.72582338 0.22098094
1.67472477 0.00000495 0.22811260 0.07870643 0.72582338 0.22098094
1.67472477 0.00000495 0.22811260 0.07870643 0.72582338 0.22098094
1.67472477 0.00000495 0.22811260 0.07870643 0.72582338 0.22098094
1.67472477 0.00000495 0.22811260 0.07870643 0.72582338 0.22098094
1.67472477 0.00000495 0.22811260 0.07870643 0.72582338 0.22098094
1.67472477 0.00000495 0.22811260 0.07870643 0.72582338 0.22098094
1.67472477 0.00000495 0.22811260 0.07870643 0.72582338 0.22098094
1.67472477 0.00000495 0.22811260 0.07870643 0.72582338 0.22098094
1.67472477 0.00000495 0.22811260 0.07870643 0.72582338 0.22098094
1.67472477 0.00000495 0.22811260 0.07870643 0.72582338 0.22098094
1.67472477 0.00000495 0.22811260 0.07870643 0.72582338 0.22098094
1.67472477 0.00000495 0.22811260 0.07870643 0.72582338 0.22098094
1.67472477 0.00000495 0.22811260 0.07870643 0.72582338 0.22098094
1.67472477 0.00000495 0.22811260 0.07870643 0.72582338 0.22098094
1.67472477 0.00000495 0.22811260 0.07870643 0.72582338 0.22098094
1.67472477 0.00000495 0.22811260 0.07870643 0.72582338 0.22098094
1.67472477 0.00000495 0.22811260 0.07870643 0.72582338 0.22098094
1.67472477 0.00000495 0.22811260 0.07870643 0.72582338 0.22098094
1.67472477 0.00000495 0.22811260 0.07870643 0.72582338 0.22098094
1.67472477 0.00000495 0.22811260 0.07870643 0.72582338 0.22098094
1.67472477 0.00000495 0.22811260 0.07870643 0.72582338 0.22098094
1.67472477 0.00000495 0.22811260 0.07870643 0.72582338 0.22098094
1.67472477 0.00000495 0.22811260 0.07870643 0.72582338 0.22098094
1.67472477 0.00000495 0.22811260 0.07870643 0.72582338 0.22098094
1.67472477 0.00000495 0.22811260 0.07870643 0.72582338 0.22098094
1.67472477 0.00000495 0.22811260 0.07870643 0.72582338 0.22098094
1.67472477 0.00000495 0.22811260 0.07870643 0.72582338 0.22098094
1.67472477 0.00000495 0.22811260 0.07870643 0.72582338 0.22098094
1.67472477 0.00000495 0.22811260 0.07870643 0.72582338 0.22098094
1.67472477 0.00000495 0.22811260 0.07870643 0.72582338 0.22098094
1.67472477 0.00000495 0.22811260 0.07870643 0.72582338 0.22098094
1.67472477 0.00000495 0.22811260 0.07870643 0.72582338 0.22098094
1.67472477 0.00000495 0.22811260 0.07870643 0.72582338 0.22098094
1.67472477 0.00000495 0.22811260 0.07870643 0.72582338 0.22098094
1.67472477 0.00000495 0.22811260 0.07870643 0.72582338 0.22098094
1.67472477 0.00000495 0.22811260 0.07870643 0.72582338 0.22098094
1.67472477 0.00000495 0.22811260 0.07870643 0.72582338 0.22098094
1.67472477 0.00000495 0.22811260 0.07870643 0.72582338 0.22098094
1.67472477 0.00000495 0.22811260 0.07870643 0.72582338 0.22098094
1.67472477 0.00000495 0.22811260 0.07870643 0.72582338 0.22098094
1.67472477 0.00000495 0.22811260 0.07870643 0.72582338 0.22098094
1.67472477 0.00000495 0.22811260 0.07870643 0.72582338 0.22098094
1.67472477 0.00000495 0.22811260 0.07870643 0.72582338 0.22098094
1.67472477 0.00000495 0.22811260 0.07870643 0.72582338 0.22098094
1.67472477 0.00000495 0.22811260 0.07870643 0.72582338 0.22098094
1.67472477 0.00000495 0.22811260 0.07870643 0.72582338 0.22098094
1.67472477 0.00000495 0.22811260 0.07870643 0.72582338 0.22098094
1.67472477 0.00000495 0.22811260 0.07870643 0.72582338 0.22098094
1.67472477 0.00000495 0.22811260 0.07870643 0.72582338 0.22098094
1.67472477 0.00000495 0.22811260 0.07870643 0.72582338 0.22098094
1.67472477 0.00000495 0.22811260 0.07870643 0.72582338 0.22098094
1.67472477 0.00000495 0.22811260 0.07870643 0.72582338 0.22098094
1.67472477 0.00000495 0.22811260 0.07870643 0.72582338 0.22098094
1.67472477 0.00000495 0.22811260 0.07870643 0.72582338 0.22098094
1.67472477 0.00000495 0.22811260 0.07870643 0.72582338 0.22098094
1.67472477 0.00000495 0.22811260 0.07870643 0.72582338 0.22098094
1.67472477 0.00000495 0.22811260 0.07870643 0.72582338 0.22098094
1.67472477 0.00000495 0.22811260 0.07870643 0.72582338 0.22098094
1.67472477 0.00000495 0.22811260 0.07870643 0.72582338 0.22098094
1.67472477 0.00000495 0.22811260 0.07870643 0.72582338 0.22098094
1.67472477 0.00000495 0.22811260 0.07870643 0.72582338 0.22098094
1.67472477 0.00000495 0.22811260 0.07870643 0.72582338 0.22098094
1.67472477 0.00000495 0.22811260 0.07870643 0.72582338 0.22098094
1.67472477 0.00000495 0.22811260 0.07870643 0.72582338 0.22098094
1.67472477 0.00000495 0.22811260 0.07870643 0.72582338 0.22098094
1.67472477 0.00000495 0.22811260 0.07870643 0.72582338 0.22098094
1.67472477 0.00000495 0.22811260 0.07870643 0.72582338 0.22098094
1.67472477 0.00000495 0.22811260 0.07870643 0.72582338 0.22098094
1.67472477 0.00000495 0.22811260 0.07870643 0.72582338 0.22098094
1.67472477 0.00000495 0.22811260 0.07870643 0.72582338 0.22098094
1.67472477 0.00000495 0.22811260 0.07870643 0.72582338 0.22098094
1.67472477 0.00000495 0.22811260 0.07870643 0.72582338 0.22098094
1.67472477 0.00000495 0.22811260 0.07870643 0.72582338 0.22098094
1.67472477 0.00000495 0.22811260 0.07870643 0.72582338 0.22098094
1.67472477 0.00000495 0.22811260 0.07870643 0.72582338 0.22098094
1.67472477 0.00000495 0.22811260 0.07870643 0.72582338 0.22098094
1.67472477 0.00000495 0.22811260 0.07870643 0.72582338 0.22098094
1.67472477 0.00000495 0.22811260 0.07870643 0.72582338 0.22098094
1.67472477 0.00000495 0.22811260 0.07870643 0.72582338 0.22098094
1.67472477 0.00000495 0.22811260 0.07870643 0.72582338 0.22098094
1.67472477 0.00000495 0.22811260 0.07870643 0.72582338 0.22098094
1.67472477 0.00000495 0.22811260 0.07870643 0.72582338 0.22098094
1.67472477 0.00000495 0.22811260 0.07870643 0.72582338 0.22098094
1.67472477 0.00000495 0.22811260 0.07870643 0.72582338 0.22098094
1.67472477 0.00000495 0.22811260 0.07870643 0.72582338 0.22098094
1.67472477 0.00000495 0.22811260 0.07870643 0.72582338 0.22098094
1.67472477 0.00000495 0.22811260 0.07870643 0.72582338 0.22098094
1.62183760 0.00000495 0.32345431 0.07870643 0.79194271 0.27498365
1.62183760 0.00000495 0.32345431 0.07870643 0.79194271 0.27498365
1.62183760 0.00000495 0.32345431 0.07870643 0.79194271 0.27498365
1.62183760 0.00000495 0.32345431 0.07870643 0.79194271 0.27498365
1.62183760 0.00000495 0.32345431 0.07870643 0.79194271 0.27498365
1.62183760 0.00000495 0.32345431 0.07870643 0.79194271 0.27498365
1.62183760 0.00000495 0.32345431 0.07870643 0.79194271 0.27498365
1.62183760 0.00000495 0.32345431 0.07870643 0.79194271 0.27498365
1.62183760 0.00000495 0.32345431 0.07870643 0.79194271 0.27498365
1.62183760 0.00000495 0.32345431 0.07870643 0.79194271 0.27498365
1.62183760 0.00000495 0.32345431 0.07870643 0.79194271 0.27498365
1.62183760 0.00000495 0.32345431 0.07870643 0.79194271 0.27498365
1.62183760 0.00000495 0.32345431 0.07870643 0.79194271 0.27498365
1.62183760 0.00000495 0.32345431 0.07870643 0.79194271 0.27498365
1.62183760 0.00000495 0.32345431 0.07870643 0.79194271 0.27498365
1.62183760 0.00000495 0.32345431 0.07870643 0.79194271 0.27498365
1.62183760 0.00000495 0.32345431 0.07870643 0.79194271 0.27498365
1.62183760 0.00000495 0.32345431 0.07870643 0.79194271 0.27498365
1.62183760 0.00000495 0.32345431 0.07870643 0.79194271 0.27498365
1.62183760 0.00000495 0.32345431 0.07870643 0.79194271 0.27498365
1.62183760 0.00000495 0.32345431 0.07870643 0.79194271 0.27498365
1.62183760 0.00000495 0.32345431 0.07870643 0.79194271 0.27498365
1.62183760 0.00000495 0.32345431 0.07870643 0.79194271 0.27498365
1.62183760 0.00000495 0.32345431 0.07870643 0.79194271 0.27498365
1.62183760 0.00000495 0.32345431 0.07870643 0.79194271 0.27498365
1.62183760 0.00000495 0.32345431 0.07870643 0.79194271 0.27498365
1.62183760 0.00000495 0.32345431 0.07870643 0.79194271 0.27498365
1.62183760 0.00000495 0.32345431 0.07870643 0.79194271 0.27498365
1.62183760 0.00000495 0.32345431 0.07870643 0.79194271 0.27498365
1.62183760 0.00000495 0.32345431 0.07870643 0.79194271 0.27498365
1.62183760 0.00000495 0.32345431 0.07870643 0.79194271 0.27498365
1.62183760 0.00000495 0.32345431 0.07870643 0.79194271 0.27498365
1.62183760 0.00000495 0.32345431 0.07870643 0.79194271 0.27498365
1.62183760 0.00000495 0.32345431 0.07870643 0.79194271 0.27498365
1.62183760 0.00000495 0.32345431 0.07870643 0.79194271 0.27498365
1.62183760 0.00000495 0.32345431 0.07870643 0.79194271 0.27498365
1.62183760 0.00000495 0.32345431 0.07870643 0.79194271 0.27498365
1.62183760 0.00000495 0.32345431 0.07870643 0.79194271 0.27498365
1.62183760 0.00000495 0.32345431 0.07870643 0.79194271 0.27498365
1.62183760 0.00000495 0.32345431 0.07870643 0.79194271 0.27498365
1.62183760 0.00000495 0.32345431 0.07870643 0.79194271 0.27498365
1.62183760 0.00000495 0.32345431 0.07870643 0.79194271 0.27498365
1.62183760 0.00000495 0.32345431 0.07870643 0.79194271 0.27498365
1.62183760 0.00000495 0.32345431 0.07870643 0.79194271 0.27498365
1.62183760 0.00000495 0.32345431 0.07870643 0.79194271 0.27498365
1.62183760 0.00000495 0.32345431 0.07870643 0.79194271 0.27498365
1.62183760 0.00000495 0.32345431 0.07870643 0.79194271 0.27498365
1.62183760 0.00000495 0.32345431 0.07870643 0.79194271 0.27498365
1.62183760 0.00000495 0.32345431 0.07870643 0.79194271 0.27498365
1.62183760 0.00000495 0.32345431 0.07870643 0.79194271 0.27498365
1.62183760 0.00000495 0.32345431 0.07870643 0.79194271 0.27498365
1.62183760 0.00000495 0.32345431 0.07870643 0.79194271 0.27498365
1.62183760 0.00000495 0.32345431 0.07870643 0.79194271 0.27498365
1.62183760 0.00000495 0.32345431 0.07870643 0.79194271 0.27498365
1.62183760 0.00000495 0.32345431 0.07870643 0.79194271 0.27498365
1.62183760 0.00000495 0.32345431 0.07870643 0.79194271 0.27498365
1.62183760 0.00000495 0.32345431 0.07870643 0.79194271 0.27498365
1.62183760 0.00000495 0.32345431 0.07870643 0.79194271 0.27498365
1.62183760 0.00000495 0.32345431 0.07870643 0.79194271 0.27498365
1.62183760 0.00000495 0.32345431 0.07870643 0.79194271 0.27498365
1.62183760 0.00000495 0.32345431 0.07870643 0.79194271 0.27498365
1.62183760 0.00000495 0.32345431 0.07870643 0.79194271 0.27498365
1.62183760 0.00000495 0.32345431 0.07870643 0.79194271 0.27498365
1.62183760 0.00000495 0.32345431 0.07870643 0.79194271 0.27498365
1.62183760 0.00000495 0.32345431 0.07870643 0.79194271 0.27498365
1.62183760 0.00000495 0.32345431 0.07870643 0.79194271 0.27498365
1.62183760 0.00000495 0.32345431 0.07870643 0.79194271 0.27498365
1.62183760 0.00000495 0.32345431 0.07870643 0.79194271 0.27498365
1.62183760 0.00000495 0.32345431 0.07870643 0.79194271 0.27498365
1.62183760 0.00000495 0.32345431 0.07870643 0.79194271 0.27498365
1.62183760 0.00000495 0.32345431 0.07870643 0.79194271 0.27498365
1.62183760 0.00000495 0.32345431 0.07870643 0.79194271 0.27498365
1.62183760 0.00000495 0.32345431 0.07870643 0.79194271 0.27498365
1.62183760 0.00000495 0.32345431 0.07870643 0.79194271 0.27498365
1.62183760 0.00000495 0.32345431 0.07870643 0.79194271 0.27498365
1.62183760 0.00000495 0.32345431 0.07870643 0.79194271 0.27498365
1.62183760 0.00000495 0.32345431 0.07870643 0.79194271 0.27498365
1.62183760 0.00000495 0.32345431 0.07870643 0.79194271 0.27498365
1.62183760 0.00000495 0.32345431 0.07870643 0.79194271 0.27498365
1.62183760 0.00000495 0.32345431 0.07870643 0.79194271 0.27498365
1.62183760 0.00000495 0.32345431 0.07870643 0.79194271 0.27498365
1.62183760 0.00000495 0.32345431 0.07870643 0.79194271 0.27498365
1.62183760 0.00000495 0.32345431 0.07870643 0.79194271 0.27498365
1.62183760 0.00000495 0.32345431 0.07870643 0.79194271 0.27498365
1.62183760 0.00000495 0.32345431 0.07870643 0.79194271 0.27498365
1.62183760 0.00000495 0.32345431 0.07870643 0.79194271 0.27498365
1.62183760 0.00000495 0.32345431 0.07870643 0.79194271 0.27498365
1.62183760 0.00000495 0.32345431 0.07870643 0.79194271 0.27498365
1.62183760 0.00000495 0.32345431 0.07870643 0.79194271 0.27498365
1.62183760 0.00000495 0.32345431 0.07870643 0.79194271 0.27498365
1.62183760 0.00000495 0.32345431 0.07870643 0.79194271 0.27498365
1.62183760 0.00000495 0.32345431 0.07870643 0.79194271 0.27498365
1.62183760 0.00000495 0.32345431 0.07870643 0.79194271 0.27498365
1.62183760 0.00000495 0.32345431 0.07870643 0.79194271 0.27498365
1.62183760 0.00000495 0.32345431 0.07870643 0.79194271 0.27498365
1.62183760 0.00000495 0.32345431 0.07870643 0.79194271 0.27498365
1.62183760 0.00000495 0.32345431 0.07870643 0.79194271 0.27498365
1.62183760 0.00000495 0.32345431 0.07870643 0.79194271 0.27498365
1.62183760 0.00000495 0.32345431 0.07870643 0.79194271 0.27498365
1.62183760 0.00000495 0.32345431 0.07870643 0.79194271 0.27498365
1.62183760 0.00000495 0.32345431 0.07870643 0.79194271 0.27498365
1.62183760 0.00000495 0.32345431 0.07870643 0.79194271 0.27498365
1.62183760 0.00000495 0.32345431 0.07870643 0.79194271 0.27498365
1.62183760 0.00000495 0.32345431 0.07870643 0.79194271 0.27498365
1.62183760 0.00000495 0.32345431 0.07870643 0.79194271 0.27498365
1.62183760 0.00000495 0.32345431 0.07870643 0.79194271 0.27498365
1.62183760 0.00000495 0.32345431 0.07870643 0.79194271 0.27498365
1.62183760 0.00000495 0.32345431 0.07870643 0.79194271 0.27498365
1.62183760 0.00000495 0.32345431 0.07870643 0.79194271 0.27498365
1.62183760 0.00000495 0.32345431 0.07870643 0.79194271 0.27498365
1.62183760 0.00000495 0.32345431 0.07870643 0.79194271 0.27498365
1.62183760 0.00000495 0.32345431 0.07870643 0.79194271 0.27498365
1.62183760 0.00000495 0.32345431 0.07870643 0.79194271 0.27498365
1.62183760 0.00000495 0.32345431 0.07870643 0.79194271 0.27498365
1.62183760 0.00000495 0.32345431 0.07870643 0.79194271 0.27498365
1.62183760 0.00000495 0.32345431 0.07870643 0.79194271 0.27498365
1.62183760 0.00000495 0.32345431 0.07870643 0.79194271 0.27498365
1.62183760 0.00000495 0.32345431 0.07870643 0.79194271 0.27498365
1.62183760 0.00000495 0.32345431 0.07870643 0.79194271 0.27498365
1.62183760 0.00000495 0.32345431 0.07870643 0.79194271 0.27498365
1.62183760 0.00000495 0.32345431 0.07870643 0.79194271 0.27498365
1.62183760 0.00000495 0.32345431 0.07870643 0.79194271 0.27498365
1.62183760 0.00000495 0.32345431 0.07870643 0.79194271 0.27498365
1.62183760 0.00000495 0.32345431 0.07870643 0.79194271 0.27498365
1.62183760 0.00000495 0.32345431 0.07870643 0.79194271 0.27498365
1.62183760 0.00000495 0.32345431 0.07870643 0.79194271 0.27498365
1.62183760 0.00000495 0.32345431 0.07870643 0.79194271 0.27498365
1.62183760 0.00000495 0.32345431 0.07870643 0.79194271 0.27498365
1.62183760 0.00000495 0.32345431 0.07870643 0.79194271 0.27498365
1.62183760 0.00000495 0.32345431 0.07870643 0.79194271 0.27498365
1.62183760 0.00000495 0.32345431 0.07870643 0.79194271 0.27498365
1.62183760 0.00000495 0.32345431 0.07870643 0.79194271 0.27498365
1.62183760 0.00000495 0.32345431 0.07870643 0.79194271 0.27498365
1.62183760 0.00000495 0.32345431 0.07870643 0.79194271 0.27498365
1.62183760 0.00000495 0.32345431 0.07870643 0.79194271 0.27498365
1.62183760 0.00000495 0.32345431 0.07870643 0.79194271 0.27498365
1.62183760 0.00000495 0.32345431 0.07870643 0.79194271 0.27498365
1.62183760 0.00000495 0.32345431 0.07870643 0.79194271 0.27498365
1.62183760 0.00000495 0.32345431 0.07870643 0.79194271 0.27498365
1.62183760 0.00000495 0.32345431 0.07870643 0.79194271 0.27498365
1.62183760 0.00000495 0.32345431 0.07870643 0.79194271 0.27498365
1.62183760 0.00000495 0.32345431 0.07870643 0.79194271 0.27498365
1.62183760 0.00000495 0.32345431 0.07870643 0.79194271 0.27498365
1.62183760 0.00000495 0.32345431 0.07870643 0.79194271 0.27498365
1.62183760 0.00000495 0.32345431 0.07870643 0.79194271 0.27498365
1.62183760 0.00000495 0.32345431 0.07870643 0.79194271 0.27498365
1.62183760 0.00000495 0.32345431 0.07870643 0.79194271 0.27498365
1.62183760 0.00000495 0.32345431 0.07870643 0.79194271 0.27498365
1.62183760 0.00000495 0.32345431 0.07870643 0.79194271 0.27498365
1.62183760 0.00000495 0.32345431 0.07870643 0.79194271 0.27498365
1.62183760 0.00000495 0.32345431 0.07870643 0.79194271 0.27498365
1.62183760 0.00000495 0.32345431 0.07870643 0.79194271 0.27498365
1.62183760 0.00000495 0.32345431 0.07870643 0.79194271 0.27498365
1.62183760 0.00000495 0.32345431 0.07870643 0.79194271 0.27498365
1.62183760 0.00000495 0.32345431 0.07870643 0.79194271 0.27498365
1.62183760 0.00000495 0.32345431 0.07870643 0.79194271 0.27498365
1.62183760 0.00000495 0.32345431 0.07870643 0.79194271 0.27498365
1.62183760 0.00000495 0.32345431 0.07870643 0.79194271 0.27498365
1.62183760 0.00000495 0.32345431 0.07870643 0.79194271 0.27498365
1.62183760 0.00000495 0.32345431 0.07870643 0.79194271 0.27498365
1.62183760 0.00000495 0.32345431 0.07870643 0.79194271 0.27498365
1.62183760 0.00000495 0.32345431 0.07870643 0.79194271 0.27498365
1.62183760 0.00000495 0.32345431 0.07870643 0.79194271 0.27498365
1.62183760 0.00000495 0.32345431 0.07870643 0.79194271 0.27498365
1.62183760 0.00000495 0.32345431 0.07870643 0.79194271 0.27498365
1.62183760 0.00000495 0.32345431 0.07870643 0.79194271 0.27498365
1.62183760 0.00000495 0.32345431 0.07870643 0.79194271 0.27498365
1.62183760 0.00000495 0.32345431 0.07870643 0.79194271 0.27498365
1.62183760 0.00000495 0.32345431 0.07870643 0.79194271 0.27498365
1.62183760 0.00000495 0.32345431 0.07870643 0.79194271 0.27498365
1.62183760 0.00000495 0.32345431 0.07870643 0.79194271 0.27498365
1.62183760 0.00000495 0.32345431 0.07870643 0.79194271 0.27498365
1.62183760 0.00000495 0.32345431 0.07870643 0.79194271 0.27498365
1.62183760 0.00000495 0.32345431 0.07870643 0.79194271 0.27498365
1.62183760 0.00000495 0.32345431 0.07870643 0.79194271 0.27498365
1.62183760 0.00000495 0.32345431 0.07870643 0.79194271 0.27498365
1.62183760 0.00000495 0.32345431 0.07870643 0.79194271 0.27498365
1.62183760 0.00000495 0.32345431 0.07870643 0.79194271 0.27498365
1.62183760 0.00000495 0.32345431 0.07870643 0.79194271 0.27498365
1.62183760 0.00000495 0.32345431 0.07870643 0.79194271 0.27498365
1.62183760 0.00000495 0.32345431 0.07870643 0.79194271 0.27498365
1.62183760 0.00000495 0.32345431 0.07870643 0.79194271 0.27498365
1.62183760 0.00000495 0.32345431 0.07870643 0.79194271 0.27498365
1.62183760 0.00000495 0.32345431 0.07870643 0.79194271 0.27498365
1.62183760 0.00000495 0.32345431 0.07870643 0.79194271 0.27498365
1.62183760 0.00000495 0.32345431 0.07870643 0.79194271 0.27498365
1.62183760 0.00000495 0.32345431 0.07870643 0.79194271 0.27498365
1.62183760 0.00000495 0.32345431 0.07870643 0.79194271 0.27498365
1.62183760 0.00000495 0.32345431 0.07870643 0.79194271 0.27498365
1.62183760 0.00000495 0.32345431 0.07870643 0.79194271 0.27498365
1.62183760 0.00000495 0.32345431 0.07870643 0.79194271 0.27498365
1.62183760 0.00000495 0.32345431 0.07870643 0.79194271 0.27498365
1.62183760 0.00000495 0.32345431 0.07870643 0.79194271 0.27498365
1.62183760 0.00000495 0.32345431 0.07870643 0.79194271 0.27498365
1.62183760 0.00000495 0.32345431 0.07870643 0.79194271 0.27498365
1.62183760 0.00000495 0.32345431 0.07870643 0.79194271 0.27498365
1.62183760 0.00000495 0.32345431 0.07870643 0.79194271 0.27498365
1.62183760 0.00000495 0.32345431 0.07870643 0.79194271 0.27498365
1.62183760 0.00000495 0.32345431 0.07870643 0.79194271 0.27498365
1.62183760 0.00000495 0.32345431 0.07870643 0.79194271 0.27498365
1.62183760 0.00000495 0.32345431 0.07870643 0.79194271 0.27498365
1.62183760 0.00000495 0.32345431 0.07870643 0.79194271 0.27498365
1.62183760 0.00000495 0.32345431 0.07870643 0.79194271 0.27498365
1.62183760 0.00000495 0.32345431 0.07870643 0.79194271 0.27498365
1.62183760 0.00000495 0.32345431 0.07870643 0.79194271 0.27498365
1.62183760 0.00000495 0.32345431 0.07870643 0.79194271 0.27498365
1.62183760 0.00000495 0.32345431 0.07870643 0.79194271 0.27498365
1.62183760 0.00000495 0.32345431 0.07870643 0.79194271 0.27498365
1.62183760 0.00000495 0.32345431 0.07870643 0.79194271 0.27498365
1.62183760 0.00000495 0.32345431 0.07870643 0.79194271 0.27498365
1.62183760 0.00000495 0.32345431 0.07870643 0.79194271 0.27498365
1.62183760 0.00000495 0.32345431 0.07870643 0.79194271 0.27498365
1.62183760 0.00000495 0.32345431 0.07870643 0.79194271 0.27498365
1.62183760 0.00000495 0.32345431 0.07870643 0.79194271 0.27498365
1.62183760 0.00000495 0.32345431 0.07870643 0.79194271 0.27498365
1.62183760 0.00000495 0.32345431 0.07870643 0.79194271 0.27498365
1.62183760 0.00000495 0.32345431 0.07870643 0.79194271 0.27498365
1.62183760 0.00000495 0.32345431 0.07870643 0.79194271 0.27498365
1.62183760 0.00000495 0.32345431 0.07870643 0.79194271 0.27498365
1.62183760 0.00000495 0.32345431 0.07870643 0.79194271 0.27498365
1.62183760 0.00000495 0.32345431 0.07870643 0.79194271 0.27498365
1.62183760 0.00000495 0.32345431 0.07870643 0.79194271 0.27498365
1.62183760 0.00000495 0.32345431 0.07870643 0.79194271 0.27498365
1.62183760 0.00000495 0.32345431 0.07870643 0.79194271 0.27498365
1.62183760 0.00000495 0.32345431 0.07870643 0.79194271 0.27498365
1.62183760 0.00000495 0.32345431 0.07870643 0.79194271 0.27498365
1.62183760 0.00000495 0.32345431 0.07870643 0.79194271 0.27498365
1.62183760 0.00000495 0.32345431 0.07870643 0.79194271 0.27498365
1.62183760 0.00000495 0.32345431 0.07870643 0.79194271 0.27498365
1.62183760 0.00000495 0.32345431 0.07870643 0.79194271 0.27498365
1.62183760 0.00000495 0.32345431 0.07870643 0.79194271 0.27498365
1.62183760 0.00000495 0.32345431 0.07870643 0.79194271 0.27498365
1.62183760 0.00000495 0.32345431 0.07870643 0.79194271 0.27498365
1.62183760 0.00000495 0.32345431 0.07870643 0.79194271 0.27498365
1.62183760 0.00000495 0.32345431 0.07870643 0.79194271 0.27498365
1.62183760 0.00000495 0.32345431 0.07870643 0.79194271 0.27498365
1.62183760 0.00000495 0.32345431 0.07870643 0.79194271 0.27498365
1.62183760 0.00000495 0.32345431 0.07870643 0.79194271 0.27498365
1.62183760 0.00000495 0.32345431 0.07870643 0.79194271 0.27498365
1.62183760 0.00000495 0.32345431 0.07870643 0.79194271 0.27498365
1.62183760 0.00000495 0.32345431 0.07870643 0.79194271 0.27498365
1.62183760 0.00000495 0.32345431 0.07870643 0.79194271 0.27498365
1.62183760 0.00000495 0.32345431 0.07870643 0.79194271 0.27498365
1.62183760 0.00000495 0.32345431 0.07870643 0.79194271 0.27498365
1.62183760 0.00000495 0.32345431 0.07870643 0.79194271 0.27498365
1.62183760 0.00000495 0.32345431 0.07870643 0.79194271 0.27498365
1.62183760 0.00000495 0.32345431 0.07870643 0.79194271 0.27498365
1.62183760 0.00000495 0.32345431 0.07870643 0.79194271 0.27498365
1.62183760 0.00000495 0.32345431 0.07870643 0.79194271 0.27498365
1.62183760 0.00000495 0.32345431 0.07870643 0.79194271 0.27498365
1.62183760 0.00000495 0.32345431 0.07870643 0.79194271 0.27498365
1.62183760 0.00000495 0.32345431 0.07870643 0.79194271 0.27498365
1.62183760 0.00000495 0.32345431 0.07870643 0.79194271 0.27498365
1.62183760 0.00000495 0.32345431 0.07870643 0.79194271 0.27498365
1.62183760 0.00000495 0.32345431 0.07870643 0.79194271 0.27498365
1.62183760 0.00000495 0.32345431 0.07870643 0.79194271 0.27498365
1.62183760 0.00000495 0.32345431 0.07870643 0.79194271 0.27498365
1.62183760 0.00000495 0.32345431 0.07870643 0.79194271 0.27498365
1.62183760 0.00000495 0.32345431 0.07870643 0.79194271 0.27498365
1.62183760 0.00000495 0.32345431 0.07870643 0.79194271 0.27498365
1.62183760 0.00000495 0.32345431 0.07870643 0.79194271 0.27498365
1.62183760 0.00000495 0.32345431 0.07870643 0.79194271 0.27498365
1.62183760 0.00000495 0.32345431 0.07870643 0.79194271 0.27498365
1.62183760 0.00000495 0.32345431 0.07870643 0.79194271 0.27498365
1.62183760 0.00000495 0.32345431 0.07870643 0.79194271 0.27498365
1.62183760 0.00000495 0.32345431 0.07870643 0.79194271 0.27498365
1.62183760 0.00000495 0.32345431 0.07870643 0.79194271 0.27498365
1.62183760 0.00000495 0.32345431 0.07870643 0.79194271 0.27498365
1.62183760 0.00000495 0.32345431 0.07870643 0.79194271 0.27498365
1.62183760 0.00000495 0.32345431 0.07870643 0.79194271 0.27498365
1.62183760 0.00000495 0.32345431 0.07870643 0.79194271 0.27498365
1.62183760 0.00000495 0.32345431 0.07870643 0.79194271 0.27498365
1.62183760 0.00000495 0.32345431 0.07870643 0.79194271 0.27498365
1.62183760 0.00000495 0.32345431 0.07870643 0.79194271 0.27498365
1.62183760 0.00000495 0.32345431 0.07870643 0.79194271 0.27498365
1.62183760 0.00000495 0.32345431 0.07870643 0.79194271 0.27498365
1.62183760 0.00000495 0.32345431 0.07870643 0.79194271 0.27498365
1.62183760 0.00000495 0.32345431 0.07870643 0.79194271 0.27498365
1.62183760 0.00000495 0.32345431 0.07870643 0.79194271 0.27498365
1.62183760 0.00000495 0.32345431 0.07870643 0.79194271 0.27498365
1.62183760 0.00000495 0.32345431 0.07870643 0.79194271 0.27498365
1.62183760 0.00000495 0.32345431 0.07870643 0.79194271 0.27498365
1.62183760 0.00000495 0.32345431 0.07870643 0.79194271 0.27498365
1.62183760 0.00000495 0.32345431 0.07870643 0.79194271 0.27498365
1.62183760 0.00000495 0.32345431 0.07870643 0.79194271 0.27498365
1.62183760 0.00000495 0.32345431 0.07870643 0.79194271 0.27498365
1.62183760 0.00000495 0.32345431 0.07870643 0.79194271 0.27498365
1.62183760 0.00000495 0.32345431 0.07870643 0.79194271 0.27498365
1.62183760 0.00000495 0.32345431 0.07870643 0.79194271 0.27498365
1.62183760 0.00000495 0.32345431 0.07870643 0.79194271 0.27498365
1.62183760 0.00000495 0.32345431 0.07870643 0.79194271 0.27498365
1.62183760 0.00000495 0.32345431 0.07870643 0.79194271 0.27498365
1.62183760 0.00000495 0.32345431 0.07870643 0.79194271 0.27498365
1.62183760 0.00000495 0.32345431 0.07870643 0.79194271 0.27498365
1.62183760 0.00000495 0.32345431 0.07870643 0.79194271 0.27498365
1.62183760 0.00000495 0.32345431 0.07870643 0.79194271 0.27498365
1.62183760 0.00000495 0.32345431 0.07870643 0.79194271 0.27498365
1.62183760 0.00000495 0.32345431 0.07870643 0.79194271 0.27498365
1.62183760 0.00000495 0.32345431 0.07870643 0.79194271 0.27498365
1.62183760 0.00000495 0.32345431 0.07870643 0.79194271 0.27498365
1.62183760 0.00000495 0.32345431 0.07870643 0.79194271 0.27498365
1.62183760 0.00000495 0.32345431 0.07870643 0.79194271 0.27498365
1.62183760 0.00000495 0.32345431 0.07870643 0.79194271 0.27498365
1.62183760 0.00000495 0.32345431 0.07870643 0.79194271 0.27498365
1.62183760 0.00000495 0.32345431 0.07870643 0.79194271 0.27498365
1.62183760 0.00000495 0.32345431 0.07870643 0.79194271 0.27498365
1.62183760 0.00000495 0.32345431 0.07870643 0.79194271 0.27498365
1.62183760 0.00000495 0.32345431 0.07870643 0.79194271 0.27498365
1.62183760 0.00000495 0.32345431 0.07870643 0.79194271 0.27498365
1.62183760 0.00000495 0.32345431 0.07870643 0.79194271 0.27498365
1.62183760 0.00000495 0.32345431 0.07870643 0.79194271 0.27498365
1.62183760 0.00000495 0.32345431 0.07870643 0.79194271 0.27498365
1.62183760 0.00000495 0.32345431 0.07870643 0.79194271 0.27498365
1.62183760 0.00000495 0.32345431 0.07870643 0.79194271 0.27498365
1.62183760 0.00000495 0.32345431 0.07870643 0.79194271 0.27498365
1.62183760 0.00000495 0.32345431 0.07870643 0.79194271 0.27498365
1.62183760 0.00000495 0.32345431 0.07870643 0.79194271 0.27498365
1.62183760 0.00000495 0.32345431 0.07870643 0.79194271 0.27498365
1.62183760 0.00000495 0.32345431 0.07870643 0.79194271 0.27498365
1.62183760 0.00000495 0.32345431 0.07870643 0.79194271 0.27498365
1.62183760 0.00000495 0.32345431 0.07870643 0.79194271 0.27498365
1.62183760 0.00000495 0.32345431 0.07870643 0.79194271 0.27498365
1.62183760 0.00000495 0.32345431 0.07870643 0.79194271 0.27498365
1.62183760 0.00000495 0.32345431 0.07870643 0.79194271 0.27498365
1.62183760 0.00000495 0.32345431 0.07870643 0.79194271 0.27498365
1.62183760 0.00000495 0.32345431 0.07870643 0.79194271 0.27498365
1.62183760 0.00000495 0.32345431 0.07870643 0.79194271 0.27498365
1.62183760 0.00000495 0.32345431 0.07870643 0.79194271 0.27498365
1.62183760 0.00000495 0.32345431 0.07870643 0.79194271 0.27498365
1.88974896 0.00000495 0.57501591 0.07870643 0.79194271 0.32519233
1.88974896 0.00000495 0.57501591 0.07870643 0.79194271 0.32519233
1.88974896 0.00000495 0.57501591 0.07870643 0.79194271 0.32519233
1.88974896 0.00000495 0.57501591 0.07870643 0.79194271 0.32519233
1.88974896 0.00000495 0.57501591 0.07870643 0.79194271 0.32519233
1.88974896 0.00000495 0.57501591 0.07870643 0.79194271 0.32519233
1.88974896 0.00000495 0.57501591 0.07870643 0.79194271 0.32519233
1.88974896 0.00000495 0.57501591 0.07870643 0.79194271 0.32519233
1.88974896 0.00000495 0.57501591 0.07870643 0.79194271 0.32519233
1.88974896 0.00000495 0.57501591 0.07870643 0.79194271 0.32519233
1.88974896 0.00000495 0.57501591 0.07870643 0.79194271 0.32519233
1.88974896 0.00000495 0.57501591 0.07870643 0.79194271 0.32519233
1.88974896 0.00000495 0.57501591 0.07870643 0.79194271 0.32519233
1.88974896 0.00000495 0.57501591 0.07870643 0.79194271 0.32519233
1.88974896 0.00000495 0.57501591 0.07870643 0.79194271 0.32519233
1.88974896 0.00000495 0.57501591 0.07870643 0.79194271 0.32519233
1.88974896 0.00000495 0.57501591 0.07870643 0.79194271 0.32519233
1.88974896 0.00000495 0.57501591 0.07870643 0.79194271 0.32519233
1.88974896 0.00000495 0.57501591 0.07870643 0.79194271 0.32519233
1.88974896 0.00000495 0.57501591 0.07870643 0.79194271 0.32519233
1.88974896 0.00000495 0.57501591 0.07870643 0.79194271 0.32519233
1.88974896 0.00000495 0.57501591 0.07870643 0.79194271 0.32519233
1.88974896 0.00000495 0.57501591 0.07870643 0.79194271 0.32519233
1.88974896 0.00000495 0.57501591 0.07870643 0.79194271 0.32519233
1.88974896 0.00000495 0.57501591 0.07870643 0.79194271 0.32519233
1.88974896 0.00000495 0.57501591 0.07870643 0.79194271 0.32519233
1.88974896 0.00000495 0.57501591 0.07870643 0.79194271 0.32519233
1.88974896 0.00000495 0.57501591 0.07870643 0.79194271 0.32519233
1.88974896 0.00000495 0.57501591 0.07870643 0.79194271 0.32519233
1.88974896 0.00000495 0.57501591 0.07870643 0.79194271 0.32519233
1.88974896 0.00000495 0.87996505 0.07870643 0.55737415 0.67808825
1.88974896 0.00000495 0.87996505 0.07870643 0.55737415 0.67808825
1.88974896 0.00000495 0.87996505 0.07870643 0.55737415 0.67808825
1.88974896 0.00000495 0.87996505 0.07870643 0.55737415 0.67808825
1.67131664 0.00000495 0.87996505 0.07870643 0.67359611 0.96341754
1.67131664 0.00000495 0.87996505 0.07870643 0.67359611 0.96341754
1.67131664 0.00000495 0.87996505 0.07870643 0.67359611 0.96341754
1.67131664 0.00000495 0.87996505 0.07870643 0.67359611 0.96341754
1.67131664 0.00000495 0.87996505 0.07870643 0.67359611 0.96341754
1.67131664 0.00000495 0.87996505 0.07870643 0.67359611 0.96341754
1.67131664 0.00000495 0.87996505 0.07870643 0.67359611 0.96341754
1.67131664 0.00000495 0.87996505 0.07870643 0.67359611 0.96341754
1.67131664 0.00000495 0.87996505 0.07870643 0.67359611 0.96341754
1.67131664 0.00000495 0.87996505 0.07870643 0.67359611 0.96341754
1.67131664 0.00000495 0.87996505 0.07870643 0.67359611 0.96341754
1.67131664 0.00000495 0.87996505 0.07870643 0.67359611 0.96341754
1.67131664 0.00000495 0.87996505 0.07870643 0.67359611 0.96341754
1.67131664 0.00000495 0.87996505 0.07870643 0.67359611 0.96341754
1.67131664 0.00000495 0.87996505 0.07870643 0.67359611 0.96341754
1.67131664 0.00000495 0.87996505 0.07870643 0.67359611 0.96341754
1.67131664 0.00000495 0.87996505 0.07870643 0.67359611 0.96341754
1.67131664 0.00000495 0.87996505 0.07870643 0.67359611 0.96341754
1.67131664 0.00000495 0.87996505 0.07870643 0.67359611 0.96341754
1.67131664 0.00000495 0.87996505 0.07870643 0.67359611 0.96341754
1.67131664 0.00000495 0.87996505 0.07870643 0.67359611 0.96341754
1.67131664 0.00000495 0.87996505 0.07870643 0.67359611 0.96341754
1.67131664 0.00000495 0.87996505 0.07870643 0.67359611 0.96341754
1.67131664 0.00000495 0.87996505 0.07870643 0.67359611 0.96341754
1.67131664 0.00000495 0.87996505 0.07870643 0.67359611 0.96341754
1.67131664 0.00000495 0.87996505 0.07870643 0.67359611 0.96341754
1.67131664 0.00000495 0.87996505 0.07870643 0.67359611 0.96341754
1.67131664 0.00000495 0.87996505 0.07870643 0.67359611 0.96341754
1.67131664 0.00000495 0.87996505 0.07870643 0.67359611 0.96341754
1.67131664 0.00000495 0.87996505 0.07870643 0.67359611 0.96341754
1.67131664 0.00000495 0.87996505 0.07870643 0.67359611 0.96341754
1.67131664 0.00000495 0.87996505 0.07870643 0.67359611 0.96341754
1.67131664 0.00000495 0.87996505 0.07870643 0.67359611 0.96341754
1.67131664 0.00000495 0.87996505 0.07870643 0.67359611 0.96341754
1.67131664 0.00000495 0.87996505 0.07870643 0.67359611 0.96341754
1.67131664 0.00000495 0.87996505 0.07870643 0.67359611 0.96341754
1.67131664 0.00000495 0.87996505 0.07870643 0.67359611 0.96341754
1.67131664 0.00000495 0.87996505 0.07870643 0.67359611 0.96341754
1.67131664 0.00000495 0.87996505 0.07870643 0.67359611 0.96341754
1.67131664 0.00000495 0.87996505 0.07870643 0.67359611 0.96341754
1.67131664 0.00000495 0.87996505 0.07870643 0.67359611 0.96341754
1.67131664 0.00000495 0.87996505 0.07870643 0.67359611 0.96341754
1.67131664 0.00000495 0.87996505 0.07870643 0.67359611 0.96341754
1.67131664 0.00000495 0.87996505 0.07870643 0.67359611 0.96341754
1.67131664 0.00000495 0.87996505 0.07870643 0.67359611 0.96341754
1.67131664 0.00000495 0.87996505 0.07870643 0.67359611 0.96341754
1.67131664 0.00000495 0.87996505 0.07870643 0.67359611 0.96341754
1.67131664 0.00000495 0.87996505 0.07870643 0.67359611 0.96341754
1.67131664 0.00000495 0.87996505 0.07870643 0.67359611 0.96341754
1.67131664 0.00000495 0.87996505 0.07870643 0.67359611 0.96341754
1.67131664 0.00000495 0.87996505 0.07870643 0.67359611 0.96341754
1.67131664 0.00000495 0.87996505 0.07870643 0.67359611 0.96341754
1.67131664 0.00000495 0.87996505 0.07870643 0.67359611 0.96341754
1.67131664 0.00000495 0.87996505 0.07870643 0.67359611 0.96341754
1.67131664 0.00000495 0.87996505 0.07870643 0.67359611 0.96341754
1.67131664 0.00000495 0.87996505 0.07870643 0.67359611 0.96341754
1.67131664 0.00000495 0.87996505 0.07870643 0.67359611 0.96341754
1.67131664 0.00000495 0.87996505 0.07870643 0.67359611 0.96341754
1.67131664 0.00000495 0.87996505 0.07870643 0.67359611 0.96341754
1.67131664 0.00000495 0.87996505 0.07870643 0.67359611 0.96341754
1.67131664 0.00000495 0.87996505 0.07870643 0.67359611 0.96341754
1.67131664 0.00000495 0.87996505 0.07870643 0.67359611 0.96341754
1.67131664 0.00000495 0.87996505 0.07870643 0.67359611 0.96341754
1.67131664 0.00000495 0.87996505 0.07870643 0.67359611 0.96341754
1.67131664 0.00000495 0.87996505 0.07870643 0.67359611 0.96341754
1.67131664 0.00000495 0.87996505 0.07870643 0.67359611 0.96341754
1.67131664 0.00000495 0.87996505 0.07870643 0.67359611 0.96341754
1.67131664 0.00000495 0.87996505 0.07870643 0.67359611 0.96341754
1.67131664 0.00000495 0.87996505 0.07870643 0.67359611 0.96341754
1.67131664 0.00000495 0.87996505 0.07870643 0.67359611 0.96341754
