0.00000000 0.00000000 0.00000000 0.00000000 0.00000000 0.00000000
0.00000000 0.00000000 0.00000000 0.00000000 0.00000000 0.00000000
0.00000000 0.00000000 0.00000000 0.00000000 0.00000000 0.00000000
0.73628450 0.00000464 0.40285618 0.29512764 0.77478628 0.14860843
0.73628450 0.00000464 0.40285618 0.29512764 0.77478628 0.14860843
0.73628450 0.00000464 0.40285618 0.29512764 0.77478628 0.14860843
1.03755262 0.00000466 0.42260583 0.33368581 0.84094989 0.22851801
1.27019027 0.00000468 0.39689726 0.25121999 0.83782924 0.17999249
1.27019027 0.00000468 0.39689726 0.25121999 0.83782924 0.17999249
1.27019027 0.00000468 0.39689726 0.25121999 0.83782924 0.17999249
1.27019027 0.00000468 0.39689726 0.25121999 0.83782924 0.17999249
1.27019027 0.00000468 0.39689726 0.25121999 0.83782924 0.17999249
1.27019027 0.00000468 0.39689726 0.25121999 0.83782924 0.17999249
1.43831829 0.00000466 0.39224662 0.24431839 0.80569211 0.18904380
1.43831829 0.00000466 0.39224662 0.24431839 0.80569211 0.18904380
1.43831829 0.00000466 0.39224662 0.24431839 0.80569211 0.18904380
1.43831829 0.00000466 0.39224662 0.24431839 0.80569211 0.18904380
1.43831829 0.00000466 0.39224662 0.24431839 0.80569211 0.18904380
1.43831829 0.00000466 0.39224662 0.24431839 0.80569211 0.18904380
1.43831829 0.00000466 0.39224662 0.24431839 0.80569211 0.18904380
1.43831829 0.00000466 0.39224662 0.24431839 0.80569211 0.18904380
1.43831829 0.00000466 0.39224662 0.24431839 0.80569211 0.18904380
1.43831829 0.00000466 0.39224662 0.24431839 0.80569211 0.18904380
1.43831829 0.00000466 0.39224662 0.24431839 0.80569211 0.18904380
1.43831829 0.00000466 0.39224662 0.24431839 0.80569211 0.18904380
1.43831829 0.00000466 0.39224662 0.24431839 0.80569211 0.18904380
1.43831829 0.00000466 0.39224662 0.24431839 0.80569211 0.18904380
1.43831829 0.00000466 0.39224662 0.24431839 0.80569211 0.18904380
1.43831829 0.00000466 0.39224662 0.24431839 0.80569211 0.18904380
1.43831829 0.00000466 0.39224662 0.24431839 0.80569211 0.18904380
1.43831829 0.00000466 0.39224662 0.24431839 0.80569211 0.18904380
1.43831829 0.00000466 0.39224662 0.24431839 0.80569211 0.18904380
1.43831829 0.00000466 0.39224662 0.24431839 0.80569211 0.18904380
1.43831829 0.00000466 0.39224662 0.24431839 0.80569211 0.18904380
1.43831829 0.00000466 0.39224662 0.24431839 0.80569211 0.18904380
1.43831829 0.00000466 0.39224662 0.24431839 0.80569211 0.18904380
1.43831829 0.00000466 0.39224662 0.24431839 0.80569211 0.18904380
1.43831829 0.00000466 0.39224662 0.24431839 0.80569211 0.18904380
1.43831829 0.00000466 0.39224662 0.24431839 0.80569211 0.18904380
1.43831829 0.00000466 0.39224662 0.24431839 0.80569211 0.18904380
1.43831829 0.00000466 0.39224662 0.24431839 0.80569211 0.18904380
1.43831829 0.00000466 0.39224662 0.24431839 0.80569211 0.18904380
1.43831829 0.00000466 0.39224662 0.24431839 0.80569211 0.18904380
1.43831829 0.00000466 0.39224662 0.24431839 0.80569211 0.18904380
1.43831829 0.00000466 0.39224662 0.24431839 0.80569211 0.18904380
1.43831829 0.00000466 0.39224662 0.24431839 0.80569211 0.18904380
1.43831829 0.00000466 0.39224662 0.24431839 0.80569211 0.18904380
1.43831829 0.00000466 0.39224662 0.24431839 0.80569211 0.18904380
1.43831829 0.00000466 0.39224662 0.24431839 0.80569211 0.18904380
1.43831829 0.00000466 0.39224662 0.24431839 0.80569211 0.18904380
1.43831829 0.00000466 0.39224662 0.24431839 0.80569211 0.18904380
1.43831829 0.00000466 0.39224662 0.24431839 0.80569211 0.18904380
1.43831829 0.00000466 0.39224662 0.24431839 0.80569211 0.18904380
1.43831829 0.00000466 0.39224662 0.24431839 0.80569211 0.18904380
1.43831829 0.00000466 0.39224662 0.24431839 0.80569211 0.18904380
1.43831829 0.00000466 0.39224662 0.24431839 0.80569211 0.18904380
1.43831829 0.00000466 0.39224662 0.24431839 0.80569211 0.18904380
1.43831829 0.00000466 0.39224662 0.24431839 0.80569211 0.18904380
1.43831829 0.00000466 0.39224662 0.24431839 0.80569211 0.18904380
1.43831829 0.00000466 0.39224662 0.24431839 0.80569211 0.18904380
1.43831829 0.00000466 0.39224662 0.24431839 0.80569211 0.18904380
1.43831829 0.00000466 0.39224662 0.24431839 0.80569211 0.18904380
1.43831829 0.00000466 0.39224662 0.24431839 0.80569211 0.18904380
1.43831829 0.00000466 0.39224662 0.24431839 0.80569211 0.18904380
1.43831829 0.00000466 0.39224662 0.24431839 0.80569211 0.18904380
1.43831829 0.00000466 0.39224662 0.24431839 0.80569211 0.18904380
1.43831829 0.00000466 0.39224662 0.24431839 0.80569211 0.18904380
1.43831829 0.00000466 0.39224662 0.24431839 0.80569211 0.18904380
1.43831829 0.00000466 0.39224662 0.24431839 0.80569211 0.18904380
1.43831829 0.00000466 0.39224662 0.24431839 0.80569211 0.18904380
1.43831829 0.00000466 0.39224662 0.24431839 0.80569211 0.18904380
1.43831829 0.00000466 0.39224662 0.24431839 0.80569211 0.18904380
1.43831829 0.00000466 0.39224662 0.24431839 0.80569211 0.18904380
1.43831829 0.00000466 0.39224662 0.24431839 0.80569211 0.18904380
1.43831829 0.00000466 0.39224662 0.24431839 0.80569211 0.18904380
1.43831829 0.00000466 0.02474563 0.17165305 0.64066600 0.12325385
1.43831829 0.00000466 0.02474563 0.17165305 0.64066600 0.12325385
1.43831829 0.00000466 0.02474563 0.17165305 0.64066600 0.12325385
1.43831829 0.00000466 0.02474563 0.17165305 0.64066600 0.12325385
1.43831829 0.00000466 0.02474563 0.17165305 0.64066600 0.12325385
1.43831829 0.00000466 0.02474563 0.17165305 0.64066600 0.12325385
1.43831829 0.00000466 0.02474563 0.17165305 0.64066600 0.12325385
1.43831829 0.00000466 0.02474563 0.17165305 0.64066600 0.12325385
1.43831829 0.00000466 0.02474563 0.17165305 0.64066600 0.12325385
1.43831829 0.00000466 0.02474563 0.17165305 0.64066600 0.12325385
1.43831829 0.00000466 0.02474563 0.17165305 0.64066600 0.12325385
1.43831829 0.00000466 0.02474563 0.17165305 0.64066600 0.12325385
1.43831829 0.00000466 0.02474563 0.17165305 0.64066600 0.12325385
1.43831829 0.00000466 0.02474563 0.17165305 0.64066600 0.12325385
1.43831829 0.00000466 0.02474563 0.17165305 0.64066600 0.12325385
1.43831829 0.00000466 0.02474563 0.17165305 0.64066600 0.12325385
1.43831829 0.00000466 0.02474563 0.17165305 0.64066600 0.12325385
1.43831829 0.00000466 0.02474563 0.17165305 0.64066600 0.12325385
1.43831829 0.00000466 0.02474563 0.17165305 0.64066600 0.12325385
1.43831829 0.00000466 0.02474563 0.17165305 0.64066600 0.12325385
1.43831829 0.00000466 0.02474563 0.17165305 0.64066600 0.12325385
1.43831829 0.00000466 0.02474563 0.17165305 0.64066600 0.12325385
1.43831829 0.00000466 0.02474563 0.17165305 0.64066600 0.12325385
1.84853782 0.00000466 0.02474563 0.38515063 0.64066600 0.12325385
1.84853782 0.00000466 0.02474563 0.38515063 0.64066600 0.12325385
1.84853782 0.00000466 0.02474563 0.38515063 0.64066600 0.12325385
1.84853782 0.00000466 0.02474563 0.38515063 0.64066600 0.12325385
1.84853782 0.00000466 0.02474563 0.38515063 0.64066600 0.12325385
1.84853782 0.00000466 0.02474563 0.38515063 0.64066600 0.12325385
1.84853782 0.00000466 0.02474563 0.38515063 0.64066600 0.12325385
1.84853782 0.00000466 0.02474563 0.38515063 0.64066600 0.12325385
1.84853782 0.00000466 0.02474563 0.38515063 0.64066600 0.12325385
1.84853782 0.00000466 0.02474563 0.38515063 0.64066600 0.12325385
1.84853782 0.00000466 0.02474563 0.38515063 0.64066600 0.12325385
1.84853782 0.00000466 0.02474563 0.38515063 0.64066600 0.12325385
1.84853782 0.00000466 0.02474563 0.38515063 0.64066600 0.12325385
1.84853782 0.00000466 0.02474563 0.38515063 0.64066600 0.12325385
1.84853782 0.00000466 0.02474563 0.38515063 0.64066600 0.12325385
1.84853782 0.00000466 0.02474563 0.38515063 0.64066600 0.12325385
1.84853782 0.00000466 0.02474563 0.38515063 0.64066600 0.12325385
1.84853782 0.00000466 0.02474563 0.38515063 0.64066600 0.12325385
1.84853782 0.00000466 0.02474563 0.38515063 0.64066600 0.12325385
1.84853782 0.00000466 0.32598040 0.38515063 0.68710660 0.21315178
1.84853782 0.00000466 0.32598040 0.38515063 0.68710660 0.21315178
1.84853782 0.00000466 0.32598040 0.38515063 0.68710660 0.21315178
1.84853782 0.00000466 0.32598040 0.38515063 0.68710660 0.21315178
1.84853782 0.00000466 0.32598040 0.38515063 0.68710660 0.21315178
1.84853782 0.00000466 0.32598040 0.38515063 0.68710660 0.21315178
1.84853782 0.00000466 0.32598040 0.38515063 0.68710660 0.21315178
1.84853782 0.00000466 0.32598040 0.38515063 0.68710660 0.21315178
1.84853782 0.00000466 0.32598040 0.38515063 0.68710660 0.21315178
1.84853782 0.00000466 0.32598040 0.38515063 0.68710660 0.21315178
1.84853782 0.00000466 0.32598040 0.38515063 0.68710660 0.21315178
1.84853782 0.00000466 0.32598040 0.38515063 0.68710660 0.21315178
1.84853782 0.00000466 0.32598040 0.38515063 0.68710660 0.21315178
1.84853782 0.00000466 0.32598040 0.38515063 0.68710660 0.21315178
1.84853782 0.00000466 0.32598040 0.38515063 0.68710660 0.21315178
1.84853782 0.00000466 0.32598040 0.38515063 0.68710660 0.21315178
1.84853782 0.00000466 0.32598040 0.38515063 0.68710660 0.21315178
1.84853782 0.00000466 0.32598040 0.38515063 0.68710660 0.21315178
1.84853782 0.00000466 0.32598040 0.38515063 0.68710660 0.21315178
1.84853782 0.00000466 0.32598040 0.38515063 0.68710660 0.21315178
1.84853782 0.00000466 0.32598040 0.38515063 0.68710660 0.21315178
1.84853782 0.00000466 0.32598040 0.38515063 0.68710660 0.21315178
1.84853782 0.00000466 0.32598040 0.38515063 0.68710660 0.21315178
1.84853782 0.00000466 0.32598040 0.38515063 0.68710660 0.21315178
1.84853782 0.00000466 0.32598040 0.38515063 0.68710660 0.21315178
1.84853782 0.00000466 0.32598040 0.38515063 0.68710660 0.21315178
1.84853782 0.00000466 0.32598040 0.38515063 0.68710660 0.21315178
1.84853782 0.00000466 0.32598040 0.38515063 0.68710660 0.21315178
1.84853782 0.00000466 0.32598040 0.38515063 0.68710660 0.21315178
1.84853782 0.00000466 0.32598040 0.38515063 0.68710660 0.21315178
1.84853782 0.00000466 0.32598040 0.38515063 0.68710660 0.21315178
1.84853782 0.00000466 0.32598040 0.38515063 0.68710660 0.21315178
1.84853782 0.00000466 0.32598040 0.38515063 0.68710660 0.21315178
1.84853782 0.00000466 0.32598040 0.38515063 0.68710660 0.21315178
1.84853782 0.00000466 0.32598040 0.38515063 0.68710660 0.21315178
1.84853782 0.00000466 0.32598040 0.38515063 0.68710660 0.21315178
1.84853782 0.00000466 0.32598040 0.38515063 0.68710660 0.21315178
1.84853782 0.00000466 0.32598040 0.38515063 0.68710660 0.21315178
1.84853782 0.00000466 0.32598040 0.38515063 0.68710660 0.21315178
1.84853782 0.00000466 0.32598040 0.38515063 0.68710660 0.21315178
1.84853782 0.00000466 0.32598040 0.38515063 0.68710660 0.21315178
1.84853782 0.00000466 0.32598040 0.38515063 0.68710660 0.21315178
1.84853782 0.00000466 0.32598040 0.38515063 0.68710660 0.21315178
1.84853782 0.00000466 0.32598040 0.38515063 0.68710660 0.21315178
1.84853782 0.00000466 0.32598040 0.38515063 0.68710660 0.21315178
1.84853782 0.00000466 0.32598040 0.38515063 0.68710660 0.21315178
1.84853782 0.00000466 0.32598040 0.38515063 0.68710660 0.21315178
1.84853782 0.00000466 0.32598040 0.38515063 0.68710660 0.21315178
1.84853782 0.00000466 0.32598040 0.38515063 0.68710660 0.21315178
1.84853782 0.00000466 0.32598040 0.38515063 0.68710660 0.21315178
1.84853782 0.00000466 0.32598040 0.38515063 0.68710660 0.21315178
1.84853782 0.00000466 0.32598040 0.38515063 0.68710660 0.21315178
1.84853782 0.00000466 0.32598040 0.38515063 0.68710660 0.21315178
1.84853782 0.00000466 0.32598040 0.38515063 0.68710660 0.21315178
1.84853782 0.00000466 0.32598040 0.38515063 0.68710660 0.21315178
1.84853782 0.00000466 0.32598040 0.38515063 0.68710660 0.21315178
1.84853782 0.00000466 0.32598040 0.38515063 0.68710660 0.21315178
1.84853782 0.00000466 0.32598040 0.38515063 0.68710660 0.21315178
1.84853782 0.00000466 0.32598040 0.38515063 0.68710660 0.21315178
1.84853782 0.00000466 0.32598040 0.38515063 0.68710660 0.21315178
1.84853782 0.00000466 0.32598040 0.38515063 0.68710660 0.21315178
1.84853782 0.00000466 0.32598040 0.38515063 0.68710660 0.21315178
1.84853782 0.00000466 0.32598040 0.38515063 0.68710660 0.21315178
1.84853782 0.00000466 0.32598040 0.38515063 0.68710660 0.21315178
1.84853782 0.00000466 0.32598040 0.38515063 0.68710660 0.21315178
1.84853782 0.00000466 0.32598040 0.38515063 0.68710660 0.21315178
1.84853782 0.00000466 0.32598040 0.38515063 0.68710660 0.21315178
1.84853782 0.00000466 0.32598040 0.38515063 0.68710660 0.21315178
1.84853782 0.00000466 0.32598040 0.38515063 0.68710660 0.21315178
1.84853782 0.00000466 0.32598040 0.38515063 0.68710660 0.21315178
1.84853782 0.00000466 0.32598040 0.38515063 0.68710660 0.21315178
1.84853782 0.00000466 0.32598040 0.38515063 0.68710660 0.21315178
1.84853782 0.00000466 0.32598040 0.38515063 0.68710660 0.21315178
1.84853782 0.00000466 0.32598040 0.38515063 0.68710660 0.21315178
1.84853782 0.00000466 0.32598040 0.38515063 0.68710660 0.21315178
1.84853782 0.00000466 0.32598040 0.38515063 0.68710660 0.21315178
1.84853782 0.00000466 0.32598040 0.38515063 0.68710660 0.21315178
1.84853782 0.00000466 0.32598040 0.38515063 0.68710660 0.21315178
1.84853782 0.00000466 0.32598040 0.38515063 0.68710660 0.21315178
1.84853782 0.00000466 0.32598040 0.38515063 0.68710660 0.21315178
1.84853782 0.00000466 0.32598040 0.38515063 0.68710660 0.21315178
1.84853782 0.00000466 0.32598040 0.38515063 0.68710660 0.21315178
1.84853782 0.00000466 0.32598040 0.38515063 0.68710660 0.21315178
1.84853782 0.00000466 0.32598040 0.38515063 0.68710660 0.21315178
1.84853782 0.00000466 0.32598040 0.38515063 0.68710660 0.21315178
1.84853782 0.00000466 0.32598040 0.38515063 0.68710660 0.21315178
1.84853782 0.00000466 0.32598040 0.38515063 0.68710660 0.21315178
1.84853782 0.00000466 0.32598040 0.38515063 0.68710660 0.21315178
1.84853782 0.00000466 0.32598040 0.38515063 0.68710660 0.21315178
1.84853782 0.00000466 0.32598040 0.38515063 0.68710660 0.21315178
1.84853782 0.00000466 0.32598040 0.38515063 0.68710660 0.21315178
1.84853782 0.00000466 0.32598040 0.38515063 0.68710660 0.21315178
1.84853782 0.00000466 0.32598040 0.38515063 0.68710660 0.21315178
1.84853782 0.00000466 0.32598040 0.38515063 0.68710660 0.21315178
1.84853782 0.00000466 0.32598040 0.38515063 0.68710660 0.21315178
1.84853782 0.00000466 0.32598040 0.38515063 0.68710660 0.21315178
1.84853782 0.00000466 0.32598040 0.38515063 0.68710660 0.21315178
1.84853782 0.00000466 0.32598040 0.38515063 0.68710660 0.21315178
1.84853782 0.00000466 0.32598040 0.38515063 0.68710660 0.21315178
1.84853782 0.00000466 0.32598040 0.38515063 0.68710660 0.21315178
1.84853782 0.00000466 0.32598040 0.38515063 0.68710660 0.21315178
1.84853782 0.00000466 0.32598040 0.38515063 0.68710660 0.21315178
1.84853782 0.00000466 0.32598040 0.38515063 0.68710660 0.21315178
1.84853782 0.00000466 0.32598040 0.38515063 0.68710660 0.21315178
1.84853782 0.00000466 0.32598040 0.38515063 0.68710660 0.21315178
1.84853782 0.00000466 0.32598040 0.38515063 0.68710660 0.21315178
1.84853782 0.00000466 0.32598040 0.38515063 0.68710660 0.21315178
1.84853782 0.00000466 0.32598040 0.38515063 0.68710660 0.21315178
1.84853782 0.00000466 0.32598040 0.38515063 0.68710660 0.21315178
1.84853782 0.00000466 0.32598040 0.38515063 0.68710660 0.21315178
1.84853782 0.00000466 0.32598040 0.38515063 0.68710660 0.21315178
1.84853782 0.00000466 0.32598040 0.38515063 0.68710660 0.21315178
1.84853782 0.00000466 0.32598040 0.38515063 0.68710660 0.21315178
1.84853782 0.00000466 0.32598040 0.38515063 0.68710660 0.21315178
1.84853782 0.00000466 0.32598040 0.38515063 0.68710660 0.21315178
1.84853782 0.00000466 0.32598040 0.38515063 0.68710660 0.21315178
1.84853782 0.00000466 0.32598040 0.38515063 0.68710660 0.21315178
1.84853782 0.00000466 0.32598040 0.38515063 0.68710660 0.21315178
1.84853782 0.00000466 0.32598040 0.38515063 0.68710660 0.21315178
1.84853782 0.00000466 0.32598040 0.38515063 0.68710660 0.21315178
1.84853782 0.00000466 0.32598040 0.38515063 0.68710660 0.21315178
1.84853782 0.00000466 0.32598040 0.38515063 0.68710660 0.21315178
1.84853782 0.00000466 0.32598040 0.38515063 0.68710660 0.21315178
1.84853782 0.00000466 0.32598040 0.38515063 0.68710660 0.21315178
1.84853782 0.00000466 0.32598040 0.38515063 0.68710660 0.21315178
1.84853782 0.00000466 0.32598040 0.38515063 0.68710660 0.21315178
1.84853782 0.00000466 0.32598040 0.38515063 0.68710660 0.21315178
1.84853782 0.00000466 0.32598040 0.38515063 0.68710660 0.21315178
1.84853782 0.00000466 0.32598040 0.38515063 0.68710660 0.21315178
1.84853782 0.00000466 0.32598040 0.38515063 0.68710660 0.21315178
1.84853782 0.00000466 0.32598040 0.38515063 0.68710660 0.21315178
1.84853782 0.00000466 0.32598040 0.38515063 0.68710660 0.21315178
1.84853782 0.00000466 0.32598040 0.38515063 0.68710660 0.21315178
1.84853782 0.00000466 0.32598040 0.38515063 0.68710660 0.21315178
1.84853782 0.00000466 0.32598040 0.38515063 0.68710660 0.21315178
1.84853782 0.00000466 0.32598040 0.38515063 0.68710660 0.21315178
1.84853782 0.00000466 0.32598040 0.21389467 0.62423904 0.21315178
1.84853782 0.00000466 0.32598040 0.21389467 0.62423904 0.21315178
1.84853782 0.00000466 0.32598040 0.21389467 0.62423904 0.21315178
1.84853782 0.00000466 0.32598040 0.21389467 0.62423904 0.21315178
1.84853782 0.00000466 0.32598040 0.21389467 0.62423904 0.21315178
1.84853782 0.00000466 0.32598040 0.21389467 0.62423904 0.21315178
1.84853782 0.00000466 0.32598040 0.21389467 0.62423904 0.21315178
1.84853782 0.00000466 0.32598040 0.21389467 0.62423904 0.21315178
1.84853782 0.00000466 0.32598040 0.21389467 0.62423904 0.21315178
1.84853782 0.00000466 0.32598040 0.21389467 0.62423904 0.21315178
1.84853782 0.00000466 0.32598040 0.21389467 0.62423904 0.21315178
1.84853782 0.00000466 0.32598040 0.21389467 0.62423904 0.21315178
1.84853782 0.00000466 0.32598040 0.21389467 0.62423904 0.21315178
1.84853782 0.00000466 0.32598040 0.21389467 0.62423904 0.21315178
1.84853782 0.00000466 0.32598040 0.21389467 0.62423904 0.21315178
1.84853782 0.00000466 0.32598040 0.21389467 0.62423904 0.21315178
1.84853782 0.00000466 0.32598040 0.21389467 0.62423904 0.21315178
1.84853782 0.00000466 0.32598040 0.21389467 0.62423904 0.21315178
1.84853782 0.00000466 0.32598040 0.21389467 0.62423904 0.21315178
1.84853782 0.00000466 0.32598040 0.21389467 0.62423904 0.21315178
1.84853782 0.00000466 0.32598040 0.21389467 0.62423904 0.21315178
1.84853782 0.00000466 0.32598040 0.21389467 0.62423904 0.21315178
1.84853782 0.00000466 0.32598040 0.21389467 0.62423904 0.21315178
1.84853782 0.00000466 0.32598040 0.21389467 0.62423904 0.21315178
1.84853782 0.00000466 0.32598040 0.21389467 0.62423904 0.21315178
1.84853782 0.00000466 0.32598040 0.21389467 0.62423904 0.21315178
1.84853782 0.00000466 0.32598040 0.21389467 0.62423904 0.21315178
1.84853782 0.00000466 0.32598040 0.21389467 0.62423904 0.21315178
1.84853782 0.00000466 0.32598040 0.21389467 0.62423904 0.21315178
1.84853782 0.00000466 0.32598040 0.21389467 0.62423904 0.21315178
1.84853782 0.00000466 0.32598040 0.21389467 0.62423904 0.21315178
1.84853782 0.00000466 0.32598040 0.21389467 0.62423904 0.21315178
1.84853782 0.00000466 0.32598040 0.69046700 0.58438099 0.16386894
1.84853782 0.00000466 0.32598040 0.69046700 0.58438099 0.16386894
1.84853782 0.00000466 0.32598040 0.69046700 0.58438099 0.16386894
1.84853782 0.00000466 0.32598040 0.69046700 0.58438099 0.16386894
1.84853782 0.00000466 0.32598040 0.69046700 0.58438099 0.16386894
1.84853782 0.00000466 0.32598040 0.69046700 0.58438099 0.16386894
1.84853782 0.00000466 0.32598040 0.69046700 0.58438099 0.16386894
1.84853782 0.00000466 0.32598040 0.69046700 0.58438099 0.16386894
1.84853782 0.00000466 0.32598040 0.69046700 0.58438099 0.16386894
1.84853782 0.00000466 0.32598040 0.69046700 0.58438099 0.16386894
1.84853782 0.00000466 0.32598040 0.69046700 0.58438099 0.16386894
1.84853782 0.00000466 0.32598040 0.69046700 0.58438099 0.16386894
1.84853782 0.00000466 0.32598040 0.69046700 0.58438099 0.16386894
1.84853782 0.00000466 0.32598040 0.69046700 0.58438099 0.16386894
1.84853782 0.00000466 0.32598040 0.69046700 0.58438099 0.16386894
1.84853782 0.00000466 0.32598040 0.69046700 0.58438099 0.16386894
1.84853782 0.00000466 0.32598040 0.69046700 0.58438099 0.16386894
1.84853782 0.00000466 0.32598040 0.69046700 0.58438099 0.16386894
1.84853782 0.00000466 0.32598040 0.69046700 0.58438099 0.16386894
1.84853782 0.00000466 0.32598040 0.69046700 0.58438099 0.16386894
1.84853782 0.00000466 0.32598040 0.69046700 0.58438099 0.16386894
1.84853782 0.00000466 0.32598040 0.69046700 0.58438099 0.16386894
1.84853782 0.00000466 0.32598040 0.69046700 0.58438099 0.16386894
1.84853782 0.00000466 0.32598040 0.69046700 0.58438099 0.16386894
1.84853782 0.00000466 0.32598040 0.69046700 0.58438099 0.16386894
1.84853782 0.00000466 0.32598040 0.69046700 0.58438099 0.16386894
1.84853782 0.00000466 0.32598040 0.69046700 0.58438099 0.16386894
1.84853782 0.00000466 0.32598040 0.69046700 0.58438099 0.16386894
1.84853782 0.00000466 0.32598040 0.69046700 0.58438099 0.16386894
1.84853782 0.00000466 0.32598040 0.69046700 0.58438099 0.16386894
1.84853782 0.00000466 0.32598040 0.69046700 0.58438099 0.16386894
1.84853782 0.00000466 0.32598040 0.69046700 0.58438099 0.16386894
1.84853782 0.00000466 0.32598040 0.69046700 0.58438099 0.16386894
1.84853782 0.00000466 0.32598040 0.69046700 0.58438099 0.16386894
1.84853782 0.00000466 0.32598040 0.69046700 0.58438099 0.16386894
1.84853782 0.00000466 0.32598040 0.69046700 0.58438099 0.16386894
1.84853782 0.00000466 0.40687048 1.62883462 0.61905665 0.16386894
1.84853782 0.00000466 0.40687048 1.62883462 0.61905665 0.16386894
1.84853782 0.00000466 0.40687048 1.62883462 0.61905665 0.16386894
1.84853782 0.00000466 0.40687048 1.62883462 0.61905665 0.16386894
1.84853782 0.00000466 0.40687048 1.62883462 0.61905665 0.16386894
1.84853782 0.00000466 0.40687048 1.62883462 0.61905665 0.16386894
1.84853782 0.00000466 0.40687048 1.62883462 0.61905665 0.16386894
1.84853782 0.00000466 0.40687048 1.62883462 0.61905665 0.16386894
1.84853782 0.00000466 0.40687048 1.62883462 0.61905665 0.16386894
1.84853782 0.00000466 0.40687048 1.62883462 0.61905665 0.16386894
1.84853782 0.00000466 0.40687048 1.62883462 0.61905665 0.16386894
1.84853782 0.00000466 0.40687048 1.62883462 0.61905665 0.16386894
1.84853782 0.00000466 0.40687048 1.62883462 0.61905665 0.16386894
1.84853782 0.00000466 0.40687048 1.62883462 0.61905665 0.16386894
1.84853782 0.00000466 0.40687048 1.62883462 0.61905665 0.16386894
1.84853782 0.00000466 0.40687048 1.62883462 0.61905665 0.16386894
1.84853782 0.00000466 0.40687048 1.62883462 0.61905665 0.16386894
1.84853782 0.00000466 0.40687048 1.62883462 0.61905665 0.16386894
1.84853782 0.00000466 0.40687048 1.62883462 0.61905665 0.16386894
1.84853782 0.00000466 0.40687048 1.62883462 0.61905665 0.16386894
1.84853782 0.00000466 0.40687048 1.62883462 0.61905665 0.16386894
1.84853782 0.00000466 0.40687048 1.62883462 0.61905665 0.16386894
1.84853782 0.00000466 0.40687048 1.62883462 0.61905665 0.16386894
1.84853782 0.00000466 0.40687048 1.62883462 0.61905665 0.16386894
1.84853782 0.00000466 0.40687048 1.62883462 0.61905665 0.16386894
1.84853782 0.00000466 0.40687048 1.62883462 0.61905665 0.16386894
1.84853782 0.00000466 0.40687048 1.62883462 0.61905665 0.16386894
1.84853782 0.00000466 0.40687048 1.62883462 0.61905665 0.16386894
1.84853782 0.00000466 0.40687048 1.62883462 0.61905665 0.16386894
1.84853782 0.00000466 0.40687048 1.62883462 0.61905665 0.16386894
1.84853782 0.00000466 0.40687048 1.62883462 0.61905665 0.16386894
1.84853782 0.00000466 0.40687048 1.62883462 0.61905665 0.16386894
1.84853782 0.00000466 0.40687048 1.62883462 0.61905665 0.16386894
1.84853782 0.00000466 0.40687048 1.62883462 0.61905665 0.16386894
1.84853782 0.00000466 0.40687048 1.62883462 0.61905665 0.16386894
1.84853782 0.00000466 0.40687048 1.62883462 0.61905665 0.16386894
1.84853782 0.00000466 0.40687048 1.62883462 0.61905665 0.16386894
1.84853782 0.00000466 0.40687048 1.62883462 0.61905665 0.16386894
1.84853782 0.00000466 0.40687048 1.62883462 0.61905665 0.16386894
1.84853782 0.00000466 0.40687048 1.62883462 0.61905665 0.16386894
1.84853782 0.00000466 0.40687048 1.62883462 0.61905665 0.16386894
1.84853782 0.00000466 0.40687048 1.62883462 0.61905665 0.16386894
1.84853782 0.00000466 0.40687048 1.62883462 0.61905665 0.16386894
1.84853782 0.00000466 0.40687048 1.62883462 0.61905665 0.16386894
1.84853782 0.00000466 0.40687048 1.62883462 0.61905665 0.16386894
1.84853782 0.00000466 0.40687048 1.62883462 0.61905665 0.16386894
1.84853782 0.00000466 0.40687048 1.62883462 0.61905665 0.16386894
1.84853782 0.00000466 0.40687048 1.62883462 0.61905665 0.16386894
1.84853782 0.00000466 0.40687048 1.62883462 0.61905665 0.16386894
1.84853782 0.00000466 0.40687048 1.62883462 0.61905665 0.16386894
1.84853782 0.00000466 0.40687048 1.62883462 0.61905665 0.16386894
1.84853782 0.00000466 0.40687048 1.62883462 0.61905665 0.16386894
1.84853782 0.00000466 0.40687048 1.62883462 0.61905665 0.16386894
1.84853782 0.00000466 0.40687048 1.62883462 0.61905665 0.16386894
1.84853782 0.00000466 0.40687048 1.62883462 0.61905665 0.16386894
1.84853782 0.00000466 0.40687048 1.62883462 0.61905665 0.16386894
1.84853782 0.00000466 0.40687048 1.62883462 0.61905665 0.16386894
1.84853782 0.00000466 0.40687048 1.62883462 0.61905665 0.16386894
1.84853782 0.00000466 0.40687048 1.62883462 0.61905665 0.16386894
1.84853782 0.00000466 0.40687048 1.62883462 0.61905665 0.16386894
1.84853782 0.00000466 0.40687048 1.62883462 0.61905665 0.16386894
1.84853782 0.00000466 0.40687048 1.62883462 0.61905665 0.16386894
1.84853782 0.00000466 0.40687048 1.62883462 0.61905665 0.16386894
1.84853782 0.00000466 0.40687048 1.62883462 0.61905665 0.16386894
1.84853782 0.00000466 0.40687048 1.62883462 0.61905665 0.16386894
1.84853782 0.00000466 0.40687048 1.62883462 0.61905665 0.16386894
1.84853782 0.00000466 0.40687048 1.62883462 0.61905665 0.16386894
1.84853782 0.00000466 0.40687048 1.62883462 0.61905665 0.16386894
1.84853782 0.00000466 0.40687048 1.62883462 0.61905665 0.16386894
1.84853782 0.00000466 0.40687048 1.62883462 0.61905665 0.16386894
1.84853782 0.00000466 0.40687048 1.62883462 0.61905665 0.16386894
1.84853782 0.00000466 0.40687048 1.62883462 0.61905665 0.16386894
1.84853782 0.00000466 0.40687048 1.62883462 0.61905665 0.16386894
1.84853782 0.00000466 0.40687048 1.62883462 0.61905665 0.16386894
1.84853782 0.00000466 0.40687048 1.62883462 0.61905665 0.16386894
1.84853782 0.00000466 0.40687048 1.62883462 0.61905665 0.16386894
1.84853782 0.00000466 0.40687048 1.62883462 0.61905665 0.16386894
1.84853782 0.00000466 0.40687048 1.62883462 0.61905665 0.16386894
1.84853782 0.00000466 0.40687048 1.62883462 0.61905665 0.16386894
1.84853782 0.00000466 0.40687048 1.62883462 0.61905665 0.16386894
1.84853782 0.00000466 0.40687048 1.62883462 0.61905665 0.16386894
1.84853782 0.00000466 0.40687048 1.62883462 0.61905665 0.16386894
1.84853782 0.00000466 0.40687048 1.62883462 0.61905665 0.16386894
1.84853782 0.00000466 0.40687048 1.62883462 0.61905665 0.16386894
1.84853782 0.00000466 0.40687048 1.62883462 0.61905665 0.16386894
1.84853782 0.00000466 0.40687048 1.62883462 0.61905665 0.16386894
1.84853782 0.00000466 0.40687048 1.62883462 0.61905665 0.16386894
1.84853782 0.00000466 0.40687048 1.62883462 0.61905665 0.16386894
1.84853782 0.00000466 0.40687048 1.62883462 0.61905665 0.16386894
1.84853782 0.00000466 0.40687048 1.62883462 0.61905665 0.16386894
1.84853782 0.00000466 0.40687048 1.62883462 0.61905665 0.16386894
1.84853782 0.00000466 0.40687048 1.62883462 0.61905665 0.16386894
1.84853782 0.00000466 0.40687048 1.62883462 0.61905665 0.16386894
1.84853782 0.00000466 0.40687048 1.62883462 0.61905665 0.16386894
1.84853782 0.00000466 0.40687048 1.62883462 0.61905665 0.16386894
1.84853782 0.00000466 0.40687048 1.62883462 0.61905665 0.16386894
1.84853782 0.00000466 0.40687048 1.62883462 0.61905665 0.16386894
1.84853782 0.00000466 0.40687048 1.62883462 0.61905665 0.16386894
1.84853782 0.00000466 0.40687048 1.62883462 0.61905665 0.16386894
1.84853782 0.00000466 0.40687048 1.62883462 0.61905665 0.16386894
1.84853782 0.00000466 0.40687048 1.62883462 0.61905665 0.16386894
1.84853782 0.00000466 0.40687048 1.62883462 0.61905665 0.16386894
1.84853782 0.00000466 0.40687048 1.62883462 0.61905665 0.16386894
1.84853782 0.00000466 0.40687048 1.62883462 0.61905665 0.16386894
1.84853782 0.00000466 0.40687048 1.62883462 0.61905665 0.16386894
1.84853782 0.00000466 0.40687048 1.62883462 0.61905665 0.16386894
1.84853782 0.00000466 0.40687048 1.62883462 0.61905665 0.16386894
1.84853782 0.00000466 0.40687048 1.62883462 0.61905665 0.16386894
1.84853782 0.00000466 0.40687048 1.62883462 0.61905665 0.16386894
1.84853782 0.00000466 0.40687048 1.62883462 0.61905665 0.16386894
1.84853782 0.00000466 0.40687048 1.62883462 0.61905665 0.16386894
1.84853782 0.00000466 0.40687048 1.62883462 0.61905665 0.16386894
1.84853782 0.00000466 0.40687048 1.62883462 0.61905665 0.16386894
1.84853782 0.00000466 0.40687048 1.62883462 0.61905665 0.16386894
1.84853782 0.00000466 0.40687048 1.62883462 0.61905665 0.16386894
1.84853782 0.00000466 0.40687048 1.62883462 0.61905665 0.16386894
1.84853782 0.00000466 0.40687048 1.62883462 0.61905665 0.16386894
1.84853782 0.00000466 0.40687048 1.62883462 0.61905665 0.16386894
1.84853782 0.00000466 0.40687048 1.62883462 0.61905665 0.16386894
1.84853782 0.00000466 0.40687048 1.62883462 0.61905665 0.16386894
1.84853782 0.00000466 0.40687048 1.62883462 0.61905665 0.16386894
1.84853782 0.00000466 0.40687048 1.62883462 0.61905665 0.16386894
1.84853782 0.00000466 0.40687048 1.62883462 0.61905665 0.16386894
1.84853782 0.00000466 0.40687048 1.62883462 0.61905665 0.16386894
1.84853782 0.00000466 0.40687048 1.62883462 0.61905665 0.16386894
1.84853782 0.00000466 0.40687048 1.62883462 0.61905665 0.16386894
1.84853782 0.00000466 0.40687048 1.62883462 0.61905665 0.16386894
1.84853782 0.00000466 0.40687048 1.62883462 0.61905665 0.16386894
1.84853782 0.00000466 0.40687048 1.62883462 0.61905665 0.16386894
1.84853782 0.00000466 0.40687048 1.62883462 0.61905665 0.16386894
1.84853782 0.00000466 0.40687048 1.62883462 0.61905665 0.16386894
1.84853782 0.00000466 0.40687048 1.62883462 0.61905665 0.16386894
1.84853782 0.00000466 0.40687048 1.62883462 0.61905665 0.16386894
1.84853782 0.00000466 0.40687048 1.62883462 0.61905665 0.16386894
1.84853782 0.00000466 0.40687048 1.62883462 0.61905665 0.16386894
1.84853782 0.00000466 0.40687048 1.62883462 0.61905665 0.16386894
1.84853782 0.00000466 0.40687048 1.62883462 0.61905665 0.16386894
1.84853782 0.00000466 0.40687048 1.62883462 0.61905665 0.16386894
1.84853782 0.00000466 0.40687048 1.62883462 0.61905665 0.16386894
1.84853782 0.00000466 0.40687048 1.62883462 0.61905665 0.16386894
1.84853782 0.00000466 0.40687048 1.62883462 0.61905665 0.16386894
1.84853782 0.00000466 0.40687048 1.62883462 0.61905665 0.16386894
1.84853782 0.00000466 0.40687048 1.62883462 0.61905665 0.16386894
1.84853782 0.00000466 0.40687048 1.62883462 0.61905665 0.16386894
1.84853782 0.00000466 0.40687048 1.62883462 0.61905665 0.16386894
1.84853782 0.00000466 0.40687048 1.62883462 0.61905665 0.16386894
1.84853782 0.00000466 0.40687048 1.62883462 0.61905665 0.16386894
1.84853782 0.00000466 0.40687048 1.62883462 0.61905665 0.16386894
1.84853782 0.00000466 0.40687048 1.62883462 0.61905665 0.16386894
1.84853782 0.00000466 0.40687048 1.62883462 0.61905665 0.16386894
1.84853782 0.00000466 0.40687048 1.62883462 0.61905665 0.16386894
1.84853782 0.00000466 0.40687048 1.62883462 0.61905665 0.16386894
1.84853782 0.00000466 0.40687048 1.62883462 0.61905665 0.16386894
1.84853782 0.00000466 0.40687048 1.62883462 0.61905665 0.16386894
1.84853782 0.00000466 0.40687048 1.62883462 0.61905665 0.16386894
1.84853782 0.00000466 0.40687048 1.62883462 0.61905665 0.16386894
1.84853782 0.00000466 0.40687048 1.62883462 0.61905665 0.16386894
1.84853782 0.00000466 0.40687048 1.62883462 0.61905665 0.16386894
1.84853782 0.00000466 0.40687048 1.62883462 0.61905665 0.16386894
1.84853782 0.00000466 0.40687048 1.62883462 0.61905665 0.16386894
1.84853782 0.00000466 0.40687048 1.62883462 0.61905665 0.16386894
1.84853782 0.00000466 0.40687048 1.62883462 0.61905665 0.16386894
2.21444858 0.00000466 0.32440454 1.62883462 0.68254327 0.16386894
2.21444858 0.00000466 0.32440454 1.62883462 0.68254327 0.16386894
2.21444858 0.00000466 0.32440454 1.62883462 0.68254327 0.16386894
2.21444858 0.00000466 0.32440454 1.62883462 0.68254327 0.16386894
2.21444858 0.00000466 0.32440454 1.62883462 0.68254327 0.16386894
2.21444858 0.00000466 0.32440454 1.62883462 0.68254327 0.16386894
2.21444858 0.00000466 0.32440454 1.62883462 0.68254327 0.16386894
2.21444858 0.00000466 0.32440454 1.62883462 0.68254327 0.16386894
2.21444858 0.00000466 0.32440454 1.62883462 0.68254327 0.16386894
2.21444858 0.00000466 0.32440454 1.62883462 0.68254327 0.16386894
2.21444858 0.00000466 0.32440454 1.62883462 0.68254327 0.16386894
2.21444858 0.00000466 0.32440454 1.62883462 0.68254327 0.16386894
2.21444858 0.00000466 0.32440454 1.62883462 0.68254327 0.16386894
2.21444858 0.00000466 0.32440454 1.62883462 0.68254327 0.16386894
2.21444858 0.00000466 0.32440454 1.62883462 0.68254327 0.16386894
2.21444858 0.00000466 0.32440454 1.62883462 0.68254327 0.16386894
2.21444858 0.00000466 0.32440454 1.62883462 0.68254327 0.16386894
2.21444858 0.00000466 0.32440454 1.62883462 0.68254327 0.16386894
2.21444858 0.00000466 0.32440454 1.62883462 0.68254327 0.16386894
2.21444858 0.00000466 0.32440454 1.62883462 0.68254327 0.16386894
2.21444858 0.00000466 0.32440454 1.62883462 0.68254327 0.16386894
2.21444858 0.00000466 0.32440454 1.62883462 0.68254327 0.16386894
2.21444858 0.00000466 0.32440454 1.62883462 0.68254327 0.16386894
2.21444858 0.00000466 0.32440454 1.62883462 0.68254327 0.16386894
2.21444858 0.00000466 0.32440454 1.62883462 0.68254327 0.16386894
2.21444858 0.00000466 0.32440454 1.62883462 0.68254327 0.16386894
2.21444858 0.00000466 0.32440454 1.62883462 0.68254327 0.16386894
2.21444858 0.00000466 0.32440454 1.62883462 0.68254327 0.16386894
2.21444858 0.00000466 0.32440454 1.62883462 0.68254327 0.16386894
2.21444858 0.00000466 0.32440454 1.62883462 0.68254327 0.16386894
2.21444858 0.00000466 0.32440454 1.62883462 0.68254327 0.16386894
2.21444858 0.00000466 0.32440454 1.62883462 0.68254327 0.16386894
2.21444858 0.00000466 0.32440454 1.62883462 0.68254327 0.16386894
2.21444858 0.00000466 0.32440454 1.62883462 0.68254327 0.16386894
2.21444858 0.00000466 0.32440454 1.62883462 0.68254327 0.16386894
2.21444858 0.00000466 0.32440454 1.62883462 0.68254327 0.16386894
2.21444858 0.00000466 0.32440454 1.62883462 0.68254327 0.16386894
2.21444858 0.00000466 0.32440454 1.62883462 0.68254327 0.16386894
2.21444858 0.00000466 0.32440454 1.62883462 0.68254327 0.16386894
2.21444858 0.00000466 0.32440454 1.62883462 0.68254327 0.16386894
2.21444858 0.00000466 0.32440454 1.62883462 0.68254327 0.16386894
2.21444858 0.00000466 0.32440454 1.62883462 0.68254327 0.16386894
2.21444858 0.00000466 0.32440454 1.62883462 0.68254327 0.16386894
2.21444858 0.00000466 0.32440454 1.62883462 0.68254327 0.16386894
2.21444858 0.00000466 0.32440454 1.62883462 0.68254327 0.16386894
2.21444858 0.00000466 0.12418769 1.45157527 0.39605946 0.07765963
2.21444858 0.00000466 0.12418769 1.45157527 0.39605946 0.07765963
2.21444858 0.00000466 0.12418769 1.45157527 0.39605946 0.07765963
2.21444858 0.00000466 0.12418769 1.45157527 0.39605946 0.07765963
2.21444858 0.00000466 0.12418769 1.45157527 0.39605946 0.07765963
2.21444858 0.00000466 0.12418769 1.45157527 0.39605946 0.07765963
2.21444858 0.00000466 0.12418769 1.45157527 0.39605946 0.07765963
2.21444858 0.00000466 0.12418769 1.45157527 0.39605946 0.07765963
2.21444858 0.00000466 0.25115222 0.80338162 0.15245809 0.56306251
2.21444858 0.00000466 0.25115222 0.80338162 0.15245809 0.56306251
2.21444858 0.00000466 0.25115222 0.80338162 0.15245809 0.56306251
2.21444858 0.00000466 0.25115222 0.80338162 0.15245809 0.56306251
2.21444858 0.00000466 0.25115222 0.80338162 0.15245809 0.56306251
2.21444858 0.00000466 0.25115222 0.80338162 0.15245809 0.56306251
2.21444858 0.00000466 0.25115222 0.80338162 0.15245809 0.56306251
2.21444858 0.00000466 0.25115222 0.80338162 0.15245809 0.56306251
2.21444858 0.00000466 0.25115222 0.80338162 0.15245809 0.56306251
2.21444858 0.00000466 0.25115222 0.80338162 0.15245809 0.56306251
2.21444858 0.00000466 0.25115222 0.80338162 0.15245809 0.56306251
2.21444858 0.00000466 0.25115222 0.80338162 0.15245809 0.56306251
2.21444858 0.00000466 0.25115222 0.80338162 0.15245809 0.56306251
2.21444858 0.00000466 0.25115222 0.80338162 0.15245809 0.56306251
2.21444858 0.00000466 0.25115222 0.80338162 0.15245809 0.56306251
2.21444858 0.00000466 0.25115222 0.80338162 0.15245809 0.56306251
2.21444858 0.00000466 0.25115222 0.80338162 0.15245809 0.56306251
2.21444858 0.00000466 0.25115222 0.80338162 0.15245809 0.56306251
2.21444858 0.00000466 0.25115222 0.80338162 0.15245809 0.56306251
2.21444858 0.00000466 0.25115222 0.80338162 0.15245809 0.56306251
2.21444858 0.00000466 0.25115222 0.80338162 0.15245809 0.56306251
2.21444858 0.00000466 0.25115222 0.80338162 0.15245809 0.56306251
2.21444858 0.00000466 0.25115222 0.80338162 0.15245809 0.56306251
2.21444858 0.00000466 0.25115222 0.80338162 0.15245809 0.56306251
2.21444858 0.00000466 0.25115222 0.80338162 0.15245809 0.56306251
2.21444858 0.00000466 0.25115222 0.80338162 0.15245809 0.56306251
2.21444858 0.00000466 0.25115222 0.80338162 0.15245809 0.56306251
2.21444858 0.00000466 0.25115222 0.80338162 0.15245809 0.56306251
2.21444858 0.00000466 0.25115222 0.80338162 0.15245809 0.56306251
2.21444858 0.00000466 0.25115222 0.80338162 0.15245809 0.56306251
2.21444858 0.00000466 0.25115222 0.80338162 0.15245809 0.56306251
2.21444858 0.00000466 0.25115222 0.80338162 0.15245809 0.56306251
2.21444858 0.00000466 0.25115222 0.80338162 0.15245809 0.56306251
2.21444858 0.00000466 0.25115222 0.80338162 0.15245809 0.56306251
2.21444858 0.00000466 0.25115222 0.80338162 0.15245809 0.56306251
2.21444858 0.00000466 0.25115222 0.80338162 0.15245809 0.56306251
2.21444858 0.00000466 0.25115222 0.80338162 0.15245809 0.56306251
2.21444858 0.00000466 0.25115222 0.80338162 0.15245809 0.56306251
2.21444858 0.00000466 0.25115222 0.80338162 0.15245809 0.56306251
2.21444858 0.00000466 0.25115222 0.80338162 0.15245809 0.56306251
2.21444858 0.00000466 0.25115222 0.80338162 0.15245809 0.56306251
2.21444858 0.00000466 0.25115222 0.80338162 0.15245809 0.56306251
2.21444858 0.00000466 0.25115222 0.80338162 0.15245809 0.56306251
2.21444858 0.00000466 0.25115222 0.80338162 0.15245809 0.56306251
2.21444858 0.00000466 0.25115222 0.80338162 0.15245809 0.56306251
2.21444858 0.00000466 0.25115222 0.43413051 0.15245809 0.40490580
2.21444858 0.00000466 0.25115222 0.43413051 0.15245809 0.40490580
2.21444858 0.00000466 0.25115222 0.43413051 0.15245809 0.40490580
2.21444858 0.00000466 0.25115222 0.43413051 0.15245809 0.40490580
2.21444858 0.00000466 0.25115222 0.43413051 0.15245809 0.40490580
2.21444858 0.00000466 0.25115222 0.43413051 0.15245809 0.40490580
2.21444858 0.00000466 0.25115222 0.43413051 0.15245809 0.40490580
2.21444858 0.00000466 0.25115222 0.43413051 0.15245809 0.40490580
2.21444858 0.00000466 0.25115222 0.43413051 0.15245809 0.40490580
2.21444858 0.00000466 0.25115222 0.43413051 0.15245809 0.40490580
2.21444858 0.00000466 0.25115222 0.43413051 0.15245809 0.40490580
2.21444858 0.00000466 0.25115222 0.43413051 0.15245809 0.40490580
2.21444858 0.00000466 0.25115222 0.43413051 0.15245809 0.40490580
2.21444858 0.00000466 0.25115222 0.43413051 0.15245809 0.40490580
2.21444858 0.00000466 0.25115222 0.43413051 0.15245809 0.40490580
2.21444858 0.00000466 0.25115222 0.43413051 0.15245809 0.40490580
2.21444858 0.00000466 0.25115222 0.43413051 0.15245809 0.40490580
2.21444858 0.00000466 0.25115222 0.43413051 0.15245809 0.40490580
2.21444858 0.00000466 0.25115222 0.43413051 0.15245809 0.40490580
2.21444858 0.00000466 0.51082119 0.04475701 0.09022333 0.39019725
2.21444858 0.00000466 0.51082119 0.04475701 0.09022333 0.39019725
2.21444858 0.00000466 0.51082119 0.04475701 0.09022333 0.39019725
2.21444858 0.00000466 0.51082119 0.04475701 0.09022333 0.39019725
2.21444858 0.00000466 0.51082119 0.04475701 0.09022333 0.39019725
2.21444858 0.00000466 0.51082119 0.04475701 0.09022333 0.39019725
2.21444858 0.00000466 0.51082119 0.04475701 0.09022333 0.39019725
2.21444858 0.00000466 0.51082119 0.04475701 0.09022333 0.39019725
2.21444858 0.00000466 0.51082119 0.04475701 0.09022333 0.39019725
2.21444858 0.00000466 0.51082119 0.04475701 0.09022333 0.39019725
2.21444858 0.00000466 0.51082119 0.04475701 0.09022333 0.39019725
2.21444858 0.00000466 0.51082119 0.04475701 0.09022333 0.39019725
2.21444858 0.00000466 0.51082119 0.04475701 0.09022333 0.39019725
2.21444858 0.00000466 0.51082119 0.04475701 0.09022333 0.39019725
2.21444858 0.00000466 0.51082119 0.04475701 0.09022333 0.39019725
2.21444858 0.00000466 0.51082119 0.04475701 0.09022333 0.39019725
2.21444858 0.00000466 0.51082119 0.04475701 0.09022333 0.39019725
2.21444858 0.00000466 0.51082119 0.04475701 0.09022333 0.39019725
2.21444858 0.00000466 0.51082119 0.04475701 0.09022333 0.39019725
2.21444858 0.00000466 0.51082119 0.04475701 0.09022333 0.39019725
2.21444858 0.00000466 0.51082119 0.04475701 0.09022333 0.39019725
2.21444858 0.00000466 0.51082119 0.04475701 0.09022333 0.39019725
2.21444858 0.00000466 0.51082119 0.04475701 0.09022333 0.39019725
