-104178.78 nan -104178.78
-101674.93 nan -101674.93
-96418.71 nan -96418.71
-95194.22 nan -95194.22
-95775.18 nan -95775.18
-99808.08 nan -99808.08
-103451.15 nan -103451.15
-103200.04 nan -103200.04
-96005.98 nan -96005.98
-94837.70 nan -94837.70
-96653.72 nan -96653.72
-92262.96 nan -92262.96
0.00 -96052.30 -93782.74
-96667.02 nan -96667.02
0.00 -105444.39 -106657.17
0.00 -100001.32 -108156.66
-114453.51 nan -114453.51
-106920.98 nan -106920.98
-109399.03 nan -109399.03
0.00 -102525.15 -103931.01
-106265.85 nan -106265.85
0.00 -101759.10 -105286.93
-108211.55 nan -108211.55
0.00 -95617.00 -101047.64
0.00 -100385.78 -108021.89
-114073.05 nan -114073.05
0.00 -105245.64 -110949.76
0.00 -104156.09 -111209.49
0.00 -105679.93 -110940.89
-103466.74 nan -103466.74
0.00 -98717.19 -101687.43
-89832.72 nan -89832.72
-112780.21 nan -112780.21
-116808.98 nan -116808.98
-97188.67 nan -97188.67
0.00 -101208.50 -103056.95
-91483.66 nan -91483.66
-100784.24 nan -100784.24
-100783.80 nan -100783.80
0.00 -101847.40 -105266.83
-92836.34 nan -92836.34
-113108.40 nan -113108.40
0.00 -101558.01 -100834.74
0.00 -102583.38 -103873.80
0.00 -105595.56 -111321.47
-91761.26 nan -91761.26
-90695.40 nan -90695.40
-99624.40 nan -99624.40
0.00 -99270.66 -99858.20
0.00 -103312.44 -116975.05
0.00 -104722.39 -115409.53
0.00 -104828.09 -115011.81
0.00 -102500.74 -109228.68
0.00 -99847.72 -101334.53
0.00 -100083.78 -104504.21
0.00 -97742.64 -100961.89
-101728.38 nan -101728.38
0.00 -99726.39 -101547.30
-109327.28 nan -109327.28
0.00 -103946.82 -110764.74
0.00 -99995.80 -103321.92
0.00 -98494.27 -101870.14
0.00 -98078.95 -103461.85
0.00 -97962.34 -99568.51
0.00 -98318.80 -99007.57
-120444.23 nan -120444.23
-111349.73 nan -111349.73
-99801.27 nan -99801.27
0.00 -98549.56 -99993.32
0.00 -97539.58 -102401.76
-115256.34 nan -115256.34
0.00 -101226.08 -105370.30
0.00 -103934.94 -110244.07
0.00 -102651.88 -109158.90
-122284.49 nan -122284.49
0.00 -107485.90 -113146.92
0.00 -105662.09 -111276.35
0.00 -106106.41 -110652.82
-116686.98 nan -116686.98
0.00 -104651.17 -107593.36
-101241.94 nan -101241.94
0.00 -99820.97 -99109.12
0.00 -102175.31 -101815.95
-105994.49 nan -105994.49
-112609.86 nan -112609.86
-90080.81 nan -90080.81
0.00 -97575.27 -101133.67
0.00 -98557.80 -99799.65
-111019.29 nan -111019.29
-106925.43 nan -106925.43
0.00 -103240.53 -113002.07
0.00 -103645.45 -111581.81
0.00 -103646.54 -111763.59
-98481.83 nan -98481.83
0.00 -99029.88 -103899.34
-102891.47 nan -102891.47
-97706.59 nan -97706.59
0.00 -100319.31 -104722.66
-112032.99 nan -112032.99
0.00 -101907.77 -107995.16
0.00 -101363.67 -107053.13
0.00 -99691.05 -107752.57
-99490.42 nan -99490.42
-90221.97 nan -90221.97
0.00 -101413.30 -103666.70
0.00 -99486.45 -101665.05
-118114.18 nan -118114.18
0.00 -98859.95 -102489.08
0.00 -99207.87 -99487.38
0.00 -98573.14 -99713.06
0.00 -97808.91 -100646.31
-100902.81 nan -100902.81
0.00 -100281.17 -100948.85
0.00 -98517.55 -100946.74
-109025.15 nan -109025.15
-104869.59 nan -104869.59
0.00 -100589.41 -106203.71
0.00 -101478.23 -106534.72
0.00 -100481.20 -106516.92
-108642.94 nan -108642.94
-108506.25 nan -108506.25
0.00 -99342.73 -101734.42
-106526.83 nan -106526.83
-122191.49 nan -122191.49
0.00 -103348.45 -110261.19
-114046.67 nan -114046.67
0.00 -105499.70 -114447.65
-108149.99 nan -108149.99
-93127.33 nan -93127.33
-110309.97 nan -110309.97
0.00 -98455.93 -99659.63
0.00 -95077.09 -101652.77
0.00 -94857.35 -102367.11
0.00 -96914.79 -102350.52
-107956.96 nan -107956.96
-101689.14 nan -101689.14
0.00 -98532.73 -109734.96
0.00 -95693.30 -101032.37
0.00 -94345.41 -101281.98
0.00 -93554.70 -100301.29
-110465.31 nan -110465.31
-93422.71 nan -93422.71
-95284.02 nan -95284.02
0.00 -103255.14 -104795.41
0.00 -103313.42 -104257.39
0.00 -105448.70 -107202.86
-100416.03 nan -100416.03
-95891.74 nan -95891.74
-104148.80 nan -104148.80
0.00 -97985.95 -100112.67
0.00 -97747.92 -99159.08
-95387.83 nan -95387.83
0.00 -98689.88 -102254.62
-93471.04 nan -93471.04
-101949.00 nan -101949.00
0.00 -94887.45 -96675.25
-114684.23 nan -114684.23
0.00 -99027.75 -102744.53
0.00 -98818.81 -104929.79
-91136.59 nan -91136.59
0.00 -100645.48 -102274.71
0.00 -98498.48 -104981.13
-107140.12 nan -107140.12
-90288.63 nan -90288.63
-97133.48 nan -97133.48
0.00 -93557.18 -95629.91
-100917.76 nan -100917.76
0.00 -92030.99 -96742.64
0.00 -102899.61 -109229.23
0.00 -96927.69 -103423.49
-107743.08 nan -107743.08
0.00 -97888.69 -103045.01
-98098.98 nan -98098.98
-93913.74 nan -93913.74
0.00 -95894.95 -99128.84
0.00 -98096.15 -99453.59
-106804.49 nan -106804.49
0.00 -96074.41 -107480.51
-97587.22 nan -97587.22
0.00 -104648.24 -105352.07
0.00 -103419.55 -113025.49
0.00 -105862.77 -109867.20
-92671.75 nan -92671.75
0.00 -91597.09 -94758.51
-110613.51 nan -110613.51
-94792.38 nan -94792.38
