-90148.29 nan -90148.29
-84137.89 nan -84137.89
-83893.94 nan -83893.94
-83509.02 nan -83509.02
-81682.91 nan -81682.91
-82535.33 nan -82535.33
-88514.46 nan -88514.46
-85019.21 nan -85019.21
-92852.02 nan -92852.02
-81422.72 nan -81422.72
-92600.80 nan -92600.80
0.00 -88290.92 -89740.00
-85921.51 nan -85921.51
-87957.66 nan -87957.66
0.00 -87383.38 -86309.75
-104183.77 nan -104183.77
0.00 -88610.12 -89687.88
-94517.53 nan -94517.53
-81768.66 nan -81768.66
-98701.24 nan -98701.24
0.00 -92144.69 -93807.78
0.00 -89228.53 -95912.44
-99519.74 nan -99519.74
-91081.46 nan -91081.46
0.00 -93618.15 -96088.51
-99005.02 nan -99005.02
0.00 -92989.92 -97193.65
-90049.28 nan -90049.28
-83504.12 nan -83504.12
-83097.84 nan -83097.84
0.00 -85092.52 -85793.50
0.00 -87514.46 -92778.68
0.00 -93227.03 -97739.37
-83228.02 nan -83228.02
0.00 -86007.23 -87689.49
-96336.39 nan -96336.39
0.00 -87146.64 -91798.94
-95986.94 nan -95986.94
0.00 -93598.24 -97032.29
0.00 -90479.98 -90373.83
-95728.53 nan -95728.53
0.00 -91324.56 -91786.16
-81951.14 nan -81951.14
0.00 -90555.58 -90918.79
-84552.91 nan -84552.91
-91947.22 nan -91947.22
-86253.54 nan -86253.54
-84174.79 nan -84174.79
-92403.05 nan -92403.05
0.00 -85465.16 -89330.45
0.00 -88478.55 -90705.63
-99890.01 nan -99890.01
-89416.22 nan -89416.22
-101831.24 nan -101831.24
0.00 -92715.34 -99480.89
0.00 -93510.78 -98973.03
-84448.58 nan -84448.58
-83227.05 nan -83227.05
-97774.81 nan -97774.81
0.00 -95475.88 -106333.11
0.00 -89883.38 -98922.32
0.00 -93585.61 -103291.69
0.00 -94395.45 -104775.03
-82109.63 nan -82109.63
0.00 -83248.09 -84854.44
0.00 -84673.88 -84544.96
0.00 -84444.12 -85640.84
-89650.05 nan -89650.05
-94381.94 nan -94381.94
0.00 -86803.27 -88690.60
0.00 -86795.48 -88612.22
0.00 -85630.70 -85936.50
0.00 -84026.55 -86810.39
0.00 -87166.47 -90565.31
0.00 -87877.53 -91816.95
0.00 -91562.50 -92441.00
0.00 -89540.78 -90316.06
-93814.09 nan -93814.09
-81764.24 nan -81764.24
0.00 -88847.66 -88169.43
-94982.52 nan -94982.52
0.00 -94059.19 -96862.98
0.00 -93520.17 -96984.98
-84834.16 nan -84834.16
-88673.75 nan -88673.75
-88018.34 nan -88018.34
0.00 -83213.12 -85022.43
0.00 -87173.61 -91394.04
0.00 -86059.52 -88324.01
0.00 -84793.84 -86154.86
0.00 -83929.59 -85591.12
0.00 -88826.97 -93145.39
0.00 -89842.92 -95663.48
-84298.42 nan -84298.42
-98247.01 nan -98247.01
-89984.24 nan -89984.24
0.00 -85716.26 -88473.64
0.00 -88613.53 -93453.78
-83851.85 nan -83851.85
0.00 -85771.27 -90942.02
-84971.35 nan -84971.35
0.00 -83602.08 -87833.15
0.00 -86185.22 -86575.11
0.00 -84922.92 -85745.21
-105835.00 nan -105835.00
-100790.11 nan -100790.11
0.00 -90213.66 -95254.69
0.00 -88352.20 -93409.54
0.00 -90747.20 -94194.00
0.00 -89575.17 -92687.05
-97665.81 nan -97665.81
-82038.93 nan -82038.93
-82359.05 nan -82359.05
0.00 -87195.67 -87823.36
0.00 -87500.12 -89774.62
0.00 -86732.66 -88558.73
-95172.55 nan -95172.55
-84619.00 nan -84619.00
0.00 -89062.17 -93126.58
-102212.25 nan -102212.25
-89025.69 nan -89025.69
-93818.84 nan -93818.84
0.00 -88552.06 -92197.42
-90329.50 nan -90329.50
-84409.42 nan -84409.42
-85779.05 nan -85779.05
0.00 -88437.70 -91505.76
0.00 -92004.89 -96918.29
0.00 -93646.05 -96926.01
0.00 -92291.30 -96815.32
0.00 -83995.56 -91751.45
-102290.74 nan -102290.74
0.00 -88071.24 -97328.25
-84641.41 nan -84641.41
0.00 -85770.84 -92779.39
0.00 -85666.09 -93591.73
0.00 -86034.58 -91976.73
-101440.92 nan -101440.92
0.00 -85294.86 -94991.80
-95747.55 nan -95747.55
0.00 -92201.17 -90366.52
0.00 -89452.64 -86201.45
0.00 -90703.84 -86987.77
-92667.12 nan -92667.12
0.00 -89950.84 -86519.37
-83970.54 nan -83970.54
-94434.54 nan -94434.54
0.00 -95295.97 -95034.68
0.00 -89728.47 -94728.68
0.00 -92423.22 -99229.06
-107841.96 nan -107841.96
-101842.42 nan -101842.42
-84252.41 nan -84252.41
0.00 -89011.17 -90622.46
0.00 -85636.08 -89961.97
-86205.10 nan -86205.10
-111279.15 nan -111279.15
-91011.83 nan -91011.83
-105959.88 nan -105959.88
-96094.21 nan -96094.21
0.00 -87886.25 -91677.00
-90708.50 nan -90708.50
0.00 -85722.17 -87479.89
0.00 -90796.95 -96696.08
0.00 -85305.69 -91407.67
-85180.48 nan -85180.48
-85447.14 nan -85447.14
0.00 -86262.92 -85722.55
0.00 -89627.21 -97765.52
0.00 -89979.53 -99271.21
-84194.94 nan -84194.94
-90057.21 nan -90057.21
-89768.51 nan -89768.51
0.00 -85028.03 -91874.87
-87900.18 nan -87900.18
-96359.25 nan -96359.25
-94111.54 nan -94111.54
0.00 -82858.83 -86303.33
0.00 -94074.02 -95250.19
0.00 -87890.09 -93930.30
0.00 -88106.33 -97549.45
0.00 -84427.12 -92237.75
0.00 -83075.03 -90002.84
0.00 -84519.91 -89529.61
