-114824.57 nan -114824.57
-116251.75 nan -116251.75
-120461.07 nan -120461.07
-119388.71 nan -119388.71
-127098.18 nan -127098.18
-119189.51 nan -119189.51
-113683.09 nan -113683.09
-113321.27 nan -113321.27
-113943.04 nan -113943.04
-119672.55 nan -119672.55
-120514.55 nan -120514.55
0.00 -117143.31 -117740.78
0.00 -117429.15 -116784.46
-125748.12 nan -125748.12
-127714.40 nan -127714.40
0.00 -121762.73 -128335.54
-117682.26 nan -117682.26
-123659.14 nan -123659.14
0.00 -118569.89 -122638.92
0.00 -119108.33 -121946.80
0.00 -121082.48 -122266.56
0.00 -117700.69 -125379.43
0.00 -118942.17 -126869.95
0.00 -121039.89 -127963.65
-113772.50 nan -113772.50
0.00 -122775.90 -128138.74
0.00 -121031.70 -128512.26
0.00 -121748.91 -132151.12
0.00 -122144.45 -132195.08
0.00 -125117.12 -132042.39
0.00 -120864.16 -125121.68
0.00 -119644.37 -121066.91
0.00 -120011.48 -119010.56
0.00 -116872.36 -126851.69
0.00 -121622.66 -122848.49
0.00 -120284.09 -119506.73
0.00 -120147.36 -119988.73
0.00 -120125.66 -119947.90
0.00 -120969.23 -119946.68
0.00 -121957.62 -121902.26
0.00 -124967.35 -124999.25
-129468.05 nan -129468.05
0.00 -125266.20 -125797.29
0.00 -124498.48 -124219.39
-133696.23 nan -133696.23
0.00 -126354.74 -128829.50
-133696.23 nan -133696.23
-115438.43 nan -115438.43
0.00 -117848.98 -115550.92
0.00 -126941.66 -134325.77
0.00 -126715.20 -134736.32
0.00 -121976.45 -127189.97
-119117.70 nan -119117.70
-116279.81 nan -116279.81
-147470.71 nan -147470.71
-133146.98 nan -133146.98
-137749.70 nan -137749.70
0.00 -121486.45 -121875.28
-113826.93 nan -113826.93
0.00 -117388.88 -118623.98
-133733.90 nan -133733.90
-128925.24 nan -128925.24
-121109.49 nan -121109.49
0.00 -117962.86 -121125.99
-146600.00 nan -146600.00
-132543.84 nan -132543.84
-131863.91 nan -131863.91
0.00 -125220.89 -132298.84
0.00 -125311.05 -132285.76
-134644.91 nan -134644.91
0.00 -123558.09 -127548.28
-113235.52 nan -113235.52
-129809.98 nan -129809.98
-135428.18 nan -135428.18
0.00 -128367.11 -133052.99
-117111.31 nan -117111.31
0.00 -122264.19 -120275.10
-127242.22 nan -127242.22
0.00 -124607.70 -123582.17
0.00 -123239.95 -124049.32
0.00 -124863.08 -125383.96
0.00 -125867.89 -130006.16
-142302.66 nan -142302.66
0.00 -123295.22 -130878.89
0.00 -125454.31 -133154.22
-143073.67 nan -143073.67
-114061.74 nan -114061.74
0.00 -130620.22 -142092.79
0.00 -123072.42 -127637.77
-141546.16 nan -141546.16
-118487.23 nan -118487.23
-111533.02 nan -111533.02
-112695.05 nan -112695.05
0.00 -117274.75 -119020.01
-133042.36 nan -133042.36
0.00 -121651.72 -134447.88
0.00 -124198.75 -134251.74
-111211.85 nan -111211.85
0.00 -118774.73 -117346.96
0.00 -121309.27 -122775.18
-118955.60 nan -118955.60
0.00 -125795.45 -126688.58
0.00 -120589.75 -121508.56
0.00 -125741.59 -131364.52
0.00 -128202.51 -136722.56
-116431.68 nan -116431.68
0.00 -122826.00 -125982.58
0.00 -123143.47 -125629.57
0.00 -124588.87 -128783.74
0.00 -126251.20 -129874.35
0.00 -124070.64 -129313.21
0.00 -129338.89 -140221.82
-145528.52 nan -145528.52
0.00 -131041.34 -143889.45
-123094.11 nan -123094.11
-135945.50 nan -135945.50
-141863.28 nan -141863.28
-125128.08 nan -125128.08
-128736.66 nan -128736.66
-135731.22 nan -135731.22
0.00 -127478.84 -130509.99
0.00 -122036.05 -124560.60
-144632.70 nan -144632.70
0.00 -122726.84 -127240.71
-110847.05 nan -110847.05
-113863.74 nan -113863.74
0.00 -121809.22 -125929.66
-139876.60 nan -139876.60
0.00 -125096.22 -131626.23
-119351.81 nan -119351.81
0.00 -115240.36 -124283.96
0.00 -121063.55 -131068.24
0.00 -123249.31 -132073.15
0.00 -118728.95 -125833.09
0.00 -117993.51 -126986.98
0.00 -117181.46 -122564.45
0.00 -121292.17 -129201.10
0.00 -113778.61 -118872.44
0.00 -114665.59 -121400.35
-147728.83 nan -147728.83
0.00 -128000.34 -132899.15
-135524.08 nan -135524.08
0.00 -127818.33 -132657.12
0.00 -129751.18 -133406.29
-112429.08 nan -112429.08
0.00 -123117.07 -122437.95
0.00 -125125.41 -122694.29
0.00 -124217.33 -123241.85
0.00 -126234.04 -127621.39
-115796.17 nan -115796.17
0.00 -121087.65 -123641.93
0.00 -118939.73 -122959.87
0.00 -123051.56 -132829.61
-124513.83 nan -124513.83
-118101.72 nan -118101.72
-137952.06 nan -137952.06
0.00 -120007.91 -126036.71
0.00 -120858.95 -130538.15
0.00 -121124.69 -122859.40
0.00 -117153.50 -121980.86
0.00 -118200.24 -121862.51
-110395.52 nan -110395.52
0.00 -119141.41 -114655.16
0.00 -113660.35 -116075.04
0.00 -119304.77 -127454.03
0.00 -120598.67 -124826.62
-111281.73 nan -111281.73
0.00 -115499.88 -117513.48
0.00 -115540.36 -124632.50
-130587.60 nan -130587.60
0.00 -126241.89 -134440.75
-123828.84 nan -123828.84
-126706.31 nan -126706.31
-136464.70 nan -136464.70
0.00 -119179.99 -124654.98
-136855.56 nan -136855.56
-117327.11 nan -117327.11
-129393.82 nan -129393.82
0.00 -128854.79 -125588.05
0.00 -115372.51 -118921.47
-119348.34 nan -119348.34
0.00 -112294.28 -119429.47
-134802.88 nan -134802.88
-127159.84 nan -127159.84
-137861.97 nan -137861.97
0.00 -118088.91 -130260.04
