-76610.08 nan -76610.08
-76738.56 nan -76738.56
-77809.31 nan -77809.31
-82071.84 nan -82071.84
-73656.76 nan -73656.76
-78502.46 nan -78502.46
-79018.20 nan -79018.20
-76148.11 nan -76148.11
-76284.28 nan -76284.28
-83374.54 nan -83374.54
-75898.67 nan -75898.67
-80984.70 nan -80984.70
0.00 -79483.08 -80020.15
0.00 -79580.47 -78124.05
0.00 -78768.09 -76659.64
0.00 -77938.93 -76897.26
-75643.79 nan -75643.79
0.00 -83096.95 -83165.35
-74948.08 nan -74948.08
0.00 -79051.84 -78742.38
-92177.71 nan -92177.71
-93897.78 nan -93897.78
-74780.72 nan -74780.72
-78084.88 nan -78084.88
0.00 -81275.36 -82523.02
0.00 -77260.84 -78505.64
0.00 -80808.48 -81492.37
0.00 -80758.16 -85466.63
0.00 -83773.48 -88939.98
-79984.74 nan -79984.74
0.00 -82401.22 -85984.79
-75220.34 nan -75220.34
0.00 -83866.23 -87153.68
-85234.55 nan -85234.55
0.00 -81549.02 -87772.88
0.00 -83060.91 -87307.55
0.00 -79285.97 -79456.84
-86238.97 nan -86238.97
0.00 -82465.64 -87953.88
0.00 -83665.44 -87051.08
0.00 -85558.89 -87160.38
-91354.37 nan -91354.37
0.00 -84044.25 -86730.57
-91573.85 nan -91573.85
-83308.00 nan -83308.00
0.00 -81483.88 -84485.14
-85513.96 nan -85513.96
-86659.63 nan -86659.63
0.00 -81620.27 -86015.76
0.00 -84441.89 -92676.04
0.00 -80926.36 -86280.47
-94596.38 nan -94596.38
0.00 -83635.04 -91747.87
0.00 -81912.46 -88288.15
0.00 -81155.70 -86136.61
0.00 -81143.99 -81712.95
0.00 -79940.44 -83390.76
0.00 -79667.55 -82871.04
0.00 -79127.66 -82725.49
0.00 -81489.38 -86062.48
0.00 -80568.10 -83404.01
-84194.72 nan -84194.72
0.00 -81834.88 -87868.13
0.00 -84218.81 -92579.33
0.00 -85280.12 -91723.40
-82159.72 nan -82159.72
0.00 -81929.36 -87346.07
0.00 -85780.27 -92703.62
0.00 -84687.53 -92122.85
-83783.36 nan -83783.36
0.00 -81511.43 -85163.64
0.00 -80351.95 -86179.72
0.00 -81980.80 -86518.41
0.00 -82650.30 -88656.73
-85791.88 nan -85791.88
-91973.75 nan -91973.75
-101666.33 nan -101666.33
0.00 -84710.54 -86699.55
0.00 -84342.77 -87070.90
0.00 -84375.50 -87536.47
-95973.93 nan -95973.93
0.00 -84672.75 -87013.65
0.00 -84268.37 -87423.26
0.00 -84578.79 -86992.16
-75843.90 nan -75843.90
0.00 -78695.88 -81973.51
0.00 -76818.70 -77237.78
-81419.12 nan -81419.12
-97120.65 nan -97120.65
-78933.89 nan -78933.89
-91856.55 nan -91856.55
0.00 -80110.80 -84635.29
-76063.13 nan -76063.13
0.00 -78710.52 -81081.25
-89257.55 nan -89257.55
-82570.31 nan -82570.31
0.00 -78452.81 -82975.72
0.00 -80036.39 -84374.67
0.00 -77657.25 -79523.17
0.00 -77313.73 -82497.57
0.00 -79525.65 -83499.91
0.00 -81564.25 -90045.84
0.00 -83928.31 -90627.61
-82563.76 nan -82563.76
-85289.68 nan -85289.68
-86461.52 nan -86461.52
0.00 -80166.53 -80956.04
0.00 -78336.36 -78750.11
0.00 -82890.39 -89250.72
0.00 -80548.00 -83279.11
0.00 -80896.22 -85187.03
-91746.61 nan -91746.61
-91227.44 nan -91227.44
-75482.23 nan -75482.23
-88041.79 nan -88041.79
-89589.25 nan -89589.25
-90906.53 nan -90906.53
0.00 -80727.20 -82996.58
0.00 -80745.09 -85146.59
0.00 -81761.33 -85863.26
0.00 -86733.42 -91021.25
-76734.79 nan -76734.79
-86781.98 nan -86781.98
0.00 -82386.47 -84814.71
0.00 -85309.97 -87176.89
0.00 -82146.03 -85558.72
0.00 -79640.05 -81650.07
-77272.73 nan -77272.73
0.00 -84319.34 -90139.84
-92005.44 nan -92005.44
-85909.77 nan -85909.77
0.00 -80567.45 -86763.85
0.00 -82181.44 -87805.61
0.00 -77194.79 -87128.68
-83516.17 nan -83516.17
0.00 -79124.64 -86995.58
0.00 -78350.16 -83790.87
0.00 -82224.40 -84149.40
-80586.00 nan -80586.00
0.00 -77711.91 -81679.09
-78492.79 nan -78492.79
0.00 -84627.32 -85666.56
0.00 -84271.71 -84230.60
-93517.92 nan -93517.92
0.00 -88576.42 -92807.15
0.00 -85206.08 -87789.74
0.00 -86059.44 -88747.43
0.00 -84770.17 -84207.93
-87958.13 nan -87958.13
-76714.11 nan -76714.11
0.00 -79990.16 -81215.82
0.00 -77311.48 -80287.48
0.00 -82667.16 -87841.11
0.00 -83846.00 -90499.04
0.00 -83790.08 -90462.60
-79331.43 nan -79331.43
0.00 -81260.96 -83256.31
0.00 -82795.47 -84998.24
0.00 -82470.03 -85142.79
-81399.42 nan -81399.42
0.00 -84243.53 -86572.27
0.00 -81047.69 -90313.08
0.00 -79027.39 -83720.97
0.00 -80882.58 -83642.57
0.00 -81152.08 -83737.51
0.00 -77636.16 -79404.53
-87219.57 nan -87219.57
-89604.20 nan -89604.20
0.00 -80773.36 -88421.73
-82291.88 nan -82291.88
0.00 -81726.42 -89293.28
-91515.30 nan -91515.30
0.00 -80365.97 -87026.33
0.00 -82879.45 -87063.21
0.00 -78339.77 -82389.87
-85464.79 nan -85464.79
-86442.11 nan -86442.11
0.00 -78488.34 -85304.42
0.00 -77322.30 -81453.58
-85708.63 nan -85708.63
0.00 -78714.53 -82240.30
-78367.23 nan -78367.23
0.00 -76692.84 -82417.61
0.00 -76709.09 -81128.36
0.00 -79917.16 -84229.81
-73847.42 nan -73847.42
-85068.93 nan -85068.93
