-132137.10 nan -132137.10
-139697.14 nan -139697.14
-148682.45 nan -148682.45
-134924.75 nan -134924.75
-127551.53 nan -127551.53
-141692.30 nan -141692.30
-128728.82 nan -128728.82
-131666.68 nan -131666.68
-133395.06 nan -133395.06
-123026.57 nan -123026.57
-137214.57 nan -137214.57
0.00 -131075.22 -131555.61
0.00 -132801.14 -135958.97
0.00 -136043.34 -136610.75
0.00 -132314.55 -136425.42
0.00 -134203.34 -136449.41
0.00 -134343.50 -136447.55
0.00 -136623.00 -136447.57
0.00 -130114.67 -131738.49
0.00 -130031.94 -130168.80
0.00 -126499.30 -132589.33
0.00 -127775.69 -130126.91
-122394.70 nan -122394.70
-131908.47 nan -131908.47
0.00 -131106.27 -138612.12
0.00 -136754.08 -146106.36
-132010.61 nan -132010.61
-123816.86 nan -123816.86
0.00 -126581.19 -129717.61
0.00 -126134.91 -128677.22
-133197.63 nan -133197.63
0.00 -126805.44 -128077.99
-150495.51 nan -150495.51
0.00 -138887.62 -144711.36
0.00 -133848.97 -144998.84
0.00 -137664.78 -145020.56
-137545.45 nan -137545.45
0.00 -131854.78 -138022.94
-135598.19 nan -135598.19
0.00 -131542.78 -128253.90
-146933.29 nan -146933.29
0.00 -131090.72 -136124.83
-130467.03 nan -130467.03
-139149.21 nan -139149.21
0.00 -133091.34 -134947.32
0.00 -136349.69 -136209.65
-142959.85 nan -142959.85
0.00 -132569.81 -140163.02
-124998.50 nan -124998.50
0.00 -128500.77 -135008.38
0.00 -127898.67 -130994.01
0.00 -129897.63 -133546.92
0.00 -130464.90 -133423.48
0.00 -130444.07 -130720.86
0.00 -125436.58 -127316.83
0.00 -125634.50 -127453.55
0.00 -130879.20 -127408.46
-133688.06 nan -133688.06
0.00 -132238.69 -137523.05
-139933.71 nan -139933.71
-149883.32 nan -149883.32
0.00 -131932.73 -137816.71
0.00 -126784.78 -130918.98
-131507.39 nan -131507.39
-148891.63 nan -148891.63
-130522.93 nan -130522.93
-151729.29 nan -151729.29
-122105.46 nan -122105.46
-153556.79 nan -153556.79
0.00 -130931.24 -141325.99
0.00 -130701.48 -134559.50
0.00 -131190.77 -136008.90
0.00 -130787.75 -132428.14
-130782.97 nan -130782.97
0.00 -129329.68 -131367.86
-154298.14 nan -154298.14
-138010.11 nan -138010.11
0.00 -134095.22 -133511.72
0.00 -134004.00 -132801.41
-133790.52 nan -133790.52
0.00 -135592.16 -138252.74
0.00 -137386.45 -139740.15
-134209.57 nan -134209.57
-143581.18 nan -143581.18
-142404.05 nan -142404.05
-154942.04 nan -154942.04
0.00 -138066.42 -152179.43
0.00 -138812.03 -152018.71
-133539.30 nan -133539.30
-125858.64 nan -125858.64
0.00 -125446.42 -128607.46
0.00 -129906.20 -131495.83
-134035.48 nan -134035.48
-139164.38 nan -139164.38
0.00 -129415.44 -135642.68
0.00 -128985.72 -134601.74
0.00 -127081.10 -126711.75
0.00 -122489.61 -126654.16
-134109.31 nan -134109.31
0.00 -126772.62 -132963.30
0.00 -128881.94 -134270.34
0.00 -139873.28 -154579.46
-132061.74 nan -132061.74
0.00 -132992.67 -141279.29
0.00 -135552.28 -140916.69
0.00 -132739.73 -140282.43
-123844.70 nan -123844.70
0.00 -129568.04 -126795.00
-152676.02 nan -152676.02
0.00 -136040.31 -145996.10
-132672.55 nan -132672.55
0.00 -133573.98 -133984.24
0.00 -127170.14 -129548.84
-128442.08 nan -128442.08
-141419.25 nan -141419.25
-128600.26 nan -128600.26
-126290.85 nan -126290.85
-147242.99 nan -147242.99
0.00 -136230.16 -142740.68
0.00 -137632.45 -146904.31
-152907.61 nan -152907.61
-155322.66 nan -155322.66
-155129.85 nan -155129.85
0.00 -145364.66 -161507.01
-123202.89 nan -123202.89
0.00 -141715.28 -152723.35
0.00 -138634.59 -151112.29
-154825.52 nan -154825.52
0.00 -140966.08 -149168.35
-125511.34 nan -125511.34
0.00 -132717.30 -137550.96
0.00 -126206.41 -136150.67
0.00 -124062.68 -137456.75
-150555.80 nan -150555.80
-134926.37 nan -134926.37
0.00 -127246.73 -139234.73
0.00 -129106.76 -134696.29
0.00 -125613.44 -133110.11
0.00 -124144.59 -133024.26
-120851.40 nan -120851.40
-132576.55 nan -132576.55
0.00 -137857.81 -138719.24
0.00 -142714.84 -147270.10
0.00 -144604.72 -152280.43
0.00 -141204.50 -143692.06
0.00 -144527.81 -149841.47
-131422.82 nan -131422.82
0.00 -137984.53 -138972.05
-156014.93 nan -156014.93
-139976.39 nan -139976.39
-123733.23 nan -123733.23
0.00 -126852.83 -129420.27
0.00 -129000.09 -128632.50
0.00 -130584.23 -132500.66
-145357.40 nan -145357.40
0.00 -129946.41 -130588.91
-132898.32 nan -132898.32
0.00 -127126.80 -130729.09
0.00 -128820.47 -130870.76
0.00 -124115.36 -130973.83
-136427.34 nan -136427.34
0.00 -128148.48 -131515.84
-139958.48 nan -139958.48
0.00 -128428.36 -133779.82
-142233.00 nan -142233.00
-151383.74 nan -151383.74
0.00 -133176.94 -137054.72
-123098.29 nan -123098.29
-156996.23 nan -156996.23
0.00 -127168.03 -133220.33
-150575.31 nan -150575.31
0.00 -130008.59 -142075.98
-148918.51 nan -148918.51
0.00 -129892.09 -142009.31
0.00 -137338.36 -144903.64
0.00 -134857.47 -144384.30
0.00 -133419.38 -144488.68
-141927.14 nan -141927.14
0.00 -130082.22 -143337.05
-148504.59 nan -148504.59
0.00 -139709.78 -148492.05
0.00 -132128.61 -147816.00
0.00 -131045.05 -144238.69
0.00 -130911.56 -136814.01
-148623.40 nan -148623.40
