-107078.24 nan -107078.24
-110214.89 nan -110214.89
-103932.41 nan -103932.41
-112656.55 nan -112656.55
-101082.57 nan -101082.57
-100286.61 nan -100286.61
-117699.20 nan -117699.20
-120198.31 nan -120198.31
-116315.04 nan -116315.04
-101098.01 nan -101098.01
-119177.61 nan -119177.61
0.00 -110649.80 -112362.43
-112954.00 nan -112954.00
0.00 -109424.05 -109854.34
0.00 -107465.04 -111987.85
-107827.81 nan -107827.81
-109810.35 nan -109810.35
0.00 -110281.55 -116869.21
-118861.34 nan -118861.34
-111426.44 nan -111426.44
-115005.28 nan -115005.28
0.00 -113867.72 -118828.18
-120708.94 nan -120708.94
-126285.93 nan -126285.93
0.00 -103198.62 -108398.91
0.00 -107352.66 -111872.78
-103222.83 nan -103222.83
0.00 -107685.56 -108000.79
0.00 -106771.14 -106930.17
-113272.94 nan -113272.94
0.00 -105379.17 -110176.43
-116182.42 nan -116182.42
0.00 -106847.49 -108323.94
-115343.31 nan -115343.31
0.00 -106286.62 -105472.29
0.00 -105219.80 -105052.10
0.00 -105444.78 -104231.13
0.00 -106425.87 -104581.16
0.00 -111047.93 -112024.82
-103024.43 nan -103024.43
0.00 -112160.66 -117099.67
0.00 -112077.62 -114742.49
0.00 -110292.75 -113771.66
-111760.90 nan -111760.90
-103311.53 nan -103311.53
0.00 -110058.77 -113237.12
0.00 -109728.52 -113729.19
0.00 -107049.58 -112287.16
-117559.88 nan -117559.88
0.00 -112077.20 -117012.87
-108552.24 nan -108552.24
-112446.34 nan -112446.34
0.00 -109952.27 -112597.71
0.00 -108953.14 -117682.02
-114947.19 nan -114947.19
-125659.88 nan -125659.88
-112496.71 nan -112496.71
-117371.00 nan -117371.00
-122200.58 nan -122200.58
0.00 -114185.86 -121539.48
0.00 -107312.14 -113230.62
0.00 -104582.79 -109735.61
-127102.18 nan -127102.18
-105381.77 nan -105381.77
-117750.71 nan -117750.71
-118407.73 nan -118407.73
-122046.19 nan -122046.19
0.00 -108929.47 -118838.13
0.00 -114340.98 -123537.92
0.00 -105221.11 -108060.42
-117983.71 nan -117983.71
0.00 -108711.14 -114727.18
0.00 -110818.92 -120542.59
-101294.73 nan -101294.73
0.00 -109341.41 -108921.07
0.00 -112067.69 -114279.32
0.00 -113752.32 -116506.65
-108747.26 nan -108747.26
0.00 -112540.73 -113033.36
-135603.16 nan -135603.16
0.00 -112896.33 -112660.13
0.00 -111647.66 -112372.13
-107515.10 nan -107515.10
0.00 -107804.59 -114530.90
0.00 -112216.11 -117643.77
0.00 -111676.56 -117726.43
0.00 -109746.81 -117649.22
-105860.70 nan -105860.70
0.00 -107322.51 -110382.46
0.00 -103633.12 -101868.05
-102231.92 nan -102231.92
-108600.83 nan -108600.83
0.00 -102852.56 -105782.18
0.00 -103400.57 -101857.25
0.00 -104505.23 -102491.81
0.00 -99302.59 -102430.59
0.00 -106174.85 -108812.97
0.00 -104996.91 -111350.65
-104600.76 nan -104600.76
0.00 -105881.16 -110502.49
0.00 -109973.08 -112469.73
0.00 -108889.61 -111866.63
0.00 -104900.62 -105414.63
0.00 -110707.14 -115591.20
0.00 -107606.42 -110430.49
0.00 -110634.23 -112116.17
0.00 -109157.30 -109784.55
-133239.05 nan -133239.05
0.00 -112133.56 -116996.65
0.00 -108930.70 -111582.51
0.00 -109586.64 -113756.11
0.00 -106474.73 -108223.74
0.00 -109912.42 -106368.03
0.00 -108227.61 -110867.78
-99092.25 nan -99092.25
-119914.62 nan -119914.62
0.00 -108918.34 -111788.43
-119239.28 nan -119239.28
0.00 -110655.12 -115414.66
-136861.80 nan -136861.80
0.00 -118254.72 -129050.05
0.00 -118664.83 -130442.77
-116812.65 nan -116812.65
0.00 -107057.64 -107961.09
0.00 -107383.12 -109589.40
0.00 -109935.09 -113025.61
0.00 -111607.59 -114233.93
0.00 -106725.52 -113614.38
-119169.64 nan -119169.64
-109334.54 nan -109334.54
0.00 -103677.02 -107900.55
-110950.72 nan -110950.72
-115915.31 nan -115915.31
0.00 -107641.57 -115052.29
0.00 -106518.69 -106281.75
0.00 -104445.56 -114686.12
-103510.28 nan -103510.28
0.00 -110900.27 -108076.96
0.00 -113545.70 -109223.81
0.00 -111170.22 -111359.64
0.00 -108630.33 -104484.63
-108181.28 nan -108181.28
-121848.26 nan -121848.26
0.00 -113582.30 -113930.21
0.00 -115951.14 -113789.84
0.00 -113709.77 -114290.67
-108262.69 nan -108262.69
0.00 -105881.14 -107441.66
0.00 -109605.19 -112996.23
-126089.66 nan -126089.66
0.00 -106226.83 -107912.93
-124802.08 nan -124802.08
0.00 -113453.11 -122150.70
-100143.43 nan -100143.43
0.00 -106568.90 -111711.34
0.00 -106513.22 -108751.29
0.00 -105975.66 -112037.52
0.00 -107567.70 -113917.10
0.00 -104611.95 -104217.22
-105556.20 nan -105556.20
-106609.35 nan -106609.35
0.00 -107828.31 -114702.85
-107699.32 nan -107699.32
0.00 -104548.09 -110028.70
-118162.96 nan -118162.96
-108819.21 nan -108819.21
0.00 -108886.23 -111931.76
-113517.10 nan -113517.10
-114674.33 nan -114674.33
0.00 -102523.20 -105161.42
0.00 -107759.45 -112261.50
0.00 -106877.88 -115666.35
-129710.66 nan -129710.66
0.00 -116169.42 -121297.94
0.00 -110484.83 -122762.06
-102486.18 nan -102486.18
-110362.21 nan -110362.21
-109242.40 nan -109242.40
0.00 -104140.90 -115562.90
0.00 -107485.66 -114055.94
-102268.14 nan -102268.14
0.00 -104786.85 -111077.42
0.00 -103972.48 -111225.65
-99361.02 nan -99361.02
