-136461.91 nan -136461.91
-149889.34 nan -149889.34
-136666.41 nan -136666.41
-137861.45 nan -137861.45
-138964.96 nan -138964.96
-139549.89 nan -139549.89
-149275.83 nan -149275.83
-140046.57 nan -140046.57
-141004.73 nan -141004.73
-138174.41 nan -138174.41
-138680.65 nan -138680.65
0.00 -142355.88 -138964.73
0.00 -142556.80 -138922.13
-162485.66 nan -162485.66
-171287.43 nan -171287.43
0.00 -148675.91 -156526.53
0.00 -139634.09 -140118.41
0.00 -140586.28 -140043.01
-166282.92 nan -166282.92
0.00 -150485.50 -159415.76
0.00 -151705.50 -162060.55
-142654.20 nan -142654.20
0.00 -145307.50 -143770.22
0.00 -143837.03 -147291.45
0.00 -144874.31 -152503.47
-142275.98 nan -142275.98
-134229.90 nan -134229.90
0.00 -145259.42 -152388.83
-150080.80 nan -150080.80
0.00 -147371.25 -153423.63
0.00 -145822.94 -151054.79
-159253.12 nan -159253.12
0.00 -147191.56 -152547.19
0.00 -143916.25 -150311.88
-160555.84 nan -160555.84
-136629.16 nan -136629.16
-164215.43 nan -164215.43
-148949.01 nan -148949.01
0.00 -148779.12 -153044.86
-148361.85 nan -148361.85
0.00 -145414.59 -146560.70
0.00 -151829.33 -154779.45
0.00 -147097.61 -149148.27
0.00 -148466.42 -149915.13
0.00 -149363.62 -150444.69
-154790.69 nan -154790.69
0.00 -147984.64 -150060.98
0.00 -150571.44 -155209.79
-153760.57 nan -153760.57
-133710.39 nan -133710.39
0.00 -139662.11 -144054.96
0.00 -144296.75 -145914.18
0.00 -144888.44 -148846.77
0.00 -142597.97 -148822.03
0.00 -147302.06 -150448.77
-140495.78 nan -140495.78
-146817.67 nan -146817.67
-164985.31 nan -164985.31
-173870.75 nan -173870.75
-162353.73 nan -162353.73
0.00 -152016.39 -163839.38
0.00 -151907.97 -162149.31
0.00 -150319.38 -162423.08
0.00 -149548.09 -161871.64
0.00 -150507.41 -165653.05
0.00 -152340.03 -164947.95
-169953.61 nan -169953.61
-141953.88 nan -141953.88
0.00 -146988.81 -152548.91
-134098.54 nan -134098.54
-157465.62 nan -157465.62
0.00 -146531.88 -152853.81
0.00 -144539.72 -150358.76
-144352.71 nan -144352.71
0.00 -142991.92 -143283.20
0.00 -141248.56 -140081.11
-158324.82 nan -158324.82
-164680.53 nan -164680.53
0.00 -151101.45 -154029.54
-145510.75 nan -145510.75
-138308.51 nan -138308.51
-160007.38 nan -160007.38
-184649.28 nan -184649.28
0.00 -152407.81 -155740.44
0.00 -151454.31 -151958.39
-169248.80 nan -169248.80
-167816.62 nan -167816.62
-139470.28 nan -139470.28
0.00 -143491.66 -148432.71
0.00 -150188.50 -155916.38
0.00 -146792.59 -154800.75
-174167.78 nan -174167.78
0.00 -147317.03 -156847.88
0.00 -150008.31 -156816.86
-137688.97 nan -137688.97
-151076.00 nan -151076.00
0.00 -140419.78 -147538.47
0.00 -146084.88 -148716.93
0.00 -142898.47 -149138.99
-151113.43 nan -151113.43
0.00 -147290.42 -155410.99
0.00 -142793.06 -155108.23
-166293.87 nan -166293.87
0.00 -144965.75 -154587.03
-172782.17 nan -172782.17
-134712.81 nan -134712.81
0.00 -146982.53 -151870.49
0.00 -140778.38 -142546.53
0.00 -148609.16 -153339.55
0.00 -149232.03 -154919.52
0.00 -151179.53 -157702.26
0.00 -150756.66 -158124.17
0.00 -150896.19 -162448.74
-142497.98 nan -142497.98
-147131.90 nan -147131.90
0.00 -146422.41 -155748.47
0.00 -154346.44 -163957.91
0.00 -152831.59 -164173.18
0.00 -151309.23 -163442.87
-137035.00 nan -137035.00
0.00 -147162.03 -156671.89
-170411.52 nan -170411.52
-150947.82 nan -150947.82
-159586.71 nan -159586.71
0.00 -155894.44 -155661.44
-166168.64 nan -166168.64
0.00 -147382.91 -151280.12
0.00 -141937.66 -141258.48
0.00 -143507.94 -142028.34
0.00 -142436.66 -142019.00
-160634.68 nan -160634.68
0.00 -149942.50 -148218.31
0.00 -142452.75 -156048.68
-142340.02 nan -142340.02
0.00 -136379.69 -142719.34
0.00 -139886.70 -149938.49
-140730.30 nan -140730.30
0.00 -136244.61 -145975.12
-165357.83 nan -165357.83
0.00 -150284.62 -163122.95
0.00 -145053.16 -158126.54
-178291.32 nan -178291.32
0.00 -158343.25 -165113.16
0.00 -155546.62 -159839.38
0.00 -158448.59 -162849.37
-167852.93 nan -167852.93
-138461.39 nan -138461.39
-140417.76 nan -140417.76
0.00 -148224.47 -145777.64
-162432.88 nan -162432.88
-154174.21 nan -154174.21
-150644.96 nan -150644.96
-146784.70 nan -146784.70
0.00 -148448.91 -150759.56
0.00 -147781.91 -158393.13
0.00 -148395.12 -160957.53
0.00 -153089.41 -162273.26
-156148.37 nan -156148.37
0.00 -148083.48 -156373.57
-155434.24 nan -155434.24
-160330.68 nan -160330.68
0.00 -148132.41 -159150.65
-171106.57 nan -171106.57
0.00 -137723.00 -146477.94
0.00 -145061.66 -150177.61
0.00 -142912.22 -148259.32
-171483.57 nan -171483.57
-162490.97 nan -162490.97
-155626.13 nan -155626.13
-173439.42 nan -173439.42
-167695.67 nan -167695.67
-149936.92 nan -149936.92
-134568.74 nan -134568.74
0.00 -135519.73 -138272.25
-149248.68 nan -149248.68
0.00 -152102.56 -160290.56
-158512.79 nan -158512.79
0.00 -146393.48 -162182.42
-173232.63 nan -173232.63
0.00 -148671.16 -168501.49
0.00 -142573.69 -149394.42
-156930.92 nan -156930.92
0.00 -146919.38 -159253.41
0.00 -150960.08 -158846.90
0.00 -138019.88 -152138.31
-150048.53 nan -150048.53
0.00 -134883.20 -142682.62
-150484.95 nan -150484.95
-150295.85 nan -150295.85
