0.00 1.00 -76610.08 -76610.08 115.32 40.60
3.00 1.00 -76610.08 -76738.56 115.32 40.60
7.00 2.00 -75989.63 -77809.31 114.81 26.90
11.00 2.00 -75989.63 -84695.44 114.81 26.90
14.00 4.00 -73656.76 -73656.76 106.74 8.58
18.00 4.00 -73656.76 -78502.46 106.74 8.58
22.00 4.00 -73656.76 -83562.06 106.74 8.58
26.00 4.00 -73656.76 -81721.89 106.74 8.58
29.00 4.00 -73656.76 -76284.28 106.74 8.58
30.00 4.00 -73656.76 -83374.54 106.74 8.58
31.00 4.00 -73656.76 -75898.67 106.74 8.58
32.00 4.00 -73656.76 -80984.70 106.74 8.58
35.00 4.00 -73656.76 -79483.08 106.74 8.58
39.00 4.00 -73656.76 -75731.25 106.74 8.58
43.00 4.00 -73656.76 -78237.87 106.74 8.58
47.00 4.00 -73656.76 -77064.19 106.74 8.58
50.00 4.00 -73656.76 -75643.79 106.74 8.58
54.00 4.00 -73656.76 -83096.95 106.74 8.58
58.00 4.00 -73656.76 -74948.08 106.74 8.58
61.00 4.00 -73656.76 -79051.84 106.74 8.58
63.00 4.00 -73656.76 -92177.71 106.74 8.58
66.00 4.00 -73656.76 -86756.65 106.74 8.58
69.00 4.00 -73656.76 -74780.72 106.74 8.58
73.00 4.00 -73656.76 -78084.88 106.74 8.58
77.00 4.00 -73656.76 -73858.54 106.74 8.58
81.00 4.00 -73656.76 -80399.31 106.74 8.58
85.00 4.00 -73656.76 -88055.06 106.74 8.58
89.00 4.00 -73656.76 -80779.87 106.74 8.58
92.00 4.00 -73656.76 -83773.48 106.74 8.58
93.00 4.00 -73656.76 -79984.74 106.74 8.58
96.00 4.00 -73656.76 -82401.22 106.74 8.58
100.00 4.00 -73656.76 -75220.34 106.74 8.58
104.00 4.00 -73656.76 -83866.23 106.74 8.58
108.00 4.00 -73656.76 -85234.55 106.74 8.58
112.00 4.00 -73656.76 -84170.70 106.74 8.58
116.00 4.00 -73656.76 -75894.58 106.74 8.58
119.00 4.00 -73656.76 -79285.97 106.74 8.58
123.00 4.00 -73656.76 -86238.97 106.74 8.58
124.00 4.00 -73656.76 -82465.64 106.74 8.58
128.00 4.00 -73656.76 -84184.77 106.74 8.58
131.00 4.00 -73656.76 -85558.89 106.74 8.58
135.00 4.00 -73656.76 -91354.37 106.74 8.58
139.00 4.00 -73656.76 -84044.25 106.74 8.58
143.00 4.00 -73656.76 -85368.54 106.74 8.58
147.00 4.00 -73656.76 -84216.50 106.74 8.58
150.00 4.00 -73656.76 -81483.88 106.74 8.58
154.00 4.00 -73656.76 -85513.96 106.74 8.58
156.00 4.00 -73656.76 -86659.63 106.74 8.58
159.00 4.00 -73656.76 -81920.27 106.74 8.58
162.00 4.00 -73656.76 -84441.89 106.74 8.58
166.00 4.00 -73656.76 -80926.36 106.74 8.58
170.00 4.00 -73656.76 -94596.38 106.74 8.58
174.00 4.00 -73656.76 -84857.50 106.74 8.58
178.00 4.00 -73656.76 -83457.70 106.74 8.58
181.00 4.00 -73656.76 -81155.70 106.74 8.58
185.00 4.00 -73656.76 -81143.99 106.74 8.58
186.00 4.00 -73656.76 -79940.44 106.74 8.58
190.00 4.00 -73656.76 -80440.84 106.74 8.58
194.00 4.00 -73656.76 -80664.50 106.74 8.58
198.00 4.00 -73656.76 -82199.55 106.74 8.58
201.00 4.00 -73656.76 -80568.10 106.74 8.58
202.00 4.00 -73656.76 -78152.23 106.74 8.58
205.00 4.00 -73656.76 -84194.72 106.74 8.58
209.00 4.00 -73656.76 -81834.88 106.74 8.58
213.00 4.00 -73656.76 -84218.81 106.74 8.58
216.00 4.00 -73656.76 -85280.12 106.74 8.58
218.00 4.00 -73656.76 -82159.72 106.74 8.58
221.00 4.00 -73656.76 -92200.27 106.74 8.58
224.00 4.00 -73656.76 -85780.27 106.74 8.58
228.00 4.00 -73656.76 -84687.53 106.74 8.58
232.00 4.00 -73656.76 -83783.36 106.74 8.58
236.00 4.00 -73656.76 -81511.43 106.74 8.58
240.00 4.00 -73656.76 -81980.80 106.74 8.58
244.00 4.00 -73656.76 -83236.20 106.74 8.58
247.00 4.00 -73656.76 -85791.88 106.74 8.58
249.00 4.00 -73656.76 -91973.75 106.74 8.58
252.00 4.00 -73656.76 -87634.34 106.74 8.58
256.00 4.00 -73656.76 -83140.71 106.74 8.58
260.00 4.00 -73656.76 -84179.88 106.74 8.58
263.00 4.00 -73656.76 -84375.50 106.74 8.58
267.00 4.00 -73656.76 -95973.93 106.74 8.58
271.00 4.00 -73656.76 -84672.75 106.74 8.58
275.00 4.00 -73656.76 -84268.37 106.74 8.58
278.00 4.00 -73656.76 -84578.79 106.74 8.58
280.00 4.00 -73656.76 -75843.90 106.74 8.58
283.00 4.00 -73656.76 -73668.29 106.74 8.58
286.00 4.00 -73656.76 -76818.70 106.74 8.58
290.00 4.00 -73656.76 -81419.12 106.74 8.58
294.00 4.00 -73656.76 -97120.65 106.74 8.58
298.00 4.00 -73656.76 -92790.51 106.74 8.58
302.00 4.00 -73656.76 -82709.14 106.74 8.58
305.00 4.00 -73656.76 -80110.80 106.74 8.58
309.00 4.00 -73656.76 -76063.13 106.74 8.58
310.00 4.00 -73656.76 -78710.52 106.74 8.58
313.00 4.00 -73656.76 -89257.55 106.74 8.58
314.00 4.00 -73656.76 -78016.93 106.74 8.58
317.00 4.00 -73656.76 -82570.31 106.74 8.58
321.00 4.00 -73656.76 -78452.81 106.74 8.58
325.00 4.00 -73656.76 -80036.39 106.74 8.58
329.00 4.00 -73656.76 -77657.25 106.74 8.58
333.00 4.00 -73656.76 -77481.83 106.74 8.58
337.00 4.00 -73656.76 -88300.53 106.74 8.58
340.00 4.00 -73656.76 -81564.25 106.74 8.58
341.00 4.00 -73656.76 -83928.31 106.74 8.58
345.00 4.00 -73656.76 -82969.75 106.74 8.58
348.00 4.00 -73656.76 -85289.68 106.74 8.58
352.00 4.00 -73656.76 -86461.52 106.74 8.58
356.00 4.00 -73656.76 -80166.53 106.74 8.58
360.00 4.00 -73656.76 -84031.72 106.74 8.58
364.00 4.00 -73656.76 -81383.53 106.74 8.58
368.00 4.00 -73656.76 -81362.59 106.74 8.58
371.00 4.00 -73656.76 -80896.22 106.74 8.58
373.00 4.00 -73656.76 -91746.61 106.74 8.58
376.00 4.00 -73656.76 -83914.03 106.74 8.58
380.00 4.00 -73656.76 -80726.77 106.74 8.58
384.00 4.00 -73656.76 -81521.41 106.74 8.58
387.00 4.00 -73656.76 -89589.25 106.74 8.58
391.00 4.00 -73656.76 -90906.53 106.74 8.58
395.00 4.00 -73656.76 -80727.20 106.74 8.58
399.00 4.00 -73656.76 -81761.33 106.74 8.58
402.00 4.00 -73656.76 -86733.42 106.74 8.58
404.00 4.00 -73656.76 -76734.79 106.74 8.58
407.00 4.00 -73656.76 -82201.54 106.74 8.58
411.00 4.00 -73656.76 -82842.02 106.74 8.58
415.00 4.00 -73656.76 -82700.28 106.74 8.58
419.00 4.00 -73656.76 -80020.36 106.74 8.58
426.00 4.00 -73656.76 -77272.73 106.74 8.58
430.00 4.00 -73656.76 -84319.34 106.74 8.58
423.00 4.00 -73656.76 -78830.67 106.74 8.58
433.00 4.00 -73656.76 -92005.44 106.74 8.58
434.00 4.00 -73656.76 -85909.77 106.74 8.58
437.00 4.00 -73656.76 -80567.45 106.74 8.58
441.00 4.00 -73656.76 -82181.44 106.74 8.58
445.00 4.00 -73656.76 -93902.33 106.74 8.58
449.00 4.00 -73656.76 -81382.97 106.74 8.58
453.00 4.00 -73656.76 -89065.28 106.74 8.58
456.00 4.00 -73656.76 -78350.16 106.74 8.58
460.00 4.00 -73656.76 -82224.40 106.74 8.58
464.00 4.00 -73656.76 -80586.00 106.74 8.58
465.00 4.00 -73656.76 -77711.91 106.74 8.58
468.00 4.00 -73656.76 -78492.79 106.74 8.58
472.00 4.00 -73656.76 -84627.32 106.74 8.58
476.00 4.00 -73656.76 -88576.42 106.74 8.58
480.00 4.00 -73656.76 -84271.71 106.74 8.58
484.00 4.00 -73656.76 -84015.49 106.74 8.58
488.00 4.00 -73656.76 -86527.65 106.74 8.58
491.00 4.00 -73656.76 -86059.44 106.74 8.58
495.00 4.00 -73656.76 -84770.17 106.74 8.58
497.00 4.00 -73656.76 -87958.13 106.74 8.58
500.00 4.00 -73656.76 -79746.21 106.74 8.58
504.00 4.00 -73656.76 -78738.04 106.74 8.58
507.00 4.00 -73656.76 -77311.48 106.74 8.58
511.00 4.00 -73656.76 -82667.16 106.74 8.58
515.00 4.00 -73656.76 -83846.00 106.74 8.58
519.00 4.00 -73656.76 -79331.43 106.74 8.58
523.00 4.00 -73656.76 -80366.02 106.74 8.58
526.00 4.00 -73656.76 -82795.47 106.74 8.58
527.00 4.00 -73656.76 -82470.03 106.74 8.58
530.00 4.00 -73656.76 -81399.42 106.74 8.58
531.00 4.00 -73656.76 -81473.28 106.74 8.58
534.00 4.00 -73656.76 -84243.53 106.74 8.58
538.00 4.00 -73656.76 -81047.69 106.74 8.58
542.00 4.00 -73656.76 -79027.39 106.74 8.58
546.00 4.00 -73656.76 -80882.58 106.74 8.58
550.00 4.00 -73656.76 -81152.08 106.74 8.58
554.00 4.00 -73656.76 -76916.87 106.74 8.58
557.00 4.00 -73656.76 -87219.57 106.74 8.58
559.00 4.00 -73656.76 -89604.20 106.74 8.58
563.00 4.00 -73656.76 -80377.47 106.74 8.58
566.00 4.00 -73656.76 -82291.88 106.74 8.58
570.00 4.00 -73656.76 -81726.42 106.74 8.58
574.00 4.00 -73656.76 -91515.30 106.74 8.58
578.00 4.00 -73656.76 -80365.97 106.74 8.58
582.00 4.00 -73656.76 -79429.49 106.74 8.58
586.00 4.00 -73656.76 -75470.91 106.74 8.58
588.00 4.00 -73656.76 -85464.79 106.74 8.58
589.00 4.00 -73656.76 -86442.11 106.74 8.58
593.00 4.00 -73656.76 -83142.58 106.74 8.58
596.00 4.00 -73656.76 -77322.30 106.74 8.58
600.00 4.00 -73656.76 -85708.63 106.74 8.58
604.00 4.00 -73656.76 -85582.57 106.74 8.58
608.00 4.00 -73656.76 -82896.50 106.74 8.58
612.00 4.00 -73656.76 -76483.77 106.74 8.58
615.00 4.00 -73656.76 -76709.09 106.74 8.58
619.00 4.00 -73656.76 -79917.16 106.74 8.58
621.00 4.00 -73656.76 -73847.42 106.74 8.58
622.00 4.00 -73656.76 -85068.93 106.74 8.58
