0.00 1.00 -136461.91 -136461.91 111.29 20.68
3.00 2.00 -133807.33 -149889.34 106.57 13.67
7.00 2.00 -133807.33 -136666.41 106.57 13.67
11.00 2.00 -133807.33 -155093.72 106.57 13.67
14.00 2.00 -133807.33 -138964.96 106.57 13.67
18.00 2.00 -133807.33 -139549.89 106.57 13.67
22.00 2.00 -133807.33 -137907.89 106.57 13.67
26.00 2.00 -133807.33 -145587.31 106.57 13.67
29.00 2.00 -133807.33 -141004.73 106.57 13.67
30.00 2.00 -133807.33 -138174.41 106.57 13.67
31.00 2.00 -133807.33 -138680.65 106.57 13.67
32.00 2.00 -133807.33 -143430.38 106.57 13.67
35.00 2.00 -133807.33 -142355.88 106.57 13.67
39.00 2.00 -133807.33 -138310.67 106.57 13.67
43.00 2.00 -133807.33 -149873.83 106.57 13.67
46.00 2.00 -133807.33 -171287.43 106.57 13.67
50.00 2.00 -133807.33 -148675.91 106.57 13.67
54.00 3.00 -133779.53 -139634.09 106.42 9.44
58.00 3.00 -133779.53 -140586.28 106.42 9.44
61.00 3.00 -133779.53 -166282.92 106.42 9.44
62.00 3.00 -133779.53 -150485.50 106.42 9.44
65.00 3.00 -133779.53 -151705.50 106.42 9.44
69.00 3.00 -133779.53 -142654.20 106.42 9.44
73.00 3.00 -133779.53 -145307.50 106.42 9.44
77.00 3.00 -133779.53 -136206.11 106.42 9.44
81.00 3.00 -133779.53 -138454.67 106.42 9.44
84.00 3.00 -133779.53 -142275.98 106.42 9.44
88.00 3.00 -133779.53 -134229.90 106.42 9.44
92.00 3.00 -133779.53 -145259.42 106.42 9.44
93.00 3.00 -133779.53 -150080.80 106.42 9.44
96.00 3.00 -133779.53 -147371.25 106.42 9.44
100.00 3.00 -133779.53 -145822.94 106.42 9.44
104.00 3.00 -133779.53 -159253.12 106.42 9.44
108.00 3.00 -133779.53 -143916.25 106.42 9.44
112.00 3.00 -133779.53 -149511.75 106.42 9.44
116.00 3.00 -133779.53 -155582.59 106.42 9.44
119.00 3.00 -133779.53 -164215.43 106.42 9.44
123.00 3.00 -133779.53 -148949.01 106.42 9.44
124.00 3.00 -133779.53 -148779.12 106.42 9.44
127.00 3.00 -133779.53 -148361.85 106.42 9.44
128.00 3.00 -133779.53 -149918.91 106.42 9.44
131.00 3.00 -133779.53 -145414.59 106.42 9.44
135.00 3.00 -133779.53 -151829.33 106.42 9.44
139.00 3.00 -133779.53 -147097.61 106.42 9.44
143.00 3.00 -133779.53 -148466.42 106.42 9.44
147.00 3.00 -133779.53 -154790.69 106.42 9.44
151.00 3.00 -133779.53 -160375.10 106.42 9.44
154.00 3.00 -133779.53 -150571.44 106.42 9.44
156.00 3.00 -133779.53 -153760.57 106.42 9.44
158.00 4.00 -133710.39 -133710.39 104.97 10.52
161.00 4.00 -133710.39 -139662.11 104.97 10.52
165.00 4.00 -133710.39 -144296.75 104.97 10.52
169.00 4.00 -133710.39 -144888.44 104.97 10.52
173.00 4.00 -133710.39 -142597.97 104.97 10.52
177.00 4.00 -133710.39 -159482.56 104.97 10.52
181.00 4.00 -133710.39 -181353.05 104.97 10.52
184.00 4.00 -133710.39 -146817.67 104.97 10.52
185.00 4.00 -133710.39 -164985.31 104.97 10.52
186.00 4.00 -133710.39 -173870.75 104.97 10.52
189.00 4.00 -133710.39 -162353.73 104.97 10.52
190.00 4.00 -133710.39 -151844.09 104.97 10.52
193.00 4.00 -133710.39 -152016.39 104.97 10.52
197.00 4.00 -133710.39 -151907.97 104.97 10.52
201.00 4.00 -133710.39 -150319.38 104.97 10.52
205.00 4.00 -133710.39 -149548.09 104.97 10.52
209.00 4.00 -133710.39 -150507.41 104.97 10.52
213.00 4.00 -133710.39 -152340.03 104.97 10.52
216.00 4.00 -133710.39 -169953.61 104.97 10.52
218.00 4.00 -133710.39 -141953.88 104.97 10.52
221.00 4.00 -133710.39 -146988.81 104.97 10.52
225.00 4.00 -133710.39 -161031.48 104.97 10.52
229.00 4.00 -133710.39 -146340.14 104.97 10.52
232.00 4.00 -133710.39 -146531.88 104.97 10.52
236.00 4.00 -133710.39 -144539.72 104.97 10.52
240.00 4.00 -133710.39 -144352.71 104.97 10.52
244.00 4.00 -133710.39 -137707.24 104.97 10.52
247.00 4.00 -133710.39 -141248.56 104.97 10.52
249.00 4.00 -133710.39 -158324.82 104.97 10.52
251.00 4.00 -133710.39 -164680.53 104.97 10.52
255.00 4.00 -133710.39 -149462.48 104.97 10.52
259.00 4.00 -133710.39 -149881.03 104.97 10.52
263.00 4.00 -133710.39 -145933.50 104.97 10.52
266.00 4.00 -133710.39 -160007.38 104.97 10.52
270.00 4.00 -133710.39 -184649.28 104.97 10.52
274.00 4.00 -133710.39 -152407.81 104.97 10.52
278.00 4.00 -133710.39 -169248.80 104.97 10.52
280.00 4.00 -133710.39 -167816.62 104.97 10.52
283.00 4.00 -133710.39 -150284.62 104.97 10.52
287.00 4.00 -133710.39 -143733.53 104.97 10.52
291.00 4.00 -133710.39 -145866.53 104.97 10.52
295.00 4.00 -133710.39 -147556.11 104.97 10.52
299.00 4.00 -133710.39 -146830.47 104.97 10.52
303.00 4.00 -133710.39 -150041.48 104.97 10.52
307.00 4.00 -133710.39 -146257.11 104.97 10.52
309.00 4.00 -133710.39 -150008.31 104.97 10.52
311.00 4.00 -133710.39 -137688.97 104.97 10.52
313.00 4.00 -133710.39 -151076.00 104.97 10.52
317.00 4.00 -133710.39 -141773.36 104.97 10.52
321.00 4.00 -133710.39 -141158.34 104.97 10.52
324.00 4.00 -133710.39 -142898.47 104.97 10.52
328.00 4.00 -133710.39 -151113.43 104.97 10.52
332.00 4.00 -133710.39 -147290.42 104.97 10.52
336.00 4.00 -133710.39 -142793.06 104.97 10.52
340.00 4.00 -133710.39 -144965.75 104.97 10.52
342.00 4.00 -133710.39 -172782.17 104.97 10.52
345.00 4.00 -133710.39 -149904.81 104.97 10.52
348.00 4.00 -133710.39 -146982.53 104.97 10.52
352.00 4.00 -133710.39 -140778.38 104.97 10.52
356.00 4.00 -133710.39 -148609.16 104.97 10.52
360.00 4.00 -133710.39 -149232.03 104.97 10.52
364.00 4.00 -133710.39 -151179.53 104.97 10.52
368.00 4.00 -133710.39 -165491.73 104.97 10.52
371.00 4.00 -133710.39 -150896.19 104.97 10.52
373.00 4.00 -133710.39 -142497.98 104.97 10.52
376.00 4.00 -133710.39 -144061.99 104.97 10.52
379.00 4.00 -133710.39 -146422.41 104.97 10.52
383.00 4.00 -133710.39 -154346.44 104.97 10.52
387.00 4.00 -133710.39 -147162.03 104.97 10.52
391.00 4.00 -133710.39 -152831.59 104.97 10.52
395.00 4.00 -133710.39 -152357.34 104.97 10.52
399.00 4.00 -133710.39 -148854.69 104.97 10.52
402.00 4.00 -133710.39 -170411.52 104.97 10.52
404.00 4.00 -133710.39 -150947.82 104.97 10.52
407.00 4.00 -133710.39 -148722.84 104.97 10.52
411.00 4.00 -133710.39 -150727.81 104.97 10.52
414.00 4.00 -133710.39 -166168.64 104.97 10.52
418.00 4.00 -133710.39 -147382.91 104.97 10.52
422.00 4.00 -133710.39 -141937.66 104.97 10.52
426.00 4.00 -133710.39 -143507.94 104.97 10.52
430.00 4.00 -133710.39 -142436.66 104.97 10.52
433.00 4.00 -133710.39 -160634.68 104.97 10.52
434.00 4.00 -133710.39 -149942.50 104.97 10.52
438.00 4.00 -133710.39 -144173.00 104.97 10.52
441.00 4.00 -133710.39 -142340.02 104.97 10.52
445.00 4.00 -133710.39 -136379.69 104.97 10.52
449.00 4.00 -133710.39 -139886.70 104.97 10.52
453.00 4.00 -133710.39 -140730.30 104.97 10.52
457.00 4.00 -133710.39 -136244.61 104.97 10.52
461.00 4.00 -133710.39 -162121.53 104.97 10.52
464.00 4.00 -133710.39 -145053.16 104.97 10.52
466.00 4.00 -133710.39 -178291.32 104.97 10.52
468.00 4.00 -133710.39 -158343.25 104.97 10.52
472.00 4.00 -133710.39 -164698.29 104.97 10.52
476.00 4.00 -133710.39 -147641.34 104.97 10.52
480.00 4.00 -133710.39 -157375.72 104.97 10.52
483.00 4.00 -133710.39 -138461.39 104.97 10.52
487.00 4.00 -133710.39 -140417.76 104.97 10.52
491.00 4.00 -133710.39 -148224.47 104.97 10.52
495.00 4.00 -133710.39 -154174.21 104.97 10.52
496.00 4.00 -133710.39 -150644.96 104.97 10.52
499.00 4.00 -133710.39 -146784.70 104.97 10.52
500.00 4.00 -133710.39 -144817.09 104.97 10.52
503.00 4.00 -133710.39 -148448.91 104.97 10.52
507.00 4.00 -133710.39 -147781.91 104.97 10.52
511.00 4.00 -133710.39 -148395.12 104.97 10.52
515.00 4.00 -133710.39 -153089.41 104.97 10.52
519.00 4.00 -133710.39 -156148.37 104.97 10.52
523.00 4.00 -133710.39 -148083.48 104.97 10.52
526.00 4.00 -133710.39 -155434.24 104.97 10.52
527.00 4.00 -133710.39 -160330.68 104.97 10.52
531.00 4.00 -133710.39 -150358.44 104.97 10.52
534.00 4.00 -133710.39 -171106.57 104.97 10.52
538.00 4.00 -133710.39 -137723.00 104.97 10.52
542.00 4.00 -133710.39 -145061.66 104.97 10.52
546.00 4.00 -133710.39 -142912.22 104.97 10.52
550.00 4.00 -133710.39 -183801.91 104.97 10.52
554.00 4.00 -133710.39 -143989.03 104.97 10.52
557.00 4.00 -133710.39 -155626.13 104.97 10.52
558.00 4.00 -133710.39 -173439.42 104.97 10.52
561.00 4.00 -133710.39 -167695.67 104.97 10.52
562.00 4.00 -133710.39 -147475.64 104.97 10.52
565.00 4.00 -133710.39 -149936.92 104.97 10.52
569.00 4.00 -133710.39 -134568.74 104.97 10.52
573.00 4.00 -133710.39 -135519.73 104.97 10.52
577.00 4.00 -133710.39 -149248.68 104.97 10.52
581.00 4.00 -133710.39 -152272.97 104.97 10.52
585.00 4.00 -133710.39 -164834.66 104.97 10.52
588.00 4.00 -133710.39 -146393.48 104.97 10.52
590.00 4.00 -133710.39 -173232.63 104.97 10.52
593.00 4.00 -133710.39 -148671.16 104.97 10.52
597.00 4.00 -133710.39 -142573.69 104.97 10.52
601.00 4.00 -133710.39 -156930.92 104.97 10.52
605.00 4.00 -133710.39 -146919.38 104.97 10.52
609.00 4.00 -133710.39 -147537.04 104.97 10.52
613.00 4.00 -133710.39 -140888.04 104.97 10.52
617.00 4.00 -133710.39 -137101.28 104.97 10.52
619.00 4.00 -133710.39 -134883.20 104.97 10.52
620.00 4.00 -133710.39 -150484.95 104.97 10.52
623.00 4.00 -133710.39 -150295.85 104.97 10.52
