0.00 0.00 -125860.53 -132137.10 0.00 0.00
3.00 1.00 -125666.86 -139697.14 118.20 34.54
7.00 3.00 -122620.84 -148682.45 110.79 10.54
11.00 4.00 -121104.36 -121104.36 107.78 9.40
14.00 4.00 -121104.36 -127551.53 107.78 9.40
18.00 4.00 -121104.36 -141692.30 107.78 9.40
22.00 4.00 -121104.36 -121525.73 107.78 9.40
26.00 4.00 -121104.36 -149696.47 107.78 9.40
29.00 4.00 -121104.36 -133395.06 107.78 9.40
30.00 4.00 -121104.36 -123026.57 107.78 9.40
31.00 4.00 -121104.36 -137214.57 107.78 9.40
32.00 4.00 -121104.36 -130136.64 107.78 9.40
35.00 4.00 -121104.36 -131075.22 107.78 9.40
39.00 4.00 -121104.36 -133911.19 107.78 9.40
43.00 4.00 -121104.36 -131334.12 107.78 9.40
47.00 4.00 -121104.36 -135577.28 107.78 9.40
51.00 4.00 -121104.36 -133232.03 107.78 9.40
55.00 4.00 -121104.36 -134719.03 107.78 9.40
59.00 4.00 -121104.36 -131843.98 107.78 9.40
61.00 4.00 -121104.36 -130114.67 107.78 9.40
62.00 4.00 -121104.36 -130031.94 107.78 9.40
66.00 4.00 -121104.36 -131187.45 107.78 9.40
69.00 4.00 -121104.36 -127775.69 107.78 9.40
73.00 4.00 -121104.36 -122394.70 107.78 9.40
77.00 4.00 -121104.36 -131908.47 107.78 9.40
81.00 4.00 -121104.36 -156940.25 107.78 9.40
85.00 4.00 -121104.36 -134531.12 107.78 9.40
89.00 4.00 -121104.36 -132990.81 107.78 9.40
92.00 4.00 -121104.36 -123816.86 107.78 9.40
93.00 4.00 -121104.36 -126581.19 107.78 9.40
96.00 4.00 -121104.36 -126134.91 107.78 9.40
100.00 4.00 -121104.36 -133197.63 107.78 9.40
104.00 4.00 -121104.36 -133685.36 107.78 9.40
108.00 4.00 -121104.36 -134109.98 107.78 9.40
112.00 4.00 -121104.36 -137370.41 107.78 9.40
116.00 4.00 -121104.36 -136449.52 107.78 9.40
120.00 4.00 -121104.36 -136265.55 107.78 9.40
123.00 4.00 -121104.36 -137545.45 107.78 9.40
124.00 4.00 -121104.36 -131854.78 107.78 9.40
127.00 4.00 -121104.36 -135598.19 107.78 9.40
131.00 4.00 -121104.36 -131542.78 107.78 9.40
135.00 4.00 -121104.36 -146933.29 107.78 9.40
139.00 4.00 -121104.36 -131090.72 107.78 9.40
143.00 4.00 -121104.36 -130467.03 107.78 9.40
147.00 4.00 -121104.36 -133247.44 107.78 9.40
151.00 4.00 -121104.36 -121359.21 107.78 9.40
154.00 4.00 -121104.36 -136349.69 107.78 9.40
155.00 4.00 -121104.36 -142959.85 107.78 9.40
158.00 4.00 -121104.36 -132569.81 107.78 9.40
162.00 4.00 -121104.36 -132194.23 107.78 9.40
166.00 4.00 -121104.36 -130414.59 107.78 9.40
170.00 4.00 -121104.36 -133693.14 107.78 9.40
174.00 4.00 -121104.36 -127872.37 107.78 9.40
178.00 4.00 -121104.36 -129427.48 107.78 9.40
181.00 4.00 -121104.36 -130444.07 107.78 9.40
185.00 4.00 -121104.36 -125436.58 107.78 9.40
186.00 4.00 -121104.36 -125634.50 107.78 9.40
189.00 4.00 -121104.36 -130879.20 107.78 9.40
193.00 4.00 -121104.36 -133688.06 107.78 9.40
197.00 4.00 -121104.36 -139933.71 107.78 9.40
201.00 4.00 -121104.36 -136850.06 107.78 9.40
205.00 4.00 -121104.36 -131505.48 107.78 9.40
209.00 4.00 -121104.36 -126253.20 107.78 9.40
213.00 4.00 -121104.36 -128398.02 107.78 9.40
216.00 4.00 -121104.36 -148891.63 107.78 9.40
218.00 4.00 -121104.36 -130522.93 107.78 9.40
221.00 4.00 -121104.36 -140439.53 107.78 9.40
225.00 4.00 -121104.36 -132439.88 107.78 9.40
228.00 4.00 -121104.36 -153556.79 107.78 9.40
229.00 4.00 -121104.36 -134125.25 107.78 9.40
232.00 4.00 -121104.36 -130931.24 107.78 9.40
236.00 5.00 -121088.58 -130701.48 107.15 9.14
240.00 5.00 -121088.58 -131190.77 107.15 9.14
244.00 5.00 -121088.58 -130787.75 107.15 9.14
247.00 5.00 -121088.58 -130782.97 107.15 9.14
248.00 5.00 -121088.58 -129329.68 107.15 9.14
252.00 5.00 -121088.58 -136249.23 107.15 9.14
255.00 5.00 -121088.58 -138010.11 107.15 9.14
259.00 5.00 -121088.58 -134095.22 107.15 9.14
263.00 5.00 -121088.58 -134004.00 107.15 9.14
267.00 5.00 -121088.58 -133790.52 107.15 9.14
271.00 5.00 -121088.58 -137386.45 107.15 9.14
275.00 5.00 -121088.58 -138323.45 107.15 9.14
278.00 5.00 -121088.58 -143581.18 107.15 9.14
280.00 5.00 -121088.58 -142404.05 107.15 9.14
283.00 5.00 -121088.58 -153511.08 107.15 9.14
287.00 5.00 -121088.58 -137194.56 107.15 9.14
290.00 5.00 -121088.58 -138812.03 107.15 9.14
294.00 5.00 -121088.58 -133539.30 107.15 9.14
298.00 5.00 -121088.58 -129906.20 107.15 9.14
302.00 5.00 -121088.58 -128460.73 107.15 9.14
306.00 5.00 -121088.58 -151556.64 107.15 9.14
309.00 5.00 -121088.58 -134035.48 107.15 9.14
310.00 5.00 -121088.58 -139164.38 107.15 9.14
314.00 5.00 -121088.58 -126556.88 107.15 9.14
317.00 5.00 -121088.58 -128985.72 107.15 9.14
321.00 5.00 -121088.58 -127081.10 107.15 9.14
325.00 5.00 -121088.58 -122489.61 107.15 9.14
329.00 5.00 -121088.58 -134109.31 107.15 9.14
333.00 5.00 -121088.58 -126772.62 107.15 9.14
337.00 5.00 -121088.58 -161413.95 107.15 9.14
340.00 5.00 -121088.58 -139873.28 107.15 9.14
342.00 5.00 -121088.58 -132061.74 107.15 9.14
345.00 5.00 -121088.58 -132992.67 107.15 9.14
349.00 5.00 -121088.58 -137066.69 107.15 9.14
353.00 5.00 -121088.58 -134957.00 107.15 9.14
356.00 5.00 -121088.58 -123844.70 107.15 9.14
360.00 5.00 -121088.58 -129568.04 107.15 9.14
364.00 5.00 -121088.58 -152676.02 107.15 9.14
368.00 5.00 -121088.58 -131553.33 107.15 9.14
371.00 5.00 -121088.58 -132672.55 107.15 9.14
372.00 5.00 -121088.58 -133573.98 107.15 9.14
375.00 5.00 -121088.58 -127170.14 107.15 9.14
379.00 5.00 -121088.58 -128442.08 107.15 9.14
383.00 5.00 -121088.58 -141419.25 107.15 9.14
387.00 5.00 -121088.58 -133269.08 107.15 9.14
391.00 5.00 -121088.58 -143921.45 107.15 9.14
395.00 5.00 -121088.58 -133789.20 107.15 9.14
399.00 5.00 -121088.58 -134945.55 107.15 9.14
402.00 5.00 -121088.58 -137632.45 107.15 9.14
404.00 5.00 -121088.58 -152907.61 107.15 9.14
406.00 5.00 -121088.58 -155322.66 107.15 9.14
410.00 5.00 -121088.58 -140796.83 107.15 9.14
413.00 5.00 -121088.58 -145364.66 107.15 9.14
417.00 5.00 -121088.58 -123202.89 107.15 9.14
421.00 5.00 -121088.58 -141715.28 107.15 9.14
425.00 5.00 -121088.58 -138634.59 107.15 9.14
429.00 5.00 -121088.58 -143358.03 107.15 9.14
433.00 5.00 -121088.58 -125511.34 107.15 9.14
434.00 5.00 -121088.58 -132717.30 107.15 9.14
437.00 5.00 -121088.58 -126206.41 107.15 9.14
441.00 5.00 -121088.58 -124062.68 107.15 9.14
445.00 5.00 -121088.58 -150555.80 107.15 9.14
449.00 5.00 -121088.58 -130983.08 107.15 9.14
453.00 5.00 -121088.58 -121980.54 107.15 9.14
457.00 5.00 -121088.58 -128101.78 107.15 9.14
460.00 5.00 -121088.58 -125613.44 107.15 9.14
464.00 5.00 -121088.58 -124144.59 107.15 9.14
466.00 6.00 -120851.40 -120851.40 104.48 9.59
469.00 6.00 -120851.40 -123485.93 104.48 9.59
473.00 6.00 -120851.40 -140378.34 104.48 9.59
477.00 6.00 -120851.40 -142901.77 104.48 9.59
481.00 6.00 -120851.40 -145177.50 104.48 9.59
484.00 6.00 -120851.40 -141204.50 104.48 9.59
488.00 6.00 -120851.40 -144527.81 104.48 9.59
492.00 6.00 -120851.40 -131422.82 104.48 9.59
495.00 6.00 -120851.40 -137984.53 104.48 9.59
497.00 6.00 -120851.40 -156014.93 104.48 9.59
500.00 6.00 -120851.40 -136124.75 104.48 9.59
504.00 6.00 -120851.40 -132759.00 104.48 9.59
508.00 6.00 -120851.40 -129673.77 104.48 9.59
512.00 6.00 -120851.40 -126519.97 104.48 9.59
516.00 6.00 -120851.40 -131804.41 104.48 9.59
519.00 6.00 -120851.40 -145357.40 104.48 9.59
523.00 6.00 -120851.40 -129946.41 104.48 9.59
526.00 6.00 -120851.40 -132898.32 104.48 9.59
527.00 6.00 -120851.40 -127126.80 104.48 9.59
531.00 6.00 -120851.40 -131314.56 104.48 9.59
535.00 6.00 -120851.40 -132961.83 104.48 9.59
538.00 6.00 -120851.40 -136427.34 104.48 9.59
542.00 6.00 -120851.40 -128148.48 104.48 9.59
546.00 6.00 -120851.40 -139958.48 104.48 9.59
550.00 6.00 -120851.40 -124232.50 104.48 9.59
554.00 6.00 -120851.40 -138725.47 104.48 9.59
557.00 6.00 -120851.40 -151383.74 104.48 9.59
558.00 6.00 -120851.40 -133176.94 104.48 9.59
561.00 6.00 -120851.40 -123098.29 104.48 9.59
565.00 6.00 -120851.40 -156996.23 104.48 9.59
569.00 6.00 -120851.40 -127168.03 104.48 9.59
573.00 6.00 -120851.40 -138093.47 104.48 9.59
577.00 6.00 -120851.40 -150449.03 104.48 9.59
580.00 6.00 -120851.40 -148918.51 104.48 9.59
584.00 6.00 -120851.40 -129892.09 104.48 9.59
588.00 6.00 -120851.40 -137338.36 104.48 9.59
589.00 6.00 -120851.40 -134857.47 104.48 9.59
593.00 6.00 -120851.40 -129371.95 104.48 9.59
596.00 6.00 -120851.40 -141927.14 104.48 9.59
597.00 6.00 -120851.40 -130595.46 104.48 9.59
600.00 6.00 -120851.40 -130082.22 104.48 9.59
604.00 6.00 -120851.40 -148504.59 104.48 9.59
608.00 6.00 -120851.40 -139709.78 104.48 9.59
612.00 6.00 -120851.40 -132128.61 104.48 9.59
616.00 6.00 -120851.40 -131045.05 104.48 9.59
619.00 6.00 -120851.40 -130911.56 104.48 9.59
620.00 6.00 -120851.40 -148623.40 104.48 9.59
