0.00 0.00 -84697.86 -90148.29 0.00 0.00
3.00 1.00 -84137.89 -84137.89 116.87 26.54
7.00 2.00 -83449.13 -83893.94 113.13 20.70
11.00 3.00 -82105.77 -82105.77 112.96 7.75
14.00 4.00 -81682.91 -81682.91 109.87 8.57
18.00 4.00 -81682.91 -82535.33 109.87 8.57
22.00 4.00 -81682.91 -81756.35 109.87 8.57
26.00 4.00 -81682.91 -91370.68 109.87 8.57
29.00 5.00 -81627.78 -92852.02 95.24 27.99
30.00 6.00 -81422.72 -81422.72 104.93 9.86
31.00 6.00 -81422.72 -92600.80 104.93 9.86
32.00 6.00 -81422.72 -87548.92 104.93 9.86
35.00 6.00 -81422.72 -90832.30 104.93 9.86
38.00 6.00 -81422.72 -85921.51 104.93 9.86
42.00 6.00 -81422.72 -87957.66 104.93 9.86
46.00 6.00 -81422.72 -96733.98 104.93 9.86
50.00 6.00 -81422.72 -89131.38 104.93 9.86
53.00 6.00 -81422.72 -88610.12 104.93 9.86
57.00 6.00 -81422.72 -94517.53 104.93 9.86
61.00 6.00 -81422.72 -81768.66 104.93 9.86
62.00 6.00 -81422.72 -98701.24 104.93 9.86
66.00 6.00 -81422.72 -88172.12 104.93 9.86
69.00 6.00 -81422.72 -89228.53 104.93 9.86
73.00 6.00 -81422.72 -99519.74 104.93 9.86
77.00 6.00 -81422.72 -97408.84 104.93 9.86
81.00 6.00 -81422.72 -89532.70 104.93 9.86
85.00 6.00 -81422.72 -93131.27 104.93 9.86
89.00 6.00 -81422.72 -91524.27 104.93 9.86
92.00 6.00 -81422.72 -90049.28 104.93 9.86
93.00 6.00 -81422.72 -83504.12 104.93 9.86
96.00 6.00 -81422.72 -83097.84 104.93 9.86
100.00 6.00 -81422.72 -85092.52 104.93 9.86
104.00 6.00 -81422.72 -87514.46 104.93 9.86
108.00 6.00 -81422.72 -93227.03 104.93 9.86
112.00 6.00 -81422.72 -83228.02 104.93 9.86
116.00 6.00 -81422.72 -86007.23 104.93 9.86
120.00 6.00 -81422.72 -87902.75 104.93 9.86
123.00 6.00 -81422.72 -87146.64 104.93 9.86
124.00 6.00 -81422.72 -95986.94 104.93 9.86
127.00 6.00 -81422.72 -93598.24 104.93 9.86
131.00 6.00 -81422.72 -90479.98 104.93 9.86
135.00 6.00 -81422.72 -95728.53 104.93 9.86
139.00 6.00 -81422.72 -81951.14 104.93 9.86
143.00 6.00 -81422.72 -92549.08 104.93 9.86
147.00 6.00 -81422.72 -84207.98 104.93 9.86
150.00 6.00 -81422.72 -91947.22 104.93 9.86
154.00 6.00 -81422.72 -86253.54 104.93 9.86
156.00 6.00 -81422.72 -84174.79 104.93 9.86
158.00 6.00 -81422.72 -92403.05 104.93 9.86
162.00 6.00 -81422.72 -85465.16 104.93 9.86
166.00 6.00 -81422.72 -86975.30 104.93 9.86
170.00 6.00 -81422.72 -87798.66 104.93 9.86
174.00 6.00 -81422.72 -87760.89 104.93 9.86
177.00 6.00 -81422.72 -101831.24 104.93 9.86
181.00 6.00 -81422.72 -92715.34 104.93 9.86
185.00 6.00 -81422.72 -93510.78 104.93 9.86
187.00 6.00 -81422.72 -84448.58 104.93 9.86
190.00 6.00 -81422.72 -83227.05 104.93 9.86
193.00 6.00 -81422.72 -97774.81 104.93 9.86
197.00 6.00 -81422.72 -95475.88 104.93 9.86
201.00 6.00 -81422.72 -99606.20 104.93 9.86
205.00 6.00 -81422.72 -94298.73 104.93 9.86
209.00 6.00 -81422.72 -92632.74 104.93 9.86
213.00 6.00 -81422.72 -84638.34 104.93 9.86
216.00 6.00 -81422.72 -83248.09 104.93 9.86
217.00 6.00 -81422.72 -84673.88 104.93 9.86
221.00 6.00 -81422.72 -85743.17 104.93 9.86
224.00 6.00 -81422.72 -89650.05 104.93 9.86
228.00 6.00 -81422.72 -94381.94 104.93 9.86
232.00 6.00 -81422.72 -86803.27 104.93 9.86
236.00 6.00 -81422.72 -86795.48 104.93 9.86
240.00 6.00 -81422.72 -85630.70 104.93 9.86
244.00 6.00 -81422.72 -84026.55 104.93 9.86
247.00 6.00 -81422.72 -87166.47 104.93 9.86
248.00 6.00 -81422.72 -87877.53 104.93 9.86
251.00 6.00 -81422.72 -91562.50 104.93 9.86
255.00 6.00 -81422.72 -89540.78 104.93 9.86
259.00 6.00 -81422.72 -93814.09 104.93 9.86
263.00 6.00 -81422.72 -90294.27 104.93 9.86
267.00 6.00 -81422.72 -88738.75 104.93 9.86
271.00 6.00 -81422.72 -95892.79 104.93 9.86
275.00 6.00 -81422.72 -93955.90 104.93 9.86
278.00 6.00 -81422.72 -93520.17 104.93 9.86
280.00 6.00 -81422.72 -84834.16 104.93 9.86
283.00 6.00 -81422.72 -88673.75 104.93 9.86
286.00 6.00 -81422.72 -88018.34 104.93 9.86
290.00 6.00 -81422.72 -83213.12 104.93 9.86
294.00 6.00 -81422.72 -87173.61 104.93 9.86
298.00 6.00 -81422.72 -86059.52 104.93 9.86
302.00 6.00 -81422.72 -84793.84 104.93 9.86
306.00 6.00 -81422.72 -83929.59 104.93 9.86
309.00 6.00 -81422.72 -88826.97 104.93 9.86
310.00 6.00 -81422.72 -89842.92 104.93 9.86
314.00 6.00 -81422.72 -87132.59 104.93 9.86
317.00 6.00 -81422.72 -98247.01 104.93 9.86
321.00 6.00 -81422.72 -89984.24 104.93 9.86
325.00 7.00 -81241.78 -95447.31 106.18 8.28
329.00 7.00 -81241.78 -87046.91 106.18 8.28
333.00 7.00 -81241.78 -84802.66 106.18 8.28
337.00 7.00 -81241.78 -85369.20 106.18 8.28
340.00 7.00 -81241.78 -84971.35 106.18 8.28
341.00 7.00 -81241.78 -83602.08 106.18 8.28
345.00 7.00 -81241.78 -86817.09 106.18 8.28
348.00 7.00 -81241.78 -84922.92 106.18 8.28
352.00 7.00 -81241.78 -105835.00 106.18 8.28
356.00 7.00 -81241.78 -100790.11 106.18 8.28
360.00 7.00 -81241.78 -88352.20 106.18 8.28
364.00 7.00 -81241.78 -90159.19 106.18 8.28
368.00 7.00 -81241.78 -92519.33 106.18 8.28
371.00 7.00 -81241.78 -97665.81 106.18 8.28
373.00 7.00 -81241.78 -82038.93 106.18 8.28
376.00 7.00 -81241.78 -86732.66 106.18 8.28
380.00 7.00 -81241.78 -90047.77 106.18 8.28
384.00 7.00 -81241.78 -86613.35 106.18 8.28
387.00 7.00 -81241.78 -87500.12 106.18 8.28
391.00 7.00 -81241.78 -95172.55 106.18 8.28
395.00 7.00 -81241.78 -84619.00 106.18 8.28
399.00 7.00 -81241.78 -91476.11 106.18 8.28
402.00 7.00 -81241.78 -102212.25 106.18 8.28
404.00 7.00 -81241.78 -89025.69 106.18 8.28
407.00 7.00 -81241.78 -88951.02 106.18 8.28
411.00 7.00 -81241.78 -88120.41 106.18 8.28
414.00 7.00 -81241.78 -90329.50 106.18 8.28
418.00 7.00 -81241.78 -84409.42 106.18 8.28
422.00 7.00 -81241.78 -85779.05 106.18 8.28
426.00 7.00 -81241.78 -99708.16 106.18 8.28
430.00 7.00 -81241.78 -97258.08 106.18 8.28
433.00 7.00 -81241.78 -93646.05 106.18 8.28
434.00 7.00 -81241.78 -92291.30 106.18 8.28
437.00 7.00 -81241.78 -83995.56 106.18 8.28
441.00 7.00 -81241.78 -102290.74 106.18 8.28
445.00 7.00 -81241.78 -88071.24 106.18 8.28
449.00 7.00 -81241.78 -96580.68 106.18 8.28
453.00 7.00 -81241.78 -83819.69 106.18 8.28
457.00 7.00 -81241.78 -85680.91 106.18 8.28
461.00 7.00 -81241.78 -84319.38 106.18 8.28
464.00 7.00 -81241.78 -101440.92 106.18 8.28
465.00 7.00 -81241.78 -85294.86 106.18 8.28
468.00 7.00 -81241.78 -95747.55 106.18 8.28
472.00 7.00 -81241.78 -92201.17 106.18 8.28
476.00 7.00 -81241.78 -89452.64 106.18 8.28
480.00 7.00 -81241.78 -90703.84 106.18 8.28
484.00 7.00 -81241.78 -92667.12 106.18 8.28
488.00 7.00 -81241.78 -88913.89 106.18 8.28
492.00 7.00 -81241.78 -101437.66 106.18 8.28
495.00 7.00 -81241.78 -94434.54 106.18 8.28
496.00 7.00 -81241.78 -95295.97 106.18 8.28
499.00 7.00 -81241.78 -89728.47 106.18 8.28
503.00 7.00 -81241.78 -92423.22 106.18 8.28
507.00 7.00 -81241.78 -107841.96 106.18 8.28
511.00 7.00 -81241.78 -92364.48 106.18 8.28
515.00 7.00 -81241.78 -92534.81 106.18 8.28
519.00 7.00 -81241.78 -88893.61 106.18 8.28
523.00 7.00 -81241.78 -87885.09 106.18 8.28
526.00 7.00 -81241.78 -86205.10 106.18 8.28
528.00 7.00 -81241.78 -111279.15 106.18 8.28
531.00 7.00 -81241.78 -91011.83 106.18 8.28
534.00 7.00 -81241.78 -105959.88 106.18 8.28
538.00 7.00 -81241.78 -96094.21 106.18 8.28
542.00 7.00 -81241.78 -87886.25 106.18 8.28
546.00 7.00 -81241.78 -90708.50 106.18 8.28
550.00 7.00 -81241.78 -104473.00 106.18 8.28
554.00 7.00 -81241.78 -88363.05 106.18 8.28
557.00 7.00 -81241.78 -85305.69 106.18 8.28
559.00 7.00 -81241.78 -85180.48 106.18 8.28
562.00 7.00 -81241.78 -85447.14 106.18 8.28
566.00 7.00 -81241.78 -86262.92 106.18 8.28
570.00 7.00 -81241.78 -89627.21 106.18 8.28
574.00 7.00 -81241.78 -87052.80 106.18 8.28
578.00 7.00 -81241.78 -91596.18 106.18 8.28
581.00 7.00 -81241.78 -90057.21 106.18 8.28
585.00 7.00 -81241.78 -89768.51 106.18 8.28
588.00 7.00 -81241.78 -85028.03 106.18 8.28
589.00 7.00 -81241.78 -87900.18 106.18 8.28
593.00 7.00 -81241.78 -85465.98 106.18 8.28
596.00 7.00 -81241.78 -94111.54 106.18 8.28
600.00 7.00 -81241.78 -82858.83 106.18 8.28
604.00 7.00 -81241.78 -94074.02 106.18 8.28
608.00 7.00 -81241.78 -106147.46 106.18 8.28
612.00 7.00 -81241.78 -91558.71 106.18 8.28
616.00 7.00 -81241.78 -85052.91 106.18 8.28
619.00 7.00 -81241.78 -83075.03 106.18 8.28
620.00 7.00 -81241.78 -84519.91 106.18 8.28
