0.00 0.00 -69480.65 -83128.46 0.00 0.00
3.00 1.00 -68667.52 -81693.87 109.85 35.77
7.00 2.00 -68490.42 -76293.19 108.91 33.96
11.00 2.00 -68490.42 -70903.53 108.91 33.96
14.00 3.00 -67250.38 -69230.11 101.22 14.62
18.00 3.00 -67250.38 -76641.79 101.22 14.62
22.00 4.00 -67005.74 -69653.90 109.85 8.57
26.00 4.00 -67005.74 -77343.15 109.85 8.57
29.00 4.00 -67005.74 -67560.83 109.85 8.57
30.00 4.00 -67005.74 -67960.12 109.85 8.57
31.00 4.00 -67005.74 -69457.70 109.85 8.57
34.00 5.00 -66803.02 -79696.65 107.23 9.24
35.00 5.00 -66803.02 -73636.20 107.23 9.24
39.00 5.00 -66803.02 -74357.53 107.23 9.24
43.00 5.00 -66803.02 -73429.67 107.23 9.24
46.00 5.00 -66803.02 -72676.20 107.23 9.24
50.00 5.00 -66803.02 -76978.69 107.23 9.24
54.00 5.00 -66803.02 -73409.75 107.23 9.24
58.00 5.00 -66803.02 -76593.66 107.23 9.24
61.00 5.00 -66803.02 -68964.94 107.23 9.24
62.00 5.00 -66803.02 -72614.41 107.23 9.24
66.00 5.00 -66803.02 -70850.91 107.23 9.24
69.00 6.00 -66480.18 -70908.80 102.49 7.30
73.00 6.00 -66480.18 -75881.55 102.49 7.30
77.00 6.00 -66480.18 -78980.88 102.49 7.30
81.00 6.00 -66480.18 -77613.08 102.49 7.30
85.00 6.00 -66480.18 -71784.55 102.49 7.30
89.00 6.00 -66480.18 -77575.34 102.49 7.30
92.00 6.00 -66480.18 -80846.33 102.49 7.30
94.00 6.00 -66480.18 -77525.67 102.49 7.30
96.00 6.00 -66480.18 -71750.55 102.49 7.30
100.00 6.00 -66480.18 -70566.58 102.49 7.30
104.00 6.00 -66480.18 -73788.00 102.49 7.30
108.00 6.00 -66480.18 -71156.95 102.49 7.30
112.00 6.00 -66480.18 -73464.48 102.49 7.30
116.00 6.00 -66480.18 -71346.32 102.49 7.30
120.00 6.00 -66480.18 -71977.29 102.49 7.30
123.00 6.00 -66480.18 -68763.70 102.49 7.30
125.00 6.00 -66480.18 -69353.14 102.49 7.30
128.00 6.00 -66480.18 -84220.24 102.49 7.30
132.00 6.00 -66480.18 -78860.94 102.49 7.30
136.00 6.00 -66480.18 -78079.34 102.49 7.30
139.00 6.00 -66480.18 -74358.49 102.49 7.30
143.00 6.00 -66480.18 -79376.72 102.49 7.30
147.00 6.00 -66480.18 -79268.26 102.49 7.30
151.00 6.00 -66480.18 -74563.41 102.49 7.30
154.00 6.00 -66480.18 -73381.84 102.49 7.30
155.00 6.00 -66480.18 -73202.85 102.49 7.30
158.00 6.00 -66480.18 -71209.16 102.49 7.30
162.00 6.00 -66480.18 -70051.14 102.49 7.30
166.00 6.00 -66480.18 -82616.02 102.49 7.30
169.00 6.00 -66480.18 -72938.81 102.49 7.30
173.00 6.00 -66480.18 -70503.70 102.49 7.30
177.00 6.00 -66480.18 -71481.27 102.49 7.30
181.00 6.00 -66480.18 -70703.80 102.49 7.30
185.00 6.00 -66480.18 -72627.97 102.49 7.30
186.00 6.00 -66480.18 -71005.52 102.49 7.30
189.00 6.00 -66480.18 -80944.24 102.49 7.30
193.00 6.00 -66480.18 -73099.44 102.49 7.30
197.00 6.00 -66480.18 -72953.77 102.49 7.30
201.00 6.00 -66480.18 -79376.74 102.49 7.30
205.00 6.00 -66480.18 -68094.96 102.49 7.30
208.00 6.00 -66480.18 -69830.09 102.49 7.30
212.00 6.00 -66480.18 -83477.18 102.49 7.30
216.00 6.00 -66480.18 -85602.61 102.49 7.30
218.00 6.00 -66480.18 -67800.06 102.49 7.30
221.00 6.00 -66480.18 -68826.04 102.49 7.30
224.00 6.00 -66480.18 -73444.65 102.49 7.30
228.00 6.00 -66480.18 -72633.53 102.49 7.30
232.00 6.00 -66480.18 -67039.58 102.49 7.30
236.00 6.00 -66480.18 -72603.27 102.49 7.30
240.00 6.00 -66480.18 -73154.58 102.49 7.30
244.00 6.00 -66480.18 -74720.58 102.49 7.30
247.00 6.00 -66480.18 -76428.80 102.49 7.30
248.00 6.00 -66480.18 -74587.61 102.49 7.30
251.00 6.00 -66480.18 -69797.64 102.49 7.30
255.00 6.00 -66480.18 -74892.58 102.49 7.30
259.00 6.00 -66480.18 -78154.27 102.49 7.30
263.00 6.00 -66480.18 -72521.55 102.49 7.30
267.00 6.00 -66480.18 -68364.62 102.49 7.30
271.00 6.00 -66480.18 -73606.25 102.49 7.30
275.00 6.00 -66480.18 -77215.08 102.49 7.30
278.00 6.00 -66480.18 -76950.83 102.49 7.30
279.00 6.00 -66480.18 -79667.46 102.49 7.30
282.00 6.00 -66480.18 -69211.76 102.49 7.30
286.00 6.00 -66480.18 -72046.15 102.49 7.30
290.00 6.00 -66480.18 -70760.05 102.49 7.30
294.00 6.00 -66480.18 -67216.10 102.49 7.30
298.00 6.00 -66480.18 -69893.98 102.49 7.30
302.00 6.00 -66480.18 -70551.92 102.49 7.30
306.00 6.00 -66480.18 -72506.44 102.49 7.30
309.00 6.00 -66480.18 -71075.77 102.49 7.30
311.00 6.00 -66480.18 -69644.91 102.49 7.30
314.00 6.00 -66480.18 -67594.77 102.49 7.30
317.00 6.00 -66480.18 -69195.52 102.49 7.30
321.00 6.00 -66480.18 -72667.59 102.49 7.30
325.00 6.00 -66480.18 -74353.95 102.49 7.30
329.00 6.00 -66480.18 -71006.13 102.49 7.30
333.00 6.00 -66480.18 -70737.85 102.49 7.30
337.00 6.00 -66480.18 -77201.51 102.49 7.30
340.00 6.00 -66480.18 -71721.77 102.49 7.30
341.00 6.00 -66480.18 -71848.05 102.49 7.30
344.00 6.00 -66480.18 -76488.24 102.49 7.30
348.00 6.00 -66480.18 -68060.33 102.49 7.30
352.00 6.00 -66480.18 -69567.89 102.49 7.30
356.00 6.00 -66480.18 -76072.86 102.49 7.30
360.00 6.00 -66480.18 -83668.12 102.49 7.30
364.00 6.00 -66480.18 -73284.77 102.49 7.30
368.00 6.00 -66480.18 -73646.02 102.49 7.30
371.00 6.00 -66480.18 -87397.00 102.49 7.30
372.00 6.00 -66480.18 -79904.48 102.49 7.30
375.00 6.00 -66480.18 -74590.81 102.49 7.30
379.00 6.00 -66480.18 -73235.51 102.49 7.30
383.00 6.00 -66480.18 -80623.57 102.49 7.30
387.00 6.00 -66480.18 -74819.16 102.49 7.30
391.00 6.00 -66480.18 -72211.06 102.49 7.30
395.00 6.00 -66480.18 -73836.84 102.49 7.30
399.00 6.00 -66480.18 -73832.77 102.49 7.30
402.00 6.00 -66480.18 -81217.76 102.49 7.30
403.00 6.00 -66480.18 -72316.28 102.49 7.30
406.00 6.00 -66480.18 -68171.55 102.49 7.30
407.00 6.00 -66480.18 -73122.45 102.49 7.30
410.00 6.00 -66480.18 -73587.86 102.49 7.30
414.00 6.00 -66480.18 -84846.73 102.49 7.30
418.00 6.00 -66480.18 -80917.51 102.49 7.30
422.00 6.00 -66480.18 -76175.38 102.49 7.30
426.00 6.00 -66480.18 -76444.43 102.49 7.30
429.00 6.00 -66480.18 -80355.00 102.49 7.30
433.00 6.00 -66480.18 -75612.50 102.49 7.30
434.00 6.00 -66480.18 -76728.71 102.49 7.30
437.00 6.00 -66480.18 -70415.33 102.49 7.30
441.00 6.00 -66480.18 -71657.05 102.49 7.30
445.00 6.00 -66480.18 -74010.76 102.49 7.30
449.00 6.00 -66480.18 -71675.21 102.49 7.30
453.00 6.00 -66480.18 -71536.72 102.49 7.30
457.00 6.00 -66480.18 -77514.55 102.49 7.30
460.00 6.00 -66480.18 -70607.94 102.49 7.30
464.00 6.00 -66480.18 -70572.28 102.49 7.30
465.00 6.00 -66480.18 -70180.56 102.49 7.30
469.00 6.00 -66480.18 -74656.56 102.49 7.30
472.00 6.00 -66480.18 -73614.23 102.49 7.30
476.00 6.00 -66480.18 -75104.47 102.49 7.30
480.00 6.00 -66480.18 -70507.01 102.49 7.30
484.00 6.00 -66480.18 -80263.28 102.49 7.30
488.00 6.00 -66480.18 -78063.44 102.49 7.30
492.00 6.00 -66480.18 -67443.53 102.49 7.30
495.00 6.00 -66480.18 -72687.70 102.49 7.30
497.00 6.00 -66480.18 -66884.64 102.49 7.30
499.00 6.00 -66480.18 -74096.50 102.49 7.30
502.00 6.00 -66480.18 -72152.30 102.49 7.30
506.00 6.00 -66480.18 -70390.05 102.49 7.30
510.00 6.00 -66480.18 -84028.55 102.49 7.30
514.00 6.00 -66480.18 -68524.64 102.49 7.30
518.00 6.00 -66480.18 -76533.08 102.49 7.30
522.00 6.00 -66480.18 -71797.97 102.49 7.30
526.00 6.00 -66480.18 -74428.73 102.49 7.30
528.00 6.00 -66480.18 -82187.09 102.49 7.30
531.00 6.00 -66480.18 -73493.44 102.49 7.30
534.00 6.00 -66480.18 -70779.23 102.49 7.30
538.00 6.00 -66480.18 -68111.00 102.49 7.30
542.00 6.00 -66480.18 -68768.19 102.49 7.30
546.00 6.00 -66480.18 -73601.09 102.49 7.30
550.00 6.00 -66480.18 -70468.82 102.49 7.30
553.00 6.00 -66480.18 -68539.61 102.49 7.30
557.00 6.00 -66480.18 -73945.53 102.49 7.30
559.00 6.00 -66480.18 -68640.73 102.49 7.30
562.00 6.00 -66480.18 -68624.82 102.49 7.30
565.00 6.00 -66480.18 -68724.59 102.49 7.30
569.00 6.00 -66480.18 -67003.26 102.49 7.30
573.00 6.00 -66480.18 -68619.85 102.49 7.30
577.00 6.00 -66480.18 -68920.76 102.49 7.30
581.00 6.00 -66480.18 -70981.50 102.49 7.30
585.00 6.00 -66480.18 -72234.30 102.49 7.30
588.00 6.00 -66480.18 -72316.62 102.49 7.30
590.00 6.00 -66480.18 -77968.55 102.49 7.30
594.00 6.00 -66480.18 -72246.11 102.49 7.30
597.00 6.00 -66480.18 -74628.98 102.49 7.30
601.00 6.00 -66480.18 -72381.36 102.49 7.30
605.00 6.00 -66480.18 -78834.71 102.49 7.30
609.00 6.00 -66480.18 -71371.88 102.49 7.30
613.00 6.00 -66480.18 -70324.08 102.49 7.30
617.00 6.00 -66480.18 -67930.50 102.49 7.30
619.00 6.00 -66480.18 -68141.92 102.49 7.30
621.00 6.00 -66480.18 -72904.65 102.49 7.30
622.00 6.00 -66480.18 -82972.60 102.49 7.30
