0.00 0.00 -93514.02 -104178.78 0.00 0.00
3.00 0.00 -93514.02 -101674.93 0.00 0.00
7.00 0.00 -93514.02 -96418.71 0.00 0.00
11.00 0.00 -93514.02 -94842.82 0.00 0.00
14.00 0.00 -93514.02 -95775.18 0.00 0.00
18.00 0.00 -93514.02 -99808.08 0.00 0.00
22.00 0.00 -93514.02 -95243.34 0.00 0.00
26.00 1.00 -89832.72 -90259.71 105.07 8.89
29.00 1.00 -89832.72 -96005.98 105.07 8.89
30.00 1.00 -89832.72 -94837.70 105.07 8.89
31.00 1.00 -89832.72 -96653.72 105.07 8.89
32.00 1.00 -89832.72 -92262.96 105.07 8.89
35.00 1.00 -89832.72 -96052.30 105.07 8.89
39.00 1.00 -89832.72 -98244.92 105.07 8.89
43.00 1.00 -89832.72 -105504.34 105.07 8.89
47.00 1.00 -89832.72 -102318.11 105.07 8.89
50.00 2.00 -89832.72 -114453.51 105.07 8.89
54.00 2.00 -89832.72 -106920.98 105.07 8.89
58.00 2.00 -89832.72 -109399.03 105.07 8.89
61.00 2.00 -89832.72 -102525.15 105.07 8.89
62.00 2.00 -89832.72 -106265.85 105.07 8.89
65.00 2.00 -89832.72 -101759.10 105.07 8.89
69.00 2.00 -89832.72 -108211.55 105.07 8.89
73.00 2.00 -89832.72 -95617.00 105.07 8.89
77.00 2.00 -89832.72 -102275.08 105.07 8.89
81.00 2.00 -89832.72 -103591.27 105.07 8.89
85.00 2.00 -89832.72 -105951.34 105.07 8.89
89.00 2.00 -89832.72 -104485.67 105.07 8.89
92.00 2.00 -89832.72 -105679.93 105.07 8.89
94.00 2.00 -89832.72 -103466.74 105.07 8.89
97.00 2.00 -89832.72 -99950.64 105.07 8.89
100.00 3.00 -89832.72 -89832.72 105.07 8.89
104.00 3.00 -89832.72 -112780.21 105.07 8.89
108.00 3.00 -89832.72 -116808.98 105.07 8.89
112.00 3.00 -89832.72 -97188.67 105.07 8.89
116.00 3.00 -89832.72 -96155.08 105.07 8.89
120.00 3.00 -89832.72 -95417.80 105.07 8.89
123.00 3.00 -89832.72 -100784.24 105.07 8.89
125.00 3.00 -89832.72 -100783.80 105.07 8.89
128.00 3.00 -89832.72 -94385.40 105.07 8.89
131.00 3.00 -89832.72 -92836.34 105.07 8.89
135.00 3.00 -89832.72 -113108.40 105.07 8.89
139.00 3.00 -89832.72 -101558.01 105.07 8.89
143.00 3.00 -89832.72 -114889.82 105.07 8.89
147.00 3.00 -89832.72 -103626.50 105.07 8.89
151.00 3.00 -89832.72 -101852.06 105.07 8.89
154.00 3.00 -89832.72 -90695.40 105.07 8.89
156.00 3.00 -89832.72 -99624.40 105.07 8.89
158.00 3.00 -89832.72 -99270.66 105.07 8.89
162.00 3.00 -89832.72 -103312.44 105.07 8.89
166.00 3.00 -89832.72 -105692.79 105.07 8.89
170.00 3.00 -89832.72 -106350.84 105.07 8.89
174.00 3.00 -89832.72 -100743.73 105.07 8.89
178.00 3.00 -89832.72 -98240.45 105.07 8.89
182.00 3.00 -89832.72 -101680.95 105.07 8.89
185.00 3.00 -89832.72 -97742.64 105.07 8.89
186.00 3.00 -89832.72 -101728.38 105.07 8.89
190.00 3.00 -89832.72 -97342.49 105.07 8.89
194.00 3.00 -89832.72 -99765.42 105.07 8.89
197.00 3.00 -89832.72 -103946.82 105.07 8.89
201.00 3.00 -89832.72 -99995.80 105.07 8.89
205.00 3.00 -89832.72 -98494.27 105.07 8.89
209.00 3.00 -89832.72 -98078.95 105.07 8.89
213.00 3.00 -89832.72 -97962.34 105.07 8.89
216.00 3.00 -89832.72 -98318.80 105.07 8.89
217.00 3.00 -89832.72 -120444.23 105.07 8.89
220.00 3.00 -89832.72 -111349.73 105.07 8.89
224.00 3.00 -89832.72 -99801.27 105.07 8.89
228.00 3.00 -89832.72 -98549.56 105.07 8.89
232.00 3.00 -89832.72 -102297.16 105.07 8.89
236.00 3.00 -89832.72 -101567.91 105.07 8.89
239.00 3.00 -89832.72 -101226.08 105.07 8.89
243.00 3.00 -89832.72 -103934.94 105.07 8.89
247.00 3.00 -89832.72 -102651.88 105.07 8.89
249.00 3.00 -89832.72 -122284.49 105.07 8.89
252.00 3.00 -89832.72 -107485.90 105.07 8.89
256.00 3.00 -89832.72 -106106.41 105.07 8.89
260.00 3.00 -89832.72 -104067.82 105.07 8.89
264.00 3.00 -89832.72 -105242.59 105.07 8.89
268.00 3.00 -89832.72 -102846.70 105.07 8.89
271.00 3.00 -89832.72 -99820.97 105.07 8.89
275.00 3.00 -89832.72 -102175.31 105.07 8.89
278.00 3.00 -89832.72 -105994.49 105.07 8.89
280.00 3.00 -89832.72 -112609.86 105.07 8.89
283.00 3.00 -89832.72 -100070.56 105.07 8.89
287.00 3.00 -89832.72 -97797.50 105.07 8.89
291.00 3.00 -89832.72 -122784.13 105.07 8.89
294.00 3.00 -89832.72 -111019.29 105.07 8.89
298.00 3.00 -89832.72 -106925.43 105.07 8.89
302.00 3.00 -89832.72 -103240.53 105.07 8.89
306.00 3.00 -89832.72 -103645.45 105.07 8.89
309.00 3.00 -89832.72 -103646.54 105.07 8.89
310.00 3.00 -89832.72 -98481.83 105.07 8.89
314.00 3.00 -89832.72 -98705.84 105.07 8.89
317.00 3.00 -89832.72 -102891.47 105.07 8.89
321.00 3.00 -89832.72 -97706.59 105.07 8.89
325.00 3.00 -89832.72 -100319.31 105.07 8.89
329.00 3.00 -89832.72 -107157.81 105.07 8.89
333.00 3.00 -89832.72 -101258.99 105.07 8.89
337.00 3.00 -89832.72 -100608.48 105.07 8.89
340.00 3.00 -89832.72 -99691.05 105.07 8.89
341.00 3.00 -89832.72 -99490.42 105.07 8.89
345.00 3.00 -89832.72 -99204.63 105.07 8.89
348.00 3.00 -89832.72 -101413.30 105.07 8.89
352.00 3.00 -89832.72 -99486.45 105.07 8.89
356.00 3.00 -89832.72 -118114.18 105.07 8.89
360.00 3.00 -89832.72 -98859.95 105.07 8.89
364.00 3.00 -89832.72 -99207.87 105.07 8.89
368.00 3.00 -89832.72 -98573.14 105.07 8.89
371.00 3.00 -89832.72 -97808.91 105.07 8.89
372.00 3.00 -89832.72 -100902.81 105.07 8.89
376.00 3.00 -89832.72 -98792.89 105.07 8.89
380.00 3.00 -89832.72 -101446.80 105.07 8.89
383.00 3.00 -89832.72 -109025.15 105.07 8.89
387.00 3.00 -89832.72 -104869.59 105.07 8.89
391.00 3.00 -89832.72 -100589.41 105.07 8.89
395.00 3.00 -89832.72 -101478.23 105.07 8.89
399.00 3.00 -89832.72 -102097.03 105.07 8.89
402.00 3.00 -89832.72 -108642.94 105.07 8.89
403.00 3.00 -89832.72 -108506.25 105.07 8.89
407.00 3.00 -89832.72 -100530.28 105.07 8.89
410.00 3.00 -89832.72 -106526.83 105.07 8.89
414.00 3.00 -89832.72 -122191.49 105.07 8.89
418.00 3.00 -89832.72 -103348.45 105.07 8.89
422.00 3.00 -89832.72 -114046.67 105.07 8.89
426.00 3.00 -89832.72 -108149.99 105.07 8.89
430.00 3.00 -89832.72 -97157.84 105.07 8.89
433.00 3.00 -89832.72 -110309.97 105.07 8.89
434.00 3.00 -89832.72 -98455.93 105.07 8.89
437.00 3.00 -89832.72 -95077.09 105.07 8.89
441.00 3.00 -89832.72 -94857.35 105.07 8.89
445.00 3.00 -89832.72 -96914.79 105.07 8.89
449.00 3.00 -89832.72 -97936.12 105.07 8.89
453.00 3.00 -89832.72 -114860.69 105.07 8.89
457.00 3.00 -89832.72 -97799.64 105.07 8.89
460.00 3.00 -89832.72 -95693.30 105.07 8.89
464.00 3.00 -89832.72 -94345.41 105.07 8.89
465.00 3.00 -89832.72 -93554.70 105.07 8.89
468.00 3.00 -89832.72 -110465.31 105.07 8.89
472.00 3.00 -89832.72 -93422.71 105.07 8.89
476.00 3.00 -89832.72 -95284.02 105.07 8.89
480.00 3.00 -89832.72 -103255.14 105.07 8.89
484.00 3.00 -89832.72 -98377.78 105.07 8.89
488.00 3.00 -89832.72 -101413.09 105.07 8.89
491.00 3.00 -89832.72 -100416.03 105.07 8.89
495.00 3.00 -89832.72 -95891.74 105.07 8.89
496.00 3.00 -89832.72 -104148.80 105.07 8.89
500.00 3.00 -89832.72 -97020.58 105.07 8.89
503.00 3.00 -89832.72 -97747.92 105.07 8.89
507.00 3.00 -89832.72 -95387.83 105.07 8.89
511.00 3.00 -89832.72 -98689.88 105.07 8.89
515.00 3.00 -89832.72 -97450.75 105.07 8.89
519.00 3.00 -89832.72 -93442.80 105.07 8.89
522.00 3.00 -89832.72 -94887.45 105.07 8.89
526.00 3.00 -89832.72 -114684.23 105.07 8.89
527.00 3.00 -89832.72 -99027.75 105.07 8.89
530.00 3.00 -89832.72 -98818.81 105.07 8.89
534.00 3.00 -89832.72 -91136.59 105.07 8.89
538.00 3.00 -89832.72 -100645.48 105.07 8.89
542.00 3.00 -89832.72 -100210.49 105.07 8.89
546.00 3.00 -89832.72 -97477.54 105.07 8.89
549.00 3.00 -89832.72 -90288.63 105.07 8.89
553.00 3.00 -89832.72 -97133.48 105.07 8.89
557.00 3.00 -89832.72 -93557.18 105.07 8.89
558.00 3.00 -89832.72 -100917.76 105.07 8.89
561.00 3.00 -89832.72 -92030.99 105.07 8.89
565.00 3.00 -89832.72 -102899.61 105.07 8.89
569.00 3.00 -89832.72 -98098.98 105.07 8.89
573.00 3.00 -89832.72 -96927.69 105.07 8.89
577.00 3.00 -89832.72 -98925.85 105.07 8.89
581.00 3.00 -89832.72 -95349.22 105.07 8.89
584.00 3.00 -89832.72 -93913.74 105.07 8.89
588.00 3.00 -89832.72 -95894.95 105.07 8.89
589.00 3.00 -89832.72 -98096.15 105.07 8.89
592.00 3.00 -89832.72 -106804.49 105.07 8.89
596.00 3.00 -89832.72 -96074.41 105.07 8.89
600.00 3.00 -89832.72 -97587.22 105.07 8.89
604.00 3.00 -89832.72 -101196.58 105.07 8.89
608.00 3.00 -89832.72 -99115.05 105.07 8.89
612.00 3.00 -89832.72 -99670.69 105.07 8.89
615.00 3.00 -89832.72 -92671.75 105.07 8.89
619.00 3.00 -89832.72 -91597.09 105.07 8.89
621.00 3.00 -89832.72 -110613.51 105.07 8.89
622.00 3.00 -89832.72 -94792.38 105.07 8.89
