0.00 0.00 -103247.85 -107078.24 0.00 0.00
3.00 0.00 -103247.85 -110214.89 0.00 0.00
7.00 0.00 -103247.85 -103932.41 0.00 0.00
11.00 2.00 -99344.14 -102770.62 108.18 5.71
14.00 2.00 -99344.14 -101082.57 108.18 5.71
18.00 2.00 -99344.14 -100286.61 108.18 5.71
22.00 2.00 -99344.14 -102532.92 108.18 5.71
26.00 2.00 -99344.14 -102420.87 108.18 5.71
29.00 2.00 -99344.14 -116315.04 108.18 5.71
30.00 2.00 -99344.14 -101098.01 108.18 5.71
31.00 2.00 -99344.14 -119177.61 108.18 5.71
32.00 2.00 -99344.14 -109688.28 108.18 5.71
35.00 2.00 -99344.14 -110649.80 108.18 5.71
39.00 2.00 -99344.14 -102226.04 108.18 5.71
43.00 2.00 -99344.14 -107305.03 108.18 5.71
46.00 2.00 -99344.14 -107465.04 108.18 5.71
50.00 2.00 -99344.14 -107827.81 108.18 5.71
54.00 2.00 -99344.14 -103311.53 108.18 5.71
58.00 2.00 -99344.14 -111692.14 108.18 5.71
61.00 2.00 -99344.14 -110281.55 108.18 5.71
62.00 2.00 -99344.14 -118861.34 108.18 5.71
65.00 2.00 -99344.14 -111426.44 108.18 5.71
69.00 2.00 -99344.14 -115005.28 108.18 5.71
73.00 2.00 -99344.14 -113867.72 108.18 5.71
77.00 2.00 -99344.14 -107732.30 108.18 5.71
81.00 2.00 -99344.14 -100832.96 108.18 5.71
84.00 2.00 -99344.14 -103198.62 108.18 5.71
88.00 2.00 -99344.14 -107352.66 108.18 5.71
92.00 2.00 -99344.14 -103222.83 108.18 5.71
93.00 2.00 -99344.14 -107685.56 108.18 5.71
97.00 2.00 -99344.14 -102228.66 108.18 5.71
100.00 2.00 -99344.14 -113272.94 108.18 5.71
104.00 2.00 -99344.14 -105379.17 108.18 5.71
108.00 2.00 -99344.14 -116182.42 108.18 5.71
112.00 2.00 -99344.14 -104306.55 108.18 5.71
116.00 3.00 -99344.14 -99344.14 108.18 5.71
120.00 4.00 -99191.81 -105454.45 105.14 8.89
123.00 4.00 -99191.81 -105219.80 105.14 8.89
124.00 4.00 -99191.81 -105444.78 105.14 8.89
128.00 4.00 -99191.81 -108290.00 105.14 8.89
132.00 4.00 -99191.81 -112649.78 105.14 8.89
135.00 4.00 -99191.81 -103024.43 105.14 8.89
139.00 4.00 -99191.81 -112160.66 105.14 8.89
143.00 4.00 -99191.81 -112077.62 105.14 8.89
147.00 4.00 -99191.81 -110292.75 105.14 8.89
151.00 4.00 -99191.81 -111760.90 105.14 8.89
154.00 4.00 -99191.81 -110058.77 105.14 8.89
155.00 4.00 -99191.81 -109728.52 105.14 8.89
158.00 4.00 -99191.81 -107049.58 105.14 8.89
162.00 4.00 -99191.81 -113242.78 105.14 8.89
166.00 4.00 -99191.81 -112020.70 105.14 8.89
170.00 4.00 -99191.81 -108928.66 105.14 8.89
173.00 4.00 -99191.81 -112446.34 105.14 8.89
177.00 4.00 -99191.81 -109952.27 105.14 8.89
181.00 4.00 -99191.81 -108953.14 105.14 8.89
185.00 4.00 -99191.81 -114947.19 105.14 8.89
187.00 4.00 -99191.81 -125659.88 105.14 8.89
190.00 4.00 -99191.81 -110103.30 105.14 8.89
194.00 4.00 -99191.81 -110498.33 105.14 8.89
198.00 4.00 -99191.81 -111964.13 105.14 8.89
201.00 4.00 -99191.81 -114185.86 105.14 8.89
205.00 4.00 -99191.81 -107312.14 105.14 8.89
209.00 4.00 -99191.81 -104582.79 105.14 8.89
213.00 4.00 -99191.81 -127102.18 105.14 8.89
216.00 4.00 -99191.81 -105381.77 105.14 8.89
218.00 4.00 -99191.81 -117750.71 105.14 8.89
221.00 4.00 -99191.81 -117884.03 105.14 8.89
225.00 4.00 -99191.81 -111500.70 105.14 8.89
232.00 4.00 -99191.81 -114340.98 105.14 8.89
236.00 4.00 -99191.81 -105221.11 105.14 8.89
240.00 4.00 -99191.81 -117983.71 105.14 8.89
244.00 4.00 -99191.81 -122864.96 105.14 8.89
229.00 4.00 -99191.81 -110910.09 105.14 8.89
247.00 4.00 -99191.81 -110818.92 105.14 8.89
248.00 4.00 -99191.81 -101294.73 105.14 8.89
251.00 4.00 -99191.81 -109341.41 105.14 8.89
255.00 4.00 -99191.81 -112067.69 105.14 8.89
259.00 4.00 -99191.81 -113752.32 105.14 8.89
263.00 4.00 -99191.81 -108747.26 105.14 8.89
267.00 4.00 -99191.81 -115314.91 105.14 8.89
271.00 4.00 -99191.81 -118419.94 105.14 8.89
275.00 4.00 -99191.81 -111138.34 105.14 8.89
278.00 4.00 -99191.81 -111647.66 105.14 8.89
280.00 4.00 -99191.81 -107515.10 105.14 8.89
282.00 4.00 -99191.81 -107804.59 105.14 8.89
286.00 4.00 -99191.81 -112216.11 105.14 8.89
290.00 4.00 -99191.81 -111676.56 105.14 8.89
294.00 4.00 -99191.81 -109746.81 105.14 8.89
298.00 4.00 -99191.81 -109587.97 105.14 8.89
302.00 4.00 -99191.81 -100369.19 105.14 8.89
305.00 4.00 -99191.81 -103633.12 105.14 8.89
309.00 4.00 -99191.81 -102231.92 105.14 8.89
311.00 4.00 -99191.81 -108600.83 105.14 8.89
314.00 4.00 -99191.81 -99380.76 105.14 8.89
318.00 4.00 -99191.81 -103559.05 105.14 8.89
322.00 4.00 -99191.81 -101533.45 105.14 8.89
329.00 4.00 -99191.81 -106174.85 105.14 8.89
330.00 4.00 -99191.81 -106182.52 105.14 8.89
333.00 4.00 -99191.81 -104996.91 105.14 8.89
337.00 4.00 -99191.81 -104600.76 105.14 8.89
326.00 4.00 -99191.81 -102580.76 105.14 8.89
340.00 4.00 -99191.81 -105881.16 105.14 8.89
341.00 4.00 -99191.81 -109973.08 105.14 8.89
345.00 4.00 -99191.81 -108474.31 105.14 8.89
348.00 4.00 -99191.81 -104900.62 105.14 8.89
352.00 4.00 -99191.81 -110707.14 105.14 8.89
356.00 4.00 -99191.81 -107606.42 105.14 8.89
360.00 4.00 -99191.81 -110634.23 105.14 8.89
364.00 4.00 -99191.81 -109157.30 105.14 8.89
368.00 4.00 -99191.81 -133239.05 105.14 8.89
371.00 4.00 -99191.81 -112133.56 105.14 8.89
372.00 4.00 -99191.81 -108930.70 105.14 8.89
375.00 4.00 -99191.81 -109586.64 105.14 8.89
379.00 4.00 -99191.81 -106474.73 105.14 8.89
383.00 4.00 -99191.81 -109912.42 105.14 8.89
387.00 4.00 -99191.81 -106518.69 105.14 8.89
391.00 4.00 -99191.81 -108227.61 105.14 8.89
395.00 5.00 -99092.25 -116092.44 106.58 8.29
399.00 5.00 -99092.25 -106968.98 106.58 8.29
402.00 5.00 -99092.25 -108918.34 106.58 8.29
404.00 5.00 -99092.25 -119239.28 106.58 8.29
407.00 5.00 -99092.25 -112627.15 106.58 8.29
410.00 5.00 -99092.25 -136861.80 106.58 8.29
414.00 5.00 -99092.25 -118254.72 106.58 8.29
418.00 5.00 -99092.25 -118664.83 106.58 8.29
422.00 5.00 -99092.25 -101377.46 106.58 8.29
426.00 5.00 -99092.25 -109045.11 106.58 8.29
430.00 5.00 -99092.25 -107924.98 106.58 8.29
433.00 5.00 -99092.25 -109935.09 106.58 8.29
434.00 5.00 -99092.25 -111607.59 106.58 8.29
438.00 5.00 -99092.25 -104267.23 106.58 8.29
441.00 5.00 -99092.25 -119169.64 106.58 8.29
442.00 5.00 -99092.25 -103807.55 106.58 8.29
445.00 5.00 -99092.25 -109334.54 106.58 8.29
449.00 5.00 -99092.25 -103677.02 106.58 8.29
453.00 5.00 -99092.25 -110950.72 106.58 8.29
457.00 5.00 -99092.25 -112414.77 106.58 8.29
461.00 5.00 -99092.25 -106305.98 106.58 8.29
464.00 5.00 -99092.25 -104445.56 106.58 8.29
465.00 5.00 -99092.25 -103510.28 106.58 8.29
468.00 5.00 -99092.25 -110900.27 106.58 8.29
472.00 5.00 -99092.25 -113545.70 106.58 8.29
476.00 5.00 -99092.25 -100113.23 106.58 8.29
480.00 5.00 -99092.25 -106012.73 106.58 8.29
483.00 5.00 -99092.25 -108181.28 106.58 8.29
487.00 5.00 -99092.25 -121848.26 106.58 8.29
491.00 5.00 -99092.25 -112287.35 106.58 8.29
495.00 5.00 -99092.25 -113709.77 106.58 8.29
497.00 5.00 -99092.25 -108262.69 106.58 8.29
500.00 5.00 -99092.25 -105881.14 106.58 8.29
504.00 5.00 -99092.25 -107250.61 106.58 8.29
507.00 5.00 -99092.25 -126089.66 106.58 8.29
511.00 5.00 -99092.25 -106226.83 106.58 8.29
515.00 5.00 -99092.25 -124802.08 106.58 8.29
519.00 5.00 -99092.25 -114760.56 106.58 8.29
522.00 5.00 -99092.25 -100143.43 106.58 8.29
526.00 5.00 -99092.25 -106568.90 106.58 8.29
527.00 5.00 -99092.25 -106513.22 106.58 8.29
531.00 5.00 -99092.25 -106251.53 106.58 8.29
534.00 5.00 -99092.25 -107567.70 106.58 8.29
538.00 5.00 -99092.25 -104611.95 106.58 8.29
542.00 5.00 -99092.25 -105556.20 106.58 8.29
546.00 5.00 -99092.25 -120170.39 106.58 8.29
550.00 5.00 -99092.25 -105890.56 106.58 8.29
553.00 5.00 -99092.25 -107699.32 106.58 8.29
557.00 5.00 -99092.25 -104548.09 106.58 8.29
559.00 5.00 -99092.25 -118162.96 106.58 8.29
561.00 5.00 -99092.25 -108819.21 106.58 8.29
565.00 5.00 -99092.25 -105109.83 106.58 8.29
569.00 5.00 -99092.25 -106333.27 106.58 8.29
572.00 5.00 -99092.25 -114674.33 106.58 8.29
576.00 5.00 -99092.25 -102523.20 106.58 8.29
580.00 5.00 -99092.25 -107759.45 106.58 8.29
584.00 5.00 -99092.25 -106877.88 106.58 8.29
588.00 5.00 -99092.25 -116169.42 106.58 8.29
589.00 5.00 -99092.25 -110484.83 106.58 8.29
593.00 5.00 -99092.25 -105975.25 106.58 8.29
596.00 5.00 -99092.25 -110362.21 106.58 8.29
600.00 5.00 -99092.25 -109242.40 106.58 8.29
604.00 5.00 -99092.25 -104140.90 106.58 8.29
608.00 5.00 -99092.25 -102867.30 106.58 8.29
612.00 5.00 -99092.25 -105184.02 106.58 8.29
615.00 5.00 -99092.25 -104786.85 106.58 8.29
619.00 5.00 -99092.25 -103972.48 106.58 8.29
621.00 5.00 -99092.25 -99361.02 106.58 8.29
