-83128.46000 -90148.29000 -132137.10000 -136461.91000 -107078.24000 -104178.78000 -114824.57000 -76610.08000
-81693.87000 -84137.89000 -139697.14000 -149889.34000 -110214.89000 -101674.93000 -116251.75000 -76738.56000
-76293.19000 -83893.94000 -148682.45000 -136666.41000 -103932.41000 -96418.71000 -120461.07000 -77809.31000
-70903.53000 -82105.77000 -121104.36000 -155093.72000 -102770.62000 -94842.82000 -116220.84000 -84695.44000
-69230.11000 -81682.91000 -127551.53000 -138964.96000 -101082.57000 -95775.18000 -127098.18000 -73656.76000
-76641.79000 -82535.33000 -141692.30000 -139549.89000 -100286.61000 -99808.08000 -119189.51000 -78502.46000
-69653.90000 -81756.35000 -121525.73000 -137907.89000 -102532.92000 -95243.34000 -120812.14000 -83562.06000
-77343.15000 -91370.68000 -149696.47000 -145587.31000 -102420.87000 -90259.71000 -125007.50000 -81721.89000
-67560.83000 -92852.02000 -133395.06000 -141004.73000 -116315.04000 -96005.98000 -113943.04000 -76284.28000
-67960.12000 -81422.72000 -123026.57000 -138174.41000 -101098.01000 -94837.70000 -119672.55000 -83374.54000
-69457.70000 -92600.80000 -137214.57000 -138680.65000 -119177.61000 -96653.72000 -120514.55000 -75898.67000
-79696.65000 -90832.30000 -130136.64000 -142355.88000 -110649.80000 -92262.96000 -119176.13000 -80984.70000
-73636.20000 -85921.51000 -131075.22000 -138310.67000 -102226.04000 -96052.30000 -116222.76000 -79483.08000
-74357.53000 -87957.66000 -133911.19000 -149873.83000 -107305.03000 -98244.92000 -123690.27000 -75731.25000
-73429.67000 -96733.98000 -131334.12000 -171287.43000 -107465.04000 -102318.11000 -127714.40000 -78237.87000
-72676.20000 -89131.38000 -135577.28000 -148675.91000 -107827.81000 -114453.51000 -121762.73000 -75643.79000
-76978.69000 -88610.12000 -133232.03000 -139634.09000 -103311.53000 -105504.34000 -117682.26000 -77064.19000
-73409.75000 -94517.53000 -131843.98000 -140586.28000 -111692.14000 -106920.98000 -119294.23000 -83096.95000
-76593.66000 -81768.66000 -130114.67000 -166282.92000 -110281.55000 -109399.03000 -118569.89000 -74948.08000
-68964.94000 -98701.24000 -130031.94000 -150485.50000 -118861.34000 -102525.15000 -119108.33000 -79051.84000
-72614.41000 -88172.12000 -126499.30000 -151705.50000 -111426.44000 -106265.85000 -118577.09000 -92177.71000
-70850.91000 -89228.53000 -127775.69000 -142654.20000 -115005.28000 -101759.10000 -117700.69000 -86756.65000
-70908.80000 -99519.74000 -122394.70000 -145307.50000 -113867.72000 -108211.55000 -118942.17000 -74780.72000
-75881.55000 -97408.84000 -131908.47000 -136206.11000 -107732.30000 -95617.00000 -121039.89000 -78084.88000
-78980.88000 -89532.70000 -156940.25000 -138454.67000 -100832.96000 -102275.08000 -113772.50000 -73858.54000
-77613.08000 -93131.27000 -134531.12000 -142275.98000 -103198.62000 -103591.27000 -117991.34000 -80399.31000
-71784.55000 -91524.27000 -132990.81000 -134229.90000 -107352.66000 -105951.34000 -126142.42000 -88055.06000
-77575.34000 -90049.28000 -123816.86000 -145259.42000 -103222.83000 -104485.67000 -121748.91000 -80779.87000
-80846.33000 -83504.12000 -126581.19000 -150080.80000 -107685.56000 -105679.93000 -122144.45000 -83773.48000
-77525.67000 -83097.84000 -126134.91000 -147371.25000 -102228.66000 -103466.74000 -119868.86000 -79984.74000
-71750.55000 -85092.52000 -133197.63000 -145822.94000 -113272.94000 -99950.64000 -120864.16000 -82401.22000
-70566.58000 -87514.46000 -133685.36000 -159253.12000 -105379.17000 -89832.72000 -119644.37000 -75220.34000
-73788.00000 -93227.03000 -134109.98000 -143916.25000 -116182.42000 -112780.21000 -120011.48000 -83866.23000
-71156.95000 -83228.02000 -137370.41000 -149511.75000 -104306.55000 -116808.98000 -116872.36000 -85234.55000
-73464.48000 -86007.23000 -136449.52000 -155582.59000 -99344.14000 -97188.67000 -117693.19000 -84170.70000
-71346.32000 -87902.75000 -136265.55000 -164215.43000 -105454.45000 -96155.08000 -119774.55000 -75894.58000
-71977.29000 -87146.64000 -137545.45000 -148949.01000 -105219.80000 -95417.80000 -120147.36000 -79285.97000
-68763.70000 -95986.94000 -131854.78000 -148779.12000 -105444.78000 -100784.24000 -120125.66000 -86238.97000
-69353.14000 -93598.24000 -135598.19000 -148361.85000 -108290.00000 -100783.80000 -120969.23000 -82465.64000
-84220.24000 -90479.98000 -131542.78000 -145414.59000 -111047.93000 -94385.40000 -121957.62000 -84184.77000
-78860.94000 -95728.53000 -146933.29000 -151829.33000 -103024.43000 -92836.34000 -124967.35000 -85558.89000
-78079.34000 -81951.14000 -131090.72000 -147097.61000 -112160.66000 -113108.40000 -129468.05000 -91354.37000
-74358.49000 -92549.08000 -130467.03000 -148466.42000 -112077.62000 -101558.01000 -123311.10000 -84044.25000
-79376.72000 -84207.98000 -133247.44000 -154790.69000 -110292.75000 -114889.82000 -122726.23000 -85368.54000
-79268.26000 -91947.22000 -121359.21000 -160375.10000 -111760.90000 -103626.50000 -124602.72000 -84216.50000
-74563.41000 -86253.54000 -134719.03000 -150571.44000 -110058.77000 -101852.06000 -126354.74000 -81483.88000
-73381.84000 -84174.79000 -136349.69000 -153760.57000 -109728.52000 -90695.40000 -133696.23000 -85513.96000
-73202.85000 -92403.05000 -142959.85000 -133710.39000 -107049.58000 -99624.40000 -115438.43000 -86659.63000
-71209.16000 -85465.16000 -132569.81000 -139662.11000 -113242.78000 -99270.66000 -140727.51000 -81920.27000
-70051.14000 -86975.30000 -132194.23000 -144296.75000 -112020.70000 -103312.44000 -124980.05000 -84441.89000
-82616.02000 -87798.66000 -130414.59000 -144888.44000 -108928.66000 -105692.79000 -120580.60000 -80926.36000
-72938.81000 -87760.89000 -133693.14000 -142597.97000 -112446.34000 -106350.84000 -121976.45000 -94596.38000
-70503.70000 -101831.24000 -127872.37000 -159482.56000 -109952.27000 -100743.73000 -119117.70000 -84857.50000
-71481.27000 -92715.34000 -130464.90000 -181353.05000 -108953.14000 -98240.45000 -116279.81000 -83457.70000
-70703.80000 -93510.78000 -130444.07000 -146817.67000 -114947.19000 -101680.95000 -147470.71000 -81155.70000
-72627.97000 -84448.58000 -125436.58000 -164985.31000 -125659.88000 -97742.64000 -133146.98000 -81143.99000
-71005.52000 -83227.05000 -125634.50000 -173870.75000 -110103.30000 -101728.38000 -137749.70000 -79940.44000
-80944.24000 -97774.81000 -130879.20000 -162353.73000 -110498.33000 -97342.49000 -121486.45000 -80440.84000
-73099.44000 -95475.88000 -133688.06000 -152016.39000 -111964.13000 -109327.28000 -113826.93000 -80664.50000
-72953.77000 -99606.20000 -139933.71000 -151907.97000 -114185.86000 -103946.82000 -117388.88000 -81489.38000
-79376.74000 -94298.73000 -136850.06000 -150319.38000 -107312.14000 -99995.80000 -119140.89000 -80568.10000
-68094.96000 -92632.74000 -131505.48000 -149548.09000 -104582.79000 -98494.27000 -121737.72000 -84194.72000
-69830.09000 -84638.34000 -131507.39000 -150507.41000 -127102.18000 -98078.95000 -118922.21000 -81834.88000
-83477.18000 -83248.09000 -126253.20000 -152340.03000 -105381.77000 -97962.34000 -117962.86000 -84218.81000
-85602.61000 -84673.88000 -148891.63000 -169953.61000 -117750.71000 -98318.80000 -146600.00000 -85280.12000
-67800.06000 -84444.12000 -130522.93000 -141953.88000 -117884.03000 -120444.23000 -132543.84000 -82159.72000
-68826.04000 -89650.05000 -140439.53000 -146988.81000 -111500.70000 -111349.73000 -131863.91000 -92200.27000
-73444.65000 -94381.94000 -122105.46000 -161031.48000 -108929.47000 -99801.27000 -125220.89000 -85780.27000
-72633.53000 -86803.27000 -132439.88000 -146340.14000 -114340.98000 -98549.56000 -125311.05000 -84687.53000
-67039.58000 -86795.48000 -153556.79000 -146531.88000 -105221.11000 -102297.16000 -126290.82000 -83783.36000
-72603.27000 -85630.70000 -130931.24000 -144539.72000 -117983.71000 -101567.91000 -119504.53000 -81511.43000
-73154.58000 -84026.55000 -130701.48000 -144352.71000 -122864.96000 -101226.08000 -139834.43000 -81980.80000
-74720.58000 -87166.47000 -131190.77000 -137707.24000 -110818.92000 -103934.94000 -129809.98000 -83236.20000
-76428.80000 -87877.53000 -130787.75000 -141248.56000 -101294.73000 -102651.88000 -135428.18000 -85791.88000
-74587.61000 -91562.50000 -130782.97000 -158324.82000 -109341.41000 -122284.49000 -128367.11000 -91973.75000
-69797.64000 -89540.78000 -129329.68000 -164680.53000 -112067.69000 -107485.90000 -123144.20000 -87634.34000
-74892.58000 -93814.09000 -154298.14000 -149462.48000 -113752.32000 -106106.41000 -122264.19000 -83140.71000
-78154.27000 -90294.27000 -138010.11000 -149881.03000 -108747.26000 -104067.82000 -127242.22000 -84179.88000
-72521.55000 -88738.75000 -134095.22000 -138308.51000 -115314.91000 -105242.59000 -124607.70000 -84375.50000
-68364.62000 -95892.79000 -134004.00000 -160007.38000 -118419.94000 -102846.70000 -126273.54000 -95973.93000
-73606.25000 -93955.90000 -133790.52000 -184649.28000 -111138.34000 -99820.97000 -133267.33000 -84672.75000
-77215.08000 -93520.17000 -137386.45000 -152407.81000 -111647.66000 -102175.31000 -125867.89000 -84268.37000
-76950.83000 -84834.16000 -138323.45000 -169248.80000 -107515.10000 -105994.49000 -142302.66000 -84578.79000
-79667.46000 -88673.75000 -143581.18000 -167816.62000 -107804.59000 -112609.86000 -125746.97000 -75843.90000
-69211.76000 -88018.34000 -142404.05000 -150284.62000 -112216.11000 -100070.56000 -125454.31000 -73668.29000
-72046.15000 -83213.12000 -153511.08000 -143733.53000 -111676.56000 -97797.50000 -143073.67000 -76818.70000
-70760.05000 -87173.61000 -137194.56000 -145866.53000 -109746.81000 -122784.13000 -114061.74000 -81419.12000
-67216.10000 -86059.52000 -138812.03000 -147556.11000 -109587.97000 -111019.29000 -130620.22000 -97120.65000
-69893.98000 -84793.84000 -133539.30000 -146830.47000 -100369.19000 -106925.43000 -117248.36000 -92790.51000
-70551.92000 -83929.59000 -129906.20000 -150041.48000 -103633.12000 -103240.53000 -123417.78000 -82709.14000
-72506.44000 -88826.97000 -128460.73000 -146257.11000 -102231.92000 -103645.45000 -118487.23000 -80110.80000
-71075.77000 -89842.92000 -151556.64000 -150008.31000 -108600.83000 -103646.54000 -111533.02000 -76063.13000
-69644.91000 -84298.42000 -134035.48000 -137688.97000 -99380.76000 -98481.83000 -112695.05000 -78710.52000
-67594.77000 -98247.01000 -139164.38000 -151076.00000 -103559.05000 -98705.84000 -117274.75000 -89257.55000
-69195.52000 -89984.24000 -129415.44000 -141773.36000 -101533.45000 -102891.47000 -133042.36000 -82570.31000
-72667.59000 -95447.31000 -128985.72000 -141158.34000 -99302.59000 -97706.59000 -121651.72000 -78452.81000
-74353.95000 -87046.91000 -127081.10000 -142898.47000 -106174.85000 -100319.31000 -124198.75000 -80036.39000
-71006.13000 -84802.66000 -122489.61000 -151113.43000 -104996.91000 -107157.81000 -112805.97000 -77657.25000
-70737.85000 -85369.20000 -134109.31000 -147290.42000 -104600.76000 -101258.99000 -126890.53000 -77481.83000
-77201.51000 -84971.35000 -126772.62000 -142793.06000 -105881.16000 -100608.48000 -121309.27000 -88300.53000
-71721.77000 -83602.08000 -161413.95000 -144965.75000 -109973.08000 -99691.05000 -118955.60000 -81564.25000
-71848.05000 -86817.09000 -139873.28000 -172782.17000 -108474.31000 -99490.42000 -120589.75000 -83928.31000
-76488.24000 -84922.92000 -132061.74000 -149904.81000 -104900.62000 -90221.97000 -123512.83000 -82563.76000
-68060.33000 -105835.00000 -132992.67000 -146982.53000 -110707.14000 -101413.30000 -125741.59000 -85289.68000
-69567.89000 -100790.11000 -137066.69000 -140778.38000 -107606.42000 -99486.45000 -128202.51000 -86461.52000
-76072.86000 -88352.20000 -134957.00000 -148609.16000 -110634.23000 -118114.18000 -116431.68000 -80166.53000
-83668.12000 -90159.19000 -123844.70000 -149232.03000 -109157.30000 -98859.95000 -122826.00000 -84031.72000
-73284.77000 -92519.33000 -129568.04000 -151179.53000 -133239.05000 -99207.87000 -121973.30000 -81383.53000
-73646.02000 -97665.81000 -152676.02000 -165491.73000 -112133.56000 -98573.14000 -124588.87000 -81362.59000
-87397.00000 -82038.93000 -131553.33000 -150896.19000 -108930.70000 -97808.91000 -126251.20000 -80896.22000
-79904.48000 -86732.66000 -132672.55000 -142497.98000 -109586.64000 -100902.81000 -124718.55000 -91746.61000
-74590.81000 -90047.77000 -133573.98000 -144061.99000 -106474.73000 -98792.89000 -129338.89000 -83914.03000
-73235.51000 -86613.35000 -127170.14000 -146422.41000 -109912.42000 -101446.80000 -145528.52000 -80726.77000
-80623.57000 -87500.12000 -128442.08000 -154346.44000 -106518.69000 -109025.15000 -131041.34000 -88041.79000
-74819.16000 -95172.55000 -141419.25000 -147162.03000 -108227.61000 -104869.59000 -123094.11000 -89589.25000
-72211.06000 -84619.00000 -133269.08000 -152831.59000 -116092.44000 -100589.41000 -135945.50000 -90906.53000
-73836.84000 -91476.11000 -143921.45000 -152357.34000 -106968.98000 -101478.23000 -134475.65000 -80727.20000
-73832.77000 -102212.25000 -133789.20000 -148854.69000 -108918.34000 -102097.03000 -125128.08000 -81761.33000
-81217.76000 -89025.69000 -136230.16000 -170411.52000 -119239.28000 -108642.94000 -128736.66000 -86733.42000
-72316.28000 -88951.02000 -137632.45000 -150947.82000 -112627.15000 -108506.25000 -135731.22000 -76734.79000
-68171.55000 -88120.41000 -152907.61000 -148722.84000 -136861.80000 -99342.73000 -122088.30000 -82201.54000
-73587.86000 -90329.50000 -155322.66000 -166168.64000 -118254.72000 -106526.83000 -122036.05000 -82842.02000
-84846.73000 -84409.42000 -155129.85000 -150727.81000 -118664.83000 -122191.49000 -144632.70000 -82700.28000
-80917.51000 -85779.05000 -145364.66000 -147382.91000 -101377.46000 -103348.45000 -110847.05000 -80020.36000
-76175.38000 -99708.16000 -123202.89000 -141937.66000 -109045.11000 -114046.67000 -125640.82000 -79640.05000
-76444.43000 -97258.08000 -141715.28000 -143507.94000 -107924.98000 -108149.99000 -140484.21000 -77272.73000
-80355.00000 -93646.05000 -138634.59000 -142436.66000 -109935.09000 -97157.84000 -123529.69000 -84319.34000
-75612.50000 -92291.30000 -143358.03000 -160634.68000 -111607.59000 -110309.97000 -125096.22000 -92005.44000
-76728.71000 -83995.56000 -125511.34000 -149942.50000 -104267.23000 -98455.93000 -119351.81000 -85909.77000
-70415.33000 -102290.74000 -132717.30000 -144173.00000 -119169.64000 -95077.09000 -115240.36000 -80567.45000
-71657.05000 -88071.24000 -126206.41000 -142340.02000 -109334.54000 -94857.35000 -121063.55000 -82181.44000
-74010.76000 -96580.68000 -124062.68000 -136379.69000 -103677.02000 -96914.79000 -121181.27000 -93902.33000
-71675.21000 -83819.69000 -150555.80000 -139886.70000 -110950.72000 -97936.12000 -117643.42000 -81382.97000
-71536.72000 -85680.91000 -130983.08000 -140730.30000 -112414.77000 -114860.69000 -119596.07000 -89065.28000
-77514.55000 -84319.38000 -121980.54000 -136244.61000 -106305.98000 -97799.64000 -117181.46000 -78350.16000
-70607.94000 -101440.92000 -128101.78000 -162121.53000 -104445.56000 -95693.30000 -121292.17000 -82224.40000
-70572.28000 -85294.86000 -125613.44000 -145053.16000 -103510.28000 -94345.41000 -113778.61000 -80586.00000
-70180.56000 -95747.55000 -124144.59000 -178291.32000 -110900.27000 -93554.70000 -114665.59000 -77711.91000
-74656.56000 -92201.17000 -120851.40000 -158343.25000 -113545.70000 -110465.31000 -147728.83000 -78492.79000
-73614.23000 -89452.64000 -123485.93000 -164698.29000 -100113.23000 -93422.71000 -128000.34000 -84627.32000
-75104.47000 -90703.84000 -140378.34000 -147641.34000 -106012.73000 -95284.02000 -135524.08000 -88576.42000
-70507.01000 -92667.12000 -142714.84000 -157375.72000 -108181.28000 -103255.14000 -127818.33000 -84271.71000
-80263.28000 -88913.89000 -144604.72000 -138461.39000 -121848.26000 -98377.78000 -128554.72000 -84015.49000
-78063.44000 -101437.66000 -141204.50000 -140417.76000 -112287.35000 -101413.09000 -125486.05000 -86527.65000
-67443.53000 -94434.54000 -144527.81000 -148224.47000 -113709.77000 -100416.03000 -123195.55000 -86059.44000
-72687.70000 -95295.97000 -131422.82000 -154174.21000 -108262.69000 -95891.74000 -125125.41000 -84770.17000
-66884.64000 -89728.47000 -137984.53000 -150644.96000 -105881.14000 -104148.80000 -124217.33000 -87958.13000
-74096.50000 -92423.22000 -156014.93000 -146784.70000 -107250.61000 -97020.58000 -126234.04000 -79746.21000
-72152.30000 -107841.96000 -136124.75000 -148448.91000 -126089.66000 -97747.92000 -115796.17000 -78738.04000
-70390.05000 -92364.48000 -126852.83000 -147781.91000 -106226.83000 -95387.83000 -121087.65000 -77311.48000
-84028.55000 -92534.81000 -129673.77000 -148395.12000 -124802.08000 -98689.88000 -118939.73000 -82667.16000
-68524.64000 -88893.61000 -129000.09000 -153089.41000 -114760.56000 -97450.75000 -123051.56000 -83846.00000
-76533.08000 -87885.09000 -130584.23000 -156148.37000 -100143.43000 -93442.80000 -124513.83000 -79331.43000
-71797.97000 -86205.10000 -145357.40000 -148083.48000 -106568.90000 -94887.45000 -116048.25000 -80366.02000
-74021.78000 -111279.15000 -132759.00000 -155434.24000 -106513.22000 -114684.23000 -137952.06000 -82795.47000
-74428.73000 -91011.83000 -129946.41000 -160330.68000 -105975.66000 -99027.75000 -120007.91000 -82470.03000
-82187.09000 -105959.88000 -132898.32000 -150358.44000 -107567.70000 -98818.81000 -120858.95000 -81399.42000
-73493.44000 -96094.21000 -127126.80000 -171106.57000 -104611.95000 -91136.59000 -121124.69000 -84243.53000
-70779.23000 -87886.25000 -131314.56000 -137723.00000 -105556.20000 -100645.48000 -117153.50000 -81047.69000
-68111.00000 -90708.50000 -132961.83000 -145061.66000 -120170.39000 -100210.49000 -118200.24000 -79027.39000
-68768.19000 -104473.00000 -136427.34000 -142912.22000 -105890.56000 -97477.54000 -110395.52000 -80882.58000
-73601.09000 -88363.05000 -128148.48000 -183801.91000 -107699.32000 -90288.63000 -113660.35000 -81152.08000
-70468.82000 -85305.69000 -139958.48000 -143989.03000 -104548.09000 -97133.48000 -113747.33000 -76916.87000
-68539.61000 -85180.48000 -124232.50000 -155626.13000 -118162.96000 -93557.18000 -120598.67000 -87219.57000
-73945.53000 -85447.14000 -138725.47000 -173439.42000 -108819.21000 -100917.76000 -111281.73000 -89604.20000
-68640.73000 -86262.92000 -151383.74000 -167695.67000 -105109.83000 -92030.99000 -115499.88000 -80377.47000
-68624.82000 -89627.21000 -133176.94000 -149936.92000 -113517.10000 -102899.61000 -115540.36000 -82291.88000
-68724.59000 -87052.80000 -123098.29000 -134568.74000 -114674.33000 -98098.98000 -130587.60000 -81726.42000
-67003.26000 -91596.18000 -156996.23000 -135519.73000 -102523.20000 -96927.69000 -126241.89000 -91515.30000
-68619.85000 -90057.21000 -127168.03000 -149248.68000 -107759.45000 -98925.85000 -120888.28000 -80365.97000
-68920.76000 -89768.51000 -138093.47000 -152272.97000 -106877.88000 -95349.22000 -135315.71000 -79429.49000
-70981.50000 -85028.03000 -150449.03000 -164834.66000 -116169.42000 -93913.74000 -136464.70000 -75470.91000
-72234.30000 -87900.18000 -148918.51000 -146393.48000 -110484.83000 -95894.95000 -119179.99000 -85464.79000
-72316.62000 -96359.25000 -129892.09000 -173232.63000 -102486.18000 -98096.15000 -136855.56000 -86442.11000
-77968.55000 -94111.54000 -137338.36000 -148671.16000 -110362.21000 -106804.49000 -117327.11000 -83142.58000
-72246.11000 -82858.83000 -134857.47000 -142573.69000 -109242.40000 -96074.41000 -129393.82000 -77322.30000
-74628.98000 -94074.02000 -129371.95000 -156930.92000 -104140.90000 -97587.22000 -128854.79000 -85708.63000
-72381.36000 -106147.46000 -141927.14000 -146919.38000 -102867.30000 -101196.58000 -115372.51000 -85582.57000
-78834.71000 -91558.71000 -130082.22000 -147537.04000 -105184.02000 -99115.05000 -119348.34000 -82896.50000
-71371.88000 -85052.91000 -148504.59000 -140888.04000 -104786.85000 -99670.69000 -112294.28000 -76483.77000
-70324.08000 -83075.03000 -139709.78000 -137101.28000 -103972.48000 -92671.75000 -123408.48000 -76709.09000
