0.00000000 0.00000000 0.00000000 0.00000000 0.00000000 0.00000000
1.31443256 0.00000670 1.19416121 1.76766681 0.96597064 0.55908509
1.31443256 0.00000670 1.19416121 1.76766681 0.96597064 0.55908509
1.31443256 0.00000670 1.19416121 1.76766681 0.96597064 0.55908509
1.31443256 0.00000670 1.19416121 1.76766681 0.96597064 0.55908509
1.31443256 0.00000670 1.19416121 1.76766681 0.96597064 0.55908509
1.31443256 0.00000670 1.19416121 1.76766681 0.96597064 0.55908509
1.31443256 0.00000670 1.19416121 1.76766681 0.96597064 0.55908509
1.31443256 0.00000670 1.19416121 1.76766681 0.96597064 0.55908509
1.31443256 0.00000670 1.19416121 1.76766681 0.96597064 0.55908509
1.13999928 0.00000664 1.19693379 1.80247057 0.95558431 0.57062747
1.13999928 0.00000664 1.19693379 1.80247057 0.95558431 0.57062747
0.96248309 0.00000664 1.28937686 1.47873406 0.95558431 0.57062747
0.96248309 0.00000664 1.28937686 1.47873406 0.95558431 0.57062747
0.96248309 0.00000664 0.15297291 1.47873406 0.95558431 0.57062747
0.96248309 0.00000664 0.15297291 1.47873406 0.95558431 0.57062747
0.96248309 0.00000664 0.15297291 1.47873406 0.95558431 0.57062747
0.96248309 0.00000664 0.15297291 1.47873406 0.95558431 0.57062747
0.96248309 0.00000664 0.15297291 1.47873406 0.95558431 0.57062747
0.96248309 0.00000664 0.15297291 1.47873406 0.95558431 0.57062747
0.96248309 0.00000664 0.15297291 1.47873406 0.95558431 0.57062747
0.96248309 0.00000664 0.15297291 1.47873406 0.95558431 0.57062747
0.96248309 0.00000664 0.15297291 1.47873406 0.95558431 0.57062747
0.96248309 0.00000664 0.15297291 1.47873406 0.95558431 0.57062747
0.96248309 0.00000664 0.15297291 1.47873406 0.95558431 0.57062747
0.96248309 0.00000664 0.15297291 1.47873406 0.95558431 0.57062747
0.96248309 0.00000664 0.15297291 1.47873406 0.95558431 0.57062747
0.96248309 0.00000664 0.15297291 1.47873406 0.95558431 0.57062747
0.96248309 0.00000664 0.15297291 1.47873406 0.95558431 0.57062747
0.96248309 0.00000664 0.15297291 1.47873406 0.95558431 0.57062747
0.96248309 0.00000664 0.15297291 1.47873406 0.95558431 0.57062747
0.96248309 0.00000664 0.15297291 1.47873406 0.95558431 0.57062747
0.96248309 0.00000664 0.15297291 1.47873406 0.95558431 0.57062747
0.96248309 0.00000664 0.15297291 1.47873406 0.95558431 0.57062747
0.96248309 0.00000664 0.15297291 1.47873406 0.95558431 0.57062747
0.58158490 0.00000664 0.15297291 1.29649179 0.82603929 0.57062747
0.58158490 0.00000664 0.15297291 1.29649179 0.82603929 0.57062747
0.58158490 0.00000664 0.15297291 1.29649179 0.82603929 0.57062747
0.58158490 0.00000664 0.15297291 1.29649179 0.82603929 0.57062747
0.58158490 0.00000664 0.15297291 1.29649179 0.82603929 0.57062747
0.58158490 0.00000664 0.15297291 1.29649179 0.82603929 0.57062747
0.58158490 0.00000664 0.15297291 1.29649179 0.82603929 0.57062747
0.58158490 0.00000664 0.15297291 0.36028043 0.75430706 0.30926828
0.58158490 0.00000664 0.15297291 0.36028043 0.75430706 0.30926828
0.58158490 0.00000664 0.15297291 0.36028043 0.75430706 0.30926828
0.58158490 0.00000664 0.15297291 0.36028043 0.75430706 0.30926828
0.58158490 0.00000664 0.15297291 0.36028043 0.75430706 0.30926828
0.58158490 0.00000664 0.15297291 0.36028043 0.75430706 0.30926828
0.58158490 0.00000664 0.15297291 0.36028043 0.75430706 0.30926828
0.58158490 0.00000664 0.15297291 0.38777092 0.78804941 0.50528460
0.58158490 0.00000664 1.51539552 0.13503316 0.78804941 0.47640331
0.58158490 0.00000664 1.51539552 0.13503316 0.78804941 0.47640331
0.58158490 0.00000664 1.51539552 0.13503316 0.78804941 0.47640331
0.58158490 0.00000664 1.51539552 0.13503316 0.78804941 0.47640331
0.58158490 0.00000664 0.62900084 0.13503316 0.67694745 0.38364280
0.58158490 0.00000664 0.62900084 0.13503316 0.67694745 0.38364280
0.58158490 0.00000664 0.99641378 0.51585604 0.85910762 0.38805934
0.58158490 0.00000664 0.99641378 0.51585604 0.85910762 0.38805934
0.58158490 0.00000664 1.34242192 0.68493839 0.85910762 0.34454858
0.58158490 0.00000664 0.94753114 0.22357643 0.94532694 0.30295418
0.58158490 0.00000664 1.22799478 0.76325099 0.95986460 0.37172575
0.58158490 0.00000664 1.51479842 1.11271335 0.63285953 0.68626009
0.58158490 0.00000664 1.51479842 1.11271335 0.63285953 0.68626009
0.58158490 0.00000664 0.76444891 0.40356269 0.63285953 0.55934329
0.58158490 0.00000664 0.76444891 0.40356269 0.63285953 0.55934329
0.58158490 0.00000664 0.76444891 0.40356269 0.63285953 0.55934329
0.58158490 0.00000664 0.25825677 0.40356269 0.63285953 0.62766910
0.58158490 0.00000664 0.25825677 0.10537059 0.63285953 0.41251852
0.58158490 0.00000664 0.25825677 0.10537059 0.63285953 0.41251852
0.58158490 0.00000664 0.63588744 0.10537059 0.67848785 0.35975926
0.58158490 0.00000664 0.63588744 0.10537059 0.67848785 0.35975926
0.58158490 0.00000664 0.63588744 0.10537059 0.67848785 0.35975926
0.58158490 0.00000664 0.63588744 0.10537059 0.67848785 0.35975926
0.58158490 0.00000664 0.18693716 0.10537059 0.67848785 0.35975926
0.58158490 0.00000664 0.46900931 0.10537059 0.67848785 0.34821804
0.58158490 0.00000664 0.46900931 0.10537059 0.67848785 0.34821804
0.58158490 0.00000664 1.44464467 0.10537059 0.67848785 0.34821804
0.58158490 0.00000664 1.54826284 0.70455064 0.67848785 0.56110730
0.58158490 0.00000664 1.54826284 0.70455064 0.67848785 0.56110730
0.58158490 0.00000664 0.69459693 0.57763757 0.67848785 0.37674988
0.58158490 0.00000664 0.69459693 0.57763757 0.67848785 0.37674988
0.58158490 0.00000664 0.69459693 0.57763757 0.67848785 0.37674988
0.58158490 0.00000664 0.69459693 0.57763757 0.67848785 0.37674988
0.58158490 0.00000664 0.69459693 0.57763757 0.67848785 0.37674988
0.58158490 0.00000664 0.69459693 0.57763757 0.67848785 0.37674988
0.58158490 0.00000664 0.50038254 0.66913495 0.67848785 0.50139635
0.58158490 0.00000664 0.50038254 0.66913495 0.67848785 0.50139635
0.58158490 0.00000664 0.80875744 0.43067997 0.73765891 0.42773794
0.58158490 0.00000664 0.80875744 0.43067997 0.73765891 0.42773794
0.58158490 0.00000664 0.80875744 0.43067997 0.73765891 0.42773794
0.58158490 0.00000664 0.80875744 0.43067997 0.73765891 0.42773794
0.58158490 0.00000664 0.80875744 0.43067997 0.73765891 0.42773794
0.58158490 0.00000664 0.80875744 0.43067997 0.73765891 0.42773794
0.58158490 0.00000664 0.80875744 0.43067997 0.73765891 0.42773794
0.58158490 0.00000664 0.80875744 0.43067997 0.73765891 0.42773794
0.58158490 0.00000664 0.80875744 0.43067997 0.73765891 0.42773794
0.58158490 0.00000664 0.85937881 0.43067997 0.68720773 0.42773794
0.58158490 0.00000664 0.59429534 0.43067997 0.65640069 0.41474123
0.58158490 0.00000664 0.59429534 0.43067997 0.65640069 0.41474123
0.58158490 0.00000664 0.59429534 0.43067997 0.65640069 0.41474123
0.58158490 0.00000664 0.59429534 0.43067997 0.65640069 0.41474123
0.58158490 0.00000664 0.63581375 0.67674556 0.65640069 0.34394894
0.58158490 0.00000664 0.77774185 0.11567570 0.65640069 0.34394894
0.58158490 0.00000664 0.77774185 0.11567570 0.65640069 0.34394894
0.58158490 0.00000664 0.77774185 0.11567570 0.65640069 0.34394894
0.58158490 0.00000664 0.77774185 0.09129091 0.64739734 0.44435474
0.58158490 0.00000664 0.77774185 0.09129091 0.64739734 0.44435474
0.58158490 0.00000664 0.77774185 0.09129091 0.64739734 0.44435474
0.58158490 0.00000664 0.87558334 0.09129091 0.64739734 0.34524473
0.58158490 0.00000664 0.87558334 0.09129091 0.64739734 0.34524473
0.58158490 0.00000664 0.87558334 0.09129091 0.64739734 0.34524473
0.58158490 0.00000664 0.63385672 0.49307767 0.74246670 0.39455682
0.58158490 0.00000664 1.60705953 0.49307767 0.74246670 0.39455682
0.58158490 0.00000664 1.92204767 0.18078515 0.65224497 0.44960792
0.58158490 0.00000664 1.92204767 0.59690345 0.82861963 0.59129440
0.58158490 0.00000664 1.92204767 0.59690345 0.82861963 0.59129440
0.58158490 0.00000664 1.92204767 0.59690345 0.82861963 0.59129440
0.58158490 0.00000664 1.92204767 0.59690345 0.82861963 0.59129440
0.58158490 0.00000664 1.92204767 0.59690345 0.82861963 0.59129440
0.58158490 0.00000664 1.92204767 0.59690345 0.82861963 0.59129440
0.58158490 0.00000664 1.92204767 0.35540825 0.90323095 0.46410095
1.04259901 0.00000664 1.61727442 0.24732895 0.90323095 0.68542149
1.04259901 0.00000664 1.61727442 0.24732895 0.90323095 0.68542149
1.04259901 0.00000664 1.61727442 0.24732895 0.90323095 0.68542149
1.04259901 0.00000664 1.61727442 0.24732895 0.90323095 0.68542149
1.04259901 0.00000664 1.61727442 0.24732895 0.90323095 0.68542149
1.04259901 0.00000664 1.61727442 0.24732895 0.90323095 0.68542149
1.04259901 0.00000664 1.61727442 0.24732895 0.90323095 0.68542149
1.04259901 0.00000664 1.86739069 0.24732895 0.90323095 0.48620084
1.04259901 0.00000664 1.86739069 0.24732895 0.90323095 0.48620084
1.04259901 0.00000664 1.86739069 0.24732895 0.90323095 0.48620084
1.04259901 0.00000664 1.86739069 0.24732895 0.90323095 0.48620084
1.04259901 0.00000664 1.86739069 0.24732895 0.90323095 0.48620084
1.04259901 0.00000664 1.86739069 0.24732895 0.90323095 0.48620084
1.04259901 0.00000664 1.86739069 0.24732895 0.90323095 0.48620084
1.04259901 0.00000664 1.86739069 0.24732895 0.90323095 0.48620084
1.04259901 0.00000664 1.86739069 0.24732895 0.90323095 0.48620084
1.04259901 0.00000664 1.86739069 0.24732895 0.90323095 0.48620084
1.04259901 0.00000664 1.86739069 0.24732895 0.90323095 0.48620084
1.04259901 0.00000664 1.86739069 0.24732895 0.90323095 0.48620084
1.04259901 0.00000664 1.86739069 0.24732895 0.90323095 0.48620084
1.04259901 0.00000664 1.86739069 0.24732895 0.90323095 0.48620084
1.04259901 0.00000664 1.86739069 0.24732895 0.90323095 0.48620084
1.04259901 0.00000664 1.86739069 0.24732895 0.90323095 0.48620084
1.04259901 0.00000664 1.86739069 0.24732895 0.90323095 0.48620084
1.04259901 0.00000664 1.86739069 0.24732895 0.90323095 0.48620084
1.04259901 0.00000664 1.86739069 0.24732895 0.90323095 0.48620084
1.04259901 0.00000664 1.86739069 0.24732895 0.90323095 0.48620084
1.04259901 0.00000664 1.86739069 0.24732895 0.90323095 0.48620084
1.04259901 0.00000664 1.86739069 0.24732895 0.90323095 0.48620084
1.04259901 0.00000664 1.86739069 0.24732895 0.90323095 0.48620084
1.04259901 0.00000664 1.86739069 0.24732895 0.90323095 0.48620084
1.04259901 0.00000664 1.86739069 0.24732895 0.90323095 0.48620084
1.04259901 0.00000664 1.86739069 0.24732895 0.90323095 0.48620084
1.04259901 0.00000664 1.86739069 0.24732895 0.90323095 0.48620084
1.04259901 0.00000664 1.86739069 0.24732895 0.90323095 0.48620084
1.04259901 0.00000664 1.86739069 0.24732895 0.90323095 0.48620084
1.04259901 0.00000664 1.86739069 0.24732895 0.90323095 0.48620084
1.04259901 0.00000664 1.86739069 0.24732895 0.90323095 0.48620084
1.04259901 0.00000664 1.86739069 0.24732895 0.90323095 0.48620084
1.04259901 0.00000664 1.86739069 0.24732895 0.90323095 0.48620084
1.04259901 0.00000664 1.86739069 0.24732895 0.90323095 0.48620084
1.04259901 0.00000664 1.86739069 0.24732895 0.90323095 0.48620084
1.04259901 0.00000664 1.86739069 0.24732895 0.90323095 0.48620084
1.04259901 0.00000664 1.86739069 0.24732895 0.90323095 0.48620084
1.04259901 0.00000664 1.86739069 0.24732895 0.90323095 0.48620084
1.04259901 0.00000664 1.86739069 0.24732895 0.90323095 0.48620084
1.04259901 0.00000664 1.86739069 0.24732895 0.90323095 0.48620084
1.04259901 0.00000664 1.86739069 0.24732895 0.90323095 0.48620084
1.04259901 0.00000664 1.86739069 0.24732895 0.90323095 0.48620084
1.04259901 0.00000664 1.86739069 0.24732895 0.90323095 0.48620084
1.04259901 0.00000664 1.86739069 0.24732895 0.90323095 0.48620084
1.04259901 0.00000664 1.86739069 0.24732895 0.90323095 0.48620084
1.04259901 0.00000664 1.86739069 0.24732895 0.90323095 0.48620084
1.04259901 0.00000664 1.86739069 0.24732895 0.90323095 0.48620084
1.04259901 0.00000664 1.86739069 0.24732895 0.90323095 0.48620084
1.04259901 0.00000664 1.86739069 0.24732895 0.90323095 0.48620084
1.04259901 0.00000664 1.86739069 0.24732895 0.90323095 0.48620084
1.04259901 0.00000664 1.86739069 0.24732895 0.90323095 0.48620084
1.04259901 0.00000664 1.86739069 0.24732895 0.90323095 0.48620084
1.04259901 0.00000664 1.86739069 0.24732895 0.90323095 0.48620084
