1.25112040 0.00000654 0.93898125 1.89624915 0.96104122 0.56619742
1.25112040 0.00000654 0.93898125 1.89624915 0.96104122 0.56619742
1.20896314 0.00000671 0.98525114 1.73210647 0.95496043 0.57161508
1.20896314 0.00000671 0.98525114 1.73210647 0.95496043 0.57161508
1.08956900 0.00000605 1.09825810 1.69592863 0.93180480 0.60285356
1.08956900 0.00000605 1.09825810 1.69592863 0.93180480 0.60285356
1.08956900 0.00000605 1.09825810 1.69592863 0.93180480 0.60285356
1.08956900 0.00000605 1.09825810 1.69592863 0.93180480 0.60285356
1.08956900 0.00000605 1.09825810 1.69592863 0.93180480 0.60285356
1.08956900 0.00000605 1.09825810 1.69592863 0.93180480 0.60285356
1.08956900 0.00000605 1.09825810 1.69592863 0.93180480 0.60285356
1.08956900 0.00000605 1.09825810 1.69592863 0.93180480 0.60285356
1.08956900 0.00000605 1.09825810 1.69592863 0.93180480 0.60285356
1.08956900 0.00000605 1.09825810 1.69592863 0.93180480 0.60285356
1.08956900 0.00000605 1.09825810 1.69592863 0.93180480 0.60285356
1.08956900 0.00000605 1.09825810 1.69592863 0.93180480 0.60285356
1.08956900 0.00000605 1.09825810 1.69592863 0.93180480 0.60285356
1.08956900 0.00000605 1.09825810 1.69592863 0.93180480 0.60285356
1.08956900 0.00000605 1.09825810 1.69592863 0.93180480 0.60285356
1.08956900 0.00000605 1.09825810 1.69592863 0.93180480 0.60285356
1.08956900 0.00000605 1.09825810 1.69592863 0.93180480 0.60285356
1.08956900 0.00000605 1.09825810 1.69592863 0.93180480 0.60285356
1.08956900 0.00000605 1.09825810 1.69592863 0.93180480 0.60285356
1.08956900 0.00000605 1.09825810 1.69592863 0.93180480 0.60285356
1.08956900 0.00000605 1.09825810 1.69592863 0.93180480 0.60285356
1.08956900 0.00000605 1.08331389 1.06584790 0.78126771 0.37065353
1.08956900 0.00000605 1.08331389 1.06584790 0.78126771 0.37065353
1.08956900 0.00000605 1.08331389 1.06584790 0.78126771 0.37065353
1.08956900 0.00000605 1.08331389 1.06584790 0.78126771 0.37065353
1.08956900 0.00000605 1.08331389 1.06584790 0.78126771 0.37065353
1.08956900 0.00000605 1.08331389 1.06584790 0.78126771 0.37065353
1.08956900 0.00000605 1.08331389 1.06584790 0.78126771 0.37065353
1.08956900 0.00000605 1.08331389 1.06584790 0.78126771 0.37065353
1.02580519 0.00000605 0.86990101 0.91425164 0.64221126 0.33546000
1.02580519 0.00000605 0.86990101 0.91425164 0.64221126 0.33546000
1.02580519 0.00000605 0.86990101 0.91425164 0.64221126 0.33546000
1.02580519 0.00000605 0.86990101 0.91425164 0.64221126 0.33546000
1.02580519 0.00000605 0.86990101 0.91425164 0.64221126 0.33546000
1.02580519 0.00000605 0.86990101 0.91425164 0.64221126 0.33546000
1.02580519 0.00000605 0.86990101 0.91425164 0.64221126 0.33546000
1.02580519 0.00000605 0.86990101 0.91425164 0.64221126 0.33546000
1.02580519 0.00000605 0.86990101 0.91425164 0.64221126 0.33546000
1.02580519 0.00000605 0.86990101 0.91425164 0.64221126 0.33546000
1.02580519 0.00000605 0.86990101 0.91425164 0.64221126 0.33546000
1.02580519 0.00000605 0.86990101 0.91425164 0.64221126 0.33546000
1.02580519 0.00000605 0.86990101 0.91425164 0.64221126 0.33546000
1.02580519 0.00000605 0.86990101 0.91425164 0.64221126 0.33546000
1.02580519 0.00000605 0.86990101 0.91425164 0.64221126 0.33546000
1.02580519 0.00000605 0.86990101 0.91425164 0.64221126 0.33546000
0.68005841 0.00000605 1.11237211 0.91425164 0.64221126 0.33546000
0.68005841 0.00000605 1.11237211 0.91425164 0.64221126 0.33546000
0.68005841 0.00000605 1.30836129 1.41934453 0.60663841 0.33546000
0.68005841 0.00000605 1.30836129 1.41934453 0.60663841 0.33546000
0.68005841 0.00000605 1.30836129 1.41934453 0.60663841 0.33546000
0.68005841 0.00000605 1.30836129 1.41934453 0.60663841 0.33546000
0.68005841 0.00000605 1.30836129 1.41934453 0.60663841 0.33546000
0.68005841 0.00000605 0.43447415 0.42707754 0.60663841 0.33546000
0.68005841 0.00000605 0.43447415 0.42707754 0.60663841 0.33546000
0.68005841 0.00000605 0.43447415 0.42707754 0.60663841 0.33546000
0.68005841 0.00000605 0.38301643 0.89278774 0.60663841 0.37629424
0.68005841 0.00000605 0.38301643 0.89278774 0.60663841 0.37629424
0.68005841 0.00000605 0.38301643 0.89278774 0.60663841 0.37629424
0.68005841 0.00000605 0.38301643 0.89278774 0.60663841 0.37629424
0.68005841 0.00000605 0.38301643 0.62174283 0.60663841 0.37629424
0.68005841 0.00000605 0.38301643 0.34328998 0.60663841 0.37629424
0.68005841 0.00000605 0.38301643 0.34328998 0.60663841 0.37629424
0.68005841 0.00000605 0.38301643 0.34328998 0.60663841 0.37629424
0.68005841 0.00000605 0.38301643 0.34328998 0.60663841 0.37629424
0.68005841 0.00000605 0.38301643 0.34328998 0.60663841 0.37629424
0.68005841 0.00000605 0.13912935 0.34328998 0.60663841 0.37629424
0.68005841 0.00000605 0.13912935 0.53098971 0.60663841 0.44670389
0.68005841 0.00000605 0.13912935 0.53098971 0.60663841 0.44670389
0.68005841 0.00000605 0.13912935 0.53098971 0.60663841 0.44670389
0.68005841 0.00000605 0.13912935 0.53098971 0.60663841 0.44670389
0.68005841 0.00000605 0.13912935 0.53098971 0.60663841 0.44670389
0.68005841 0.00000605 0.15581636 0.53098971 0.60663841 0.44670389
0.68005841 0.00000605 0.15581636 0.53098971 0.60663841 0.44670389
0.68005841 0.00000605 0.15581636 0.53098971 0.60663841 0.44670389
0.68005841 0.00000605 0.15581636 0.53098971 0.60663841 0.44670389
0.68005841 0.00000605 0.15581636 0.53098971 0.60663841 0.44670389
0.68005841 0.00000605 0.15581636 0.53098971 0.60663841 0.44670389
0.68005841 0.00000605 0.15581636 0.53098971 0.60663841 0.44670389
0.68005841 0.00000605 0.15581636 0.53098971 0.60663841 0.44670389
0.68005841 0.00000605 0.15581636 0.53098971 0.60663841 0.44670389
0.68005841 0.00000605 0.15581636 0.53098971 0.60663841 0.44581588
0.68005841 0.00000605 0.51160409 0.59290213 0.60663841 0.44581588
0.68005841 0.00000605 0.51160409 0.59290213 0.60663841 0.44581588
0.68005841 0.00000605 0.42638881 0.42426809 0.65485934 0.32927942
0.68005841 0.00000605 0.42638881 0.42426809 0.65485934 0.32927942
0.68005841 0.00000605 0.42638881 0.42426809 0.65485934 0.32927942
0.68005841 0.00000605 0.42638881 0.42426809 0.65485934 0.32927942
0.68005841 0.00000605 0.42638881 0.42426809 0.65485934 0.32927942
0.68005841 0.00000605 0.42638881 0.42426809 0.65485934 0.32927942
0.68005841 0.00000605 0.42638881 0.42426809 0.65485934 0.32927942
0.68005841 0.00000605 0.42638881 0.42426809 0.65485934 0.32927942
0.68005841 0.00000605 0.16353809 0.49191601 0.88299879 0.56136821
0.68005841 0.00000605 0.16353809 0.49191601 0.88299879 0.56136821
0.68005841 0.00000605 0.16353809 0.49191601 0.88299879 0.56136821
0.68005841 0.00000605 0.16353809 0.49191601 0.88299879 0.56136821
0.68005841 0.00000605 0.16353809 0.49191601 0.88299879 0.56136821
0.68005841 0.00000605 0.16353809 0.49191601 0.88299879 0.56136821
0.68005841 0.00000605 0.16353809 0.49191601 0.88299879 0.56136821
0.68005841 0.00000605 0.16353809 0.49191601 0.88299879 0.56136821
0.68005841 0.00000605 0.16353809 0.49191601 0.88299879 0.56136821
0.68005841 0.00000605 0.16353809 0.49191601 0.88299879 0.56136821
0.89428847 0.00000605 0.17296531 1.02360091 0.88299879 0.56136821
0.89428847 0.00000605 0.17296531 1.02360091 0.88299879 0.56136821
0.89428847 0.00000605 0.17296531 1.02360091 0.88299879 0.56136821
0.89428847 0.00000605 0.17296531 1.02360091 0.88299879 0.56136821
0.89428847 0.00000605 0.17296531 1.48863931 0.88299879 0.56136821
0.89428847 0.00000605 0.56082256 1.57627812 0.81108493 0.59899744
0.89428847 0.00000605 0.56082256 1.57627812 0.81108493 0.59899744
0.89428847 0.00000605 0.56082256 1.57627812 0.81108493 0.59899744
0.89428847 0.00000605 0.16372180 1.89410147 0.80005601 0.59899744
0.89428847 0.00000605 0.16372180 1.89410147 0.80005601 0.59899744
0.89428847 0.00000605 0.16372180 1.89410147 0.80005601 0.59899744
0.89428847 0.00000605 0.16372180 1.89410147 0.80005601 0.59899744
0.89428847 0.00000605 0.16372180 1.08711032 0.89707745 0.59899744
0.89428847 0.00000605 0.16372180 1.08711032 0.89707745 0.59899744
0.89428847 0.00000605 0.16372180 1.08711032 0.89707745 0.59899744
0.89428847 0.00000605 0.16372180 1.08711032 0.89707745 0.59899744
0.89428847 0.00000605 0.16372180 1.08711032 0.89707745 0.59899744
0.89428847 0.00000605 0.16372180 1.08711032 0.89707745 0.59899744
0.89428847 0.00000605 0.16372180 1.08711032 0.89707745 0.59899744
0.89428847 0.00000605 0.16372180 1.08711032 0.89707745 0.59899744
0.89428847 0.00000605 0.16372180 1.08711032 0.89707745 0.59899744
0.89428847 0.00000605 0.16372180 0.76580868 0.80422263 0.42292425
0.89428847 0.00000605 0.16372180 0.76580868 0.80422263 0.42292425
0.89428847 0.00000605 0.16372180 0.31533560 0.80422263 0.51921956
0.89428847 0.00000605 0.09468616 0.03192845 0.85026781 0.65703753
0.89428847 0.00000605 0.09468616 0.03192845 0.85026781 0.65703753
0.89428847 0.00000605 0.09468616 0.03192845 0.85026781 0.65703753
0.89428847 0.00000605 0.09468616 0.03192845 0.70493158 0.44553026
0.89428847 0.00000605 0.09468616 0.03192845 0.70493158 0.44553026
0.89428847 0.00000605 0.09468616 0.03192845 0.70493158 0.44553026
0.89428847 0.00000605 0.09468616 0.03192845 0.70493158 0.44553026
0.89428847 0.00000605 0.09468616 0.03192845 0.70493158 0.44553026
0.89428847 0.00000605 0.09468616 0.03192845 0.70493158 0.44553026
0.89428847 0.00000605 0.09468616 0.03192845 0.70493158 0.44553026
0.89428847 0.00000605 0.09468616 0.03192845 0.70493158 0.44553026
0.89428847 0.00000605 0.09468616 0.03192845 0.70493158 0.44553026
0.89428847 0.00000605 0.37011500 0.03192845 0.69703174 0.51245596
0.89428847 0.00000605 0.37011500 0.03192845 0.69703174 0.51245596
0.89428847 0.00000605 0.37011500 0.03192845 0.69703174 0.51245596
0.89428847 0.00000605 0.37011500 0.03192845 0.69703174 0.51245596
0.89428847 0.00000605 0.37011500 0.03192845 0.69703174 0.51245596
0.89428847 0.00000605 0.37011500 0.03192845 0.69703174 0.51245596
0.89428847 0.00000605 0.37011500 0.03192845 0.69703174 0.51245596
0.89428847 0.00000605 0.37011500 0.03192845 0.69703174 0.51245596
0.89428847 0.00000605 0.37011500 0.03192845 0.69703174 0.51245596
0.89428847 0.00000605 0.37011500 0.03192845 0.69703174 0.51245596
0.89428847 0.00000605 0.37011500 0.03192845 0.69703174 0.51245596
0.89428847 0.00000605 0.37011500 0.03192845 0.69703174 0.51245596
0.89428847 0.00000605 0.37011500 0.03192845 0.69703174 0.51245596
0.89428847 0.00000605 0.37011500 0.03192845 0.69703174 0.51245596
0.89428847 0.00000605 0.37011500 0.03192845 0.69703174 0.51245596
0.89428847 0.00000605 0.37011500 0.03192845 0.69703174 0.51245596
0.89428847 0.00000605 0.37011500 0.03192845 0.69703174 0.51245596
0.89428847 0.00000605 0.37011500 0.03192845 0.69703174 0.51245596
0.89428847 0.00000605 0.37011500 0.03192845 0.69703174 0.51245596
0.89428847 0.00000605 0.37011500 0.03192845 0.69703174 0.51245596
0.89428847 0.00000605 0.37011500 0.03192845 0.69703174 0.51245596
0.89428847 0.00000605 0.37011500 0.03192845 0.69703174 0.51245596
0.89428847 0.00000605 0.37011500 0.03192845 0.69703174 0.51245596
0.89428847 0.00000605 0.37011500 0.03192845 0.69703174 0.51245596
0.89428847 0.00000605 0.37011500 0.03192845 0.69703174 0.51245596
0.89428847 0.00000605 0.37011500 0.03192845 0.69703174 0.51245596
0.89428847 0.00000605 0.37011500 0.03192845 0.69703174 0.51245596
0.89428847 0.00000605 0.08992034 0.25680130 0.69703174 0.53635522
0.89428847 0.00000605 0.08992034 0.25680130 0.69703174 0.53635522
0.89428847 0.00000605 0.08992034 0.25680130 0.69703174 0.53635522
0.89428847 0.00000605 0.08992034 0.25680130 0.69703174 0.53635522
0.89428847 0.00000605 0.08992034 0.25680130 0.69703174 0.53635522
0.89428847 0.00000605 0.08992034 0.25680130 0.69703174 0.53635522
0.89428847 0.00000605 0.08992034 0.25680130 0.69703174 0.53635522
0.89428847 0.00000605 0.08992034 0.25680130 0.69703174 0.53635522
0.89428847 0.00000605 0.08992034 0.25680130 0.69703174 0.53635522
0.89428847 0.00000605 0.08992034 0.25680130 0.69703174 0.53635522
0.89428847 0.00000605 0.08992034 0.25680130 0.69703174 0.53635522
0.89428847 0.00000605 0.08992034 0.25680130 0.69703174 0.53635522
0.89428847 0.00000605 0.08992034 0.25680130 0.69703174 0.53635522
