0.00000000 0.00000000 0.00000000 0.00000000 0.00000000 0.00000000
1.30513930 0.00000665 1.39682840 1.89284978 0.91491366 0.56671880
1.13903342 0.00000665 1.42501365 1.96587482 0.92209998 0.55534279
1.13903342 0.00000665 1.42501365 1.96587482 0.92209998 0.55534279
1.13903342 0.00000665 1.42501365 1.96587482 0.92209998 0.55534279
1.13903342 0.00000665 1.42501365 1.96587482 0.92209998 0.55534279
1.13903342 0.00000665 1.42501365 1.96587482 0.92209998 0.55534279
1.13903342 0.00000665 1.42501365 1.96587482 0.92209998 0.55534279
1.13903342 0.00000665 1.42501365 1.96587482 0.92209998 0.55534279
1.13903342 0.00000665 1.42501365 1.96587482 0.92209998 0.55534279
1.13903342 0.00000665 1.42501365 1.96587482 0.92209998 0.55534279
1.13903342 0.00000665 1.42501365 1.96587482 0.92209998 0.55534279
1.13903342 0.00000665 1.42501365 1.96587482 0.92209998 0.55534279
1.13903342 0.00000665 1.42501365 1.96587482 0.92209998 0.55534279
1.13903342 0.00000665 1.42501365 1.96587482 0.92209998 0.55534279
1.13903342 0.00000665 1.42501365 1.96587482 0.92209998 0.55534279
1.13903342 0.00000665 1.42501365 1.96587482 0.92209998 0.55534279
1.13903342 0.00000665 1.42501365 1.96587482 0.92209998 0.55534279
1.13903342 0.00000665 1.42501365 1.96587482 0.92209998 0.55534279
1.13903342 0.00000665 1.42501365 1.96587482 0.92209998 0.55534279
1.13903342 0.00000665 1.42501365 1.96587482 0.92209998 0.55534279
1.13903342 0.00000665 1.42501365 1.96587482 0.92209998 0.55534279
1.13903342 0.00000665 1.42501365 1.96587482 0.92209998 0.55534279
1.13903342 0.00000665 1.42501365 1.96587482 0.92209998 0.55534279
1.13903342 0.00000665 1.42501365 1.96587482 0.92209998 0.55534279
1.13903342 0.00000665 1.42501365 1.96587482 0.92209998 0.55534279
1.13903342 0.00000665 1.42501365 1.96587482 0.92209998 0.55534279
1.13903342 0.00000665 1.42501365 1.96587482 0.92209998 0.55534279
1.13903342 0.00000665 1.42501365 1.96587482 0.92209998 0.55534279
1.13903342 0.00000665 1.42501365 1.96587482 0.92209998 0.55534279
1.13903342 0.00000665 1.42501365 1.96587482 0.92209998 0.55534279
1.13903342 0.00000665 1.42501365 1.96587482 0.92209998 0.55534279
1.13903342 0.00000665 1.42501365 1.96587482 0.92209998 0.55534279
1.13903342 0.00000665 1.42501365 1.96587482 0.92209998 0.55534279
1.13903342 0.00000665 1.42501365 1.96587482 0.92209998 0.55534279
1.13903342 0.00000665 1.42501365 1.96587482 0.92209998 0.55534279
1.13903342 0.00000665 1.42501365 1.96587482 0.92209998 0.55534279
1.13903342 0.00000665 1.42501365 1.96587482 0.92209998 0.55534279
1.13903342 0.00000665 1.42501365 1.96587482 0.92209998 0.55534279
1.13903342 0.00000665 1.42501365 1.96587482 0.92209998 0.55534279
1.13903342 0.00000665 1.42501365 1.96587482 0.92209998 0.55534279
1.13903342 0.00000665 1.42501365 1.96587482 0.92209998 0.55534279
1.13903342 0.00000665 1.42501365 1.96587482 0.92209998 0.55534279
1.13903342 0.00000665 1.42501365 1.96587482 0.92209998 0.55534279
1.13903342 0.00000665 1.42501365 1.96587482 0.92209998 0.55534279
1.13903342 0.00000665 1.42501365 1.96587482 0.92209998 0.55534279
1.13903342 0.00000665 1.42501365 1.96587482 0.92209998 0.55534279
1.13903342 0.00000665 1.42501365 1.96587482 0.92209998 0.55534279
1.13903342 0.00000665 1.42501365 1.96587482 0.92209998 0.55534279
1.13903342 0.00000665 1.42501365 1.96587482 0.92209998 0.55534279
1.13903342 0.00000665 1.42501365 1.96587482 0.92209998 0.55534279
1.13903342 0.00000665 1.42501365 1.96587482 0.92209998 0.55534279
1.13903342 0.00000665 1.42501365 1.96587482 0.92209998 0.55534279
1.13903342 0.00000665 1.42501365 1.96587482 0.92209998 0.55534279
1.13903342 0.00000665 1.42501365 1.96587482 0.92209998 0.55534279
1.13903342 0.00000665 1.42501365 1.96587482 0.92209998 0.55534279
1.13903342 0.00000665 1.42501365 1.96587482 0.92209998 0.55534279
1.13903342 0.00000665 1.42501365 1.96587482 0.92209998 0.55534279
1.13903342 0.00000665 1.42501365 1.96587482 0.92209998 0.55534279
1.13903342 0.00000665 1.42501365 1.96587482 0.92209998 0.55534279
1.13903342 0.00000665 1.42501365 1.96587482 0.92209998 0.55534279
1.13903342 0.00000665 1.42501365 1.96587482 0.92209998 0.55534279
1.13903342 0.00000665 1.42501365 1.96587482 0.92209998 0.55534279
1.13903342 0.00000665 1.42501365 1.96587482 0.92209998 0.55534279
1.13903342 0.00000665 1.42501365 1.96587482 0.92209998 0.55534279
1.13903342 0.00000665 1.42501365 1.96587482 0.92209998 0.55534279
1.13903342 0.00000665 1.42501365 1.96587482 0.92209998 0.55534279
1.13903342 0.00000665 1.42501365 1.96587482 0.92209998 0.55534279
1.13903342 0.00000665 1.42501365 1.96587482 0.92209998 0.55534279
1.13903342 0.00000665 1.42501365 1.96587482 0.92209998 0.55534279
1.13903342 0.00000665 1.42501365 1.96587482 0.92209998 0.55534279
1.13903342 0.00000665 1.42501365 1.96587482 0.92209998 0.55534279
1.13903342 0.00000665 1.42501365 1.96587482 0.92209998 0.55534279
1.13903342 0.00000665 1.42501365 1.96587482 0.92209998 0.55534279
1.13903342 0.00000665 1.42501365 1.96587482 0.92209998 0.55534279
1.13903342 0.00000665 1.42501365 1.96587482 0.92209998 0.55534279
1.13903342 0.00000665 1.42501365 1.96587482 0.92209998 0.55534279
1.13903342 0.00000665 1.42501365 1.96587482 0.92209998 0.55534279
1.13903342 0.00000665 1.42501365 1.96587482 0.92209998 0.55534279
1.13903342 0.00000665 1.42501365 1.96587482 0.92209998 0.55534279
1.13903342 0.00000665 1.42501365 1.96587482 0.92209998 0.55534279
1.13903342 0.00000665 1.42501365 1.96587482 0.92209998 0.55534279
1.13903342 0.00000665 1.42501365 1.96587482 0.92209998 0.55534279
1.13903342 0.00000665 1.42501365 1.96587482 0.92209998 0.55534279
1.13903342 0.00000665 1.42501365 1.96587482 0.92209998 0.55534279
1.13903342 0.00000665 1.42501365 1.96587482 0.92209998 0.55534279
1.13903342 0.00000665 1.42501365 1.96587482 0.92209998 0.55534279
1.13903342 0.00000665 1.42501365 1.96587482 0.92209998 0.55534279
1.13903342 0.00000665 1.42501365 1.96587482 0.92209998 0.55534279
1.13903342 0.00000665 1.42501365 1.96587482 0.92209998 0.55534279
1.13903342 0.00000665 1.42501365 1.96587482 0.92209998 0.55534279
1.13903342 0.00000665 1.42501365 1.96587482 0.92209998 0.55534279
1.13903342 0.00000665 1.42501365 1.96587482 0.92209998 0.55534279
1.13903342 0.00000665 1.42501365 1.96587482 0.92209998 0.55534279
1.13903342 0.00000665 1.42501365 1.96587482 0.92209998 0.55534279
1.13903342 0.00000665 1.42501365 1.96587482 0.92209998 0.55534279
1.13903342 0.00000665 1.42501365 1.96587482 0.92209998 0.55534279
1.13903342 0.00000665 1.42501365 1.96587482 0.92209998 0.55534279
1.13903342 0.00000665 1.42501365 1.96587482 0.92209998 0.55534279
1.13903342 0.00000665 1.42501365 1.96587482 0.92209998 0.55534279
1.13903342 0.00000665 1.42501365 1.96587482 0.92209998 0.55534279
1.13903342 0.00000665 1.42501365 1.96587482 0.92209998 0.55534279
1.13903342 0.00000665 1.42501365 1.96587482 0.92209998 0.55534279
1.13903342 0.00000665 1.42501365 1.96587482 0.92209998 0.55534279
1.13903342 0.00000665 1.42501365 1.96587482 0.92209998 0.55534279
1.13903342 0.00000665 1.42501365 1.96587482 0.92209998 0.55534279
1.13903342 0.00000665 1.42501365 1.96587482 0.92209998 0.55534279
1.13903342 0.00000665 1.42501365 1.96587482 0.92209998 0.55534279
1.13903342 0.00000665 1.42501365 1.96587482 0.92209998 0.55534279
1.13903342 0.00000665 0.84189143 0.88472303 0.90237079 0.31124181
1.13903342 0.00000665 0.84189143 0.88472303 0.90237079 0.31124181
1.13903342 0.00000665 0.84189143 0.88472303 0.90237079 0.31124181
1.13903342 0.00000665 0.84189143 0.88472303 0.90237079 0.31124181
1.13903342 0.00000665 0.84189143 0.88472303 0.90237079 0.31124181
1.13903342 0.00000665 0.84189143 0.88472303 0.90237079 0.31124181
1.13903342 0.00000665 0.84189143 0.88472303 0.90237079 0.31124181
1.13903342 0.00000665 0.84189143 0.88472303 0.90237079 0.31124181
1.13903342 0.00000665 0.84189143 0.88472303 0.90237079 0.31124181
1.13903342 0.00000665 0.84189143 0.88472303 0.90237079 0.31124181
1.13903342 0.00000665 0.84189143 0.88472303 0.90237079 0.31124181
1.13903342 0.00000665 0.84189143 0.88472303 0.90237079 0.31124181
1.13903342 0.00000665 0.84189143 0.88472303 0.90237079 0.31124181
1.13903342 0.00000665 0.84189143 0.88472303 0.90237079 0.31124181
1.13903342 0.00000665 0.84189143 0.88472303 0.90237079 0.31124181
1.13903342 0.00000665 0.84189143 0.88472303 0.90237079 0.31124181
1.13903342 0.00000665 0.84189143 0.88472303 0.90237079 0.31124181
1.13903342 0.00000665 0.84189143 0.88472303 0.90237079 0.31124181
1.13903342 0.00000665 0.84189143 0.88472303 0.90237079 0.31124181
1.13903342 0.00000665 0.84189143 0.88472303 0.90237079 0.31124181
1.13903342 0.00000665 0.84189143 0.88472303 0.90237079 0.31124181
1.13903342 0.00000665 0.84189143 0.88472303 0.90237079 0.31124181
1.13903342 0.00000665 0.84189143 0.88472303 0.90237079 0.31124181
1.13903342 0.00000665 0.84189143 0.88472303 0.90237079 0.31124181
0.93409210 0.00000665 0.62090392 0.47400388 0.71010835 0.31124181
0.93409210 0.00000665 0.62090392 0.47400388 0.71010835 0.31124181
0.93409210 0.00000665 0.62090392 0.47400388 0.71010835 0.31124181
0.93409210 0.00000665 0.44936704 0.91843824 0.60651483 0.37565324
0.93409210 0.00000665 0.44936704 0.91843824 0.60651483 0.37565324
0.93409210 0.00000665 0.44936704 0.91843824 0.60651483 0.37565324
0.93409210 0.00000665 0.44936704 0.91843824 0.60651483 0.37565324
0.93409210 0.00000665 0.44936704 0.91843824 0.60651483 0.37565324
0.93409210 0.00000665 0.44936704 0.91843824 0.60651483 0.37565324
0.93409210 0.00000665 0.44936704 0.91843824 0.60651483 0.37565324
0.93409210 0.00000665 0.44936704 0.91843824 0.60651483 0.37565324
0.93409210 0.00000665 0.44936704 0.91843824 0.60651483 0.37565324
0.93409210 0.00000665 0.44936704 0.91843824 0.60651483 0.37565324
0.93409210 0.00000665 0.44936704 0.91843824 0.60651483 0.37565324
0.93409210 0.00000665 0.44936704 0.91843824 0.60651483 0.37565324
0.93409210 0.00000665 0.44936704 0.91843824 0.60651483 0.37565324
0.93409210 0.00000665 0.44936704 0.91843824 0.60651483 0.37565324
0.93409210 0.00000665 0.44936704 0.91843824 0.60651483 0.37565324
0.93409210 0.00000665 0.44936704 0.91843824 0.60651483 0.37565324
0.93409210 0.00000665 0.44936704 0.91843824 0.60651483 0.37565324
0.93409210 0.00000665 0.44936704 0.91843824 0.60651483 0.37565324
0.93409210 0.00000665 0.44936704 0.91843824 0.60651483 0.37565324
0.93409210 0.00000665 0.44936704 0.91843824 0.60651483 0.37565324
0.93409210 0.00000665 0.44936704 0.91843824 0.60651483 0.37565324
0.93409210 0.00000665 0.44936704 0.91843824 0.60651483 0.37565324
0.93409210 0.00000665 0.44936704 0.60639321 0.61546448 0.37565324
0.93409210 0.00000665 0.44936704 0.60639321 0.61546448 0.37565324
0.93409210 0.00000665 0.44936704 0.60639321 0.61546448 0.37565324
0.93409210 0.00000665 0.44936704 0.60639321 0.61546448 0.37565324
0.93409210 0.00000665 0.44936704 0.60639321 0.61546448 0.37565324
0.93409210 0.00000665 0.44936704 0.60639321 0.61546448 0.37565324
0.93409210 0.00000665 0.44936704 0.60639321 0.61546448 0.37565324
0.93409210 0.00000665 0.44936704 0.60639321 0.61546448 0.37565324
0.93409210 0.00000665 0.44936704 0.60639321 0.61546448 0.37565324
0.93409210 0.00000665 0.44936704 0.60639321 0.61546448 0.37565324
0.93409210 0.00000665 0.44936704 0.60639321 0.61546448 0.37565324
0.93409210 0.00000665 0.44936704 0.60639321 0.61546448 0.37565324
0.93409210 0.00000665 0.44936704 0.60639321 0.61546448 0.37565324
0.93409210 0.00000665 0.44936704 0.60639321 0.61546448 0.37565324
0.93409210 0.00000665 0.44936704 0.60639321 0.61546448 0.37565324
0.93409210 0.00000665 0.44936704 0.60639321 0.61546448 0.37565324
0.93409210 0.00000665 0.44936704 0.60639321 0.61546448 0.37565324
0.93409210 0.00000665 0.44936704 0.60639321 0.61546448 0.37565324
0.93409210 0.00000665 0.44936704 0.60639321 0.61546448 0.37565324
0.93409210 0.00000665 0.44936704 0.60639321 0.61546448 0.37565324
0.93409210 0.00000665 0.44936704 0.60639321 0.61546448 0.37565324
0.93409210 0.00000665 0.44936704 0.60639321 0.61546448 0.37565324
0.93409210 0.00000665 0.44936704 0.60639321 0.61546448 0.37565324
