1.26562063 0.00000669 1.20651010 1.85556150 0.96068623 0.54823659
1.26562063 0.00000669 1.20651010 1.85556150 0.96068623 0.54823659
1.26562063 0.00000669 1.20651010 1.85556150 0.96068623 0.54823659
1.26562063 0.00000669 1.20651010 1.85556150 0.96068623 0.54823659
1.26562063 0.00000669 1.20651010 1.85556150 0.96068623 0.54823659
1.26562063 0.00000669 1.20651010 1.85556150 0.96068623 0.54823659
1.26562063 0.00000669 1.20651010 1.85556150 0.96068623 0.54823659
1.26562063 0.00000669 1.20651010 1.85556150 0.96068623 0.54823659
1.26562063 0.00000669 1.20651010 1.85556150 0.96068623 0.54823659
1.26562063 0.00000669 1.20651010 1.85556150 0.96068623 0.54823659
1.26562063 0.00000669 1.20651010 1.85556150 0.96068623 0.54823659
1.26562063 0.00000669 1.20651010 1.85556150 0.96068623 0.54823659
1.26562063 0.00000669 1.20651010 1.85556150 0.96068623 0.54823659
1.26562063 0.00000669 1.20651010 1.85556150 0.96068623 0.54823659
1.26562063 0.00000669 1.20651010 1.85556150 0.96068623 0.54823659
1.26562063 0.00000669 1.20651010 1.85556150 0.96068623 0.54823659
1.26562063 0.00000669 1.20651010 1.85556150 0.96068623 0.54823659
1.26562063 0.00000669 1.20651010 1.85556150 0.96068623 0.54823659
1.26562063 0.00000669 1.20651010 1.85556150 0.96068623 0.54823659
1.26562063 0.00000669 1.20651010 1.85556150 0.96068623 0.54823659
1.26562063 0.00000669 1.20651010 1.85556150 0.96068623 0.54823659
1.26562063 0.00000669 1.20651010 1.85556150 0.96068623 0.54823659
1.26562063 0.00000669 1.20651010 1.85556150 0.96068623 0.54823659
1.26562063 0.00000669 1.20651010 1.85556150 0.96068623 0.54823659
1.26562063 0.00000669 1.20651010 1.85556150 0.96068623 0.54823659
1.26562063 0.00000669 1.20651010 1.85556150 0.96068623 0.54823659
1.26562063 0.00000669 1.20651010 1.85556150 0.96068623 0.54823659
1.61613847 0.00000669 0.72771060 1.85556150 0.98176961 0.54823659
1.61613847 0.00000669 0.72771060 1.85556150 0.98176961 0.54823659
1.61613847 0.00000669 0.72771060 1.85556150 0.98176961 0.54823659
1.61613847 0.00000669 0.72771060 1.85556150 0.98176961 0.54823659
1.61613847 0.00000669 0.72771060 1.85556150 0.98176961 0.54823659
1.61613847 0.00000669 0.72771060 1.85556150 0.98176961 0.54823659
1.61613847 0.00000669 0.72771060 1.85556150 0.98176961 0.54823659
1.61613847 0.00000669 0.72771060 1.85556150 0.98176961 0.54823659
1.61613847 0.00000669 0.72771060 1.85556150 0.98176961 0.54823659
1.61613847 0.00000669 0.72771060 1.85556150 0.98176961 0.54823659
1.61613847 0.00000669 0.72771060 1.85556150 0.98176961 0.54823659
1.61613847 0.00000669 0.72771060 1.85556150 0.98176961 0.54823659
1.61613847 0.00000669 0.72771060 1.85556150 0.98176961 0.54823659
1.61613847 0.00000669 0.72771060 1.85556150 0.98176961 0.54823659
1.61613847 0.00000669 0.72771060 1.85556150 0.98176961 0.54823659
1.61613847 0.00000669 0.72771060 1.85556150 0.98176961 0.54823659
1.61613847 0.00000669 0.72771060 1.85556150 0.98176961 0.54823659
1.61613847 0.00000669 0.72771060 1.85556150 0.98176961 0.54823659
1.61613847 0.00000669 0.72771060 1.85556150 0.98176961 0.54823659
1.61613847 0.00000669 0.72771060 1.85556150 0.98176961 0.54823659
1.61613847 0.00000669 0.72771060 1.85556150 0.98176961 0.54823659
1.61613847 0.00000669 0.72771060 1.85556150 0.98176961 0.54823659
1.61613847 0.00000669 0.72771060 1.85556150 0.98176961 0.54823659
1.61613847 0.00000669 0.72771060 1.85556150 0.98176961 0.54823659
1.61613847 0.00000669 0.72771060 1.85556150 0.98176961 0.54823659
1.61613847 0.00000669 0.72771060 1.85556150 0.98176961 0.54823659
1.61613847 0.00000669 0.72771060 1.85556150 0.98176961 0.54823659
1.61613847 0.00000669 0.72771060 1.85556150 0.98176961 0.54823659
1.20548530 0.00000669 0.83718852 1.19728800 0.85214600 0.36284345
1.20548530 0.00000669 0.83718852 1.19728800 0.85214600 0.36284345
1.20548530 0.00000669 0.83718852 1.19728800 0.85214600 0.36284345
1.20548530 0.00000669 0.83718852 1.19728800 0.85214600 0.36284345
1.20548530 0.00000669 0.83718852 1.19728800 0.85214600 0.36284345
1.20548530 0.00000669 0.83718852 1.19728800 0.85214600 0.36284345
1.20548530 0.00000669 0.83718852 1.19728800 0.85214600 0.36284345
1.20548530 0.00000669 0.83718852 1.19728800 0.85214600 0.36284345
1.20548530 0.00000669 0.83718852 1.19728800 0.85214600 0.36284345
1.20548530 0.00000669 0.83718852 1.19728800 0.85214600 0.36284345
1.20548530 0.00000669 0.83718852 1.19728800 0.85214600 0.36284345
1.20548530 0.00000669 0.83718852 1.19728800 0.85214600 0.36284345
1.20548530 0.00000669 0.83718852 1.19728800 0.85214600 0.36284345
1.20548530 0.00000669 0.83718852 1.19728800 0.85214600 0.36284345
1.20548530 0.00000669 0.83718852 1.19728800 0.85214600 0.36284345
1.20548530 0.00000669 0.83718852 1.19728800 0.85214600 0.36284345
1.20548530 0.00000669 0.83718852 1.19728800 0.85214600 0.36284345
1.20548530 0.00000669 0.83718852 1.19728800 0.85214600 0.36284345
1.20548530 0.00000669 0.83718852 1.19728800 0.85214600 0.36284345
1.20548530 0.00000669 0.83718852 1.19728800 0.85214600 0.36284345
1.20548530 0.00000669 0.92304232 0.51922005 0.74053247 0.36284345
1.20548530 0.00000669 0.92304232 0.51922005 0.74053247 0.36284345
1.20548530 0.00000669 0.92304232 0.51922005 0.74053247 0.36284345
1.20548530 0.00000669 0.92304232 0.51922005 0.74053247 0.36284345
1.20548530 0.00000669 0.92304232 0.51922005 0.74053247 0.36284345
1.20548530 0.00000669 0.92304232 0.51922005 0.74053247 0.36284345
1.20548530 0.00000669 0.92304232 0.51922005 0.74053247 0.36284345
1.20548530 0.00000669 0.92304232 0.51922005 0.74053247 0.36284345
1.20548530 0.00000669 0.92304232 0.51922005 0.74053247 0.36284345
1.20548530 0.00000669 0.92304232 0.51922005 0.74053247 0.36284345
1.20548530 0.00000669 0.92304232 0.51922005 0.74053247 0.36284345
1.20548530 0.00000669 0.92304232 0.51922005 0.74053247 0.36284345
1.20548530 0.00000669 0.92304232 0.51922005 0.74053247 0.36284345
1.20548530 0.00000669 0.92304232 0.51922005 0.74053247 0.36284345
1.20548530 0.00000669 0.92304232 0.51922005 0.74053247 0.36284345
1.20548530 0.00000669 0.92304232 0.51922005 0.74053247 0.36284345
1.20548530 0.00000669 0.92304232 0.51922005 0.74053247 0.36284345
1.20548530 0.00000669 0.92304232 0.51922005 0.74053247 0.36284345
1.20548530 0.00000669 0.92304232 0.51922005 0.74053247 0.36284345
1.20548530 0.00000669 0.92304232 0.51922005 0.74053247 0.36284345
1.20548530 0.00000669 0.92304232 0.51922005 0.74053247 0.36284345
1.20548530 0.00000669 0.92304232 0.51922005 0.74053247 0.36284345
1.20548530 0.00000669 0.92304232 0.51922005 0.74053247 0.36284345
1.20548530 0.00000669 0.92304232 0.51922005 0.74053247 0.36284345
1.20548530 0.00000669 0.92304232 0.51922005 0.74053247 0.36284345
1.20548530 0.00000669 0.92304232 0.51922005 0.74053247 0.36284345
1.20548530 0.00000669 0.92304232 0.51922005 0.74053247 0.36284345
1.20548530 0.00000669 0.92304232 0.51922005 0.74053247 0.36284345
1.20548530 0.00000669 0.92304232 0.51922005 0.74053247 0.36284345
1.20548530 0.00000669 0.92304232 0.51922005 0.74053247 0.36284345
1.20548530 0.00000669 0.92304232 0.51922005 0.74053247 0.36284345
1.20548530 0.00000669 0.92304232 0.51922005 0.74053247 0.36284345
1.20548530 0.00000669 0.92304232 0.51922005 0.74053247 0.36284345
1.20548530 0.00000669 0.92304232 0.51922005 0.74053247 0.36284345
1.20548530 0.00000669 0.92304232 0.51922005 0.74053247 0.36284345
1.20548530 0.00000669 0.92304232 0.51922005 0.74053247 0.36284345
1.20548530 0.00000669 0.92304232 0.51922005 0.74053247 0.36284345
1.20548530 0.00000669 0.92304232 0.51922005 0.74053247 0.36284345
1.20548530 0.00000669 0.92304232 0.51922005 0.74053247 0.36284345
1.20548530 0.00000669 0.92304232 0.51922005 0.74053247 0.36284345
1.20548530 0.00000669 0.92304232 0.51922005 0.74053247 0.36284345
1.20548530 0.00000669 0.92304232 0.51922005 0.74053247 0.36284345
1.20548530 0.00000669 0.92304232 0.51922005 0.74053247 0.36284345
1.20548530 0.00000669 0.92304232 0.51922005 0.74053247 0.36284345
1.20548530 0.00000669 0.92304232 0.51922005 0.74053247 0.36284345
1.20548530 0.00000669 0.92304232 0.51922005 0.74053247 0.36284345
1.20548530 0.00000669 0.92304232 0.51922005 0.74053247 0.36284345
1.20548530 0.00000669 0.33675249 0.65458978 0.77140697 0.42257812
1.20548530 0.00000669 0.33675249 0.65458978 0.77140697 0.42257812
1.20548530 0.00000669 0.33675249 0.65458978 0.77140697 0.42257812
1.20548530 0.00000669 0.33675249 0.65458978 0.77140697 0.42257812
1.20548530 0.00000669 0.33675249 0.65458978 0.77140697 0.42257812
1.20548530 0.00000669 0.33675249 0.65458978 0.77140697 0.42257812
1.03586375 0.00000669 0.37893304 0.51552955 0.78415112 0.42592481
1.03586375 0.00000669 0.37893304 0.51552955 0.78415112 0.42592481
1.03586375 0.00000669 0.37893304 0.51552955 0.78415112 0.42592481
1.03586375 0.00000669 0.37893304 0.51552955 0.78415112 0.42592481
1.03586375 0.00000669 0.37893304 0.51552955 0.78415112 0.42592481
1.03586375 0.00000669 0.37893304 0.51552955 0.78415112 0.42592481
1.03586375 0.00000669 0.37893304 0.51552955 0.78415112 0.42592481
1.03586375 0.00000669 0.37893304 0.51552955 0.78415112 0.42592481
1.03586375 0.00000669 0.37893304 0.51552955 0.78415112 0.42592481
1.03586375 0.00000669 0.37893304 0.51552955 0.78415112 0.42592481
1.03586375 0.00000669 0.37893304 0.51552955 0.78415112 0.42592481
1.03586375 0.00000669 0.37893304 0.51552955 0.78415112 0.42592481
1.03586375 0.00000669 0.37893304 0.51552955 0.78415112 0.42592481
1.03586375 0.00000669 0.37893304 0.51552955 0.78415112 0.42592481
0.74494036 0.00000669 0.47544860 0.40481816 0.81862008 0.42592481
0.74494036 0.00000669 0.47544860 0.40481816 0.81862008 0.42592481
0.74494036 0.00000669 0.47544860 0.40481816 0.81862008 0.42592481
0.74494036 0.00000669 0.47544860 0.40481816 0.81862008 0.42592481
0.74494036 0.00000669 0.47544860 0.40481816 0.81862008 0.42592481
0.74494036 0.00000669 0.47544860 0.40481816 0.81862008 0.42592481
0.74494036 0.00000669 0.47544860 0.40481816 0.81862008 0.42592481
0.74494036 0.00000669 0.47544860 0.40481816 0.81862008 0.42592481
0.74494036 0.00000669 0.47544860 0.40481816 0.81862008 0.42592481
0.74494036 0.00000669 0.40106521 0.62973524 0.80787282 0.44264191
0.74494036 0.00000669 0.40106521 0.62973524 0.80787282 0.44264191
0.74494036 0.00000669 0.40106521 0.62973524 0.80787282 0.44264191
0.74494036 0.00000669 0.40106521 0.62973524 0.80787282 0.44264191
0.74494036 0.00000669 0.40106521 0.62973524 0.80787282 0.44264191
0.74494036 0.00000669 0.40106521 0.62973524 0.80787282 0.44264191
0.74494036 0.00000669 0.40106521 0.62973524 0.80787282 0.44264191
0.74494036 0.00000669 0.40106521 0.62973524 0.80787282 0.44264191
0.74494036 0.00000669 0.40106521 0.62973524 0.80787282 0.44264191
0.74494036 0.00000669 0.64341210 0.07997156 0.74743703 0.44470324
0.74494036 0.00000669 0.64341210 0.07997156 0.74743703 0.44470324
0.74494036 0.00000669 0.64341210 0.07997156 0.74743703 0.44470324
0.74494036 0.00000669 0.64341210 0.07997156 0.74743703 0.44470324
0.74494036 0.00000669 0.64341210 0.07997156 0.74743703 0.44470324
0.74494036 0.00000669 0.64341210 0.07997156 0.74743703 0.44470324
0.74494036 0.00000669 0.64341210 0.07997156 0.74743703 0.44470324
0.74494036 0.00000669 0.64341210 0.07997156 0.74743703 0.44470324
0.74494036 0.00000669 0.86222670 0.07997156 0.92686954 0.51813008
0.74494036 0.00000669 0.85308414 0.37493723 0.82919859 0.57687964
0.74494036 0.00000669 0.85308414 0.37493723 0.82919859 0.57687964
0.74494036 0.00000669 0.85308414 0.37493723 0.82919859 0.57687964
0.74494036 0.00000669 0.85308414 0.37493723 0.82919859 0.57687964
0.74494036 0.00000669 0.85308414 0.37493723 0.82919859 0.57687964
0.74494036 0.00000669 0.85308414 0.37493723 0.82919859 0.57687964
0.74494036 0.00000669 0.85308414 0.37493723 0.82919859 0.57687964
0.74494036 0.00000669 1.04653029 0.04660361 0.80030013 0.51850153
0.74494036 0.00000669 1.04653029 0.04660361 0.80030013 0.51850153
0.74494036 0.00000669 1.04653029 0.04660361 0.80030013 0.51850153
0.74494036 0.00000669 1.04653029 0.04660361 0.80030013 0.51850153
0.74494036 0.00000669 1.04653029 0.04660361 0.80030013 0.51850153
