1.23706785 0.00000640 1.25192227 1.90831353 0.96615569 0.53239080
1.13695518 0.00000606 1.39896967 1.91790122 0.97105489 0.51589081
1.13695518 0.00000606 1.39896967 1.91790122 0.97105489 0.51589081
1.13695518 0.00000606 1.39896967 1.91790122 0.97105489 0.51589081
0.93425013 0.00000598 1.34538612 1.99079871 0.98152712 0.47689546
0.93425013 0.00000598 1.34538612 1.99079871 0.98152712 0.47689546
0.93425013 0.00000598 1.34538612 1.99079871 0.98152712 0.47689546
0.93425013 0.00000598 1.34538612 1.99079871 0.98152712 0.47689546
0.93425013 0.00000598 1.34538612 1.99079871 0.98152712 0.47689546
0.93425013 0.00000598 1.34538612 1.99079871 0.98152712 0.47689546
0.93425013 0.00000598 1.34538612 1.99079871 0.98152712 0.47689546
0.93425013 0.00000598 1.34538612 1.99079871 0.98152712 0.47689546
0.93425013 0.00000598 1.34538612 1.99079871 0.98152712 0.47689546
0.93425013 0.00000598 1.34538612 1.99079871 0.98152712 0.47689546
0.93425013 0.00000598 1.34538612 1.99079871 0.98152712 0.47689546
1.28569515 0.00000598 1.38564416 1.78572310 0.98152712 0.45471572
1.28569515 0.00000598 1.38564416 1.78572310 0.98152712 0.45471572
1.28569515 0.00000598 1.38564416 1.78572310 0.98152712 0.45471572
1.28569515 0.00000598 1.38564416 1.78572310 0.98152712 0.45471572
1.28569515 0.00000598 1.38564416 1.78572310 0.98152712 0.45471572
1.28569515 0.00000598 1.38564416 1.78572310 0.98152712 0.45471572
1.28569515 0.00000598 1.38564416 1.78572310 0.98152712 0.45471572
1.28569515 0.00000598 1.38564416 1.78572310 0.98152712 0.45471572
1.28569515 0.00000598 1.38564416 1.78572310 0.98152712 0.45471572
1.28569515 0.00000598 1.38564416 1.78572310 0.98152712 0.45471572
1.28569515 0.00000598 1.61049935 1.78656023 0.98152712 0.45471572
1.28569515 0.00000598 1.61049935 1.78656023 0.98152712 0.45471572
1.28569515 0.00000598 1.61049935 1.78656023 0.98152712 0.45471572
1.28569515 0.00000598 1.61049935 1.78656023 0.98152712 0.45471572
1.28569515 0.00000598 1.61049935 1.78656023 0.98152712 0.45471572
1.28569515 0.00000598 1.61049935 1.78656023 0.98152712 0.45471572
1.28569515 0.00000598 1.61049935 1.78656023 0.98152712 0.45471572
1.28569515 0.00000598 1.61049935 1.78656023 0.98152712 0.45471572
1.28569515 0.00000598 1.61049935 1.78656023 0.98152712 0.45471572
1.28569515 0.00000598 1.61049935 1.78656023 0.98152712 0.45471572
1.28569515 0.00000598 1.61049935 1.78656023 0.98152712 0.45471572
1.28569515 0.00000598 1.61049935 1.78656023 0.98152712 0.45471572
1.28569515 0.00000598 1.61049935 1.78656023 0.98152712 0.45471572
1.28569515 0.00000598 1.61049935 1.78656023 0.98152712 0.45471572
1.28569515 0.00000598 1.61049935 1.78656023 0.98152712 0.45471572
1.28569515 0.00000598 1.61049935 1.78656023 0.98152712 0.45471572
1.28569515 0.00000598 1.61049935 1.78656023 0.98152712 0.45471572
1.28569515 0.00000598 1.61049935 1.78656023 0.98152712 0.45471572
1.28569515 0.00000598 1.61049935 1.78656023 0.98152712 0.45471572
1.28569515 0.00000598 1.61049935 1.78656023 0.98152712 0.45471572
1.28569515 0.00000598 1.61049935 1.78656023 0.98152712 0.45471572
1.28569515 0.00000598 1.61049935 1.78656023 0.98152712 0.45471572
1.28569515 0.00000598 1.61049935 1.78656023 0.98152712 0.45471572
1.28569515 0.00000598 1.61049935 1.78656023 0.98152712 0.45471572
1.28569515 0.00000598 1.61049935 1.78656023 0.98152712 0.45471572
1.28569515 0.00000598 1.61049935 1.78656023 0.98152712 0.45471572
1.28569515 0.00000598 1.61049935 1.78656023 0.98152712 0.45471572
1.28569515 0.00000598 1.61049935 1.78656023 0.98152712 0.45471572
1.28569515 0.00000598 1.61049935 1.78656023 0.98152712 0.45471572
1.28569515 0.00000598 1.61049935 1.78656023 0.98152712 0.45471572
1.28569515 0.00000598 1.61049935 1.78656023 0.98152712 0.45471572
1.28569515 0.00000598 1.61049935 1.78656023 0.98152712 0.45471572
1.28569515 0.00000598 1.61049935 1.78656023 0.98152712 0.45471572
1.28569515 0.00000598 1.61049935 1.78656023 0.98152712 0.45471572
1.28569515 0.00000598 1.61049935 1.78656023 0.98152712 0.45471572
1.28569515 0.00000598 1.61049935 1.78656023 0.98152712 0.45471572
1.28569515 0.00000598 1.61049935 1.78656023 0.98152712 0.45471572
1.28569515 0.00000598 1.61049935 1.78656023 0.98152712 0.45471572
1.28569515 0.00000598 1.61049935 1.78656023 0.98152712 0.45471572
1.28569515 0.00000598 1.61049935 1.78656023 0.98152712 0.45471572
1.28569515 0.00000598 1.61049935 1.78656023 0.98152712 0.45471572
1.28569515 0.00000598 1.61049935 1.78656023 0.98152712 0.45471572
1.28569515 0.00000598 1.61049935 1.78656023 0.98152712 0.45471572
1.28569515 0.00000598 1.61049935 1.78656023 0.98152712 0.45471572
1.28569515 0.00000598 1.61049935 1.78656023 0.98152712 0.45471572
1.28569515 0.00000598 1.61049935 1.78656023 0.98152712 0.45471572
1.28569515 0.00000598 1.61049935 1.78656023 0.98152712 0.45471572
1.28569515 0.00000598 1.61049935 1.78656023 0.98152712 0.45471572
1.28569515 0.00000598 1.61049935 1.78656023 0.98152712 0.45471572
1.28569515 0.00000598 1.61049935 1.78656023 0.98152712 0.45471572
1.28569515 0.00000598 1.61049935 1.78656023 0.98152712 0.45471572
1.28569515 0.00000598 1.61049935 1.78656023 0.98152712 0.45471572
1.28569515 0.00000598 1.61049935 1.78656023 0.98152712 0.45471572
1.28569515 0.00000598 1.61049935 1.78656023 0.98152712 0.45471572
1.28569515 0.00000598 1.61049935 1.78656023 0.98152712 0.45471572
1.28569515 0.00000598 1.61049935 1.78656023 0.98152712 0.45471572
1.28569515 0.00000598 1.61049935 1.78656023 0.98152712 0.45471572
1.28569515 0.00000598 1.61049935 1.78656023 0.98152712 0.45471572
1.28569515 0.00000598 1.61049935 1.78656023 0.98152712 0.45471572
1.28569515 0.00000598 1.61049935 1.78656023 0.98152712 0.45471572
1.28569515 0.00000598 1.61049935 1.78656023 0.98152712 0.45471572
1.28569515 0.00000598 1.61049935 1.78656023 0.98152712 0.45471572
1.28569515 0.00000598 1.61049935 1.78656023 0.98152712 0.45471572
1.28569515 0.00000598 1.61049935 1.78656023 0.98152712 0.45471572
1.28569515 0.00000598 1.61049935 1.78656023 0.98152712 0.45471572
1.28569515 0.00000598 1.61049935 1.78656023 0.98152712 0.45471572
1.28569515 0.00000598 1.61049935 1.78656023 0.98152712 0.45471572
1.28569515 0.00000598 1.61049935 1.78656023 0.98152712 0.45471572
1.28569515 0.00000598 1.61049935 1.78656023 0.98152712 0.45471572
1.28569515 0.00000598 1.61049935 1.78656023 0.98152712 0.45471572
1.28569515 0.00000598 1.61049935 1.78656023 0.98152712 0.45471572
1.28569515 0.00000598 1.61049935 1.78656023 0.98152712 0.45471572
1.28569515 0.00000598 1.61049935 1.78656023 0.98152712 0.45471572
1.28569515 0.00000598 1.61049935 1.78656023 0.98152712 0.45471572
1.28569515 0.00000598 1.61049935 1.78656023 0.98152712 0.45471572
1.28569515 0.00000598 1.61049935 1.78656023 0.98152712 0.45471572
1.28569515 0.00000598 1.61049935 1.78656023 0.98152712 0.45471572
1.28569515 0.00000598 1.61049935 1.78656023 0.98152712 0.45471572
1.28569515 0.00000598 1.61049935 1.78656023 0.98152712 0.45471572
1.28569515 0.00000598 1.61049935 1.78656023 0.98152712 0.45471572
1.28569515 0.00000598 1.61049935 1.78656023 0.98152712 0.45471572
1.28569515 0.00000598 1.61049935 1.78656023 0.98152712 0.45471572
1.08026422 0.00000598 1.47789597 1.78656023 0.98152712 0.53432802
1.08026422 0.00000598 1.47789597 1.78656023 0.98152712 0.53432802
1.08026422 0.00000598 1.47789597 1.78656023 0.98152712 0.53432802
1.08026422 0.00000598 1.47789597 1.78656023 0.98152712 0.53432802
1.08026422 0.00000598 1.47789597 1.78656023 0.98152712 0.53432802
1.08026422 0.00000598 1.47789597 1.78656023 0.98152712 0.53432802
1.08026422 0.00000598 1.47789597 1.78656023 0.98152712 0.53432802
1.08026422 0.00000598 1.47789597 1.78656023 0.98152712 0.53432802
1.08026422 0.00000598 1.47789597 1.78656023 0.98152712 0.53432802
1.08026422 0.00000598 1.47789597 1.78656023 0.98152712 0.53432802
1.08026422 0.00000598 1.47789597 1.78656023 0.98152712 0.53432802
1.08026422 0.00000598 1.47789597 1.78656023 0.98152712 0.53432802
1.08026422 0.00000598 1.47789597 1.78656023 0.98152712 0.53432802
1.08026422 0.00000598 1.47789597 1.78656023 0.98152712 0.53432802
1.08026422 0.00000598 1.47789597 1.78656023 0.98152712 0.53432802
1.08026422 0.00000598 1.47789597 1.78656023 0.98152712 0.53432802
1.08026422 0.00000598 1.47789597 1.78656023 0.98152712 0.53432802
1.08026422 0.00000598 1.47789597 1.78656023 0.98152712 0.53432802
1.08026422 0.00000598 1.47789597 1.78656023 0.98152712 0.53432802
1.08026422 0.00000598 1.47789597 1.78656023 0.98152712 0.53432802
1.08026422 0.00000598 1.47789597 1.78656023 0.98152712 0.53432802
1.08026422 0.00000598 1.47789597 1.78656023 0.98152712 0.53432802
1.08026422 0.00000598 1.47789597 1.78656023 0.98152712 0.53432802
1.08026422 0.00000598 1.47789597 1.78656023 0.98152712 0.53432802
1.08026422 0.00000598 1.47789597 1.78656023 0.98152712 0.53432802
1.08026422 0.00000598 1.47789597 1.78656023 0.98152712 0.53432802
1.08026422 0.00000598 1.47789597 1.78656023 0.98152712 0.53432802
1.08026422 0.00000598 1.47789597 1.78656023 0.98152712 0.53432802
1.08026422 0.00000598 1.47789597 1.78656023 0.98152712 0.53432802
1.08026422 0.00000598 1.47789597 1.78656023 0.98152712 0.53432802
1.08026422 0.00000598 1.47789597 1.78656023 0.98152712 0.53432802
1.08026422 0.00000598 1.47789597 1.78656023 0.98152712 0.53432802
1.08026422 0.00000598 1.47789597 1.78656023 0.98152712 0.53432802
1.08026422 0.00000598 1.47789597 1.78656023 0.98152712 0.53432802
1.08026422 0.00000598 1.22155389 1.88523005 0.98152712 0.61859515
1.08026422 0.00000598 1.22155389 1.88523005 0.98152712 0.61859515
1.08026422 0.00000598 1.22155389 1.88523005 0.98152712 0.61859515
1.08026422 0.00000598 1.22155389 1.88523005 0.98152712 0.61859515
1.08026422 0.00000598 1.22155389 1.88523005 0.98152712 0.61859515
1.08026422 0.00000598 1.22155389 1.88523005 0.98152712 0.61859515
1.08026422 0.00000598 1.22155389 1.88523005 0.98152712 0.61859515
1.08026422 0.00000598 1.22155389 1.88523005 0.98152712 0.61859515
1.08026422 0.00000598 1.22155389 1.88523005 0.98152712 0.61859515
1.08026422 0.00000598 1.22155389 1.88523005 0.98152712 0.61859515
1.08026422 0.00000598 1.22155389 1.88523005 0.98152712 0.61859515
1.08026422 0.00000598 1.22155389 1.88523005 0.98152712 0.61859515
1.08026422 0.00000598 1.22155389 1.88523005 0.98152712 0.61859515
0.87238946 0.00000598 0.81614753 1.88523005 0.79493639 0.51895664
0.87238946 0.00000598 0.81614753 1.88523005 0.79493639 0.51895664
0.87238946 0.00000598 0.81614753 1.88523005 0.79493639 0.51895664
0.87238946 0.00000598 0.87660248 1.97619757 0.79493639 0.37052673
0.87238946 0.00000598 0.87660248 1.97619757 0.79493639 0.37052673
0.87238946 0.00000598 0.87660248 1.97619757 0.79493639 0.37052673
0.87238946 0.00000598 0.87660248 1.97619757 0.79493639 0.37052673
0.87238946 0.00000598 0.87660248 1.97619757 0.79493639 0.37052673
0.87238946 0.00000598 0.87660248 1.97619757 0.79493639 0.37052673
0.87238946 0.00000598 0.87660248 1.97619757 0.79493639 0.37052673
0.87238946 0.00000598 0.87660248 1.97619757 0.79493639 0.37052673
0.87238946 0.00000598 0.87660248 1.97619757 0.79493639 0.37052673
0.87238946 0.00000598 0.69843372 1.97619757 0.64591234 0.32859983
0.87238946 0.00000598 0.69843372 1.97619757 0.64591234 0.32859983
0.87238946 0.00000598 0.69843372 1.97619757 0.64591234 0.32859983
0.87238946 0.00000598 0.69843372 1.97619757 0.64591234 0.32859983
0.87238946 0.00000598 0.69843372 1.97619757 0.64591234 0.32859983
0.87238946 0.00000598 0.69843372 1.97619757 0.64591234 0.32859983
0.87238946 0.00000598 0.36227274 1.97619757 0.64591234 0.33840204
0.87238946 0.00000598 0.36227274 1.87470505 0.66496209 0.36534839
0.87238946 0.00000598 0.36227274 1.87470505 0.66496209 0.36534839
0.87238946 0.00000598 0.36227274 1.87470505 0.66496209 0.36534839
0.87238946 0.00000598 0.36227274 1.87470505 0.66496209 0.36534839
0.87238946 0.00000598 0.36227274 1.87470505 0.66496209 0.36534839
0.87238946 0.00000598 0.36227274 1.87470505 0.66496209 0.36534839
0.87238946 0.00000598 0.36227274 1.87470505 0.66496209 0.36534839
0.87238946 0.00000598 0.36227274 1.87470505 0.66496209 0.36534839
