1.24710405 0.00000686 1.22538102 1.95752699 0.98043026 0.56790923
1.24710405 0.00000686 1.22538102 1.95752699 0.98043026 0.56790923
1.24710405 0.00000686 1.22538102 1.95752699 0.98043026 0.56790923
1.24710405 0.00000686 1.22538102 1.95752699 0.98043026 0.56790923
0.93733932 0.00000699 1.12040446 1.92801056 0.99767077 0.56334751
0.93733932 0.00000699 1.12040446 1.92801056 0.99767077 0.56334751
0.93733932 0.00000699 1.12040446 1.92801056 0.99767077 0.56334751
0.93733932 0.00000699 1.12040446 1.92801056 0.99767077 0.56334751
0.93733932 0.00000699 1.12040446 1.92801056 0.99767077 0.56334751
0.93733932 0.00000699 1.12040446 1.92801056 0.99767077 0.56334751
0.76225918 0.00000698 0.93773028 1.96658194 0.98963447 0.53409601
0.76225918 0.00000698 0.93773028 1.96658194 0.98963447 0.53409601
0.76225918 0.00000698 0.93773028 1.96658194 0.98963447 0.53409601
0.76225918 0.00000698 0.93773028 1.96658194 0.98963447 0.53409601
0.76225918 0.00000698 0.93773028 1.96658194 0.98963447 0.53409601
0.76225918 0.00000698 0.93773028 1.96658194 0.98963447 0.53409601
0.76225918 0.00000698 0.93773028 1.96658194 0.98963447 0.53409601
0.76225918 0.00000698 0.93773028 1.96658194 0.98963447 0.53409601
0.76225918 0.00000698 0.93773028 1.96658194 0.98963447 0.53409601
0.76225918 0.00000698 0.93773028 1.96658194 0.98963447 0.53409601
0.76225918 0.00000698 0.93773028 1.96658194 0.98963447 0.53409601
0.76225918 0.00000698 0.93773028 1.96658194 0.98963447 0.53409601
0.76225918 0.00000698 0.93773028 1.96658194 0.98963447 0.53409601
0.76225918 0.00000698 0.93773028 1.96658194 0.98963447 0.53409601
0.76225918 0.00000698 0.93773028 1.96658194 0.98963447 0.53409601
0.76225918 0.00000698 0.93773028 1.96658194 0.98963447 0.53409601
0.76225918 0.00000698 0.93773028 1.96658194 0.98963447 0.53409601
0.76225918 0.00000698 0.93773028 1.96658194 0.98963447 0.53409601
0.76225918 0.00000698 0.93773028 1.96658194 0.98963447 0.53409601
0.76225918 0.00000698 0.93773028 1.96658194 0.98963447 0.53409601
0.76225918 0.00000698 0.93773028 1.96658194 0.98963447 0.53409601
0.76225918 0.00000698 0.93773028 1.96658194 0.98963447 0.53409601
0.76225918 0.00000698 0.93773028 1.96658194 0.98963447 0.53409601
0.76225918 0.00000698 0.93773028 1.96658194 0.98963447 0.53409601
0.76225918 0.00000698 0.93773028 1.96658194 0.98963447 0.53409601
0.76225918 0.00000698 0.93773028 1.96658194 0.98963447 0.53409601
0.76225918 0.00000698 0.93773028 1.96658194 0.98963447 0.53409601
0.76225918 0.00000698 0.93773028 1.96658194 0.98963447 0.53409601
0.76225918 0.00000698 0.93773028 1.96658194 0.98963447 0.53409601
0.76225918 0.00000698 0.93773028 1.96658194 0.98963447 0.53409601
0.76225918 0.00000698 0.93773028 1.96658194 0.98963447 0.53409601
0.76225918 0.00000698 0.93773028 1.96658194 0.98963447 0.53409601
0.76225918 0.00000698 0.93773028 1.96658194 0.98963447 0.53409601
0.76225918 0.00000698 0.93773028 1.96658194 0.98963447 0.53409601
0.76225918 0.00000698 0.93773028 1.96658194 0.98963447 0.53409601
0.76225918 0.00000698 0.93773028 1.96658194 0.98963447 0.53409601
0.76225918 0.00000698 0.93773028 1.96658194 0.98963447 0.53409601
0.76225918 0.00000698 0.93773028 1.96658194 0.98963447 0.53409601
0.76225918 0.00000698 0.93773028 1.96658194 0.98963447 0.53409601
0.76225918 0.00000698 0.93773028 1.96658194 0.98963447 0.53409601
0.76225918 0.00000698 0.93773028 1.96658194 0.98963447 0.53409601
0.76225918 0.00000698 0.93773028 1.96658194 0.98963447 0.53409601
0.76225918 0.00000698 0.93773028 1.96658194 0.98963447 0.53409601
0.76225918 0.00000698 0.93773028 1.96658194 0.98963447 0.53409601
0.76225918 0.00000698 0.93773028 1.96658194 0.98963447 0.53409601
0.76225918 0.00000698 0.93773028 1.96658194 0.98963447 0.53409601
0.76225918 0.00000698 0.93773028 1.96658194 0.98963447 0.53409601
0.76225918 0.00000698 0.78460858 1.96658194 0.98963447 0.42427910
0.76225918 0.00000698 0.78460858 1.96658194 0.98963447 0.42427910
0.76225918 0.00000698 0.78460858 1.96658194 0.98963447 0.42427910
0.76225918 0.00000698 0.78460858 1.96658194 0.98963447 0.42427910
0.76225918 0.00000698 0.78460858 1.96658194 0.98963447 0.42427910
0.76225918 0.00000698 0.78460858 1.96658194 0.98963447 0.42427910
0.76225918 0.00000698 0.78460858 1.96658194 0.98963447 0.42427910
0.76225918 0.00000698 0.78460858 1.96658194 0.98963447 0.42427910
0.76225918 0.00000698 0.78460858 1.96658194 0.98963447 0.42427910
0.76225918 0.00000698 0.78460858 1.96658194 0.98963447 0.42427910
0.76225918 0.00000698 0.29819807 1.48124507 0.89828737 0.34582380
0.76225918 0.00000698 0.29819807 0.98348672 0.78344555 0.35195877
0.76225918 0.00000698 0.29819807 0.98348672 0.78344555 0.35195877
0.76225918 0.00000698 0.29819807 0.98348672 0.78344555 0.35195877
0.76225918 0.00000698 0.29819807 0.98348672 0.78344555 0.35195877
0.76225918 0.00000698 0.29819807 0.98348672 0.78344555 0.35195877
0.76225918 0.00000698 0.29819807 0.98348672 0.78344555 0.35195877
0.76225918 0.00000698 0.29819807 0.98348672 0.78344555 0.35195877
0.76225918 0.00000698 0.29819807 0.98348672 0.78344555 0.35195877
0.76225918 0.00000698 0.29819807 0.98348672 0.78344555 0.35195877
0.76225918 0.00000698 0.29819807 0.98348672 0.78344555 0.35195877
0.76225918 0.00000698 0.29819807 0.98348672 0.78344555 0.35195877
0.76225918 0.00000698 0.29819807 0.98348672 0.78344555 0.35195877
0.76225918 0.00000698 0.29819807 0.98348672 0.78344555 0.35195877
0.76225918 0.00000698 0.29819807 0.98348672 0.78344555 0.35195877
0.76225918 0.00000698 0.29819807 0.98348672 0.78344555 0.35195877
0.76225918 0.00000698 0.29819807 0.98348672 0.78344555 0.35195877
0.76225918 0.00000698 0.29819807 0.98348672 0.78344555 0.35195877
0.76225918 0.00000698 0.29819807 0.98348672 0.78344555 0.35195877
0.76225918 0.00000698 0.29819807 0.98348672 0.78344555 0.35195877
0.76225918 0.00000698 0.29819807 0.98348672 0.78344555 0.35195877
0.76225918 0.00000698 0.29819807 0.98348672 0.78344555 0.35195877
0.76225918 0.00000698 0.29819807 0.98348672 0.78344555 0.35195877
0.76225918 0.00000698 0.29819807 0.98348672 0.78344555 0.35195877
0.76225918 0.00000698 0.29819807 0.98348672 0.78344555 0.35195877
0.76225918 0.00000698 0.29819807 0.98348672 0.78344555 0.35195877
0.76225918 0.00000698 0.29819807 0.98348672 0.78344555 0.35195877
0.76225918 0.00000698 0.29819807 0.98348672 0.78344555 0.35195877
0.76225918 0.00000698 0.29819807 0.98348672 0.78344555 0.35195877
0.76225918 0.00000698 0.29819807 0.98348672 0.78344555 0.35195877
0.76225918 0.00000698 0.29819807 0.98348672 0.78344555 0.35195877
0.76225918 0.00000698 0.29819807 0.98348672 0.78344555 0.35195877
0.76225918 0.00000698 0.29819807 0.98348672 0.78344555 0.35195877
0.76225918 0.00000698 0.29819807 0.98348672 0.78344555 0.35195877
0.76225918 0.00000698 0.29819807 0.98348672 0.78344555 0.35195877
0.76225918 0.00000698 0.29819807 0.98348672 0.78344555 0.35195877
0.76225918 0.00000698 0.29819807 0.98348672 0.78344555 0.35195877
0.76225918 0.00000698 0.12286385 0.91185361 0.91045182 0.35195877
0.76225918 0.00000698 0.12286385 0.91185361 0.91045182 0.35195877
0.76225918 0.00000698 0.12286385 0.91185361 0.91045182 0.35195877
0.76225918 0.00000698 0.12286385 0.91185361 0.91045182 0.35195877
0.76225918 0.00000698 0.12286385 0.91185361 0.91045182 0.35195877
0.76225918 0.00000698 0.12286385 0.91185361 0.91045182 0.35195877
0.76225918 0.00000698 0.12286385 0.91185361 0.91045182 0.35195877
0.76225918 0.00000698 0.12286385 0.91185361 0.91045182 0.35195877
0.76225918 0.00000698 0.12286385 0.91185361 0.91045182 0.35195877
0.76225918 0.00000698 0.12286385 0.91185361 0.91045182 0.35195877
0.76225918 0.00000698 0.12286385 0.91185361 0.91045182 0.35195877
0.76225918 0.00000698 0.12286385 0.91185361 0.91045182 0.35195877
0.76225918 0.00000698 0.12286385 0.91185361 0.91045182 0.35195877
0.76225918 0.00000698 0.12286385 0.91185361 0.91045182 0.35195877
0.76225918 0.00000698 0.13386957 0.67919160 0.91045182 0.35195877
0.76225918 0.00000698 0.13386957 0.67919160 0.91045182 0.35195877
0.76225918 0.00000698 0.13386957 0.67919160 0.91045182 0.35195877
0.76225918 0.00000698 0.13386957 0.67919160 0.91045182 0.35195877
0.76225918 0.00000698 0.13386957 0.67919160 0.91045182 0.35195877
0.76225918 0.00000698 0.13386957 0.67919160 0.91045182 0.35195877
0.76225918 0.00000698 0.13386957 0.67919160 0.91045182 0.35195877
0.76225918 0.00000698 0.13386957 0.67919160 0.91045182 0.35195877
0.76225918 0.00000698 0.13386957 0.67919160 0.91045182 0.35195877
0.76225918 0.00000698 0.13386957 0.67919160 0.91045182 0.35195877
0.76225918 0.00000698 0.13386957 0.67919160 0.91045182 0.35195877
0.76225918 0.00000698 0.13386957 0.67919160 0.91045182 0.35195877
0.76225918 0.00000698 0.13386957 0.67919160 0.91045182 0.35195877
0.76225918 0.00000698 0.13386957 0.67919160 0.91045182 0.35195877
0.76225918 0.00000698 0.13386957 0.67919160 0.91045182 0.35195877
0.76225918 0.00000698 0.13386957 0.67919160 0.91045182 0.35195877
0.76225918 0.00000698 0.13386957 0.67919160 0.91045182 0.35195877
0.76225918 0.00000698 0.13386957 0.67919160 0.91045182 0.35195877
0.76225918 0.00000698 0.13386957 0.67919160 0.91045182 0.35195877
0.76225918 0.00000698 0.13386957 0.67919160 0.91045182 0.35195877
0.76225918 0.00000698 0.13386957 0.67919160 0.91045182 0.35195877
0.76225918 0.00000698 0.13386957 0.67919160 0.91045182 0.35195877
0.76225918 0.00000698 0.13386957 0.67919160 0.91045182 0.35195877
0.76225918 0.00000698 0.13386957 0.67919160 0.91045182 0.35195877
0.76225918 0.00000698 0.13386957 0.67919160 0.91045182 0.35195877
0.76225918 0.00000698 0.13386957 0.67919160 0.91045182 0.35195877
0.76225918 0.00000698 0.13386957 0.67919160 0.91045182 0.35195877
0.76225918 0.00000698 0.37157890 0.62152645 0.99867239 0.35195877
0.76225918 0.00000698 0.37157890 0.62152645 0.99867239 0.35195877
0.76225918 0.00000698 0.37157890 0.62152645 0.99867239 0.35195877
0.76225918 0.00000698 0.37157890 0.62152645 0.99867239 0.35195877
0.76225918 0.00000698 0.37157890 0.62152645 0.99867239 0.35195877
0.76225918 0.00000698 0.37157890 0.62152645 0.99867239 0.35195877
0.76225918 0.00000698 0.37157890 0.62152645 0.99867239 0.35195877
0.76225918 0.00000698 0.37157890 0.62152645 0.99867239 0.35195877
0.76225918 0.00000698 0.37157890 0.62152645 0.99867239 0.35195877
0.76225918 0.00000698 0.37157890 0.62152645 0.99867239 0.35195877
0.76225918 0.00000698 0.37157890 0.62152645 0.99867239 0.35195877
0.76225918 0.00000698 0.69388528 0.32417521 0.69466645 0.38739559
0.76225918 0.00000698 0.69388528 0.32417521 0.69466645 0.38739559
0.76225918 0.00000698 0.69388528 0.32417521 0.69466645 0.38739559
0.76225918 0.00000698 0.69388528 0.32417521 0.69466645 0.38739559
0.76225918 0.00000698 0.69388528 0.32417521 0.69466645 0.38739559
0.76225918 0.00000698 0.69388528 0.32417521 0.69466645 0.38739559
0.76225918 0.00000698 0.69388528 0.32417521 0.69466645 0.38739559
0.76225918 0.00000698 0.69388528 0.32417521 0.69466645 0.38739559
0.76225918 0.00000698 0.69388528 0.32417521 0.69466645 0.38739559
0.76225918 0.00000698 0.69388528 0.32417521 0.69466645 0.38739559
0.76225918 0.00000698 0.69388528 0.32417521 0.69466645 0.38739559
0.76225918 0.00000698 0.69388528 0.32417521 0.69466645 0.38739559
0.76225918 0.00000698 0.73641101 0.32417521 0.65085218 0.41427575
0.76225918 0.00000698 0.73641101 0.32417521 0.65085218 0.41427575
0.76225918 0.00000698 0.73641101 0.32417521 0.65085218 0.41427575
0.76225918 0.00000698 0.73641101 0.32417521 0.65085218 0.41427575
0.76225918 0.00000698 0.73641101 0.32417521 0.65085218 0.41427575
0.76225918 0.00000698 0.73641101 0.32417521 0.65085218 0.41427575
0.76225918 0.00000698 0.73293655 0.35548178 0.65085218 0.41427575
0.76225918 0.00000698 0.73293655 0.35548178 0.65085218 0.41427575
0.76225918 0.00000698 0.22537839 0.12292265 0.63314408 0.41427575
0.76225918 0.00000698 0.22537839 0.12292265 0.63314408 0.41427575
0.76225918 0.00000698 0.22537839 0.12292265 0.63314408 0.41427575
0.76225918 0.00000698 0.22537839 0.12292265 0.63314408 0.41427575
0.76225918 0.00000698 0.22537839 0.12292265 0.63314408 0.41427575
