1.41602656 0.00000651 1.09482086 1.75921046 0.93535847 0.55864646
1.37076862 0.00000690 1.07039408 1.67464009 0.91853176 0.55698617
1.37076862 0.00000690 1.07039408 1.67464009 0.91853176 0.55698617
1.37076862 0.00000690 1.07039408 1.67464009 0.91853176 0.55698617
1.37076862 0.00000690 1.07039408 1.67464009 0.91853176 0.55698617
1.37076862 0.00000690 1.07039408 1.67464009 0.91853176 0.55698617
1.37076862 0.00000690 1.07039408 1.67464009 0.91853176 0.55698617
1.37076862 0.00000690 1.07039408 1.67464009 0.91853176 0.55698617
1.37076862 0.00000690 1.07039408 1.67464009 0.91853176 0.55698617
1.37076862 0.00000690 1.07039408 1.67464009 0.91853176 0.55698617
1.37076862 0.00000690 1.07039408 1.67464009 0.91853176 0.55698617
1.37076862 0.00000690 1.07039408 1.67464009 0.91853176 0.55698617
1.37076862 0.00000690 1.07039408 1.67464009 0.91853176 0.55698617
1.37076862 0.00000690 1.07039408 1.67464009 0.91853176 0.55698617
1.37076862 0.00000690 1.07039408 1.67464009 0.91853176 0.55698617
1.37076862 0.00000690 1.07039408 1.67464009 0.91853176 0.55698617
1.37076862 0.00000690 1.07039408 1.67464009 0.91853176 0.55698617
1.37076862 0.00000690 1.07039408 1.67464009 0.91853176 0.55698617
1.37076862 0.00000690 1.07039408 1.67464009 0.91853176 0.55698617
1.37076862 0.00000690 1.07039408 1.67464009 0.91853176 0.55698617
1.37076862 0.00000690 1.07039408 1.67464009 0.91853176 0.55698617
1.37076862 0.00000690 1.07039408 1.67464009 0.91853176 0.55698617
1.37076862 0.00000690 1.07039408 1.67464009 0.91853176 0.55698617
1.37076862 0.00000690 1.07039408 1.67464009 0.91853176 0.55698617
1.37076862 0.00000690 1.07039408 1.67464009 0.91853176 0.55698617
1.37076862 0.00000690 1.07039408 1.67464009 0.91853176 0.55698617
1.37076862 0.00000690 1.07039408 1.67464009 0.91853176 0.55698617
1.37076862 0.00000690 1.07039408 1.67464009 0.91853176 0.55698617
1.37076862 0.00000690 1.07039408 1.67464009 0.91853176 0.55698617
1.37076862 0.00000690 1.07039408 1.67464009 0.91853176 0.55698617
1.37076862 0.00000690 1.07039408 1.67464009 0.91853176 0.55698617
1.37076862 0.00000690 1.07039408 1.67464009 0.91853176 0.55698617
1.37076862 0.00000690 1.07039408 1.67464009 0.91853176 0.55698617
1.37076862 0.00000690 1.07039408 1.67464009 0.91853176 0.55698617
1.37076862 0.00000690 1.07039408 1.67464009 0.91853176 0.55698617
1.37076862 0.00000690 1.07039408 1.67464009 0.91853176 0.55698617
1.37076862 0.00000690 1.07039408 1.67464009 0.91853176 0.55698617
1.37076862 0.00000690 1.07039408 1.67464009 0.91853176 0.55698617
1.37076862 0.00000690 1.07039408 1.67464009 0.91853176 0.55698617
1.37076862 0.00000690 1.07039408 1.67464009 0.91853176 0.55698617
1.37076862 0.00000690 1.07039408 1.67464009 0.91853176 0.55698617
1.37076862 0.00000690 1.07039408 1.67464009 0.91853176 0.55698617
1.37076862 0.00000690 1.07039408 1.67464009 0.91853176 0.55698617
1.37076862 0.00000690 1.07039408 1.67464009 0.91853176 0.55698617
1.56877074 0.00000690 1.09090759 1.85204545 0.69597444 0.55698617
1.56877074 0.00000690 1.09090759 1.85204545 0.69597444 0.55698617
1.56877074 0.00000690 1.09090759 1.85204545 0.69597444 0.55698617
1.56877074 0.00000690 1.09090759 1.85204545 0.69597444 0.55698617
1.56877074 0.00000690 1.09090759 1.85204545 0.69597444 0.55698617
1.56877074 0.00000690 1.09090759 1.85204545 0.69597444 0.55698617
1.56877074 0.00000690 1.09090759 1.85204545 0.69597444 0.55698617
1.56877074 0.00000690 1.09090759 1.85204545 0.69597444 0.55698617
1.56877074 0.00000690 1.09090759 1.85204545 0.69597444 0.55698617
1.56877074 0.00000690 1.09090759 1.85204545 0.69597444 0.55698617
1.56877074 0.00000690 1.09090759 1.85204545 0.69597444 0.55698617
1.56877074 0.00000690 1.09090759 1.85204545 0.69597444 0.55698617
1.56877074 0.00000690 1.09090759 1.85204545 0.69597444 0.55698617
1.56877074 0.00000690 1.09090759 1.85204545 0.69597444 0.55698617
1.29850962 0.00000690 0.67504679 1.75039316 0.60542981 0.57314241
1.29850962 0.00000690 0.67504679 1.75039316 0.60542981 0.57314241
1.29850962 0.00000690 0.67504679 1.75039316 0.60542981 0.57314241
1.29850962 0.00000690 0.67504679 1.75039316 0.60542981 0.57314241
1.29850962 0.00000690 0.67504679 1.75039316 0.60542981 0.57314241
1.29850962 0.00000690 0.67504679 1.75039316 0.60542981 0.57314241
1.29850962 0.00000690 0.67504679 1.75039316 0.60542981 0.57314241
1.29850962 0.00000690 0.67504679 1.75039316 0.60542981 0.57314241
1.29850962 0.00000690 0.67504679 1.75039316 0.60542981 0.57314241
1.29850962 0.00000690 0.67504679 1.75039316 0.60542981 0.57314241
1.29850962 0.00000690 0.67504679 1.75039316 0.60542981 0.57314241
1.29850962 0.00000690 0.67504679 1.75039316 0.60542981 0.57314241
1.29850962 0.00000690 0.67504679 1.75039316 0.60542981 0.57314241
1.29850962 0.00000690 0.67504679 1.75039316 0.60542981 0.57314241
1.29850962 0.00000690 0.67504679 1.75039316 0.60542981 0.57314241
1.29850962 0.00000690 0.67504679 1.75039316 0.60542981 0.57314241
1.29850962 0.00000690 0.67504679 1.75039316 0.60542981 0.57314241
1.29850962 0.00000690 0.67504679 1.75039316 0.60542981 0.57314241
1.29850962 0.00000690 0.67504679 1.75039316 0.60542981 0.57314241
1.29850962 0.00000690 0.67504679 1.75039316 0.60542981 0.57314241
0.97978971 0.00000690 0.48610129 1.56005953 0.60542981 0.45863055
0.97978971 0.00000690 0.48610129 1.56005953 0.60542981 0.45863055
0.97978971 0.00000690 0.48610129 1.56005953 0.60542981 0.45863055
0.97978971 0.00000690 0.48610129 1.56005953 0.60542981 0.45863055
0.97978971 0.00000690 0.48610129 1.56005953 0.60542981 0.45863055
0.97978971 0.00000690 0.48610129 1.56005953 0.60542981 0.45863055
0.97978971 0.00000690 0.48610129 1.56005953 0.60542981 0.45863055
0.97978971 0.00000690 0.48610129 1.56005953 0.60542981 0.45863055
0.97978971 0.00000690 0.48610129 1.56005953 0.60542981 0.45863055
0.97978971 0.00000690 0.48610129 1.56005953 0.60542981 0.45863055
0.97978971 0.00000690 0.48610129 1.56005953 0.60542981 0.45863055
0.97978971 0.00000690 0.48610129 1.56005953 0.60542981 0.45863055
0.97978971 0.00000690 0.48610129 1.56005953 0.60542981 0.45863055
0.97978971 0.00000690 0.48610129 1.56005953 0.60542981 0.45863055
0.97978971 0.00000690 0.48610129 1.56005953 0.60542981 0.45863055
0.97978971 0.00000690 0.48610129 1.56005953 0.60542981 0.45863055
0.97978971 0.00000690 0.48610129 1.56005953 0.60542981 0.45863055
0.97978971 0.00000690 0.67010035 1.47772342 0.60542981 0.45329369
0.97978971 0.00000690 0.67010035 1.47772342 0.60542981 0.45329369
0.97978971 0.00000690 0.56934126 1.25164398 0.60542981 0.43220926
0.97978971 0.00000690 0.56934126 1.25164398 0.60542981 0.43220926
0.97978971 0.00000690 0.56934126 1.25164398 0.60542981 0.43220926
0.97978971 0.00000690 0.56934126 1.25164398 0.60542981 0.43220926
0.97978971 0.00000690 0.56934126 1.25164398 0.60542981 0.43220926
0.97978971 0.00000690 0.56934126 1.25164398 0.60542981 0.43220926
0.97978971 0.00000690 0.56934126 1.25164398 0.60542981 0.43220926
0.97978971 0.00000690 0.56934126 1.25164398 0.60542981 0.43220926
0.97978971 0.00000690 0.56934126 1.25164398 0.60542981 0.43220926
0.97978971 0.00000690 0.56934126 1.25164398 0.60542981 0.43220926
0.97978971 0.00000690 0.56934126 1.25164398 0.60542981 0.43220926
0.97978971 0.00000690 0.56934126 1.25164398 0.60542981 0.43220926
0.97978971 0.00000690 0.56934126 1.25164398 0.60542981 0.43220926
0.97978971 0.00000690 0.56934126 1.25164398 0.60542981 0.43220926
0.97978971 0.00000690 0.56934126 1.25164398 0.60542981 0.43220926
0.97978971 0.00000690 0.56934126 1.25164398 0.60542981 0.43220926
0.97978971 0.00000690 0.56934126 1.25164398 0.60542981 0.43220926
0.97978971 0.00000690 0.56934126 1.25164398 0.60542981 0.43220926
0.97978971 0.00000690 0.56934126 1.25164398 0.60542981 0.43220926
0.97978971 0.00000690 0.56934126 1.25164398 0.60542981 0.43220926
0.97978971 0.00000690 0.56934126 1.25164398 0.60542981 0.43220926
0.97978971 0.00000690 0.56934126 1.25164398 0.60542981 0.43220926
0.97978971 0.00000690 0.56934126 1.25164398 0.60542981 0.43220926
0.97978971 0.00000690 0.56934126 1.25164398 0.60542981 0.43220926
0.97978971 0.00000690 0.56934126 1.25164398 0.60542981 0.43220926
0.97978971 0.00000690 0.56934126 1.25164398 0.60542981 0.43220926
0.97978971 0.00000690 0.56934126 1.25164398 0.60542981 0.43220926
0.97978971 0.00000690 0.56934126 1.25164398 0.60542981 0.43220926
0.97978971 0.00000690 0.56934126 1.25164398 0.60542981 0.43220926
0.97978971 0.00000690 0.56934126 1.25164398 0.60542981 0.43220926
0.97978971 0.00000690 0.56934126 1.25164398 0.60542981 0.43220926
0.97978971 0.00000690 0.56934126 1.25164398 0.60542981 0.43220926
0.97978971 0.00000690 0.56934126 1.25164398 0.60542981 0.43220926
0.97978971 0.00000690 0.56934126 1.25164398 0.60542981 0.43220926
0.97978971 0.00000690 0.56934126 1.25164398 0.60542981 0.43220926
0.97978971 0.00000690 0.56934126 1.25164398 0.60542981 0.43220926
0.97978971 0.00000690 0.56934126 1.25164398 0.60542981 0.43220926
0.97978971 0.00000690 0.56934126 1.25164398 0.60542981 0.43220926
0.97978971 0.00000690 0.56934126 1.25164398 0.60542981 0.43220926
0.97978971 0.00000690 0.56934126 1.25164398 0.60542981 0.43220926
0.97978971 0.00000690 0.56934126 1.25164398 0.60542981 0.43220926
0.97978971 0.00000690 0.56934126 1.25164398 0.60542981 0.43220926
0.97978971 0.00000690 0.56934126 1.25164398 0.60542981 0.43220926
0.97978971 0.00000690 0.56934126 1.25164398 0.60542981 0.43220926
0.97978971 0.00000690 0.56934126 1.25164398 0.60542981 0.43220926
0.97978971 0.00000690 0.56934126 1.25164398 0.60542981 0.43220926
0.97978971 0.00000690 0.56934126 1.25164398 0.60542981 0.43220926
0.97978971 0.00000690 0.56934126 1.25164398 0.60542981 0.43220926
0.97978971 0.00000690 0.56934126 1.25164398 0.60542981 0.43220926
0.97978971 0.00000690 0.56934126 1.25164398 0.60542981 0.43220926
0.97978971 0.00000690 0.56934126 1.25164398 0.60542981 0.43220926
0.97978971 0.00000690 0.56934126 1.25164398 0.60542981 0.43220926
0.97978971 0.00000690 0.56934126 1.25164398 0.60542981 0.43220926
0.97978971 0.00000690 0.56934126 1.25164398 0.60542981 0.43220926
0.97978971 0.00000690 0.56934126 1.25164398 0.60542981 0.43220926
0.97978971 0.00000690 0.56934126 1.25164398 0.60542981 0.43220926
0.97978971 0.00000690 0.56934126 1.25164398 0.60542981 0.43220926
0.97978971 0.00000690 0.56934126 1.25164398 0.60542981 0.43220926
0.97978971 0.00000690 0.56934126 1.25164398 0.60542981 0.43220926
0.97978971 0.00000690 0.56934126 1.25164398 0.60542981 0.43220926
0.97978971 0.00000690 0.56934126 1.25164398 0.60542981 0.43220926
0.97978971 0.00000690 0.56934126 1.25164398 0.60542981 0.43220926
0.97978971 0.00000690 0.56934126 1.25164398 0.60542981 0.43220926
0.97978971 0.00000690 0.56934126 1.25164398 0.60542981 0.43220926
0.97978971 0.00000690 0.56934126 1.25164398 0.60542981 0.43220926
0.97978971 0.00000690 0.56934126 1.25164398 0.60542981 0.43220926
0.97978971 0.00000690 0.56934126 1.25164398 0.60542981 0.43220926
0.97978971 0.00000690 0.56934126 1.25164398 0.60542981 0.43220926
0.97978971 0.00000690 0.56934126 1.25164398 0.60542981 0.43220926
0.97978971 0.00000690 0.56934126 1.25164398 0.60542981 0.43220926
0.97978971 0.00000690 0.56934126 1.25164398 0.60542981 0.43220926
0.97978971 0.00000690 0.56934126 1.25164398 0.60542981 0.43220926
0.97978971 0.00000690 0.56934126 1.25164398 0.60542981 0.43220926
0.97978971 0.00000690 0.56934126 1.25164398 0.60542981 0.43220926
0.97978971 0.00000690 0.56934126 1.25164398 0.60542981 0.43220926
0.97978971 0.00000690 0.56934126 1.25164398 0.60542981 0.43220926
0.97978971 0.00000690 0.56934126 1.25164398 0.60542981 0.43220926
0.97978971 0.00000690 0.56934126 1.25164398 0.60542981 0.43220926
0.97978971 0.00000690 0.56934126 1.25164398 0.60542981 0.43220926
0.97978971 0.00000690 0.56934126 1.25164398 0.60542981 0.43220926
0.97978971 0.00000690 0.56934126 1.25164398 0.60542981 0.43220926
0.97978971 0.00000690 0.56934126 1.25164398 0.60542981 0.43220926
0.97978971 0.00000690 0.56934126 1.25164398 0.60542981 0.43220926
0.97978971 0.00000690 0.56934126 1.25164398 0.60542981 0.43220926
