2.00 1.00 -1474630.71 -1474630.71 206.90 233.42
5.00 1.00 -1474630.71 -1485379.65 206.90 233.42
9.00 1.00 -1474630.71 -1570105.94 206.90 233.42
11.00 1.00 -1474630.71 -1521209.52 206.90 233.42
12.00 1.00 -1474630.71 -1521516.11 206.90 233.42
13.00 1.00 -1474630.71 -1515699.50 206.90 233.42
17.00 1.00 -1474630.71 -1535806.12 206.90 233.42
20.00 1.00 -1474630.71 -1524513.63 206.90 233.42
23.00 1.00 -1474630.71 -1515119.00 206.90 233.42
24.00 1.00 -1474630.71 -1515751.25 206.90 233.42
27.00 1.00 -1474630.71 -1541584.75 206.90 233.42
31.00 1.00 -1474630.71 -1542259.62 206.90 233.42
35.00 1.00 -1474630.71 -1534076.69 206.90 233.42
36.00 1.00 -1474630.71 -1597500.12 206.90 233.42
39.00 1.00 -1474630.71 -1549608.25 206.90 233.42
43.00 1.00 -1474630.71 -1549309.21 206.90 233.42
47.00 1.00 -1474630.71 -1544956.90 206.90 233.42
49.00 1.00 -1474630.71 -1562165.99 206.90 233.42
51.00 1.00 -1474630.71 -1552333.62 206.90 233.42
55.00 1.00 -1474630.71 -1561729.23 206.90 233.42
59.00 1.00 -1474630.71 -1548597.75 206.90 233.42
61.00 1.00 -1474630.71 -1589127.12 206.90 233.42
64.00 1.00 -1474630.71 -1544222.92 206.90 233.42
68.00 1.00 -1474630.71 -1529481.58 206.90 233.42
71.00 1.00 -1474630.71 -1540594.50 206.90 233.42
73.00 1.00 -1474630.71 -1480089.67 206.90 233.42
76.00 1.00 -1474630.71 -1607872.21 206.90 233.42
80.00 1.00 -1474630.71 -1552224.50 206.90 233.42
83.00 1.00 -1474630.71 -1551841.25 206.90 233.42
85.00 1.00 -1474630.71 -1535332.60 206.90 233.42
88.00 1.00 -1474630.71 -1512077.79 206.90 233.42
91.00 1.00 -1474630.71 -1524110.89 206.90 233.42
95.00 1.00 -1474630.71 -1537590.38 206.90 233.42
97.00 1.00 -1474630.71 -1574090.09 206.90 233.42
100.00 1.00 -1474630.71 -1499095.48 206.90 233.42
104.00 1.00 -1474630.71 -1550073.85 206.90 233.42
107.00 1.00 -1474630.71 -1537028.60 206.90 233.42
108.00 1.00 -1474630.71 -1546536.12 206.90 233.42
111.00 1.00 -1474630.71 -1551698.50 206.90 233.42
115.00 1.00 -1474630.71 -1544248.75 206.90 233.42
119.00 1.00 -1474630.71 -1542310.50 206.90 233.42
121.00 1.00 -1474630.71 -1593614.65 206.90 233.42
122.00 1.00 -1474630.71 -1529702.08 206.90 233.42
