2.00 1.00 -1643688.68 -1687923.96 220.79 233.42
5.00 1.00 -1643688.68 -1665346.71 220.79 233.42
6.00 2.00 -1639278.80 -1639278.80 216.76 233.42
9.00 2.00 -1639278.80 -1700480.39 216.76 233.42
11.00 2.00 -1639278.80 -1737887.11 216.76 233.42
12.00 2.00 -1639278.80 -1679854.38 216.76 233.42
13.00 2.00 -1639278.80 -1694562.25 216.76 233.42
16.00 3.00 -1636835.93 -1676228.00 214.56 233.42
17.00 3.00 -1636835.93 -1668369.25 214.56 233.42
20.00 3.00 -1636835.93 -1684062.12 214.56 233.42
23.00 3.00 -1636835.93 -1686057.38 214.56 233.42
24.00 3.00 -1636835.93 -1685589.62 214.56 233.42
27.00 3.00 -1636835.93 -1720254.25 214.56 233.42
31.00 3.00 -1636835.93 -1751780.80 214.56 233.42
35.00 3.00 -1636835.93 -1720393.50 214.56 233.42
36.00 4.00 -1618094.58 -1618094.58 198.41 233.42
39.00 4.00 -1618094.58 -1685289.50 198.41 233.42
43.00 4.00 -1618094.58 -1703741.00 198.41 233.42
47.00 4.00 -1618094.58 -1713854.25 198.41 233.42
49.00 4.00 -1618094.58 -1628693.53 198.41 233.42
52.00 4.00 -1618094.58 -1708979.75 198.41 233.42
56.00 4.00 -1618094.58 -1732040.80 198.41 233.42
59.00 4.00 -1618094.58 -1752709.33 198.41 233.42
60.00 4.00 -1618094.58 -1722984.24 198.41 233.42
63.00 4.00 -1618094.58 -1720080.54 198.41 233.42
67.00 4.00 -1618094.58 -1651386.99 198.41 233.42
71.00 4.00 -1618094.58 -1710010.00 198.41 233.42
73.00 4.00 -1618094.58 -1775409.36 198.41 233.42
76.00 4.00 -1618094.58 -1739489.30 198.41 233.42
80.00 4.00 -1618094.58 -1645943.76 198.41 233.42
83.00 4.00 -1618094.58 -1669046.25 198.41 233.42
84.00 4.00 -1618094.58 -1664294.25 198.41 233.42
87.00 4.00 -1618094.58 -1678319.75 198.41 233.42
91.00 4.00 -1618094.58 -1682731.50 198.41 233.42
95.00 4.00 -1618094.58 -1703983.75 198.41 233.42
97.00 4.00 -1618094.58 -1675466.84 198.41 233.42
100.00 4.00 -1618094.58 -1745408.07 198.41 233.42
103.00 4.00 -1618094.58 -1720143.12 198.41 233.42
104.00 4.00 -1618094.58 -1714525.50 198.41 233.42
107.00 4.00 -1618094.58 -1693754.75 198.41 233.42
109.00 4.00 -1618094.58 -1698376.95 198.41 233.42
112.00 4.00 -1618094.58 -1707782.88 198.41 233.42
115.00 4.00 -1618094.58 -1709211.38 198.41 233.42
119.00 4.00 -1618094.58 -1694361.16 198.41 233.42
120.00 4.00 -1618094.58 -1707029.75 198.41 233.42
123.00 4.00 -1618094.58 -1677936.88 198.41 233.42
