2.00 0.00 -1373932.50 -1400072.55 0.00 0.00
5.00 1.00 -1363674.45 -1411735.72 238.67 233.42
9.00 2.00 -1342002.21 -1384166.98 213.74 233.42
11.00 2.00 -1342002.21 -1400881.57 213.74 233.42
12.00 2.00 -1342002.21 -1403975.96 213.74 233.42
13.00 2.00 -1342002.21 -1382545.50 213.74 233.42
17.00 2.00 -1342002.21 -1414961.13 213.74 233.42
20.00 3.00 -1336521.98 -1379917.00 207.86 233.42
23.00 3.00 -1336521.98 -1374074.75 207.86 233.42
24.00 3.00 -1336521.98 -1372653.25 207.86 233.42
27.00 3.00 -1336521.98 -1417814.54 207.86 233.42
31.00 4.00 -1322402.15 -1403957.25 193.45 233.42
35.00 4.00 -1322402.15 -1404019.25 193.45 233.42
36.00 4.00 -1322402.15 -1404588.00 193.45 233.42
39.00 4.00 -1322402.15 -1432816.98 193.45 233.42
43.00 4.00 -1322402.15 -1411291.88 193.45 233.42
47.00 4.00 -1322402.15 -1398933.00 193.45 233.42
48.00 4.00 -1322402.15 -1401441.25 193.45 233.42
51.00 4.00 -1322402.15 -1405689.25 193.45 233.42
55.00 4.00 -1322402.15 -1408758.25 193.45 233.42
59.00 4.00 -1322402.15 -1427486.73 193.45 233.42
60.00 4.00 -1322402.15 -1413166.25 193.45 233.42
63.00 4.00 -1322402.15 -1373778.56 193.45 233.42
67.00 4.00 -1322402.15 -1370119.13 193.45 233.42
71.00 4.00 -1322402.15 -1401491.00 193.45 233.42
72.00 4.00 -1322402.15 -1366357.74 193.45 233.42
75.00 4.00 -1322402.15 -1377863.25 193.45 233.42
79.00 4.00 -1322402.15 -1396665.00 193.45 233.42
83.00 4.00 -1322402.15 -1385926.50 193.45 233.42
84.00 4.00 -1322402.15 -1421952.70 193.45 233.42
87.00 4.00 -1322402.15 -1374707.63 193.45 233.42
91.00 4.00 -1322402.15 -1391637.75 193.45 233.42
95.00 4.00 -1322402.15 -1418434.80 193.45 233.42
97.00 4.00 -1322402.15 -1413409.07 193.45 233.42
100.00 4.00 -1322402.15 -1374519.32 193.45 233.42
103.00 4.00 -1322402.15 -1386294.00 193.45 233.42
107.00 4.00 -1322402.15 -1401375.75 193.45 233.42
109.00 4.00 -1322402.15 -1368882.03 193.45 233.42
112.00 5.00 -1301788.29 -1395995.66 174.17 233.42
115.00 5.00 -1301788.29 -1397626.50 174.17 233.42
119.00 5.00 -1301788.29 -1398701.75 174.17 233.42
120.00 5.00 -1301788.29 -1398487.75 174.17 233.42
123.00 5.00 -1301788.29 -1373411.50 174.17 233.42
