2.00 0.00 -1849176.01 -1854195.87 0.00 0.00
6.00 1.00 -1832949.03 -1863561.93 236.50 233.42
9.00 1.00 -1832949.03 -1873672.50 236.50 233.42
11.00 2.00 -1826554.40 -1826554.40 230.85 233.42
12.00 2.00 -1826554.40 -1895515.97 230.85 233.42
13.00 2.00 -1826554.40 -1866524.00 230.85 233.42
16.00 2.00 -1826554.40 -1865436.50 230.85 233.42
20.00 3.00 -1823194.26 -1909195.55 227.93 233.42
23.00 3.00 -1823194.26 -1872751.41 227.93 233.42
24.00 3.00 -1823194.26 -1863249.75 227.93 233.42
27.00 3.00 -1823194.26 -1860208.67 227.93 233.42
31.00 3.00 -1823194.26 -1919227.18 227.93 233.42
35.00 4.00 -1801427.00 -1886040.50 209.92 233.42
36.00 4.00 -1801427.00 -1882135.50 209.92 233.42
39.00 4.00 -1801427.00 -1917298.96 209.92 233.42
43.00 4.00 -1801427.00 -1876901.25 209.92 233.42
47.00 4.00 -1801427.00 -1893347.50 209.92 233.42
48.00 4.00 -1801427.00 -1888894.50 209.92 233.42
51.00 4.00 -1801427.00 -1892300.50 209.92 233.42
55.00 5.00 -1801427.00 -1891302.52 209.92 233.42
59.00 5.00 -1801427.00 -1891881.50 209.92 233.42
60.00 5.00 -1801427.00 -1918202.82 209.92 233.42
63.00 5.00 -1801427.00 -1899603.50 209.92 233.42
67.00 5.00 -1801427.00 -1898984.88 209.92 233.42
71.00 5.00 -1801427.00 -1894496.62 209.92 233.42
73.00 5.00 -1801427.00 -1944508.36 209.92 233.42
76.00 5.00 -1801427.00 -1936692.21 209.92 233.42
79.00 5.00 -1801427.00 -1879805.75 209.92 233.42
83.00 5.00 -1801427.00 -1893917.25 209.92 233.42
85.00 5.00 -1801427.00 -1918093.33 209.92 233.42
88.00 5.00 -1801427.00 -1939109.75 209.92 233.42
91.00 5.00 -1801427.00 -1882189.98 209.92 233.42
95.00 5.00 -1801427.00 -1875411.50 209.92 233.42
97.00 5.00 -1801427.00 -1868735.17 209.92 233.42
100.00 5.00 -1801427.00 -1883381.25 209.92 233.42
103.00 5.00 -1801427.00 -1881181.75 209.92 233.42
107.00 6.00 -1801427.00 -1801427.00 209.92 233.42
109.00 6.00 -1801427.00 -1876617.17 209.92 233.42
112.00 6.00 -1801427.00 -1840435.82 209.92 233.42
116.00 7.00 -1781762.47 -1852217.79 194.87 233.42
119.00 7.00 -1781762.47 -1868010.25 194.87 233.42
121.00 7.00 -1781762.47 -1880174.29 194.87 233.42
