1.00 1.00 -1108400.85 -1108400.85 223.94 233.42
5.00 2.00 -1102858.86 -1156621.27 216.37 233.42
9.00 3.00 -1081989.01 -1172739.50 190.08 233.42
11.00 3.00 -1081989.01 -1089665.28 190.08 233.42
12.00 3.00 -1081989.01 -1157641.31 190.08 233.42
13.00 3.00 -1081989.01 -1128505.38 190.08 233.42
17.00 3.00 -1081989.01 -1118243.03 190.08 233.42
21.00 3.00 -1081989.01 -1151627.81 190.08 233.42
23.00 3.00 -1081989.01 -1141646.75 190.08 233.42
24.00 3.00 -1081989.01 -1147972.99 190.08 233.42
27.00 3.00 -1081989.01 -1113242.02 190.08 233.42
31.00 3.00 -1081989.01 -1149820.19 190.08 233.42
35.00 3.00 -1081989.01 -1150703.26 190.08 233.42
36.00 3.00 -1081989.01 -1146168.09 190.08 233.42
39.00 3.00 -1081989.01 -1150302.38 190.08 233.42
43.00 3.00 -1081989.01 -1162927.46 190.08 233.42
47.00 3.00 -1081989.01 -1147942.00 190.08 233.42
49.00 3.00 -1081989.01 -1120008.41 190.08 233.42
52.00 3.00 -1081989.01 -1144844.50 190.08 233.42
55.00 3.00 -1081989.01 -1148024.12 190.08 233.42
59.00 3.00 -1081989.01 -1188376.33 190.08 233.42
60.00 3.00 -1081989.01 -1165356.88 190.08 233.42
63.00 3.00 -1081989.01 -1163606.93 190.08 233.42
67.00 3.00 -1081989.01 -1137427.67 190.08 233.42
71.00 3.00 -1081989.01 -1142484.19 190.08 233.42
73.00 3.00 -1081989.01 -1123002.65 190.08 233.42
76.00 3.00 -1081989.01 -1136438.75 190.08 233.42
79.00 3.00 -1081989.01 -1109365.65 190.08 233.42
80.00 3.00 -1081989.01 -1112009.66 190.08 233.42
83.00 3.00 -1081989.01 -1159665.25 190.08 233.42
84.00 3.00 -1081989.01 -1101848.86 190.08 233.42
87.00 3.00 -1081989.01 -1132036.50 190.08 233.42
91.00 3.00 -1081989.01 -1154397.62 190.08 233.42
95.00 3.00 -1081989.01 -1119061.09 190.08 233.42
97.00 3.00 -1081989.01 -1113569.04 190.08 233.42
100.00 3.00 -1081989.01 -1156200.18 190.08 233.42
103.00 3.00 -1081989.01 -1142550.38 190.08 233.42
107.00 3.00 -1081989.01 -1142884.50 190.08 233.42
109.00 3.00 -1081989.01 -1123036.64 190.08 233.42
112.00 3.00 -1081989.01 -1146623.00 190.08 233.42
115.00 3.00 -1081989.01 -1144510.88 190.08 233.42
119.00 3.00 -1081989.01 -1159144.25 190.08 233.42
120.00 3.00 -1081989.01 -1165016.50 190.08 233.42
123.00 3.00 -1081989.01 -1114180.34 190.08 233.42
