2.00 1.00 -1231122.82 -1250264.98 233.38 233.42
5.00 1.00 -1231122.82 -1283547.44 233.38 233.42
9.00 2.00 -1200362.87 -1236417.11 196.33 233.42
11.00 2.00 -1200362.87 -1229463.74 196.33 233.42
12.00 2.00 -1200362.87 -1221999.14 196.33 233.42
13.00 2.00 -1200362.87 -1242736.25 196.33 233.42
17.00 2.00 -1200362.87 -1259718.09 196.33 233.42
20.00 2.00 -1200362.87 -1233456.84 196.33 233.42
23.00 2.00 -1200362.87 -1282740.02 196.33 233.42
24.00 2.00 -1200362.87 -1267673.45 196.33 233.42
27.00 2.00 -1200362.87 -1273439.50 196.33 233.42
31.00 2.00 -1200362.87 -1282105.62 196.33 233.42
35.00 2.00 -1200362.87 -1281716.00 196.33 233.42
36.00 2.00 -1200362.87 -1281942.88 196.33 233.42
39.00 2.00 -1200362.87 -1269958.00 196.33 233.42
43.00 2.00 -1200362.87 -1273077.25 196.33 233.42
47.00 2.00 -1200362.87 -1225582.19 196.33 233.42
48.00 2.00 -1200362.87 -1258690.38 196.33 233.42
51.00 2.00 -1200362.87 -1288744.52 196.33 233.42
55.00 2.00 -1200362.87 -1264696.50 196.33 233.42
59.00 2.00 -1200362.87 -1270120.75 196.33 233.42
60.00 2.00 -1200362.87 -1277640.74 196.33 233.42
63.00 2.00 -1200362.87 -1264616.69 196.33 233.42
67.00 2.00 -1200362.87 -1256511.60 196.33 233.42
71.00 2.00 -1200362.87 -1285526.38 196.33 233.42
72.00 2.00 -1200362.87 -1258614.31 196.33 233.42
75.00 2.00 -1200362.87 -1261482.75 196.33 233.42
79.00 2.00 -1200362.87 -1250613.25 196.33 233.42
83.00 2.00 -1200362.87 -1251817.91 196.33 233.42
84.00 2.00 -1200362.87 -1264261.93 196.33 233.42
87.00 2.00 -1200362.87 -1252253.30 196.33 233.42
91.00 2.00 -1200362.87 -1261896.78 196.33 233.42
95.00 2.00 -1200362.87 -1222885.65 196.33 233.42
96.00 2.00 -1200362.87 -1254188.12 196.33 233.42
99.00 2.00 -1200362.87 -1253573.75 196.33 233.42
103.00 2.00 -1200362.87 -1256992.62 196.33 233.42
107.00 2.00 -1200362.87 -1256758.75 196.33 233.42
108.00 2.00 -1200362.87 -1278387.11 196.33 233.42
111.00 2.00 -1200362.87 -1273897.79 196.33 233.42
115.00 2.00 -1200362.87 -1264608.50 196.33 233.42
119.00 2.00 -1200362.87 -1266628.12 196.33 233.42
120.00 2.00 -1200362.87 -1265727.75 196.33 233.42
123.00 2.00 -1200362.87 -1272316.74 196.33 233.42
