2.00 0.00 -2041655.84 -2132218.48 0.00 0.00
6.00 0.00 -2041655.84 -2124983.54 0.00 0.00
10.00 0.00 -2041655.84 -2047284.67 0.00 0.00
11.00 0.00 -2041655.84 -2047948.07 0.00 0.00
12.00 0.00 -2041655.84 -2055999.81 0.00 0.00
14.00 0.00 -2041655.84 -2110451.26 0.00 0.00
16.00 0.00 -2041655.84 -2072704.88 0.00 0.00
20.00 1.00 -2038113.18 -2038113.18 248.44 233.42
23.00 1.00 -2038113.18 -2052191.00 248.44 233.42
24.00 1.00 -2038113.18 -2055798.75 248.44 233.42
27.00 1.00 -2038113.18 -2107764.58 248.44 233.42
31.00 2.00 -2022304.50 -2041277.68 235.34 233.42
35.00 3.00 -1989674.21 -1989674.21 210.45 233.42
36.00 3.00 -1989674.21 -2040350.41 210.45 233.42
39.00 3.00 -1989674.21 -2087357.99 210.45 233.42
43.00 3.00 -1989674.21 -2080317.54 210.45 233.42
47.00 3.00 -1989674.21 -1996290.73 210.45 233.42
49.00 3.00 -1989674.21 -2085007.92 210.45 233.42
52.00 3.00 -1989674.21 -2093228.12 210.45 233.42
56.00 4.00 -1989674.21 -2094500.42 210.45 233.42
59.00 4.00 -1989674.21 -2090553.75 210.45 233.42
61.00 4.00 -1989674.21 -2063700.28 210.45 233.42
63.00 4.00 -1989674.21 -2006779.93 210.45 233.42
66.00 4.00 -1989674.21 -2061444.75 210.45 233.42
70.00 4.00 -1989674.21 -2092247.21 210.45 233.42
71.00 4.00 -1989674.21 -2072010.16 210.45 233.42
73.00 4.00 -1989674.21 -2065651.33 210.45 233.42
76.00 4.00 -1989674.21 -2069524.50 210.45 233.42
79.00 4.00 -1989674.21 -2080913.38 210.45 233.42
83.00 4.00 -1989674.21 -2078992.25 210.45 233.42
85.00 4.00 -1989674.21 -2058128.73 210.45 233.42
88.00 4.00 -1989674.21 -2063810.50 210.45 233.42
91.00 4.00 -1989674.21 -2070834.75 210.45 233.42
95.00 4.00 -1989674.21 -2118148.65 210.45 233.42
97.00 4.00 -1989674.21 -2070256.74 210.45 233.42
99.00 4.00 -1989674.21 -2078707.75 210.45 233.42
103.00 5.00 -1989674.21 -1989674.21 210.45 233.42
107.00 5.00 -1989674.21 -2074474.57 210.45 233.42
109.00 5.00 -1989674.21 -2100798.61 210.45 233.42
111.00 5.00 -1989674.21 -2109147.75 210.45 233.42
115.00 5.00 -1989674.21 -2104886.00 210.45 233.42
119.00 5.00 -1989674.21 -2077802.38 210.45 233.42
120.00 5.00 -1989674.21 -2069950.75 210.45 233.42
123.00 6.00 -1939279.86 -2065821.01 177.08 233.42
