1.00 0.00 -1020827.92 -1036421.09 0.00 0.00
5.00 2.00 -1017610.40 -1017610.40 245.99 233.42
9.00 3.00 -1006319.44 -1047558.43 227.67 233.42
11.00 3.00 -1006319.44 -1049121.69 227.67 233.42
12.00 3.00 -1006319.44 -1081678.56 227.67 233.42
13.00 3.00 -1006319.44 -1035831.06 227.67 233.42
17.00 3.00 -1006319.44 -1028745.38 227.67 233.42
20.00 3.00 -1006319.44 -1013832.49 227.67 233.42
23.00 3.00 -1006319.44 -1021015.44 227.67 233.42
25.00 3.00 -1006319.44 -1073925.90 227.67 233.42
28.00 3.00 -1006319.44 -1064950.25 227.67 233.42
32.00 3.00 -1006319.44 -1056305.50 227.67 233.42
35.00 3.00 -1006319.44 -1069958.83 227.67 233.42
37.00 3.00 -1006319.44 -1020659.18 227.67 233.42
39.00 4.00 -996168.55 -1035497.12 212.38 233.42
43.00 4.00 -996168.55 -1037891.38 212.38 233.42
47.00 5.00 -996168.55 -1043737.75 212.38 233.42
48.00 5.00 -996168.55 -1015759.50 212.38 233.42
51.00 5.00 -996168.55 -1040065.62 212.38 233.42
55.00 5.00 -996168.55 -1045131.50 212.38 233.42
59.00 5.00 -996168.55 -1013266.18 212.38 233.42
60.00 5.00 -996168.55 -1011628.67 212.38 233.42
63.00 5.00 -996168.55 -1037274.25 212.38 233.42
67.00 5.00 -996168.55 -1031981.88 212.38 233.42
71.00 5.00 -996168.55 -1081223.31 212.38 233.42
72.00 5.00 -996168.55 -1043759.50 212.38 233.42
75.00 5.00 -996168.55 -1019747.09 212.38 233.42
79.00 6.00 -985649.27 -985649.27 197.61 233.42
83.00 6.00 -985649.27 -1031169.38 197.61 233.42
84.00 6.00 -985649.27 -1072690.82 197.61 233.42
87.00 6.00 -985649.27 -1039788.91 197.61 233.42
91.00 6.00 -985649.27 -1040854.75 197.61 233.42
95.00 6.00 -985649.27 -1046693.25 197.61 233.42
96.00 6.00 -985649.27 -1053622.41 197.61 233.42
99.00 6.00 -985649.27 -1047537.31 197.61 233.42
103.00 6.00 -985649.27 -1026744.50 197.61 233.42
107.00 6.00 -985649.27 -1045851.42 197.61 233.42
108.00 6.00 -985649.27 -1040242.47 197.61 233.42
111.00 6.00 -985649.27 -1044440.12 197.61 233.42
115.00 6.00 -985649.27 -1043118.62 197.61 233.42
119.00 6.00 -985649.27 -1036986.06 197.61 233.42
121.00 7.00 -967176.44 -967176.44 174.12 233.42
122.00 7.00 -967176.44 -1010906.26 174.12 233.42
