-91145.73000 -112982.44000 -162251.99000 -180005.04000 -136740.30000 -127200.22000 -141760.27000 -96981.15000
-84020.05000 -113265.83000 -162334.18000 -179804.37000 -133533.94000 -124364.33000 -146070.94000 -95716.12000
-84413.38000 -109699.83000 -157930.76000 -187528.29000 -132770.99000 -120243.00000 -129333.71000 -96314.96000
-84319.00000 -112932.40000 -150141.06000 -184531.82000 -135379.73000 -108292.16000 -144590.20000 -94697.37000
-81995.23000 -106047.47000 -155435.38000 -171384.49000 -137007.29000 -100813.04000 -140233.47000 -91190.66000
-86207.72000 -102168.53000 -142438.11000 -182913.89000 -132506.65000 -98805.23000 -128425.12000 -98726.41000
-77377.55000 -95854.31000 -147598.58000 -165047.80000 -109280.35000 -104153.22000 -124725.41000 -94862.94000
-79796.49000 -97311.88000 -135562.78000 -158911.97000 -113535.72000 -108072.62000 -127443.66000 -83065.24000
-75816.45000 -97550.00000 -140707.37000 -171152.05000 -108573.17000 -100763.96000 -116070.23000 -81357.42000
-76526.07000 -99126.60000 -135853.48000 -163846.60000 -109527.85000 -104540.37000 -111268.98000 -81580.06000
-74287.68000 -89642.66000 -136362.51000 -173853.24000 -108179.57000 -104391.43000 -125267.43000 -82826.22000
-75199.70000 -101057.76000 -145574.32000 -150671.40000 -106148.36000 -108071.02000 -115206.77000 -82404.65000
-76049.87000 -93948.48000 -140645.19000 -150010.97000 -113152.52000 -108109.74000 -128064.20000 -78746.99000
-80500.64000 -99961.50000 -148167.52000 -147416.50000 -114862.27000 -98374.28000 -132830.61000 -87968.33000
-84757.66000 -98702.47000 -136626.20000 -152787.63000 -119796.95000 -110390.34000 -139464.49000 -78711.82000
-83940.23000 -89080.75000 -145553.37000 -143748.09000 -120485.76000 -100566.49000 -116898.02000 -87095.52000
-75873.90000 -90921.40000 -153532.73000 -165736.71000 -105581.85000 -107528.12000 -134889.38000 -87372.14000
-83632.39000 -89287.88000 -150099.28000 -148983.29000 -119274.38000 -98741.86000 -131659.03000 -91676.50000
-84174.48000 -95922.94000 -140596.16000 -161903.69000 -119566.80000 -115683.60000 -132941.78000 -88993.53000
-83046.77000 -88283.86000 -133373.47000 -142748.55000 -119756.07000 -111490.77000 -134462.12000 -89655.51000
-77628.36000 -97851.81000 -147533.05000 -160075.61000 -116748.91000 -99776.92000 -122472.49000 -91385.88000
-83284.68000 -87215.55000 -140521.40000 -160119.00000 -123577.50000 -115242.46000 -132823.03000 -91187.65000
-81030.06000 -96565.13000 -147949.80000 -154033.89000 -122910.12000 -96697.95000 -133007.62000 -91471.67000
-82500.55000 -87173.68000 -140490.84000 -160711.84000 -105274.29000 -95232.34000 -118109.38000 -82849.78000
-75502.26000 -95404.85000 -140519.40000 -161198.02000 -120685.95000 -95279.17000 -131284.47000 -90513.84000
-80654.48000 -90781.36000 -145804.69000 -141664.90000 -118496.88000 -105031.13000 -129278.12000 -89148.92000
-77613.27000 -98031.42000 -132478.85000 -157781.78000 -118011.34000 -104911.18000 -111494.83000 -88413.81000
-72740.53000 -98057.73000 -149944.13000 -140956.03000 -118057.92000 -105449.28000 -112407.28000 -89384.36000
-79829.17000 -97956.37000 -137262.43000 -142768.98000 -117681.98000 -108976.45000 -126304.27000 -83312.36000
-77368.50000 -98275.08000 -146013.50000 -148135.08000 -118109.84000 -96708.69000 -116379.06000 -91548.56000
-79524.61000 -98068.50000 -132385.73000 -156423.41000 -118514.79000 -107996.89000 -125324.53000 -89681.44000
-74551.92000 -97841.30000 -129488.11000 -156794.25000 -118472.41000 -95287.29000 -125582.33000 -90050.84000
-74457.31000 -98349.58000 -143143.80000 -157320.12000 -106279.09000 -100193.01000 -125383.02000 -90663.08000
-76103.51000 -94683.24000 -141907.52000 -141443.33000 -108986.85000 -105371.69000 -123033.95000 -90222.44000
-79213.09000 -86277.77000 -129130.28000 -156704.16000 -116484.98000 -106880.30000 -128660.90000 -85903.29000
-79394.56000 -101306.49000 -141906.86000 -156902.69000 -116614.67000 -105511.60000 -129851.57000 -86023.51000
-86535.48000 -97840.84000 -141633.09000 -156175.62000 -116290.45000 -104814.71000 -133392.91000 -89494.52000
-77400.20000 -95248.28000 -133110.77000 -161140.40000 -115481.46000 -108836.60000 -125125.94000 -89049.01000
-77748.06000 -92104.84000 -139737.64000 -152668.65000 -101690.92000 -104764.81000 -111844.38000 -88973.22000
-80618.65000 -98387.76000 -134966.04000 -152099.10000 -111676.63000 -92685.67000 -123736.35000 -88634.92000
-71606.78000 -83368.18000 -137794.13000 -160201.56000 -109991.36000 -96294.79000 -136269.99000 -82190.40000
-80367.30000 -96548.07000 -139885.06000 -157645.82000 -117311.50000 -102984.01000 -130688.75000 -75784.22000
-87674.56000 -83368.18000 -129534.88000 -160060.84000 -125639.60000 -101528.03000 -131299.83000 -85788.16000
-71574.02000 -93122.09000 -131164.14000 -157047.58000 -117650.08000 -103706.23000 -133086.47000 -85116.97000
-80825.33000 -98730.53000 -166591.16000 -161422.86000 -123039.08000 -92496.68000 -145009.25000 -91430.07000
-80566.50000 -92740.84000 -146182.72000 -179141.55000 -110106.66000 -115033.01000 -133138.10000 -78077.97000
-74981.60000 -96482.50000 -147270.91000 -141494.73000 -102173.08000 -95358.93000 -135084.66000 -85403.72000
-72493.99000 -95401.13000 -149162.91000 -146233.84000 -111005.51000 -100560.73000 -135199.38000 -88985.07000
-70818.75000 -83251.89000 -129130.28000 -161520.77000 -122864.17000 -105324.61000 -139281.34000 -88467.69000
-80794.02000 -92292.52000 -138981.30000 -153308.62000 -101764.84000 -96402.68000 -116463.29000 -83992.81000
-85186.20000 -95203.38000 -175672.17000 -155432.66000 -117726.77000 -92536.19000 -123776.44000 -91922.45000
-73219.73000 -86589.05000 -141310.33000 -161811.14000 -126472.07000 -111827.51000 -122476.82000 -87444.03000
-83675.83000 -91245.25000 -149389.11000 -137597.82000 -118689.68000 -92554.09000 -134595.34000 -87708.88000
-80238.80000 -94750.43000 -152687.36000 -175097.87000 -118268.40000 -92496.68000 -126975.41000 -94344.10000
-89275.55000 -90226.68000 -145738.14000 -161432.25000 -117417.48000 -106980.38000 -135635.93000 -89620.11000
-71044.71000 -93296.03000 -148966.41000 -160722.12000 -117779.62000 -103621.54000 -130535.38000 -75221.33000
-71473.94000 -92277.83000 -130405.09000 -174842.76000 -130220.48000 -101947.78000 -133199.32000 -74902.56000
-77056.94000 -100333.20000 -144981.91000 -137065.08000 -136766.00000 -116747.62000 -118444.02000 -80222.97000
-75146.23000 -96205.33000 -141385.94000 -166247.97000 -122438.59000 -107859.67000 -127393.89000 -81713.68000
-80964.26000 -82898.47000 -138433.89000 -136264.78000 -117170.13000 -109316.04000 -127245.49000 -80533.94000
-71083.96000 -88357.65000 -142401.07000 -191134.38000 -108148.31000 -111871.50000 -128466.12000 -76295.30000
-75546.92000 -101540.35000 -153856.27000 -150454.59000 -102577.48000 -106767.85000 -149825.09000 -79581.98000
-77304.15000 -104263.20000 -146313.44000 -133681.70000 -109516.84000 -98316.30000 -127185.30000 -79656.70000
-70636.62000 -99303.41000 -140415.43000 -164341.90000 -112494.73000 -94453.25000 -130204.05000 -76892.58000
-84122.61000 -103913.87000 -144604.91000 -138921.99000 -122843.63000 -103639.02000 -127451.58000 -81015.52000
-75632.98000 -83327.66000 -145344.74000 -146859.22000 -116406.97000 -92210.80000 -128357.99000 -80851.17000
-90555.71000 -94647.96000 -140841.80000 -145917.59000 -115094.90000 -114481.42000 -125942.94000 -89087.31000
-87270.46000 -83777.70000 -128199.78000 -146809.09000 -102291.53000 -101731.95000 -125372.98000 -81335.24000
-68472.81000 -90730.55000 -169731.08000 -151787.69000 -116467.43000 -103101.12000 -112173.23000 -82351.51000
-83730.19000 -92786.98000 -150857.41000 -134019.53000 -114099.45000 -107002.55000 -124867.23000 -92113.90000
-80157.99000 -83886.05000 -152254.73000 -144066.38000 -111627.62000 -105475.11000 -126676.90000 -83742.61000
-74983.70000 -89984.20000 -148699.44000 -144057.84000 -113183.05000 -91389.73000 -122556.58000 -84940.38000
-79627.32000 -97737.63000 -147258.66000 -169958.60000 -118255.22000 -97751.37000 -122129.88000 -76971.16000
-83188.45000 -93700.63000 -147872.19000 -185883.11000 -122842.53000 -101127.82000 -122707.13000 -83394.36000
-78216.98000 -83949.11000 -151440.60000 -157797.41000 -116337.10000 -103273.89000 -116737.92000 -80494.87000
-77732.33000 -93645.75000 -146056.73000 -161070.72000 -118002.88000 -100162.93000 -113045.30000 -83908.47000
-78870.83000 -96025.63000 -142820.00000 -139303.92000 -118737.61000 -121842.86000 -123538.46000 -82738.83000
-68465.20000 -90937.12000 -160678.27000 -153916.97000 -118138.09000 -106335.03000 -113585.51000 -92936.12000
-77328.36000 -90299.88000 -166756.09000 -136437.80000 -120508.54000 -107033.61000 -132091.10000 -83271.40000
-75842.47000 -91596.11000 -148069.22000 -147855.12000 -117129.85000 -110416.84000 -136420.27000 -74247.68000
-84447.88000 -93491.11000 -150214.78000 -134571.82000 -118365.83000 -107591.52000 -110668.56000 -84630.85000
-91793.60000 -83409.88000 -151012.34000 -147292.41000 -110745.48000 -106431.84000 -126950.20000 -76600.85000
-80493.95000 -98835.31000 -153887.18000 -154070.04000 -115493.89000 -117297.86000 -125820.27000 -90968.95000
-82023.55000 -83370.93000 -142824.42000 -147574.89000 -103711.49000 -106882.61000 -122505.98000 -78125.15000
-80982.53000 -86412.68000 -147517.71000 -146684.91000 -111775.58000 -109733.95000 -123622.38000 -83543.70000
-80087.22000 -90943.07000 -165388.23000 -145236.91000 -127033.66000 -108542.31000 -128640.07000 -84879.28000
-87461.13000 -98549.45000 -149622.35000 -178839.82000 -114047.54000 -108091.16000 -126741.45000 -87945.62000
-75286.55000 -92664.05000 -148061.53000 -152561.48000 -118199.45000 -96320.46000 -128607.81000 -94299.93000
-78757.35000 -83324.93000 -124187.08000 -142392.07000 -117174.81000 -106037.45000 -128160.69000 -86170.79000
-77941.59000 -96560.69000 -137711.72000 -180983.17000 -117279.02000 -90942.63000 -127105.48000 -85143.62000
-80038.87000 -96235.79000 -144227.26000 -159682.80000 -107732.36000 -115180.52000 -133203.55000 -79307.36000
-68465.20000 -86257.38000 -133859.97000 -167751.33000 -126946.53000 -90284.59000 -143119.53000 -88218.20000
-77291.17000 -93160.68000 -153607.42000 -167660.73000 -112688.69000 -100551.83000 -117787.96000 -90592.59000
-70138.01000 -86726.60000 -142112.31000 -174155.31000 -125566.38000 -102097.37000 -129132.15000 -84483.19000
-67408.33000 -88889.64000 -141395.00000 -158738.44000 -118487.62000 -98154.81000 -128367.02000 -88086.81000
-69109.16000 -91561.97000 -124187.08000 -157363.36000 -138680.06000 -99994.28000 -140319.60000 -91126.83000
-79025.90000 -81805.35000 -149429.23000 -162221.03000 -109040.34000 -108414.78000 -147491.17000 -86767.30000
-74654.26000 -94192.88000 -148112.92000 -145896.80000 -121510.30000 -109469.56000 -141135.00000 -83449.53000
-75293.15000 -93698.59000 -141084.47000 -178545.83000 -100604.52000 -106273.20000 -125196.80000 -87057.83000
-67533.63000 -93623.41000 -139672.00000 -146753.80000 -111906.92000 -99430.21000 -134468.34000 -86753.11000
-75816.34000 -104338.43000 -152028.20000 -142392.07000 -100063.53000 -107749.38000 -121785.02000 -92843.82000
-75583.33000 -81974.07000 -134214.72000 -165825.03000 -131676.55000 -105612.53000 -130226.39000 -88316.81000
-83683.97000 -92825.84000 -152017.39000 -164542.11000 -134961.23000 -98410.18000 -134637.22000 -86995.08000
-67294.77000 -94189.58000 -142717.33000 -155363.99000 -103505.21000 -94716.45000 -109803.11000 -89192.26000
-74478.07000 -97836.00000 -141398.39000 -144565.88000 -105814.90000 -93903.14000 -130017.09000 -86095.52000
-71574.46000 -99758.67000 -148550.95000 -135712.68000 -119020.83000 -112662.62000 -140241.50000 -82155.37000
-76072.70000 -82304.55000 -137178.39000 -148929.72000 -115024.67000 -108368.91000 -126791.27000 -84940.26000
-74101.96000 -94596.68000 -151839.69000 -135699.55000 -109158.60000 -105115.59000 -114384.29000 -86642.58000
-71476.70000 -93802.34000 -157627.40000 -146266.77000 -115087.16000 -96368.54000 -137371.07000 -76275.50000
-70245.20000 -94019.77000 -124518.30000 -135712.68000 -117931.44000 -92887.69000 -127476.82000 -86048.62000
-88057.22000 -105757.12000 -152549.55000 -182750.41000 -100708.42000 -91280.46000 -118954.95000 -79434.41000
-78658.00000 -93917.16000 -145640.41000 -135712.68000 -106660.01000 -100630.81000 -130091.90000 -83883.80000
-68872.94000 -97529.42000 -142310.00000 -188122.75000 -99606.43000 -101835.53000 -113226.98000 -84040.14000
-85362.98000 -97100.55000 -133721.61000 -172742.64000 -111023.87000 -106653.10000 -127152.16000 -85033.98000
-76321.53000 -87126.20000 -165948.73000 -146172.63000 -127459.60000 -110425.80000 -113553.45000 -83500.53000
-67848.12000 -82665.89000 -144631.22000 -165590.66000 -114439.77000 -105800.25000 -109810.13000 -82854.02000
-77072.68000 -102519.51000 -146330.56000 -188903.25000 -106917.09000 -108391.33000 -124714.82000 -84570.00000
-76096.27000 -93565.61000 -147718.80000 -161396.39000 -108733.89000 -108288.83000 -111682.06000 -85997.51000
-76357.88000 -99629.39000 -130283.94000 -166653.95000 -116873.26000 -108396.80000 -134669.20000 -87355.94000
-77251.77000 -90328.24000 -138879.40000 -157837.66000 -111775.58000 -110808.05000 -127321.09000 -79823.45000
-77291.80000 -89449.02000 -163204.92000 -155598.50000 -116239.05000 -115050.52000 -147467.00000 -81309.11000
