0.00 1.00 -64774.38 -64774.38 79.33 35.43
1.00 1.00 -64774.38 -73325.32 79.33 35.43
2.00 1.00 -64774.38 -69862.55 79.33 35.43
3.00 1.00 -64774.38 -71198.63 79.33 35.43
4.00 1.00 -64774.38 -71989.26 79.33 35.43
5.00 1.00 -64774.38 -69893.29 79.33 35.43
6.00 1.00 -64774.38 -72397.93 79.33 35.43
7.00 1.00 -64774.38 -69686.73 79.33 35.43
8.00 1.00 -64774.38 -72583.29 79.33 35.43
9.00 1.00 -64774.38 -71472.09 79.33 35.43
10.00 1.00 -64774.38 -73081.40 79.33 35.43
11.00 1.00 -64774.38 -68719.83 79.33 35.43
12.00 1.00 -64774.38 -73884.28 79.33 35.43
13.00 1.00 -64774.38 -72188.40 79.33 35.43
14.00 1.00 -64774.38 -69400.68 79.33 35.43
15.00 1.00 -64774.38 -73017.40 79.33 35.43
16.00 1.00 -64774.38 -70249.30 79.33 35.43
17.00 1.00 -64774.38 -69434.47 79.33 35.43
18.00 1.00 -64774.38 -65636.09 79.33 35.43
19.00 1.00 -64774.38 -74905.66 79.33 35.43
20.00 1.00 -64774.38 -72548.57 79.33 35.43
21.00 1.00 -64774.38 -72013.29 79.33 35.43
22.00 1.00 -64774.38 -73803.65 79.33 35.43
23.00 1.00 -64774.38 -73529.81 79.33 35.43
24.00 1.00 -64774.38 -69077.14 79.33 35.43
25.00 1.00 -64774.38 -72257.37 79.33 35.43
26.00 1.00 -64774.38 -69680.65 79.33 35.43
27.00 1.00 -64774.38 -73151.00 79.33 35.43
28.00 1.00 -64774.38 -71443.46 79.33 35.43
29.00 1.00 -64774.38 -71473.70 79.33 35.43
30.00 1.00 -64774.38 -65808.25 79.33 35.43
31.00 1.00 -64774.38 -73164.58 79.33 35.43
32.00 1.00 -64774.38 -73117.24 79.33 35.43
33.00 1.00 -64774.38 -70047.94 79.33 35.43
34.00 1.00 -64774.38 -68643.32 79.33 35.43
35.00 1.00 -64774.38 -70927.19 79.33 35.43
36.00 1.00 -64774.38 -67318.61 79.33 35.43
37.00 1.00 -64774.38 -69552.51 79.33 35.43
38.00 1.00 -64774.38 -71053.31 79.33 35.43
39.00 1.00 -64774.38 -72240.87 79.33 35.43
40.00 1.00 -64774.38 -73417.75 79.33 35.43
44.00 1.00 -64774.38 -72627.22 79.33 35.43
45.00 1.00 -64774.38 -74510.05 79.33 35.43
46.00 1.00 -64774.38 -74460.10 79.33 35.43
47.00 1.00 -64774.38 -70493.23 79.33 35.43
48.00 1.00 -64774.38 -74806.77 79.33 35.43
49.00 1.00 -64774.38 -69065.82 79.33 35.43
51.00 1.00 -64774.38 -71417.11 79.33 35.43
52.00 1.00 -64774.38 -71621.42 79.33 35.43
53.00 1.00 -64774.38 -70864.54 79.33 35.43
54.00 1.00 -64774.38 -73536.23 79.33 35.43
55.00 1.00 -64774.38 -70986.20 79.33 35.43
56.00 1.00 -64774.38 -70095.59 79.33 35.43
57.00 1.00 -64774.38 -75099.80 79.33 35.43
58.00 1.00 -64774.38 -71314.32 79.33 35.43
59.00 1.00 -64774.38 -71345.53 79.33 35.43
60.00 1.00 -64774.38 -70738.50 79.33 35.43
61.00 1.00 -64774.38 -71474.36 79.33 35.43
62.00 1.00 -64774.38 -70816.50 79.33 35.43
63.00 1.00 -64774.38 -70462.28 79.33 35.43
64.00 1.00 -64774.38 -71167.78 79.33 35.43
65.00 1.00 -64774.38 -74486.01 79.33 35.43
66.00 1.00 -64774.38 -71618.51 79.33 35.43
67.00 1.00 -64774.38 -68472.39 79.33 35.43
68.00 1.00 -64774.38 -71934.27 79.33 35.43
69.00 1.00 -64774.38 -74954.94 79.33 35.43
71.00 1.00 -64774.38 -71310.64 79.33 35.43
72.00 1.00 -64774.38 -70943.47 79.33 35.43
73.00 1.00 -64774.38 -70176.62 79.33 35.43
74.00 1.00 -64774.38 -70777.29 79.33 35.43
75.00 1.00 -64774.38 -73220.61 79.33 35.43
76.00 1.00 -64774.38 -71357.69 79.33 35.43
78.00 1.00 -64774.38 -71625.14 79.33 35.43
79.00 1.00 -64774.38 -74243.92 79.33 35.43
80.00 1.00 -64774.38 -73668.80 79.33 35.43
81.00 1.00 -64774.38 -68574.00 79.33 35.43
82.00 1.00 -64774.38 -73203.62 79.33 35.43
83.00 1.00 -64774.38 -68009.58 79.33 35.43
84.00 1.00 -64774.38 -74593.31 79.33 35.43
85.00 1.00 -64774.38 -70378.42 79.33 35.43
87.00 1.00 -64774.38 -70990.48 79.33 35.43
88.00 1.00 -64774.38 -73955.28 79.33 35.43
89.00 1.00 -64774.38 -68535.71 79.33 35.43
90.00 1.00 -64774.38 -71194.25 79.33 35.43
92.00 1.00 -64774.38 -69735.56 79.33 35.43
93.00 1.00 -64774.38 -68514.06 79.33 35.43
94.00 1.00 -64774.38 -71532.28 79.33 35.43
95.00 1.00 -64774.38 -73742.62 79.33 35.43
96.00 1.00 -64774.38 -73518.02 79.33 35.43
97.00 1.00 -64774.38 -71189.38 79.33 35.43
98.00 1.00 -64774.38 -72936.56 79.33 35.43
99.00 1.00 -64774.38 -71574.66 79.33 35.43
100.00 1.00 -64774.38 -74080.94 79.33 35.43
101.00 1.00 -64774.38 -71314.71 79.33 35.43
104.00 1.00 -64774.38 -71408.84 79.33 35.43
105.00 1.00 -64774.38 -69483.36 79.33 35.43
106.00 1.00 -64774.38 -69508.74 79.33 35.43
107.00 1.00 -64774.38 -70429.47 79.33 35.43
108.00 1.00 -64774.38 -67487.85 79.33 35.43
109.00 1.00 -64774.38 -67266.51 79.33 35.43
110.00 1.00 -64774.38 -70861.02 79.33 35.43
111.00 1.00 -64774.38 -70558.38 79.33 35.43
112.00 1.00 -64774.38 -69580.20 79.33 35.43
113.00 1.00 -64774.38 -70073.84 79.33 35.43
114.00 1.00 -64774.38 -70148.02 79.33 35.43
115.00 1.00 -64774.38 -72313.83 79.33 35.43
116.00 1.00 -64774.38 -67382.63 79.33 35.43
117.00 1.00 -64774.38 -74810.18 79.33 35.43
119.00 1.00 -64774.38 -70118.43 79.33 35.43
120.00 1.00 -64774.38 -71891.27 79.33 35.43
122.00 1.00 -64774.38 -70789.89 79.33 35.43
123.00 1.00 -64774.38 -70742.02 79.33 35.43
124.00 1.00 -64774.38 -70596.32 79.33 35.43
125.00 1.00 -64774.38 -69842.58 79.33 35.43
126.00 1.00 -64774.38 -69456.73 79.33 35.43
127.00 1.00 -64774.38 -67809.19 79.33 35.43
128.00 1.00 -64774.38 -76321.52 79.33 35.43
129.00 1.00 -64774.38 -70676.91 79.33 35.43
130.00 1.00 -64774.38 -67537.60 79.33 35.43
131.00 1.00 -64774.38 -73714.25 79.33 35.43
132.00 1.00 -64774.38 -70511.80 79.33 35.43
133.00 1.00 -64774.38 -73474.33 79.33 35.43
134.00 1.00 -64774.38 -72417.24 79.33 35.43
135.00 1.00 -64774.38 -73138.65 79.33 35.43
136.00 1.00 -64774.38 -72807.31 79.33 35.43
137.00 1.00 -64774.38 -67791.66 79.33 35.43
138.00 1.00 -64774.38 -71307.16 79.33 35.43
139.00 1.00 -64774.38 -72031.98 79.33 35.43
140.00 1.00 -64774.38 -73211.63 79.33 35.43
141.00 1.00 -64774.38 -72599.62 79.33 35.43
142.00 1.00 -64774.38 -71577.39 79.33 35.43
143.00 1.00 -64774.38 -71896.81 79.33 35.43
145.00 1.00 -64774.38 -71953.93 79.33 35.43
146.00 1.00 -64774.38 -72258.08 79.33 35.43
147.00 1.00 -64774.38 -76122.60 79.33 35.43
148.00 1.00 -64774.38 -71565.07 79.33 35.43
149.00 1.00 -64774.38 -71942.95 79.33 35.43
150.00 1.00 -64774.38 -67913.70 79.33 35.43
151.00 1.00 -64774.38 -71335.02 79.33 35.43
152.00 1.00 -64774.38 -67451.93 79.33 35.43
153.00 1.00 -64774.38 -71617.94 79.33 35.43
154.00 1.00 -64774.38 -69270.91 79.33 35.43
155.00 1.00 -64774.38 -71612.64 79.33 35.43
156.00 1.00 -64774.38 -71260.78 79.33 35.43
157.00 1.00 -64774.38 -72391.46 79.33 35.43
158.00 1.00 -64774.38 -74129.40 79.33 35.43
159.00 1.00 -64774.38 -71628.56 79.33 35.43
161.00 1.00 -64774.38 -72057.33 79.33 35.43
163.00 1.00 -64774.38 -72148.44 79.33 35.43
166.00 1.00 -64774.38 -71525.21 79.33 35.43
167.00 1.00 -64774.38 -71583.30 79.33 35.43
168.00 1.00 -64774.38 -70485.24 79.33 35.43
169.00 1.00 -64774.38 -72371.99 79.33 35.43
170.00 1.00 -64774.38 -70805.19 79.33 35.43
172.00 1.00 -64774.38 -71060.80 79.33 35.43
173.00 1.00 -64774.38 -70368.59 79.33 35.43
175.00 1.00 -64774.38 -70783.31 79.33 35.43
176.00 1.00 -64774.38 -70040.09 79.33 35.43
177.00 1.00 -64774.38 -73274.58 79.33 35.43
178.00 1.00 -64774.38 -72948.09 79.33 35.43
181.00 1.00 -64774.38 -70622.75 79.33 35.43
182.00 1.00 -64774.38 -72370.57 79.33 35.43
183.00 1.00 -64774.38 -71496.04 79.33 35.43
184.00 1.00 -64774.38 -74086.48 79.33 35.43
185.00 1.00 -64774.38 -70542.42 79.33 35.43
186.00 1.00 -64774.38 -72434.78 79.33 35.43
187.00 1.00 -64774.38 -69092.70 79.33 35.43
188.00 1.00 -64774.38 -71236.78 79.33 35.43
189.00 1.00 -64774.38 -69976.56 79.33 35.43
190.00 1.00 -64774.38 -68971.92 79.33 35.43
193.00 1.00 -64774.38 -70314.09 79.33 35.43
194.00 1.00 -64774.38 -71915.94 79.33 35.43
195.00 1.00 -64774.38 -67601.63 79.33 35.43
197.00 1.00 -64774.38 -70666.05 79.33 35.43
198.00 1.00 -64774.38 -70529.10 79.33 35.43
199.00 1.00 -64774.38 -74109.03 79.33 35.43
200.00 1.00 -64774.38 -74460.98 79.33 35.43
201.00 1.00 -64774.38 -73130.47 79.33 35.43
202.00 1.00 -64774.38 -74870.64 79.33 35.43
203.00 1.00 -64774.38 -67694.07 79.33 35.43
204.00 1.00 -64774.38 -75824.62 79.33 35.43
205.00 1.00 -64774.38 -68538.84 79.33 35.43
206.00 1.00 -64774.38 -74191.82 79.33 35.43
207.00 1.00 -64774.38 -72990.29 79.33 35.43
208.00 1.00 -64774.38 -67770.09 79.33 35.43
209.00 1.00 -64774.38 -72511.18 79.33 35.43
210.00 1.00 -64774.38 -70593.37 79.33 35.43
211.00 1.00 -64774.38 -74711.66 79.33 35.43
212.00 1.00 -64774.38 -73695.24 79.33 35.43
213.00 1.00 -64774.38 -72816.77 79.33 35.43
214.00 1.00 -64774.38 -72869.27 79.33 35.43
215.00 1.00 -64774.38 -72485.67 79.33 35.43
216.00 1.00 -64774.38 -71301.17 79.33 35.43
217.00 1.00 -64774.38 -71228.17 79.33 35.43
218.00 1.00 -64774.38 -73827.81 79.33 35.43
219.00 1.00 -64774.38 -73166.89 79.33 35.43
220.00 1.00 -64774.38 -73277.34 79.33 35.43
221.00 1.00 -64774.38 -70427.70 79.33 35.43
223.00 1.00 -64774.38 -70552.42 79.33 35.43
224.00 1.00 -64774.38 -73236.45 79.33 35.43
225.00 1.00 -64774.38 -73336.85 79.33 35.43
227.00 1.00 -64774.38 -69115.03 79.33 35.43
228.00 1.00 -64774.38 -69110.71 79.33 35.43
230.00 1.00 -64774.38 -69414.33 79.33 35.43
231.00 1.00 -64774.38 -74344.41 79.33 35.43
232.00 1.00 -64774.38 -71863.19 79.33 35.43
233.00 1.00 -64774.38 -74119.19 79.33 35.43
234.00 1.00 -64774.38 -71957.03 79.33 35.43
235.00 1.00 -64774.38 -74153.87 79.33 35.43
236.00 1.00 -64774.38 -68358.44 79.33 35.43
237.00 1.00 -64774.38 -70529.29 79.33 35.43
238.00 1.00 -64774.38 -68696.69 79.33 35.43
239.00 1.00 -64774.38 -72203.35 79.33 35.43
240.00 1.00 -64774.38 -72657.28 79.33 35.43
241.00 1.00 -64774.38 -69463.26 79.33 35.43
244.00 1.00 -64774.38 -68152.00 79.33 35.43
246.00 1.00 -64774.38 -70068.09 79.33 35.43
247.00 1.00 -64774.38 -73497.93 79.33 35.43
248.00 1.00 -64774.38 -71097.25 79.33 35.43
249.00 1.00 -64774.38 -73583.12 79.33 35.43
250.00 1.00 -64774.38 -71980.48 79.33 35.43
252.00 1.00 -64774.38 -72035.30 79.33 35.43
254.00 1.00 -64774.38 -72158.11 79.33 35.43
256.00 1.00 -64774.38 -72912.88 79.33 35.43
257.00 1.00 -64774.38 -71230.42 79.33 35.43
258.00 1.00 -64774.38 -68589.06 79.33 35.43
259.00 1.00 -64774.38 -74097.43 79.33 35.43
260.00 1.00 -64774.38 -71114.73 79.33 35.43
261.00 1.00 -64774.38 -70572.95 79.33 35.43
262.00 1.00 -64774.38 -69306.79 79.33 35.43
263.00 1.00 -64774.38 -68662.55 79.33 35.43
264.00 1.00 -64774.38 -74964.51 79.33 35.43
266.00 1.00 -64774.38 -71254.09 79.33 35.43
268.00 1.00 -64774.38 -71587.88 79.33 35.43
270.00 1.00 -64774.38 -71101.31 79.33 35.43
271.00 1.00 -64774.38 -71001.23 79.33 35.43
272.00 1.00 -64774.38 -67186.75 79.33 35.43
273.00 1.00 -64774.38 -70091.75 79.33 35.43
274.00 1.00 -64774.38 -72815.70 79.33 35.43
275.00 1.00 -64774.38 -70338.29 79.33 35.43
276.00 1.00 -64774.38 -71001.87 79.33 35.43
277.00 1.00 -64774.38 -72203.99 79.33 35.43
278.00 1.00 -64774.38 -73436.36 79.33 35.43
279.00 1.00 -64774.38 -75451.90 79.33 35.43
280.00 1.00 -64774.38 -71165.19 79.33 35.43
281.00 1.00 -64774.38 -71525.80 79.33 35.43
283.00 1.00 -64774.38 -70690.66 79.33 35.43
284.00 1.00 -64774.38 -72947.54 79.33 35.43
285.00 1.00 -64774.38 -72651.56 79.33 35.43
287.00 1.00 -64774.38 -71081.17 79.33 35.43
288.00 1.00 -64774.38 -74488.90 79.33 35.43
289.00 1.00 -64774.38 -68513.94 79.33 35.43
290.00 1.00 -64774.38 -71299.56 79.33 35.43
291.00 1.00 -64774.38 -72009.69 79.33 35.43
292.00 1.00 -64774.38 -75948.90 79.33 35.43
293.00 1.00 -64774.38 -71727.63 79.33 35.43
294.00 1.00 -64774.38 -73033.59 79.33 35.43
295.00 1.00 -64774.38 -72701.04 79.33 35.43
296.00 1.00 -64774.38 -70017.22 79.33 35.43
297.00 1.00 -64774.38 -70253.28 79.33 35.43
299.00 1.00 -64774.38 -70247.69 79.33 35.43
300.00 1.00 -64774.38 -70168.97 79.33 35.43
301.00 1.00 -64774.38 -69579.86 79.33 35.43
304.00 1.00 -64774.38 -70533.12 79.33 35.43
305.00 1.00 -64774.38 -72718.61 79.33 35.43
306.00 1.00 -64774.38 -70586.23 79.33 35.43
307.00 1.00 -64774.38 -71072.42 79.33 35.43
308.00 1.00 -64774.38 -71678.91 79.33 35.43
309.00 1.00 -64774.38 -69769.26 79.33 35.43
310.00 1.00 -64774.38 -73001.40 79.33 35.43
311.00 1.00 -64774.38 -67385.14 79.33 35.43
312.00 1.00 -64774.38 -70256.24 79.33 35.43
313.00 1.00 -64774.38 -70340.00 79.33 35.43
314.00 1.00 -64774.38 -74035.65 79.33 35.43
315.00 1.00 -64774.38 -72412.68 79.33 35.43
316.00 1.00 -64774.38 -71654.58 79.33 35.43
317.00 1.00 -64774.38 -72617.81 79.33 35.43
318.00 1.00 -64774.38 -71899.96 79.33 35.43
320.00 1.00 -64774.38 -71514.41 79.33 35.43
321.00 1.00 -64774.38 -71527.25 79.33 35.43
322.00 1.00 -64774.38 -70544.61 79.33 35.43
325.00 1.00 -64774.38 -70729.55 79.33 35.43
326.00 1.00 -64774.38 -71085.50 79.33 35.43
327.00 1.00 -64774.38 -70786.19 79.33 35.43
328.00 1.00 -64774.38 -70600.09 79.33 35.43
329.00 1.00 -64774.38 -70759.08 79.33 35.43
330.00 1.00 -64774.38 -72863.41 79.33 35.43
331.00 1.00 -64774.38 -73224.10 79.33 35.43
332.00 1.00 -64774.38 -72452.31 79.33 35.43
333.00 1.00 -64774.38 -66342.47 79.33 35.43
334.00 1.00 -64774.38 -67711.04 79.33 35.43
336.00 1.00 -64774.38 -68850.64 79.33 35.43
338.00 1.00 -64774.38 -69726.23 79.33 35.43
339.00 1.00 -64774.38 -67572.44 79.33 35.43
340.00 1.00 -64774.38 -70998.73 79.33 35.43
341.00 1.00 -64774.38 -68776.10 79.33 35.43
342.00 1.00 -64774.38 -72799.99 79.33 35.43
343.00 1.00 -64774.38 -70572.08 79.33 35.43
345.00 1.00 -64774.38 -71430.12 79.33 35.43
346.00 1.00 -64774.38 -72287.71 79.33 35.43
347.00 1.00 -64774.38 -72257.70 79.33 35.43
348.00 1.00 -64774.38 -71553.44 79.33 35.43
350.00 1.00 -64774.38 -71256.12 79.33 35.43
351.00 1.00 -64774.38 -72118.06 79.33 35.43
352.00 1.00 -64774.38 -69295.58 79.33 35.43
353.00 1.00 -64774.38 -71809.58 79.33 35.43
355.00 1.00 -64774.38 -70884.66 79.33 35.43
356.00 1.00 -64774.38 -72473.55 79.33 35.43
357.00 1.00 -64774.38 -73195.09 79.33 35.43
358.00 1.00 -64774.38 -72876.19 79.33 35.43
359.00 1.00 -64774.38 -70456.99 79.33 35.43
360.00 1.00 -64774.38 -73087.94 79.33 35.43
361.00 1.00 -64774.38 -72941.69 79.33 35.43
362.00 1.00 -64774.38 -68787.77 79.33 35.43
363.00 1.00 -64774.38 -73060.74 79.33 35.43
365.00 1.00 -64774.38 -71232.83 79.33 35.43
366.00 1.00 -64774.38 -71640.30 79.33 35.43
367.00 1.00 -64774.38 -70518.79 79.33 35.43
369.00 1.00 -64774.38 -70600.80 79.33 35.43
370.00 1.00 -64774.38 -74036.83 79.33 35.43
371.00 1.00 -64774.38 -74031.79 79.33 35.43
372.00 1.00 -64774.38 -72005.39 79.33 35.43
373.00 1.00 -64774.38 -67973.62 79.33 35.43
374.00 1.00 -64774.38 -71608.83 79.33 35.43
375.00 1.00 -64774.38 -75187.60 79.33 35.43
376.00 1.00 -64774.38 -71780.58 79.33 35.43
377.00 1.00 -64774.38 -72987.91 79.33 35.43
378.00 1.00 -64774.38 -72461.03 79.33 35.43
379.00 1.00 -64774.38 -72484.34 79.33 35.43
380.00 1.00 -64774.38 -74894.43 79.33 35.43
381.00 1.00 -64774.38 -70259.10 79.33 35.43
382.00 1.00 -64774.38 -73458.87 79.33 35.43
383.00 1.00 -64774.38 -72171.70 79.33 35.43
384.00 1.00 -64774.38 -68512.19 79.33 35.43
386.00 1.00 -64774.38 -71545.95 79.33 35.43
387.00 1.00 -64774.38 -69935.14 79.33 35.43
388.00 1.00 -64774.38 -66441.42 79.33 35.43
389.00 1.00 -64774.38 -70998.19 79.33 35.43
390.00 1.00 -64774.38 -69289.52 79.33 35.43
391.00 1.00 -64774.38 -68567.29 79.33 35.43
392.00 1.00 -64774.38 -73759.26 79.33 35.43
393.00 1.00 -64774.38 -69825.89 79.33 35.43
394.00 1.00 -64774.38 -72291.49 79.33 35.43
395.00 1.00 -64774.38 -70721.40 79.33 35.43
396.00 1.00 -64774.38 -71338.55 79.33 35.43
397.00 1.00 -64774.38 -65994.27 79.33 35.43
398.00 1.00 -64774.38 -71125.18 79.33 35.43
399.00 1.00 -64774.38 -68928.69 79.33 35.43
400.00 1.00 -64774.38 -72706.32 79.33 35.43
401.00 1.00 -64774.38 -69852.83 79.33 35.43
402.00 1.00 -64774.38 -71050.74 79.33 35.43
403.00 1.00 -64774.38 -72887.49 79.33 35.43
404.00 1.00 -64774.38 -74691.15 79.33 35.43
405.00 1.00 -64774.38 -71340.96 79.33 35.43
406.00 1.00 -64774.38 -72287.59 79.33 35.43
407.00 1.00 -64774.38 -69572.88 79.33 35.43
408.00 1.00 -64774.38 -67874.09 79.33 35.43
409.00 1.00 -64774.38 -74012.80 79.33 35.43
410.00 1.00 -64774.38 -69233.97 79.33 35.43
411.00 1.00 -64774.38 -69573.68 79.33 35.43
413.00 1.00 -64774.38 -69846.05 79.33 35.43
414.00 1.00 -64774.38 -76716.79 79.33 35.43
415.00 1.00 -64774.38 -69436.61 79.33 35.43
416.00 1.00 -64774.38 -69108.54 79.33 35.43
417.00 1.00 -64774.38 -67432.66 79.33 35.43
420.00 1.00 -64774.38 -68811.34 79.33 35.43
421.00 1.00 -64774.38 -70285.95 79.33 35.43
422.00 1.00 -64774.38 -73546.47 79.33 35.43
423.00 1.00 -64774.38 -71047.28 79.33 35.43
424.00 1.00 -64774.38 -68313.26 79.33 35.43
425.00 1.00 -64774.38 -70866.68 79.33 35.43
426.00 1.00 -64774.38 -69432.63 79.33 35.43
427.00 1.00 -64774.38 -71153.02 79.33 35.43
428.00 1.00 -64774.38 -70258.83 79.33 35.43
429.00 1.00 -64774.38 -72374.25 79.33 35.43
430.00 1.00 -64774.38 -73145.97 79.33 35.43
431.00 1.00 -64774.38 -76151.54 79.33 35.43
432.00 1.00 -64774.38 -70825.74 79.33 35.43
433.00 1.00 -64774.38 -70897.55 79.33 35.43
434.00 1.00 -64774.38 -70498.68 79.33 35.43
435.00 1.00 -64774.38 -72506.37 79.33 35.43
436.00 1.00 -64774.38 -72202.86 79.33 35.43
437.00 1.00 -64774.38 -71669.95 79.33 35.43
438.00 1.00 -64774.38 -68811.38 79.33 35.43
439.00 1.00 -64774.38 -71441.42 79.33 35.43
440.00 1.00 -64774.38 -69252.54 79.33 35.43
441.00 1.00 -64774.38 -73967.79 79.33 35.43
442.00 1.00 -64774.38 -72666.70 79.33 35.43
443.00 1.00 -64774.38 -69318.24 79.33 35.43
444.00 1.00 -64774.38 -74006.12 79.33 35.43
445.00 1.00 -64774.38 -70165.17 79.33 35.43
446.00 1.00 -64774.38 -66214.38 79.33 35.43
447.00 1.00 -64774.38 -73775.13 79.33 35.43
448.00 1.00 -64774.38 -70331.80 79.33 35.43
449.00 1.00 -64774.38 -68017.99 79.33 35.43
451.00 1.00 -64774.38 -70878.08 79.33 35.43
452.00 1.00 -64774.38 -74270.31 79.33 35.43
453.00 1.00 -64774.38 -71154.31 79.33 35.43
454.00 1.00 -64774.38 -73943.30 79.33 35.43
455.00 1.00 -64774.38 -70200.84 79.33 35.43
456.00 1.00 -64774.38 -72646.18 79.33 35.43
457.00 1.00 -64774.38 -72785.56 79.33 35.43
458.00 1.00 -64774.38 -72080.36 79.33 35.43
459.00 1.00 -64774.38 -68169.93 79.33 35.43
460.00 1.00 -64774.38 -69136.56 79.33 35.43
461.00 1.00 -64774.38 -68953.19 79.33 35.43
462.00 1.00 -64774.38 -71008.80 79.33 35.43
463.00 1.00 -64774.38 -70288.12 79.33 35.43
464.00 1.00 -64774.38 -70645.32 79.33 35.43
465.00 1.00 -64774.38 -73044.06 79.33 35.43
466.00 1.00 -64774.38 -74842.70 79.33 35.43
467.00 1.00 -64774.38 -73948.02 79.33 35.43
468.00 1.00 -64774.38 -73771.39 79.33 35.43
469.00 1.00 -64774.38 -73710.82 79.33 35.43
470.00 1.00 -64774.38 -74894.00 79.33 35.43
471.00 1.00 -64774.38 -69401.09 79.33 35.43
472.00 1.00 -64774.38 -73395.46 79.33 35.43
473.00 1.00 -64774.38 -70486.26 79.33 35.43
474.00 1.00 -64774.38 -71847.94 79.33 35.43
475.00 1.00 -64774.38 -68784.96 79.33 35.43
476.00 1.00 -64774.38 -73810.64 79.33 35.43
477.00 1.00 -64774.38 -68834.68 79.33 35.43
479.00 1.00 -64774.38 -71026.69 79.33 35.43
480.00 1.00 -64774.38 -73071.11 79.33 35.43
481.00 1.00 -64774.38 -66483.20 79.33 35.43
482.00 1.00 -64774.38 -72645.34 79.33 35.43
483.00 1.00 -64774.38 -69709.08 79.33 35.43
485.00 1.00 -64774.38 -72143.38 79.33 35.43
486.00 1.00 -64774.38 -74730.20 79.33 35.43
487.00 1.00 -64774.38 -72597.03 79.33 35.43
489.00 1.00 -64774.38 -72504.70 79.33 35.43
490.00 1.00 -64774.38 -71593.22 79.33 35.43
491.00 1.00 -64774.38 -75605.34 79.33 35.43
492.00 1.00 -64774.38 -74003.73 79.33 35.43
494.00 1.00 -64774.38 -73261.65 79.33 35.43
495.00 1.00 -64774.38 -67956.09 79.33 35.43
496.00 1.00 -64774.38 -72122.73 79.33 35.43
497.00 1.00 -64774.38 -75163.17 79.33 35.43
498.00 1.00 -64774.38 -73224.05 79.33 35.43
499.00 1.00 -64774.38 -69332.32 79.33 35.43
500.00 1.00 -64774.38 -72564.47 79.33 35.43
501.00 1.00 -64774.38 -69452.78 79.33 35.43
502.00 1.00 -64774.38 -70750.33 79.33 35.43
503.00 1.00 -64774.38 -71572.11 79.33 35.43
504.00 1.00 -64774.38 -69468.13 79.33 35.43
506.00 1.00 -64774.38 -70660.44 79.33 35.43
507.00 1.00 -64774.38 -70205.55 79.33 35.43
508.00 1.00 -64774.38 -73696.17 79.33 35.43
509.00 1.00 -64774.38 -71309.01 79.33 35.43
510.00 1.00 -64774.38 -69288.82 79.33 35.43
511.00 1.00 -64774.38 -74947.69 79.33 35.43
512.00 1.00 -64774.38 -72710.49 79.33 35.43
513.00 1.00 -64774.38 -72874.09 79.33 35.43
514.00 1.00 -64774.38 -69877.08 79.33 35.43
515.00 1.00 -64774.38 -71482.41 79.33 35.43
516.00 1.00 -64774.38 -70867.92 79.33 35.43
517.00 1.00 -64774.38 -73477.86 79.33 35.43
518.00 1.00 -64774.38 -69761.94 79.33 35.43
519.00 1.00 -64774.38 -70420.83 79.33 35.43
520.00 1.00 -64774.38 -67594.16 79.33 35.43
522.00 1.00 -64774.38 -69889.43 79.33 35.43
523.00 1.00 -64774.38 -67162.42 79.33 35.43
524.00 1.00 -64774.38 -73764.63 79.33 35.43
525.00 1.00 -64774.38 -72968.29 79.33 35.43
526.00 1.00 -64774.38 -70708.55 79.33 35.43
527.00 1.00 -64774.38 -71490.44 79.33 35.43
528.00 1.00 -64774.38 -73399.70 79.33 35.43
529.00 1.00 -64774.38 -71105.23 79.33 35.43
530.00 1.00 -64774.38 -65964.03 79.33 35.43
531.00 1.00 -64774.38 -70313.70 79.33 35.43
532.00 1.00 -64774.38 -69334.27 79.33 35.43
533.00 1.00 -64774.38 -71468.50 79.33 35.43
534.00 1.00 -64774.38 -73431.42 79.33 35.43
535.00 1.00 -64774.38 -69168.84 79.33 35.43
536.00 1.00 -64774.38 -68927.04 79.33 35.43
537.00 1.00 -64774.38 -70702.27 79.33 35.43
538.00 1.00 -64774.38 -75093.00 79.33 35.43
539.00 1.00 -64774.38 -72572.43 79.33 35.43
540.00 1.00 -64774.38 -73145.27 79.33 35.43
541.00 1.00 -64774.38 -77198.13 79.33 35.43
542.00 1.00 -64774.38 -73245.24 79.33 35.43
543.00 1.00 -64774.38 -73669.85 79.33 35.43
544.00 1.00 -64774.38 -73051.55 79.33 35.43
545.00 1.00 -64774.38 -68327.97 79.33 35.43
546.00 1.00 -64774.38 -72037.85 79.33 35.43
547.00 1.00 -64774.38 -72911.72 79.33 35.43
548.00 1.00 -64774.38 -69130.25 79.33 35.43
549.00 1.00 -64774.38 -71062.18 79.33 35.43
550.00 1.00 -64774.38 -71472.52 79.33 35.43
552.00 1.00 -64774.38 -71605.70 79.33 35.43
553.00 1.00 -64774.38 -70266.59 79.33 35.43
555.00 1.00 -64774.38 -71230.88 79.33 35.43
556.00 1.00 -64774.38 -72436.53 79.33 35.43
557.00 1.00 -64774.38 -70802.48 79.33 35.43
558.00 1.00 -64774.38 -72465.05 79.33 35.43
559.00 1.00 -64774.38 -71830.27 79.33 35.43
560.00 1.00 -64774.38 -72271.91 79.33 35.43
561.00 1.00 -64774.38 -73051.72 79.33 35.43
562.00 1.00 -64774.38 -71657.97 79.33 35.43
563.00 1.00 -64774.38 -70185.89 79.33 35.43
564.00 1.00 -64774.38 -70502.22 79.33 35.43
565.00 1.00 -64774.38 -67989.28 79.33 35.43
566.00 1.00 -64774.38 -72386.13 79.33 35.43
567.00 1.00 -64774.38 -73449.77 79.33 35.43
568.00 1.00 -64774.38 -72120.90 79.33 35.43
569.00 1.00 -64774.38 -70738.22 79.33 35.43
570.00 1.00 -64774.38 -71054.04 79.33 35.43
571.00 1.00 -64774.38 -72186.85 79.33 35.43
572.00 1.00 -64774.38 -72379.67 79.33 35.43
573.00 1.00 -64774.38 -73127.34 79.33 35.43
574.00 1.00 -64774.38 -72522.84 79.33 35.43
576.00 1.00 -64774.38 -71958.12 79.33 35.43
577.00 1.00 -64774.38 -71748.42 79.33 35.43
578.00 1.00 -64774.38 -69514.23 79.33 35.43
579.00 1.00 -64774.38 -68841.17 79.33 35.43
580.00 1.00 -64774.38 -70087.83 79.33 35.43
581.00 1.00 -64774.38 -74825.51 79.33 35.43
582.00 1.00 -64774.38 -67194.92 79.33 35.43
583.00 1.00 -64774.38 -71511.39 79.33 35.43
584.00 1.00 -64774.38 -69260.72 79.33 35.43
585.00 1.00 -64774.38 -72624.12 79.33 35.43
586.00 1.00 -64774.38 -70846.43 79.33 35.43
587.00 1.00 -64774.38 -73603.43 79.33 35.43
588.00 1.00 -64774.38 -69922.94 79.33 35.43
589.00 1.00 -64774.38 -70008.90 79.33 35.43
590.00 1.00 -64774.38 -71583.44 79.33 35.43
591.00 1.00 -64774.38 -72032.47 79.33 35.43
592.00 1.00 -64774.38 -68935.11 79.33 35.43
593.00 1.00 -64774.38 -72344.66 79.33 35.43
596.00 1.00 -64774.38 -71040.39 79.33 35.43
597.00 1.00 -64774.38 -73703.98 79.33 35.43
598.00 1.00 -64774.38 -74232.22 79.33 35.43
599.00 1.00 -64774.38 -73635.60 79.33 35.43
600.00 1.00 -64774.38 -68795.55 79.33 35.43
601.00 1.00 -64774.38 -69870.09 79.33 35.43
602.00 1.00 -64774.38 -69810.01 79.33 35.43
603.00 1.00 -64774.38 -73204.70 79.33 35.43
604.00 1.00 -64774.38 -72120.03 79.33 35.43
605.00 1.00 -64774.38 -69973.55 79.33 35.43
606.00 1.00 -64774.38 -70403.07 79.33 35.43
607.00 1.00 -64774.38 -67752.41 79.33 35.43
608.00 1.00 -64774.38 -73232.59 79.33 35.43
609.00 1.00 -64774.38 -70465.97 79.33 35.43
610.00 1.00 -64774.38 -71620.00 79.33 35.43
611.00 1.00 -64774.38 -66820.53 79.33 35.43
612.00 1.00 -64774.38 -68862.93 79.33 35.43
613.00 1.00 -64774.38 -69211.92 79.33 35.43
614.00 1.00 -64774.38 -70759.24 79.33 35.43
615.00 1.00 -64774.38 -69162.21 79.33 35.43
616.00 1.00 -64774.38 -70726.22 79.33 35.43
617.00 1.00 -64774.38 -69027.81 79.33 35.43
618.00 1.00 -64774.38 -73284.41 79.33 35.43
619.00 1.00 -64774.38 -71882.06 79.33 35.43
620.00 1.00 -64774.38 -73411.41 79.33 35.43
621.00 1.00 -64774.38 -72165.20 79.33 35.43
623.00 1.00 -64774.38 -72191.48 79.33 35.43
