0.00 1.00 -63476.04 -63476.04 127.49 49.21
1.00 2.00 -63256.09 -63256.09 123.54 56.84
2.00 2.00 -63256.09 -63585.40 123.54 56.84
3.00 2.00 -63256.09 -65508.03 123.54 56.84
4.00 3.00 -62116.34 -62116.34 110.22 49.90
5.00 3.00 -62116.34 -64944.39 110.22 49.90
6.00 3.00 -62116.34 -66795.53 110.22 49.90
7.00 3.00 -62116.34 -63852.91 110.22 49.90
8.00 3.00 -62116.34 -66104.22 110.22 49.90
9.00 3.00 -62116.34 -65178.00 110.22 49.90
10.00 3.00 -62116.34 -67401.23 110.22 49.90
11.00 4.00 -61428.38 -61428.38 103.19 54.73
12.00 4.00 -61428.38 -65543.05 103.19 54.73
13.00 4.00 -61428.38 -64059.08 103.19 54.73
14.00 4.00 -61428.38 -67674.16 103.19 54.73
15.00 4.00 -61428.38 -65187.70 103.19 54.73
16.00 4.00 -61428.38 -65521.95 103.19 54.73
17.00 4.00 -61428.38 -64896.22 103.19 54.73
18.00 4.00 -61428.38 -61787.03 103.19 54.73
19.00 4.00 -61428.38 -62427.76 103.19 54.73
20.00 4.00 -61428.38 -68668.37 103.19 54.73
21.00 4.00 -61428.38 -65052.61 103.19 54.73
22.00 4.00 -61428.38 -66895.67 103.19 54.73
23.00 4.00 -61428.38 -64797.63 103.19 54.73
24.00 4.00 -61428.38 -67643.76 103.19 54.73
25.00 4.00 -61428.38 -62264.69 103.19 54.73
26.00 4.00 -61428.38 -64824.89 103.19 54.73
27.00 4.00 -61428.38 -65106.14 103.19 54.73
28.00 5.00 -59098.65 -59098.65 88.60 20.04
29.00 5.00 -59098.65 -62628.34 88.60 20.04
30.00 5.00 -59098.65 -60763.40 88.60 20.04
31.00 5.00 -59098.65 -62037.34 88.60 20.04
32.00 5.00 -59098.65 -62406.80 88.60 20.04
33.00 5.00 -59098.65 -63934.87 88.60 20.04
34.00 5.00 -59098.65 -64694.37 88.60 20.04
35.00 5.00 -59098.65 -64038.61 88.60 20.04
36.00 5.00 -59098.65 -64201.15 88.60 20.04
37.00 5.00 -59098.65 -64969.90 88.60 20.04
38.00 5.00 -59098.65 -63365.04 88.60 20.04
39.00 5.00 -59098.65 -66279.59 88.60 20.04
40.00 5.00 -59098.65 -63380.27 88.60 20.04
41.00 5.00 -59098.65 -64713.95 88.60 20.04
42.00 5.00 -59098.65 -65891.91 88.60 20.04
44.00 5.00 -59098.65 -64524.20 88.60 20.04
45.00 5.00 -59098.65 -65997.73 88.60 20.04
46.00 5.00 -59098.65 -65063.45 88.60 20.04
47.00 5.00 -59098.65 -65665.46 88.60 20.04
48.00 5.00 -59098.65 -65754.49 88.60 20.04
49.00 5.00 -59098.65 -66980.27 88.60 20.04
50.00 5.00 -59098.65 -62474.54 88.60 20.04
51.00 5.00 -59098.65 -68208.63 88.60 20.04
52.00 5.00 -59098.65 -62687.88 88.60 20.04
53.00 5.00 -59098.65 -64396.51 88.60 20.04
55.00 5.00 -59098.65 -64533.90 88.60 20.04
57.00 5.00 -59098.65 -65158.98 88.60 20.04
58.00 5.00 -59098.65 -66713.90 88.60 20.04
59.00 5.00 -59098.65 -65715.41 88.60 20.04
60.00 5.00 -59098.65 -65795.00 88.60 20.04
61.00 5.00 -59098.65 -68893.17 88.60 20.04
62.00 5.00 -59098.65 -66481.63 88.60 20.04
63.00 5.00 -59098.65 -62657.13 88.60 20.04
64.00 5.00 -59098.65 -61628.45 88.60 20.04
65.00 5.00 -59098.65 -69291.98 88.60 20.04
66.00 5.00 -59098.65 -64658.23 88.60 20.04
67.00 5.00 -59098.65 -64289.78 88.60 20.04
68.00 5.00 -59098.65 -61606.72 88.60 20.04
69.00 5.00 -59098.65 -65176.29 88.60 20.04
70.00 5.00 -59098.65 -63862.87 88.60 20.04
71.00 5.00 -59098.65 -62474.68 88.60 20.04
72.00 5.00 -59098.65 -65438.03 88.60 20.04
73.00 5.00 -59098.65 -62959.35 88.60 20.04
74.00 5.00 -59098.65 -64289.82 88.60 20.04
75.00 5.00 -59098.65 -65575.41 88.60 20.04
76.00 6.00 -57103.14 -57103.14 66.96 31.98
77.00 6.00 -57103.14 -67848.73 66.96 31.98
78.00 6.00 -57103.14 -70618.98 66.96 31.98
79.00 6.00 -57103.14 -65545.67 66.96 31.98
80.00 6.00 -57103.14 -62068.01 66.96 31.98
82.00 6.00 -57103.14 -63675.80 66.96 31.98
83.00 6.00 -57103.14 -63789.54 66.96 31.98
84.00 6.00 -57103.14 -64368.36 66.96 31.98
85.00 6.00 -57103.14 -71765.96 66.96 31.98
86.00 6.00 -57103.14 -64999.44 66.96 31.98
87.00 6.00 -57103.14 -64330.40 66.96 31.98
89.00 6.00 -57103.14 -64087.61 66.96 31.98
90.00 6.00 -57103.14 -65224.94 66.96 31.98
91.00 6.00 -57103.14 -66465.76 66.96 31.98
92.00 6.00 -57103.14 -62716.86 66.96 31.98
93.00 6.00 -57103.14 -67344.40 66.96 31.98
94.00 6.00 -57103.14 -66436.65 66.96 31.98
95.00 6.00 -57103.14 -65662.04 66.96 31.98
96.00 6.00 -57103.14 -66003.28 66.96 31.98
97.00 6.00 -57103.14 -64539.78 66.96 31.98
98.00 6.00 -57103.14 -66605.15 66.96 31.98
99.00 6.00 -57103.14 -63085.08 66.96 31.98
100.00 6.00 -57103.14 -66322.28 66.96 31.98
101.00 6.00 -57103.14 -67284.06 66.96 31.98
102.00 6.00 -57103.14 -65389.37 66.96 31.98
104.00 6.00 -57103.14 -64251.41 66.96 31.98
105.00 6.00 -57103.14 -66484.07 66.96 31.98
106.00 6.00 -57103.14 -64040.19 66.96 31.98
107.00 6.00 -57103.14 -66310.31 66.96 31.98
108.00 6.00 -57103.14 -60343.39 66.96 31.98
109.00 6.00 -57103.14 -65722.32 66.96 31.98
110.00 6.00 -57103.14 -66017.78 66.96 31.98
111.00 6.00 -57103.14 -67922.93 66.96 31.98
112.00 6.00 -57103.14 -62960.14 66.96 31.98
115.00 6.00 -57103.14 -63613.48 66.96 31.98
116.00 6.00 -57103.14 -65510.66 66.96 31.98
117.00 6.00 -57103.14 -64983.49 66.96 31.98
118.00 6.00 -57103.14 -66171.53 66.96 31.98
119.00 6.00 -57103.14 -64864.63 66.96 31.98
121.00 6.00 -57103.14 -64149.67 66.96 31.98
122.00 6.00 -57103.14 -63845.96 66.96 31.98
123.00 6.00 -57103.14 -66567.41 66.96 31.98
124.00 6.00 -57103.14 -65005.82 66.96 31.98
125.00 6.00 -57103.14 -67023.72 66.96 31.98
126.00 6.00 -57103.14 -66011.00 66.96 31.98
127.00 6.00 -57103.14 -64787.39 66.96 31.98
128.00 6.00 -57103.14 -62890.82 66.96 31.98
129.00 6.00 -57103.14 -64337.93 66.96 31.98
130.00 6.00 -57103.14 -64561.55 66.96 31.98
131.00 6.00 -57103.14 -68559.65 66.96 31.98
132.00 6.00 -57103.14 -65709.10 66.96 31.98
133.00 6.00 -57103.14 -66147.57 66.96 31.98
134.00 6.00 -57103.14 -65283.46 66.96 31.98
135.00 6.00 -57103.14 -64707.16 66.96 31.98
138.00 6.00 -57103.14 -64540.26 66.96 31.98
139.00 6.00 -57103.14 -64806.00 66.96 31.98
140.00 6.00 -57103.14 -68982.90 66.96 31.98
141.00 6.00 -57103.14 -66853.88 66.96 31.98
142.00 6.00 -57103.14 -64716.67 66.96 31.98
143.00 6.00 -57103.14 -64546.37 66.96 31.98
144.00 6.00 -57103.14 -64066.91 66.96 31.98
145.00 6.00 -57103.14 -64517.74 66.96 31.98
146.00 6.00 -57103.14 -63573.87 66.96 31.98
147.00 6.00 -57103.14 -64021.32 66.96 31.98
148.00 6.00 -57103.14 -63637.04 66.96 31.98
149.00 6.00 -57103.14 -61938.88 66.96 31.98
150.00 6.00 -57103.14 -67577.41 66.96 31.98
151.00 6.00 -57103.14 -63884.24 66.96 31.98
152.00 6.00 -57103.14 -63089.08 66.96 31.98
153.00 6.00 -57103.14 -67836.06 66.96 31.98
154.00 6.00 -57103.14 -68151.44 66.96 31.98
155.00 6.00 -57103.14 -67519.24 66.96 31.98
156.00 6.00 -57103.14 -66958.75 66.96 31.98
157.00 6.00 -57103.14 -65613.51 66.96 31.98
158.00 6.00 -57103.14 -65150.65 66.96 31.98
159.00 6.00 -57103.14 -65552.55 66.96 31.98
160.00 6.00 -57103.14 -63760.41 66.96 31.98
161.00 6.00 -57103.14 -64644.17 66.96 31.98
162.00 6.00 -57103.14 -68239.32 66.96 31.98
163.00 6.00 -57103.14 -64650.15 66.96 31.98
164.00 6.00 -57103.14 -63883.22 66.96 31.98
166.00 6.00 -57103.14 -64860.11 66.96 31.98
167.00 6.00 -57103.14 -66221.98 66.96 31.98
169.00 6.00 -57103.14 -64185.15 66.96 31.98
170.00 6.00 -57103.14 -63719.10 66.96 31.98
171.00 6.00 -57103.14 -65482.36 66.96 31.98
172.00 6.00 -57103.14 -65729.76 66.96 31.98
175.00 6.00 -57103.14 -63233.88 66.96 31.98
176.00 6.00 -57103.14 -64765.70 66.96 31.98
178.00 6.00 -57103.14 -63596.58 66.96 31.98
180.00 6.00 -57103.14 -64356.49 66.96 31.98
181.00 6.00 -57103.14 -63471.77 66.96 31.98
182.00 6.00 -57103.14 -64196.26 66.96 31.98
183.00 6.00 -57103.14 -67151.55 66.96 31.98
185.00 6.00 -57103.14 -64791.82 66.96 31.98
186.00 6.00 -57103.14 -66436.04 66.96 31.98
187.00 6.00 -57103.14 -65577.25 66.96 31.98
188.00 6.00 -57103.14 -67560.52 66.96 31.98
189.00 6.00 -57103.14 -65042.64 66.96 31.98
190.00 6.00 -57103.14 -66014.18 66.96 31.98
191.00 6.00 -57103.14 -63167.88 66.96 31.98
192.00 6.00 -57103.14 -64789.47 66.96 31.98
193.00 6.00 -57103.14 -64626.46 66.96 31.98
194.00 6.00 -57103.14 -63569.51 66.96 31.98
195.00 6.00 -57103.14 -65824.76 66.96 31.98
196.00 6.00 -57103.14 -67892.88 66.96 31.98
197.00 6.00 -57103.14 -65773.61 66.96 31.98
198.00 6.00 -57103.14 -64478.97 66.96 31.98
199.00 6.00 -57103.14 -69204.73 66.96 31.98
201.00 6.00 -57103.14 -64861.66 66.96 31.98
202.00 6.00 -57103.14 -61304.79 66.96 31.98
203.00 6.00 -57103.14 -61748.42 66.96 31.98
204.00 6.00 -57103.14 -63844.76 66.96 31.98
206.00 6.00 -57103.14 -63894.75 66.96 31.98
207.00 6.00 -57103.14 -63005.93 66.96 31.98
208.00 6.00 -57103.14 -66239.48 66.96 31.98
209.00 6.00 -57103.14 -64998.39 66.96 31.98
210.00 6.00 -57103.14 -65923.88 66.96 31.98
211.00 6.00 -57103.14 -66013.30 66.96 31.98
212.00 6.00 -57103.14 -66014.09 66.96 31.98
214.00 6.00 -57103.14 -63969.91 66.96 31.98
215.00 6.00 -57103.14 -63571.44 66.96 31.98
216.00 6.00 -57103.14 -62645.58 66.96 31.98
217.00 6.00 -57103.14 -65110.64 66.96 31.98
218.00 6.00 -57103.14 -67635.56 66.96 31.98
220.00 6.00 -57103.14 -63854.77 66.96 31.98
221.00 6.00 -57103.14 -67365.62 66.96 31.98
222.00 6.00 -57103.14 -68137.54 66.96 31.98
223.00 6.00 -57103.14 -65897.42 66.96 31.98
225.00 6.00 -57103.14 -64825.02 66.96 31.98
226.00 6.00 -57103.14 -64938.74 66.96 31.98
227.00 6.00 -57103.14 -61910.53 66.96 31.98
228.00 6.00 -57103.14 -65041.20 66.96 31.98
229.00 6.00 -57103.14 -64495.79 66.96 31.98
230.00 6.00 -57103.14 -66189.96 66.96 31.98
232.00 6.00 -57103.14 -63623.98 66.96 31.98
234.00 6.00 -57103.14 -62138.45 66.96 31.98
235.00 6.00 -57103.14 -60359.73 66.96 31.98
237.00 6.00 -57103.14 -61582.34 66.96 31.98
238.00 6.00 -57103.14 -62286.62 66.96 31.98
239.00 6.00 -57103.14 -65502.70 66.96 31.98
240.00 6.00 -57103.14 -65076.57 66.96 31.98
241.00 6.00 -57103.14 -65573.93 66.96 31.98
242.00 6.00 -57103.14 -66437.74 66.96 31.98
243.00 6.00 -57103.14 -63083.17 66.96 31.98
244.00 6.00 -57103.14 -62078.01 66.96 31.98
245.00 6.00 -57103.14 -65341.74 66.96 31.98
246.00 6.00 -57103.14 -66576.65 66.96 31.98
247.00 6.00 -57103.14 -66165.62 66.96 31.98
248.00 6.00 -57103.14 -64057.47 66.96 31.98
249.00 6.00 -57103.14 -66390.32 66.96 31.98
250.00 6.00 -57103.14 -64377.51 66.96 31.98
251.00 6.00 -57103.14 -60933.24 66.96 31.98
252.00 6.00 -57103.14 -64802.01 66.96 31.98
253.00 6.00 -57103.14 -67059.87 66.96 31.98
254.00 6.00 -57103.14 -67189.82 66.96 31.98
255.00 6.00 -57103.14 -62347.56 66.96 31.98
256.00 6.00 -57103.14 -65809.11 66.96 31.98
257.00 6.00 -57103.14 -62610.66 66.96 31.98
259.00 6.00 -57103.14 -64368.34 66.96 31.98
260.00 6.00 -57103.14 -65532.56 66.96 31.98
261.00 6.00 -57103.14 -63917.19 66.96 31.98
262.00 6.00 -57103.14 -64632.41 66.96 31.98
263.00 6.00 -57103.14 -64145.74 66.96 31.98
264.00 6.00 -57103.14 -67091.42 66.96 31.98
266.00 6.00 -57103.14 -65196.90 66.96 31.98
267.00 6.00 -57103.14 -64263.15 66.96 31.98
269.00 6.00 -57103.14 -64426.33 66.96 31.98
270.00 6.00 -57103.14 -65157.19 66.96 31.98
271.00 6.00 -57103.14 -61628.84 66.96 31.98
272.00 6.00 -57103.14 -67305.91 66.96 31.98
273.00 6.00 -57103.14 -65929.91 66.96 31.98
274.00 6.00 -57103.14 -66567.28 66.96 31.98
276.00 6.00 -57103.14 -65480.66 66.96 31.98
277.00 6.00 -57103.14 -65540.60 66.96 31.98
278.00 6.00 -57103.14 -62003.12 66.96 31.98
279.00 6.00 -57103.14 -66598.82 66.96 31.98
280.00 6.00 -57103.14 -66168.17 66.96 31.98
281.00 6.00 -57103.14 -62836.87 66.96 31.98
282.00 6.00 -57103.14 -64270.66 66.96 31.98
283.00 6.00 -57103.14 -65428.84 66.96 31.98
284.00 6.00 -57103.14 -63864.25 66.96 31.98
286.00 6.00 -57103.14 -64092.87 66.96 31.98
287.00 6.00 -57103.14 -62642.78 66.96 31.98
289.00 6.00 -57103.14 -64073.27 66.96 31.98
290.00 6.00 -57103.14 -61735.39 66.96 31.98
291.00 6.00 -57103.14 -65268.21 66.96 31.98
292.00 6.00 -57103.14 -59382.70 66.96 31.98
294.00 6.00 -57103.14 -63217.98 66.96 31.98
295.00 6.00 -57103.14 -63572.54 66.96 31.98
296.00 6.00 -57103.14 -64631.97 66.96 31.98
297.00 6.00 -57103.14 -65035.51 66.96 31.98
298.00 6.00 -57103.14 -61658.74 66.96 31.98
299.00 6.00 -57103.14 -67268.45 66.96 31.98
300.00 6.00 -57103.14 -66365.64 66.96 31.98
301.00 6.00 -57103.14 -62960.62 66.96 31.98
302.00 6.00 -57103.14 -63990.15 66.96 31.98
303.00 6.00 -57103.14 -62243.77 66.96 31.98
304.00 6.00 -57103.14 -65552.79 66.96 31.98
305.00 6.00 -57103.14 -66837.92 66.96 31.98
308.00 6.00 -57103.14 -64415.02 66.96 31.98
309.00 6.00 -57103.14 -65214.36 66.96 31.98
310.00 6.00 -57103.14 -68369.11 66.96 31.98
311.00 6.00 -57103.14 -65240.05 66.96 31.98
313.00 6.00 -57103.14 -65539.16 66.96 31.98
314.00 6.00 -57103.14 -65868.83 66.96 31.98
315.00 6.00 -57103.14 -65929.62 66.96 31.98
316.00 6.00 -57103.14 -60419.62 66.96 31.98
317.00 6.00 -57103.14 -65572.58 66.96 31.98
318.00 6.00 -57103.14 -61352.43 66.96 31.98
319.00 6.00 -57103.14 -65107.31 66.96 31.98
320.00 6.00 -57103.14 -67802.61 66.96 31.98
321.00 6.00 -57103.14 -65051.26 66.96 31.98
322.00 6.00 -57103.14 -64964.63 66.96 31.98
323.00 6.00 -57103.14 -65775.10 66.96 31.98
324.00 6.00 -57103.14 -63452.18 66.96 31.98
325.00 6.00 -57103.14 -65639.19 66.96 31.98
327.00 6.00 -57103.14 -64304.42 66.96 31.98
329.00 6.00 -57103.14 -64756.61 66.96 31.98
330.00 6.00 -57103.14 -64533.84 66.96 31.98
331.00 6.00 -57103.14 -62142.16 66.96 31.98
332.00 6.00 -57103.14 -66452.75 66.96 31.98
333.00 6.00 -57103.14 -62583.29 66.96 31.98
334.00 6.00 -57103.14 -64548.54 66.96 31.98
335.00 6.00 -57103.14 -64053.42 66.96 31.98
336.00 6.00 -57103.14 -66264.15 66.96 31.98
337.00 6.00 -57103.14 -62629.05 66.96 31.98
338.00 6.00 -57103.14 -64268.49 66.96 31.98
340.00 6.00 -57103.14 -63739.49 66.96 31.98
341.00 6.00 -57103.14 -69781.93 66.96 31.98
342.00 6.00 -57103.14 -64674.41 66.96 31.98
343.00 6.00 -57103.14 -69185.04 66.96 31.98
344.00 6.00 -57103.14 -64698.22 66.96 31.98
345.00 6.00 -57103.14 -64285.56 66.96 31.98
346.00 6.00 -57103.14 -64177.60 66.96 31.98
347.00 6.00 -57103.14 -64036.46 66.96 31.98
348.00 6.00 -57103.14 -64982.40 66.96 31.98
349.00 6.00 -57103.14 -63068.42 66.96 31.98
350.00 6.00 -57103.14 -67026.14 66.96 31.98
351.00 6.00 -57103.14 -64256.25 66.96 31.98
352.00 6.00 -57103.14 -64665.44 66.96 31.98
353.00 6.00 -57103.14 -63063.24 66.96 31.98
356.00 6.00 -57103.14 -64260.15 66.96 31.98
357.00 6.00 -57103.14 -67487.23 66.96 31.98
358.00 6.00 -57103.14 -66282.27 66.96 31.98
359.00 6.00 -57103.14 -62643.02 66.96 31.98
360.00 6.00 -57103.14 -64837.95 66.96 31.98
361.00 6.00 -57103.14 -65049.86 66.96 31.98
362.00 6.00 -57103.14 -63353.12 66.96 31.98
363.00 6.00 -57103.14 -65299.02 66.96 31.98
364.00 6.00 -57103.14 -65175.73 66.96 31.98
365.00 6.00 -57103.14 -66994.76 66.96 31.98
366.00 6.00 -57103.14 -67028.86 66.96 31.98
367.00 6.00 -57103.14 -66695.46 66.96 31.98
368.00 6.00 -57103.14 -62010.64 66.96 31.98
369.00 6.00 -57103.14 -67499.87 66.96 31.98
370.00 6.00 -57103.14 -67577.35 66.96 31.98
371.00 6.00 -57103.14 -65685.51 66.96 31.98
372.00 6.00 -57103.14 -65568.39 66.96 31.98
373.00 6.00 -57103.14 -66961.05 66.96 31.98
376.00 6.00 -57103.14 -65647.17 66.96 31.98
377.00 6.00 -57103.14 -66909.49 66.96 31.98
378.00 6.00 -57103.14 -65614.09 66.96 31.98
379.00 6.00 -57103.14 -61949.76 66.96 31.98
380.00 6.00 -57103.14 -66176.99 66.96 31.98
381.00 6.00 -57103.14 -65346.66 66.96 31.98
382.00 6.00 -57103.14 -64638.47 66.96 31.98
384.00 6.00 -57103.14 -64759.73 66.96 31.98
385.00 6.00 -57103.14 -65354.69 66.96 31.98
386.00 6.00 -57103.14 -65454.52 66.96 31.98
387.00 6.00 -57103.14 -66202.05 66.96 31.98
388.00 6.00 -57103.14 -67857.77 66.96 31.98
390.00 6.00 -57103.14 -65473.84 66.96 31.98
393.00 6.00 -57103.14 -64804.96 66.96 31.98
394.00 6.00 -57103.14 -68001.05 66.96 31.98
395.00 6.00 -57103.14 -65944.29 66.96 31.98
396.00 6.00 -57103.14 -66867.92 66.96 31.98
399.00 6.00 -57103.14 -65244.29 66.96 31.98
401.00 6.00 -57103.14 -64566.05 66.96 31.98
402.00 6.00 -57103.14 -63644.93 66.96 31.98
403.00 6.00 -57103.14 -63733.85 66.96 31.98
404.00 6.00 -57103.14 -67603.35 66.96 31.98
405.00 6.00 -57103.14 -63746.12 66.96 31.98
407.00 6.00 -57103.14 -64879.42 66.96 31.98
409.00 6.00 -57103.14 -64926.74 66.96 31.98
410.00 6.00 -57103.14 -66199.72 66.96 31.98
411.00 6.00 -57103.14 -64415.20 66.96 31.98
412.00 6.00 -57103.14 -64554.08 66.96 31.98
413.00 6.00 -57103.14 -66310.17 66.96 31.98
415.00 6.00 -57103.14 -63471.14 66.96 31.98
416.00 6.00 -57103.14 -63417.69 66.96 31.98
417.00 6.00 -57103.14 -62204.64 66.96 31.98
418.00 6.00 -57103.14 -65172.64 66.96 31.98
419.00 6.00 -57103.14 -64050.25 66.96 31.98
421.00 6.00 -57103.14 -63824.73 66.96 31.98
422.00 6.00 -57103.14 -63721.82 66.96 31.98
423.00 6.00 -57103.14 -65681.62 66.96 31.98
424.00 6.00 -57103.14 -69250.40 66.96 31.98
425.00 6.00 -57103.14 -62519.74 66.96 31.98
426.00 6.00 -57103.14 -61950.18 66.96 31.98
427.00 6.00 -57103.14 -65727.01 66.96 31.98
428.00 6.00 -57103.14 -65006.64 66.96 31.98
429.00 6.00 -57103.14 -65731.41 66.96 31.98
430.00 6.00 -57103.14 -64322.19 66.96 31.98
432.00 6.00 -57103.14 -63575.89 66.96 31.98
433.00 6.00 -57103.14 -66592.40 66.96 31.98
434.00 6.00 -57103.14 -63874.01 66.96 31.98
435.00 6.00 -57103.14 -65238.42 66.96 31.98
436.00 6.00 -57103.14 -62691.24 66.96 31.98
437.00 6.00 -57103.14 -66809.66 66.96 31.98
439.00 6.00 -57103.14 -65248.91 66.96 31.98
440.00 6.00 -57103.14 -63570.07 66.96 31.98
441.00 6.00 -57103.14 -66298.99 66.96 31.98
442.00 6.00 -57103.14 -63851.04 66.96 31.98
443.00 6.00 -57103.14 -66219.29 66.96 31.98
444.00 6.00 -57103.14 -65169.01 66.96 31.98
445.00 6.00 -57103.14 -63079.16 66.96 31.98
447.00 6.00 -57103.14 -64360.36 66.96 31.98
448.00 6.00 -57103.14 -65889.49 66.96 31.98
450.00 6.00 -57103.14 -65328.02 66.96 31.98
451.00 6.00 -57103.14 -65688.17 66.96 31.98
452.00 6.00 -57103.14 -64140.05 66.96 31.98
453.00 6.00 -57103.14 -63527.16 66.96 31.98
454.00 6.00 -57103.14 -60948.14 66.96 31.98
455.00 6.00 -57103.14 -67187.62 66.96 31.98
457.00 6.00 -57103.14 -64565.50 66.96 31.98
458.00 6.00 -57103.14 -63352.45 66.96 31.98
459.00 6.00 -57103.14 -63412.78 66.96 31.98
460.00 6.00 -57103.14 -65394.22 66.96 31.98
461.00 6.00 -57103.14 -66400.58 66.96 31.98
462.00 6.00 -57103.14 -66556.98 66.96 31.98
463.00 6.00 -57103.14 -64206.58 66.96 31.98
464.00 6.00 -57103.14 -63247.83 66.96 31.98
465.00 6.00 -57103.14 -65271.23 66.96 31.98
466.00 6.00 -57103.14 -64718.70 66.96 31.98
467.00 6.00 -57103.14 -65261.16 66.96 31.98
468.00 6.00 -57103.14 -63593.81 66.96 31.98
469.00 6.00 -57103.14 -67994.59 66.96 31.98
470.00 6.00 -57103.14 -62756.26 66.96 31.98
472.00 6.00 -57103.14 -65792.49 66.96 31.98
473.00 6.00 -57103.14 -65123.39 66.96 31.98
475.00 6.00 -57103.14 -65185.00 66.96 31.98
477.00 6.00 -57103.14 -65418.24 66.96 31.98
478.00 6.00 -57103.14 -64564.44 66.96 31.98
480.00 6.00 -57103.14 -64783.79 66.96 31.98
481.00 6.00 -57103.14 -64304.14 66.96 31.98
482.00 6.00 -57103.14 -66167.77 66.96 31.98
483.00 6.00 -57103.14 -62977.15 66.96 31.98
484.00 6.00 -57103.14 -67156.12 66.96 31.98
485.00 6.00 -57103.14 -63670.90 66.96 31.98
486.00 6.00 -57103.14 -63772.05 66.96 31.98
488.00 6.00 -57103.14 -65225.62 66.96 31.98
489.00 6.00 -57103.14 -70422.40 66.96 31.98
490.00 6.00 -57103.14 -64821.72 66.96 31.98
491.00 6.00 -57103.14 -69421.67 66.96 31.98
492.00 6.00 -57103.14 -62910.43 66.96 31.98
493.00 6.00 -57103.14 -63948.69 66.96 31.98
494.00 6.00 -57103.14 -64681.65 66.96 31.98
495.00 6.00 -57103.14 -65469.35 66.96 31.98
496.00 6.00 -57103.14 -65529.98 66.96 31.98
497.00 6.00 -57103.14 -63987.86 66.96 31.98
498.00 6.00 -57103.14 -64368.83 66.96 31.98
499.00 6.00 -57103.14 -65375.67 66.96 31.98
500.00 6.00 -57103.14 -63428.43 66.96 31.98
501.00 6.00 -57103.14 -64974.92 66.96 31.98
502.00 6.00 -57103.14 -64019.48 66.96 31.98
504.00 6.00 -57103.14 -64224.54 66.96 31.98
506.00 6.00 -57103.14 -64001.48 66.96 31.98
507.00 6.00 -57103.14 -65538.17 66.96 31.98
508.00 6.00 -57103.14 -64006.56 66.96 31.98
509.00 6.00 -57103.14 -67676.84 66.96 31.98
510.00 6.00 -57103.14 -62608.44 66.96 31.98
511.00 6.00 -57103.14 -59320.40 66.96 31.98
512.00 6.00 -57103.14 -66895.32 66.96 31.98
513.00 6.00 -57103.14 -63997.07 66.96 31.98
514.00 6.00 -57103.14 -66675.11 66.96 31.98
515.00 6.00 -57103.14 -66547.83 66.96 31.98
516.00 6.00 -57103.14 -65783.13 66.96 31.98
517.00 6.00 -57103.14 -63061.58 66.96 31.98
518.00 6.00 -57103.14 -64235.79 66.96 31.98
519.00 6.00 -57103.14 -67413.31 66.96 31.98
520.00 6.00 -57103.14 -66184.71 66.96 31.98
521.00 6.00 -57103.14 -62880.44 66.96 31.98
522.00 6.00 -57103.14 -69896.56 66.96 31.98
523.00 6.00 -57103.14 -64919.61 66.96 31.98
524.00 6.00 -57103.14 -66912.26 66.96 31.98
525.00 6.00 -57103.14 -66909.48 66.96 31.98
526.00 6.00 -57103.14 -62482.44 66.96 31.98
527.00 6.00 -57103.14 -64826.16 66.96 31.98
528.00 6.00 -57103.14 -63051.68 66.96 31.98
529.00 6.00 -57103.14 -66926.00 66.96 31.98
530.00 6.00 -57103.14 -65353.83 66.96 31.98
531.00 6.00 -57103.14 -64414.25 66.96 31.98
533.00 6.00 -57103.14 -64755.37 66.96 31.98
535.00 6.00 -57103.14 -64780.47 66.96 31.98
536.00 6.00 -57103.14 -65124.99 66.96 31.98
537.00 6.00 -57103.14 -66247.46 66.96 31.98
538.00 6.00 -57103.14 -60261.30 66.96 31.98
539.00 6.00 -57103.14 -63601.33 66.96 31.98
540.00 6.00 -57103.14 -65881.61 66.96 31.98
541.00 6.00 -57103.14 -65734.98 66.96 31.98
542.00 6.00 -57103.14 -64659.46 66.96 31.98
543.00 6.00 -57103.14 -65223.07 66.96 31.98
544.00 6.00 -57103.14 -63258.11 66.96 31.98
545.00 6.00 -57103.14 -65991.09 66.96 31.98
547.00 6.00 -57103.14 -64792.87 66.96 31.98
549.00 6.00 -57103.14 -65654.08 66.96 31.98
550.00 6.00 -57103.14 -65073.03 66.96 31.98
551.00 6.00 -57103.14 -67517.03 66.96 31.98
552.00 6.00 -57103.14 -64250.35 66.96 31.98
553.00 6.00 -57103.14 -68535.69 66.96 31.98
554.00 6.00 -57103.14 -67112.97 66.96 31.98
555.00 6.00 -57103.14 -62315.33 66.96 31.98
556.00 6.00 -57103.14 -63144.74 66.96 31.98
557.00 6.00 -57103.14 -63390.17 66.96 31.98
558.00 6.00 -57103.14 -67271.42 66.96 31.98
559.00 6.00 -57103.14 -64073.19 66.96 31.98
560.00 6.00 -57103.14 -66777.70 66.96 31.98
561.00 6.00 -57103.14 -60612.39 66.96 31.98
563.00 6.00 -57103.14 -64457.91 66.96 31.98
564.00 6.00 -57103.14 -63645.97 66.96 31.98
567.00 6.00 -57103.14 -64569.59 66.96 31.98
569.00 6.00 -57103.14 -64862.29 66.96 31.98
570.00 6.00 -57103.14 -65284.51 66.96 31.98
571.00 6.00 -57103.14 -63221.96 66.96 31.98
573.00 6.00 -57103.14 -64918.64 66.96 31.98
574.00 6.00 -57103.14 -64728.08 66.96 31.98
575.00 6.00 -57103.14 -64100.50 66.96 31.98
576.00 6.00 -57103.14 -64995.46 66.96 31.98
577.00 6.00 -57103.14 -63833.26 66.96 31.98
578.00 6.00 -57103.14 -65955.76 66.96 31.98
580.00 6.00 -57103.14 -63868.73 66.96 31.98
581.00 6.00 -57103.14 -68695.67 66.96 31.98
582.00 6.00 -57103.14 -64155.28 66.96 31.98
583.00 6.00 -57103.14 -64610.36 66.96 31.98
584.00 6.00 -57103.14 -65723.64 66.96 31.98
586.00 6.00 -57103.14 -64131.28 66.96 31.98
587.00 6.00 -57103.14 -59661.56 66.96 31.98
588.00 6.00 -57103.14 -66947.11 66.96 31.98
589.00 6.00 -57103.14 -67755.75 66.96 31.98
591.00 6.00 -57103.14 -66441.12 66.96 31.98
592.00 6.00 -57103.14 -65283.76 66.96 31.98
593.00 6.00 -57103.14 -62220.80 66.96 31.98
594.00 6.00 -57103.14 -67638.65 66.96 31.98
596.00 6.00 -57103.14 -64965.99 66.96 31.98
597.00 6.00 -57103.14 -66833.36 66.96 31.98
598.00 6.00 -57103.14 -65386.32 66.96 31.98
599.00 6.00 -57103.14 -67143.87 66.96 31.98
600.00 6.00 -57103.14 -62712.27 66.96 31.98
601.00 6.00 -57103.14 -67486.37 66.96 31.98
602.00 6.00 -57103.14 -64721.86 66.96 31.98
604.00 6.00 -57103.14 -65313.48 66.96 31.98
605.00 6.00 -57103.14 -62864.31 66.96 31.98
607.00 6.00 -57103.14 -64848.93 66.96 31.98
608.00 6.00 -57103.14 -65874.69 66.96 31.98
609.00 6.00 -57103.14 -63951.73 66.96 31.98
611.00 6.00 -57103.14 -64462.26 66.96 31.98
612.00 6.00 -57103.14 -61811.06 66.96 31.98
613.00 6.00 -57103.14 -63822.11 66.96 31.98
614.00 6.00 -57103.14 -64407.39 66.96 31.98
615.00 6.00 -57103.14 -66305.59 66.96 31.98
616.00 6.00 -57103.14 -66367.52 66.96 31.98
617.00 6.00 -57103.14 -64767.81 66.96 31.98
618.00 6.00 -57103.14 -65461.15 66.96 31.98
619.00 6.00 -57103.14 -63988.93 66.96 31.98
620.00 6.00 -57103.14 -63015.70 66.96 31.98
621.00 6.00 -57103.14 -64523.60 66.96 31.98
