0.00 1.00 -102376.52 -102376.52 111.90 56.18
1.00 2.00 -95638.61 -95638.61 73.81 45.46
2.00 2.00 -95638.61 -106492.86 73.81 45.46
3.00 2.00 -95638.61 -105425.31 73.81 45.46
4.00 2.00 -95638.61 -108737.72 73.81 45.46
5.00 2.00 -95638.61 -106141.57 73.81 45.46
6.00 2.00 -95638.61 -98977.20 73.81 45.46
7.00 2.00 -95638.61 -107432.75 73.81 45.46
8.00 2.00 -95638.61 -109026.00 73.81 45.46
9.00 2.00 -95638.61 -106772.35 73.81 45.46
10.00 2.00 -95638.61 -103848.03 73.81 45.46
11.00 2.00 -95638.61 -103918.70 73.81 45.46
12.00 2.00 -95638.61 -104628.76 73.81 45.46
13.00 2.00 -95638.61 -101697.59 73.81 45.46
14.00 2.00 -95638.61 -108250.49 73.81 45.46
15.00 2.00 -95638.61 -107419.38 73.81 45.46
16.00 2.00 -95638.61 -108768.67 73.81 45.46
17.00 2.00 -95638.61 -107393.98 73.81 45.46
18.00 2.00 -95638.61 -100326.67 73.81 45.46
19.00 2.00 -95638.61 -98708.15 73.81 45.46
20.00 2.00 -95638.61 -102969.32 73.81 45.46
21.00 2.00 -95638.61 -105789.30 73.81 45.46
22.00 2.00 -95638.61 -102344.29 73.81 45.46
23.00 2.00 -95638.61 -106002.58 73.81 45.46
24.00 2.00 -95638.61 -105567.06 73.81 45.46
25.00 2.00 -95638.61 -107963.39 73.81 45.46
26.00 2.00 -95638.61 -104737.79 73.81 45.46
27.00 2.00 -95638.61 -107706.39 73.81 45.46
28.00 2.00 -95638.61 -103551.83 73.81 45.46
29.00 2.00 -95638.61 -104672.04 73.81 45.46
30.00 2.00 -95638.61 -111199.51 73.81 45.46
31.00 2.00 -95638.61 -103326.46 73.81 45.46
32.00 2.00 -95638.61 -105660.14 73.81 45.46
33.00 2.00 -95638.61 -99613.69 73.81 45.46
34.00 2.00 -95638.61 -107329.13 73.81 45.46
35.00 2.00 -95638.61 -102051.62 73.81 45.46
36.00 2.00 -95638.61 -100985.09 73.81 45.46
37.00 2.00 -95638.61 -108067.71 73.81 45.46
38.00 2.00 -95638.61 -104854.76 73.81 45.46
39.00 2.00 -95638.61 -105526.27 73.81 45.46
41.00 2.00 -95638.61 -104428.90 73.81 45.46
42.00 2.00 -95638.61 -100495.67 73.81 45.46
44.00 2.00 -95638.61 -104039.98 73.81 45.46
45.00 2.00 -95638.61 -104712.78 73.81 45.46
46.00 2.00 -95638.61 -105696.52 73.81 45.46
48.00 2.00 -95638.61 -104811.70 73.81 45.46
49.00 2.00 -95638.61 -110685.99 73.81 45.46
50.00 2.00 -95638.61 -101364.77 73.81 45.46
51.00 2.00 -95638.61 -104959.38 73.81 45.46
53.00 2.00 -95638.61 -105740.12 73.81 45.46
56.00 2.00 -95638.61 -106217.05 73.81 45.46
57.00 2.00 -95638.61 -103439.27 73.81 45.46
58.00 2.00 -95638.61 -102407.50 73.81 45.46
59.00 2.00 -95638.61 -109584.56 73.81 45.46
61.00 2.00 -95638.61 -106663.12 73.81 45.46
62.00 2.00 -95638.61 -99606.36 73.81 45.46
63.00 2.00 -95638.61 -102316.00 73.81 45.46
64.00 2.00 -95638.61 -105086.34 73.81 45.46
65.00 2.00 -95638.61 -103179.90 73.81 45.46
66.00 2.00 -95638.61 -104554.59 73.81 45.46
68.00 2.00 -95638.61 -105577.04 73.81 45.46
69.00 2.00 -95638.61 -110679.90 73.81 45.46
70.00 2.00 -95638.61 -106992.13 73.81 45.46
71.00 2.00 -95638.61 -108755.33 73.81 45.46
72.00 2.00 -95638.61 -108061.44 73.81 45.46
73.00 2.00 -95638.61 -111654.69 73.81 45.46
74.00 2.00 -95638.61 -117703.72 73.81 45.46
75.00 2.00 -95638.61 -110847.25 73.81 45.46
76.00 2.00 -95638.61 -110986.47 73.81 45.46
79.00 2.00 -95638.61 -107513.52 73.81 45.46
80.00 2.00 -95638.61 -105431.32 73.81 45.46
81.00 2.00 -95638.61 -106102.01 73.81 45.46
82.00 2.00 -95638.61 -107253.89 73.81 45.46
83.00 2.00 -95638.61 -112223.78 73.81 45.46
84.00 2.00 -95638.61 -106777.31 73.81 45.46
85.00 2.00 -95638.61 -106375.96 73.81 45.46
88.00 2.00 -95638.61 -105848.20 73.81 45.46
89.00 2.00 -95638.61 -106044.03 73.81 45.46
91.00 2.00 -95638.61 -105643.20 73.81 45.46
92.00 2.00 -95638.61 -106728.41 73.81 45.46
93.00 2.00 -95638.61 -112494.56 73.81 45.46
94.00 2.00 -95638.61 -108020.85 73.81 45.46
95.00 2.00 -95638.61 -105651.59 73.81 45.46
96.00 2.00 -95638.61 -104716.65 73.81 45.46
99.00 2.00 -95638.61 -103261.56 73.81 45.46
100.00 2.00 -95638.61 -103186.92 73.81 45.46
101.00 2.00 -95638.61 -106685.48 73.81 45.46
102.00 2.00 -95638.61 -107491.12 73.81 45.46
103.00 2.00 -95638.61 -103399.38 73.81 45.46
104.00 2.00 -95638.61 -105017.16 73.81 45.46
105.00 2.00 -95638.61 -111558.43 73.81 45.46
106.00 2.00 -95638.61 -101823.75 73.81 45.46
107.00 2.00 -95638.61 -109626.32 73.81 45.46
110.00 2.00 -95638.61 -104927.20 73.81 45.46
112.00 2.00 -95638.61 -104788.73 73.81 45.46
113.00 2.00 -95638.61 -114045.99 73.81 45.46
114.00 2.00 -95638.61 -102111.89 73.81 45.46
115.00 2.00 -95638.61 -107890.71 73.81 45.46
116.00 2.00 -95638.61 -107429.59 73.81 45.46
117.00 2.00 -95638.61 -104781.41 73.81 45.46
118.00 2.00 -95638.61 -103638.91 73.81 45.46
119.00 2.00 -95638.61 -103595.70 73.81 45.46
120.00 2.00 -95638.61 -101750.24 73.81 45.46
122.00 2.00 -95638.61 -103278.23 73.81 45.46
123.00 2.00 -95638.61 -106820.43 73.81 45.46
124.00 2.00 -95638.61 -106312.64 73.81 45.46
125.00 2.00 -95638.61 -105395.81 73.81 45.46
126.00 2.00 -95638.61 -105302.81 73.81 45.46
127.00 2.00 -95638.61 -105134.23 73.81 45.46
128.00 2.00 -95638.61 -108356.16 73.81 45.46
129.00 2.00 -95638.61 -102798.23 73.81 45.46
130.00 2.00 -95638.61 -107672.82 73.81 45.46
131.00 2.00 -95638.61 -99730.22 73.81 45.46
133.00 2.00 -95638.61 -104353.38 73.81 45.46
134.00 2.00 -95638.61 -101877.55 73.81 45.46
135.00 2.00 -95638.61 -109261.05 73.81 45.46
136.00 2.00 -95638.61 -110576.50 73.81 45.46
138.00 2.00 -95638.61 -107379.78 73.81 45.46
139.00 2.00 -95638.61 -101495.32 73.81 45.46
141.00 2.00 -95638.61 -105533.75 73.81 45.46
145.00 2.00 -95638.61 -105613.67 73.81 45.46
146.00 2.00 -95638.61 -106024.69 73.81 45.46
147.00 2.00 -95638.61 -104678.38 73.81 45.46
148.00 2.00 -95638.61 -104909.10 73.81 45.46
149.00 2.00 -95638.61 -101506.02 73.81 45.46
150.00 2.00 -95638.61 -101561.02 73.81 45.46
151.00 2.00 -95638.61 -105174.52 73.81 45.46
152.00 2.00 -95638.61 -108996.66 73.81 45.46
154.00 2.00 -95638.61 -106035.69 73.81 45.46
155.00 2.00 -95638.61 -110798.01 73.81 45.46
156.00 2.00 -95638.61 -106364.73 73.81 45.46
157.00 2.00 -95638.61 -106120.99 73.81 45.46
158.00 2.00 -95638.61 -109046.16 73.81 45.46
159.00 2.00 -95638.61 -106666.05 73.81 45.46
160.00 2.00 -95638.61 -97962.54 73.81 45.46
161.00 2.00 -95638.61 -102951.63 73.81 45.46
162.00 2.00 -95638.61 -107618.65 73.81 45.46
163.00 2.00 -95638.61 -109281.73 73.81 45.46
164.00 2.00 -95638.61 -114034.12 73.81 45.46
165.00 2.00 -95638.61 -109649.06 73.81 45.46
167.00 2.00 -95638.61 -108122.69 73.81 45.46
168.00 2.00 -95638.61 -104217.37 73.81 45.46
169.00 2.00 -95638.61 -102817.57 73.81 45.46
170.00 2.00 -95638.61 -101806.35 73.81 45.46
173.00 2.00 -95638.61 -103862.06 73.81 45.46
174.00 2.00 -95638.61 -105947.73 73.81 45.46
175.00 2.00 -95638.61 -109225.23 73.81 45.46
176.00 2.00 -95638.61 -101750.25 73.81 45.46
178.00 2.00 -95638.61 -104432.55 73.81 45.46
180.00 2.00 -95638.61 -102988.57 73.81 45.46
181.00 2.00 -95638.61 -109759.57 73.81 45.46
184.00 2.00 -95638.61 -105126.45 73.81 45.46
185.00 2.00 -95638.61 -107255.63 73.81 45.46
186.00 2.00 -95638.61 -105756.53 73.81 45.46
187.00 2.00 -95638.61 -105261.09 73.81 45.46
188.00 2.00 -95638.61 -106319.74 73.81 45.46
189.00 2.00 -95638.61 -108133.73 73.81 45.46
190.00 2.00 -95638.61 -104366.89 73.81 45.46
191.00 2.00 -95638.61 -109651.01 73.81 45.46
192.00 2.00 -95638.61 -105257.76 73.81 45.46
193.00 2.00 -95638.61 -99703.26 73.81 45.46
194.00 2.00 -95638.61 -105862.04 73.81 45.46
195.00 2.00 -95638.61 -108458.08 73.81 45.46
196.00 2.00 -95638.61 -106821.28 73.81 45.46
197.00 2.00 -95638.61 -101786.74 73.81 45.46
198.00 2.00 -95638.61 -106488.13 73.81 45.46
199.00 2.00 -95638.61 -103690.39 73.81 45.46
200.00 2.00 -95638.61 -107892.68 73.81 45.46
201.00 2.00 -95638.61 -103450.97 73.81 45.46
202.00 2.00 -95638.61 -105087.74 73.81 45.46
203.00 2.00 -95638.61 -100989.78 73.81 45.46
205.00 2.00 -95638.61 -104720.83 73.81 45.46
206.00 2.00 -95638.61 -105560.24 73.81 45.46
208.00 2.00 -95638.61 -105695.37 73.81 45.46
209.00 2.00 -95638.61 -106738.73 73.81 45.46
210.00 2.00 -95638.61 -104081.58 73.81 45.46
211.00 2.00 -95638.61 -104546.73 73.81 45.46
212.00 2.00 -95638.61 -100758.33 73.81 45.46
213.00 2.00 -95638.61 -108526.96 73.81 45.46
214.00 2.00 -95638.61 -108607.15 73.81 45.46
216.00 2.00 -95638.61 -106995.34 73.81 45.46
217.00 2.00 -95638.61 -101971.84 73.81 45.46
218.00 2.00 -95638.61 -101921.58 73.81 45.46
219.00 2.00 -95638.61 -108004.80 73.81 45.46
220.00 2.00 -95638.61 -106270.88 73.81 45.46
221.00 2.00 -95638.61 -102941.91 73.81 45.46
222.00 2.00 -95638.61 -110588.90 73.81 45.46
224.00 2.00 -95638.61 -104003.10 73.81 45.46
225.00 2.00 -95638.61 -104143.81 73.81 45.46
226.00 2.00 -95638.61 -106565.57 73.81 45.46
227.00 2.00 -95638.61 -106512.33 73.81 45.46
228.00 2.00 -95638.61 -107518.64 73.81 45.46
229.00 2.00 -95638.61 -101699.66 73.81 45.46
230.00 2.00 -95638.61 -101505.99 73.81 45.46
231.00 2.00 -95638.61 -103112.81 73.81 45.46
232.00 2.00 -95638.61 -105682.27 73.81 45.46
235.00 2.00 -95638.61 -103342.92 73.81 45.46
236.00 2.00 -95638.61 -111669.13 73.81 45.46
237.00 2.00 -95638.61 -112114.22 73.81 45.46
239.00 2.00 -95638.61 -106167.66 73.81 45.46
240.00 2.00 -95638.61 -108524.53 73.81 45.46
241.00 2.00 -95638.61 -109126.73 73.81 45.46
244.00 2.00 -95638.61 -102133.14 73.81 45.46
245.00 2.00 -95638.61 -106631.01 73.81 45.46
246.00 2.00 -95638.61 -102386.71 73.81 45.46
247.00 2.00 -95638.61 -109014.24 73.81 45.46
248.00 2.00 -95638.61 -107666.15 73.81 45.46
249.00 2.00 -95638.61 -110204.70 73.81 45.46
250.00 2.00 -95638.61 -104467.76 73.81 45.46
251.00 2.00 -95638.61 -101727.30 73.81 45.46
253.00 2.00 -95638.61 -104892.37 73.81 45.46
254.00 2.00 -95638.61 -104528.52 73.81 45.46
256.00 2.00 -95638.61 -105080.79 73.81 45.46
257.00 2.00 -95638.61 -103208.91 73.81 45.46
258.00 2.00 -95638.61 -105901.69 73.81 45.46
259.00 2.00 -95638.61 -104769.33 73.81 45.46
260.00 2.00 -95638.61 -104040.29 73.81 45.46
261.00 2.00 -95638.61 -106426.68 73.81 45.46
262.00 2.00 -95638.61 -107818.89 73.81 45.46
263.00 2.00 -95638.61 -106277.19 73.81 45.46
264.00 2.00 -95638.61 -110340.55 73.81 45.46
265.00 2.00 -95638.61 -101288.86 73.81 45.46
267.00 2.00 -95638.61 -105359.03 73.81 45.46
269.00 2.00 -95638.61 -104403.44 73.81 45.46
270.00 2.00 -95638.61 -104227.28 73.81 45.46
271.00 2.00 -95638.61 -106932.94 73.81 45.46
272.00 2.00 -95638.61 -106114.36 73.81 45.46
273.00 2.00 -95638.61 -106333.05 73.81 45.46
274.00 2.00 -95638.61 -110080.35 73.81 45.46
275.00 2.00 -95638.61 -114453.67 73.81 45.46
276.00 2.00 -95638.61 -109957.85 73.81 45.46
277.00 2.00 -95638.61 -102630.13 73.81 45.46
278.00 2.00 -95638.61 -107553.26 73.81 45.46
279.00 2.00 -95638.61 -109492.91 73.81 45.46
280.00 2.00 -95638.61 -105392.48 73.81 45.46
281.00 2.00 -95638.61 -105465.58 73.81 45.46
282.00 2.00 -95638.61 -102246.88 73.81 45.46
283.00 2.00 -95638.61 -107465.53 73.81 45.46
284.00 2.00 -95638.61 -110191.14 73.81 45.46
285.00 2.00 -95638.61 -104714.05 73.81 45.46
286.00 2.00 -95638.61 -105489.49 73.81 45.46
287.00 2.00 -95638.61 -112263.53 73.81 45.46
288.00 2.00 -95638.61 -106733.79 73.81 45.46
289.00 2.00 -95638.61 -109716.02 73.81 45.46
290.00 2.00 -95638.61 -102945.21 73.81 45.46
291.00 2.00 -95638.61 -107824.33 73.81 45.46
292.00 2.00 -95638.61 -111048.00 73.81 45.46
293.00 2.00 -95638.61 -110990.02 73.81 45.46
294.00 2.00 -95638.61 -107450.66 73.81 45.46
295.00 2.00 -95638.61 -106733.09 73.81 45.46
296.00 2.00 -95638.61 -107192.32 73.81 45.46
297.00 2.00 -95638.61 -106411.60 73.81 45.46
298.00 2.00 -95638.61 -107896.21 73.81 45.46
299.00 2.00 -95638.61 -113667.96 73.81 45.46
300.00 2.00 -95638.61 -111748.44 73.81 45.46
301.00 2.00 -95638.61 -103475.39 73.81 45.46
302.00 2.00 -95638.61 -106978.16 73.81 45.46
303.00 2.00 -95638.61 -106536.34 73.81 45.46
304.00 2.00 -95638.61 -112453.57 73.81 45.46
306.00 2.00 -95638.61 -106094.41 73.81 45.46
307.00 2.00 -95638.61 -106251.90 73.81 45.46
308.00 2.00 -95638.61 -107772.50 73.81 45.46
309.00 2.00 -95638.61 -110136.52 73.81 45.46
310.00 2.00 -95638.61 -105048.92 73.81 45.46
311.00 2.00 -95638.61 -107406.43 73.81 45.46
313.00 2.00 -95638.61 -105869.07 73.81 45.46
314.00 2.00 -95638.61 -108632.88 73.81 45.46
315.00 2.00 -95638.61 -106948.33 73.81 45.46
317.00 2.00 -95638.61 -106295.66 73.81 45.46
318.00 2.00 -95638.61 -99569.92 73.81 45.46
319.00 2.00 -95638.61 -103770.62 73.81 45.46
320.00 2.00 -95638.61 -109249.10 73.81 45.46
321.00 2.00 -95638.61 -105004.30 73.81 45.46
323.00 2.00 -95638.61 -106378.51 73.81 45.46
324.00 2.00 -95638.61 -105881.59 73.81 45.46
325.00 2.00 -95638.61 -108201.34 73.81 45.46
329.00 2.00 -95638.61 -105817.10 73.81 45.46
330.00 2.00 -95638.61 -106207.44 73.81 45.46
331.00 2.00 -95638.61 -106665.82 73.81 45.46
332.00 2.00 -95638.61 -107618.85 73.81 45.46
333.00 2.00 -95638.61 -106278.13 73.81 45.46
334.00 2.00 -95638.61 -111236.59 73.81 45.46
335.00 2.00 -95638.61 -108997.08 73.81 45.46
336.00 2.00 -95638.61 -109647.94 73.81 45.46
337.00 2.00 -95638.61 -103276.77 73.81 45.46
338.00 2.00 -95638.61 -108471.29 73.81 45.46
340.00 2.00 -95638.61 -105960.89 73.81 45.46
341.00 2.00 -95638.61 -107700.03 73.81 45.46
342.00 2.00 -95638.61 -103350.66 73.81 45.46
343.00 2.00 -95638.61 -107578.55 73.81 45.46
344.00 2.00 -95638.61 -108136.50 73.81 45.46
345.00 2.00 -95638.61 -109297.16 73.81 45.46
346.00 2.00 -95638.61 -112495.42 73.81 45.46
347.00 2.00 -95638.61 -108862.13 73.81 45.46
348.00 2.00 -95638.61 -106589.17 73.81 45.46
349.00 2.00 -95638.61 -106794.47 73.81 45.46
350.00 2.00 -95638.61 -108492.25 73.81 45.46
351.00 2.00 -95638.61 -106261.70 73.81 45.46
352.00 2.00 -95638.61 -107483.16 73.81 45.46
353.00 2.00 -95638.61 -106792.56 73.81 45.46
354.00 2.00 -95638.61 -109803.38 73.81 45.46
355.00 2.00 -95638.61 -105218.33 73.81 45.46
356.00 2.00 -95638.61 -104579.67 73.81 45.46
357.00 2.00 -95638.61 -111314.17 73.81 45.46
358.00 2.00 -95638.61 -106893.54 73.81 45.46
359.00 2.00 -95638.61 -106542.12 73.81 45.46
360.00 2.00 -95638.61 -107204.53 73.81 45.46
361.00 2.00 -95638.61 -104186.69 73.81 45.46
362.00 2.00 -95638.61 -103633.59 73.81 45.46
363.00 2.00 -95638.61 -107473.28 73.81 45.46
364.00 2.00 -95638.61 -101474.96 73.81 45.46
366.00 2.00 -95638.61 -104069.61 73.81 45.46
367.00 2.00 -95638.61 -108321.19 73.81 45.46
368.00 2.00 -95638.61 -99412.36 73.81 45.46
370.00 2.00 -95638.61 -104925.41 73.81 45.46
371.00 2.00 -95638.61 -104092.41 73.81 45.46
372.00 2.00 -95638.61 -107117.67 73.81 45.46
373.00 2.00 -95638.61 -105740.23 73.81 45.46
374.00 2.00 -95638.61 -106676.98 73.81 45.46
375.00 2.00 -95638.61 -103550.25 73.81 45.46
376.00 2.00 -95638.61 -100910.36 73.81 45.46
377.00 2.00 -95638.61 -106853.17 73.81 45.46
378.00 2.00 -95638.61 -108693.09 73.81 45.46
379.00 2.00 -95638.61 -105456.05 73.81 45.46
380.00 2.00 -95638.61 -102623.47 73.81 45.46
381.00 2.00 -95638.61 -103624.21 73.81 45.46
382.00 2.00 -95638.61 -109373.21 73.81 45.46
383.00 2.00 -95638.61 -105790.30 73.81 45.46
384.00 2.00 -95638.61 -102783.43 73.81 45.46
385.00 2.00 -95638.61 -106726.75 73.81 45.46
386.00 2.00 -95638.61 -107022.60 73.81 45.46
387.00 2.00 -95638.61 -106125.29 73.81 45.46
388.00 2.00 -95638.61 -103648.72 73.81 45.46
389.00 2.00 -95638.61 -108556.23 73.81 45.46
390.00 2.00 -95638.61 -108987.00 73.81 45.46
391.00 2.00 -95638.61 -107987.85 73.81 45.46
392.00 2.00 -95638.61 -109079.19 73.81 45.46
393.00 2.00 -95638.61 -110262.43 73.81 45.46
394.00 2.00 -95638.61 -107706.08 73.81 45.46
395.00 2.00 -95638.61 -97296.10 73.81 45.46
396.00 2.00 -95638.61 -103667.51 73.81 45.46
397.00 2.00 -95638.61 -104361.46 73.81 45.46
399.00 2.00 -95638.61 -106157.08 73.81 45.46
400.00 2.00 -95638.61 -112261.27 73.81 45.46
401.00 2.00 -95638.61 -111014.11 73.81 45.46
402.00 2.00 -95638.61 -107778.80 73.81 45.46
403.00 2.00 -95638.61 -104461.66 73.81 45.46
404.00 2.00 -95638.61 -109238.11 73.81 45.46
405.00 2.00 -95638.61 -106286.73 73.81 45.46
406.00 2.00 -95638.61 -105802.31 73.81 45.46
407.00 2.00 -95638.61 -103646.86 73.81 45.46
408.00 2.00 -95638.61 -105651.96 73.81 45.46
409.00 2.00 -95638.61 -106798.84 73.81 45.46
410.00 2.00 -95638.61 -110387.29 73.81 45.46
411.00 2.00 -95638.61 -100045.26 73.81 45.46
412.00 2.00 -95638.61 -111195.10 73.81 45.46
413.00 2.00 -95638.61 -101933.32 73.81 45.46
414.00 2.00 -95638.61 -104062.34 73.81 45.46
415.00 2.00 -95638.61 -107569.38 73.81 45.46
416.00 2.00 -95638.61 -108822.73 73.81 45.46
417.00 2.00 -95638.61 -109783.49 73.81 45.46
418.00 2.00 -95638.61 -105166.79 73.81 45.46
419.00 2.00 -95638.61 -103728.20 73.81 45.46
420.00 2.00 -95638.61 -104003.54 73.81 45.46
421.00 2.00 -95638.61 -103710.50 73.81 45.46
422.00 2.00 -95638.61 -106272.13 73.81 45.46
423.00 2.00 -95638.61 -102108.67 73.81 45.46
424.00 2.00 -95638.61 -110193.96 73.81 45.46
425.00 2.00 -95638.61 -101900.01 73.81 45.46
426.00 2.00 -95638.61 -107007.50 73.81 45.46
428.00 2.00 -95638.61 -103795.89 73.81 45.46
430.00 2.00 -95638.61 -103479.19 73.81 45.46
432.00 2.00 -95638.61 -102655.57 73.81 45.46
433.00 2.00 -95638.61 -103834.81 73.81 45.46
434.00 2.00 -95638.61 -107700.87 73.81 45.46
435.00 2.00 -95638.61 -105655.12 73.81 45.46
436.00 2.00 -95638.61 -106577.64 73.81 45.46
437.00 2.00 -95638.61 -107218.72 73.81 45.46
439.00 2.00 -95638.61 -106253.30 73.81 45.46
440.00 2.00 -95638.61 -106594.33 73.81 45.46
441.00 2.00 -95638.61 -109715.54 73.81 45.46
443.00 2.00 -95638.61 -107274.98 73.81 45.46
444.00 2.00 -95638.61 -109485.70 73.81 45.46
445.00 2.00 -95638.61 -108519.49 73.81 45.46
447.00 2.00 -95638.61 -107759.49 73.81 45.46
448.00 2.00 -95638.61 -101085.29 73.81 45.46
449.00 2.00 -95638.61 -104652.93 73.81 45.46
451.00 2.00 -95638.61 -105684.58 73.81 45.46
452.00 2.00 -95638.61 -106604.16 73.81 45.46
453.00 2.00 -95638.61 -108263.76 73.81 45.46
455.00 2.00 -95638.61 -106313.61 73.81 45.46
456.00 2.00 -95638.61 -107615.31 73.81 45.46
457.00 2.00 -95638.61 -107530.34 73.81 45.46
458.00 2.00 -95638.61 -107852.51 73.81 45.46
459.00 2.00 -95638.61 -111539.41 73.81 45.46
460.00 2.00 -95638.61 -98057.42 73.81 45.46
461.00 2.00 -95638.61 -102129.44 73.81 45.46
462.00 2.00 -95638.61 -105271.15 73.81 45.46
463.00 2.00 -95638.61 -109544.26 73.81 45.46
464.00 2.00 -95638.61 -109283.26 73.81 45.46
465.00 2.00 -95638.61 -110842.69 73.81 45.46
466.00 2.00 -95638.61 -108677.11 73.81 45.46
467.00 2.00 -95638.61 -105114.02 73.81 45.46
468.00 2.00 -95638.61 -104285.40 73.81 45.46
469.00 2.00 -95638.61 -110421.22 73.81 45.46
470.00 2.00 -95638.61 -105540.41 73.81 45.46
471.00 2.00 -95638.61 -109306.82 73.81 45.46
472.00 2.00 -95638.61 -103755.46 73.81 45.46
473.00 2.00 -95638.61 -102372.08 73.81 45.46
476.00 2.00 -95638.61 -107028.98 73.81 45.46
477.00 2.00 -95638.61 -102697.10 73.81 45.46
478.00 2.00 -95638.61 -110648.99 73.81 45.46
479.00 2.00 -95638.61 -107841.02 73.81 45.46
480.00 2.00 -95638.61 -111267.17 73.81 45.46
481.00 2.00 -95638.61 -107613.05 73.81 45.46
482.00 2.00 -95638.61 -108701.00 73.81 45.46
483.00 2.00 -95638.61 -103794.16 73.81 45.46
484.00 2.00 -95638.61 -108475.22 73.81 45.46
485.00 2.00 -95638.61 -103994.08 73.81 45.46
486.00 2.00 -95638.61 -107535.24 73.81 45.46
487.00 2.00 -95638.61 -104776.46 73.81 45.46
488.00 2.00 -95638.61 -103479.15 73.81 45.46
489.00 2.00 -95638.61 -103755.35 73.81 45.46
491.00 2.00 -95638.61 -105545.02 73.81 45.46
492.00 2.00 -95638.61 -104274.89 73.81 45.46
493.00 2.00 -95638.61 -111394.15 73.81 45.46
494.00 2.00 -95638.61 -108726.82 73.81 45.46
495.00 2.00 -95638.61 -105717.87 73.81 45.46
496.00 2.00 -95638.61 -107978.09 73.81 45.46
497.00 2.00 -95638.61 -106378.00 73.81 45.46
498.00 2.00 -95638.61 -107677.01 73.81 45.46
499.00 2.00 -95638.61 -101584.56 73.81 45.46
500.00 2.00 -95638.61 -105305.90 73.81 45.46
501.00 2.00 -95638.61 -111217.56 73.81 45.46
502.00 2.00 -95638.61 -108885.52 73.81 45.46
503.00 2.00 -95638.61 -106965.89 73.81 45.46
504.00 2.00 -95638.61 -102047.27 73.81 45.46
505.00 2.00 -95638.61 -110334.51 73.81 45.46
506.00 2.00 -95638.61 -103816.68 73.81 45.46
507.00 2.00 -95638.61 -106922.32 73.81 45.46
508.00 2.00 -95638.61 -106231.21 73.81 45.46
509.00 2.00 -95638.61 -106594.67 73.81 45.46
511.00 2.00 -95638.61 -105937.12 73.81 45.46
512.00 2.00 -95638.61 -107458.42 73.81 45.46
516.00 2.00 -95638.61 -107024.66 73.81 45.46
517.00 2.00 -95638.61 -108846.77 73.81 45.46
518.00 2.00 -95638.61 -107152.62 73.81 45.46
519.00 2.00 -95638.61 -106729.51 73.81 45.46
520.00 2.00 -95638.61 -107710.79 73.81 45.46
521.00 2.00 -95638.61 -108281.12 73.81 45.46
522.00 2.00 -95638.61 -108945.79 73.81 45.46
523.00 2.00 -95638.61 -113956.64 73.81 45.46
524.00 2.00 -95638.61 -108104.21 73.81 45.46
525.00 2.00 -95638.61 -102597.29 73.81 45.46
526.00 2.00 -95638.61 -109027.38 73.81 45.46
527.00 2.00 -95638.61 -105113.16 73.81 45.46
528.00 2.00 -95638.61 -108379.19 73.81 45.46
529.00 2.00 -95638.61 -108944.29 73.81 45.46
530.00 2.00 -95638.61 -98554.22 73.81 45.46
531.00 2.00 -95638.61 -105771.30 73.81 45.46
532.00 2.00 -95638.61 -106422.20 73.81 45.46
533.00 2.00 -95638.61 -110401.81 73.81 45.46
534.00 2.00 -95638.61 -102575.36 73.81 45.46
535.00 2.00 -95638.61 -102477.52 73.81 45.46
536.00 2.00 -95638.61 -110484.90 73.81 45.46
537.00 2.00 -95638.61 -100820.42 73.81 45.46
539.00 2.00 -95638.61 -105788.03 73.81 45.46
541.00 2.00 -95638.61 -106842.28 73.81 45.46
542.00 2.00 -95638.61 -107398.48 73.81 45.46
543.00 2.00 -95638.61 -103272.57 73.81 45.46
544.00 2.00 -95638.61 -104358.05 73.81 45.46
545.00 2.00 -95638.61 -106690.56 73.81 45.46
546.00 2.00 -95638.61 -103471.38 73.81 45.46
547.00 2.00 -95638.61 -107123.03 73.81 45.46
549.00 2.00 -95638.61 -105331.67 73.81 45.46
550.00 2.00 -95638.61 -108967.77 73.81 45.46
551.00 2.00 -95638.61 -103751.69 73.81 45.46
553.00 2.00 -95638.61 -105834.83 73.81 45.46
555.00 2.00 -95638.61 -105225.27 73.81 45.46
557.00 2.00 -95638.61 -105369.33 73.81 45.46
558.00 2.00 -95638.61 -106174.52 73.81 45.46
559.00 2.00 -95638.61 -108816.02 73.81 45.46
560.00 2.00 -95638.61 -104199.73 73.81 45.46
561.00 2.00 -95638.61 -108841.18 73.81 45.46
562.00 2.00 -95638.61 -102699.73 73.81 45.46
563.00 2.00 -95638.61 -105212.48 73.81 45.46
564.00 2.00 -95638.61 -102195.48 73.81 45.46
565.00 2.00 -95638.61 -102882.13 73.81 45.46
566.00 2.00 -95638.61 -104282.52 73.81 45.46
567.00 2.00 -95638.61 -106327.16 73.81 45.46
568.00 2.00 -95638.61 -106552.01 73.81 45.46
569.00 2.00 -95638.61 -113306.19 73.81 45.46
570.00 2.00 -95638.61 -107004.07 73.81 45.46
572.00 2.00 -95638.61 -107730.23 73.81 45.46
574.00 2.00 -95638.61 -106277.81 73.81 45.46
575.00 2.00 -95638.61 -105950.07 73.81 45.46
577.00 2.00 -95638.61 -105225.81 73.81 45.46
578.00 2.00 -95638.61 -104943.89 73.81 45.46
580.00 2.00 -95638.61 -104967.04 73.81 45.46
581.00 2.00 -95638.61 -105617.87 73.81 45.46
582.00 2.00 -95638.61 -104444.50 73.81 45.46
583.00 2.00 -95638.61 -107500.67 73.81 45.46
584.00 2.00 -95638.61 -105573.36 73.81 45.46
585.00 2.00 -95638.61 -104956.00 73.81 45.46
587.00 2.00 -95638.61 -106621.25 73.81 45.46
588.00 2.00 -95638.61 -108905.06 73.81 45.46
589.00 2.00 -95638.61 -102785.67 73.81 45.46
590.00 2.00 -95638.61 -106181.83 73.81 45.46
591.00 2.00 -95638.61 -108537.64 73.81 45.46
593.00 2.00 -95638.61 -106597.25 73.81 45.46
594.00 2.00 -95638.61 -106896.10 73.81 45.46
595.00 2.00 -95638.61 -108537.09 73.81 45.46
596.00 2.00 -95638.61 -110354.75 73.81 45.46
597.00 2.00 -95638.61 -104086.78 73.81 45.46
599.00 2.00 -95638.61 -106363.18 73.81 45.46
600.00 2.00 -95638.61 -112977.24 73.81 45.46
601.00 2.00 -95638.61 -108139.97 73.81 45.46
602.00 2.00 -95638.61 -110096.47 73.81 45.46
604.00 2.00 -95638.61 -107276.60 73.81 45.46
606.00 2.00 -95638.61 -107703.91 73.81 45.46
607.00 2.00 -95638.61 -111709.13 73.81 45.46
608.00 2.00 -95638.61 -112872.65 73.81 45.46
609.00 2.00 -95638.61 -108963.71 73.81 45.46
611.00 2.00 -95638.61 -109195.89 73.81 45.46
612.00 2.00 -95638.61 -109021.39 73.81 45.46
613.00 2.00 -95638.61 -109711.44 73.81 45.46
614.00 2.00 -95638.61 -102142.23 73.81 45.46
615.00 2.00 -95638.61 -104292.27 73.81 45.46
616.00 2.00 -95638.61 -101112.66 73.81 45.46
618.00 2.00 -95638.61 -105918.70 73.81 45.46
619.00 2.00 -95638.61 -105915.08 73.81 45.46
620.00 2.00 -95638.61 -106503.45 73.81 45.46
621.00 2.00 -95638.61 -105576.98 73.81 45.46
622.00 2.00 -95638.61 -106016.12 73.81 45.46
