0.00 1.00 -57281.46 -57281.46 123.56 51.70
1.00 2.00 -55799.67 -55799.67 102.39 58.47
2.00 2.00 -55799.67 -59881.42 102.39 58.47
3.00 2.00 -55799.67 -60282.54 102.39 58.47
4.00 2.00 -55799.67 -58329.78 102.39 58.47
5.00 2.00 -55799.67 -60078.44 102.39 58.47
6.00 2.00 -55799.67 -60886.71 102.39 58.47
7.00 2.00 -55799.67 -57028.78 102.39 58.47
8.00 2.00 -55799.67 -60738.96 102.39 58.47
9.00 2.00 -55799.67 -57605.56 102.39 58.47
10.00 3.00 -55768.50 -55768.50 106.78 37.59
11.00 3.00 -55768.50 -58106.45 106.78 37.59
12.00 3.00 -55768.50 -59470.41 106.78 37.59
13.00 3.00 -55768.50 -57739.65 106.78 37.59
14.00 3.00 -55768.50 -60119.01 106.78 37.59
15.00 3.00 -55768.50 -60793.68 106.78 37.59
16.00 3.00 -55768.50 -59525.12 106.78 37.59
17.00 3.00 -55768.50 -60938.09 106.78 37.59
18.00 3.00 -55768.50 -56383.56 106.78 37.59
19.00 3.00 -55768.50 -59962.07 106.78 37.59
20.00 3.00 -55768.50 -59588.84 106.78 37.59
21.00 3.00 -55768.50 -58981.00 106.78 37.59
22.00 3.00 -55768.50 -56157.36 106.78 37.59
23.00 3.00 -55768.50 -59993.65 106.78 37.59
24.00 3.00 -55768.50 -61476.62 106.78 37.59
25.00 3.00 -55768.50 -59128.76 106.78 37.59
26.00 3.00 -55768.50 -60167.25 106.78 37.59
27.00 3.00 -55768.50 -58948.28 106.78 37.59
28.00 3.00 -55768.50 -58392.10 106.78 37.59
29.00 3.00 -55768.50 -60961.17 106.78 37.59
30.00 3.00 -55768.50 -57885.55 106.78 37.59
31.00 4.00 -55230.16 -55230.16 99.35 43.25
32.00 4.00 -55230.16 -56060.79 99.35 43.25
33.00 4.00 -55230.16 -56757.19 99.35 43.25
34.00 4.00 -55230.16 -60645.39 99.35 43.25
35.00 4.00 -55230.16 -60472.11 99.35 43.25
36.00 4.00 -55230.16 -60436.03 99.35 43.25
37.00 4.00 -55230.16 -57823.46 99.35 43.25
38.00 4.00 -55230.16 -58743.19 99.35 43.25
39.00 4.00 -55230.16 -58769.53 99.35 43.25
40.00 4.00 -55230.16 -57944.03 99.35 43.25
42.00 4.00 -55230.16 -58333.07 99.35 43.25
43.00 4.00 -55230.16 -61141.62 99.35 43.25
44.00 4.00 -55230.16 -60272.45 99.35 43.25
45.00 4.00 -55230.16 -57349.05 99.35 43.25
46.00 4.00 -55230.16 -60746.39 99.35 43.25
47.00 4.00 -55230.16 -59279.80 99.35 43.25
48.00 4.00 -55230.16 -56550.32 99.35 43.25
49.00 4.00 -55230.16 -60497.56 99.35 43.25
50.00 4.00 -55230.16 -58829.15 99.35 43.25
52.00 4.00 -55230.16 -58844.71 99.35 43.25
53.00 4.00 -55230.16 -61479.40 99.35 43.25
54.00 4.00 -55230.16 -60903.40 99.35 43.25
55.00 4.00 -55230.16 -58266.08 99.35 43.25
56.00 4.00 -55230.16 -58520.73 99.35 43.25
57.00 4.00 -55230.16 -58175.83 99.35 43.25
58.00 4.00 -55230.16 -60372.33 99.35 43.25
60.00 4.00 -55230.16 -59320.73 99.35 43.25
61.00 4.00 -55230.16 -58356.14 99.35 43.25
62.00 5.00 -55230.16 -55230.16 99.35 43.25
63.00 6.00 -55182.60 -55182.60 102.02 38.82
64.00 6.00 -55182.60 -57343.18 102.02 38.82
65.00 6.00 -55182.60 -56829.70 102.02 38.82
66.00 6.00 -55182.60 -59839.25 102.02 38.82
67.00 6.00 -55182.60 -60753.86 102.02 38.82
68.00 6.00 -55182.60 -58266.11 102.02 38.82
69.00 6.00 -55182.60 -60306.07 102.02 38.82
70.00 6.00 -55182.60 -56575.04 102.02 38.82
71.00 6.00 -55182.60 -58572.32 102.02 38.82
72.00 6.00 -55182.60 -57281.31 102.02 38.82
73.00 6.00 -55182.60 -57337.58 102.02 38.82
74.00 6.00 -55182.60 -60391.12 102.02 38.82
75.00 6.00 -55182.60 -62073.95 102.02 38.82
76.00 6.00 -55182.60 -56835.40 102.02 38.82
77.00 6.00 -55182.60 -55308.13 102.02 38.82
78.00 6.00 -55182.60 -57237.02 102.02 38.82
80.00 6.00 -55182.60 -58000.24 102.02 38.82
81.00 6.00 -55182.60 -58207.92 102.02 38.82
82.00 6.00 -55182.60 -61506.48 102.02 38.82
83.00 6.00 -55182.60 -64445.77 102.02 38.82
84.00 6.00 -55182.60 -57851.05 102.02 38.82
85.00 6.00 -55182.60 -61690.50 102.02 38.82
86.00 6.00 -55182.60 -57904.36 102.02 38.82
87.00 6.00 -55182.60 -57703.68 102.02 38.82
88.00 6.00 -55182.60 -57490.36 102.02 38.82
89.00 6.00 -55182.60 -60515.71 102.02 38.82
90.00 6.00 -55182.60 -58517.26 102.02 38.82
91.00 6.00 -55182.60 -58797.37 102.02 38.82
92.00 6.00 -55182.60 -58431.92 102.02 38.82
93.00 6.00 -55182.60 -57490.99 102.02 38.82
94.00 6.00 -55182.60 -58703.68 102.02 38.82
95.00 6.00 -55182.60 -58683.73 102.02 38.82
96.00 6.00 -55182.60 -59676.09 102.02 38.82
97.00 6.00 -55182.60 -59696.25 102.02 38.82
98.00 6.00 -55182.60 -58686.36 102.02 38.82
99.00 6.00 -55182.60 -59331.37 102.02 38.82
100.00 6.00 -55182.60 -59639.38 102.02 38.82
101.00 6.00 -55182.60 -60382.02 102.02 38.82
102.00 6.00 -55182.60 -58611.44 102.02 38.82
103.00 6.00 -55182.60 -58322.43 102.02 38.82
104.00 6.00 -55182.60 -60008.74 102.02 38.82
106.00 6.00 -55182.60 -58086.92 102.02 38.82
107.00 6.00 -55182.60 -57750.21 102.02 38.82
108.00 6.00 -55182.60 -58650.74 102.02 38.82
109.00 6.00 -55182.60 -59115.54 102.02 38.82
110.00 6.00 -55182.60 -60893.10 102.02 38.82
111.00 6.00 -55182.60 -57338.16 102.02 38.82
112.00 6.00 -55182.60 -57811.96 102.02 38.82
113.00 6.00 -55182.60 -58353.36 102.02 38.82
115.00 6.00 -55182.60 -57766.11 102.02 38.82
116.00 6.00 -55182.60 -58108.89 102.02 38.82
117.00 6.00 -55182.60 -60464.08 102.02 38.82
118.00 6.00 -55182.60 -57393.88 102.02 38.82
119.00 6.00 -55182.60 -59870.84 102.02 38.82
120.00 6.00 -55182.60 -58753.42 102.02 38.82
121.00 6.00 -55182.60 -59436.09 102.02 38.82
123.00 6.00 -55182.60 -58133.03 102.02 38.82
124.00 6.00 -55182.60 -57613.40 102.02 38.82
125.00 6.00 -55182.60 -58846.96 102.02 38.82
126.00 6.00 -55182.60 -58759.01 102.02 38.82
127.00 6.00 -55182.60 -58353.16 102.02 38.82
130.00 6.00 -55182.60 -57689.50 102.02 38.82
131.00 6.00 -55182.60 -60808.43 102.02 38.82
135.00 7.00 -53610.28 -57138.15 86.69 25.94
136.00 7.00 -53610.28 -57755.75 86.69 25.94
137.00 7.00 -53610.28 -57975.40 86.69 25.94
138.00 7.00 -53610.28 -56772.89 86.69 25.94
139.00 7.00 -53610.28 -60025.98 86.69 25.94
140.00 7.00 -53610.28 -62149.63 86.69 25.94
141.00 7.00 -53610.28 -59348.41 86.69 25.94
143.00 7.00 -53610.28 -59276.46 86.69 25.94
144.00 7.00 -53610.28 -54765.03 86.69 25.94
145.00 7.00 -53610.28 -57962.63 86.69 25.94
146.00 7.00 -53610.28 -58362.81 86.69 25.94
147.00 7.00 -53610.28 -57625.03 86.69 25.94
148.00 7.00 -53610.28 -61994.22 86.69 25.94
149.00 7.00 -53610.28 -58461.31 86.69 25.94
150.00 7.00 -53610.28 -57583.11 86.69 25.94
151.00 7.00 -53610.28 -61799.48 86.69 25.94
152.00 7.00 -53610.28 -63538.73 86.69 25.94
153.00 7.00 -53610.28 -58266.37 86.69 25.94
154.00 7.00 -53610.28 -54309.96 86.69 25.94
155.00 7.00 -53610.28 -58939.53 86.69 25.94
156.00 7.00 -53610.28 -58874.11 86.69 25.94
157.00 7.00 -53610.28 -61460.39 86.69 25.94
158.00 7.00 -53610.28 -58900.86 86.69 25.94
159.00 7.00 -53610.28 -56569.65 86.69 25.94
160.00 7.00 -53610.28 -58074.99 86.69 25.94
161.00 7.00 -53610.28 -58719.94 86.69 25.94
162.00 7.00 -53610.28 -58789.78 86.69 25.94
164.00 7.00 -53610.28 -58068.48 86.69 25.94
165.00 7.00 -53610.28 -59445.70 86.69 25.94
166.00 7.00 -53610.28 -58568.33 86.69 25.94
168.00 7.00 -53610.28 -58269.74 86.69 25.94
170.00 7.00 -53610.28 -58542.35 86.69 25.94
171.00 7.00 -53610.28 -62353.07 86.69 25.94
172.00 7.00 -53610.28 -59260.84 86.69 25.94
173.00 7.00 -53610.28 -61350.03 86.69 25.94
174.00 7.00 -53610.28 -60587.17 86.69 25.94
175.00 7.00 -53610.28 -60616.11 86.69 25.94
176.00 7.00 -53610.28 -59301.84 86.69 25.94
177.00 7.00 -53610.28 -59186.41 86.69 25.94
178.00 7.00 -53610.28 -58278.89 86.69 25.94
180.00 7.00 -53610.28 -58007.87 86.69 25.94
181.00 7.00 -53610.28 -57683.82 86.69 25.94
182.00 7.00 -53610.28 -60548.33 86.69 25.94
183.00 7.00 -53610.28 -58301.88 86.69 25.94
184.00 7.00 -53610.28 -59837.71 86.69 25.94
185.00 7.00 -53610.28 -54799.26 86.69 25.94
186.00 7.00 -53610.28 -58761.67 86.69 25.94
187.00 7.00 -53610.28 -58142.35 86.69 25.94
188.00 7.00 -53610.28 -57791.12 86.69 25.94
189.00 7.00 -53610.28 -56898.88 86.69 25.94
190.00 7.00 -53610.28 -60671.18 86.69 25.94
191.00 7.00 -53610.28 -58602.84 86.69 25.94
192.00 7.00 -53610.28 -61058.70 86.69 25.94
195.00 7.00 -53610.28 -59596.84 86.69 25.94
196.00 7.00 -53610.28 -57015.39 86.69 25.94
197.00 7.00 -53610.28 -59331.05 86.69 25.94
198.00 7.00 -53610.28 -61353.00 86.69 25.94
199.00 7.00 -53610.28 -60292.53 86.69 25.94
200.00 7.00 -53610.28 -64491.26 86.69 25.94
201.00 7.00 -53610.28 -57813.07 86.69 25.94
202.00 7.00 -53610.28 -57444.87 86.69 25.94
203.00 7.00 -53610.28 -58435.36 86.69 25.94
204.00 7.00 -53610.28 -66101.62 86.69 25.94
206.00 7.00 -53610.28 -59308.57 86.69 25.94
207.00 7.00 -53610.28 -54080.17 86.69 25.94
208.00 7.00 -53610.28 -59149.53 86.69 25.94
209.00 7.00 -53610.28 -62589.07 86.69 25.94
210.00 7.00 -53610.28 -57363.13 86.69 25.94
211.00 7.00 -53610.28 -56019.16 86.69 25.94
212.00 7.00 -53610.28 -61360.71 86.69 25.94
213.00 7.00 -53610.28 -60717.56 86.69 25.94
214.00 7.00 -53610.28 -61373.39 86.69 25.94
215.00 7.00 -53610.28 -60649.55 86.69 25.94
216.00 7.00 -53610.28 -61302.11 86.69 25.94
217.00 7.00 -53610.28 -59837.96 86.69 25.94
218.00 7.00 -53610.28 -57932.47 86.69 25.94
219.00 7.00 -53610.28 -59094.97 86.69 25.94
220.00 7.00 -53610.28 -57849.14 86.69 25.94
221.00 7.00 -53610.28 -59563.36 86.69 25.94
222.00 7.00 -53610.28 -61424.03 86.69 25.94
223.00 7.00 -53610.28 -59709.80 86.69 25.94
224.00 7.00 -53610.28 -59172.18 86.69 25.94
225.00 7.00 -53610.28 -57316.01 86.69 25.94
227.00 7.00 -53610.28 -57489.54 86.69 25.94
228.00 7.00 -53610.28 -63261.92 86.69 25.94
229.00 7.00 -53610.28 -58201.13 86.69 25.94
230.00 7.00 -53610.28 -58250.80 86.69 25.94
232.00 7.00 -53610.28 -56998.55 86.69 25.94
233.00 7.00 -53610.28 -59742.60 86.69 25.94
234.00 7.00 -53610.28 -58812.26 86.69 25.94
235.00 7.00 -53610.28 -58623.71 86.69 25.94
236.00 7.00 -53610.28 -59929.56 86.69 25.94
238.00 7.00 -53610.28 -58195.10 86.69 25.94
239.00 7.00 -53610.28 -59390.22 86.69 25.94
240.00 7.00 -53610.28 -60203.17 86.69 25.94
241.00 7.00 -53610.28 -58173.45 86.69 25.94
242.00 7.00 -53610.28 -58720.83 86.69 25.94
243.00 7.00 -53610.28 -59309.21 86.69 25.94
245.00 7.00 -53610.28 -58066.44 86.69 25.94
246.00 7.00 -53610.28 -57322.46 86.69 25.94
247.00 7.00 -53610.28 -59382.35 86.69 25.94
248.00 7.00 -53610.28 -57449.24 86.69 25.94
249.00 7.00 -53610.28 -59610.38 86.69 25.94
250.00 7.00 -53610.28 -59995.18 86.69 25.94
251.00 7.00 -53610.28 -58345.04 86.69 25.94
252.00 7.00 -53610.28 -59178.42 86.69 25.94
253.00 7.00 -53610.28 -57431.03 86.69 25.94
254.00 7.00 -53610.28 -58226.13 86.69 25.94
255.00 7.00 -53610.28 -60376.88 86.69 25.94
256.00 7.00 -53610.28 -58239.94 86.69 25.94
257.00 7.00 -53610.28 -57643.92 86.69 25.94
259.00 7.00 -53610.28 -58492.82 86.69 25.94
260.00 7.00 -53610.28 -60891.03 86.69 25.94
261.00 7.00 -53610.28 -59053.84 86.69 25.94
263.00 7.00 -53610.28 -58848.38 86.69 25.94
264.00 7.00 -53610.28 -60342.93 86.69 25.94
266.00 7.00 -53610.28 -58817.04 86.69 25.94
267.00 7.00 -53610.28 -60296.31 86.69 25.94
268.00 7.00 -53610.28 -60337.60 86.69 25.94
270.00 7.00 -53610.28 -59303.12 86.69 25.94
271.00 7.00 -53610.28 -60375.35 86.69 25.94
272.00 7.00 -53610.28 -59268.79 86.69 25.94
273.00 7.00 -53610.28 -58048.40 86.69 25.94
274.00 7.00 -53610.28 -59302.88 86.69 25.94
276.00 7.00 -53610.28 -58457.41 86.69 25.94
277.00 7.00 -53610.28 -58428.63 86.69 25.94
278.00 7.00 -53610.28 -56141.92 86.69 25.94
279.00 7.00 -53610.28 -60472.67 86.69 25.94
280.00 7.00 -53610.28 -58517.80 86.69 25.94
281.00 7.00 -53610.28 -58901.12 86.69 25.94
282.00 7.00 -53610.28 -58636.34 86.69 25.94
283.00 7.00 -53610.28 -58056.82 86.69 25.94
284.00 7.00 -53610.28 -57939.47 86.69 25.94
285.00 7.00 -53610.28 -58349.24 86.69 25.94
286.00 7.00 -53610.28 -58450.98 86.69 25.94
287.00 7.00 -53610.28 -58862.44 86.69 25.94
289.00 7.00 -53610.28 -58431.48 86.69 25.94
290.00 7.00 -53610.28 -57183.11 86.69 25.94
291.00 7.00 -53610.28 -62253.04 86.69 25.94
292.00 7.00 -53610.28 -60432.75 86.69 25.94
294.00 7.00 -53610.28 -58844.33 86.69 25.94
295.00 7.00 -53610.28 -59025.67 86.69 25.94
296.00 7.00 -53610.28 -61104.48 86.69 25.94
297.00 7.00 -53610.28 -55595.49 86.69 25.94
298.00 7.00 -53610.28 -60192.85 86.69 25.94
299.00 7.00 -53610.28 -59188.05 86.69 25.94
300.00 7.00 -53610.28 -60140.03 86.69 25.94
301.00 7.00 -53610.28 -55909.19 86.69 25.94
302.00 7.00 -53610.28 -58194.19 86.69 25.94
303.00 7.00 -53610.28 -61454.98 86.69 25.94
304.00 7.00 -53610.28 -60734.31 86.69 25.94
306.00 7.00 -53610.28 -59189.48 86.69 25.94
307.00 7.00 -53610.28 -56201.19 86.69 25.94
308.00 7.00 -53610.28 -59523.80 86.69 25.94
309.00 7.00 -53610.28 -59719.83 86.69 25.94
310.00 7.00 -53610.28 -57687.02 86.69 25.94
311.00 7.00 -53610.28 -64566.56 86.69 25.94
313.00 7.00 -53610.28 -59554.88 86.69 25.94
314.00 7.00 -53610.28 -56722.40 86.69 25.94
315.00 7.00 -53610.28 -55916.94 86.69 25.94
316.00 7.00 -53610.28 -58836.60 86.69 25.94
319.00 8.00 -53343.67 -56891.92 85.13 24.21
322.00 8.00 -53343.67 -57710.42 85.13 24.21
323.00 8.00 -53343.67 -58058.80 85.13 24.21
324.00 8.00 -53343.67 -58910.69 85.13 24.21
325.00 8.00 -53343.67 -59763.77 85.13 24.21
326.00 8.00 -53343.67 -61428.96 85.13 24.21
327.00 8.00 -53343.67 -57645.86 85.13 24.21
328.00 8.00 -53343.67 -60377.95 85.13 24.21
329.00 8.00 -53343.67 -58754.30 85.13 24.21
330.00 8.00 -53343.67 -60299.05 85.13 24.21
331.00 8.00 -53343.67 -61885.31 85.13 24.21
332.00 8.00 -53343.67 -57876.21 85.13 24.21
333.00 8.00 -53343.67 -58679.48 85.13 24.21
335.00 8.00 -53343.67 -58046.68 85.13 24.21
336.00 8.00 -53343.67 -58819.68 85.13 24.21
337.00 8.00 -53343.67 -60151.96 85.13 24.21
338.00 8.00 -53343.67 -58724.33 85.13 24.21
339.00 8.00 -53343.67 -61428.39 85.13 24.21
340.00 8.00 -53343.67 -59489.82 85.13 24.21
341.00 8.00 -53343.67 -55600.33 85.13 24.21
342.00 8.00 -53343.67 -58384.70 85.13 24.21
343.00 8.00 -53343.67 -58736.44 85.13 24.21
345.00 8.00 -53343.67 -58270.74 85.13 24.21
346.00 8.00 -53343.67 -58738.69 85.13 24.21
348.00 8.00 -53343.67 -58323.38 85.13 24.21
349.00 8.00 -53343.67 -60967.67 85.13 24.21
350.00 8.00 -53343.67 -58855.21 85.13 24.21
351.00 8.00 -53343.67 -58693.24 85.13 24.21
352.00 8.00 -53343.67 -60368.23 85.13 24.21
353.00 8.00 -53343.67 -59491.98 85.13 24.21
355.00 8.00 -53343.67 -58595.25 85.13 24.21
356.00 8.00 -53343.67 -57534.16 85.13 24.21
357.00 8.00 -53343.67 -58804.97 85.13 24.21
359.00 8.00 -53343.67 -58629.16 85.13 24.21
360.00 8.00 -53343.67 -61823.95 85.13 24.21
362.00 8.00 -53343.67 -59607.52 85.13 24.21
363.00 8.00 -53343.67 -58075.19 85.13 24.21
365.00 8.00 -53343.67 -59522.81 85.13 24.21
366.00 8.00 -53343.67 -58829.32 85.13 24.21
367.00 8.00 -53343.67 -59786.94 85.13 24.21
368.00 8.00 -53343.67 -59949.72 85.13 24.21
369.00 8.00 -53343.67 -59910.76 85.13 24.21
370.00 8.00 -53343.67 -58788.57 85.13 24.21
371.00 8.00 -53343.67 -58591.41 85.13 24.21
372.00 8.00 -53343.67 -58516.40 85.13 24.21
373.00 8.00 -53343.67 -59450.05 85.13 24.21
374.00 8.00 -53343.67 -61798.97 85.13 24.21
375.00 8.00 -53343.67 -59719.52 85.13 24.21
376.00 8.00 -53343.67 -61675.02 85.13 24.21
377.00 8.00 -53343.67 -57988.96 85.13 24.21
378.00 8.00 -53343.67 -59157.00 85.13 24.21
379.00 8.00 -53343.67 -57992.95 85.13 24.21
380.00 8.00 -53343.67 -60705.60 85.13 24.21
381.00 8.00 -53343.67 -59081.17 85.13 24.21
382.00 8.00 -53343.67 -57711.51 85.13 24.21
383.00 8.00 -53343.67 -61657.93 85.13 24.21
384.00 8.00 -53343.67 -59097.82 85.13 24.21
385.00 8.00 -53343.67 -60991.21 85.13 24.21
386.00 8.00 -53343.67 -60856.83 85.13 24.21
387.00 8.00 -53343.67 -58195.17 85.13 24.21
389.00 8.00 -53343.67 -58963.33 85.13 24.21
390.00 8.00 -53343.67 -60036.52 85.13 24.21
392.00 8.00 -53343.67 -59441.89 85.13 24.21
394.00 8.00 -53343.67 -58883.05 85.13 24.21
395.00 9.00 -53343.67 -53343.67 85.13 24.21
396.00 9.00 -53343.67 -60142.56 85.13 24.21
397.00 9.00 -53343.67 -58178.59 85.13 24.21
398.00 9.00 -53343.67 -64550.74 85.13 24.21
399.00 9.00 -53343.67 -58724.93 85.13 24.21
400.00 9.00 -53343.67 -59141.82 85.13 24.21
401.00 9.00 -53343.67 -59926.88 85.13 24.21
402.00 9.00 -53343.67 -59613.51 85.13 24.21
403.00 9.00 -53343.67 -57566.87 85.13 24.21
404.00 9.00 -53343.67 -60582.20 85.13 24.21
405.00 9.00 -53343.67 -59919.41 85.13 24.21
406.00 9.00 -53343.67 -56593.15 85.13 24.21
407.00 9.00 -53343.67 -58855.43 85.13 24.21
408.00 9.00 -53343.67 -56950.72 85.13 24.21
409.00 9.00 -53343.67 -60034.45 85.13 24.21
410.00 9.00 -53343.67 -59609.78 85.13 24.21
411.00 9.00 -53343.67 -58767.32 85.13 24.21
412.00 9.00 -53343.67 -60097.98 85.13 24.21
413.00 9.00 -53343.67 -58898.76 85.13 24.21
414.00 9.00 -53343.67 -58238.82 85.13 24.21
415.00 9.00 -53343.67 -56493.12 85.13 24.21
416.00 9.00 -53343.67 -57394.25 85.13 24.21
418.00 9.00 -53343.67 -57455.00 85.13 24.21
419.00 10.00 -51513.74 -51513.74 64.09 37.76
422.00 10.00 -51513.74 -56113.64 64.09 37.76
423.00 10.00 -51513.74 -59630.59 64.09 37.76
424.00 10.00 -51513.74 -58028.42 64.09 37.76
425.00 10.00 -51513.74 -59949.63 64.09 37.76
426.00 10.00 -51513.74 -55676.77 64.09 37.76
427.00 10.00 -51513.74 -56631.09 64.09 37.76
428.00 10.00 -51513.74 -56459.99 64.09 37.76
429.00 10.00 -51513.74 -57855.26 64.09 37.76
431.00 10.00 -51513.74 -57089.98 64.09 37.76
432.00 10.00 -51513.74 -57244.53 64.09 37.76
433.00 10.00 -51513.74 -57632.27 64.09 37.76
434.00 10.00 -51513.74 -55834.40 64.09 37.76
435.00 10.00 -51513.74 -54422.79 64.09 37.76
436.00 10.00 -51513.74 -59212.16 64.09 37.76
437.00 10.00 -51513.74 -58399.48 64.09 37.76
438.00 10.00 -51513.74 -55699.65 64.09 37.76
439.00 10.00 -51513.74 -59031.55 64.09 37.76
440.00 10.00 -51513.74 -56700.99 64.09 37.76
441.00 10.00 -51513.74 -56905.07 64.09 37.76
442.00 10.00 -51513.74 -57082.05 64.09 37.76
443.00 10.00 -51513.74 -58918.86 64.09 37.76
444.00 10.00 -51513.74 -59799.96 64.09 37.76
445.00 10.00 -51513.74 -53971.10 64.09 37.76
446.00 10.00 -51513.74 -58044.01 64.09 37.76
448.00 10.00 -51513.74 -57791.93 64.09 37.76
450.00 10.00 -51513.74 -59051.45 64.09 37.76
451.00 10.00 -51513.74 -59807.42 64.09 37.76
452.00 10.00 -51513.74 -61529.37 64.09 37.76
453.00 10.00 -51513.74 -55931.57 64.09 37.76
454.00 10.00 -51513.74 -57095.61 64.09 37.76
457.00 10.00 -51513.74 -58945.87 64.09 37.76
458.00 10.00 -51513.74 -54782.54 64.09 37.76
459.00 10.00 -51513.74 -57579.12 64.09 37.76
460.00 10.00 -51513.74 -54739.86 64.09 37.76
462.00 10.00 -51513.74 -58119.59 64.09 37.76
463.00 10.00 -51513.74 -59446.63 64.09 37.76
464.00 10.00 -51513.74 -61060.67 64.09 37.76
465.00 10.00 -51513.74 -59794.51 64.09 37.76
466.00 10.00 -51513.74 -58491.32 64.09 37.76
467.00 10.00 -51513.74 -61028.16 64.09 37.76
468.00 10.00 -51513.74 -59532.09 64.09 37.76
469.00 10.00 -51513.74 -59695.63 64.09 37.76
470.00 10.00 -51513.74 -59011.11 64.09 37.76
471.00 10.00 -51513.74 -57518.92 64.09 37.76
472.00 10.00 -51513.74 -55995.58 64.09 37.76
473.00 10.00 -51513.74 -58557.00 64.09 37.76
474.00 10.00 -51513.74 -57781.09 64.09 37.76
475.00 10.00 -51513.74 -58109.59 64.09 37.76
476.00 10.00 -51513.74 -60703.20 64.09 37.76
477.00 10.00 -51513.74 -56716.13 64.09 37.76
478.00 10.00 -51513.74 -59881.35 64.09 37.76
479.00 10.00 -51513.74 -59015.60 64.09 37.76
480.00 10.00 -51513.74 -60338.58 64.09 37.76
481.00 10.00 -51513.74 -58308.70 64.09 37.76
482.00 10.00 -51513.74 -60875.22 64.09 37.76
483.00 10.00 -51513.74 -61117.58 64.09 37.76
485.00 10.00 -51513.74 -58949.10 64.09 37.76
486.00 10.00 -51513.74 -60332.23 64.09 37.76
487.00 10.00 -51513.74 -55885.75 64.09 37.76
488.00 10.00 -51513.74 -59740.18 64.09 37.76
489.00 10.00 -51513.74 -60571.65 64.09 37.76
490.00 10.00 -51513.74 -56802.87 64.09 37.76
491.00 10.00 -51513.74 -58832.92 64.09 37.76
492.00 10.00 -51513.74 -58568.96 64.09 37.76
493.00 10.00 -51513.74 -62478.83 64.09 37.76
494.00 10.00 -51513.74 -59738.41 64.09 37.76
495.00 10.00 -51513.74 -61603.76 64.09 37.76
496.00 10.00 -51513.74 -60254.05 64.09 37.76
497.00 10.00 -51513.74 -60440.93 64.09 37.76
498.00 10.00 -51513.74 -56609.81 64.09 37.76
499.00 10.00 -51513.74 -59645.32 64.09 37.76
500.00 10.00 -51513.74 -57790.83 64.09 37.76
501.00 10.00 -51513.74 -59967.79 64.09 37.76
502.00 10.00 -51513.74 -61524.67 64.09 37.76
503.00 10.00 -51513.74 -61788.87 64.09 37.76
504.00 10.00 -51513.74 -55489.91 64.09 37.76
505.00 10.00 -51513.74 -58449.99 64.09 37.76
506.00 10.00 -51513.74 -56328.73 64.09 37.76
507.00 10.00 -51513.74 -57347.19 64.09 37.76
508.00 10.00 -51513.74 -59140.02 64.09 37.76
509.00 10.00 -51513.74 -55780.02 64.09 37.76
512.00 10.00 -51513.74 -57851.50 64.09 37.76
513.00 10.00 -51513.74 -61815.53 64.09 37.76
514.00 10.00 -51513.74 -58698.89 64.09 37.76
515.00 10.00 -51513.74 -59606.80 64.09 37.76
516.00 10.00 -51513.74 -56887.80 64.09 37.76
517.00 10.00 -51513.74 -60363.08 64.09 37.76
518.00 10.00 -51513.74 -58480.70 64.09 37.76
519.00 10.00 -51513.74 -56947.50 64.09 37.76
520.00 10.00 -51513.74 -56345.75 64.09 37.76
522.00 10.00 -51513.74 -57413.80 64.09 37.76
523.00 10.00 -51513.74 -60873.52 64.09 37.76
524.00 10.00 -51513.74 -56083.98 64.09 37.76
525.00 10.00 -51513.74 -58041.99 64.09 37.76
526.00 10.00 -51513.74 -57086.00 64.09 37.76
527.00 10.00 -51513.74 -58761.05 64.09 37.76
528.00 10.00 -51513.74 -56514.92 64.09 37.76
529.00 10.00 -51513.74 -56378.09 64.09 37.76
530.00 10.00 -51513.74 -56560.46 64.09 37.76
531.00 10.00 -51513.74 -58222.32 64.09 37.76
532.00 10.00 -51513.74 -61362.70 64.09 37.76
533.00 10.00 -51513.74 -57895.03 64.09 37.76
534.00 10.00 -51513.74 -58227.34 64.09 37.76
535.00 10.00 -51513.74 -58632.25 64.09 37.76
536.00 10.00 -51513.74 -60184.07 64.09 37.76
537.00 10.00 -51513.74 -60949.15 64.09 37.76
538.00 10.00 -51513.74 -58314.04 64.09 37.76
539.00 10.00 -51513.74 -59299.82 64.09 37.76
540.00 10.00 -51513.74 -58805.03 64.09 37.76
541.00 10.00 -51513.74 -58747.04 64.09 37.76
542.00 10.00 -51513.74 -60582.28 64.09 37.76
544.00 10.00 -51513.74 -58624.96 64.09 37.76
545.00 10.00 -51513.74 -58481.03 64.09 37.76
546.00 10.00 -51513.74 -61526.48 64.09 37.76
547.00 10.00 -51513.74 -61010.60 64.09 37.76
548.00 10.00 -51513.74 -57193.48 64.09 37.76
549.00 10.00 -51513.74 -57829.11 64.09 37.76
550.00 10.00 -51513.74 -57865.43 64.09 37.76
551.00 10.00 -51513.74 -59071.62 64.09 37.76
552.00 10.00 -51513.74 -58518.54 64.09 37.76
553.00 10.00 -51513.74 -57265.32 64.09 37.76
554.00 10.00 -51513.74 -59921.05 64.09 37.76
557.00 10.00 -51513.74 -58637.35 64.09 37.76
558.00 10.00 -51513.74 -60023.56 64.09 37.76
559.00 10.00 -51513.74 -62024.46 64.09 37.76
560.00 10.00 -51513.74 -59385.98 64.09 37.76
561.00 10.00 -51513.74 -56974.43 64.09 37.76
562.00 10.00 -51513.74 -58906.71 64.09 37.76
563.00 10.00 -51513.74 -60235.04 64.09 37.76
564.00 10.00 -51513.74 -59183.73 64.09 37.76
565.00 10.00 -51513.74 -58346.35 64.09 37.76
566.00 10.00 -51513.74 -60112.67 64.09 37.76
567.00 10.00 -51513.74 -57537.89 64.09 37.76
568.00 10.00 -51513.74 -60703.77 64.09 37.76
569.00 10.00 -51513.74 -60030.75 64.09 37.76
570.00 10.00 -51513.74 -58114.51 64.09 37.76
571.00 10.00 -51513.74 -58160.67 64.09 37.76
572.00 10.00 -51513.74 -56012.71 64.09 37.76
573.00 10.00 -51513.74 -58237.88 64.09 37.76
575.00 10.00 -51513.74 -57336.34 64.09 37.76
576.00 10.00 -51513.74 -59281.43 64.09 37.76
577.00 10.00 -51513.74 -55069.74 64.09 37.76
578.00 10.00 -51513.74 -57541.46 64.09 37.76
579.00 10.00 -51513.74 -58791.64 64.09 37.76
580.00 10.00 -51513.74 -60286.39 64.09 37.76
581.00 10.00 -51513.74 -59359.36 64.09 37.76
582.00 10.00 -51513.74 -55566.23 64.09 37.76
583.00 10.00 -51513.74 -58258.59 64.09 37.76
584.00 10.00 -51513.74 -57975.17 64.09 37.76
585.00 10.00 -51513.74 -57551.80 64.09 37.76
586.00 10.00 -51513.74 -55986.24 64.09 37.76
588.00 10.00 -51513.74 -57080.14 64.09 37.76
589.00 10.00 -51513.74 -57091.03 64.09 37.76
590.00 10.00 -51513.74 -55728.52 64.09 37.76
591.00 10.00 -51513.74 -59103.42 64.09 37.76
592.00 10.00 -51513.74 -58310.41 64.09 37.76
593.00 10.00 -51513.74 -59576.43 64.09 37.76
594.00 10.00 -51513.74 -59147.87 64.09 37.76
595.00 10.00 -51513.74 -57102.82 64.09 37.76
596.00 10.00 -51513.74 -61015.24 64.09 37.76
597.00 10.00 -51513.74 -59899.79 64.09 37.76
598.00 10.00 -51513.74 -58788.48 64.09 37.76
599.00 10.00 -51513.74 -59348.48 64.09 37.76
601.00 10.00 -51513.74 -58674.35 64.09 37.76
602.00 10.00 -51513.74 -57567.39 64.09 37.76
604.00 10.00 -51513.74 -57776.11 64.09 37.76
606.00 10.00 -51513.74 -57969.02 64.09 37.76
607.00 10.00 -51513.74 -57206.81 64.09 37.76
608.00 10.00 -51513.74 -59914.15 64.09 37.76
609.00 10.00 -51513.74 -56004.06 64.09 37.76
612.00 10.00 -51513.74 -58283.23 64.09 37.76
613.00 10.00 -51513.74 -55924.41 64.09 37.76
614.00 10.00 -51513.74 -59778.78 64.09 37.76
615.00 10.00 -51513.74 -56567.86 64.09 37.76
616.00 10.00 -51513.74 -60621.82 64.09 37.76
617.00 10.00 -51513.74 -57421.29 64.09 37.76
618.00 10.00 -51513.74 -60762.31 64.09 37.76
619.00 10.00 -51513.74 -57178.24 64.09 37.76
620.00 10.00 -51513.74 -60251.94 64.09 37.76
621.00 10.00 -51513.74 -55943.62 64.09 37.76
622.00 10.00 -51513.74 -58117.83 64.09 37.76
