0.00 1.00 -75145.63 -75145.63 109.77 45.29
1.00 2.00 -75018.60 -75018.60 108.53 37.71
2.00 2.00 -75018.60 -79822.51 108.53 37.71
3.00 3.00 -73060.92 -73060.92 85.40 59.18
4.00 3.00 -73060.92 -80797.00 85.40 59.18
5.00 3.00 -73060.92 -75405.02 85.40 59.18
6.00 3.00 -73060.92 -79254.89 85.40 59.18
7.00 3.00 -73060.92 -78631.80 85.40 59.18
8.00 3.00 -73060.92 -81812.34 85.40 59.18
9.00 3.00 -73060.92 -81069.50 85.40 59.18
10.00 3.00 -73060.92 -74493.66 85.40 59.18
11.00 3.00 -73060.92 -75706.67 85.40 59.18
12.00 4.00 -72341.08 -72341.08 85.50 35.32
13.00 4.00 -72341.08 -77201.95 85.50 35.32
14.00 4.00 -72341.08 -77617.64 85.50 35.32
15.00 4.00 -72341.08 -76620.55 85.50 35.32
16.00 4.00 -72341.08 -75724.57 85.50 35.32
17.00 4.00 -72341.08 -80329.87 85.50 35.32
18.00 4.00 -72341.08 -79462.18 85.50 35.32
19.00 4.00 -72341.08 -81149.02 85.50 35.32
20.00 4.00 -72341.08 -83509.28 85.50 35.32
21.00 4.00 -72341.08 -78568.23 85.50 35.32
22.00 4.00 -72341.08 -81612.64 85.50 35.32
23.00 4.00 -72341.08 -78167.29 85.50 35.32
24.00 4.00 -72341.08 -78195.28 85.50 35.32
25.00 4.00 -72341.08 -79810.09 85.50 35.32
26.00 4.00 -72341.08 -77213.57 85.50 35.32
27.00 4.00 -72341.08 -75177.92 85.50 35.32
28.00 4.00 -72341.08 -76997.78 85.50 35.32
29.00 4.00 -72341.08 -77668.09 85.50 35.32
30.00 4.00 -72341.08 -78290.55 85.50 35.32
31.00 4.00 -72341.08 -77368.40 85.50 35.32
32.00 4.00 -72341.08 -73046.79 85.50 35.32
33.00 4.00 -72341.08 -77643.03 85.50 35.32
34.00 4.00 -72341.08 -77289.46 85.50 35.32
35.00 4.00 -72341.08 -77257.37 85.50 35.32
36.00 4.00 -72341.08 -77871.64 85.50 35.32
37.00 4.00 -72341.08 -82868.11 85.50 35.32
38.00 4.00 -72341.08 -77188.80 85.50 35.32
39.00 4.00 -72341.08 -75585.13 85.50 35.32
40.00 4.00 -72341.08 -80594.77 85.50 35.32
41.00 4.00 -72341.08 -79592.34 85.50 35.32
42.00 4.00 -72341.08 -79636.57 85.50 35.32
45.00 4.00 -72341.08 -79725.45 85.50 35.32
48.00 4.00 -72341.08 -79444.77 85.50 35.32
49.00 4.00 -72341.08 -79169.82 85.50 35.32
50.00 4.00 -72341.08 -82747.92 85.50 35.32
51.00 4.00 -72341.08 -77708.50 85.50 35.32
52.00 4.00 -72341.08 -79081.87 85.50 35.32
53.00 4.00 -72341.08 -80739.03 85.50 35.32
54.00 4.00 -72341.08 -76509.32 85.50 35.32
55.00 4.00 -72341.08 -79578.62 85.50 35.32
56.00 4.00 -72341.08 -82493.15 85.50 35.32
57.00 4.00 -72341.08 -82437.83 85.50 35.32
58.00 4.00 -72341.08 -77282.07 85.50 35.32
59.00 4.00 -72341.08 -80919.10 85.50 35.32
61.00 4.00 -72341.08 -79022.62 85.50 35.32
62.00 4.00 -72341.08 -79387.86 85.50 35.32
63.00 4.00 -72341.08 -78187.76 85.50 35.32
64.00 4.00 -72341.08 -76502.33 85.50 35.32
65.00 4.00 -72341.08 -80357.94 85.50 35.32
66.00 4.00 -72341.08 -75460.31 85.50 35.32
67.00 4.00 -72341.08 -81594.75 85.50 35.32
68.00 4.00 -72341.08 -78623.16 85.50 35.32
69.00 4.00 -72341.08 -80787.88 85.50 35.32
70.00 4.00 -72341.08 -78963.90 85.50 35.32
71.00 4.00 -72341.08 -78963.89 85.50 35.32
72.00 4.00 -72341.08 -80808.15 85.50 35.32
73.00 4.00 -72341.08 -75396.91 85.50 35.32
74.00 4.00 -72341.08 -79751.34 85.50 35.32
75.00 4.00 -72341.08 -76342.47 85.50 35.32
76.00 4.00 -72341.08 -75285.60 85.50 35.32
77.00 4.00 -72341.08 -77865.15 85.50 35.32
78.00 4.00 -72341.08 -78161.71 85.50 35.32
80.00 4.00 -72341.08 -78177.23 85.50 35.32
81.00 4.00 -72341.08 -77818.66 85.50 35.32
82.00 4.00 -72341.08 -77250.63 85.50 35.32
83.00 4.00 -72341.08 -77108.30 85.50 35.32
84.00 4.00 -72341.08 -79130.72 85.50 35.32
85.00 4.00 -72341.08 -79171.37 85.50 35.32
86.00 4.00 -72341.08 -77660.57 85.50 35.32
88.00 4.00 -72341.08 -78798.38 85.50 35.32
89.00 4.00 -72341.08 -80316.86 85.50 35.32
91.00 4.00 -72341.08 -78912.77 85.50 35.32
92.00 4.00 -72341.08 -75996.57 85.50 35.32
93.00 4.00 -72341.08 -78609.11 85.50 35.32
94.00 4.00 -72341.08 -79231.35 85.50 35.32
95.00 4.00 -72341.08 -79380.36 85.50 35.32
96.00 4.00 -72341.08 -78199.02 85.50 35.32
97.00 4.00 -72341.08 -81302.83 85.50 35.32
98.00 4.00 -72341.08 -78777.71 85.50 35.32
99.00 4.00 -72341.08 -80261.42 85.50 35.32
100.00 4.00 -72341.08 -79660.69 85.50 35.32
102.00 4.00 -72341.08 -78404.38 85.50 35.32
103.00 4.00 -72341.08 -81504.00 85.50 35.32
104.00 4.00 -72341.08 -77427.13 85.50 35.32
105.00 4.00 -72341.08 -78579.95 85.50 35.32
107.00 4.00 -72341.08 -77413.19 85.50 35.32
108.00 4.00 -72341.08 -82375.18 85.50 35.32
109.00 4.00 -72341.08 -78608.95 85.50 35.32
110.00 4.00 -72341.08 -79807.23 85.50 35.32
111.00 4.00 -72341.08 -79883.20 85.50 35.32
112.00 4.00 -72341.08 -80684.43 85.50 35.32
113.00 4.00 -72341.08 -80784.84 85.50 35.32
115.00 4.00 -72341.08 -79168.58 85.50 35.32
116.00 4.00 -72341.08 -78407.29 85.50 35.32
117.00 4.00 -72341.08 -79351.16 85.50 35.32
118.00 4.00 -72341.08 -78960.69 85.50 35.32
119.00 4.00 -72341.08 -77690.52 85.50 35.32
120.00 4.00 -72341.08 -76938.24 85.50 35.32
121.00 4.00 -72341.08 -77822.50 85.50 35.32
123.00 4.00 -72341.08 -77021.11 85.50 35.32
124.00 4.00 -72341.08 -79623.79 85.50 35.32
125.00 4.00 -72341.08 -82253.66 85.50 35.32
126.00 4.00 -72341.08 -79097.77 85.50 35.32
127.00 4.00 -72341.08 -78293.19 85.50 35.32
128.00 4.00 -72341.08 -82283.90 85.50 35.32
129.00 4.00 -72341.08 -79339.34 85.50 35.32
130.00 4.00 -72341.08 -82481.64 85.50 35.32
131.00 4.00 -72341.08 -81558.05 85.50 35.32
132.00 4.00 -72341.08 -79677.37 85.50 35.32
133.00 4.00 -72341.08 -76632.08 85.50 35.32
136.00 4.00 -72341.08 -78141.52 85.50 35.32
138.00 4.00 -72341.08 -78553.16 85.50 35.32
139.00 4.00 -72341.08 -79310.69 85.50 35.32
140.00 4.00 -72341.08 -77042.92 85.50 35.32
141.00 4.00 -72341.08 -81750.22 85.50 35.32
144.00 4.00 -72341.08 -78904.66 85.50 35.32
145.00 4.00 -72341.08 -80650.26 85.50 35.32
146.00 4.00 -72341.08 -79716.65 85.50 35.32
148.00 4.00 -72341.08 -79177.92 85.50 35.32
149.00 4.00 -72341.08 -78474.52 85.50 35.32
150.00 4.00 -72341.08 -78770.75 85.50 35.32
151.00 4.00 -72341.08 -79725.18 85.50 35.32
152.00 4.00 -72341.08 -78245.00 85.50 35.32
153.00 4.00 -72341.08 -80049.76 85.50 35.32
154.00 4.00 -72341.08 -78333.56 85.50 35.32
155.00 4.00 -72341.08 -79229.40 85.50 35.32
156.00 4.00 -72341.08 -79446.10 85.50 35.32
157.00 4.00 -72341.08 -78753.98 85.50 35.32
158.00 4.00 -72341.08 -79851.50 85.50 35.32
159.00 4.00 -72341.08 -78532.84 85.50 35.32
161.00 4.00 -72341.08 -79038.58 85.50 35.32
162.00 4.00 -72341.08 -80687.28 85.50 35.32
163.00 4.00 -72341.08 -81014.56 85.50 35.32
164.00 4.00 -72341.08 -80960.26 85.50 35.32
165.00 4.00 -72341.08 -75004.28 85.50 35.32
166.00 4.00 -72341.08 -76816.86 85.50 35.32
167.00 4.00 -72341.08 -76623.36 85.50 35.32
168.00 4.00 -72341.08 -76555.69 85.50 35.32
169.00 4.00 -72341.08 -81350.63 85.50 35.32
170.00 4.00 -72341.08 -76759.88 85.50 35.32
172.00 4.00 -72341.08 -77752.86 85.50 35.32
173.00 4.00 -72341.08 -77834.42 85.50 35.32
174.00 4.00 -72341.08 -79014.12 85.50 35.32
176.00 4.00 -72341.08 -78153.94 85.50 35.32
178.00 4.00 -72341.08 -78054.19 85.50 35.32
179.00 4.00 -72341.08 -79441.86 85.50 35.32
180.00 4.00 -72341.08 -77471.26 85.50 35.32
181.00 4.00 -72341.08 -80263.05 85.50 35.32
183.00 4.00 -72341.08 -79174.41 85.50 35.32
184.00 4.00 -72341.08 -80014.90 85.50 35.32
185.00 4.00 -72341.08 -79344.46 85.50 35.32
186.00 4.00 -72341.08 -79409.32 85.50 35.32
188.00 4.00 -72341.08 -78958.88 85.50 35.32
189.00 4.00 -72341.08 -78337.35 85.50 35.32
191.00 4.00 -72341.08 -78580.19 85.50 35.32
192.00 4.00 -72341.08 -76445.30 85.50 35.32
193.00 4.00 -72341.08 -82586.84 85.50 35.32
194.00 4.00 -72341.08 -81289.93 85.50 35.32
195.00 4.00 -72341.08 -81534.97 85.50 35.32
196.00 4.00 -72341.08 -80150.70 85.50 35.32
197.00 4.00 -72341.08 -79695.38 85.50 35.32
199.00 4.00 -72341.08 -79696.20 85.50 35.32
200.00 4.00 -72341.08 -78858.28 85.50 35.32
202.00 4.00 -72341.08 -79023.21 85.50 35.32
203.00 4.00 -72341.08 -79138.18 85.50 35.32
204.00 4.00 -72341.08 -79498.21 85.50 35.32
205.00 4.00 -72341.08 -77548.42 85.50 35.32
206.00 4.00 -72341.08 -73757.37 85.50 35.32
207.00 4.00 -72341.08 -87806.01 85.50 35.32
208.00 4.00 -72341.08 -78230.26 85.50 35.32
210.00 4.00 -72341.08 -80063.84 85.50 35.32
211.00 4.00 -72341.08 -75764.91 85.50 35.32
212.00 4.00 -72341.08 -73306.64 85.50 35.32
213.00 4.00 -72341.08 -79454.59 85.50 35.32
214.00 4.00 -72341.08 -78541.25 85.50 35.32
215.00 4.00 -72341.08 -77970.05 85.50 35.32
216.00 4.00 -72341.08 -82413.82 85.50 35.32
217.00 4.00 -72341.08 -76822.04 85.50 35.32
218.00 4.00 -72341.08 -77231.80 85.50 35.32
219.00 4.00 -72341.08 -80430.31 85.50 35.32
220.00 4.00 -72341.08 -76039.83 85.50 35.32
222.00 4.00 -72341.08 -76535.94 85.50 35.32
223.00 4.00 -72341.08 -80820.85 85.50 35.32
224.00 4.00 -72341.08 -79477.89 85.50 35.32
225.00 4.00 -72341.08 -79858.52 85.50 35.32
226.00 4.00 -72341.08 -76061.64 85.50 35.32
227.00 4.00 -72341.08 -79404.85 85.50 35.32
228.00 4.00 -72341.08 -83006.88 85.50 35.32
229.00 4.00 -72341.08 -77578.51 85.50 35.32
230.00 4.00 -72341.08 -80271.57 85.50 35.32
231.00 4.00 -72341.08 -78738.05 85.50 35.32
233.00 4.00 -72341.08 -77043.02 85.50 35.32
234.00 4.00 -72341.08 -81908.86 85.50 35.32
235.00 4.00 -72341.08 -81552.01 85.50 35.32
236.00 4.00 -72341.08 -82038.72 85.50 35.32
237.00 4.00 -72341.08 -80561.49 85.50 35.32
238.00 4.00 -72341.08 -82752.90 85.50 35.32
239.00 4.00 -72341.08 -75014.32 85.50 35.32
240.00 4.00 -72341.08 -75867.42 85.50 35.32
241.00 4.00 -72341.08 -78242.45 85.50 35.32
242.00 4.00 -72341.08 -75180.85 85.50 35.32
244.00 4.00 -72341.08 -75822.95 85.50 35.32
245.00 4.00 -72341.08 -72605.96 85.50 35.32
246.00 4.00 -72341.08 -78506.34 85.50 35.32
247.00 4.00 -72341.08 -81300.42 85.50 35.32
248.00 4.00 -72341.08 -80319.78 85.50 35.32
249.00 4.00 -72341.08 -74393.76 85.50 35.32
250.00 4.00 -72341.08 -78547.39 85.50 35.32
251.00 4.00 -72341.08 -78865.77 85.50 35.32
252.00 4.00 -72341.08 -77571.82 85.50 35.32
253.00 4.00 -72341.08 -77264.53 85.50 35.32
256.00 4.00 -72341.08 -78648.53 85.50 35.32
257.00 4.00 -72341.08 -78061.59 85.50 35.32
258.00 4.00 -72341.08 -76026.55 85.50 35.32
259.00 4.00 -72341.08 -80192.72 85.50 35.32
260.00 4.00 -72341.08 -78192.36 85.50 35.32
261.00 4.00 -72341.08 -81594.69 85.50 35.32
262.00 4.00 -72341.08 -79859.14 85.50 35.32
263.00 4.00 -72341.08 -81033.68 85.50 35.32
264.00 4.00 -72341.08 -79065.01 85.50 35.32
265.00 4.00 -72341.08 -81917.18 85.50 35.32
266.00 4.00 -72341.08 -78341.28 85.50 35.32
268.00 4.00 -72341.08 -78942.68 85.50 35.32
269.00 4.00 -72341.08 -78870.68 85.50 35.32
270.00 4.00 -72341.08 -80406.95 85.50 35.32
271.00 4.00 -72341.08 -80316.75 85.50 35.32
272.00 4.00 -72341.08 -78053.83 85.50 35.32
273.00 4.00 -72341.08 -77161.55 85.50 35.32
275.00 4.00 -72341.08 -77880.11 85.50 35.32
277.00 4.00 -72341.08 -77075.48 85.50 35.32
278.00 4.00 -72341.08 -80635.34 85.50 35.32
279.00 4.00 -72341.08 -74157.49 85.50 35.32
280.00 4.00 -72341.08 -81281.58 85.50 35.32
281.00 4.00 -72341.08 -78059.52 85.50 35.32
282.00 4.00 -72341.08 -79137.47 85.50 35.32
283.00 4.00 -72341.08 -79920.72 85.50 35.32
285.00 4.00 -72341.08 -77791.17 85.50 35.32
286.00 4.00 -72341.08 -78326.32 85.50 35.32
287.00 4.00 -72341.08 -79546.96 85.50 35.32
288.00 4.00 -72341.08 -80586.32 85.50 35.32
289.00 4.00 -72341.08 -79061.14 85.50 35.32
290.00 4.00 -72341.08 -79927.59 85.50 35.32
292.00 4.00 -72341.08 -78266.28 85.50 35.32
293.00 4.00 -72341.08 -76650.37 85.50 35.32
294.00 4.00 -72341.08 -79533.12 85.50 35.32
296.00 4.00 -72341.08 -77691.88 85.50 35.32
297.00 4.00 -72341.08 -80560.07 85.50 35.32
298.00 4.00 -72341.08 -82602.55 85.50 35.32
300.00 4.00 -72341.08 -78854.73 85.50 35.32
301.00 4.00 -72341.08 -81629.24 85.50 35.32
303.00 4.00 -72341.08 -79295.81 85.50 35.32
305.00 4.00 -72341.08 -78694.88 85.50 35.32
307.00 4.00 -72341.08 -77994.44 85.50 35.32
308.00 4.00 -72341.08 -76809.94 85.50 35.32
309.00 4.00 -72341.08 -77795.93 85.50 35.32
310.00 4.00 -72341.08 -81658.49 85.50 35.32
311.00 4.00 -72341.08 -78531.95 85.50 35.32
314.00 4.00 -72341.08 -78754.45 85.50 35.32
315.00 4.00 -72341.08 -76419.34 85.50 35.32
316.00 4.00 -72341.08 -76569.28 85.50 35.32
318.00 4.00 -72341.08 -78024.20 85.50 35.32
319.00 4.00 -72341.08 -82813.19 85.50 35.32
320.00 4.00 -72341.08 -80854.22 85.50 35.32
321.00 4.00 -72341.08 -76615.57 85.50 35.32
322.00 4.00 -72341.08 -75309.38 85.50 35.32
323.00 4.00 -72341.08 -78490.48 85.50 35.32
324.00 4.00 -72341.08 -79110.07 85.50 35.32
325.00 4.00 -72341.08 -81375.03 85.50 35.32
327.00 5.00 -72199.65 -77758.84 79.43 60.56
328.00 5.00 -72199.65 -82168.81 79.43 60.56
329.00 5.00 -72199.65 -73142.67 79.43 60.56
331.00 5.00 -72199.65 -77626.23 79.43 60.56
332.00 5.00 -72199.65 -76774.64 79.43 60.56
333.00 5.00 -72199.65 -77600.96 79.43 60.56
334.00 5.00 -72199.65 -75708.54 79.43 60.56
336.00 5.00 -72199.65 -77443.49 79.43 60.56
337.00 5.00 -72199.65 -81355.26 79.43 60.56
338.00 5.00 -72199.65 -82284.26 79.43 60.56
339.00 5.00 -72199.65 -81677.30 79.43 60.56
340.00 5.00 -72199.65 -73297.85 79.43 60.56
341.00 5.00 -72199.65 -80607.50 79.43 60.56
342.00 5.00 -72199.65 -76024.32 79.43 60.56
343.00 5.00 -72199.65 -77147.55 79.43 60.56
344.00 5.00 -72199.65 -78800.62 79.43 60.56
345.00 5.00 -72199.65 -76567.90 79.43 60.56
348.00 5.00 -72199.65 -77851.81 79.43 60.56
350.00 5.00 -72199.65 -78485.84 79.43 60.56
351.00 5.00 -72199.65 -78051.97 79.43 60.56
352.00 5.00 -72199.65 -80199.99 79.43 60.56
353.00 5.00 -72199.65 -77790.13 79.43 60.56
354.00 5.00 -72199.65 -79583.61 79.43 60.56
355.00 5.00 -72199.65 -80499.67 79.43 60.56
356.00 6.00 -72199.65 -72199.65 79.43 60.56
357.00 6.00 -72199.65 -77612.74 79.43 60.56
358.00 6.00 -72199.65 -80742.67 79.43 60.56
359.00 6.00 -72199.65 -82550.01 79.43 60.56
360.00 6.00 -72199.65 -77244.54 79.43 60.56
361.00 6.00 -72199.65 -79296.12 79.43 60.56
362.00 6.00 -72199.65 -80935.75 79.43 60.56
363.00 6.00 -72199.65 -77557.44 79.43 60.56
364.00 6.00 -72199.65 -78479.55 79.43 60.56
365.00 6.00 -72199.65 -80654.36 79.43 60.56
366.00 7.00 -72199.65 -72199.65 79.43 60.56
367.00 7.00 -72199.65 -81335.92 79.43 60.56
368.00 7.00 -72199.65 -77776.69 79.43 60.56
370.00 7.00 -72199.65 -78341.97 79.43 60.56
371.00 7.00 -72199.65 -82341.17 79.43 60.56
372.00 7.00 -72199.65 -77712.59 79.43 60.56
373.00 7.00 -72199.65 -79032.92 79.43 60.56
374.00 7.00 -72199.65 -73441.72 79.43 60.56
375.00 7.00 -72199.65 -81024.12 79.43 60.56
376.00 7.00 -72199.65 -82286.93 79.43 60.56
377.00 7.00 -72199.65 -81089.16 79.43 60.56
378.00 8.00 -72048.61 -72048.61 85.43 28.09
379.00 8.00 -72048.61 -80575.11 85.43 28.09
380.00 8.00 -72048.61 -81018.23 85.43 28.09
381.00 8.00 -72048.61 -77060.71 85.43 28.09
382.00 8.00 -72048.61 -79250.98 85.43 28.09
384.00 8.00 -72048.61 -78395.67 85.43 28.09
385.00 8.00 -72048.61 -76818.69 85.43 28.09
386.00 8.00 -72048.61 -76776.88 85.43 28.09
387.00 8.00 -72048.61 -76777.50 85.43 28.09
388.00 8.00 -72048.61 -80604.89 85.43 28.09
390.00 8.00 -72048.61 -79218.19 85.43 28.09
391.00 8.00 -72048.61 -76535.54 85.43 28.09
393.00 8.00 -72048.61 -77834.09 85.43 28.09
394.00 8.00 -72048.61 -79216.43 85.43 28.09
395.00 8.00 -72048.61 -79285.87 85.43 28.09
396.00 8.00 -72048.61 -78203.16 85.43 28.09
397.00 8.00 -72048.61 -78566.04 85.43 28.09
398.00 8.00 -72048.61 -83215.75 85.43 28.09
401.00 8.00 -72048.61 -78791.16 85.43 28.09
402.00 8.00 -72048.61 -78954.91 85.43 28.09
403.00 8.00 -72048.61 -78852.03 85.43 28.09
404.00 8.00 -72048.61 -75590.32 85.43 28.09
405.00 8.00 -72048.61 -78301.78 85.43 28.09
406.00 8.00 -72048.61 -77244.41 85.43 28.09
407.00 8.00 -72048.61 -79202.40 85.43 28.09
408.00 8.00 -72048.61 -79606.01 85.43 28.09
409.00 8.00 -72048.61 -83002.16 85.43 28.09
410.00 8.00 -72048.61 -72973.55 85.43 28.09
411.00 8.00 -72048.61 -75133.61 85.43 28.09
412.00 8.00 -72048.61 -78158.89 85.43 28.09
413.00 8.00 -72048.61 -75924.14 85.43 28.09
414.00 8.00 -72048.61 -80785.59 85.43 28.09
415.00 8.00 -72048.61 -82923.69 85.43 28.09
416.00 8.00 -72048.61 -82515.50 85.43 28.09
417.00 8.00 -72048.61 -78633.54 85.43 28.09
418.00 8.00 -72048.61 -79225.18 85.43 28.09
419.00 8.00 -72048.61 -77729.80 85.43 28.09
420.00 8.00 -72048.61 -78947.38 85.43 28.09
421.00 8.00 -72048.61 -75268.58 85.43 28.09
423.00 8.00 -72048.61 -77232.00 85.43 28.09
424.00 8.00 -72048.61 -76377.56 85.43 28.09
425.00 8.00 -72048.61 -83031.80 85.43 28.09
426.00 8.00 -72048.61 -78645.79 85.43 28.09
427.00 8.00 -72048.61 -79504.03 85.43 28.09
429.00 8.00 -72048.61 -78000.95 85.43 28.09
430.00 8.00 -72048.61 -80077.24 85.43 28.09
431.00 8.00 -72048.61 -79990.81 85.43 28.09
432.00 8.00 -72048.61 -76542.55 85.43 28.09
433.00 8.00 -72048.61 -81079.62 85.43 28.09
434.00 8.00 -72048.61 -79516.86 85.43 28.09
435.00 8.00 -72048.61 -77645.27 85.43 28.09
436.00 8.00 -72048.61 -76849.45 85.43 28.09
437.00 8.00 -72048.61 -76516.57 85.43 28.09
438.00 8.00 -72048.61 -79008.44 85.43 28.09
439.00 8.00 -72048.61 -81227.41 85.43 28.09
440.00 8.00 -72048.61 -79357.61 85.43 28.09
441.00 8.00 -72048.61 -78205.53 85.43 28.09
442.00 8.00 -72048.61 -80113.79 85.43 28.09
443.00 8.00 -72048.61 -79053.41 85.43 28.09
444.00 8.00 -72048.61 -78522.24 85.43 28.09
445.00 8.00 -72048.61 -78772.51 85.43 28.09
446.00 8.00 -72048.61 -76831.47 85.43 28.09
447.00 8.00 -72048.61 -76937.07 85.43 28.09
448.00 8.00 -72048.61 -80165.99 85.43 28.09
450.00 8.00 -72048.61 -78441.46 85.43 28.09
451.00 8.00 -72048.61 -76747.10 85.43 28.09
453.00 8.00 -72048.61 -78054.47 85.43 28.09
455.00 8.00 -72048.61 -78689.43 85.43 28.09
457.00 8.00 -72048.61 -79822.89 85.43 28.09
458.00 8.00 -72048.61 -79205.44 85.43 28.09
459.00 8.00 -72048.61 -76393.30 85.43 28.09
460.00 8.00 -72048.61 -81801.04 85.43 28.09
461.00 8.00 -72048.61 -80886.74 85.43 28.09
462.00 8.00 -72048.61 -80010.93 85.43 28.09
463.00 8.00 -72048.61 -79454.32 85.43 28.09
464.00 8.00 -72048.61 -76246.28 85.43 28.09
465.00 8.00 -72048.61 -79191.92 85.43 28.09
466.00 8.00 -72048.61 -80755.29 85.43 28.09
467.00 8.00 -72048.61 -81247.64 85.43 28.09
468.00 8.00 -72048.61 -80931.28 85.43 28.09
469.00 8.00 -72048.61 -80440.86 85.43 28.09
470.00 8.00 -72048.61 -80953.30 85.43 28.09
472.00 8.00 -72048.61 -80741.36 85.43 28.09
473.00 8.00 -72048.61 -79522.92 85.43 28.09
474.00 8.00 -72048.61 -80750.45 85.43 28.09
475.00 8.00 -72048.61 -77766.31 85.43 28.09
476.00 8.00 -72048.61 -80327.62 85.43 28.09
478.00 8.00 -72048.61 -79290.42 85.43 28.09
479.00 8.00 -72048.61 -81051.99 85.43 28.09
480.00 8.00 -72048.61 -79265.97 85.43 28.09
481.00 8.00 -72048.61 -76034.34 85.43 28.09
482.00 8.00 -72048.61 -80219.04 85.43 28.09
484.00 8.00 -72048.61 -79530.24 85.43 28.09
485.00 8.00 -72048.61 -75671.39 85.43 28.09
486.00 8.00 -72048.61 -77741.51 85.43 28.09
487.00 8.00 -72048.61 -79804.19 85.43 28.09
489.00 8.00 -72048.61 -79452.89 85.43 28.09
491.00 8.00 -72048.61 -79671.86 85.43 28.09
492.00 8.00 -72048.61 -78051.13 85.43 28.09
493.00 8.00 -72048.61 -76850.53 85.43 28.09
494.00 8.00 -72048.61 -81824.74 85.43 28.09
495.00 8.00 -72048.61 -79939.31 85.43 28.09
496.00 8.00 -72048.61 -82738.47 85.43 28.09
497.00 8.00 -72048.61 -85011.22 85.43 28.09
498.00 8.00 -72048.61 -81355.51 85.43 28.09
499.00 8.00 -72048.61 -79214.96 85.43 28.09
500.00 8.00 -72048.61 -80130.33 85.43 28.09
501.00 8.00 -72048.61 -80242.00 85.43 28.09
502.00 8.00 -72048.61 -74438.45 85.43 28.09
504.00 8.00 -72048.61 -77589.10 85.43 28.09
505.00 8.00 -72048.61 -85320.47 85.43 28.09
506.00 8.00 -72048.61 -80117.98 85.43 28.09
507.00 8.00 -72048.61 -78281.57 85.43 28.09
508.00 8.00 -72048.61 -76144.40 85.43 28.09
509.00 8.00 -72048.61 -77254.10 85.43 28.09
510.00 8.00 -72048.61 -76487.50 85.43 28.09
512.00 8.00 -72048.61 -78204.51 85.43 28.09
513.00 8.00 -72048.61 -78858.52 85.43 28.09
514.00 8.00 -72048.61 -78499.07 85.43 28.09
516.00 8.00 -72048.61 -78404.28 85.43 28.09
517.00 8.00 -72048.61 -80675.07 85.43 28.09
518.00 8.00 -72048.61 -81948.84 85.43 28.09
519.00 8.00 -72048.61 -78486.09 85.43 28.09
520.00 8.00 -72048.61 -77681.19 85.43 28.09
521.00 8.00 -72048.61 -78942.19 85.43 28.09
522.00 8.00 -72048.61 -78877.29 85.43 28.09
524.00 8.00 -72048.61 -78814.73 85.43 28.09
526.00 8.00 -72048.61 -78266.31 85.43 28.09
527.00 8.00 -72048.61 -77684.66 85.43 28.09
528.00 8.00 -72048.61 -78747.02 85.43 28.09
529.00 8.00 -72048.61 -77557.69 85.43 28.09
531.00 8.00 -72048.61 -78265.38 85.43 28.09
532.00 8.00 -72048.61 -79349.48 85.43 28.09
533.00 8.00 -72048.61 -82374.59 85.43 28.09
534.00 8.00 -72048.61 -82121.40 85.43 28.09
537.00 8.00 -72048.61 -78196.20 85.43 28.09
538.00 8.00 -72048.61 -81736.43 85.43 28.09
539.00 8.00 -72048.61 -79149.74 85.43 28.09
540.00 8.00 -72048.61 -73892.79 85.43 28.09
541.00 8.00 -72048.61 -81351.56 85.43 28.09
542.00 8.00 -72048.61 -84530.41 85.43 28.09
545.00 8.00 -72048.61 -79117.03 85.43 28.09
546.00 8.00 -72048.61 -76856.33 85.43 28.09
547.00 8.00 -72048.61 -75019.45 85.43 28.09
548.00 8.00 -72048.61 -80397.64 85.43 28.09
550.00 8.00 -72048.61 -77109.12 85.43 28.09
551.00 8.00 -72048.61 -80610.21 85.43 28.09
552.00 8.00 -72048.61 -75854.52 85.43 28.09
553.00 8.00 -72048.61 -77807.33 85.43 28.09
554.00 8.00 -72048.61 -81412.52 85.43 28.09
555.00 9.00 -71293.07 -71293.07 77.56 33.88
556.00 9.00 -71293.07 -75755.22 77.56 33.88
557.00 9.00 -71293.07 -76995.95 77.56 33.88
558.00 9.00 -71293.07 -78488.77 77.56 33.88
559.00 9.00 -71293.07 -72795.09 77.56 33.88
560.00 9.00 -71293.07 -79808.32 77.56 33.88
561.00 9.00 -71293.07 -80591.53 77.56 33.88
562.00 9.00 -71293.07 -77651.34 77.56 33.88
563.00 9.00 -71293.07 -81787.29 77.56 33.88
565.00 9.00 -71293.07 -77434.97 77.56 33.88
566.00 9.00 -71293.07 -78580.74 77.56 33.88
567.00 9.00 -71293.07 -82304.34 77.56 33.88
568.00 9.00 -71293.07 -75064.55 77.56 33.88
569.00 9.00 -71293.07 -82060.50 77.56 33.88
570.00 9.00 -71293.07 -78897.40 77.56 33.88
571.00 9.00 -71293.07 -78226.96 77.56 33.88
572.00 9.00 -71293.07 -82532.09 77.56 33.88
573.00 9.00 -71293.07 -84222.55 77.56 33.88
574.00 9.00 -71293.07 -79961.93 77.56 33.88
575.00 9.00 -71293.07 -75227.39 77.56 33.88
576.00 9.00 -71293.07 -80243.06 77.56 33.88
577.00 9.00 -71293.07 -79324.01 77.56 33.88
579.00 9.00 -71293.07 -78858.91 77.56 33.88
580.00 9.00 -71293.07 -80113.13 77.56 33.88
581.00 9.00 -71293.07 -80966.55 77.56 33.88
582.00 9.00 -71293.07 -77231.84 77.56 33.88
583.00 9.00 -71293.07 -79134.52 77.56 33.88
584.00 9.00 -71293.07 -75476.90 77.56 33.88
586.00 9.00 -71293.07 -77629.21 77.56 33.88
587.00 9.00 -71293.07 -81191.48 77.56 33.88
588.00 9.00 -71293.07 -80730.64 77.56 33.88
589.00 9.00 -71293.07 -77672.03 77.56 33.88
590.00 9.00 -71293.07 -72076.05 77.56 33.88
591.00 9.00 -71293.07 -78928.35 77.56 33.88
592.00 9.00 -71293.07 -77455.37 77.56 33.88
593.00 9.00 -71293.07 -80530.63 77.56 33.88
594.00 9.00 -71293.07 -73869.98 77.56 33.88
595.00 9.00 -71293.07 -83882.50 77.56 33.88
596.00 9.00 -71293.07 -79095.89 77.56 33.88
597.00 9.00 -71293.07 -78012.31 77.56 33.88
598.00 9.00 -71293.07 -78226.45 77.56 33.88
599.00 9.00 -71293.07 -78751.27 77.56 33.88
600.00 9.00 -71293.07 -78079.20 77.56 33.88
602.00 9.00 -71293.07 -78470.75 77.56 33.88
603.00 9.00 -71293.07 -78510.02 77.56 33.88
604.00 9.00 -71293.07 -80533.32 77.56 33.88
605.00 9.00 -71293.07 -77022.05 77.56 33.88
606.00 9.00 -71293.07 -76202.42 77.56 33.88
607.00 9.00 -71293.07 -74956.66 77.56 33.88
609.00 9.00 -71293.07 -77705.02 77.56 33.88
610.00 9.00 -71293.07 -77953.96 77.56 33.88
611.00 9.00 -71293.07 -81617.31 77.56 33.88
612.00 9.00 -71293.07 -81357.48 77.56 33.88
613.00 9.00 -71293.07 -78456.06 77.56 33.88
614.00 9.00 -71293.07 -81251.55 77.56 33.88
615.00 9.00 -71293.07 -80883.63 77.56 33.88
616.00 9.00 -71293.07 -74401.24 77.56 33.88
617.00 9.00 -71293.07 -79226.69 77.56 33.88
618.00 9.00 -71293.07 -78967.37 77.56 33.88
619.00 9.00 -71293.07 -75189.11 77.56 33.88
620.00 9.00 -71293.07 -81716.22 77.56 33.88
621.00 9.00 -71293.07 -78825.44 77.56 33.88
622.00 9.00 -71293.07 -81233.20 77.56 33.88
