0.00 0.00 -87507.33 -90666.08 0.00 0.00
1.00 0.00 -87507.33 -89100.47 0.00 0.00
2.00 1.00 -83265.46 -83265.46 107.28 51.32
3.00 1.00 -83265.46 -85689.10 107.28 51.32
4.00 1.00 -83265.46 -85653.90 107.28 51.32
5.00 1.00 -83265.46 -83621.03 107.28 51.32
6.00 1.00 -83265.46 -88324.74 107.28 51.32
7.00 1.00 -83265.46 -89082.80 107.28 51.32
8.00 1.00 -83265.46 -90984.14 107.28 51.32
9.00 1.00 -83265.46 -89306.81 107.28 51.32
10.00 1.00 -83265.46 -84327.91 107.28 51.32
11.00 1.00 -83265.46 -90055.86 107.28 51.32
12.00 2.00 -83260.47 -83260.47 104.19 61.97
13.00 2.00 -83260.47 -84118.16 104.19 61.97
14.00 2.00 -83260.47 -87926.50 104.19 61.97
15.00 2.00 -83260.47 -85821.09 104.19 61.97
16.00 3.00 -83202.72 -83202.72 104.88 58.46
17.00 3.00 -83202.72 -86090.37 104.88 58.46
18.00 3.00 -83202.72 -85664.34 104.88 58.46
19.00 3.00 -83202.72 -88621.18 104.88 58.46
20.00 4.00 -80082.35 -80082.35 86.21 34.83
21.00 4.00 -80082.35 -86792.88 86.21 34.83
22.00 4.00 -80082.35 -86238.51 86.21 34.83
23.00 4.00 -80082.35 -87109.98 86.21 34.83
24.00 4.00 -80082.35 -88718.35 86.21 34.83
25.00 4.00 -80082.35 -89769.00 86.21 34.83
26.00 4.00 -80082.35 -89250.67 86.21 34.83
27.00 4.00 -80082.35 -87424.18 86.21 34.83
28.00 4.00 -80082.35 -88283.91 86.21 34.83
29.00 4.00 -80082.35 -90062.41 86.21 34.83
30.00 4.00 -80082.35 -91121.38 86.21 34.83
31.00 4.00 -80082.35 -85535.71 86.21 34.83
32.00 5.00 -79772.80 -79772.80 81.50 51.16
33.00 5.00 -79772.80 -86533.08 81.50 51.16
34.00 5.00 -79772.80 -87396.01 81.50 51.16
35.00 5.00 -79772.80 -85738.95 81.50 51.16
36.00 5.00 -79772.80 -86536.00 81.50 51.16
37.00 5.00 -79772.80 -85197.15 81.50 51.16
38.00 5.00 -79772.80 -90588.03 81.50 51.16
39.00 5.00 -79772.80 -89013.58 81.50 51.16
40.00 5.00 -79772.80 -86922.74 81.50 51.16
41.00 5.00 -79772.80 -87955.21 81.50 51.16
42.00 5.00 -79772.80 -87005.77 81.50 51.16
43.00 5.00 -79772.80 -85818.14 81.50 51.16
45.00 5.00 -79772.80 -87404.30 81.50 51.16
46.00 5.00 -79772.80 -91277.80 81.50 51.16
47.00 5.00 -79772.80 -88580.06 81.50 51.16
48.00 5.00 -79772.80 -92601.94 81.50 51.16
49.00 5.00 -79772.80 -86304.21 81.50 51.16
50.00 5.00 -79772.80 -88367.92 81.50 51.16
51.00 5.00 -79772.80 -89231.10 81.50 51.16
52.00 5.00 -79772.80 -87204.85 81.50 51.16
53.00 5.00 -79772.80 -82009.34 81.50 51.16
54.00 5.00 -79772.80 -87866.79 81.50 51.16
55.00 6.00 -77190.46 -77190.46 65.00 53.06
56.00 6.00 -77190.46 -87197.53 65.00 53.06
58.00 6.00 -77190.46 -84578.31 65.00 53.06
59.00 6.00 -77190.46 -94206.82 65.00 53.06
61.00 6.00 -77190.46 -85694.93 65.00 53.06
62.00 6.00 -77190.46 -87318.11 65.00 53.06
63.00 6.00 -77190.46 -85307.67 65.00 53.06
64.00 6.00 -77190.46 -87789.35 65.00 53.06
65.00 6.00 -77190.46 -85985.30 65.00 53.06
66.00 6.00 -77190.46 -90704.82 65.00 53.06
68.00 6.00 -77190.46 -86776.23 65.00 53.06
69.00 6.00 -77190.46 -86851.53 65.00 53.06
70.00 6.00 -77190.46 -85969.17 65.00 53.06
71.00 6.00 -77190.46 -86061.46 65.00 53.06
72.00 6.00 -77190.46 -92520.43 65.00 53.06
73.00 6.00 -77190.46 -89247.60 65.00 53.06
74.00 6.00 -77190.46 -89115.32 65.00 53.06
75.00 6.00 -77190.46 -91259.42 65.00 53.06
76.00 6.00 -77190.46 -87521.57 65.00 53.06
77.00 6.00 -77190.46 -88089.55 65.00 53.06
78.00 6.00 -77190.46 -87652.95 65.00 53.06
79.00 6.00 -77190.46 -91394.06 65.00 53.06
80.00 6.00 -77190.46 -88164.82 65.00 53.06
81.00 6.00 -77190.46 -84573.20 65.00 53.06
82.00 6.00 -77190.46 -90453.45 65.00 53.06
83.00 6.00 -77190.46 -81715.87 65.00 53.06
84.00 6.00 -77190.46 -93870.15 65.00 53.06
85.00 6.00 -77190.46 -86407.02 65.00 53.06
87.00 6.00 -77190.46 -85402.58 65.00 53.06
89.00 6.00 -77190.46 -84848.51 65.00 53.06
90.00 6.00 -77190.46 -87493.73 65.00 53.06
91.00 6.00 -77190.46 -88100.10 65.00 53.06
92.00 6.00 -77190.46 -84827.42 65.00 53.06
93.00 6.00 -77190.46 -87538.25 65.00 53.06
94.00 6.00 -77190.46 -86271.42 65.00 53.06
95.00 6.00 -77190.46 -87392.95 65.00 53.06
96.00 6.00 -77190.46 -87360.75 65.00 53.06
97.00 6.00 -77190.46 -89638.62 65.00 53.06
98.00 6.00 -77190.46 -91752.70 65.00 53.06
99.00 6.00 -77190.46 -89112.78 65.00 53.06
100.00 6.00 -77190.46 -90326.73 65.00 53.06
102.00 6.00 -77190.46 -85971.78 65.00 53.06
104.00 6.00 -77190.46 -85434.95 65.00 53.06
105.00 6.00 -77190.46 -85214.91 65.00 53.06
107.00 6.00 -77190.46 -85610.06 65.00 53.06
108.00 7.00 -77190.46 -77190.46 65.00 53.06
109.00 7.00 -77190.46 -90775.14 65.00 53.06
110.00 7.00 -77190.46 -86229.99 65.00 53.06
111.00 7.00 -77190.46 -89988.15 65.00 53.06
112.00 7.00 -77190.46 -87572.73 65.00 53.06
113.00 7.00 -77190.46 -93544.84 65.00 53.06
114.00 7.00 -77190.46 -88964.78 65.00 53.06
115.00 7.00 -77190.46 -86684.61 65.00 53.06
116.00 7.00 -77190.46 -86062.62 65.00 53.06
118.00 7.00 -77190.46 -85000.98 65.00 53.06
119.00 7.00 -77190.46 -89824.34 65.00 53.06
120.00 7.00 -77190.46 -91285.58 65.00 53.06
121.00 7.00 -77190.46 -88821.97 65.00 53.06
122.00 7.00 -77190.46 -94066.70 65.00 53.06
123.00 7.00 -77190.46 -83239.53 65.00 53.06
124.00 7.00 -77190.46 -87133.23 65.00 53.06
125.00 7.00 -77190.46 -85820.70 65.00 53.06
126.00 8.00 -77190.46 -77190.46 65.00 53.06
127.00 8.00 -77190.46 -84687.98 65.00 53.06
128.00 8.00 -77190.46 -92399.50 65.00 53.06
130.00 8.00 -77190.46 -86845.83 65.00 53.06
131.00 8.00 -77190.46 -89930.21 65.00 53.06
133.00 8.00 -77190.46 -86833.70 65.00 53.06
134.00 9.00 -77190.46 -77190.46 65.00 53.06
135.00 9.00 -77190.46 -83667.89 65.00 53.06
136.00 9.00 -77190.46 -88913.20 65.00 53.06
137.00 9.00 -77190.46 -87793.66 65.00 53.06
138.00 9.00 -77190.46 -82359.13 65.00 53.06
139.00 9.00 -77190.46 -88846.83 65.00 53.06
141.00 9.00 -77190.46 -86713.92 65.00 53.06
142.00 9.00 -77190.46 -87895.97 65.00 53.06
143.00 10.00 -77190.46 -77190.46 65.00 53.06
144.00 10.00 -77190.46 -84053.02 65.00 53.06
145.00 10.00 -77190.46 -81716.50 65.00 53.06
146.00 10.00 -77190.46 -91168.39 65.00 53.06
148.00 10.00 -77190.46 -84799.39 65.00 53.06
149.00 10.00 -77190.46 -90324.81 65.00 53.06
150.00 10.00 -77190.46 -89021.38 65.00 53.06
151.00 10.00 -77190.46 -86587.90 65.00 53.06
152.00 10.00 -77190.46 -86992.47 65.00 53.06
154.00 10.00 -77190.46 -85985.70 65.00 53.06
155.00 10.00 -77190.46 -87619.87 65.00 53.06
156.00 10.00 -77190.46 -97215.38 65.00 53.06
157.00 10.00 -77190.46 -83486.82 65.00 53.06
158.00 10.00 -77190.46 -87594.76 65.00 53.06
159.00 10.00 -77190.46 -85550.42 65.00 53.06
160.00 10.00 -77190.46 -90595.14 65.00 53.06
161.00 10.00 -77190.46 -86720.11 65.00 53.06
162.00 10.00 -77190.46 -88706.02 65.00 53.06
163.00 10.00 -77190.46 -84089.55 65.00 53.06
164.00 10.00 -77190.46 -88373.78 65.00 53.06
165.00 10.00 -77190.46 -86979.41 65.00 53.06
167.00 10.00 -77190.46 -87003.37 65.00 53.06
168.00 10.00 -77190.46 -82845.97 65.00 53.06
170.00 10.00 -77190.46 -85989.80 65.00 53.06
171.00 10.00 -77190.46 -90091.31 65.00 53.06
172.00 10.00 -77190.46 -87222.58 65.00 53.06
174.00 10.00 -77190.46 -86590.16 65.00 53.06
175.00 11.00 -77190.46 -77190.46 65.00 53.06
176.00 11.00 -77190.46 -83022.57 65.00 53.06
177.00 11.00 -77190.46 -84030.49 65.00 53.06
178.00 11.00 -77190.46 -88826.26 65.00 53.06
179.00 11.00 -77190.46 -87315.04 65.00 53.06
180.00 11.00 -77190.46 -88871.77 65.00 53.06
181.00 11.00 -77190.46 -87606.32 65.00 53.06
184.00 11.00 -77190.46 -86830.39 65.00 53.06
185.00 11.00 -77190.46 -88915.35 65.00 53.06
186.00 11.00 -77190.46 -94249.04 65.00 53.06
187.00 11.00 -77190.46 -91888.13 65.00 53.06
188.00 11.00 -77190.46 -83518.01 65.00 53.06
189.00 12.00 -77190.46 -77190.46 65.00 53.06
190.00 12.00 -77190.46 -86593.06 65.00 53.06
191.00 12.00 -77190.46 -89132.21 65.00 53.06
192.00 12.00 -77190.46 -85092.91 65.00 53.06
193.00 12.00 -77190.46 -92388.22 65.00 53.06
196.00 12.00 -77190.46 -86870.16 65.00 53.06
199.00 12.00 -77190.46 -86016.68 65.00 53.06
200.00 12.00 -77190.46 -88063.74 65.00 53.06
201.00 12.00 -77190.46 -89827.04 65.00 53.06
202.00 12.00 -77190.46 -87448.07 65.00 53.06
204.00 12.00 -77190.46 -86828.19 65.00 53.06
205.00 12.00 -77190.46 -81733.65 65.00 53.06
206.00 12.00 -77190.46 -88941.57 65.00 53.06
207.00 12.00 -77190.46 -82998.49 65.00 53.06
209.00 12.00 -77190.46 -86862.80 65.00 53.06
210.00 12.00 -77190.46 -91287.95 65.00 53.06
211.00 12.00 -77190.46 -87771.47 65.00 53.06
212.00 12.00 -77190.46 -83133.69 65.00 53.06
213.00 12.00 -77190.46 -86215.51 65.00 53.06
214.00 12.00 -77190.46 -90273.75 65.00 53.06
215.00 12.00 -77190.46 -87530.55 65.00 53.06
216.00 12.00 -77190.46 -84978.91 65.00 53.06
217.00 12.00 -77190.46 -89991.73 65.00 53.06
219.00 12.00 -77190.46 -83850.66 65.00 53.06
221.00 12.00 -77190.46 -83930.77 65.00 53.06
223.00 12.00 -77190.46 -83377.19 65.00 53.06
224.00 12.00 -77190.46 -89390.55 65.00 53.06
225.00 12.00 -77190.46 -87029.12 65.00 53.06
226.00 12.00 -77190.46 -86029.88 65.00 53.06
228.00 12.00 -77190.46 -85582.09 65.00 53.06
229.00 12.00 -77190.46 -92300.79 65.00 53.06
230.00 12.00 -77190.46 -88810.16 65.00 53.06
231.00 12.00 -77190.46 -92842.15 65.00 53.06
232.00 13.00 -77190.46 -77190.46 65.00 53.06
233.00 13.00 -77190.46 -88619.02 65.00 53.06
234.00 13.00 -77190.46 -85508.61 65.00 53.06
235.00 13.00 -77190.46 -91972.50 65.00 53.06
237.00 13.00 -77190.46 -85689.88 65.00 53.06
238.00 13.00 -77190.46 -84982.33 65.00 53.06
239.00 13.00 -77190.46 -83715.76 65.00 53.06
240.00 13.00 -77190.46 -83909.82 65.00 53.06
241.00 13.00 -77190.46 -87654.07 65.00 53.06
242.00 13.00 -77190.46 -87757.67 65.00 53.06
243.00 13.00 -77190.46 -89807.82 65.00 53.06
244.00 13.00 -77190.46 -87237.57 65.00 53.06
245.00 13.00 -77190.46 -87962.78 65.00 53.06
246.00 13.00 -77190.46 -83601.69 65.00 53.06
247.00 13.00 -77190.46 -89460.03 65.00 53.06
248.00 13.00 -77190.46 -87040.81 65.00 53.06
249.00 13.00 -77190.46 -87942.42 65.00 53.06
250.00 13.00 -77190.46 -83190.90 65.00 53.06
251.00 13.00 -77190.46 -85444.62 65.00 53.06
252.00 13.00 -77190.46 -87407.65 65.00 53.06
253.00 13.00 -77190.46 -88927.74 65.00 53.06
254.00 13.00 -77190.46 -91245.12 65.00 53.06
255.00 13.00 -77190.46 -89264.54 65.00 53.06
256.00 13.00 -77190.46 -92070.75 65.00 53.06
257.00 13.00 -77190.46 -83802.64 65.00 53.06
258.00 13.00 -77190.46 -85875.52 65.00 53.06
259.00 13.00 -77190.46 -85208.75 65.00 53.06
260.00 13.00 -77190.46 -87452.84 65.00 53.06
261.00 13.00 -77190.46 -86508.08 65.00 53.06
263.00 13.00 -77190.46 -86751.69 65.00 53.06
264.00 13.00 -77190.46 -83739.42 65.00 53.06
265.00 13.00 -77190.46 -91687.52 65.00 53.06
266.00 13.00 -77190.46 -85137.02 65.00 53.06
267.00 13.00 -77190.46 -85547.78 65.00 53.06
268.00 13.00 -77190.46 -85877.10 65.00 53.06
269.00 13.00 -77190.46 -86797.05 65.00 53.06
271.00 13.00 -77190.46 -86697.54 65.00 53.06
272.00 13.00 -77190.46 -87189.02 65.00 53.06
273.00 14.00 -77190.46 -77190.46 65.00 53.06
274.00 14.00 -77190.46 -90111.68 65.00 53.06
276.00 14.00 -77190.46 -84621.35 65.00 53.06
277.00 14.00 -77190.46 -85864.62 65.00 53.06
278.00 14.00 -77190.46 -88376.93 65.00 53.06
279.00 14.00 -77190.46 -82485.14 65.00 53.06
280.00 14.00 -77190.46 -85382.11 65.00 53.06
281.00 14.00 -77190.46 -83159.24 65.00 53.06
282.00 14.00 -77190.46 -84045.59 65.00 53.06
283.00 14.00 -77190.46 -86643.84 65.00 53.06
284.00 14.00 -77190.46 -91237.64 65.00 53.06
286.00 14.00 -77190.46 -87207.83 65.00 53.06
287.00 14.00 -77190.46 -88225.28 65.00 53.06
288.00 14.00 -77190.46 -83204.47 65.00 53.06
289.00 14.00 -77190.46 -90546.16 65.00 53.06
290.00 14.00 -77190.46 -90792.50 65.00 53.06
292.00 14.00 -77190.46 -88121.38 65.00 53.06
293.00 14.00 -77190.46 -83005.44 65.00 53.06
294.00 14.00 -77190.46 -88721.67 65.00 53.06
296.00 14.00 -77190.46 -85621.55 65.00 53.06
297.00 14.00 -77190.46 -90304.80 65.00 53.06
298.00 14.00 -77190.46 -94768.44 65.00 53.06
299.00 14.00 -77190.46 -83495.55 65.00 53.06
300.00 14.00 -77190.46 -88865.41 65.00 53.06
301.00 14.00 -77190.46 -83150.33 65.00 53.06
302.00 14.00 -77190.46 -84803.60 65.00 53.06
306.00 14.00 -77190.46 -85476.05 65.00 53.06
307.00 14.00 -77190.46 -85447.83 65.00 53.06
309.00 14.00 -77190.46 -85758.20 65.00 53.06
310.00 14.00 -77190.46 -93093.56 65.00 53.06
311.00 14.00 -77190.46 -87424.08 65.00 53.06
312.00 14.00 -77190.46 -86860.97 65.00 53.06
313.00 14.00 -77190.46 -82811.62 65.00 53.06
315.00 14.00 -77190.46 -85714.82 65.00 53.06
316.00 14.00 -77190.46 -88408.49 65.00 53.06
317.00 14.00 -77190.46 -85095.82 65.00 53.06
318.00 14.00 -77190.46 -85490.42 65.00 53.06
319.00 14.00 -77190.46 -87012.66 65.00 53.06
321.00 14.00 -77190.46 -86980.23 65.00 53.06
322.00 14.00 -77190.46 -86191.31 65.00 53.06
323.00 14.00 -77190.46 -90758.91 65.00 53.06
325.00 14.00 -77190.46 -86288.53 65.00 53.06
326.00 14.00 -77190.46 -86975.71 65.00 53.06
327.00 14.00 -77190.46 -85949.77 65.00 53.06
328.00 14.00 -77190.46 -84344.30 65.00 53.06
330.00 14.00 -77190.46 -85423.28 65.00 53.06
331.00 14.00 -77190.46 -83579.46 65.00 53.06
332.00 14.00 -77190.46 -86131.90 65.00 53.06
333.00 14.00 -77190.46 -86720.25 65.00 53.06
334.00 14.00 -77190.46 -85430.61 65.00 53.06
335.00 14.00 -77190.46 -89451.49 65.00 53.06
336.00 14.00 -77190.46 -87012.21 65.00 53.06
337.00 14.00 -77190.46 -85471.37 65.00 53.06
338.00 14.00 -77190.46 -92386.03 65.00 53.06
339.00 14.00 -77190.46 -86971.09 65.00 53.06
340.00 14.00 -77190.46 -89508.18 65.00 53.06
341.00 14.00 -77190.46 -88013.12 65.00 53.06
342.00 14.00 -77190.46 -85324.84 65.00 53.06
343.00 14.00 -77190.46 -88549.49 65.00 53.06
344.00 14.00 -77190.46 -88927.77 65.00 53.06
345.00 14.00 -77190.46 -92590.63 65.00 53.06
346.00 14.00 -77190.46 -88079.81 65.00 53.06
347.00 14.00 -77190.46 -90593.12 65.00 53.06
348.00 14.00 -77190.46 -86824.71 65.00 53.06
349.00 14.00 -77190.46 -87976.35 65.00 53.06
351.00 14.00 -77190.46 -86454.28 65.00 53.06
352.00 14.00 -77190.46 -88150.48 65.00 53.06
353.00 14.00 -77190.46 -87304.12 65.00 53.06
354.00 14.00 -77190.46 -86629.05 65.00 53.06
355.00 14.00 -77190.46 -90381.04 65.00 53.06
356.00 14.00 -77190.46 -91076.16 65.00 53.06
358.00 14.00 -77190.46 -87036.90 65.00 53.06
359.00 14.00 -77190.46 -90491.30 65.00 53.06
360.00 14.00 -77190.46 -90315.60 65.00 53.06
362.00 14.00 -77190.46 -87986.72 65.00 53.06
364.00 14.00 -77190.46 -87916.67 65.00 53.06
366.00 14.00 -77190.46 -87965.67 65.00 53.06
367.00 14.00 -77190.46 -89829.01 65.00 53.06
368.00 14.00 -77190.46 -89187.23 65.00 53.06
371.00 14.00 -77190.46 -88038.88 65.00 53.06
372.00 14.00 -77190.46 -86486.59 65.00 53.06
373.00 14.00 -77190.46 -87977.57 65.00 53.06
374.00 14.00 -77190.46 -83529.40 65.00 53.06
375.00 14.00 -77190.46 -84034.28 65.00 53.06
376.00 14.00 -77190.46 -90212.30 65.00 53.06
377.00 14.00 -77190.46 -87055.23 65.00 53.06
379.00 14.00 -77190.46 -86418.65 65.00 53.06
381.00 14.00 -77190.46 -85746.41 65.00 53.06
382.00 14.00 -77190.46 -87472.39 65.00 53.06
383.00 14.00 -77190.46 -86890.11 65.00 53.06
384.00 15.00 -77190.46 -77190.46 65.00 53.06
385.00 15.00 -77190.46 -84986.71 65.00 53.06
386.00 15.00 -77190.46 -84717.60 65.00 53.06
387.00 15.00 -77190.46 -90051.44 65.00 53.06
388.00 15.00 -77190.46 -84450.13 65.00 53.06
389.00 15.00 -77190.46 -86272.89 65.00 53.06
390.00 15.00 -77190.46 -86258.43 65.00 53.06
391.00 15.00 -77190.46 -88764.27 65.00 53.06
392.00 15.00 -77190.46 -83341.27 65.00 53.06
394.00 15.00 -77190.46 -86826.05 65.00 53.06
395.00 15.00 -77190.46 -90805.85 65.00 53.06
396.00 15.00 -77190.46 -87859.14 65.00 53.06
397.00 15.00 -77190.46 -84081.26 65.00 53.06
400.00 15.00 -77190.46 -87834.00 65.00 53.06
401.00 15.00 -77190.46 -88818.42 65.00 53.06
402.00 15.00 -77190.46 -89254.96 65.00 53.06
403.00 15.00 -77190.46 -83419.30 65.00 53.06
404.00 15.00 -77190.46 -85692.56 65.00 53.06
405.00 15.00 -77190.46 -90735.64 65.00 53.06
406.00 15.00 -77190.46 -88123.62 65.00 53.06
407.00 15.00 -77190.46 -88688.44 65.00 53.06
408.00 15.00 -77190.46 -89713.82 65.00 53.06
409.00 15.00 -77190.46 -86331.63 65.00 53.06
410.00 15.00 -77190.46 -91771.78 65.00 53.06
411.00 15.00 -77190.46 -83821.90 65.00 53.06
412.00 15.00 -77190.46 -90952.22 65.00 53.06
413.00 15.00 -77190.46 -86786.84 65.00 53.06
415.00 15.00 -77190.46 -85838.52 65.00 53.06
416.00 15.00 -77190.46 -91781.52 65.00 53.06
417.00 15.00 -77190.46 -91987.45 65.00 53.06
418.00 15.00 -77190.46 -83909.65 65.00 53.06
419.00 15.00 -77190.46 -92566.19 65.00 53.06
421.00 15.00 -77190.46 -85565.99 65.00 53.06
422.00 15.00 -77190.46 -80378.53 65.00 53.06
423.00 16.00 -77190.46 -77190.46 65.00 53.06
424.00 16.00 -77190.46 -88551.78 65.00 53.06
425.00 16.00 -77190.46 -84280.88 65.00 53.06
428.00 16.00 -77190.46 -85200.95 65.00 53.06
429.00 16.00 -77190.46 -81880.45 65.00 53.06
430.00 16.00 -77190.46 -86993.64 65.00 53.06
431.00 16.00 -77190.46 -86514.63 65.00 53.06
432.00 16.00 -77190.46 -86540.06 65.00 53.06
433.00 16.00 -77190.46 -87048.90 65.00 53.06
434.00 16.00 -77190.46 -84723.63 65.00 53.06
435.00 16.00 -77190.46 -87313.90 65.00 53.06
436.00 16.00 -77190.46 -87196.77 65.00 53.06
437.00 17.00 -77190.46 -77190.46 65.00 53.06
438.00 17.00 -77190.46 -85955.82 65.00 53.06
439.00 17.00 -77190.46 -88102.15 65.00 53.06
440.00 17.00 -77190.46 -89078.99 65.00 53.06
441.00 17.00 -77190.46 -89321.60 65.00 53.06
442.00 17.00 -77190.46 -88868.33 65.00 53.06
443.00 17.00 -77190.46 -88887.32 65.00 53.06
444.00 17.00 -77190.46 -88011.67 65.00 53.06
445.00 17.00 -77190.46 -84323.75 65.00 53.06
446.00 17.00 -77190.46 -86432.72 65.00 53.06
447.00 17.00 -77190.46 -89817.83 65.00 53.06
448.00 17.00 -77190.46 -89669.61 65.00 53.06
449.00 17.00 -77190.46 -87315.96 65.00 53.06
451.00 17.00 -77190.46 -87085.58 65.00 53.06
452.00 17.00 -77190.46 -89031.77 65.00 53.06
453.00 17.00 -77190.46 -88495.38 65.00 53.06
454.00 17.00 -77190.46 -89494.93 65.00 53.06
455.00 17.00 -77190.46 -86761.68 65.00 53.06
456.00 17.00 -77190.46 -90014.20 65.00 53.06
457.00 17.00 -77190.46 -88139.41 65.00 53.06
458.00 17.00 -77190.46 -83442.23 65.00 53.06
459.00 17.00 -77190.46 -88320.86 65.00 53.06
460.00 17.00 -77190.46 -83861.96 65.00 53.06
461.00 17.00 -77190.46 -80060.99 65.00 53.06
462.00 17.00 -77190.46 -86734.65 65.00 53.06
463.00 17.00 -77190.46 -89398.96 65.00 53.06
464.00 17.00 -77190.46 -90064.11 65.00 53.06
465.00 17.00 -77190.46 -89985.39 65.00 53.06
466.00 17.00 -77190.46 -86600.24 65.00 53.06
467.00 17.00 -77190.46 -86068.53 65.00 53.06
468.00 17.00 -77190.46 -90368.24 65.00 53.06
469.00 17.00 -77190.46 -86000.33 65.00 53.06
470.00 17.00 -77190.46 -89251.86 65.00 53.06
471.00 17.00 -77190.46 -91651.12 65.00 53.06
472.00 17.00 -77190.46 -92032.14 65.00 53.06
473.00 17.00 -77190.46 -88516.36 65.00 53.06
474.00 17.00 -77190.46 -87607.67 65.00 53.06
475.00 17.00 -77190.46 -88760.22 65.00 53.06
476.00 17.00 -77190.46 -87944.85 65.00 53.06
477.00 17.00 -77190.46 -89283.32 65.00 53.06
478.00 17.00 -77190.46 -86150.77 65.00 53.06
479.00 17.00 -77190.46 -87449.40 65.00 53.06
480.00 17.00 -77190.46 -90161.35 65.00 53.06
481.00 17.00 -77190.46 -82133.07 65.00 53.06
482.00 17.00 -77190.46 -89682.21 65.00 53.06
484.00 17.00 -77190.46 -86757.45 65.00 53.06
485.00 17.00 -77190.46 -89172.69 65.00 53.06
486.00 17.00 -77190.46 -92535.68 65.00 53.06
487.00 17.00 -77190.46 -85966.01 65.00 53.06
488.00 17.00 -77190.46 -87788.63 65.00 53.06
489.00 17.00 -77190.46 -87310.38 65.00 53.06
490.00 17.00 -77190.46 -89161.64 65.00 53.06
492.00 17.00 -77190.46 -88293.03 65.00 53.06
493.00 17.00 -77190.46 -81319.26 65.00 53.06
494.00 17.00 -77190.46 -86591.09 65.00 53.06
495.00 17.00 -77190.46 -89281.44 65.00 53.06
496.00 17.00 -77190.46 -91508.61 65.00 53.06
497.00 17.00 -77190.46 -87379.70 65.00 53.06
499.00 17.00 -77190.46 -87355.27 65.00 53.06
500.00 17.00 -77190.46 -86919.08 65.00 53.06
502.00 17.00 -77190.46 -87057.16 65.00 53.06
503.00 17.00 -77190.46 -88065.61 65.00 53.06
504.00 17.00 -77190.46 -86512.28 65.00 53.06
505.00 17.00 -77190.46 -91462.15 65.00 53.06
507.00 17.00 -77190.46 -86586.64 65.00 53.06
508.00 17.00 -77190.46 -86490.29 65.00 53.06
509.00 17.00 -77190.46 -81012.38 65.00 53.06
510.00 17.00 -77190.46 -86619.60 65.00 53.06
511.00 17.00 -77190.46 -85609.16 65.00 53.06
512.00 17.00 -77190.46 -88772.57 65.00 53.06
513.00 17.00 -77190.46 -83838.40 65.00 53.06
514.00 17.00 -77190.46 -86639.58 65.00 53.06
515.00 17.00 -77190.46 -89029.17 65.00 53.06
517.00 17.00 -77190.46 -86897.02 65.00 53.06
518.00 17.00 -77190.46 -90935.30 65.00 53.06
521.00 17.00 -77190.46 -87949.72 65.00 53.06
522.00 17.00 -77190.46 -89850.96 65.00 53.06
525.00 17.00 -77190.46 -88053.50 65.00 53.06
526.00 17.00 -77190.46 -89386.64 65.00 53.06
527.00 17.00 -77190.46 -90301.43 65.00 53.06
528.00 17.00 -77190.46 -86362.65 65.00 53.06
529.00 17.00 -77190.46 -86244.61 65.00 53.06
530.00 17.00 -77190.46 -89403.77 65.00 53.06
531.00 17.00 -77190.46 -92509.66 65.00 53.06
532.00 17.00 -77190.46 -82270.79 65.00 53.06
533.00 17.00 -77190.46 -90442.05 65.00 53.06
534.00 17.00 -77190.46 -88302.40 65.00 53.06
535.00 17.00 -77190.46 -91289.60 65.00 53.06
536.00 17.00 -77190.46 -92031.65 65.00 53.06
537.00 17.00 -77190.46 -92135.81 65.00 53.06
538.00 17.00 -77190.46 -88789.79 65.00 53.06
539.00 17.00 -77190.46 -84682.99 65.00 53.06
540.00 17.00 -77190.46 -87328.68 65.00 53.06
541.00 17.00 -77190.46 -83929.97 65.00 53.06
542.00 18.00 -77190.46 -77190.46 65.00 53.06
543.00 18.00 -77190.46 -86786.67 65.00 53.06
544.00 18.00 -77190.46 -86038.27 65.00 53.06
545.00 18.00 -77190.46 -88188.45 65.00 53.06
546.00 18.00 -77190.46 -94894.38 65.00 53.06
547.00 18.00 -77190.46 -88055.02 65.00 53.06
548.00 18.00 -77190.46 -88379.11 65.00 53.06
549.00 18.00 -77190.46 -88924.52 65.00 53.06
550.00 18.00 -77190.46 -87792.73 65.00 53.06
551.00 18.00 -77190.46 -85014.46 65.00 53.06
554.00 18.00 -77190.46 -87307.88 65.00 53.06
556.00 18.00 -77190.46 -86541.11 65.00 53.06
557.00 18.00 -77190.46 -94006.84 65.00 53.06
558.00 18.00 -77190.46 -87360.26 65.00 53.06
559.00 18.00 -77190.46 -89021.31 65.00 53.06
560.00 18.00 -77190.46 -86673.04 65.00 53.06
561.00 18.00 -77190.46 -86882.53 65.00 53.06
562.00 18.00 -77190.46 -88238.37 65.00 53.06
563.00 18.00 -77190.46 -88620.98 65.00 53.06
564.00 18.00 -77190.46 -88881.78 65.00 53.06
565.00 18.00 -77190.46 -88404.17 65.00 53.06
566.00 18.00 -77190.46 -87521.77 65.00 53.06
567.00 18.00 -77190.46 -83070.73 65.00 53.06
569.00 18.00 -77190.46 -85822.58 65.00 53.06
570.00 18.00 -77190.46 -89309.05 65.00 53.06
571.00 18.00 -77190.46 -88466.96 65.00 53.06
572.00 18.00 -77190.46 -88733.21 65.00 53.06
573.00 18.00 -77190.46 -90079.91 65.00 53.06
574.00 18.00 -77190.46 -88189.18 65.00 53.06
575.00 18.00 -77190.46 -89071.01 65.00 53.06
576.00 18.00 -77190.46 -87399.53 65.00 53.06
577.00 18.00 -77190.46 -87954.73 65.00 53.06
578.00 18.00 -77190.46 -91838.98 65.00 53.06
579.00 18.00 -77190.46 -85715.54 65.00 53.06
580.00 18.00 -77190.46 -90988.29 65.00 53.06
581.00 18.00 -77190.46 -86094.49 65.00 53.06
582.00 18.00 -77190.46 -86407.76 65.00 53.06
583.00 18.00 -77190.46 -88574.23 65.00 53.06
584.00 18.00 -77190.46 -89511.85 65.00 53.06
586.00 18.00 -77190.46 -87371.49 65.00 53.06
587.00 18.00 -77190.46 -84405.12 65.00 53.06
588.00 18.00 -77190.46 -84752.88 65.00 53.06
589.00 18.00 -77190.46 -86335.94 65.00 53.06
590.00 18.00 -77190.46 -85601.95 65.00 53.06
591.00 18.00 -77190.46 -89487.95 65.00 53.06
592.00 18.00 -77190.46 -90610.05 65.00 53.06
593.00 18.00 -77190.46 -82127.59 65.00 53.06
594.00 18.00 -77190.46 -87242.19 65.00 53.06
595.00 18.00 -77190.46 -91171.91 65.00 53.06
596.00 18.00 -77190.46 -88741.07 65.00 53.06
598.00 18.00 -77190.46 -88814.84 65.00 53.06
599.00 18.00 -77190.46 -84318.82 65.00 53.06
600.00 18.00 -77190.46 -90408.41 65.00 53.06
602.00 18.00 -77190.46 -88076.25 65.00 53.06
603.00 18.00 -77190.46 -85779.74 65.00 53.06
605.00 18.00 -77190.46 -87726.45 65.00 53.06
607.00 18.00 -77190.46 -87755.75 65.00 53.06
608.00 18.00 -77190.46 -87094.48 65.00 53.06
609.00 18.00 -77190.46 -85699.04 65.00 53.06
610.00 18.00 -77190.46 -85964.62 65.00 53.06
611.00 18.00 -77190.46 -92148.91 65.00 53.06
612.00 18.00 -77190.46 -91356.10 65.00 53.06
613.00 18.00 -77190.46 -85270.16 65.00 53.06
614.00 18.00 -77190.46 -91133.88 65.00 53.06
615.00 18.00 -77190.46 -85264.18 65.00 53.06
616.00 18.00 -77190.46 -88905.94 65.00 53.06
617.00 18.00 -77190.46 -83135.48 65.00 53.06
619.00 18.00 -77190.46 -87406.27 65.00 53.06
620.00 18.00 -77190.46 -82902.22 65.00 53.06
621.00 18.00 -77190.46 -93260.97 65.00 53.06
622.00 18.00 -77190.46 -89123.32 65.00 53.06
