0.00 0.00 -96615.92 -97939.63 0.00 0.00
1.00 1.00 -89865.05 -89865.05 93.71 46.31
2.00 1.00 -89865.05 -97796.39 93.71 46.31
3.00 1.00 -89865.05 -98687.00 93.71 46.31
4.00 1.00 -89865.05 -98866.64 93.71 46.31
5.00 1.00 -89865.05 -96016.67 93.71 46.31
6.00 1.00 -89865.05 -98871.97 93.71 46.31
7.00 1.00 -89865.05 -91181.84 93.71 46.31
8.00 1.00 -89865.05 -101411.12 93.71 46.31
9.00 1.00 -89865.05 -93371.06 93.71 46.31
10.00 1.00 -89865.05 -96017.10 93.71 46.31
11.00 1.00 -89865.05 -94376.84 93.71 46.31
12.00 1.00 -89865.05 -99017.22 93.71 46.31
13.00 1.00 -89865.05 -92047.99 93.71 46.31
14.00 1.00 -89865.05 -97898.01 93.71 46.31
15.00 1.00 -89865.05 -99375.15 93.71 46.31
16.00 1.00 -89865.05 -92123.39 93.71 46.31
17.00 1.00 -89865.05 -98672.59 93.71 46.31
18.00 1.00 -89865.05 -97524.11 93.71 46.31
19.00 1.00 -89865.05 -94526.54 93.71 46.31
20.00 1.00 -89865.05 -100859.86 93.71 46.31
21.00 1.00 -89865.05 -97888.32 93.71 46.31
22.00 1.00 -89865.05 -98898.49 93.71 46.31
23.00 1.00 -89865.05 -94677.65 93.71 46.31
24.00 1.00 -89865.05 -97479.29 93.71 46.31
25.00 1.00 -89865.05 -94474.89 93.71 46.31
26.00 1.00 -89865.05 -99800.02 93.71 46.31
27.00 1.00 -89865.05 -95470.26 93.71 46.31
28.00 1.00 -89865.05 -96002.91 93.71 46.31
29.00 1.00 -89865.05 -103062.82 93.71 46.31
30.00 1.00 -89865.05 -96659.70 93.71 46.31
31.00 1.00 -89865.05 -96949.19 93.71 46.31
32.00 1.00 -89865.05 -100196.23 93.71 46.31
33.00 1.00 -89865.05 -97478.76 93.71 46.31
34.00 1.00 -89865.05 -99402.86 93.71 46.31
35.00 1.00 -89865.05 -92479.83 93.71 46.31
36.00 1.00 -89865.05 -93670.63 93.71 46.31
37.00 1.00 -89865.05 -95603.75 93.71 46.31
38.00 1.00 -89865.05 -94171.69 93.71 46.31
39.00 1.00 -89865.05 -98322.47 93.71 46.31
40.00 1.00 -89865.05 -98957.39 93.71 46.31
41.00 1.00 -89865.05 -90740.62 93.71 46.31
42.00 1.00 -89865.05 -90704.25 93.71 46.31
43.00 1.00 -89865.05 -97265.99 93.71 46.31
44.00 1.00 -89865.05 -98285.35 93.71 46.31
45.00 1.00 -89865.05 -95274.17 93.71 46.31
46.00 1.00 -89865.05 -96061.07 93.71 46.31
47.00 1.00 -89865.05 -95888.72 93.71 46.31
48.00 1.00 -89865.05 -97607.47 93.71 46.31
49.00 1.00 -89865.05 -95878.22 93.71 46.31
50.00 1.00 -89865.05 -90349.30 93.71 46.31
51.00 1.00 -89865.05 -97534.65 93.71 46.31
52.00 1.00 -89865.05 -94731.41 93.71 46.31
53.00 1.00 -89865.05 -96306.61 93.71 46.31
54.00 1.00 -89865.05 -91626.74 93.71 46.31
55.00 1.00 -89865.05 -99143.41 93.71 46.31
57.00 1.00 -89865.05 -96471.73 93.71 46.31
58.00 1.00 -89865.05 -97759.26 93.71 46.31
59.00 1.00 -89865.05 -98220.78 93.71 46.31
60.00 1.00 -89865.05 -99593.95 93.71 46.31
61.00 1.00 -89865.05 -99366.37 93.71 46.31
62.00 1.00 -89865.05 -99551.74 93.71 46.31
63.00 1.00 -89865.05 -99895.30 93.71 46.31
64.00 1.00 -89865.05 -96449.30 93.71 46.31
65.00 1.00 -89865.05 -92122.76 93.71 46.31
66.00 1.00 -89865.05 -96908.60 93.71 46.31
67.00 1.00 -89865.05 -99465.91 93.71 46.31
68.00 1.00 -89865.05 -97212.12 93.71 46.31
69.00 1.00 -89865.05 -99179.15 93.71 46.31
70.00 1.00 -89865.05 -96542.42 93.71 46.31
71.00 1.00 -89865.05 -99181.05 93.71 46.31
72.00 1.00 -89865.05 -96378.30 93.71 46.31
73.00 1.00 -89865.05 -94982.79 93.71 46.31
74.00 1.00 -89865.05 -99117.74 93.71 46.31
75.00 1.00 -89865.05 -101057.95 93.71 46.31
76.00 1.00 -89865.05 -96336.22 93.71 46.31
77.00 1.00 -89865.05 -101712.93 93.71 46.31
78.00 1.00 -89865.05 -98167.21 93.71 46.31
79.00 1.00 -89865.05 -100344.90 93.71 46.31
81.00 1.00 -89865.05 -97596.80 93.71 46.31
82.00 1.00 -89865.05 -99216.11 93.71 46.31
84.00 1.00 -89865.05 -96934.14 93.71 46.31
85.00 1.00 -89865.05 -98404.54 93.71 46.31
87.00 1.00 -89865.05 -96275.22 93.71 46.31
88.00 1.00 -89865.05 -95615.43 93.71 46.31
89.00 1.00 -89865.05 -96343.29 93.71 46.31
91.00 1.00 -89865.05 -95852.91 93.71 46.31
92.00 1.00 -89865.05 -95302.19 93.71 46.31
93.00 1.00 -89865.05 -94047.89 93.71 46.31
94.00 1.00 -89865.05 -91813.89 93.71 46.31
95.00 1.00 -89865.05 -95507.25 93.71 46.31
96.00 1.00 -89865.05 -93610.79 93.71 46.31
97.00 1.00 -89865.05 -97835.06 93.71 46.31
98.00 1.00 -89865.05 -94648.33 93.71 46.31
99.00 1.00 -89865.05 -96011.32 93.71 46.31
100.00 1.00 -89865.05 -104465.07 93.71 46.31
101.00 1.00 -89865.05 -97945.29 93.71 46.31
102.00 1.00 -89865.05 -94988.04 93.71 46.31
103.00 1.00 -89865.05 -98058.77 93.71 46.31
104.00 2.00 -89865.05 -89865.05 93.71 46.31
105.00 2.00 -89865.05 -92535.64 93.71 46.31
106.00 2.00 -89865.05 -92464.85 93.71 46.31
107.00 2.00 -89865.05 -101300.96 93.71 46.31
108.00 2.00 -89865.05 -92426.54 93.71 46.31
109.00 2.00 -89865.05 -97646.36 93.71 46.31
110.00 2.00 -89865.05 -91967.57 93.71 46.31
111.00 2.00 -89865.05 -93657.63 93.71 46.31
112.00 2.00 -89865.05 -99249.89 93.71 46.31
113.00 2.00 -89865.05 -98917.24 93.71 46.31
114.00 2.00 -89865.05 -97057.90 93.71 46.31
115.00 2.00 -89865.05 -100012.08 93.71 46.31
116.00 2.00 -89865.05 -98950.46 93.71 46.31
117.00 2.00 -89865.05 -99903.45 93.71 46.31
118.00 2.00 -89865.05 -101708.94 93.71 46.31
119.00 2.00 -89865.05 -98727.62 93.71 46.31
121.00 2.00 -89865.05 -96877.39 93.71 46.31
123.00 2.00 -89865.05 -96072.89 93.71 46.31
124.00 2.00 -89865.05 -95771.39 93.71 46.31
125.00 2.00 -89865.05 -100566.31 93.71 46.31
126.00 2.00 -89865.05 -92865.17 93.71 46.31
127.00 2.00 -89865.05 -93652.56 93.71 46.31
128.00 2.00 -89865.05 -95025.31 93.71 46.31
129.00 2.00 -89865.05 -92952.78 93.71 46.31
130.00 2.00 -89865.05 -93468.44 93.71 46.31
131.00 2.00 -89865.05 -94381.90 93.71 46.31
132.00 2.00 -89865.05 -99564.13 93.71 46.31
133.00 2.00 -89865.05 -99894.59 93.71 46.31
135.00 2.00 -89865.05 -97478.05 93.71 46.31
137.00 2.00 -89865.05 -96638.67 93.71 46.31
138.00 2.00 -89865.05 -95431.40 93.71 46.31
139.00 2.00 -89865.05 -100276.61 93.71 46.31
140.00 2.00 -89865.05 -99146.02 93.71 46.31
142.00 2.00 -89865.05 -96520.81 93.71 46.31
144.00 2.00 -89865.05 -95801.94 93.71 46.31
145.00 2.00 -89865.05 -98107.96 93.71 46.31
146.00 2.00 -89865.05 -95578.75 93.71 46.31
148.00 2.00 -89865.05 -96953.37 93.71 46.31
149.00 3.00 -83713.04 -83713.04 64.76 23.23
150.00 3.00 -83713.04 -99866.32 64.76 23.23
151.00 3.00 -83713.04 -99283.51 64.76 23.23
152.00 3.00 -83713.04 -98739.29 64.76 23.23
153.00 3.00 -83713.04 -97763.03 64.76 23.23
154.00 3.00 -83713.04 -99682.40 64.76 23.23
155.00 3.00 -83713.04 -94795.64 64.76 23.23
156.00 3.00 -83713.04 -98148.86 64.76 23.23
157.00 3.00 -83713.04 -97032.44 64.76 23.23
158.00 3.00 -83713.04 -98860.39 64.76 23.23
159.00 3.00 -83713.04 -95618.83 64.76 23.23
160.00 3.00 -83713.04 -97209.04 64.76 23.23
161.00 3.00 -83713.04 -98302.81 64.76 23.23
162.00 3.00 -83713.04 -91575.89 64.76 23.23
163.00 3.00 -83713.04 -98037.67 64.76 23.23
164.00 3.00 -83713.04 -95551.89 64.76 23.23
165.00 3.00 -83713.04 -91063.26 64.76 23.23
166.00 3.00 -83713.04 -103309.44 64.76 23.23
167.00 3.00 -83713.04 -96132.26 64.76 23.23
168.00 3.00 -83713.04 -95049.81 64.76 23.23
169.00 3.00 -83713.04 -92621.80 64.76 23.23
170.00 3.00 -83713.04 -99126.67 64.76 23.23
171.00 3.00 -83713.04 -95539.25 64.76 23.23
172.00 3.00 -83713.04 -97966.11 64.76 23.23
173.00 3.00 -83713.04 -91497.26 64.76 23.23
174.00 3.00 -83713.04 -98840.12 64.76 23.23
175.00 3.00 -83713.04 -94988.32 64.76 23.23
176.00 3.00 -83713.04 -90622.39 64.76 23.23
177.00 3.00 -83713.04 -101505.38 64.76 23.23
178.00 3.00 -83713.04 -97863.45 64.76 23.23
179.00 3.00 -83713.04 -94194.06 64.76 23.23
180.00 3.00 -83713.04 -94377.55 64.76 23.23
181.00 3.00 -83713.04 -98369.84 64.76 23.23
182.00 3.00 -83713.04 -98586.88 64.76 23.23
183.00 3.00 -83713.04 -101943.66 64.76 23.23
184.00 3.00 -83713.04 -94668.26 64.76 23.23
185.00 3.00 -83713.04 -101773.62 64.76 23.23
186.00 3.00 -83713.04 -93724.29 64.76 23.23
187.00 3.00 -83713.04 -92952.16 64.76 23.23
188.00 3.00 -83713.04 -100824.26 64.76 23.23
189.00 3.00 -83713.04 -90784.61 64.76 23.23
190.00 3.00 -83713.04 -95111.04 64.76 23.23
191.00 3.00 -83713.04 -98659.68 64.76 23.23
192.00 3.00 -83713.04 -106933.79 64.76 23.23
193.00 3.00 -83713.04 -98126.62 64.76 23.23
194.00 3.00 -83713.04 -96516.14 64.76 23.23
196.00 3.00 -83713.04 -97421.20 64.76 23.23
197.00 3.00 -83713.04 -98902.05 64.76 23.23
198.00 3.00 -83713.04 -98843.52 64.76 23.23
199.00 3.00 -83713.04 -96419.16 64.76 23.23
202.00 3.00 -83713.04 -96911.89 64.76 23.23
203.00 3.00 -83713.04 -96439.02 64.76 23.23
204.00 3.00 -83713.04 -93385.62 64.76 23.23
205.00 3.00 -83713.04 -101897.76 64.76 23.23
206.00 3.00 -83713.04 -98959.23 64.76 23.23
207.00 3.00 -83713.04 -91925.79 64.76 23.23
209.00 3.00 -83713.04 -96213.84 64.76 23.23
210.00 3.00 -83713.04 -94115.20 64.76 23.23
211.00 3.00 -83713.04 -92695.68 64.76 23.23
212.00 3.00 -83713.04 -98153.04 64.76 23.23
213.00 3.00 -83713.04 -95365.44 64.76 23.23
216.00 3.00 -83713.04 -95816.93 64.76 23.23
217.00 3.00 -83713.04 -93505.67 64.76 23.23
218.00 3.00 -83713.04 -93149.52 64.76 23.23
219.00 3.00 -83713.04 -99896.78 64.76 23.23
220.00 3.00 -83713.04 -93769.20 64.76 23.23
221.00 3.00 -83713.04 -98501.84 64.76 23.23
223.00 3.00 -83713.04 -94832.39 64.76 23.23
224.00 3.00 -83713.04 -99949.10 64.76 23.23
225.00 3.00 -83713.04 -102392.56 64.76 23.23
226.00 3.00 -83713.04 -98039.67 64.76 23.23
227.00 3.00 -83713.04 -97712.78 64.76 23.23
228.00 3.00 -83713.04 -94042.63 64.76 23.23
229.00 3.00 -83713.04 -95282.18 64.76 23.23
230.00 3.00 -83713.04 -97585.40 64.76 23.23
232.00 3.00 -83713.04 -93803.30 64.76 23.23
233.00 3.00 -83713.04 -100998.59 64.76 23.23
234.00 3.00 -83713.04 -91682.25 64.76 23.23
235.00 3.00 -83713.04 -93377.84 64.76 23.23
237.00 3.00 -83713.04 -91707.73 64.76 23.23
238.00 3.00 -83713.04 -94685.20 64.76 23.23
239.00 3.00 -83713.04 -92113.94 64.76 23.23
241.00 3.00 -83713.04 -93918.72 64.76 23.23
242.00 3.00 -83713.04 -101031.05 64.76 23.23
243.00 3.00 -83713.04 -95771.14 64.76 23.23
244.00 3.00 -83713.04 -94622.27 64.76 23.23
245.00 3.00 -83713.04 -95750.53 64.76 23.23
246.00 3.00 -83713.04 -98563.22 64.76 23.23
247.00 3.00 -83713.04 -93812.71 64.76 23.23
248.00 3.00 -83713.04 -93768.77 64.76 23.23
249.00 3.00 -83713.04 -98120.89 64.76 23.23
250.00 3.00 -83713.04 -96599.92 64.76 23.23
251.00 3.00 -83713.04 -93339.66 64.76 23.23
252.00 3.00 -83713.04 -96073.25 64.76 23.23
253.00 3.00 -83713.04 -96155.06 64.76 23.23
254.00 3.00 -83713.04 -96468.97 64.76 23.23
256.00 3.00 -83713.04 -96007.27 64.76 23.23
258.00 3.00 -83713.04 -95216.09 64.76 23.23
259.00 3.00 -83713.04 -94408.97 64.76 23.23
260.00 3.00 -83713.04 -95542.28 64.76 23.23
262.00 3.00 -83713.04 -95088.09 64.76 23.23
263.00 3.00 -83713.04 -93827.71 64.76 23.23
264.00 3.00 -83713.04 -91908.36 64.76 23.23
265.00 3.00 -83713.04 -95938.52 64.76 23.23
266.00 3.00 -83713.04 -97006.29 64.76 23.23
267.00 3.00 -83713.04 -104277.91 64.76 23.23
268.00 3.00 -83713.04 -95820.32 64.76 23.23
269.00 3.00 -83713.04 -96060.03 64.76 23.23
270.00 3.00 -83713.04 -92132.39 64.76 23.23
271.00 3.00 -83713.04 -98713.11 64.76 23.23
272.00 3.00 -83713.04 -97297.61 64.76 23.23
273.00 3.00 -83713.04 -96785.59 64.76 23.23
275.00 3.00 -83713.04 -96133.04 64.76 23.23
276.00 3.00 -83713.04 -96262.70 64.76 23.23
277.00 3.00 -83713.04 -99221.08 64.76 23.23
278.00 3.00 -83713.04 -93216.31 64.76 23.23
279.00 3.00 -83713.04 -89762.10 64.76 23.23
280.00 3.00 -83713.04 -97974.43 64.76 23.23
281.00 3.00 -83713.04 -97936.95 64.76 23.23
282.00 3.00 -83713.04 -94553.67 64.76 23.23
283.00 3.00 -83713.04 -97432.67 64.76 23.23
284.00 3.00 -83713.04 -99278.19 64.76 23.23
285.00 3.00 -83713.04 -96468.49 64.76 23.23
286.00 3.00 -83713.04 -99804.56 64.76 23.23
287.00 3.00 -83713.04 -100643.74 64.76 23.23
288.00 3.00 -83713.04 -95245.21 64.76 23.23
289.00 3.00 -83713.04 -91305.94 64.76 23.23
290.00 3.00 -83713.04 -96021.98 64.76 23.23
291.00 3.00 -83713.04 -92431.78 64.76 23.23
292.00 3.00 -83713.04 -94720.59 64.76 23.23
293.00 3.00 -83713.04 -87586.57 64.76 23.23
294.00 3.00 -83713.04 -99597.10 64.76 23.23
295.00 3.00 -83713.04 -93420.51 64.76 23.23
297.00 3.00 -83713.04 -95013.91 64.76 23.23
299.00 3.00 -83713.04 -94708.48 64.76 23.23
300.00 3.00 -83713.04 -96727.33 64.76 23.23
302.00 3.00 -83713.04 -96121.80 64.76 23.23
303.00 3.00 -83713.04 -91760.30 64.76 23.23
304.00 3.00 -83713.04 -85783.23 64.76 23.23
305.00 3.00 -83713.04 -90764.93 64.76 23.23
306.00 3.00 -83713.04 -96738.28 64.76 23.23
307.00 3.00 -83713.04 -97147.98 64.76 23.23
308.00 3.00 -83713.04 -99901.05 64.76 23.23
309.00 3.00 -83713.04 -97446.47 64.76 23.23
310.00 3.00 -83713.04 -96328.42 64.76 23.23
311.00 3.00 -83713.04 -97968.65 64.76 23.23
312.00 3.00 -83713.04 -96953.01 64.76 23.23
313.00 3.00 -83713.04 -95555.12 64.76 23.23
314.00 3.00 -83713.04 -92962.42 64.76 23.23
315.00 3.00 -83713.04 -101511.31 64.76 23.23
316.00 3.00 -83713.04 -95980.61 64.76 23.23
317.00 3.00 -83713.04 -97342.62 64.76 23.23
318.00 3.00 -83713.04 -96122.17 64.76 23.23
319.00 3.00 -83713.04 -98565.39 64.76 23.23
320.00 3.00 -83713.04 -96380.20 64.76 23.23
321.00 3.00 -83713.04 -94513.33 64.76 23.23
322.00 3.00 -83713.04 -89872.29 64.76 23.23
324.00 3.00 -83713.04 -93917.98 64.76 23.23
325.00 3.00 -83713.04 -95904.35 64.76 23.23
326.00 3.00 -83713.04 -93918.12 64.76 23.23
327.00 3.00 -83713.04 -96655.18 64.76 23.23
328.00 3.00 -83713.04 -95922.88 64.76 23.23
329.00 3.00 -83713.04 -94655.84 64.76 23.23
330.00 3.00 -83713.04 -92676.89 64.76 23.23
331.00 3.00 -83713.04 -99588.90 64.76 23.23
332.00 3.00 -83713.04 -100580.99 64.76 23.23
333.00 3.00 -83713.04 -90996.98 64.76 23.23
334.00 3.00 -83713.04 -96168.96 64.76 23.23
335.00 3.00 -83713.04 -97495.63 64.76 23.23
336.00 3.00 -83713.04 -97011.53 64.76 23.23
337.00 3.00 -83713.04 -93862.43 64.76 23.23
339.00 3.00 -83713.04 -95715.62 64.76 23.23
340.00 3.00 -83713.04 -95779.84 64.76 23.23
341.00 3.00 -83713.04 -94548.19 64.76 23.23
342.00 3.00 -83713.04 -100444.98 64.76 23.23
343.00 3.00 -83713.04 -94413.40 64.76 23.23
344.00 3.00 -83713.04 -94065.91 64.76 23.23
345.00 3.00 -83713.04 -95788.97 64.76 23.23
346.00 3.00 -83713.04 -93360.89 64.76 23.23
347.00 3.00 -83713.04 -102038.04 64.76 23.23
348.00 3.00 -83713.04 -95652.53 64.76 23.23
349.00 3.00 -83713.04 -98174.40 64.76 23.23
350.00 3.00 -83713.04 -96515.04 64.76 23.23
351.00 3.00 -83713.04 -94438.14 64.76 23.23
352.00 3.00 -83713.04 -97205.72 64.76 23.23
354.00 3.00 -83713.04 -95994.97 64.76 23.23
355.00 3.00 -83713.04 -99198.72 64.76 23.23
356.00 3.00 -83713.04 -97950.22 64.76 23.23
357.00 3.00 -83713.04 -98334.63 64.76 23.23
359.00 3.00 -83713.04 -96844.28 64.76 23.23
360.00 3.00 -83713.04 -95422.78 64.76 23.23
362.00 3.00 -83713.04 -94573.04 64.76 23.23
363.00 3.00 -83713.04 -98951.37 64.76 23.23
364.00 3.00 -83713.04 -96968.16 64.76 23.23
365.00 3.00 -83713.04 -92326.34 64.76 23.23
367.00 3.00 -83713.04 -95423.55 64.76 23.23
368.00 3.00 -83713.04 -94974.54 64.76 23.23
369.00 3.00 -83713.04 -97545.06 64.76 23.23
370.00 3.00 -83713.04 -98134.68 64.76 23.23
371.00 3.00 -83713.04 -99391.17 64.76 23.23
372.00 3.00 -83713.04 -98219.72 64.76 23.23
373.00 3.00 -83713.04 -97537.36 64.76 23.23
375.00 3.00 -83713.04 -96860.12 64.76 23.23
377.00 3.00 -83713.04 -96401.70 64.76 23.23
378.00 3.00 -83713.04 -92003.49 64.76 23.23
379.00 3.00 -83713.04 -95349.13 64.76 23.23
380.00 3.00 -83713.04 -97486.75 64.76 23.23
381.00 3.00 -83713.04 -88679.13 64.76 23.23
383.00 3.00 -83713.04 -94636.49 64.76 23.23
385.00 3.00 -83713.04 -94813.61 64.76 23.23
386.00 3.00 -83713.04 -95050.33 64.76 23.23
387.00 3.00 -83713.04 -96469.78 64.76 23.23
388.00 3.00 -83713.04 -91080.86 64.76 23.23
389.00 3.00 -83713.04 -96465.89 64.76 23.23
390.00 3.00 -83713.04 -99011.56 64.76 23.23
391.00 3.00 -83713.04 -96203.98 64.76 23.23
392.00 3.00 -83713.04 -97622.61 64.76 23.23
393.00 3.00 -83713.04 -95906.17 64.76 23.23
394.00 3.00 -83713.04 -95637.59 64.76 23.23
395.00 3.00 -83713.04 -96683.06 64.76 23.23
396.00 3.00 -83713.04 -88782.33 64.76 23.23
397.00 3.00 -83713.04 -99373.58 64.76 23.23
398.00 3.00 -83713.04 -95213.39 64.76 23.23
401.00 3.00 -83713.04 -96178.88 64.76 23.23
402.00 3.00 -83713.04 -97073.45 64.76 23.23
403.00 3.00 -83713.04 -99014.27 64.76 23.23
404.00 3.00 -83713.04 -95878.14 64.76 23.23
405.00 3.00 -83713.04 -95789.72 64.76 23.23
406.00 3.00 -83713.04 -101689.96 64.76 23.23
407.00 3.00 -83713.04 -94943.80 64.76 23.23
408.00 3.00 -83713.04 -100140.02 64.76 23.23
409.00 3.00 -83713.04 -94588.77 64.76 23.23
410.00 3.00 -83713.04 -95297.13 64.76 23.23
411.00 3.00 -83713.04 -95851.20 64.76 23.23
412.00 3.00 -83713.04 -98990.17 64.76 23.23
413.00 3.00 -83713.04 -96977.36 64.76 23.23
414.00 3.00 -83713.04 -93784.35 64.76 23.23
415.00 3.00 -83713.04 -97448.25 64.76 23.23
416.00 3.00 -83713.04 -97243.16 64.76 23.23
417.00 3.00 -83713.04 -94350.78 64.76 23.23
419.00 3.00 -83713.04 -93965.61 64.76 23.23
420.00 3.00 -83713.04 -93243.88 64.76 23.23
421.00 3.00 -83713.04 -98848.99 64.76 23.23
424.00 3.00 -83713.04 -95122.89 64.76 23.23
426.00 3.00 -83713.04 -93371.30 64.76 23.23
427.00 3.00 -83713.04 -94372.95 64.76 23.23
428.00 3.00 -83713.04 -92606.49 64.76 23.23
429.00 3.00 -83713.04 -99437.67 64.76 23.23
430.00 3.00 -83713.04 -98613.12 64.76 23.23
431.00 3.00 -83713.04 -97602.73 64.76 23.23
432.00 3.00 -83713.04 -100277.32 64.76 23.23
433.00 3.00 -83713.04 -97865.98 64.76 23.23
434.00 3.00 -83713.04 -86791.99 64.76 23.23
435.00 3.00 -83713.04 -95413.38 64.76 23.23
436.00 3.00 -83713.04 -91437.56 64.76 23.23
437.00 3.00 -83713.04 -91063.00 64.76 23.23
438.00 3.00 -83713.04 -90933.38 64.76 23.23
439.00 3.00 -83713.04 -93791.71 64.76 23.23
440.00 3.00 -83713.04 -99019.35 64.76 23.23
441.00 3.00 -83713.04 -99186.71 64.76 23.23
442.00 3.00 -83713.04 -93417.63 64.76 23.23
443.00 3.00 -83713.04 -93540.36 64.76 23.23
444.00 3.00 -83713.04 -94184.67 64.76 23.23
445.00 3.00 -83713.04 -87593.53 64.76 23.23
446.00 3.00 -83713.04 -98851.30 64.76 23.23
447.00 3.00 -83713.04 -96478.37 64.76 23.23
448.00 3.00 -83713.04 -99886.65 64.76 23.23
450.00 3.00 -83713.04 -97285.55 64.76 23.23
451.00 3.00 -83713.04 -100465.89 64.76 23.23
452.00 3.00 -83713.04 -99345.20 64.76 23.23
453.00 3.00 -83713.04 -97744.56 64.76 23.23
454.00 3.00 -83713.04 -99307.14 64.76 23.23
455.00 3.00 -83713.04 -97020.64 64.76 23.23
456.00 3.00 -83713.04 -91464.10 64.76 23.23
457.00 3.00 -83713.04 -88980.59 64.76 23.23
458.00 3.00 -83713.04 -98233.09 64.76 23.23
459.00 3.00 -83713.04 -99437.42 64.76 23.23
460.00 3.00 -83713.04 -97239.11 64.76 23.23
461.00 3.00 -83713.04 -91520.00 64.76 23.23
462.00 3.00 -83713.04 -93283.96 64.76 23.23
464.00 3.00 -83713.04 -95826.43 64.76 23.23
465.00 3.00 -83713.04 -97007.12 64.76 23.23
466.00 3.00 -83713.04 -97380.19 64.76 23.23
468.00 3.00 -83713.04 -97196.43 64.76 23.23
470.00 3.00 -83713.04 -97355.30 64.76 23.23
471.00 3.00 -83713.04 -95484.69 64.76 23.23
472.00 3.00 -83713.04 -98034.19 64.76 23.23
473.00 3.00 -83713.04 -97667.48 64.76 23.23
474.00 3.00 -83713.04 -95109.05 64.76 23.23
475.00 3.00 -83713.04 -98524.85 64.76 23.23
476.00 3.00 -83713.04 -95511.66 64.76 23.23
477.00 3.00 -83713.04 -97143.40 64.76 23.23
478.00 3.00 -83713.04 -96343.12 64.76 23.23
479.00 3.00 -83713.04 -91796.24 64.76 23.23
480.00 3.00 -83713.04 -97216.84 64.76 23.23
481.00 3.00 -83713.04 -93829.10 64.76 23.23
483.00 3.00 -83713.04 -97431.97 64.76 23.23
485.00 3.00 -83713.04 -97890.62 64.76 23.23
487.00 3.00 -83713.04 -98085.77 64.76 23.23
488.00 3.00 -83713.04 -98019.28 64.76 23.23
489.00 3.00 -83713.04 -97762.89 64.76 23.23
490.00 3.00 -83713.04 -97918.27 64.76 23.23
491.00 3.00 -83713.04 -95465.46 64.76 23.23
492.00 3.00 -83713.04 -90776.89 64.76 23.23
493.00 3.00 -83713.04 -97273.05 64.76 23.23
494.00 3.00 -83713.04 -98758.12 64.76 23.23
495.00 3.00 -83713.04 -95714.03 64.76 23.23
496.00 3.00 -83713.04 -98502.57 64.76 23.23
497.00 3.00 -83713.04 -97888.14 64.76 23.23
498.00 3.00 -83713.04 -96914.54 64.76 23.23
499.00 3.00 -83713.04 -99839.35 64.76 23.23
501.00 3.00 -83713.04 -96897.80 64.76 23.23
502.00 3.00 -83713.04 -100333.53 64.76 23.23
503.00 3.00 -83713.04 -98799.51 64.76 23.23
504.00 3.00 -83713.04 -94411.43 64.76 23.23
505.00 3.00 -83713.04 -96143.41 64.76 23.23
506.00 3.00 -83713.04 -96189.02 64.76 23.23
507.00 3.00 -83713.04 -98113.81 64.76 23.23
508.00 3.00 -83713.04 -96319.21 64.76 23.23
509.00 3.00 -83713.04 -99875.64 64.76 23.23
510.00 3.00 -83713.04 -93313.07 64.76 23.23
511.00 3.00 -83713.04 -100758.82 64.76 23.23
513.00 3.00 -83713.04 -95126.97 64.76 23.23
514.00 3.00 -83713.04 -97828.61 64.76 23.23
516.00 3.00 -83713.04 -96048.83 64.76 23.23
517.00 3.00 -83713.04 -95476.15 64.76 23.23
518.00 3.00 -83713.04 -94113.12 64.76 23.23
519.00 3.00 -83713.04 -93662.52 64.76 23.23
520.00 3.00 -83713.04 -93125.94 64.76 23.23
521.00 3.00 -83713.04 -100024.22 64.76 23.23
522.00 3.00 -83713.04 -95595.50 64.76 23.23
523.00 3.00 -83713.04 -97731.25 64.76 23.23
524.00 3.00 -83713.04 -98496.54 64.76 23.23
525.00 3.00 -83713.04 -94719.16 64.76 23.23
526.00 3.00 -83713.04 -98358.31 64.76 23.23
527.00 3.00 -83713.04 -98934.36 64.76 23.23
528.00 3.00 -83713.04 -94438.09 64.76 23.23
529.00 3.00 -83713.04 -95839.98 64.76 23.23
530.00 3.00 -83713.04 -104219.40 64.76 23.23
531.00 3.00 -83713.04 -95597.82 64.76 23.23
532.00 3.00 -83713.04 -99609.19 64.76 23.23
533.00 3.00 -83713.04 -102520.69 64.76 23.23
534.00 3.00 -83713.04 -98686.68 64.76 23.23
535.00 3.00 -83713.04 -90727.18 64.76 23.23
536.00 3.00 -83713.04 -92294.72 64.76 23.23
537.00 3.00 -83713.04 -91312.61 64.76 23.23
538.00 3.00 -83713.04 -93449.39 64.76 23.23
539.00 3.00 -83713.04 -97323.94 64.76 23.23
540.00 3.00 -83713.04 -93358.61 64.76 23.23
541.00 3.00 -83713.04 -94416.93 64.76 23.23
543.00 3.00 -83713.04 -95124.19 64.76 23.23
544.00 3.00 -83713.04 -97449.85 64.76 23.23
546.00 3.00 -83713.04 -95849.14 64.76 23.23
547.00 3.00 -83713.04 -94980.54 64.76 23.23
548.00 3.00 -83713.04 -93342.74 64.76 23.23
550.00 3.00 -83713.04 -95864.13 64.76 23.23
551.00 3.00 -83713.04 -99053.31 64.76 23.23
552.00 3.00 -83713.04 -99963.61 64.76 23.23
553.00 3.00 -83713.04 -97983.04 64.76 23.23
555.00 3.00 -83713.04 -98009.49 64.76 23.23
556.00 3.00 -83713.04 -94806.36 64.76 23.23
557.00 3.00 -83713.04 -99529.90 64.76 23.23
558.00 3.00 -83713.04 -97602.49 64.76 23.23
559.00 3.00 -83713.04 -93580.47 64.76 23.23
560.00 3.00 -83713.04 -94607.78 64.76 23.23
561.00 3.00 -83713.04 -91976.97 64.76 23.23
562.00 3.00 -83713.04 -99208.41 64.76 23.23
563.00 3.00 -83713.04 -94835.91 64.76 23.23
564.00 3.00 -83713.04 -94085.02 64.76 23.23
565.00 3.00 -83713.04 -94006.94 64.76 23.23
566.00 3.00 -83713.04 -94700.47 64.76 23.23
567.00 3.00 -83713.04 -99631.62 64.76 23.23
569.00 3.00 -83713.04 -95890.63 64.76 23.23
570.00 3.00 -83713.04 -96884.06 64.76 23.23
571.00 3.00 -83713.04 -95485.40 64.76 23.23
572.00 3.00 -83713.04 -94066.95 64.76 23.23
573.00 3.00 -83713.04 -96706.00 64.76 23.23
574.00 3.00 -83713.04 -90786.38 64.76 23.23
576.00 3.00 -83713.04 -94833.89 64.76 23.23
577.00 3.00 -83713.04 -98622.88 64.76 23.23
578.00 3.00 -83713.04 -102671.96 64.76 23.23
579.00 3.00 -83713.04 -101059.99 64.76 23.23
580.00 3.00 -83713.04 -97880.16 64.76 23.23
582.00 3.00 -83713.04 -96640.77 64.76 23.23
583.00 3.00 -83713.04 -100051.66 64.76 23.23
584.00 3.00 -83713.04 -97841.51 64.76 23.23
585.00 3.00 -83713.04 -93608.65 64.76 23.23
587.00 3.00 -83713.04 -94763.95 64.76 23.23
588.00 3.00 -83713.04 -95860.92 64.76 23.23
589.00 3.00 -83713.04 -95535.24 64.76 23.23
590.00 3.00 -83713.04 -95834.13 64.76 23.23
591.00 3.00 -83713.04 -96371.21 64.76 23.23
592.00 3.00 -83713.04 -96345.13 64.76 23.23
593.00 3.00 -83713.04 -99675.91 64.76 23.23
594.00 3.00 -83713.04 -97410.70 64.76 23.23
596.00 3.00 -83713.04 -98482.44 64.76 23.23
597.00 3.00 -83713.04 -90647.97 64.76 23.23
598.00 3.00 -83713.04 -97549.08 64.76 23.23
599.00 3.00 -83713.04 -94267.18 64.76 23.23
600.00 3.00 -83713.04 -98298.78 64.76 23.23
602.00 3.00 -83713.04 -97067.22 64.76 23.23
603.00 3.00 -83713.04 -98300.35 64.76 23.23
604.00 3.00 -83713.04 -91984.31 64.76 23.23
605.00 3.00 -83713.04 -99448.51 64.76 23.23
606.00 3.00 -83713.04 -92383.51 64.76 23.23
607.00 3.00 -83713.04 -98945.72 64.76 23.23
609.00 3.00 -83713.04 -96873.23 64.76 23.23
610.00 3.00 -83713.04 -92319.55 64.76 23.23
611.00 3.00 -83713.04 -93532.71 64.76 23.23
612.00 3.00 -83713.04 -90282.88 64.76 23.23
614.00 3.00 -83713.04 -94251.81 64.76 23.23
615.00 3.00 -83713.04 -94072.48 64.76 23.23
616.00 3.00 -83713.04 -101965.75 64.76 23.23
617.00 3.00 -83713.04 -93163.61 64.76 23.23
618.00 3.00 -83713.04 -96495.12 64.76 23.23
619.00 3.00 -83713.04 -99610.25 64.76 23.23
620.00 3.00 -83713.04 -96494.46 64.76 23.23
621.00 3.00 -83713.04 -97516.86 64.76 23.23
622.00 3.00 -83713.04 -90248.81 64.76 23.23
