0.00 0.00 -120681.53 -121049.11 0.00 0.00
3.00 2.00 -118154.56 -120694.69 1330.31 314.99
7.00 5.00 -111005.00 -111005.00 755.50 311.27
11.00 9.00 -107507.86 -107507.86 601.20 194.85
14.00 11.00 -96115.75 -96115.75 259.63 115.42
18.00 12.00 -85774.67 -90576.28 119.90 74.36
22.00 13.00 -84589.28 -85821.28 114.72 42.07
26.00 13.00 -84589.28 -87495.55 114.72 42.07
30.00 14.00 -84362.76 -84898.11 114.98 38.61
33.00 14.00 -84362.76 -86484.46 114.98 38.61
37.00 14.00 -84362.76 -93787.26 114.98 38.61
41.00 15.00 -83247.70 -91386.93 114.99 13.14
45.00 15.00 -83247.70 -83310.65 114.99 13.14
48.00 16.00 -81475.78 -81475.78 105.05 10.39
52.00 16.00 -81475.78 -114076.99 105.05 10.39
56.00 16.00 -81475.78 -108701.97 105.05 10.39
60.00 16.00 -81475.78 -89220.29 105.05 10.39
63.00 16.00 -81475.78 -93991.18 105.05 10.39
67.00 16.00 -81475.78 -94620.85 105.05 10.39
71.00 16.00 -81475.78 -106054.29 105.05 10.39
75.00 17.00 -81475.78 -104826.35 105.05 10.39
79.00 17.00 -81475.78 -111975.59 105.05 10.39
82.00 17.00 -81475.78 -85465.73 105.05 10.39
86.00 17.00 -81475.78 -98078.93 105.05 10.39
90.00 17.00 -81475.78 -103991.27 105.05 10.39
92.00 17.00 -81475.78 -89532.68 105.05 10.39
93.00 17.00 -81475.78 -90515.29 105.05 10.39
96.00 17.00 -81475.78 -104287.25 105.05 10.39
100.00 17.00 -81475.78 -112636.12 105.05 10.39
104.00 17.00 -81475.78 -94937.42 105.05 10.39
108.00 17.00 -81475.78 -115367.24 105.05 10.39
111.00 17.00 -81475.78 -104224.39 105.05 10.39
115.00 17.00 -81475.78 -81715.40 105.05 10.39
119.00 17.00 -81475.78 -93513.95 105.05 10.39
123.00 17.00 -81475.78 -92358.46 105.05 10.39
126.00 17.00 -81475.78 -99787.94 105.05 10.39
130.00 17.00 -81475.78 -102076.40 105.05 10.39
134.00 17.00 -81475.78 -87505.88 105.05 10.39
138.00 17.00 -81475.78 -91492.91 105.05 10.39
142.00 18.00 -81285.41 -81285.41 106.56 8.30
145.00 18.00 -81285.41 -85009.41 106.56 8.30
149.00 18.00 -81285.41 -90440.02 106.56 8.30
153.00 18.00 -81285.41 -85883.06 106.56 8.30
157.00 18.00 -81285.41 -105506.43 106.56 8.30
161.00 18.00 -81285.41 -84431.36 106.56 8.30
165.00 18.00 -81285.41 -85479.93 106.56 8.30
169.00 18.00 -81285.41 -84676.09 106.56 8.30
173.00 18.00 -81285.41 -99872.29 106.56 8.30
177.00 18.00 -81285.41 -110649.49 106.56 8.30
180.00 18.00 -81285.41 -95548.29 106.56 8.30
184.00 18.00 -81285.41 -89806.96 106.56 8.30
185.00 18.00 -81285.41 -96468.86 106.56 8.30
187.00 18.00 -81285.41 -83808.63 106.56 8.30
191.00 18.00 -81285.41 -98014.90 106.56 8.30
195.00 18.00 -81285.41 -96496.19 106.56 8.30
199.00 18.00 -81285.41 -101737.09 106.56 8.30
203.00 18.00 -81285.41 -91292.46 106.56 8.30
207.00 18.00 -81285.41 -82378.49 106.56 8.30
211.00 18.00 -81285.41 -96805.09 106.56 8.30
215.00 18.00 -81285.41 -87561.33 106.56 8.30
218.00 18.00 -81285.41 -100887.58 106.56 8.30
222.00 18.00 -81285.41 -106358.50 106.56 8.30
226.00 18.00 -81285.41 -82328.02 106.56 8.30
230.00 18.00 -81285.41 -84252.99 106.56 8.30
234.00 18.00 -81285.41 -90066.58 106.56 8.30
238.00 18.00 -81285.41 -110600.38 106.56 8.30
242.00 18.00 -81285.41 -97376.83 106.56 8.30
246.00 18.00 -81285.41 -103500.02 106.56 8.30
249.00 18.00 -81285.41 -82043.66 106.56 8.30
253.00 18.00 -81285.41 -83310.70 106.56 8.30
257.00 18.00 -81285.41 -92708.80 106.56 8.30
261.00 18.00 -81285.41 -81979.29 106.56 8.30
265.00 18.00 -81285.41 -99203.06 106.56 8.30
269.00 18.00 -81285.41 -82284.09 106.56 8.30
273.00 18.00 -81285.41 -92771.26 106.56 8.30
277.00 18.00 -81285.41 -112391.58 106.56 8.30
278.00 18.00 -81285.41 -97079.17 106.56 8.30
280.00 18.00 -81285.41 -82247.24 106.56 8.30
284.00 18.00 -81285.41 -81380.39 106.56 8.30
288.00 18.00 -81285.41 -83890.36 106.56 8.30
292.00 18.00 -81285.41 -81392.12 106.56 8.30
296.00 18.00 -81285.41 -106294.07 106.56 8.30
300.00 18.00 -81285.41 -95507.92 106.56 8.30
303.00 18.00 -81285.41 -97824.93 106.56 8.30
307.00 18.00 -81285.41 -95975.13 106.56 8.30
311.00 18.00 -81285.41 -85040.99 106.56 8.30
315.00 18.00 -81285.41 -99066.08 106.56 8.30
319.00 18.00 -81285.41 -92939.00 106.56 8.30
323.00 18.00 -81285.41 -84438.21 106.56 8.30
327.00 18.00 -81285.41 -100447.63 106.56 8.30
331.00 18.00 -81285.41 -101397.88 106.56 8.30
335.00 18.00 -81285.41 -91734.83 106.56 8.30
338.00 18.00 -81285.41 -99750.66 106.56 8.30
342.00 18.00 -81285.41 -98120.41 106.56 8.30
346.00 18.00 -81285.41 -102307.01 106.56 8.30
350.00 18.00 -81285.41 -86467.34 106.56 8.30
354.00 18.00 -81285.41 -104076.86 106.56 8.30
358.00 18.00 -81285.41 -88793.09 106.56 8.30
362.00 18.00 -81285.41 -92104.66 106.56 8.30
366.00 18.00 -81285.41 -104063.10 106.56 8.30
370.00 18.00 -81285.41 -109105.21 106.56 8.30
371.00 18.00 -81285.41 -96056.49 106.56 8.30
373.00 18.00 -81285.41 -87445.35 106.56 8.30
377.00 18.00 -81285.41 -81445.46 106.56 8.30
381.00 18.00 -81285.41 -85203.93 106.56 8.30
385.00 18.00 -81285.41 -98760.39 106.56 8.30
389.00 18.00 -81285.41 -92927.40 106.56 8.30
393.00 18.00 -81285.41 -104472.03 106.56 8.30
396.00 18.00 -81285.41 -85998.66 106.56 8.30
400.00 18.00 -81285.41 -83446.63 106.56 8.30
404.00 18.00 -81285.41 -81546.83 106.56 8.30
408.00 18.00 -81285.41 -90259.57 106.56 8.30
412.00 18.00 -81285.41 -95082.04 106.56 8.30
416.00 18.00 -81285.41 -90353.87 106.56 8.30
420.00 18.00 -81285.41 -89364.27 106.56 8.30
424.00 18.00 -81285.41 -93255.77 106.56 8.30
428.00 18.00 -81285.41 -89894.78 106.56 8.30
431.00 18.00 -81285.41 -100002.85 106.56 8.30
435.00 18.00 -81285.41 -88323.91 106.56 8.30
439.00 18.00 -81285.41 -99992.49 106.56 8.30
443.00 18.00 -81285.41 -81710.36 106.56 8.30
447.00 18.00 -81285.41 -102648.71 106.56 8.30
451.00 18.00 -81285.41 -106183.38 106.56 8.30
455.00 18.00 -81285.41 -88384.51 106.56 8.30
459.00 18.00 -81285.41 -97746.82 106.56 8.30
462.00 18.00 -81285.41 -103333.74 106.56 8.30
464.00 18.00 -81285.41 -102112.20 106.56 8.30
466.00 18.00 -81285.41 -99811.93 106.56 8.30
470.00 18.00 -81285.41 -105852.20 106.56 8.30
474.00 18.00 -81285.41 -101297.80 106.56 8.30
478.00 18.00 -81285.41 -94252.30 106.56 8.30
482.00 18.00 -81285.41 -83851.57 106.56 8.30
486.00 18.00 -81285.41 -101877.08 106.56 8.30
490.00 18.00 -81285.41 -90396.95 106.56 8.30
494.00 18.00 -81285.41 -97442.56 106.56 8.30
497.00 18.00 -81285.41 -84700.71 106.56 8.30
501.00 18.00 -81285.41 -86692.57 106.56 8.30
505.00 18.00 -81285.41 -98097.95 106.56 8.30
509.00 18.00 -81285.41 -97552.38 106.56 8.30
513.00 18.00 -81285.41 -84339.82 106.56 8.30
517.00 18.00 -81285.41 -85750.70 106.56 8.30
521.00 18.00 -81285.41 -93324.89 106.56 8.30
525.00 18.00 -81285.41 -81763.01 106.56 8.30
528.00 18.00 -81285.41 -101023.33 106.56 8.30
532.00 18.00 -81285.41 -83936.11 106.56 8.30
536.00 18.00 -81285.41 -92181.89 106.56 8.30
540.00 18.00 -81285.41 -97454.79 106.56 8.30
544.00 18.00 -81285.41 -105444.06 106.56 8.30
548.00 18.00 -81285.41 -98041.56 106.56 8.30
552.00 18.00 -81285.41 -84733.58 106.56 8.30
556.00 18.00 -81285.41 -98593.19 106.56 8.30
557.00 18.00 -81285.41 -83886.82 106.56 8.30
559.00 18.00 -81285.41 -102478.77 106.56 8.30
563.00 18.00 -81285.41 -90671.83 106.56 8.30
567.00 18.00 -81285.41 -95082.09 106.56 8.30
571.00 18.00 -81285.41 -87029.99 106.56 8.30
575.00 18.00 -81285.41 -85506.75 106.56 8.30
579.00 18.00 -81285.41 -84414.24 106.56 8.30
583.00 18.00 -81285.41 -91032.03 106.56 8.30
587.00 18.00 -81285.41 -105872.91 106.56 8.30
590.00 18.00 -81285.41 -96302.16 106.56 8.30
594.00 18.00 -81285.41 -95267.89 106.56 8.30
598.00 18.00 -81285.41 -97092.15 106.56 8.30
602.00 18.00 -81285.41 -98960.52 106.56 8.30
606.00 18.00 -81285.41 -101487.74 106.56 8.30
610.00 18.00 -81285.41 -84525.97 106.56 8.30
614.00 18.00 -81285.41 -99959.63 106.56 8.30
618.00 18.00 -81285.41 -96369.21 106.56 8.30
621.00 18.00 -81285.41 -84216.57 106.56 8.30
