0.00 0.00 -197998.64 -198380.99 0.00 0.00
3.00 2.00 -194251.17 -194251.17 1342.69 342.29
7.00 4.00 -193604.03 -196552.04 1270.02 437.94
11.00 7.00 -184641.43 -184641.43 822.44 441.88
14.00 8.00 -182995.72 -182995.72 769.04 397.07
18.00 10.00 -168666.03 -169563.29 409.51 225.77
22.00 13.00 -152281.46 -152281.46 190.12 196.18
26.00 14.00 -143118.06 -144097.94 129.07 110.70
29.00 15.00 -142828.42 -145309.21 125.97 122.41
33.00 16.00 -142708.46 -142708.46 128.79 93.93
37.00 16.00 -142708.46 -153983.26 128.79 93.93
41.00 16.00 -142708.46 -188302.23 128.79 93.93
44.00 17.00 -141540.25 -146313.41 124.15 75.97
48.00 17.00 -141540.25 -179940.80 124.15 75.97
52.00 17.00 -141540.25 -143206.30 124.15 75.97
56.00 17.00 -141540.25 -158969.63 124.15 75.97
59.00 18.00 -137883.45 -137883.45 118.84 19.75
63.00 18.00 -137883.45 -139430.85 118.84 19.75
67.00 19.00 -135090.51 -135090.51 110.14 9.83
71.00 19.00 -135090.51 -165520.28 110.14 9.83
74.00 19.00 -135090.51 -177199.36 110.14 9.83
78.00 19.00 -135090.51 -178321.24 110.14 9.83
82.00 20.00 -134198.68 -173202.85 97.55 25.32
86.00 21.00 -134198.68 -162324.61 97.55 25.32
90.00 23.00 -134198.68 -144991.52 97.55 25.32
92.00 23.00 -134198.68 -173165.32 97.55 25.32
93.00 23.00 -134198.68 -149140.25 97.55 25.32
97.00 24.00 -133908.24 -142438.68 95.03 28.55
100.00 25.00 -133908.24 -184879.82 95.03 28.55
104.00 25.00 -133908.24 -183301.94 95.03 28.55
108.00 25.00 -133908.24 -175645.17 95.03 28.55
112.00 26.00 -133908.24 -167478.50 95.03 28.55
115.00 26.00 -133908.24 -165239.92 95.03 28.55
119.00 26.00 -133908.24 -139293.49 95.03 28.55
123.00 26.00 -133908.24 -149893.02 95.03 28.55
127.00 26.00 -133908.24 -200416.24 95.03 28.55
130.00 26.00 -133908.24 -182822.65 95.03 28.55
134.00 26.00 -133908.24 -153685.17 95.03 28.55
138.00 27.00 -133908.24 -133908.24 95.03 28.55
142.00 27.00 -133908.24 -152720.64 95.03 28.55
145.00 27.00 -133908.24 -179632.47 95.03 28.55
149.00 27.00 -133908.24 -187114.94 95.03 28.55
153.00 27.00 -133908.24 -166538.55 95.03 28.55
157.00 27.00 -133908.24 -186040.61 95.03 28.55
161.00 27.00 -133908.24 -138124.63 95.03 28.55
165.00 27.00 -133908.24 -141083.05 95.03 28.55
169.00 27.00 -133908.24 -158236.49 95.03 28.55
173.00 27.00 -133908.24 -154655.74 95.03 28.55
177.00 27.00 -133908.24 -147038.11 95.03 28.55
180.00 27.00 -133908.24 -150703.47 95.03 28.55
184.00 28.00 -133908.24 -141512.93 95.03 28.55
185.00 28.00 -133908.24 -138124.63 95.03 28.55
187.00 28.00 -133908.24 -162468.12 95.03 28.55
191.00 28.00 -133908.24 -151175.97 95.03 28.55
195.00 28.00 -133908.24 -158776.62 95.03 28.55
199.00 28.00 -133908.24 -135879.55 95.03 28.55
203.00 28.00 -133908.24 -141618.11 95.03 28.55
207.00 29.00 -133908.24 -133908.24 95.03 28.55
211.00 29.00 -133908.24 -169107.58 95.03 28.55
215.00 29.00 -133908.24 -151791.91 95.03 28.55
219.00 29.00 -133908.24 -142493.69 95.03 28.55
222.00 29.00 -133908.24 -181390.92 95.03 28.55
226.00 30.00 -133908.24 -133908.24 95.03 28.55
230.00 30.00 -133908.24 -170916.39 95.03 28.55
234.00 30.00 -133908.24 -142085.36 95.03 28.55
238.00 30.00 -133908.24 -149399.03 95.03 28.55
242.00 30.00 -133908.24 -153525.71 95.03 28.55
246.00 30.00 -133908.24 -149879.18 95.03 28.55
250.00 31.00 -133908.24 -156072.74 95.03 28.55
253.00 32.00 -133908.24 -133908.24 95.03 28.55
257.00 32.00 -133908.24 -143393.61 95.03 28.55
261.00 33.00 -133908.24 -171201.84 95.03 28.55
265.00 33.00 -133908.24 -142605.29 95.03 28.55
269.00 33.00 -133908.24 -162369.81 95.03 28.55
273.00 33.00 -133908.24 -159506.27 95.03 28.55
277.00 33.00 -133908.24 -142310.58 95.03 28.55
278.00 33.00 -133908.24 -165981.46 95.03 28.55
280.00 33.00 -133908.24 -157941.89 95.03 28.55
284.00 33.00 -133908.24 -186708.47 95.03 28.55
288.00 33.00 -133908.24 -134611.63 95.03 28.55
292.00 33.00 -133908.24 -134197.98 95.03 28.55
296.00 33.00 -133908.24 -150094.41 95.03 28.55
300.00 33.00 -133908.24 -141094.80 95.03 28.55
304.00 33.00 -133908.24 -171284.80 95.03 28.55
307.00 33.00 -133908.24 -138706.06 95.03 28.55
311.00 33.00 -133908.24 -156788.80 95.03 28.55
315.00 33.00 -133908.24 -161274.74 95.03 28.55
319.00 34.00 -133908.24 -134957.28 95.03 28.55
323.00 34.00 -133908.24 -146850.99 95.03 28.55
327.00 34.00 -133908.24 -166453.59 95.03 28.55
331.00 34.00 -133908.24 -179264.38 95.03 28.55
335.00 34.00 -133908.24 -137282.94 95.03 28.55
339.00 34.00 -133908.24 -169790.55 95.03 28.55
342.00 35.00 -133908.24 -147811.01 95.03 28.55
346.00 35.00 -133908.24 -157042.46 95.03 28.55
350.00 35.00 -133908.24 -170659.55 95.03 28.55
354.00 35.00 -133908.24 -151016.55 95.03 28.55
358.00 36.00 -133908.24 -134563.16 95.03 28.55
362.00 36.00 -133908.24 -162290.22 95.03 28.55
366.00 36.00 -133908.24 -150149.58 95.03 28.55
370.00 37.00 -133908.24 -150953.20 95.03 28.55
371.00 37.00 -133908.24 -159898.78 95.03 28.55
373.00 37.00 -133908.24 -140887.10 95.03 28.55
377.00 37.00 -133908.24 -138284.70 95.03 28.55
381.00 37.00 -133908.24 -163245.76 95.03 28.55
385.00 37.00 -133908.24 -175245.92 95.03 28.55
389.00 37.00 -133908.24 -170767.71 95.03 28.55
393.00 38.00 -133908.24 -139126.58 95.03 28.55
397.00 39.00 -133908.24 -141194.13 95.03 28.55
400.00 39.00 -133908.24 -149322.12 95.03 28.55
404.00 39.00 -133908.24 -147897.70 95.03 28.55
408.00 39.00 -133908.24 -161336.17 95.03 28.55
412.00 39.00 -133908.24 -140423.88 95.03 28.55
416.00 41.00 -133908.24 -133908.24 95.03 28.55
420.00 41.00 -133908.24 -161842.83 95.03 28.55
424.00 41.00 -133908.24 -166647.39 95.03 28.55
428.00 41.00 -133908.24 -161382.17 95.03 28.55
432.00 41.00 -133908.24 -143881.97 95.03 28.55
435.00 41.00 -133908.24 -138453.24 95.03 28.55
439.00 41.00 -133908.24 -167371.00 95.03 28.55
443.00 42.00 -133691.65 -156204.50 105.14 10.34
447.00 42.00 -133691.65 -165397.08 105.14 10.34
451.00 42.00 -133691.65 -150841.40 105.14 10.34
455.00 42.00 -133691.65 -184492.01 105.14 10.34
459.00 42.00 -133691.65 -157612.54 105.14 10.34
463.00 42.00 -133691.65 -146156.75 105.14 10.34
464.00 42.00 -133691.65 -173565.47 105.14 10.34
466.00 42.00 -133691.65 -162440.84 105.14 10.34
470.00 42.00 -133691.65 -172726.82 105.14 10.34
474.00 42.00 -133691.65 -158988.06 105.14 10.34
478.00 42.00 -133691.65 -160381.67 105.14 10.34
482.00 42.00 -133691.65 -150762.25 105.14 10.34
486.00 42.00 -133691.65 -174040.16 105.14 10.34
490.00 42.00 -133691.65 -142560.11 105.14 10.34
494.00 42.00 -133691.65 -156789.72 105.14 10.34
497.00 42.00 -133691.65 -174214.81 105.14 10.34
501.00 42.00 -133691.65 -179832.93 105.14 10.34
505.00 42.00 -133691.65 -150342.48 105.14 10.34
509.00 42.00 -133691.65 -144941.44 105.14 10.34
513.00 42.00 -133691.65 -165788.56 105.14 10.34
517.00 42.00 -133691.65 -175813.87 105.14 10.34
521.00 42.00 -133691.65 -180773.58 105.14 10.34
525.00 42.00 -133691.65 -135823.26 105.14 10.34
529.00 42.00 -133691.65 -179916.52 105.14 10.34
532.00 42.00 -133691.65 -156066.98 105.14 10.34
536.00 42.00 -133691.65 -145708.76 105.14 10.34
540.00 43.00 -133473.37 -138528.73 106.61 9.08
544.00 43.00 -133473.37 -170990.23 106.61 9.08
548.00 43.00 -133473.37 -156801.46 106.61 9.08
552.00 43.00 -133473.37 -168891.67 106.61 9.08
556.00 43.00 -133473.37 -165277.75 106.61 9.08
557.00 43.00 -133473.37 -146548.41 106.61 9.08
559.00 43.00 -133473.37 -148072.77 106.61 9.08
563.00 43.00 -133473.37 -160398.30 106.61 9.08
567.00 43.00 -133473.37 -158434.48 106.61 9.08
571.00 43.00 -133473.37 -145896.39 106.61 9.08
575.00 43.00 -133473.37 -140741.42 106.61 9.08
579.00 43.00 -133473.37 -168336.89 106.61 9.08
583.00 43.00 -133473.37 -152010.73 106.61 9.08
586.00 43.00 -133473.37 -155490.43 106.61 9.08
590.00 43.00 -133473.37 -142043.74 106.61 9.08
594.00 43.00 -133473.37 -145712.05 106.61 9.08
598.00 43.00 -133473.37 -137576.85 106.61 9.08
602.00 43.00 -133473.37 -148101.24 106.61 9.08
606.00 43.00 -133473.37 -141033.13 106.61 9.08
610.00 43.00 -133473.37 -134604.59 106.61 9.08
614.00 43.00 -133473.37 -161888.22 106.61 9.08
618.00 43.00 -133473.37 -145702.30 106.61 9.08
621.00 43.00 -133473.37 -152840.58 106.61 9.08
