0.00 1.00 -159306.85 -159306.85 1387.98 243.33
3.00 4.00 -146627.25 -146627.25 709.06 118.32
7.00 7.00 -131933.12 -131933.12 341.83 29.50
11.00 8.00 -122947.01 -137561.20 227.06 14.70
14.00 9.00 -112461.74 -129990.00 115.43 20.21
18.00 11.00 -110793.71 -110793.71 103.62 19.36
22.00 11.00 -110793.71 -116765.10 103.62 19.36
26.00 14.00 -109702.21 -109702.21 105.09 10.50
30.00 15.00 -109477.79 -109477.79 107.22 7.95
33.00 15.00 -109477.79 -125965.98 107.22 7.95
37.00 15.00 -109477.79 -126530.26 107.22 7.95
41.00 15.00 -109477.79 -140514.44 107.22 7.95
44.00 15.00 -109477.79 -135405.00 107.22 7.95
48.00 15.00 -109477.79 -110742.53 107.22 7.95
52.00 15.00 -109477.79 -138095.15 107.22 7.95
56.00 15.00 -109477.79 -138927.47 107.22 7.95
59.00 15.00 -109477.79 -121844.66 107.22 7.95
63.00 15.00 -109477.79 -132391.53 107.22 7.95
67.00 15.00 -109477.79 -119464.43 107.22 7.95
71.00 15.00 -109477.79 -144099.97 107.22 7.95
75.00 15.00 -109477.79 -131857.21 107.22 7.95
78.00 15.00 -109477.79 -135242.82 107.22 7.95
82.00 15.00 -109477.79 -139950.57 107.22 7.95
86.00 15.00 -109477.79 -113204.43 107.22 7.95
90.00 15.00 -109477.79 -111093.25 107.22 7.95
92.00 15.00 -109477.79 -123768.74 107.22 7.95
93.00 15.00 -109477.79 -111338.07 107.22 7.95
96.00 15.00 -109477.79 -135646.80 107.22 7.95
100.00 15.00 -109477.79 -131619.19 107.22 7.95
104.00 15.00 -109477.79 -131926.05 107.22 7.95
108.00 15.00 -109477.79 -113773.21 107.22 7.95
111.00 17.00 -109477.79 -131162.52 107.22 7.95
115.00 17.00 -109477.79 -113983.64 107.22 7.95
119.00 17.00 -109477.79 -141508.78 107.22 7.95
123.00 17.00 -109477.79 -109486.35 107.22 7.95
126.00 17.00 -109477.79 -114342.69 107.22 7.95
130.00 17.00 -109477.79 -128085.66 107.22 7.95
134.00 17.00 -109477.79 -135103.62 107.22 7.95
138.00 17.00 -109477.79 -126096.73 107.22 7.95
141.00 17.00 -109477.79 -111137.91 107.22 7.95
145.00 17.00 -109477.79 -120789.06 107.22 7.95
149.00 18.00 -109477.79 -109477.79 107.22 7.95
153.00 19.00 -109477.79 -109477.79 107.22 7.95
157.00 19.00 -109477.79 -112957.49 107.22 7.95
161.00 19.00 -109477.79 -118909.12 107.22 7.95
165.00 19.00 -109477.79 -131864.18 107.22 7.95
169.00 19.00 -109477.79 -132092.93 107.22 7.95
173.00 19.00 -109477.79 -135120.74 107.22 7.95
176.00 19.00 -109477.79 -135094.66 107.22 7.95
180.00 19.00 -109477.79 -113219.76 107.22 7.95
184.00 19.00 -109477.79 -145969.28 107.22 7.95
185.00 19.00 -109477.79 -135094.66 107.22 7.95
187.00 19.00 -109477.79 -140015.90 107.22 7.95
191.00 19.00 -109477.79 -151045.56 107.22 7.95
195.00 19.00 -109477.79 -116746.51 107.22 7.95
199.00 20.00 -109477.79 -114324.72 107.22 7.95
203.00 21.00 -109477.79 -109477.79 107.22 7.95
207.00 21.00 -109477.79 -113219.76 107.22 7.95
211.00 22.00 -109477.79 -109477.79 107.22 7.95
214.00 22.00 -109477.79 -113178.54 107.22 7.95
218.00 23.00 -109477.79 -112395.88 107.22 7.95
222.00 24.00 -109477.79 -109477.79 107.22 7.95
226.00 24.00 -109477.79 -113840.53 107.22 7.95
230.00 24.00 -109477.79 -132915.30 107.22 7.95
234.00 24.00 -109477.79 -118866.76 107.22 7.95
238.00 24.00 -109477.79 -111185.23 107.22 7.95
242.00 24.00 -109477.79 -135859.10 107.22 7.95
246.00 24.00 -109477.79 -135026.57 107.22 7.95
249.00 24.00 -109477.79 -111318.83 107.22 7.95
253.00 24.00 -109477.79 -131857.21 107.22 7.95
257.00 24.00 -109477.79 -119685.36 107.22 7.95
261.00 24.00 -109477.79 -135961.69 107.22 7.95
265.00 24.00 -109477.79 -149504.55 107.22 7.95
269.00 24.00 -109477.79 -118102.31 107.22 7.95
273.00 24.00 -109477.79 -127997.04 107.22 7.95
277.00 24.00 -109477.79 -136433.29 107.22 7.95
278.00 24.00 -109477.79 -124974.29 107.22 7.95
280.00 25.00 -109477.79 -109477.79 107.22 7.95
284.00 25.00 -109477.79 -110257.38 107.22 7.95
288.00 25.00 -109477.79 -140366.52 107.22 7.95
292.00 25.00 -109477.79 -137983.57 107.22 7.95
296.00 25.00 -109477.79 -128163.64 107.22 7.95
300.00 26.00 -109477.79 -127019.67 107.22 7.95
304.00 26.00 -109477.79 -113889.21 107.22 7.95
307.00 27.00 -109453.46 -122962.25 104.45 9.59
311.00 27.00 -109453.46 -110407.23 104.45 9.59
315.00 27.00 -109453.46 -128571.80 104.45 9.59
319.00 27.00 -109453.46 -127134.64 104.45 9.59
323.00 27.00 -109453.46 -118979.32 104.45 9.59
327.00 27.00 -109453.46 -111436.42 104.45 9.59
331.00 27.00 -109453.46 -130367.74 104.45 9.59
335.00 27.00 -109453.46 -132334.02 104.45 9.59
339.00 27.00 -109453.46 -113213.62 104.45 9.59
342.00 27.00 -109453.46 -137129.54 104.45 9.59
346.00 27.00 -109453.46 -131825.18 104.45 9.59
350.00 27.00 -109453.46 -110790.43 104.45 9.59
354.00 27.00 -109453.46 -127140.76 104.45 9.59
358.00 27.00 -109453.46 -126642.03 104.45 9.59
362.00 27.00 -109453.46 -136649.51 104.45 9.59
366.00 27.00 -109453.46 -130781.52 104.45 9.59
370.00 27.00 -109453.46 -142016.05 104.45 9.59
371.00 27.00 -109453.46 -157710.00 104.45 9.59
373.00 27.00 -109453.46 -121100.75 104.45 9.59
377.00 27.00 -109453.46 -130414.83 104.45 9.59
381.00 27.00 -109453.46 -127312.14 104.45 9.59
385.00 27.00 -109453.46 -119609.52 104.45 9.59
389.00 27.00 -109453.46 -127082.85 104.45 9.59
393.00 27.00 -109453.46 -113740.10 104.45 9.59
397.00 27.00 -109453.46 -113330.21 104.45 9.59
401.00 27.00 -109453.46 -135534.06 104.45 9.59
404.00 27.00 -109453.46 -114985.18 104.45 9.59
408.00 27.00 -109453.46 -140042.80 104.45 9.59
412.00 27.00 -109453.46 -114504.89 104.45 9.59
416.00 27.00 -109453.46 -137811.40 104.45 9.59
420.00 27.00 -109453.46 -138484.86 104.45 9.59
424.00 27.00 -109453.46 -115223.14 104.45 9.59
428.00 27.00 -109453.46 -134341.46 104.45 9.59
432.00 27.00 -109453.46 -128209.76 104.45 9.59
435.00 27.00 -109453.46 -135895.16 104.45 9.59
439.00 27.00 -109453.46 -109559.84 104.45 9.59
443.00 27.00 -109453.46 -143749.54 104.45 9.59
447.00 27.00 -109453.46 -121489.19 104.45 9.59
451.00 27.00 -109453.46 -118647.26 104.45 9.59
455.00 27.00 -109453.46 -135472.40 104.45 9.59
459.00 27.00 -109453.46 -149953.24 104.45 9.59
463.00 27.00 -109453.46 -140264.94 104.45 9.59
464.00 27.00 -109453.46 -128986.86 104.45 9.59
466.00 27.00 -109453.46 -134741.07 104.45 9.59
470.00 27.00 -109453.46 -134554.80 104.45 9.59
474.00 27.00 -109453.46 -127218.54 104.45 9.59
478.00 27.00 -109453.46 -111719.31 104.45 9.59
482.00 27.00 -109453.46 -140358.37 104.45 9.59
486.00 27.00 -109453.46 -150253.11 104.45 9.59
490.00 27.00 -109453.46 -137525.20 104.45 9.59
493.00 27.00 -109453.46 -126494.28 104.45 9.59
497.00 27.00 -109453.46 -141412.51 104.45 9.59
501.00 27.00 -109453.46 -135274.77 104.45 9.59
505.00 27.00 -109453.46 -113993.06 104.45 9.59
509.00 27.00 -109453.46 -134729.27 104.45 9.59
513.00 27.00 -109453.46 -137863.36 104.45 9.59
517.00 27.00 -109453.46 -117630.56 104.45 9.59
521.00 27.00 -109453.46 -120361.40 104.45 9.59
524.00 27.00 -109453.46 -142466.45 104.45 9.59
528.00 27.00 -109453.46 -128278.20 104.45 9.59
532.00 27.00 -109453.46 -125417.88 104.45 9.59
536.00 27.00 -109453.46 -129643.12 104.45 9.59
540.00 27.00 -109453.46 -123992.41 104.45 9.59
544.00 27.00 -109453.46 -139319.95 104.45 9.59
548.00 27.00 -109453.46 -122622.21 104.45 9.59
552.00 27.00 -109453.46 -139557.94 104.45 9.59
556.00 27.00 -109453.46 -114474.64 104.45 9.59
557.00 27.00 -109453.46 -131736.33 104.45 9.59
559.00 27.00 -109453.46 -136236.06 104.45 9.59
563.00 27.00 -109453.46 -131645.71 104.45 9.59
567.00 27.00 -109453.46 -125655.62 104.45 9.59
571.00 27.00 -109453.46 -120116.05 104.45 9.59
575.00 27.00 -109453.46 -113986.85 104.45 9.59
579.00 27.00 -109453.46 -134573.34 104.45 9.59
583.00 27.00 -109453.46 -120557.71 104.45 9.59
587.00 27.00 -109453.46 -133036.02 104.45 9.59
590.00 27.00 -109453.46 -128901.15 104.45 9.59
594.00 27.00 -109453.46 -110818.17 104.45 9.59
598.00 27.00 -109453.46 -134168.25 104.45 9.59
602.00 27.00 -109453.46 -128529.66 104.45 9.59
606.00 27.00 -109453.46 -112965.16 104.45 9.59
610.00 27.00 -109453.46 -140845.38 104.45 9.59
614.00 27.00 -109453.46 -137905.85 104.45 9.59
618.00 27.00 -109453.46 -134840.23 104.45 9.59
621.00 27.00 -109453.46 -110874.06 104.45 9.59
