0.00 1.00 -109080.36 -109080.36 1591.87 310.13
3.00 2.00 -108381.31 -109345.82 1508.85 287.28
7.00 5.00 -105360.11 -107404.10 1153.68 314.27
11.00 5.00 -105360.11 -105736.11 1153.68 314.27
14.00 5.00 -105360.11 -106358.96 1153.68 314.27
18.00 7.00 -103060.76 -104751.21 965.85 243.58
22.00 8.00 -101563.68 -102900.74 845.15 243.84
26.00 10.00 -100189.12 -100189.12 775.04 190.70
29.00 12.00 -98193.28 -98193.28 676.98 126.87
33.00 15.00 -91681.41 -94789.52 410.58 65.18
37.00 17.00 -80570.12 -85456.37 176.09 15.96
41.00 18.00 -75884.22 -75884.22 108.78 42.73
44.00 19.00 -75045.36 -79926.03 99.43 50.96
48.00 19.00 -75045.36 -76229.04 99.43 50.96
52.00 19.00 -75045.36 -76348.64 99.43 50.96
56.00 19.00 -75045.36 -106764.96 99.43 50.96
59.00 19.00 -75045.36 -93935.83 99.43 50.96
63.00 19.00 -75045.36 -87315.40 99.43 50.96
67.00 19.00 -75045.36 -93425.04 99.43 50.96
71.00 20.00 -75045.36 -75045.36 99.43 50.96
74.00 20.00 -75045.36 -98251.70 99.43 50.96
78.00 20.00 -75045.36 -99977.86 99.43 50.96
82.00 20.00 -75045.36 -91918.99 99.43 50.96
86.00 21.00 -75045.36 -75229.84 99.43 50.96
89.00 21.00 -75045.36 -81208.15 99.43 50.96
92.00 23.00 -75045.36 -75045.36 99.43 50.96
93.00 23.00 -75045.36 -98534.08 99.43 50.96
97.00 23.00 -75045.36 -90144.74 99.43 50.96
100.00 24.00 -75045.36 -75045.36 99.43 50.96
104.00 25.00 -75045.36 -85439.60 99.43 50.96
108.00 25.00 -75045.36 -76078.52 99.43 50.96
112.00 25.00 -75045.36 -87749.53 99.43 50.96
115.00 25.00 -75045.36 -92711.53 99.43 50.96
119.00 25.00 -75045.36 -102765.24 99.43 50.96
123.00 26.00 -75045.36 -75688.23 99.43 50.96
127.00 26.00 -75045.36 -88901.87 99.43 50.96
130.00 26.00 -75045.36 -87061.12 99.43 50.96
134.00 27.00 -75045.36 -106591.72 99.43 50.96
138.00 27.00 -75045.36 -94527.61 99.43 50.96
142.00 27.00 -75045.36 -87746.66 99.43 50.96
146.00 27.00 -75045.36 -76269.11 99.43 50.96
149.00 27.00 -75045.36 -91384.92 99.43 50.96
153.00 27.00 -75045.36 -75638.96 99.43 50.96
157.00 28.00 -75045.36 -85635.02 99.43 50.96
161.00 28.00 -75045.36 -75919.82 99.43 50.96
165.00 28.00 -75045.36 -77347.05 99.43 50.96
169.00 28.00 -75045.36 -78164.79 99.43 50.96
173.00 30.00 -74355.08 -74355.08 101.19 20.85
177.00 30.00 -74355.08 -86802.75 101.19 20.85
181.00 30.00 -74355.08 -91686.32 101.19 20.85
184.00 30.00 -74355.08 -92166.34 101.19 20.85
185.00 30.00 -74355.08 -82908.30 101.19 20.85
187.00 30.00 -74355.08 -87225.01 101.19 20.85
191.00 30.00 -74355.08 -96789.47 101.19 20.85
195.00 30.00 -74355.08 -82194.92 101.19 20.85
199.00 30.00 -74355.08 -103488.86 101.19 20.85
203.00 30.00 -74355.08 -74884.93 101.19 20.85
207.00 30.00 -74355.08 -103214.61 101.19 20.85
211.00 30.00 -74355.08 -76283.34 101.19 20.85
215.00 31.00 -73986.00 -87187.38 95.44 28.80
218.00 31.00 -73986.00 -77783.98 95.44 28.80
222.00 32.00 -73838.44 -73838.44 94.44 28.11
226.00 33.00 -73838.44 -80200.77 94.44 28.11
230.00 33.00 -73838.44 -92165.67 94.44 28.11
234.00 33.00 -73838.44 -106305.87 94.44 28.11
238.00 33.00 -73838.44 -106051.59 94.44 28.11
242.00 33.00 -73838.44 -76706.36 94.44 28.11
246.00 33.00 -73838.44 -99630.73 94.44 28.11
250.00 33.00 -73838.44 -101079.68 94.44 28.11
253.00 33.00 -73838.44 -100525.28 94.44 28.11
257.00 33.00 -73838.44 -86309.80 94.44 28.11
261.00 33.00 -73838.44 -94178.96 94.44 28.11
265.00 33.00 -73838.44 -86593.67 94.44 28.11
269.00 33.00 -73838.44 -81826.95 94.44 28.11
273.00 33.00 -73838.44 -89283.56 94.44 28.11
277.00 33.00 -73838.44 -75196.80 94.44 28.11
278.00 33.00 -73838.44 -96541.81 94.44 28.11
280.00 33.00 -73838.44 -87930.74 94.44 28.11
284.00 33.00 -73838.44 -74055.85 94.44 28.11
288.00 33.00 -73838.44 -81365.05 94.44 28.11
292.00 33.00 -73838.44 -83593.54 94.44 28.11
296.00 33.00 -73838.44 -104375.50 94.44 28.11
300.00 33.00 -73838.44 -98422.42 94.44 28.11
304.00 33.00 -73838.44 -98016.43 94.44 28.11
308.00 33.00 -73838.44 -87168.31 94.44 28.11
311.00 33.00 -73838.44 -95707.12 94.44 28.11
315.00 33.00 -73838.44 -77561.77 94.44 28.11
319.00 33.00 -73838.44 -99531.09 94.44 28.11
323.00 33.00 -73838.44 -81500.45 94.44 28.11
327.00 33.00 -73838.44 -76964.65 94.44 28.11
331.00 33.00 -73838.44 -83282.99 94.44 28.11
335.00 33.00 -73838.44 -91148.04 94.44 28.11
339.00 33.00 -73838.44 -83052.23 94.44 28.11
343.00 33.00 -73838.44 -94054.70 94.44 28.11
346.00 33.00 -73838.44 -89428.55 94.44 28.11
350.00 33.00 -73838.44 -76493.57 94.44 28.11
354.00 33.00 -73838.44 -82703.48 94.44 28.11
358.00 33.00 -73838.44 -93956.29 94.44 28.11
362.00 33.00 -73838.44 -94061.80 94.44 28.11
366.00 33.00 -73838.44 -92859.30 94.44 28.11
370.00 33.00 -73838.44 -78184.68 94.44 28.11
371.00 33.00 -73838.44 -74062.58 94.44 28.11
373.00 33.00 -73838.44 -81958.68 94.44 28.11
377.00 33.00 -73838.44 -81025.15 94.44 28.11
381.00 33.00 -73838.44 -89693.70 94.44 28.11
385.00 33.00 -73838.44 -82074.82 94.44 28.11
389.00 33.00 -73838.44 -80835.74 94.44 28.11
393.00 33.00 -73838.44 -95966.58 94.44 28.11
397.00 33.00 -73838.44 -83398.44 94.44 28.11
401.00 33.00 -73838.44 -99181.69 94.44 28.11
404.00 33.00 -73838.44 -76651.61 94.44 28.11
408.00 33.00 -73838.44 -101036.54 94.44 28.11
412.00 33.00 -73838.44 -92275.22 94.44 28.11
416.00 33.00 -73838.44 -98528.11 94.44 28.11
420.00 33.00 -73838.44 -94167.66 94.44 28.11
424.00 33.00 -73838.44 -87892.78 94.44 28.11
428.00 33.00 -73838.44 -88951.15 94.44 28.11
432.00 33.00 -73838.44 -90646.18 94.44 28.11
436.00 33.00 -73838.44 -74608.22 94.44 28.11
439.00 33.00 -73838.44 -75070.93 94.44 28.11
443.00 33.00 -73838.44 -80031.51 94.44 28.11
447.00 33.00 -73838.44 -99544.86 94.44 28.11
451.00 33.00 -73838.44 -89549.03 94.44 28.11
455.00 33.00 -73838.44 -74924.01 94.44 28.11
459.00 33.00 -73838.44 -77976.29 94.44 28.11
463.00 33.00 -73838.44 -94248.96 94.44 28.11
464.00 33.00 -73838.44 -87680.35 94.44 28.11
466.00 33.00 -73838.44 -94202.18 94.44 28.11
470.00 33.00 -73838.44 -78327.97 94.44 28.11
474.00 33.00 -73838.44 -92147.90 94.44 28.11
478.00 33.00 -73838.44 -94159.91 94.44 28.11
482.00 33.00 -73838.44 -88815.82 94.44 28.11
486.00 33.00 -73838.44 -76027.48 94.44 28.11
490.00 33.00 -73838.44 -93561.87 94.44 28.11
493.00 33.00 -73838.44 -76356.05 94.44 28.11
497.00 33.00 -73838.44 -89739.00 94.44 28.11
501.00 33.00 -73838.44 -74634.95 94.44 28.11
505.00 33.00 -73838.44 -74298.43 94.44 28.11
509.00 33.00 -73838.44 -92131.33 94.44 28.11
513.00 33.00 -73838.44 -86653.74 94.44 28.11
517.00 33.00 -73838.44 -77783.37 94.44 28.11
521.00 33.00 -73838.44 -83382.87 94.44 28.11
524.00 33.00 -73838.44 -101325.49 94.44 28.11
528.00 33.00 -73838.44 -94910.84 94.44 28.11
532.00 33.00 -73838.44 -83901.06 94.44 28.11
536.00 33.00 -73838.44 -94408.38 94.44 28.11
540.00 33.00 -73838.44 -101199.19 94.44 28.11
544.00 33.00 -73838.44 -86572.03 94.44 28.11
548.00 33.00 -73838.44 -84805.34 94.44 28.11
552.00 33.00 -73838.44 -82589.78 94.44 28.11
555.00 33.00 -73838.44 -83962.35 94.44 28.11
557.00 33.00 -73838.44 -95135.24 94.44 28.11
559.00 33.00 -73838.44 -76939.11 94.44 28.11
563.00 33.00 -73838.44 -78387.46 94.44 28.11
567.00 33.00 -73838.44 -101385.94 94.44 28.11
571.00 33.00 -73838.44 -93919.91 94.44 28.11
575.00 33.00 -73838.44 -87222.44 94.44 28.11
579.00 34.00 -73837.87 -73837.87 94.44 28.08
582.00 34.00 -73837.87 -92800.71 94.44 28.08
586.00 34.00 -73837.87 -80903.10 94.44 28.08
590.00 34.00 -73837.87 -74454.11 94.44 28.08
594.00 34.00 -73837.87 -82372.19 94.44 28.08
598.00 34.00 -73837.87 -91733.25 94.44 28.08
602.00 34.00 -73837.87 -91993.44 94.44 28.08
606.00 34.00 -73837.87 -94090.62 94.44 28.08
610.00 34.00 -73837.87 -92390.16 94.44 28.08
614.00 34.00 -73837.87 -74315.99 94.44 28.08
617.00 34.00 -73837.87 -86205.13 94.44 28.08
621.00 34.00 -73837.87 -76630.15 94.44 28.08
