0.00 1.00 -132268.91 -132268.91 1499.73 345.58
3.00 1.00 -132268.91 -133715.18 1499.73 345.58
7.00 3.00 -130374.10 -132225.21 1315.05 323.89
11.00 6.00 -124046.41 -124046.41 910.21 139.79
14.00 8.00 -122422.03 -124942.03 814.63 128.93
18.00 12.00 -91785.08 -91785.08 112.12 19.49
22.00 12.00 -91785.08 -99002.69 112.12 19.49
26.00 13.00 -90196.50 -90326.21 96.87 25.04
29.00 13.00 -90196.50 -95279.91 96.87 25.04
33.00 13.00 -90196.50 -91219.55 96.87 25.04
37.00 13.00 -90196.50 -102015.42 96.87 25.04
41.00 14.00 -90123.77 -131024.07 95.01 28.83
44.00 14.00 -90123.77 -99132.03 95.01 28.83
48.00 14.00 -90123.77 -101534.29 95.01 28.83
52.00 14.00 -90123.77 -117489.02 95.01 28.83
56.00 14.00 -90123.77 -109165.81 95.01 28.83
59.00 14.00 -90123.77 -90153.86 95.01 28.83
63.00 15.00 -90080.18 -113558.22 94.98 27.80
67.00 15.00 -90080.18 -103134.48 94.98 27.80
71.00 15.00 -90080.18 -94075.47 94.98 27.80
74.00 15.00 -90080.18 -112570.12 94.98 27.80
78.00 16.00 -90032.54 -90032.54 94.53 28.10
82.00 16.00 -90032.54 -90883.59 94.53 28.10
86.00 16.00 -90032.54 -91378.09 94.53 28.10
90.00 16.00 -90032.54 -92118.65 94.53 28.10
92.00 16.00 -90032.54 -94249.06 94.53 28.10
93.00 16.00 -90032.54 -130528.07 94.53 28.10
96.00 16.00 -90032.54 -127291.75 94.53 28.10
100.00 16.00 -90032.54 -106453.75 94.53 28.10
104.00 16.00 -90032.54 -109002.46 94.53 28.10
108.00 17.00 -90032.54 -97351.53 94.53 28.10
111.00 17.00 -90032.54 -126328.59 94.53 28.10
115.00 17.00 -90032.54 -91771.44 94.53 28.10
119.00 17.00 -90032.54 -114694.68 94.53 28.10
123.00 17.00 -90032.54 -127693.37 94.53 28.10
126.00 17.00 -90032.54 -117425.98 94.53 28.10
130.00 17.00 -90032.54 -109901.16 94.53 28.10
134.00 17.00 -90032.54 -108354.67 94.53 28.10
138.00 17.00 -90032.54 -105525.70 94.53 28.10
141.00 17.00 -90032.54 -111542.43 94.53 28.10
145.00 17.00 -90032.54 -107340.29 94.53 28.10
149.00 17.00 -90032.54 -108968.31 94.53 28.10
153.00 17.00 -90032.54 -118280.36 94.53 28.10
157.00 17.00 -90032.54 -125089.99 94.53 28.10
161.00 17.00 -90032.54 -102486.45 94.53 28.10
165.00 17.00 -90032.54 -106798.42 94.53 28.10
168.00 17.00 -90032.54 -91269.90 94.53 28.10
172.00 17.00 -90032.54 -112037.55 94.53 28.10
176.00 17.00 -90032.54 -99220.50 94.53 28.10
180.00 17.00 -90032.54 -98781.42 94.53 28.10
184.00 17.00 -90032.54 -97717.93 94.53 28.10
185.00 17.00 -90032.54 -99319.05 94.53 28.10
187.00 17.00 -90032.54 -91311.99 94.53 28.10
191.00 17.00 -90032.54 -102551.51 94.53 28.10
195.00 17.00 -90032.54 -112455.80 94.53 28.10
199.00 17.00 -90032.54 -109485.67 94.53 28.10
203.00 17.00 -90032.54 -90605.61 94.53 28.10
207.00 17.00 -90032.54 -104332.37 94.53 28.10
211.00 17.00 -90032.54 -90597.13 94.53 28.10
214.00 17.00 -90032.54 -92104.87 94.53 28.10
218.00 17.00 -90032.54 -128583.80 94.53 28.10
222.00 17.00 -90032.54 -110210.31 94.53 28.10
226.00 17.00 -90032.54 -128555.78 94.53 28.10
230.00 17.00 -90032.54 -129555.11 94.53 28.10
234.00 17.00 -90032.54 -90081.81 94.53 28.10
238.00 17.00 -90032.54 -105436.05 94.53 28.10
242.00 17.00 -90032.54 -125371.97 94.53 28.10
246.00 17.00 -90032.54 -100657.60 94.53 28.10
249.00 17.00 -90032.54 -91789.90 94.53 28.10
253.00 17.00 -90032.54 -94549.65 94.53 28.10
257.00 17.00 -90032.54 -90402.61 94.53 28.10
261.00 17.00 -90032.54 -107654.37 94.53 28.10
265.00 17.00 -90032.54 -114697.47 94.53 28.10
269.00 17.00 -90032.54 -96646.46 94.53 28.10
273.00 17.00 -90032.54 -104008.77 94.53 28.10
276.00 18.00 -90032.54 -90032.54 94.53 28.10
278.00 18.00 -90032.54 -101780.91 94.53 28.10
280.00 18.00 -90032.54 -90603.47 94.53 28.10
284.00 18.00 -90032.54 -116014.22 94.53 28.10
288.00 18.00 -90032.54 -112411.45 94.53 28.10
292.00 18.00 -90032.54 -94486.71 94.53 28.10
296.00 18.00 -90032.54 -112888.01 94.53 28.10
300.00 18.00 -90032.54 -120620.10 94.53 28.10
304.00 18.00 -90032.54 -109600.36 94.53 28.10
308.00 18.00 -90032.54 -95577.39 94.53 28.10
311.00 18.00 -90032.54 -110014.39 94.53 28.10
315.00 18.00 -90032.54 -90288.04 94.53 28.10
319.00 18.00 -90032.54 -99312.82 94.53 28.10
323.00 18.00 -90032.54 -115286.02 94.53 28.10
327.00 18.00 -90032.54 -91972.77 94.53 28.10
331.00 18.00 -90032.54 -100690.58 94.53 28.10
335.00 18.00 -90032.54 -96668.84 94.53 28.10
338.00 18.00 -90032.54 -112027.69 94.53 28.10
342.00 18.00 -90032.54 -113376.40 94.53 28.10
346.00 18.00 -90032.54 -98713.11 94.53 28.10
350.00 18.00 -90032.54 -93848.26 94.53 28.10
354.00 18.00 -90032.54 -109638.61 94.53 28.10
358.00 18.00 -90032.54 -93272.41 94.53 28.10
362.00 18.00 -90032.54 -99633.96 94.53 28.10
366.00 18.00 -90032.54 -118963.73 94.53 28.10
370.00 18.00 -90032.54 -90304.87 94.53 28.10
371.00 18.00 -90032.54 -104407.51 94.53 28.10
373.00 18.00 -90032.54 -117602.46 94.53 28.10
377.00 18.00 -90032.54 -97657.09 94.53 28.10
381.00 18.00 -90032.54 -95526.26 94.53 28.10
385.00 18.00 -90032.54 -112507.72 94.53 28.10
389.00 18.00 -90032.54 -119543.67 94.53 28.10
393.00 18.00 -90032.54 -117043.95 94.53 28.10
397.00 18.00 -90032.54 -114580.36 94.53 28.10
401.00 18.00 -90032.54 -112488.17 94.53 28.10
404.00 18.00 -90032.54 -93322.56 94.53 28.10
408.00 18.00 -90032.54 -104248.45 94.53 28.10
412.00 18.00 -90032.54 -91611.28 94.53 28.10
416.00 18.00 -90032.54 -99645.08 94.53 28.10
420.00 18.00 -90032.54 -112521.97 94.53 28.10
424.00 18.00 -90032.54 -109467.62 94.53 28.10
428.00 18.00 -90032.54 -114678.51 94.53 28.10
432.00 18.00 -90032.54 -120326.62 94.53 28.10
436.00 18.00 -90032.54 -94874.30 94.53 28.10
439.00 18.00 -90032.54 -102023.19 94.53 28.10
443.00 18.00 -90032.54 -92556.27 94.53 28.10
447.00 18.00 -90032.54 -90833.62 94.53 28.10
451.00 18.00 -90032.54 -106674.06 94.53 28.10
455.00 18.00 -90032.54 -90212.46 94.53 28.10
459.00 18.00 -90032.54 -90705.82 94.53 28.10
463.00 18.00 -90032.54 -90360.99 94.53 28.10
464.00 18.00 -90032.54 -104968.20 94.53 28.10
466.00 18.00 -90032.54 -103094.51 94.53 28.10
470.00 18.00 -90032.54 -125450.75 94.53 28.10
474.00 18.00 -90032.54 -102814.37 94.53 28.10
478.00 18.00 -90032.54 -111191.64 94.53 28.10
482.00 18.00 -90032.54 -112342.35 94.53 28.10
486.00 18.00 -90032.54 -109005.22 94.53 28.10
490.00 18.00 -90032.54 -106283.60 94.53 28.10
494.00 18.00 -90032.54 -110354.45 94.53 28.10
497.00 18.00 -90032.54 -127814.28 94.53 28.10
501.00 18.00 -90032.54 -105568.00 94.53 28.10
505.00 18.00 -90032.54 -93115.15 94.53 28.10
509.00 18.00 -90032.54 -91729.45 94.53 28.10
513.00 18.00 -90032.54 -107416.27 94.53 28.10
517.00 18.00 -90032.54 -96836.41 94.53 28.10
521.00 18.00 -90032.54 -90514.73 94.53 28.10
525.00 18.00 -90032.54 -90255.24 94.53 28.10
529.00 18.00 -90032.54 -108155.18 94.53 28.10
532.00 18.00 -90032.54 -105529.13 94.53 28.10
536.00 18.00 -90032.54 -99674.39 94.53 28.10
540.00 18.00 -90032.54 -94311.29 94.53 28.10
544.00 18.00 -90032.54 -93316.22 94.53 28.10
548.00 18.00 -90032.54 -115052.13 94.53 28.10
552.00 18.00 -90032.54 -109955.30 94.53 28.10
556.00 18.00 -90032.54 -91171.04 94.53 28.10
557.00 18.00 -90032.54 -103076.60 94.53 28.10
559.00 18.00 -90032.54 -91099.54 94.53 28.10
563.00 18.00 -90032.54 -109707.97 94.53 28.10
567.00 18.00 -90032.54 -91253.65 94.53 28.10
571.00 18.00 -90032.54 -102613.65 94.53 28.10
575.00 19.00 -90031.18 -92012.23 94.58 28.11
579.00 19.00 -90031.18 -107921.32 94.58 28.11
583.00 19.00 -90031.18 -92032.02 94.58 28.11
587.00 19.00 -90031.18 -93518.69 94.58 28.11
590.00 19.00 -90031.18 -112145.34 94.58 28.11
594.00 19.00 -90031.18 -94758.02 94.58 28.11
598.00 19.00 -90031.18 -109407.77 94.58 28.11
602.00 19.00 -90031.18 -90377.00 94.58 28.11
606.00 19.00 -90031.18 -107458.51 94.58 28.11
610.00 19.00 -90031.18 -110405.88 94.58 28.11
614.00 19.00 -90031.18 -90662.03 94.58 28.11
618.00 19.00 -90031.18 -97518.15 94.58 28.11
622.00 19.00 -90031.18 -115212.85 94.58 28.11
