0.00 1.00 -145305.63 -145305.63 1433.12 351.13
3.00 3.00 -144440.25 -144440.25 1349.52 362.50
7.00 6.00 -141255.39 -141621.45 1149.39 228.32
11.00 8.00 -129110.44 -131423.98 553.61 129.40
14.00 10.00 -121247.20 -121247.20 348.98 82.39
18.00 13.00 -105735.94 -105735.94 139.03 39.24
22.00 14.00 -101599.85 -111113.56 109.74 27.22
26.00 15.00 -101180.70 -101180.70 107.73 23.67
30.00 15.00 -101180.70 -105488.64 107.73 23.67
33.00 15.00 -101180.70 -102460.22 107.73 23.67
37.00 15.00 -101180.70 -109448.40 107.73 23.67
41.00 15.00 -101180.70 -129736.54 107.73 23.67
45.00 15.00 -101180.70 -104719.37 107.73 23.67
48.00 16.00 -101180.70 -131493.77 107.73 23.67
52.00 17.00 -100282.53 -137859.70 109.11 12.77
56.00 17.00 -100282.53 -118669.99 109.11 12.77
60.00 18.00 -99484.70 -99484.70 106.95 13.59
63.00 18.00 -99484.70 -103256.44 106.95 13.59
67.00 18.00 -99484.70 -109441.86 106.95 13.59
71.00 18.00 -99484.70 -104637.60 106.95 13.59
75.00 18.00 -99484.70 -127046.87 106.95 13.59
78.00 18.00 -99484.70 -104872.59 106.95 13.59
82.00 18.00 -99484.70 -119036.62 106.95 13.59
86.00 18.00 -99484.70 -142825.77 106.95 13.59
90.00 18.00 -99484.70 -104121.83 106.95 13.59
92.00 18.00 -99484.70 -101523.14 106.95 13.59
93.00 18.00 -99484.70 -116886.65 106.95 13.59
96.00 18.00 -99484.70 -135496.77 106.95 13.59
100.00 18.00 -99484.70 -131270.21 106.95 13.59
104.00 18.00 -99484.70 -116029.87 106.95 13.59
108.00 19.00 -98891.14 -98891.14 101.28 7.92
111.00 19.00 -98891.14 -101990.29 101.28 7.92
115.00 19.00 -98891.14 -132350.63 101.28 7.92
119.00 20.00 -98891.14 -127838.33 101.28 7.92
123.00 20.00 -98891.14 -129158.65 101.28 7.92
126.00 20.00 -98891.14 -115502.71 101.28 7.92
130.00 20.00 -98891.14 -127833.31 101.28 7.92
134.00 21.00 -98891.14 -120004.27 101.28 7.92
138.00 22.00 -98891.14 -133885.27 101.28 7.92
141.00 22.00 -98891.14 -102407.84 101.28 7.92
145.00 22.00 -98891.14 -130471.85 101.28 7.92
149.00 22.00 -98891.14 -123240.66 101.28 7.92
153.00 22.00 -98891.14 -107412.47 101.28 7.92
157.00 22.00 -98891.14 -122025.15 101.28 7.92
161.00 22.00 -98891.14 -103237.25 101.28 7.92
165.00 22.00 -98891.14 -122823.60 101.28 7.92
169.00 22.00 -98891.14 -120588.19 101.28 7.92
172.00 22.00 -98891.14 -134226.50 101.28 7.92
176.00 22.00 -98891.14 -104042.11 101.28 7.92
180.00 22.00 -98891.14 -125330.86 101.28 7.92
184.00 22.00 -98891.14 -133834.32 101.28 7.92
185.00 22.00 -98891.14 -129393.30 101.28 7.92
187.00 22.00 -98891.14 -127586.60 101.28 7.92
191.00 22.00 -98891.14 -112114.39 101.28 7.92
195.00 22.00 -98891.14 -99091.67 101.28 7.92
199.00 22.00 -98891.14 -104134.21 101.28 7.92
203.00 22.00 -98891.14 -127216.38 101.28 7.92
207.00 22.00 -98891.14 -99485.10 101.28 7.92
211.00 22.00 -98891.14 -122750.08 101.28 7.92
215.00 22.00 -98891.14 -100945.79 101.28 7.92
218.00 22.00 -98891.14 -109078.03 101.28 7.92
222.00 22.00 -98891.14 -117116.02 101.28 7.92
226.00 22.00 -98891.14 -113517.38 101.28 7.92
230.00 22.00 -98891.14 -107032.00 101.28 7.92
234.00 22.00 -98891.14 -106681.81 101.28 7.92
238.00 22.00 -98891.14 -101413.29 101.28 7.92
242.00 22.00 -98891.14 -116123.39 101.28 7.92
245.00 22.00 -98891.14 -109182.00 101.28 7.92
249.00 22.00 -98891.14 -110929.64 101.28 7.92
253.00 22.00 -98891.14 -117062.96 101.28 7.92
257.00 22.00 -98891.14 -129676.52 101.28 7.92
261.00 22.00 -98891.14 -99137.11 101.28 7.92
265.00 22.00 -98891.14 -137035.84 101.28 7.92
269.00 22.00 -98891.14 -120000.03 101.28 7.92
273.00 22.00 -98891.14 -109644.00 101.28 7.92
277.00 22.00 -98891.14 -113265.60 101.28 7.92
278.00 22.00 -98891.14 -111127.11 101.28 7.92
280.00 22.00 -98891.14 -99674.12 101.28 7.92
284.00 22.00 -98891.14 -102990.28 101.28 7.92
288.00 22.00 -98891.14 -128860.54 101.28 7.92
292.00 22.00 -98891.14 -117151.01 101.28 7.92
296.00 22.00 -98891.14 -123484.21 101.28 7.92
300.00 22.00 -98891.14 -99913.77 101.28 7.92
304.00 22.00 -98891.14 -121774.09 101.28 7.92
308.00 22.00 -98891.14 -129122.00 101.28 7.92
311.00 22.00 -98891.14 -101288.06 101.28 7.92
315.00 22.00 -98891.14 -128956.98 101.28 7.92
319.00 22.00 -98891.14 -127549.05 101.28 7.92
323.00 22.00 -98891.14 -100820.93 101.28 7.92
327.00 22.00 -98891.14 -99524.13 101.28 7.92
331.00 22.00 -98891.14 -127722.78 101.28 7.92
335.00 22.00 -98891.14 -120453.78 101.28 7.92
339.00 22.00 -98891.14 -112129.24 101.28 7.92
343.00 22.00 -98891.14 -99489.07 101.28 7.92
346.00 22.00 -98891.14 -99983.05 101.28 7.92
350.00 22.00 -98891.14 -112368.19 101.28 7.92
354.00 22.00 -98891.14 -99642.62 101.28 7.92
358.00 22.00 -98891.14 -130361.73 101.28 7.92
362.00 22.00 -98891.14 -117158.43 101.28 7.92
366.00 22.00 -98891.14 -101116.02 101.28 7.92
370.00 22.00 -98891.14 -125319.90 101.28 7.92
371.00 22.00 -98891.14 -122618.71 101.28 7.92
373.00 22.00 -98891.14 -121574.57 101.28 7.92
377.00 22.00 -98891.14 -115112.88 101.28 7.92
381.00 22.00 -98891.14 -126848.29 101.28 7.92
385.00 22.00 -98891.14 -99309.65 101.28 7.92
389.00 22.00 -98891.14 -130916.92 101.28 7.92
393.00 22.00 -98891.14 -113825.21 101.28 7.92
396.00 22.00 -98891.14 -121374.45 101.28 7.92
400.00 22.00 -98891.14 -120740.80 101.28 7.92
404.00 22.00 -98891.14 -105434.02 101.28 7.92
408.00 22.00 -98891.14 -119205.56 101.28 7.92
412.00 22.00 -98891.14 -124803.44 101.28 7.92
416.00 22.00 -98891.14 -109278.66 101.28 7.92
420.00 22.00 -98891.14 -115225.45 101.28 7.92
424.00 22.00 -98891.14 -110007.81 101.28 7.92
428.00 22.00 -98891.14 -117352.47 101.28 7.92
431.00 22.00 -98891.14 -103127.16 101.28 7.92
435.00 22.00 -98891.14 -110275.10 101.28 7.92
439.00 22.00 -98891.14 -103119.29 101.28 7.92
443.00 22.00 -98891.14 -112858.16 101.28 7.92
447.00 22.00 -98891.14 -132828.68 101.28 7.92
451.00 22.00 -98891.14 -122361.32 101.28 7.92
455.00 22.00 -98891.14 -119898.22 101.28 7.92
459.00 22.00 -98891.14 -112781.57 101.28 7.92
463.00 22.00 -98891.14 -124652.36 101.28 7.92
464.00 22.00 -98891.14 -118783.66 101.28 7.92
466.00 22.00 -98891.14 -104348.41 101.28 7.92
470.00 22.00 -98891.14 -111265.40 101.28 7.92
474.00 22.00 -98891.14 -100627.04 101.28 7.92
478.00 23.00 -98780.32 -103228.86 100.67 8.18
482.00 23.00 -98780.32 -122998.32 100.67 8.18
486.00 23.00 -98780.32 -115814.62 100.67 8.18
490.00 23.00 -98780.32 -110122.98 100.67 8.18
494.00 23.00 -98780.32 -125432.16 100.67 8.18
497.00 23.00 -98780.32 -127132.03 100.67 8.18
501.00 23.00 -98780.32 -124538.12 100.67 8.18
505.00 23.00 -98780.32 -124331.93 100.67 8.18
509.00 23.00 -98780.32 -127603.21 100.67 8.18
513.00 23.00 -98780.32 -107820.70 100.67 8.18
517.00 23.00 -98780.32 -105853.64 100.67 8.18
521.00 23.00 -98780.32 -102536.64 100.67 8.18
525.00 23.00 -98780.32 -126453.62 100.67 8.18
528.00 23.00 -98780.32 -103929.47 100.67 8.18
532.00 23.00 -98780.32 -104425.91 100.67 8.18
536.00 23.00 -98780.32 -120002.10 100.67 8.18
540.00 23.00 -98780.32 -131852.70 100.67 8.18
544.00 23.00 -98780.32 -102410.29 100.67 8.18
548.00 23.00 -98780.32 -100500.10 100.67 8.18
552.00 23.00 -98780.32 -125643.34 100.67 8.18
556.00 23.00 -98780.32 -99668.54 100.67 8.18
557.00 23.00 -98780.32 -130722.45 100.67 8.18
559.00 23.00 -98780.32 -113730.31 100.67 8.18
563.00 23.00 -98780.32 -124839.87 100.67 8.18
567.00 23.00 -98780.32 -121641.95 100.67 8.18
571.00 23.00 -98780.32 -119549.49 100.67 8.18
575.00 23.00 -98780.32 -117149.47 100.67 8.18
579.00 23.00 -98780.32 -99983.38 100.67 8.18
583.00 23.00 -98780.32 -125015.49 100.67 8.18
587.00 23.00 -98780.32 -119519.88 100.67 8.18
590.00 23.00 -98780.32 -113569.11 100.67 8.18
594.00 23.00 -98780.32 -133425.59 100.67 8.18
598.00 23.00 -98780.32 -101389.81 100.67 8.18
602.00 23.00 -98780.32 -102533.50 100.67 8.18
606.00 23.00 -98780.32 -122496.81 100.67 8.18
610.00 23.00 -98780.32 -135857.45 100.67 8.18
614.00 23.00 -98780.32 -102796.05 100.67 8.18
618.00 23.00 -98780.32 -133888.41 100.67 8.18
622.00 23.00 -98780.32 -114836.84 100.67 8.18
