0.00 1.00 -98723.91 -98723.91 1594.16 294.65
3.00 2.00 -97156.77 -98172.86 1355.41 313.42
7.00 5.00 -95071.71 -97949.37 1198.64 150.89
11.00 7.00 -92231.60 -92231.60 916.76 138.54
15.00 9.00 -88327.14 -90965.88 650.29 107.05
18.00 10.00 -86198.76 -87910.24 523.99 118.64
22.00 13.00 -73210.41 -73210.41 161.27 60.57
26.00 14.00 -70396.59 -74061.95 123.08 64.52
30.00 15.00 -70029.59 -70029.59 119.95 58.55
33.00 15.00 -70029.59 -72296.02 119.95 58.55
37.00 15.00 -70029.59 -70746.44 119.95 58.55
41.00 15.00 -70029.59 -79795.58 119.95 58.55
45.00 16.00 -68862.53 -68862.53 116.06 25.02
48.00 16.00 -68862.53 -79928.37 116.06 25.02
52.00 17.00 -68336.52 -82404.33 113.31 19.97
56.00 17.00 -68336.52 -89792.64 113.31 19.97
60.00 17.00 -68336.52 -86727.83 113.31 19.97
64.00 18.00 -67008.81 -94581.30 95.63 28.09
67.00 18.00 -67008.81 -83699.61 95.63 28.09
71.00 18.00 -67008.81 -80121.03 95.63 28.09
75.00 18.00 -67008.81 -86498.98 95.63 28.09
79.00 18.00 -67008.81 -73552.48 95.63 28.09
82.00 18.00 -67008.81 -77224.23 95.63 28.09
86.00 18.00 -67008.81 -82907.41 95.63 28.09
90.00 18.00 -67008.81 -81927.79 95.63 28.09
92.00 18.00 -67008.81 -70778.57 95.63 28.09
93.00 18.00 -67008.81 -85107.61 95.63 28.09
97.00 18.00 -67008.81 -74810.15 95.63 28.09
100.00 18.00 -67008.81 -76539.80 95.63 28.09
104.00 18.00 -67008.81 -73346.97 95.63 28.09
108.00 18.00 -67008.81 -75247.62 95.63 28.09
112.00 18.00 -67008.81 -67556.35 95.63 28.09
115.00 18.00 -67008.81 -72258.17 95.63 28.09
119.00 18.00 -67008.81 -70927.81 95.63 28.09
123.00 18.00 -67008.81 -80783.79 95.63 28.09
127.00 18.00 -67008.81 -81888.02 95.63 28.09
131.00 18.00 -67008.81 -76689.63 95.63 28.09
134.00 18.00 -67008.81 -84082.24 95.63 28.09
138.00 18.00 -67008.81 -85487.92 95.63 28.09
142.00 18.00 -67008.81 -68738.86 95.63 28.09
146.00 18.00 -67008.81 -70381.54 95.63 28.09
150.00 18.00 -67008.81 -68133.84 95.63 28.09
153.00 18.00 -67008.81 -74803.34 95.63 28.09
157.00 18.00 -67008.81 -87194.67 95.63 28.09
161.00 18.00 -67008.81 -75087.73 95.63 28.09
165.00 18.00 -67008.81 -76091.54 95.63 28.09
169.00 18.00 -67008.81 -84642.19 95.63 28.09
173.00 18.00 -67008.81 -92193.10 95.63 28.09
177.00 18.00 -67008.81 -69495.10 95.63 28.09
181.00 18.00 -67008.81 -73100.31 95.63 28.09
185.00 18.00 -67008.81 -70996.66 95.63 28.09
187.00 18.00 -67008.81 -86277.93 95.63 28.09
191.00 18.00 -67008.81 -68313.79 95.63 28.09
195.00 18.00 -67008.81 -72323.49 95.63 28.09
199.00 19.00 -67008.81 -67815.99 95.63 28.09
203.00 19.00 -67008.81 -69182.30 95.63 28.09
207.00 19.00 -67008.81 -80293.64 95.63 28.09
211.00 20.00 -66814.97 -88353.43 107.56 9.06
214.00 20.00 -66814.97 -75465.59 107.56 9.06
218.00 20.00 -66814.97 -67840.15 107.56 9.06
222.00 20.00 -66814.97 -69258.27 107.56 9.06
226.00 20.00 -66814.97 -67273.49 107.56 9.06
230.00 20.00 -66814.97 -84456.62 107.56 9.06
234.00 20.00 -66814.97 -74827.47 107.56 9.06
238.00 20.00 -66814.97 -83316.54 107.56 9.06
242.00 20.00 -66814.97 -86624.86 107.56 9.06
246.00 20.00 -66814.97 -72777.39 107.56 9.06
249.00 20.00 -66814.97 -70336.03 107.56 9.06
253.00 20.00 -66814.97 -80376.21 107.56 9.06
257.00 20.00 -66814.97 -78429.26 107.56 9.06
261.00 20.00 -66814.97 -85483.41 107.56 9.06
265.00 20.00 -66814.97 -76105.09 107.56 9.06
269.00 20.00 -66814.97 -70780.46 107.56 9.06
273.00 20.00 -66814.97 -83804.65 107.56 9.06
277.00 20.00 -66814.97 -96244.36 107.56 9.06
278.00 20.00 -66814.97 -77651.10 107.56 9.06
280.00 20.00 -66814.97 -81605.86 107.56 9.06
284.00 20.00 -66814.97 -83348.97 107.56 9.06
288.00 20.00 -66814.97 -85169.68 107.56 9.06
292.00 20.00 -66814.97 -76094.05 107.56 9.06
296.00 20.00 -66814.97 -72475.56 107.56 9.06
300.00 20.00 -66814.97 -75675.25 107.56 9.06
304.00 20.00 -66814.97 -85641.13 107.56 9.06
308.00 20.00 -66814.97 -81454.92 107.56 9.06
311.00 20.00 -66814.97 -76221.98 107.56 9.06
315.00 20.00 -66814.97 -83990.28 107.56 9.06
319.00 21.00 -66799.59 -73327.73 104.90 10.22
323.00 21.00 -66799.59 -86824.96 104.90 10.22
327.00 21.00 -66799.59 -79792.73 104.90 10.22
331.00 21.00 -66799.59 -76220.55 104.90 10.22
335.00 21.00 -66799.59 -70991.05 104.90 10.22
339.00 21.00 -66799.59 -77814.33 104.90 10.22
343.00 21.00 -66799.59 -85029.35 104.90 10.22
346.00 21.00 -66799.59 -68342.79 104.90 10.22
350.00 21.00 -66799.59 -75178.75 104.90 10.22
354.00 21.00 -66799.59 -67042.97 104.90 10.22
358.00 21.00 -66799.59 -83233.91 104.90 10.22
362.00 21.00 -66799.59 -79568.91 104.90 10.22
366.00 21.00 -66799.59 -82341.57 104.90 10.22
370.00 21.00 -66799.59 -80179.33 104.90 10.22
371.00 21.00 -66799.59 -77194.38 104.90 10.22
373.00 21.00 -66799.59 -80235.60 104.90 10.22
377.00 21.00 -66799.59 -83350.35 104.90 10.22
381.00 21.00 -66799.59 -75352.46 104.90 10.22
385.00 21.00 -66799.59 -77600.81 104.90 10.22
389.00 21.00 -66799.59 -70829.10 104.90 10.22
393.00 21.00 -66799.59 -74024.93 104.90 10.22
396.00 21.00 -66799.59 -83909.08 104.90 10.22
400.00 21.00 -66799.59 -85300.81 104.90 10.22
404.00 21.00 -66799.59 -75390.92 104.90 10.22
408.00 21.00 -66799.59 -80750.40 104.90 10.22
412.00 21.00 -66799.59 -66940.29 104.90 10.22
416.00 21.00 -66799.59 -86643.14 104.90 10.22
420.00 21.00 -66799.59 -84601.74 104.90 10.22
424.00 21.00 -66799.59 -76117.23 104.90 10.22
428.00 21.00 -66799.59 -72380.89 104.90 10.22
431.00 21.00 -66799.59 -74657.52 104.90 10.22
435.00 21.00 -66799.59 -68688.06 104.90 10.22
439.00 21.00 -66799.59 -75339.15 104.90 10.22
443.00 21.00 -66799.59 -85229.98 104.90 10.22
447.00 21.00 -66799.59 -83740.44 104.90 10.22
451.00 21.00 -66799.59 -83011.19 104.90 10.22
455.00 21.00 -66799.59 -83589.42 104.90 10.22
459.00 21.00 -66799.59 -87039.90 104.90 10.22
462.00 21.00 -66799.59 -83279.33 104.90 10.22
464.00 21.00 -66799.59 -69242.66 104.90 10.22
466.00 21.00 -66799.59 -67084.20 104.90 10.22
470.00 21.00 -66799.59 -75402.80 104.90 10.22
474.00 21.00 -66799.59 -69519.96 104.90 10.22
478.00 21.00 -66799.59 -77246.08 104.90 10.22
482.00 21.00 -66799.59 -85596.13 104.90 10.22
486.00 21.00 -66799.59 -76523.44 104.90 10.22
489.00 21.00 -66799.59 -77705.17 104.90 10.22
493.00 21.00 -66799.59 -76756.83 104.90 10.22
497.00 21.00 -66799.59 -80080.99 104.90 10.22
501.00 21.00 -66799.59 -79445.67 104.90 10.22
505.00 21.00 -66799.59 -82205.88 104.90 10.22
509.00 21.00 -66799.59 -67073.07 104.90 10.22
513.00 21.00 -66799.59 -91001.90 104.90 10.22
516.00 21.00 -66799.59 -85191.05 104.90 10.22
520.00 21.00 -66799.59 -79008.64 104.90 10.22
524.00 21.00 -66799.59 -77257.46 104.90 10.22
528.00 21.00 -66799.59 -83668.70 104.90 10.22
532.00 21.00 -66799.59 -74438.86 104.90 10.22
536.00 21.00 -66799.59 -79813.92 104.90 10.22
540.00 21.00 -66799.59 -70099.76 104.90 10.22
544.00 21.00 -66799.59 -68744.77 104.90 10.22
548.00 21.00 -66799.59 -79107.06 104.90 10.22
551.00 21.00 -66799.59 -82417.06 104.90 10.22
555.00 21.00 -66799.59 -71112.63 104.90 10.22
557.00 21.00 -66799.59 -83852.30 104.90 10.22
559.00 21.00 -66799.59 -86970.28 104.90 10.22
563.00 21.00 -66799.59 -67990.45 104.90 10.22
567.00 21.00 -66799.59 -88766.73 104.90 10.22
571.00 21.00 -66799.59 -77362.36 104.90 10.22
575.00 21.00 -66799.59 -75647.80 104.90 10.22
579.00 21.00 -66799.59 -78551.46 104.90 10.22
583.00 21.00 -66799.59 -82407.56 104.90 10.22
587.00 21.00 -66799.59 -79132.01 104.90 10.22
590.00 21.00 -66799.59 -75173.62 104.90 10.22
594.00 21.00 -66799.59 -75273.01 104.90 10.22
598.00 21.00 -66799.59 -69051.76 104.90 10.22
602.00 21.00 -66799.59 -78958.05 104.90 10.22
606.00 21.00 -66799.59 -67349.93 104.90 10.22
610.00 21.00 -66799.59 -80570.28 104.90 10.22
614.00 21.00 -66799.59 -83919.66 104.90 10.22
618.00 21.00 -66799.59 -75142.03 104.90 10.22
622.00 21.00 -66799.59 -86780.59 104.90 10.22
