-198380.99
-194251.17
-196552.04
-184641.43
-182995.72
-169563.29
-152281.46
-144097.94
-145309.21
-142708.46
-153983.26
-188302.23
-146313.41
-179940.80
-143206.30
-158969.63
-137883.45
-139430.85
-135090.51
-165520.28
-177199.36
-178321.24
-173202.85
-162324.61
-144991.52
-173165.32
-149140.25
-142438.68
-184879.82
-183301.94
-175645.17
-167478.50
-165239.92
-139293.49
-149893.02
-200416.24
-182822.65
-153685.17
-133908.24
-152720.64
-179632.47
-187114.94
-166538.55
-186040.61
-138124.63
-141083.05
-158236.49
-154655.74
-147038.11
-150703.47
-141512.93
-138124.63
-162468.12
-151175.97
-158776.62
-135879.55
-141618.11
-133908.24
-169107.58
-151791.91
-142493.69
-181390.92
-133908.24
-170916.39
-142085.36
-149399.03
-153525.71
-149879.18
-156072.74
-133908.24
-143393.61
-171201.84
-142605.29
-162369.81
-159506.27
-142310.58
-165981.46
-157941.89
-186708.47
-134611.63
-134197.98
-150094.41
-141094.80
-171284.80
-138706.06
-156788.80
-161274.74
-134957.28
-146850.99
-166453.59
-179264.38
-137282.94
-147811.01
-157042.46
-170659.55
-151016.55
-134563.16
-162290.22
-169790.55
-150149.58
-150953.20
-159898.78
-140887.10
-138284.70
-163245.76
-175245.92
-170767.71
-139126.58
-141194.13
-149322.12
-147897.70
-161336.17
-140423.88
-133908.24
-161842.83
-166647.39
-161382.17
-143881.97
-138453.24
-167371.00
-156204.50
-165397.08
-150841.40
-184492.01
-157612.54
-146156.75
-173565.47
-162440.84
-172726.82
-158988.06
-160381.67
-150762.25
-174040.16
-142560.11
-156789.72
-174214.81
-179832.93
-150342.48
-144941.44
-165788.56
-175813.87
-180773.58
-135823.26
-179916.52
-156066.98
-145708.76
-138528.73
-170990.23
-156801.46
-168891.67
-165277.75
-146548.41
-148072.77
-160398.30
-158434.48
-145896.39
-140741.42
-168336.89
-152010.73
-155490.43
-142043.74
-145712.05
-137576.85
-148101.24
-141033.13
-134604.59
-161888.22
-152840.58
