-121049.11
-120694.69
-111005.00
-107507.86
-96115.75
-90576.28
-85821.28
-87495.55
-84898.11
-86484.46
-93787.26
-91386.93
-83310.65
-81475.78
-114076.99
-108701.97
-89220.29
-93991.18
-94620.85
-106054.29
-104826.35
-111975.59
-85465.73
-98078.93
-103991.27
-89532.68
-90515.29
-104287.25
-112636.12
-94937.42
-115367.24
-104224.39
-81715.40
-93513.95
-92358.46
-99787.94
-102076.40
-87505.88
-91492.91
-81285.41
-85009.41
-90440.02
-85883.06
-105506.43
-84431.36
-85479.93
-84676.09
-99872.29
-110649.49
-95548.29
-89806.96
-96468.86
-83808.63
-98014.90
-96496.19
-101737.09
-91292.46
-82378.49
-96805.09
-87561.33
-100887.58
-106358.50
-82328.02
-84252.99
-90066.58
-110600.38
-97376.83
-103500.02
-82043.66
-83310.70
-92708.80
-81979.29
-99203.06
-82284.09
-92771.26
-112391.58
-97079.17
-82247.24
-81380.39
-83890.36
-81392.12
-106294.07
-95507.92
-97824.93
-95975.13
-85040.99
-99066.08
-92939.00
-84438.21
-100447.63
-101397.88
-91734.83
-99750.66
-98120.41
-102307.01
-86467.34
-104076.86
-88793.09
-92104.66
-104063.10
-109105.21
-96056.49
-87445.35
-81445.46
-85203.93
-98760.39
-92927.40
-104472.03
-85998.66
-83446.63
-81546.83
-90259.57
-95082.04
-90353.87
-89364.27
-93255.77
-89894.78
-100002.85
-88323.91
-99992.49
-81710.36
-102648.71
-106183.38
-88384.51
-97746.82
-103333.74
-102112.20
-99811.93
-105852.20
-101297.80
-94252.30
-83851.57
-101877.08
-90396.95
-97442.56
-84700.71
-86692.57
-98097.95
-97552.38
-84339.82
-85750.70
-93324.89
-81763.01
-101023.33
-83936.11
-92181.89
-97454.79
-105444.06
-98041.56
-84733.58
-98593.19
-83886.82
-102478.77
-90671.83
-95082.09
-87029.99
-85506.75
-84414.24
-91032.03
-105872.91
-96302.16
-95267.89
-97092.15
-98960.52
-101487.74
-84525.97
-99959.63
-96369.21
-84216.57
