-159306.85
-146627.25
-131933.12
-137561.20
-129990.00
-110793.71
-116765.10
-109702.21
-109477.79
-125965.98
-126530.26
-140514.44
-135405.00
-110742.53
-138095.15
-138927.47
-121844.66
-132391.53
-119464.43
-144099.97
-131857.21
-135242.82
-139950.57
-113204.43
-111093.25
-123768.74
-111338.07
-135646.80
-131619.19
-131926.05
-113773.21
-131162.52
-113983.64
-141508.78
-109486.35
-114342.69
-128085.66
-135103.62
-126096.73
-111137.91
-120789.06
-109477.79
-109477.79
-112957.49
-118909.12
-131864.18
-132092.93
-135120.74
-135094.66
-113219.76
-145969.28
-135094.66
-140015.90
-151045.56
-116746.51
-114324.72
-109477.79
-113219.76
-109477.79
-113178.54
-112395.88
-109477.79
-113840.53
-132915.30
-118866.76
-111185.23
-135859.10
-135026.57
-111318.83
-131857.21
-119685.36
-135961.69
-149504.55
-118102.31
-127997.04
-136433.29
-124974.29
-109477.79
-110257.38
-140366.52
-137983.57
-128163.64
-127019.67
-113889.21
-122962.25
-110407.23
-128571.80
-127134.64
-118979.32
-111436.42
-130367.74
-132334.02
-113213.62
-137129.54
-131825.18
-110790.43
-127140.76
-126642.03
-136649.51
-130781.52
-142016.05
-157710.00
-121100.75
-130414.83
-127312.14
-119609.52
-127082.85
-113740.10
-113330.21
-135534.06
-114985.18
-140042.80
-114504.89
-137811.40
-138484.86
-115223.14
-134341.46
-128209.76
-135895.16
-109559.84
-143749.54
-121489.19
-118647.26
-135472.40
-149953.24
-140264.94
-128986.86
-134741.07
-134554.80
-127218.54
-111719.31
-140358.37
-150253.11
-137525.20
-126494.28
-141412.51
-135274.77
-113993.06
-134729.27
-137863.36
-117630.56
-120361.40
-142466.45
-128278.20
-125417.88
-129643.12
-123992.41
-139319.95
-122622.21
-139557.94
-114474.64
-131736.33
-136236.06
-131645.71
-125655.62
-120116.05
-113986.85
-134573.34
-120557.71
-133036.02
-128901.15
-110818.17
-134168.25
-128529.66
-112965.16
-140845.38
-137905.85
-134840.23
-110874.06
