-109080.36
-109345.82
-107404.10
-105736.11
-106358.96
-104751.21
-102900.74
-100189.12
-98193.28
-94789.52
-85456.37
-75884.22
-79926.03
-76229.04
-76348.64
-106764.96
-93935.83
-87315.40
-93425.04
-75045.36
-98251.70
-99977.86
-91918.99
-75229.84
-81208.15
-75045.36
-98534.08
-90144.74
-75045.36
-85439.60
-76078.52
-87749.53
-92711.53
-102765.24
-75688.23
-88901.87
-87061.12
-106591.72
-94527.61
-87746.66
-76269.11
-91384.92
-75638.96
-85635.02
-75919.82
-77347.05
-78164.79
-74355.08
-86802.75
-91686.32
-92166.34
-82908.30
-87225.01
-96789.47
-82194.92
-103488.86
-74884.93
-103214.61
-76283.34
-87187.38
-77783.98
-73838.44
-80200.77
-92165.67
-106305.87
-106051.59
-76706.36
-99630.73
-101079.68
-100525.28
-86309.80
-94178.96
-86593.67
-81826.95
-89283.56
-75196.80
-96541.81
-87930.74
-74055.85
-81365.05
-83593.54
-104375.50
-98422.42
-98016.43
-95707.12
-77561.77
-87168.31
-99531.09
-81500.45
-76964.65
-83282.99
-91148.04
-83052.23
-94054.70
-89428.55
-76493.57
-82703.48
-93956.29
-94061.80
-92859.30
-78184.68
-74062.58
-81958.68
-81025.15
-89693.70
-82074.82
-80835.74
-95966.58
-83398.44
-99181.69
-76651.61
-101036.54
-92275.22
-98528.11
-94167.66
-87892.78
-88951.15
-90646.18
-74608.22
-75070.93
-80031.51
-99544.86
-89549.03
-74924.01
-77976.29
-94248.96
-87680.35
-94202.18
-78327.97
-92147.90
-94159.91
-88815.82
-76027.48
-93561.87
-76356.05
-89739.00
-74634.95
-74298.43
-92131.33
-86653.74
-77783.37
-83382.87
-101325.49
-94910.84
-83901.06
-94408.38
-101199.19
-86572.03
-84805.34
-82589.78
-83962.35
-95135.24
-76939.11
-78387.46
-101385.94
-93919.91
-87222.44
-73837.87
-92800.71
-80903.10
-74454.11
-82372.19
-91733.25
-91993.44
-94090.62
-92390.16
-74315.99
-86205.13
-76630.15
