-98723.91
-98172.86
-97949.37
-92231.60
-90965.88
-87910.24
-73210.41
-74061.95
-70029.59
-72296.02
-70746.44
-79795.58
-79928.37
-82404.33
-89792.64
-86727.83
-94581.30
-83699.61
-80121.03
-86498.98
-73552.48
-77224.23
-68862.53
-82907.41
-81927.79
-70778.57
-85107.61
-74810.15
-76539.80
-73346.97
-75247.62
-67556.35
-72258.17
-70927.81
-80783.79
-81888.02
-76689.63
-84082.24
-85487.92
-68738.86
-70381.54
-68133.84
-74803.34
-87194.67
-75087.73
-76091.54
-84642.19
-92193.10
-69495.10
-73100.31
-70996.66
-86277.93
-68313.79
-72323.49
-67815.99
-69182.30
-80293.64
-88353.43
-75465.59
-67840.15
-69258.27
-67273.49
-84456.62
-74827.47
-83316.54
-86624.86
-72777.39
-70336.03
-80376.21
-78429.26
-85483.41
-76105.09
-70780.46
-83804.65
-96244.36
-77651.10
-81605.86
-83348.97
-85169.68
-76094.05
-72475.56
-75675.25
-85641.13
-81454.92
-76221.98
-83990.28
-73327.73
-86824.96
-79792.73
-76220.55
-70991.05
-77814.33
-85029.35
-68342.79
-75178.75
-67042.97
-83233.91
-79568.91
-82341.57
-80179.33
-77194.38
-80235.60
-83350.35
-75352.46
-77600.81
-70829.10
-74024.93
-83909.08
-85300.81
-75390.92
-80750.40
-66940.29
-86643.14
-84601.74
-76117.23
-72380.89
-74657.52
-68688.06
-75339.15
-85229.98
-83740.44
-83011.19
-83589.42
-87039.90
-83279.33
-69242.66
-67084.20
-75402.80
-69519.96
-77246.08
-85596.13
-76523.44
-77705.17
-76756.83
-80080.99
-79445.67
-82205.88
-67073.07
-91001.90
-85191.05
-79008.64
-77257.46
-83668.70
-74438.86
-79813.92
-70099.76
-68744.77
-79107.06
-82417.06
-71112.63
-83852.30
-86970.28
-67990.45
-88766.73
-77362.36
-75647.80
-78551.46
-82407.56
-79132.01
-75173.62
-75273.01
-69051.76
-78958.05
-67349.93
-80570.28
-83919.66
-75142.03
