-145305.63
-144440.25
-141621.45
-131423.98
-121247.20
-105735.94
-111113.56
-101180.70
-105488.64
-102460.22
-109448.40
-129736.54
-131493.77
-137859.70
-118669.99
-99484.70
-103256.44
-109441.86
-104637.60
-127046.87
-104872.59
-119036.62
-104719.37
-142825.77
-104121.83
-101523.14
-116886.65
-135496.77
-131270.21
-116029.87
-98891.14
-101990.29
-132350.63
-127838.33
-129158.65
-115502.71
-127833.31
-120004.27
-133885.27
-102407.84
-130471.85
-123240.66
-107412.47
-122025.15
-103237.25
-122823.60
-120588.19
-134226.50
-104042.11
-125330.86
-133834.32
-129393.30
-127586.60
-112114.39
-99091.67
-104134.21
-127216.38
-99485.10
-122750.08
-100945.79
-109078.03
-117116.02
-113517.38
-107032.00
-106681.81
-101413.29
-116123.39
-109182.00
-110929.64
-117062.96
-129676.52
-99137.11
-137035.84
-120000.03
-109644.00
-113265.60
-111127.11
-99674.12
-102990.28
-128860.54
-117151.01
-123484.21
-99913.77
-121774.09
-129122.00
-101288.06
-128956.98
-127549.05
-100820.93
-99524.13
-127722.78
-120453.78
-112129.24
-99489.07
-99983.05
-112368.19
-99642.62
-130361.73
-117158.43
-101116.02
-125319.90
-122618.71
-121574.57
-115112.88
-126848.29
-99309.65
-130916.92
-113825.21
-121374.45
-120740.80
-105434.02
-119205.56
-124803.44
-109278.66
-115225.45
-110007.81
-117352.47
-103127.16
-110275.10
-103119.29
-112858.16
-132828.68
-122361.32
-119898.22
-112781.57
-124652.36
-118783.66
-104348.41
-111265.40
-100627.04
-103228.86
-122998.32
-115814.62
-110122.98
-125432.16
-127132.03
-124538.12
-124331.93
-127603.21
-107820.70
-105853.64
-102536.64
-126453.62
-103929.47
-104425.91
-120002.10
-131852.70
-102410.29
-100500.10
-125643.34
-99668.54
-130722.45
-113730.31
-124839.87
-121641.95
-119549.49
-117149.47
-99983.38
-125015.49
-119519.88
-113569.11
-133425.59
-101389.81
-102533.50
-122496.81
-135857.45
-102796.05
-133888.41
-114836.84
