-179997.25
-176924.88
-176595.89
-171816.45
-169774.38
-164378.46
-148979.14
-138486.07
-134295.13
-133444.88
-128516.34
-134596.98
-150370.98
-140584.20
-162599.95
-174471.90
-144804.43
-143359.43
-144861.80
-162668.67
-164061.69
-145534.03
-121501.63
-147047.26
-156476.02
-179491.18
-151574.73
-123787.79
-142334.27
-140723.53
-154396.52
-150170.83
-157543.67
-129098.13
-152264.22
-131277.45
-121377.66
-149760.14
-164417.99
-167881.82
-148915.84
-149237.18
-123065.18
-152062.66
-131912.83
-130046.08
-163069.00
-121200.21
-134993.40
-134679.39
-148698.66
-141837.11
-123430.41
-139710.53
-136956.16
-136665.84
-161715.25
-165560.95
-152212.62
-138784.31
-137862.95
-130104.17
-129880.13
-138353.81
-158479.59
-121200.21
-153972.90
-159678.45
-152213.74
-141329.89
-154059.20
-125326.89
-143263.43
-142236.21
-138085.68
-126093.18
-153989.41
-136913.94
-147216.63
-125025.54
-162108.86
-137896.89
-156757.44
-137979.32
-149160.18
-150380.38
-156100.77
-150757.67
-143845.95
-137172.04
-150720.66
-137154.62
-139476.52
-123500.23
-125739.54
-143945.31
-137505.95
-153038.20
-121200.21
-125656.55
-136725.96
-134216.93
-129075.13
-123275.89
-153296.02
-145544.54
-157742.23
-133644.26
-122347.21
-132916.31
-126099.04
-137779.02
-128967.68
-149412.46
-140211.94
-153648.26
-148628.75
-126544.44
-148933.94
-145205.24
-125699.21
-130723.58
-158297.05
-127872.57
-144039.52
-154732.45
-148719.42
-156019.90
-132156.27
-136765.41
-125279.98
-128400.72
-154948.87
-138403.32
-143099.36
-121130.46
-121113.09
-147392.17
-146763.60
-158505.73
-135068.34
-122899.35
-151538.98
-147032.41
-142664.86
-151819.17
-150395.27
-140026.31
-154603.03
-157815.02
-138435.61
-141149.77
-159887.55
-144144.42
-154442.90
-124964.90
-148701.84
-154676.68
-149161.06
-146763.60
-139921.47
-161941.25
-122368.92
-144981.63
-138289.27
-154108.11
-125835.95
-148305.29
-126003.27
