233.64
233.64
215.09
170.35
170.35
170.35
170.35
170.35
170.35
170.35
170.35
170.35
170.35
170.35
170.35
170.35
170.35
170.35
170.35
170.35
170.35
170.35
170.35
170.35
170.35
170.35
170.35
170.35
170.35
170.35
170.35
170.35
170.35
170.35
170.35
170.35
170.35
170.35
170.35
170.35
170.35
170.35
170.35
170.35
170.35
170.35
170.35
170.35
170.35
170.35
170.35
170.35
170.35
170.35
170.35
170.35
170.35
170.35
170.35
170.35
170.35
170.35
170.35
170.35
170.35
170.35
170.35
170.35
170.35
170.35
170.35
170.35
170.35
170.35
170.35
170.35
170.35
170.35
170.35
170.35
170.35
170.35
170.35
170.35
170.35
170.35
170.35
170.35
170.35
170.35
170.35
170.35
170.35
170.35
170.35
170.35
170.35
170.35
170.35
170.35
170.35
170.35
170.35
170.35
170.35
170.35
170.35
170.35
170.35
170.35
170.35
170.35
170.35
170.35
170.35
170.35
170.35
170.35
170.35
170.35
170.35
170.35
170.35
170.35
170.35
170.35
170.35
170.35
170.35
170.35
170.35
170.35
170.35
170.35
170.35
170.35
170.35
170.35
170.35
170.35
170.35
170.35
170.35
170.35
170.35
170.35
170.35
170.35
170.35
170.35
170.35
170.35
170.35
170.35
170.35
170.35
170.35
170.35
170.35
170.35
170.35
170.35
170.35
170.35
170.35
170.35
170.35
170.35
170.35
170.35
170.35
170.35
170.35
170.35
170.35
131.47
131.47
131.47
131.47
131.47
131.47
131.47
