225.33
225.33
225.33
225.33
225.33
216.71
216.71
216.71
216.71
204.11
204.11
204.11
204.11
204.11
204.11
204.11
204.11
204.11
204.11
204.11
204.11
204.11
204.11
204.11
204.11
204.11
204.11
204.11
204.11
204.11
204.11
204.11
204.11
204.11
204.11
204.11
204.11
204.11
204.11
204.11
204.11
204.11
204.11
204.11
204.11
204.11
204.11
204.11
204.11
204.11
204.11
204.11
204.11
204.11
204.11
204.11
204.11
204.11
204.11
204.11
204.11
204.11
204.11
204.11
204.11
204.11
204.11
204.11
204.11
204.11
204.11
204.11
204.11
204.11
204.11
204.11
204.11
204.11
204.11
204.11
204.11
204.11
204.11
204.11
204.11
204.11
204.11
204.11
204.11
204.11
204.11
204.11
204.11
204.11
204.11
204.11
204.11
204.11
204.11
204.11
204.11
204.11
204.11
204.11
204.11
204.11
204.11
204.11
204.11
204.11
204.11
204.11
204.11
204.11
204.11
204.11
204.11
204.11
204.11
204.11
204.11
204.11
196.14
196.14
196.14
196.14
196.14
196.14
196.14
196.14
196.14
196.14
196.14
196.14
196.14
196.14
196.14
196.14
196.14
196.14
196.14
196.14
196.14
196.14
196.14
196.14
196.14
196.14
196.14
196.14
196.14
196.14
196.14
196.14
196.14
196.14
196.14
196.14
196.14
196.14
196.14
196.14
196.14
196.14
196.14
196.14
193.26
193.26
193.26
193.26
193.26
193.26
193.26
193.26
193.26
193.26
193.26
193.26
193.26
193.26
193.26
193.26
