219.96
219.96
219.96
219.96
219.96
219.96
217.06
145.00
145.00
145.00
145.00
145.00
145.00
145.00
145.00
145.00
145.00
145.00
145.00
145.00
145.00
145.00
145.00
145.00
145.00
145.00
145.00
145.00
145.00
145.00
145.00
145.00
145.00
145.00
145.00
145.00
145.00
145.00
145.00
145.00
145.00
145.00
145.00
145.00
145.00
145.00
145.00
145.00
145.00
145.00
145.00
145.00
145.00
145.00
145.00
145.00
145.00
145.00
145.00
145.00
145.00
145.00
145.00
145.00
145.00
145.00
145.00
145.00
145.00
145.00
145.00
145.00
145.00
145.00
145.00
145.00
145.00
145.00
145.00
145.00
145.00
145.00
145.00
145.00
145.00
145.00
145.00
145.00
145.00
145.00
145.00
145.00
145.00
145.00
145.00
145.00
145.00
145.00
145.00
145.00
145.00
145.00
145.00
145.00
145.00
145.00
145.00
145.00
145.00
145.00
145.00
145.00
145.00
145.00
145.00
145.00
145.00
145.00
145.00
145.00
145.00
145.00
145.00
145.00
145.00
145.00
145.00
145.00
145.00
145.00
145.00
145.00
145.00
145.00
145.00
145.00
145.00
145.00
145.00
145.00
145.00
145.00
145.00
145.00
145.00
145.00
145.00
145.00
145.00
145.00
145.00
145.00
145.00
145.00
145.00
145.00
145.00
145.00
145.00
145.00
145.00
145.00
145.00
145.00
145.00
145.00
145.00
145.00
145.00
145.00
145.00
145.00
145.00
145.00
145.00
145.00
145.00
145.00
145.00
145.00
145.00
145.00
145.00
