0.00
216.87
216.87
172.94
172.94
172.94
172.94
172.94
172.94
172.94
172.94
172.94
172.94
172.94
172.94
172.94
172.94
172.94
172.94
172.94
172.94
172.94
172.94
172.94
172.94
172.94
172.94
172.94
172.94
172.94
172.94
172.94
172.94
172.94
172.94
172.94
163.51
163.51
163.51
163.51
163.51
163.51
163.51
163.51
163.51
163.51
163.51
163.51
163.51
163.51
163.51
163.51
163.51
163.51
163.51
163.51
163.51
163.51
163.51
163.51
163.51
163.51
163.51
163.51
163.51
163.51
163.51
163.51
163.51
163.51
163.51
163.51
163.51
163.51
163.51
163.51
163.51
163.51
163.51
163.51
163.51
163.51
163.51
163.51
163.51
163.51
163.51
163.51
163.51
163.51
163.51
163.51
163.51
163.51
163.51
163.51
163.51
163.51
163.51
163.51
163.51
163.51
163.51
163.51
163.51
163.51
163.51
163.51
163.51
163.51
163.51
163.51
163.51
163.51
163.51
163.51
163.51
163.51
163.51
163.51
163.51
163.51
163.51
163.51
163.51
163.51
163.51
163.51
163.51
163.51
163.51
163.51
163.51
163.51
163.51
163.51
163.51
163.51
163.51
163.51
163.51
163.51
163.51
163.51
163.51
163.51
163.51
163.51
163.51
163.51
163.51
163.51
163.51
163.51
163.51
163.51
163.51
163.51
163.51
163.51
163.51
163.51
163.51
163.51
163.51
163.51
163.51
163.51
163.51
163.51
163.51
163.51
163.51
163.51
163.51
163.51
163.51
163.51
163.51
163.51
163.51
163.51
