224.85
224.85
224.85
224.85
221.49
218.48
214.79
224.85
214.79
214.79
214.79
214.79
214.79
214.79
214.79
214.79
214.79
214.79
214.79
214.79
214.79
214.79
214.79
214.79
214.79
214.79
214.79
214.79
214.79
212.75
198.13
198.13
198.13
198.13
198.13
198.13
198.13
198.13
198.13
198.13
198.13
198.13
198.13
198.13
198.13
198.13
198.13
198.13
198.13
198.13
198.13
198.13
198.13
195.98
195.98
195.98
195.98
195.98
195.98
195.98
195.98
195.98
195.98
195.98
195.98
195.98
195.98
195.98
195.98
195.98
195.98
195.98
195.98
195.98
195.98
195.98
195.98
195.98
195.98
195.98
195.98
195.98
195.98
195.98
195.98
195.98
195.98
195.98
195.98
195.98
195.98
195.98
195.98
195.98
195.98
195.98
195.98
195.98
195.98
195.98
195.98
195.98
195.98
195.98
195.98
195.98
195.98
195.98
195.98
195.98
195.98
195.98
195.98
195.98
195.98
195.98
195.98
195.98
195.98
195.98
195.98
195.98
195.98
195.98
195.98
195.98
195.98
195.98
195.98
195.98
195.98
195.98
195.98
195.98
195.98
195.98
195.98
195.98
195.98
195.98
195.98
195.98
195.98
195.98
195.98
195.98
195.98
195.98
195.98
195.98
195.98
195.98
195.98
195.98
195.98
195.98
195.98
195.98
195.98
195.98
195.98
195.98
174.26
174.26
174.26
174.26
174.26
174.26
174.26
174.26
174.26
174.26
174.26
174.26
174.26
174.26
174.26
174.26
174.26
174.26
174.26
174.26
174.26
174.26
