0.00
185.33
185.33
185.33
185.33
185.33
185.33
185.33
185.33
185.33
185.33
185.33
185.33
185.33
185.33
185.33
185.33
185.33
185.33
185.33
185.33
185.33
185.33
185.33
185.33
185.33
185.33
185.33
185.33
185.33
185.33
185.33
185.33
185.33
185.33
185.33
185.33
185.33
185.33
185.33
185.33
185.33
185.33
185.33
185.33
185.33
185.33
185.33
185.33
185.33
185.33
185.33
185.33
185.33
185.33
185.33
185.33
185.33
185.33
185.33
185.33
185.33
185.33
185.33
185.33
185.33
185.33
185.33
185.33
185.33
185.33
185.33
185.33
185.33
185.33
185.33
185.33
185.33
185.33
185.33
185.33
185.33
185.33
185.33
185.33
185.33
185.33
185.33
185.33
185.33
185.33
185.33
185.33
185.33
183.32
183.32
183.32
183.32
183.32
183.32
183.32
183.32
183.32
183.32
183.32
183.32
183.32
183.32
183.32
183.32
183.32
183.32
183.32
181.92
181.92
181.92
181.92
181.92
181.92
181.92
181.92
181.92
181.92
181.92
181.92
181.92
181.92
181.92
181.92
181.92
181.92
181.92
181.92
181.92
181.92
181.92
181.92
181.92
181.92
181.92
181.92
181.92
181.92
181.92
181.92
181.92
181.92
181.92
181.92
181.92
181.92
181.92
181.92
181.92
181.92
181.92
181.92
181.92
181.92
181.92
181.92
181.92
181.92
181.92
181.92
181.92
181.92
181.92
181.92
181.92
181.92
181.92
181.92
181.92
181.92
181.92
181.92
181.92
181.92
181.92
181.92
181.92
181.92
181.92
181.92
