0.00
0.00
233.39
233.39
221.24
221.24
221.24
221.24
221.24
221.24
221.24
221.24
221.24
221.24
221.24
221.24
200.88
200.88
200.88
200.88
200.88
200.88
200.88
200.88
200.88
200.88
200.88
200.88
200.88
200.88
200.88
200.88
200.88
200.88
200.88
200.88
200.88
200.88
200.88
200.88
200.88
200.88
200.88
200.88
200.88
200.88
200.88
200.88
200.88
200.88
200.88
200.88
200.88
200.88
200.88
200.88
200.88
200.88
200.88
200.88
200.88
200.88
200.88
200.88
200.88
200.88
200.88
200.88
200.88
200.88
200.88
200.88
200.88
200.88
200.88
200.88
200.88
200.88
200.88
200.88
200.88
200.88
200.88
200.88
200.88
200.88
200.88
200.88
200.88
200.88
192.72
192.72
192.72
192.72
192.72
192.72
192.72
192.72
192.72
192.72
192.72
192.72
192.72
192.72
192.72
192.72
192.72
192.72
192.72
192.72
192.72
192.72
192.72
192.72
192.72
192.72
192.72
192.72
192.72
192.72
186.55
186.55
186.55
186.55
186.55
186.55
186.55
186.55
186.55
186.55
186.55
186.55
186.55
186.55
186.55
186.55
186.55
186.55
186.55
186.55
186.55
186.55
186.55
186.55
186.55
186.55
186.55
149.71
149.71
149.71
149.71
149.71
149.71
149.71
149.71
149.71
149.71
149.71
149.71
149.71
149.71
149.71
149.71
149.71
149.71
149.71
149.71
149.71
149.71
149.71
149.71
149.71
149.71
149.71
149.71
149.71
149.71
149.71
149.71
149.71
149.71
149.71
149.71
