0.00000 0.00000
-61845.56570 -62968.27340
-62017.86510 -62392.50780
-62979.63370 -62092.86330
-66517.54190 -62425.33590
-61568.63250 -62565.55860
-62564.94720 -62276.69530
-61876.77850 -62907.97660
-61893.28150 -62833.08590
-62003.47940 -62722.73050
-62630.45850 -62343.16020
-61830.91920 -62573.03520
-61928.91630 -62504.40620
-61582.01680 -62813.85160
-61812.26860 -63035.78910
-61923.32440 -62428.98830
-61567.29380 -62532.73050
-62698.43320 -62277.57810
-62785.11570 -62239.10550
-66151.41480 -62757.73440
-61846.20890 -62835.96880
-61805.19510 -62503.19530
-62001.03120 -62554.21480
-61805.11520 -62532.44530
-61428.20090 -62909.17190
-62433.04070 -61949.60550
-61807.64410 -62571.64450
-63542.91340 -62351.05080
-61977.40250 -62616.92970
-62624.35740 -62229.92970
-61712.17230 -62821.72270
-61571.23730 -62735.42970
-62506.23110 -62333.09380
-61847.08800 -62836.37500
-61835.12360 -62558.11330
-61481.48230 -62532.44140
-61481.56430 -62596.23830
-62810.17600 -62250.99220
-61767.22250 -62689.46090
-61519.27310 -62463.91410
-62593.46400 -62439.57030
-64351.76860 -63198.15230
-62010.35230 -63036.87110
-61935.73340 -62444.00390
-63444.94640 -62317.14060
-61833.96250 -62939.97270
-61562.13800 -62701.26560
-63893.85420 -62729.76170
-61877.96320 -62786.95310
-61373.30190 -62419.17190
-61920.47910 -62536.52730
-62619.07370 -62165.07030
-62002.32180 -62616.65230
-66376.58000 -62321.17580
-61473.04690 -62749.11330
-66170.38630 -62734.40230
-63628.92010 -62611.53120
-61483.64330 -62735.79690
-61789.90770 -62635.74610
-61828.94120 -62608.56640
-61461.15200 -62445.82030
-62001.46410 -62503.92580
-62633.79770 -62330.61720
-61442.64790 -62680.01170
-61637.59190 -62790.64450
-61484.53180 -62592.19920
-61637.03060 -62771.91020
-61712.22380 -62875.32810
-63863.54920 -62702.07030
-61937.07500 -62688.14060
-61833.12170 -62648.73440
-61876.36330 -62915.00390
-62019.61970 -62846.06250
-61561.40050 -62509.02730
-61640.78670 -62771.91410
-61704.57740 -62452.46090
-61421.81700 -62672.16410
-63580.79410 -62362.74610
-61518.35690 -62485.74610
-61427.72270 -62703.90620
-65992.47300 -63330.05860
-62472.77980 -62415.56250
-61570.21570 -62535.25390
-61940.22640 -62606.57810
-62667.64320 -62262.50780
-63942.96000 -62835.75780
-62564.21280 -62444.76170
-63885.51060 -62982.43750
-61797.10180 -62433.22660
-61473.04100 -62659.60940
-61525.49470 -62504.88280
-61875.93010 -63021.93360
-63785.46350 -62736.44530
-61601.70200 -62767.66410
-61517.53620 -62431.40620
-61600.76640 -62667.75390
-61422.05200 -62558.96880
-62029.24850 -62676.36330
-62016.45250 -62581.02340
-66180.83140 -62909.28120
-62623.98180 -62514.82030
-61799.18900 -62727.12110
-61578.43260 -62884.46880
-62652.05160 -62564.49220
-61938.97490 -62811.10940
-62560.46680 -62477.07810
-61878.78200 -63095.61330
-62001.95550 -62480.36720
-61706.76760 -62903.22660
-61537.45200 -62799.46480
-62008.26940 -62728.20700
-61547.28650 -62603.75780
-62574.14030 -62356.33200
-62007.18710 -62673.82810
-61523.83410 -62630.74220
-61413.35390 -62720.64840
-61575.77650 -62940.18750
-61914.91310 -62844.13280
-61484.42450 -62813.90620
-61796.77090 -62931.53910
-61433.67850 -62825.68360
-62479.68080 -62674.89840
-61878.84810 -63167.00390
-61830.10560 -63069.52340
-61639.56190 -62884.86330
-62815.26920 -62444.03910
-61628.42120 -62757.81250
-61462.23610 -62786.20310
-61935.74280 -62563.76560
-62762.88110 -62407.76170
-61888.44560 -62928.20310
-61893.27510 -62519.96880
-61711.43230 -62933.82030
-62008.28350 -62661.23440
-61682.53270 -62673.65620
-63601.71780 -62174.08980
-61714.45010 -63094.34770
-61546.58360 -62597.76170
-62679.91850 -62445.10160
-61941.72050 -62806.57810
-62955.52430 -63310.65620
-62549.27710 -62384.82420
-66167.86020 -62631.50390
-61536.37520 -62711.30860
-63056.36390 -63109.30470
-61535.96860 -62732.79690
-61528.89630 -62461.08200
-62633.76910 -62564.51950
-61791.17650 -62925.08200
-61542.91030 -62987.59380
-66195.10980 -62467.75780
-61594.60540 -62256.96090
-61517.35350 -62318.63670
-66520.83250 -62329.76950
-61630.00210 -62712.76170
-61562.42240 -62645.11720
-66189.65060 -62428.89450
-66634.10990 -62106.60160
-65935.15470 -62718.33980
-66121.76310 -62753.69140
-65934.38320 -62501.56250
-62012.67470 -62275.90620
-66637.83720 -62075.64060
-61944.32410 -62964.73050
-66160.64300 -62591.96090
-66210.10240 -62531.37500
-62961.65250 -62860.32810
-61796.69310 -62397.05470
-61537.56240 -62794.49220
-62543.73600 -62531.15620
-61907.75580 -62577.12110
-61636.82560 -62413.22270
-62012.14500 -62403.46090
-61847.39260 -62635.85940
-61828.50370 -62957.35940
-61848.54710 -62571.96090
-66120.27520 -62786.81250
-66590.90540 -62213.28910
-61516.58990 -62517.24610
-61585.52950 -62504.51950
-66152.66270 -62517.41800
-62562.70350 -62045.85940
-62626.32990 -62278.96880
-65930.45850 -62729.27730
-66179.51320 -62482.48830
-66646.87890 -62183.60940
-65996.24300 -62835.31250
-63092.55420 -62751.40230
-62570.13350 -62670.93750
-66199.29590 -62585.63670
-61605.28410 -62533.26950
-61939.43320 -62622.00390
-61618.48140 -62548.48440
-65974.92270 -62655.67190
-61488.69920 -62354.17190
-66063.47530 -62743.27340
-61626.61640 -62524.12500
-61603.73850 -62355.00780
-62000.00810 -62208.02730
-62618.94540 -62290.79300
-66360.59080 -62548.06640
-61818.77390 -63183.78120
-61910.93420 -62609.34380
-61536.10440 -62499.43750
-62244.52750 -62872.50000
-61659.32310 -62854.33200
-61753.10640 -62328.46880
-62466.81980 -62257.08200
-62543.32910 -62563.90230
-61626.64830 -62430.32810
-61827.84070 -62739.79690
-61595.61400 -63020.58590
-62517.24910 -62500.18750
-61690.62290 -62469.75000
-61799.28580 -62704.89840
-62577.70740 -62223.39060
-61831.09070 -62706.88280
-63582.15750 -62390.35160
-61602.35720 -62666.87890
-66114.08640 -62828.59380
-66173.03920 -62726.26560
-61467.82110 -62342.17190
-61796.49390 -62569.57810
-63525.09060 -62512.15620
-63661.06950 -62564.41410
-61475.43230 -62615.30080
-61525.16070 -62453.08980
-62570.12890 -62207.32030
-61472.94790 -62647.37110
-61517.27690 -62627.66410
-61401.29000 -62693.90620
-61461.31250 -62542.50390
-61902.96890 -62975.07810
-62563.65100 -62128.69920
-61422.24340 -62478.13280
-61702.40820 -62204.80470
-62718.60950 -62883.74220
-61805.11300 -62368.07420
-61567.88810 -62614.14060
-62559.27030 -62158.37500
-61830.12870 -62802.89450
-63678.83730 -62537.89840
-62573.97710 -62332.97270
-61476.06290 -62606.89060
-62477.30180 -62233.35550
-66346.89270 -62506.17970
-61705.50510 -62369.29300
-61538.78240 -62509.14840
-62000.70910 -63117.26560
-61528.51010 -62933.95700
-61846.10440 -62847.96090
-66178.61570 -62584.53120
-61483.92380 -62739.89060
-61703.73870 -63102.66410
-61927.16960 -62551.54690
-62433.05990 -62626.73830
-61966.88930 -62556.57810
-66170.57090 -62944.08590
-63055.14710 -63155.00000
-61557.21470 -62756.46880
-62454.26040 -62567.94530
-61794.63510 -63199.27340
-62015.09920 -62287.89450
-66090.59480 -63066.08590
-66072.07320 -63065.47660
-62443.37480 -62297.83590
-62628.18100 -62408.34770
-61367.22650 -62668.51170
-63850.32350 -62810.67970
-61583.85730 -62819.88280
-62699.19730 -62537.19530
-62008.61580 -62745.73440
-61426.15690 -62677.80470
-61970.18980 -62575.12500
-61797.63360 -62872.63280
-61528.85150 -62632.87890
-61478.24360 -62707.17190
-63720.88610 -62493.85550
-62011.12810 -63120.29690
-62777.87880 -62382.38280
-61745.24180 -62537.66800
-66226.27600 -62572.97660
-61928.82830 -62821.42190
-62780.28410 -62812.40620
-62780.78560 -62376.83590
-61636.23900 -62686.59770
-61528.05180 -62837.35940
-61796.58760 -62472.27340
-62298.33220 -62353.46480
-62488.22920 -62581.67190
-61655.15050 -62855.33590
-62688.42620 -62558.91020
-62565.29330 -62602.67580
-61894.98610 -62962.79300
-62631.45520 -62405.01950
-62628.00140 -62548.75780
-62589.01880 -62212.89840
-61887.59210 -62602.48050
-61575.92440 -62800.34770
-62506.33260 -62479.44530
-61830.07160 -73748.87500
-61923.33800 -73908.45310
-62483.13890 -73901.17970
-66225.81120 -74174.99220
-66166.47860 -74092.18750
-62284.33540 -73903.36720
-66362.12900 -74135.13280
-66570.40170 -74424.61720
-61825.12680 -73694.94530
-61639.98610 -73906.77340
-61914.28590 -73956.89840
-61890.81230 -73693.16410
-61420.11410 -73969.27340
-61708.09320 -73736.89840
-62958.27360 -73762.18750
-62466.80140 -74131.51560
-61709.14080 -73916.32810
-62624.07060 -73703.70310
-61955.98010 -73805.46090
-61712.24120 -73714.64840
-61834.94220 -73874.21090
-65951.42570 -74043.69530
-62971.57890 -73742.14060
-61738.89460 -73857.14840
-66087.75710 -74202.73440
-62626.57910 -73785.93750
-61875.71940 -73740.37500
-66187.06580 -73920.06250
-61957.61950 -73707.19530
-66137.68650 -73917.37500
-66119.20180 -73912.48440
-62899.03880 -73716.10940
-66196.31210 -74139.11720
-66182.10580 -74060.65620
-61620.29020 -73743.09380
-61483.68610 -73988.36720
-62618.97570 -73975.35160
-61527.91150 -73954.38280
-66125.79040 -74018.77340
-61846.20820 -73896.78120
-61561.25760 -73872.27340
-61951.43500 -73782.14060
-61794.91130 -73720.03120
-61965.02770 -73738.69530
-66427.86800 -74148.02340
-61705.16490 -73798.33590
-66118.11260 -73894.49220
-61982.40580 -73647.08590
0.00000 0.00000
-31286.98870 -30809.11520
-30759.77120 -30797.43550
-31362.71870 -30721.39650
-31962.64760 -31050.50390
-30826.42000 -30881.70700
-30802.39230 -30839.99020
-33326.53770 -30694.53320
-30801.51850 -30729.66020
-31313.31330 -30791.37300
-30797.57260 -30917.14840
-31244.37700 -30683.64060
-33043.17650 -30855.91990
-31252.73240 -30770.30660
-30710.84270 -30731.21680
-33051.15850 -30714.00390
-30803.19210 -30806.01170
-33053.38880 -30697.04690
-30766.26250 -30827.50590
-31229.80170 -30588.80080
-30858.03990 -30668.13670
-30707.17690 -30739.01950
-30797.43080 -30690.74220
-31005.80330 -30607.49610
-30786.64180 -30602.33790
-30797.74980 -30808.10940
-30753.04620 -30697.20310
-33094.04410 -30828.25390
-30852.13620 -30590.29490
-30971.23890 -30674.83200
-30749.69520 -30674.30660
-30962.38750 -30653.32030
-33318.99530 -30626.18550
-30752.42070 -30677.56250
-31106.45960 -30865.49610
-30980.95630 -30694.87300
-31150.62700 -30868.92380
-30828.05910 -30656.93950
-31463.54120 -30891.98050
-33090.90210 -30854.03120
-30910.47400 -30736.71480
-33013.94940 -30902.65620
-30982.56660 -30640.57420
-33097.10860 -30862.90620
-32964.98460 -30758.07420
-31495.78340 -30820.45120
-33084.52050 -30645.38480
-31309.72250 -30645.65230
-30710.79020 -30736.16410
-33018.53150 -30904.95120
-30906.49890 -30760.26170
-30803.77880 -30681.04490
-31205.69060 -30659.88480
-30865.58950 -30786.97660
-30738.28980 -30723.40620
-32985.19270 -30788.67380
-30744.45510 -30653.08200
-31000.37140 -30685.28120
-30762.46280 -30627.38280
-33036.21850 -30754.17580
-33215.34740 -30686.75000
-31133.90020 -30825.87500
-31330.49080 -30628.70310
-33041.68820 -30806.17580
-33092.86280 -30695.53120
-33036.02320 -30813.28120
-33098.40430 -30823.25390
-30941.18100 -30668.01170
-30771.51470 -30577.74220
-31249.86870 -30752.74220
-31380.32850 -30846.07420
-31310.26750 -30608.19730
-30937.42230 -30801.48440
-33035.59940 -30819.29880
-30773.02740 -30639.18950
-33045.37320 -30765.79300
-30967.72780 -30722.79100
-33100.11630 -30694.91990
-33018.57200 -30764.95310
-31005.02400 -30720.96090
-33107.76740 -30865.46090
-33088.27090 -30722.37500
-31485.33990 -30885.00000
-30856.11410 -30876.05470
-33090.70520 -30823.71090
-30731.26890 -30666.76170
-30739.06880 -30624.87890
-30856.18230 -30783.66210
-33088.52150 -30845.61130
-33052.18170 -30806.34960
-30934.90470 -30792.53910
-30952.36150 -30755.66020
-30798.12880 -30825.94530
-33077.50280 -30589.17190
-31003.57890 -30658.29690
-30852.53070 -30616.67970
-30970.13050 -30745.13480
-33047.19010 -30813.23440
-32986.13490 -30930.03910
-33090.06980 -30902.61330
-30895.91750 -30761.04880
-33083.57310 -30870.96290
-33020.76390 -30844.87700
-31012.76250 -30766.00000
-30789.47440 -30742.02340
-30907.80610 -30648.02540
-30966.13480 -30738.50200
-33507.17080 -30593.28910
-30788.21630 -30827.05860
-30724.95980 -30749.43160
-30782.98880 -30800.31640
-30861.04280 -30782.19920
-33098.21290 -30742.27730
-30788.53410 -30741.01170
-30738.16280 -30616.59770
-31314.06220 -30737.40620
-30885.71580 -30937.87500
-30871.51270 -30726.33980
-30978.69640 -30761.02730
-30736.47740 -30603.40230
-32968.28600 -30833.87500
-33086.33320 -30795.71090
-33089.67620 -30727.93160
-33031.99350 -30911.81840
-31464.25000 -30933.15620
-33051.87970 -30677.26370
-33090.24440 -30786.25000
-30955.80970 -30675.73630
-30878.97540 -30730.18750
-30962.39450 -30750.67770
-30922.43060 -30550.20310
-31407.26270 -30873.63280
-33026.47750 -30810.41800
-30982.64200 -30811.83200
-30763.10390 -30816.91210
-30946.85030 -30715.27540
-33024.16600 -30945.55470
-30844.38580 -30653.01170
-30818.15010 -30749.57030
-33002.34740 -30989.89840
-30885.72290 -30788.63090
-33183.38180 -30774.50390
-30971.79410 -30691.56450
-30762.90910 -30632.68360
-30996.88380 -30655.39840
-30731.40500 -30713.75000
-30952.91860 -30876.69920
-32986.91720 -30856.16800
-33079.94310 -30588.77340
-30895.27410 -30742.54880
-31233.72080 -30650.34180
-30761.64070 -30704.89650
-31492.77750 -30965.72660
-30815.01990 -30740.01560
-31010.76150 -30780.97850
-30955.44050 -30814.58980
-31289.30880 -30459.80860
-30980.97310 -30627.47660
-33088.35440 -30723.02930
-31005.35410 -30916.60160
-31263.67480 -30655.45310
-30780.93700 -30629.15820
-30806.23610 -30823.67580
-30788.16760 -30776.26560
-32998.22950 -30775.51170
-33358.42610 -30541.53910
-30797.52220 -30753.90430
-30715.94800 -30689.82030
-30768.48440 -30605.20700
-30779.60550 -30742.22460
-31223.15400 -30704.94530
-30971.17130 -30723.16410
-30752.26100 -30811.04100
-30789.42400 -30715.66410
-30991.71430 -30724.42970
-33048.98680 -30703.82230
-31258.58280 -30697.62110
-30938.98110 -30715.08590
-30956.56090 -30819.74020
-30785.33730 -30655.48830
-33212.23480 -30665.87110
-33032.36870 -30783.95510
-30896.99000 -30752.11330
-30794.68450 -30671.07230
-31273.77180 -30743.00390
-33099.13700 -30754.14650
-30916.09550 -30766.86330
-30777.88540 -30711.71090
-33035.10630 -30787.69920
-33078.43670 -30758.86520
-30998.27320 -30805.89060
-33084.81310 -30829.71090
-31536.07370 -30977.79490
-30710.84160 -30811.45700
-33090.76140 -30902.74610
-30865.28470 -30709.41020
-32984.83920 -30799.04300
-30920.83230 -30720.23050
-33044.53140 -30797.24410
-33099.03820 -30804.46480
-30882.91620 -30631.75980
-30976.25770 -30838.36910
-32977.12190 -30976.26950
-33094.99680 -30770.97270
-30798.06410 -30707.76170
-30768.66190 -30719.35160
-33100.88060 -30714.70900
-30851.53160 -30748.05860
-30965.14030 -30692.23830
-30899.48980 -30848.12110
-33080.09910 -30903.42580
-30970.69390 -30699.62110
-30889.96140 -30706.60350
-33018.10020 -30696.04690
-30833.30840 -30734.29300
-30778.48590 -30797.03120
-31313.40630 -30552.00390
-33088.36510 -30940.60740
-30943.76970 -30683.97460
-30901.20270 -30676.78120
-30789.14900 -30735.67580
-30926.85620 -30771.80860
-30969.16020 -30717.99020
-30969.19650 -30778.21480
-30956.74540 -30732.21290
-33065.68450 -30892.46290
-30764.01600 -30684.42380
-30736.95120 -30739.25780
-31205.43230 -30651.26560
-30782.96960 -30819.98630
-30865.18500 -30713.57230
-30801.36090 -30797.65430
-30751.84870 -30758.98830
-30850.54630 -30705.19530
-30712.88330 -30672.61720
-30731.10470 -30789.30080
-31381.44010 -30752.63480
-30820.39540 -30888.32620
-33027.23650 -30907.27540
-31912.54670 -30983.48240
-31341.92920 -30823.59570
-33069.69210 -30718.36720
-30801.61120 -30722.57030
-33052.47050 -30763.48050
-30733.49200 -30779.04880
-30898.98100 -30695.96480
-31233.93740 -30599.30080
-33026.92300 -30987.50390
-31357.71210 -30803.11330
-30865.36230 -30675.36720
-33029.00450 -31268.79490
-33297.56660 -31225.13480
-31286.83150 -31062.67770
-30899.84680 -31488.70700
-33084.58760 -31173.01170
-33083.98190 -31161.00980
-33044.42230 -31346.50590
-30962.35700 -31213.36130
-30913.26550 -31158.52540
-31230.80710 -31030.40430
-30731.40690 -31188.92580
-30968.48030 -31139.49800
-30914.24760 -31333.86330
-30790.07720 -31548.31840
-33090.96510 -31258.21480
-30775.95690 -31161.28320
-30981.51240 -31272.51560
-33217.63390 -31226.66210
-33041.64010 -31346.07030
-30775.62420 -31217.59770
-30983.62910 -31446.58790
-30762.26100 -31172.46680
-30871.58840 -31644.27340
-30790.04890 -31276.70900
-30884.05330 -31354.42380
-30767.73260 -31265.23440
-33037.29170 -31446.99220
-30914.62860 -31280.75780
-30790.57850 -31099.42970
-30935.41160 -31291.68750
-30937.95430 -31375.76950
-30783.12380 -31213.75390
-30743.45710 -31190.82230
-33113.35140 -31196.59960
-33032.34160 -31334.07420
-33191.35520 -31069.34960
-30754.32210 -31211.22660
-32985.24900 -31363.38870
-33090.39580 -31286.33980
-31792.04520 -31642.17580
-33089.16940 -31058.89260
-33100.88060 -31257.76170
-33086.42080 -31176.42380
-30997.90170 -31293.82030
-30780.49860 -31280.98830
-33086.40350 -31178.58590
-30756.96630 -31215.68950
-30933.58490 -31418.30080
-30711.20390 -31185.84960
-31133.13450 -31578.42380
-37466.06790 -37580.83590
-37356.34920 -37642.73050
-36251.72090 -37529.19530
-37711.51030 -37548.09770
-37176.88810 -37612.58980
-37411.82050 -37640.15620
-37099.53200 -37700.61720
-37215.17760 -37574.79300
-37481.65120 -37629.41020
-37545.55460 -37527.83590
-37458.58210 -37603.01560
-35981.91290 -37526.98050
-37069.44030 -37621.72270
-35683.80320 -37577.29690
-37185.69940 -37614.04300
-37394.21990 -37564.24220
-35649.91100 -37574.88280
-35760.61890 -37546.19530
-37637.43620 -37591.26170
-35833.55590 -37536.29300
-37297.81870 -37559.06250
-35811.69460 -37554.83200
-37264.34150 -37551.33200
-37014.26560 -37660.54690
-36070.53420 -37542.21880
-36096.48640 -37559.96880
-36121.24880 -37510.26560
-35710.83500 -37581.21090
-37692.17960 -37568.22660
-37280.44630 -37614.16020
-37361.02200 -37596.60550
-37744.58210 -37521.89450
-37117.78510 -37639.35550
-37257.68800 -37600.00780
-37134.81180 -37692.93750
-37068.31790 -37609.26170
-37412.96880 -37594.03120
-37929.66460 -37541.10160
-37354.05940 -37576.46880
-35710.59660 -37586.08590
-35945.96070 -37544.94530
-37330.27330 -37617.95310
-37502.85760 -37540.19920
-37545.16790 -37579.63670
-36779.99720 -37662.64060
-35355.63580 -37631.25390
-37307.61340 -37586.95700
-37345.09700 -37582.40230
0.00000 0.00000
-20567.47600 -20892.73440
-20568.86760 -20902.07030
-20510.79860 -20960.99800
-20646.02170 -20969.25590
-20526.15730 -20956.48830
-20632.01070 -20998.76560
-20669.44880 -20920.48240
-20526.54870 -21004.76950
-20601.03360 -20980.44920
-20859.56170 -20902.78910
-20537.11780 -20992.57420
-20655.62470 -20978.89450
-20874.39980 -20885.90230
-20508.17670 -20884.81050
-20495.69380 -20924.18360
-20609.75140 -20867.13280
-20500.88420 -20912.15230
-20874.75420 -20843.98440
-20631.38590 -20916.82620
-20852.76440 -20808.70700
-20501.81690 -21016.21480
-20491.22760 -21025.79690
-20827.56820 -20871.34770
-20522.85670 -20904.41800
-20631.25950 -20863.65230
-20468.25410 -20904.60160
-20506.18700 -20820.03710
-20604.81270 -20973.38090
-20568.17700 -20902.80270
-20667.97050 -20828.33200
-20569.28870 -20931.02150
-20616.73180 -21097.65040
-21248.07700 -20956.33980
-20659.22900 -20858.95310
-20671.22040 -20784.55080
-21402.88150 -20981.50980
-20608.93830 -21008.26170
-20471.90600 -20930.90040
-20643.41440 -20920.46090
-20888.95470 -20786.85550
-20664.39510 -20847.05080
-20672.15290 -20881.27340
-20815.59160 -20800.61330
-20853.15700 -20814.54300
-21155.98670 -20802.83400
-20571.52370 -21039.75000
-20805.93660 -20845.76560
-20670.64450 -20852.79690
-20855.01860 -20862.87500
-20492.27560 -20972.69920
-20824.49240 -20914.06250
-20764.45860 -21008.96480
-20835.42190 -20875.57420
-20508.04610 -20887.08200
-20526.70930 -21026.11910
-20858.10420 -20871.51170
-20990.39680 -20986.05080
-20553.15490 -20983.56050
-20524.97920 -21010.82420
-20520.58230 -21003.87300
-22184.41840 -20846.27730
-20546.77350 -20954.04690
-20665.29210 -20870.13670
-20903.49770 -20744.80470
-20825.91870 -20898.77150
-22063.62100 -20864.02730
-20642.53960 -20863.99610
-20897.70700 -20844.23830
-20671.61600 -20825.61520
-20600.60550 -20951.19530
-20497.73770 -21008.33590
-20508.48120 -20880.07620
-20534.31370 -21024.36720
-20888.58180 -20851.92380
-20664.58470 -20788.42970
-20854.56400 -20769.29100
-20515.37680 -20885.79690
-22058.63100 -20966.23240
-20467.54670 -20930.22460
-20827.01440 -20911.65620
-20615.46090 -21018.77340
-20525.62720 -20870.01170
-20921.71090 -20982.84770
-20571.46240 -20963.69730
-20568.85510 -20898.86330
-20852.67170 -20912.36520
-20531.61540 -20936.81840
-21206.49240 -20866.04490
-20797.28490 -20894.18750
-21253.14250 -21021.73050
-20671.69990 -20887.68360
-20856.18830 -20816.04490
-20644.02220 -20961.16210
-21204.27540 -20919.82030
-20990.71940 -21118.19920
-20581.71280 -20906.36720
-20881.50880 -20851.67580
-20615.00490 -20888.46090
-22062.28640 -20910.30080
-19537.66160 -20347.91020
-19672.37090 -20320.94730
-19676.01550 -20299.70900
-20011.29880 -20368.84960
-19577.54820 -20339.55470
-20252.86720 -20258.67580
-20774.25940 -20415.95510
-19684.69090 -20384.34770
-19494.46920 -20308.53910
-19689.99520 -20257.71090
-19663.52300 -20289.20120
-20640.71990 -20879.08980
-19523.07600 -20311.60940
-19579.78240 -20318.18360
-20004.19890 -20371.89060
-19577.85600 -20346.66410
-20235.76550 -20364.96480
-19923.08460 -20262.42190
-19692.25280 -20317.73830
-21027.87930 -20291.45700
-19702.96020 -20319.06840
-19670.62050 -20374.45700
-19614.32380 -20313.46480
-19639.01010 -20268.84770
-20808.40760 -20499.23050
-20406.25250 -20271.75590
-19528.66730 -20270.05270
-19998.70620 -20364.03520
-19707.60300 -20315.27540
-19701.40360 -20461.61330
-20786.67990 -20349.44340
-20310.88510 -20374.82420
-19637.83280 -20356.26950
-20974.61670 -20291.71680
-20984.21260 -20247.21880
-19828.94300 -20286.98050
-20333.40800 -20368.20510
-20102.23510 -20353.41410
-20288.52540 -20331.10940
-19516.03660 -20347.78320
-20887.58080 -20257.84380
-19932.61470 -20286.09380
-19810.54560 -20515.31450
-19933.07780 -20383.29300
-20102.41850 -20363.55270
-19687.10480 -20315.18750
-19661.54120 -20289.85550
-20110.17870 -20367.27930
-20442.11790 -20243.62890
-19919.52420 -20306.63670
-19741.48830 -20311.89650
-19677.80750 -20370.13480
-19569.69770 -20372.81050
-19513.94810 -20337.13870
-19919.75370 -20300.07620
-20103.26550 -20548.04100
-19530.05580 -20321.78520
-19700.51120 -20275.76560
-20729.98130 -20930.56840
-19712.86860 -20249.82620
-19548.70940 -20287.91990
-21037.83660 -20273.05080
-19873.58860 -20309.20310
-19512.37490 -20291.66800
-19709.78920 -20308.23240
-20509.50100 -20292.37890
-19811.51410 -20293.94340
-19685.91400 -20280.83980
-21066.20740 -20289.99220
-19639.03940 -20306.64450
-19903.80530 -20287.36520
-19638.25310 -20329.09380
-20026.48330 -20329.51950
-20229.18550 -20321.91800
-19584.50180 -20333.90430
-20026.68940 -20383.26560
-19480.28900 -20328.56050
-19517.99520 -20260.35940
-20103.53250 -20350.20120
-20223.82260 -20229.84380
-19532.56280 -20293.03710
-19618.79120 -20461.16600
-20106.75320 -20285.39840
-20101.42070 -20296.11720
-19843.79710 -20209.88870
-20200.90030 -20587.26560
-20598.21240 -20493.48830
-21123.12650 -20309.13090
-20825.30170 -20373.37500
-19657.63680 -20272.41800
-19708.04410 -20292.85160
-19657.96010 -20332.78910
-20240.96870 -20226.89650
-20598.00420 -20364.86720
-19610.42190 -20279.50200
-19511.46320 -20271.52150
-19825.31360 -20233.67580
-19688.90930 -20365.91990
-20247.87300 -20246.39840
-19820.00820 -20274.84180
-21148.92540 -21197.12500
-20536.19760 -21329.89840
-20817.95780 -21137.29300
-21338.53060 -21255.60160
-20946.97500 -21450.26560
-20529.37320 -21114.30470
-21321.04350 -21355.37500
-21450.26870 -21477.28910
-20675.10450 -21072.29880
-20505.44690 -21087.16990
-20588.40360 -21098.44530
-20576.64600 -21197.27340
-20505.82500 -21081.25980
-21181.07810 -21258.56450
-21191.47940 -21206.78120
-20569.26170 -21106.70310
-20925.94790 -21065.14450
-21163.98760 -21228.86330
-20497.74810 -21165.76760
-20994.44800 -21282.45700
-20576.96050 -21158.45120
-21998.94280 -21156.61520
-20847.24470 -21040.38480
-20620.54350 -21141.53910
-20525.47540 -21171.86520
-21181.23830 -21108.94140
-20492.73140 -21156.80860
-20603.50180 -21241.26370
-21211.60860 -21543.44140
-21179.60660 -21410.34380
-20828.42240 -21093.82620
-21202.02840 -21266.89840
-21409.33860 -21621.14060
-20512.92630 -21031.12890
-20548.28770 -21178.62700
-20849.40130 -21056.02730
-20600.26290 -21346.27730
-21282.23120 -21606.51950
-21021.68860 -21319.30860
-20496.06090 -21265.45700
-21262.69180 -21505.57230
-20568.47480 -21168.98830
-21221.61190 -21333.77150
-21413.21190 -21827.51560
-20733.73580 -21199.57810
-20553.05320 -21301.78120
-20994.25760 -21412.96090
-20670.92230 -21081.46090
-21191.51750 -21382.15430
-21388.40860 -21545.82810
-20929.56650 -20995.74220
-20714.06490 -21042.72850
-20493.69600 -21115.14060
-20873.76770 -21058.72850
-21257.11820 -21463.15620
-20525.44820 -21119.81840
-21307.53290 -21452.82030
-20505.75700 -21162.12890
-20714.06640 -21131.52340
-20623.17140 -21238.98240
-20655.98790 -21299.50590
-20546.91720 -21232.16210
-20551.58330 -21188.04690
-22068.14040 -21148.00000
-20766.94390 -21253.84180
-20671.20630 -21065.75390
-21360.35920 -21468.77540
-20545.58860 -21234.23240
-20527.25460 -21087.27340
-20522.86690 -21179.68360
-20933.86200 -21554.67970
-20861.38890 -20993.86720
-20627.84060 -21282.96880
-20992.76570 -21292.14450
-21312.00970 -21489.87500
-20826.02690 -20964.05660
-20617.39880 -21346.72460
-20835.40960 -21026.42190
-20824.33020 -21064.49020
-20669.31460 -21221.89650
-20815.77580 -21048.70510
-20563.76910 -21123.08590
-20533.33550 -21331.34180
-20875.78630 -21087.71880
-21238.11340 -21361.45900
-20531.71090 -21176.62110
-20531.70740 -21101.51560
-20838.30370 -21066.82420
-21294.68660 -21403.07810
-21183.00480 -21084.60940
-20541.88850 -21148.85160
-20481.25640 -21129.87500
-20489.26030 -21127.81640
-20819.17000 -20965.44340
-21195.07080 -21228.32810
-20643.71280 -21151.79880
-21189.55530 -21353.24800
-20526.33580 -21136.42770
-20490.86430 -21178.72270
-20601.05450 -21279.89840
-20604.71360 -24818.22460
-20491.76730 -24651.77930
-20512.69740 -24749.93550
-20663.67460 -24790.44140
-20806.69020 -24663.81250
-20868.89680 -24724.34770
-21649.97320 -24814.47270
-20600.90360 -24794.38670
-20550.94740 -24735.77150
-20608.37160 -24717.96880
-20530.52820 -24671.50000
-20983.22120 -24784.19140
-20815.96760 -24682.49220
-21981.46820 -24709.30270
-20875.39920 -24683.72270
-20675.10470 -24667.16020
-20630.66870 -24740.12300
-20542.89490 -24709.41800
-21047.91370 -24738.70310
-20967.97220 -24805.80470
-20545.62690 -24689.16410
-20546.65660 -24716.71480
-20610.19360 -24743.66800
-20602.74600 -24699.59380
-20524.71820 -24678.17190
-20519.00910 -24674.95310
-20576.48800 -24727.30270
-20526.33840 -24687.98050
-20812.37850 -24619.81840
-20861.15750 -24690.78120
-20655.75520 -24799.16800
-21455.18270 -24853.54690
-20491.02180 -24783.84180
-20606.71880 -24751.62890
-20645.92820 -24729.36520
-20626.44720 -24662.69140
-20603.03600 -24763.38090
-20506.33970 -24686.53910
-20522.17140 -24659.95900
-21193.61880 -24727.06640
-20876.52330 -24645.24220
-21388.28810 -24803.06640
-20929.99080 -24639.53520
-20512.32200 -24655.65230
-20494.50090 -24725.60160
-20598.34790 -24767.91410
-20819.87620 -24682.16020
-21181.49810 -24676.49610
0.00000 0.00000
-15503.14780 -15476.35550
-15636.27300 -15513.49120
-15469.50250 -15551.48830
-15399.64450 -15600.98050
-15503.76470 -15584.38180
-15615.39130 -15534.13090
-15761.72710 -15636.51660
-16551.02300 -15589.26370
-15394.75750 -15541.16500
-15484.45850 -15539.33590
-15655.06520 -15498.34770
-15891.93520 -15547.16410
-15498.80400 -15630.59380
-15360.86740 -15611.74020
-15488.77070 -15647.61330
-15471.86720 -15584.31250
-15450.29570 -15616.19920
-15481.99510 -15569.46190
-15609.62890 -15555.67970
-15890.02580 -15556.58300
-15456.93610 -15633.44630
-15360.56860 -15523.43360
-15465.52000 -15630.30860
-15470.99100 -15585.86330
-15422.65580 -15549.20700
-15389.25670 -15514.82520
-15355.17220 -15594.31450
-15381.11720 -15595.39160
-15665.88030 -15491.39160
-15443.22400 -15609.22460
-15380.94650 -15596.36130
-15381.97550 -15557.15140
-15359.97910 -15556.11330
-15413.84240 -15632.56050
-16529.03700 -15598.39060
-15368.90930 -15590.80370
-15602.75650 -15554.47950
-16617.47990 -15487.99220
-15359.97750 -15572.46290
-15923.60920 -15547.23830
-15506.37850 -15547.53810
-15631.24250 -15568.93360
-15488.21550 -15660.99410
-15426.83760 -15537.70410
-15460.58150 -15617.82710
-16609.26880 -15583.61620
-15635.94420 -15557.30960
-15618.35760 -15522.71480
-15405.14310 -15580.41210
-15686.69040 -15814.84280
-15398.90350 -15848.79200
-15876.90830 -15984.86720
-15498.79870 -15926.10350
-15427.79140 -15902.78910
-15694.92480 -15761.41410
-15501.79460 -15873.03520
-15878.45150 -15954.41110
-15654.52060 -15763.91990
-15368.14960 -15789.28120
-15434.51900 -15967.83590
-15485.74460 -15871.47270
-15370.26170 -15952.00590
-15424.60480 -15894.77730
-15499.09630 -15758.97750
-15683.27060 -15726.46580
-15390.22610 -15898.56740
-15626.89530 -15791.41800
-15432.70680 -15930.65330
-15626.39350 -16075.40230
-15369.49400 -15862.30960
-15917.70540 -15912.27340
-15488.36300 -15836.70900
-15955.47070 -16003.71970
-15370.84630 -15900.18160
-15457.26290 -15795.44340
-15484.04130 -15896.68950
-15376.65490 -15766.36720
-15478.33860 -15863.82910
-15993.60410 -16006.37500
-15962.38220 -16159.43950
-15381.10570 -15804.97660
-16043.44280 -16087.18550
-15485.36540 -15945.86720
-15461.40020 -15788.37990
-15665.88600 -15816.32230
-15661.36540 -15909.87790
-15570.00460 -15683.98930
-15461.42770 -15902.87790
-15399.02110 -15831.17870
-15676.81560 -15973.94140
-15976.67660 -15985.83200
-15652.88960 -15782.07230
-15472.12050 -16044.77640
-15502.07800 -15870.77930
-15656.77830 -15749.06640
-15741.98980 -15942.05180
-15363.77390 -15808.74610
-15436.34010 -15885.90820
-15477.70350 -15967.72850
-15983.27670 -16190.57910
-15365.42110 -15861.07710
-15431.34580 -15900.35740
-15368.47320 -15845.92380
-15477.01360 -15824.03710
-15404.88440 -15844.40920
-15394.95260 -15880.77540
-15396.83080 -15906.63770
-15674.64370 -15768.66020
-15649.10020 -15794.82130
-15615.25190 -15788.96880
-15502.50770 -15799.09570
-15955.81240 -16327.74610
-15462.33540 -16025.04300
-15398.02210 -15909.55960
-15689.62530 -15779.49410
-15482.15430 -15830.00680
-15620.77700 -15767.31350
-15848.75700 -15902.24410
-15872.91610 -15980.02730
-15376.65030 -15856.46090
-15444.07330 -15927.89750
-15739.53360 -15949.53610
-15448.57580 -15823.41890
-15371.10880 -15910.35640
-15903.97120 -15972.88280
-15615.99670 -15747.39650
-15460.63440 -15787.47070
-15395.40690 -15861.86430
-15934.18720 -16637.31250
-15393.20670 -15882.81450
-15656.87910 -15843.26950
-15385.51310 -15764.28710
-15476.43270 -15867.02340
-15675.35870 -15768.12790
-15428.59840 -15911.33690
-15395.39400 -15868.16600
-15615.03430 -15787.17870
-15486.44910 -15870.89940
-15359.64290 -15817.04880
-15871.95580 -15841.40530
-15427.36380 -15879.07130
-15899.60840 -16347.82810
-15741.66090 -15930.97070
-15399.26550 -15954.29490
-15958.95970 -15989.89550
-15901.01500 -16310.60550
-15453.46090 -15936.06640
-15487.74270 -15905.31840
-15601.86920 -15760.91110
-15502.67300 -15489.17480
-15626.88460 -15536.63870
-15461.79670 -15562.87400
-15361.28000 -15617.36130
-15389.30460 -15534.15620
-15474.19150 -15629.71290
-15393.15210 -15570.48830
-15989.43330 -15586.22070
-16533.81130 -15603.16700
-15647.65840 -15536.76370
-15394.65790 -15614.13280
-15463.11600 -15610.43360
-15341.36500 -15642.41990
-15384.34810 -15568.11910
-15373.46930 -15606.01070
-15382.93400 -15627.45410
-15433.93360 -15649.36910
-15355.70510 -15609.10550
-16545.78580 -15571.78120
-15481.94070 -15559.57320
-15628.83380 -15588.88870
-15407.36070 -15632.30180
-15391.53160 -15575.49410
-16545.26870 -15605.80180
-15393.74000 -15606.10350
-15502.51020 -15526.53610
-15470.93860 -15676.15430
-16521.49260 -15699.43260
-15384.52370 -15610.23830
-15456.40620 -15661.06350
-15484.35550 -15680.20020
-15476.14970 -15707.33010
-15446.60620 -15681.72460
-15704.17410 -15587.98340
-15548.86470 -15716.32030
-15407.30330 -15591.05270
-15359.96050 -15647.03320
-15423.93070 -15629.43260
-15379.14240 -15651.15040
-15451.81040 -15589.49320
-15378.32380 -15522.81840
-15674.13510 -15549.50100
-15355.18010 -15576.61820
-15416.17680 -15704.24900
-15472.98910 -15577.80660
-15691.74960 -15570.13670
-16491.60600 -15653.52930
-15571.48060 -15484.17190
-15354.71260 -15521.55570
-15984.05500 -15630.97360
-16058.42780 -15618.43650
-15360.89860 -15586.89360
-15441.71520 -15557.13960
-15500.10710 -15522.01560
-15495.80820 -15680.94630
-15432.58060 -15631.20700
-15434.08000 -15672.28030
-16631.46550 -15614.79390
-15572.25480 -15533.09960
-15392.76570 -15684.36430
-16545.35490 -15640.78320
-15379.50410 -15610.49510
-15382.77320 -15558.90330
-15432.04250 -15612.90920
-15639.57410 -15517.45410
-15425.60260 -15633.05080
-15601.88520 -15586.80470
-15678.44190 -15522.46480
-15742.88890 -15764.07420
-15355.60450 -15654.09960
-15463.44670 -15682.37990
-15697.24460 -15536.93550
-15659.91170 -15516.71580
-15397.70780 -15653.38960
-15452.98240 -15678.00390
-15377.16100 -15607.00290
-15464.96300 -15753.51270
-15414.84840 -15611.18160
-15648.31410 -15551.03710
-16610.34480 -15561.64060
-15443.10760 -15706.23830
-15451.69410 -15676.25200
-15478.18600 -15590.27150
-15665.31390 -15534.74610
-16536.68800 -15627.03520
-15382.02680 -15576.13670
-15400.84040 -15598.73050
-15530.55340 -15576.21970
-15462.77260 -15630.46580
-15485.62940 -15644.71190
-15653.83280 -15539.90720
-15580.36100 -15488.12500
-15627.34500 -15576.25390
-15472.98890 -15556.31840
-15485.82740 -15620.91800
-15383.08760 -15539.05080
-15502.88000 -15448.96290
-15390.60440 -15602.64450
-15370.23480 -15648.74610
-15376.13240 -15598.89550
-15503.96670 -15592.19630
-15446.77040 -15681.37700
-15485.37730 -15619.25390
-15732.60520 -15448.73930
-15451.68780 -15647.75200
-15376.52620 -15626.12010
-15359.68420 -15540.20700
-15476.56180 -15634.85640
-15397.26610 -15646.60550
-15409.39900 -15608.63670
-16553.67630 -15638.85250
-15381.10350 -15584.40530
-15435.76070 -15592.12400
-15648.62940 -15575.13770
-15391.54140 -15640.57910
-15371.75580 -15618.15430
-15483.80110 -15636.63480
-15380.97540 -15632.54490
-16546.02520 -15681.71290
-15421.72670 -15646.00980
-16672.98900 -15574.71680
-16592.10590 -15611.35060
-15440.19710 -15700.22270
-15656.63490 -15571.62890
-15490.47910 -15568.47360
-15614.96850 -15506.50000
-15481.98650 -15494.67580
-15389.82200 -15623.74020
-15505.49750 -15618.89840
-15401.20010 -15677.87110
-15507.42280 -15770.13670
-15400.16750 -15642.03420
-15867.64230 -15544.78610
-15665.15380 -15562.63380
-15485.56310 -15527.23240
-15365.33140 -15578.92680
-15929.54230 -15559.75590
-15485.00990 -15594.01370
-15356.72840 -15605.02730
-15358.78790 -15615.71000
-15679.57750 -15467.92190
-15414.96520 -15721.82810
-15452.99690 -15721.17770
-15629.25910 -15548.12890
-15641.49270 -15605.35160
-15393.42860 -15663.18360
-15613.81500 -15569.82030
-15565.43740 -15514.12790
-15381.24190 -15590.39750
-15483.06960 -15613.55370
-15367.39130 -18512.21480
-15359.44660 -18541.49800
-15428.91630 -18524.31250
-15631.95280 -18486.73630
-15471.80510 -18504.97660
-15682.35950 -18536.20900
-15612.62480 -18533.70900
-15458.74350 -18529.88480
-15389.40660 -18500.62890
-15417.11350 -18532.16020
-16553.11920 -18547.78910
-15410.58730 -18526.63480
-15379.35540 -18541.45900
-16499.27940 -18557.11910
-16540.01750 -18588.84570
-15381.01400 -18541.01760
-15406.53110 -18539.93750
-15660.64170 -18553.10350
-15664.57560 -18548.14260
-15638.78850 -18543.95700
-15427.74820 -18537.14840
-16059.61870 -18573.32420
-15574.95700 -18534.82030
-15353.91720 -18521.10160
-15644.90710 -18516.24220
-15413.78960 -18519.99220
-15613.60190 -18531.26560
-15384.33090 -18508.46680
-15945.31920 -18515.68360
-15502.88140 -18484.76170
-16748.82550 -18582.01560
-15443.46970 -18510.55080
-15474.79950 -18522.22270
-15355.02470 -18474.71290
-15413.97510 -18510.69920
-15370.64300 -18519.02340
-15380.17230 -18517.97660
-15428.49390 -18528.47850
-16521.19670 -18656.88670
-15712.21360 -18492.47850
-15913.93020 -18562.56840
-15404.90660 -18522.13090
-15614.32350 -18555.97070
-15425.72910 -18514.17970
-15354.71390 -18502.33590
-15729.44880 -18551.23830
-15650.81150 -18520.72270
-15425.88160 -18498.43550
0.00000 0.00000
-11702.52330 -12217.93260
-11702.74270 -12308.51070
-11808.99150 -12210.64650
-11781.80600 -12408.62890
-12160.79130 -12426.31930
-11887.04330 -12271.92680
-11782.90810 -12177.69040
-12439.66320 -12495.26660
-12132.67710 -12603.01860
-12232.99870 -12391.77050
-12175.21790 -12238.80860
-12506.03970 -12401.72070
-12115.13980 -12390.58690
-11771.23800 -12201.78220
-11709.99520 -12264.44430
-11958.59160 -12175.22360
-11778.80110 -12260.25290
-11782.95670 -12256.48340
-12149.32700 -12750.92770
-12361.59210 -12504.37790
-11893.80140 -12548.38480
-11809.91070 -12250.47560
-11844.87060 -12334.50590
-11885.13590 -12191.92680
-11655.55850 -12314.31540
-11801.90700 -12547.78910
-11841.30360 -12260.23240
-11429.73290 -12340.94820
-11116.38260 -12434.19240
-10860.93210 -12362.16600
-11078.09120 -12348.22560
-11040.00420 -12185.79690
-13031.03740 -12691.21390
-12192.38350 -12132.62790
-11414.64780 -12424.29100
-11409.24200 -12324.37600
-9555.01230 -12266.85060
-10285.93580 -12200.12500
-9123.20190 -12150.62010
-12536.47560 -12035.91990
-7247.24540 -12245.64060
-6668.65110 -12240.28420
-5836.80960 -12172.60160
-8206.61840 -12165.56050
-9063.12380 -12439.25490
-9573.36450 -12024.39650
-12579.46600 -12054.62500
-9542.41420 -12174.71390
-8597.44310 -12144.56150
-6982.51850 -12316.46880
-7169.78890 -12138.63570
-8551.82840 -12093.97950
-9964.61400 -12175.22560
-12615.54260 -12064.01460
-8720.28040 -12225.00680
-12533.44790 -12084.12010
-7181.49000 -12136.52830
-12605.40240 -12062.83110
-9977.22280 -12256.59670
-11201.19660 -12060.99320
-9680.91900 -12216.00000
-12549.38570 -12078.96680
-7823.52210 -12153.48930
-8667.21350 -12191.76860
-8511.32800 -12140.77250
-8985.26610 -12104.40040
-9344.71610 -12059.20210
-8414.63350 -12188.12010
-10522.75030 -12245.56450
-12607.55970 -12063.98630
-11186.91810 -12199.73930
-9164.49220 -12177.40040
-8417.02160 -12079.46090
-8392.33500 -12223.81930
-11958.03520 -12056.49900
-8459.94010 -12091.10450
-9114.95530 -12391.78420
-12560.99080 -12070.40140
-9015.77940 -12248.06930
-12296.63730 -12133.19630
-8651.61420 -12318.30760
-9611.50050 -12345.15330
-6662.50950 -12088.44040
-8861.33280 -12141.61230
-8353.99150 -12099.34280
-8403.52350 -12069.53120
-8420.34790 -12421.91890
-10133.14660 -12215.13570
-8206.18610 -12090.76560
-8715.81930 -12202.75000
-8450.49030 -12068.35060
-7704.82370 -12095.24320
-8844.95410 -12185.16890
-8970.62010 -12092.36720
-12574.11480 -12536.78320
-11730.87600 -12189.61430
-9684.23460 -12199.87010
-8424.03100 -12306.45210
-8392.17870 -12167.34860
-8371.64170 -12239.35350
-11214.03480 -12073.43650
-8412.99820 -12179.65720
-7895.79310 -12112.97170
-8721.85970 -12395.02150
-12640.44150 -12071.71390
-12646.59340 -12075.97360
-8761.77050 -12197.19040
-8651.59520 -12248.33890
-5441.01540 -12180.49120
-6654.95720 -12144.21390
-12875.39280 -12027.50390
-12562.88080 -12428.47170
-5998.67870 -12426.56540
-8985.52630 -12214.24410
-12637.87860 -12034.56250
-10102.17530 -12326.69040
-12498.69720 -12339.18460
-11377.52850 -12031.56740
-9695.32380 -12140.84670
-8414.81010 -12146.61820
-8988.02730 -12392.31640
-8103.15000 -12172.05470
-12615.31340 -12067.62700
-6512.34070 -12120.24120
-9683.61260 -12162.11230
-8042.58090 -12170.24900
-10271.16100 -12084.16410
-8414.15590 -12135.28610
-9834.67260 -12173.42090
-7019.44630 -12262.79880
-11796.88670 -12323.93550
-8452.62880 -12155.81150
-9522.48680 -12333.88570
-12619.61920 -12009.80860
-7114.20280 -12165.12010
-8345.23620 -12227.72170
-10062.02520 -12115.87110
-9736.98400 -12361.57230
-8575.04790 -12054.59380
-8508.78250 -12151.27640
-10946.22520 -12225.86620
-8618.07000 -12424.87210
-12653.16920 -12091.17380
-7131.12770 -12307.60060
-8478.57780 -12175.92870
-8359.03210 -12208.66410
-8882.66600 -12212.03030
-8207.91590 -12087.10840
-9814.07640 -12164.27050
-7540.81540 -12137.42970
-5998.80590 -12174.99020
-11706.56620 -12196.07520
-8564.59460 -12138.53610
-12416.75780 -12645.14360
-8351.62120 -12033.21000
-7168.62140 -12165.09570
-12534.17430 -12119.12300
-8102.83790 -12270.87890
-8392.53350 -12193.83400
-8840.28800 -12338.43260
-11762.74800 -12114.59570
-7169.41830 -12243.22170
-7832.78960 -12050.52540
-8506.70630 -12209.42680
-10017.70280 -12223.01950
-7162.76480 -12109.88960
-8076.59640 -12144.54300
-8729.17450 -12500.74220
-9047.97030 -12151.92870
-8635.41880 -12410.24410
-10055.67410 -12061.78420
-8637.08880 -12244.72750
-6813.75190 -12276.47750
-9648.86180 -12438.71580
-10062.00920 -12110.88960
-8710.20580 -12135.57230
-12520.38600 -12073.71090
-12600.69480 -12039.43650
-10324.83940 -12390.55080
-7372.46310 -12073.22660
-9652.40660 -12130.76460
-9448.61150 -12111.45510
-8102.41310 -12098.25490
-10276.54340 -12230.48140
-12798.30740 -12046.04880
-8468.00170 -12059.00980
-12411.32590 -12447.17970
-8433.01250 -12302.50980
-6423.75000 -12296.13380
-9804.98020 -12093.37700
-7352.92640 -12320.37210
-11321.97210 -12050.45610
-11731.76470 -12130.15140
-9562.95300 -12237.65620
-8454.10560 -12239.79490
-8563.81700 -12158.49800
-8744.67120 -12107.84380
-8334.98180 -12149.89550
-8347.53340 -12272.44430
-8372.22720 -12317.64360
-8079.45350 -12430.98930
-12746.00440 -12020.52640
-8721.27170 -12359.17090
-12417.54310 -12162.31250
-8206.55750 -12107.92970
-11698.89290 -12315.68260
-8550.40460 -12171.39360
-8637.12520 -12077.78030
-9101.27150 -12164.76950
-8749.73890 -12143.60550
-8462.09010 -12031.84570
-8798.76290 -12312.48340
-8860.76680 -12186.95020
-12513.95690 -12657.42090
-8324.83700 -12326.89060
-9124.85430 -12257.65620
-7807.44010 -12194.91700
-12549.74790 -12530.78520
-11729.88730 -12162.70210
-7164.27320 -12277.21880
-11200.90550 -12226.01860
-7812.28420 -12179.05860
-5998.71240 -12312.97850
-8196.66770 -12187.39260
-8968.75330 -12362.86040
-12576.65950 -12060.13960
-8575.60880 -12162.52340
-7249.84650 -12067.82520
-10053.23970 -12134.56250
-8612.92980 -12150.42480
-11733.39160 -12128.48830
-7777.41700 -12139.47560
-6910.35430 -12272.78420
-8419.24130 -12215.01460
-8208.22110 -12205.76860
-7286.75440 -12209.55860
-11227.23070 -12143.49900
-8654.44230 -12334.63380
-7635.22790 -12142.91700
-9688.88000 -12170.19530
-12562.60820 -12055.05080
-7141.53760 -12105.33890
-8756.20330 -12178.46880
-9705.47340 -12297.96390
-11208.52690 -12311.34280
-9541.91130 -12135.16020
-9674.53510 -12207.52640
-8883.10270 -12123.92870
-8551.41890 -12115.34860
-12512.36100 -12495.11230
-12743.35860 -12698.11430
-12387.94980 -12568.78810
-12361.50530 -12541.43950
-12618.81380 -12478.47170
-12727.70890 -12747.91600
-12792.00510 -12682.94140
-12386.35030 -12570.93750
-12947.16790 -12956.39360
-12793.53490 -12818.20310
-12572.36840 -12468.12790
-12364.29650 -12547.04200
-12831.12210 -12707.87790
-12327.16620 -12522.00590
-12490.31190 -12491.38090
-12723.84390 -12548.05470
-12613.70970 -12631.54790
-12369.12390 -12509.00490
-12541.86560 -12492.15530
-12405.64370 -12464.26560
-12387.11090 -12506.19430
-12359.38230 -12539.25000
-12514.46500 -12556.08110
-12387.19580 -12554.23440
-12369.45510 -12599.78910
-12506.00260 -12475.03220
-12338.08790 -12562.29300
-12386.22190 -12493.93260
-12818.79060 -12752.97660
-12473.78430 -12516.69240
-12365.84650 -12520.69240
-12326.37910 -12564.01560
-12529.47240 -12440.49510
-12325.53970 -12573.51070
-12307.73940 -12529.56350
-12489.43020 -12445.78810
-12555.59710 -12625.02640
-12374.61060 -12562.57130
-12769.43790 -12692.51070
-12307.65550 -12516.34280
-12388.11870 -12515.68750
-12331.88910 -12591.28810
-12329.87460 -12580.95020
-12370.48610 -12515.79100
-12522.32750 -12529.14160
-12387.84530 -12576.51370
-12376.25150 -12588.12400
-12292.44620 -12513.21880
-12296.56690 -12507.61620
-12315.81260 -12475.88380
-12320.54370 -14831.85940
-12273.58450 -14853.91890
-13284.10930 -14879.36430
-12342.04860 -14837.60060
-12292.23280 -14847.80370
-12383.10090 -14851.98140
-12387.21860 -14843.75490
-12305.20750 -14825.24900
-12392.98210 -14882.29100
-12304.87480 -14817.53420
-12531.61830 -14893.80760
-12358.05930 -14842.10840
-12314.85930 -14822.52830
-12312.28490 -14838.98340
-12315.88510 -14851.41700
-12295.49620 -14858.84670
-12307.66040 -14851.51760
-13236.06560 -14873.99410
-13312.73450 -14895.86720
-12332.80530 -14856.50680
-12325.03530 -14847.13180
-12284.55710 -14840.75000
-13189.86280 -14930.15040
-12305.06530 -14866.50490
-13233.22250 -14880.38280
-12359.86270 -14856.60060
-12390.77170 -14865.87990
-13230.38360 -14876.77540
-12284.38430 -14887.20020
-12341.89260 -14869.05960
-12423.15660 -14831.35160
-12317.29030 -14834.19040
-13218.00720 -14883.14360
-12307.61490 -14838.03810
-12316.38190 -14845.96290
-12400.16820 -14831.31450
-12489.94300 -14874.72660
-12495.27360 -14873.39060
-13298.51820 -14910.63180
-13195.20460 -14896.66110
-12458.66380 -14857.91310
-12294.74620 -14867.76270
-13235.09420 -14881.54100
-12284.40150 -14830.92090
-12293.25630 -14829.83500
-13285.37990 -14905.72360
-13231.47640 -14903.14750
-13325.77770 -14900.16310
0.00000 0.00000
-10253.48810 -10400.10840
-10460.96260 -10350.85250
-10381.78640 -10349.13480
-10335.44100 -10405.69730
-10334.51600 -10343.55270
-10333.20030 -10420.08790
-10256.86380 -10411.45700
-10299.06510 -10463.55270
-10253.05950 -10414.11040
-10255.38570 -10409.59570
-10265.44220 -10433.50200
-10272.05200 -10438.66410
-10243.80780 -10453.08010
-10656.70240 -10375.54300
-10700.94070 -10407.70410
-10284.22930 -10404.13670
-10323.23750 -10366.12890
-10245.44360 -10387.03030
-10306.07180 -10464.32810
-10424.59300 -10368.26760
-10426.34020 -10348.30370
-10420.90950 -10362.95900
-10515.79260 -10471.70900
-10319.01500 -10357.28910
-10267.20110 -10406.61330
-10417.03630 -10387.80470
-10243.63450 -10383.97950
-10251.59320 -10420.18950
-10407.38800 -10381.84080
-10256.23760 -10349.83890
-10263.23760 -10415.71190
-10332.66790 -10399.66600
-10265.30630 -10409.84280
-10356.70230 -10423.13870
-10283.54100 -10399.03420
-10277.67490 -10423.17380
-10580.48430 -10383.51760
-10323.76900 -10424.16600
-10401.00430 -10363.90040
-11072.89160 -10379.33790
-10306.02870 -10433.18550
-10290.50070 -10426.33400
-10255.91940 -10389.66210
-10441.12220 -10333.61720
-10495.57420 -10470.21480
-10600.24400 -10306.90140
-10438.26890 -10369.76370
-10243.63230 -10384.58110
-10323.92710 -10389.19340
-10254.23190 -10426.28710
-11030.86190 -10433.98730
-10431.91320 -10389.14360
-10434.00890 -10371.64060
-10254.64220 -10355.29880
-10244.92760 -10383.92770
-10438.97850 -10343.33690
-10246.18830 -10422.24020
-10236.80480 -10385.54690
-10325.69380 -10434.54490
-10263.27570 -10382.11130
-10510.59660 -10328.52930
-10409.35520 -10381.77340
-10591.98770 -10366.52730
-10295.88340 -10406.82420
-10408.40580 -10402.52930
-11022.56650 -10384.25000
-10242.49960 -10376.91020
-10418.85680 -10357.89840
-10338.03510 -10409.64650
-10334.01970 -10426.81250
-10410.66330 -10369.86230
-10301.21050 -10415.95610
-11011.19720 -10443.46880
-10323.15740 -10409.86130
-10247.40570 -10409.43160
-10278.80060 -10417.38870
-11020.34340 -10459.63480
-10252.43700 -10405.00980
-11083.14810 -10395.66600
-10251.10330 -10405.87400
-10335.80970 -10381.33790
-10332.82480 -10373.07710
-10322.84390 -10467.25780
-11026.28490 -10414.93360
-10441.72400 -10302.77150
-10264.28560 -10427.90330
-10335.10340 -10404.14750
-10311.81660 -10385.04490
-10242.01840 -10417.09380
-10357.03110 -10413.29300
-10407.88950 -10418.74610
-10261.07520 -10401.61330
-10290.80820 -10375.40530
-10602.53690 -10373.59380
-10253.19530 -10383.18160
-10240.59820 -10405.65040
-10335.88770 -10401.83690
-10259.89670 -10409.16020
-10619.62080 -10352.14750
-10299.04770 -10400.42970
-10265.15250 -10388.74610
-10321.85620 -10382.15820
-10321.29430 -10429.00000
-10228.48250 -10393.35160
-10323.86310 -10353.10840
-11029.76480 -10398.44340
-10303.21420 -10382.54790
-10285.73960 -10412.41800
-11028.26090 -10388.40530
-11710.07310 -10419.98340
-11038.72660 -10531.38280
-10285.80800 -10380.49220
-10238.55960 -10397.12790
-10443.07600 -10313.25980
-10452.16980 -10451.33980
-11031.23550 -10434.11040
-11030.53310 -10412.66990
-11085.94490 -10376.72460
-11031.18060 -10419.30270
-10262.64850 -10380.28420
-11028.84110 -10397.14450
-10994.62060 -10426.27340
-11032.74270 -10380.55860
-10304.83140 -10345.25490
-10282.00430 -10430.01370
-10315.64020 -10426.32420
-10257.78100 -10427.67380
-10235.92970 -10377.79490
-10496.58690 -10488.79300
-11011.05270 -10420.80370
-10315.61690 -10418.59280
-10991.28750 -10408.18650
-10315.43860 -10332.38960
-10323.45710 -10379.24120
-11030.11570 -10375.71480
-10472.73930 -10356.03320
-11024.59750 -10399.73830
-11021.67980 -10403.99220
-10236.79270 -10411.25590
-10992.21920 -10439.20310
-10304.90270 -10425.31150
-10262.25770 -10431.34470
-10442.12810 -10278.67190
-10237.85980 -10414.74610
-10299.53580 -10357.68550
-11006.19520 -10415.63670
-11031.27850 -10381.23340
-10266.66710 -10440.79200
-11028.30300 -10377.58200
-10994.81400 -10391.03810
-10413.82590 -10352.38770
-10995.74730 -10465.15530
-11027.47120 -10488.63960
-11003.58720 -10370.67190
-11027.68150 -10403.66800
-10267.15270 -10388.75390
-10259.51440 -10392.31640
-10426.66380 -10325.03120
-10284.15900 -10401.62010
-11026.08270 -10373.52540
-10357.03630 -10376.49610
-10289.49610 -10392.96480
-10263.87410 -10390.75590
-11033.87600 -10393.35160
-10299.93470 -10453.40330
-10326.98640 -10405.56840
-10251.30860 -10374.86520
-10429.00390 -10366.30270
-11063.54490 -10386.48240
-10243.61390 -10439.04100
-10995.28310 -10432.00200
-10257.01870 -10374.98730
-10254.15950 -10410.99020
-10996.94880 -10411.23240
-11012.31980 -10407.48440
-10314.24710 -10418.77150
-10240.46950 -10354.12110
-10243.54970 -10374.05570
-10282.70800 -10391.29100
-10321.51060 -10431.18750
-10438.23920 -10407.00590
-10318.46560 -10455.36720
-10248.31710 -10369.46880
-11026.74640 -10365.46580
-10250.69680 -10377.46480
-11029.42370 -10392.93460
-10295.13720 -10422.87500
-10337.08030 -10378.20900
-10323.27290 -10416.78710
-10442.97500 -10354.53520
-10257.81130 -10444.32320
-10299.76990 -10386.98630
-10311.53400 -10377.00780
-10237.07000 -10351.21680
-11082.76430 -10337.91020
-10305.87490 -10409.18160
-10996.31940 -10410.10060
-11115.58090 -10350.20800
-10302.02720 -10418.21480
-10250.73130 -10372.42870
-10247.50420 -10370.71000
-10251.08850 -10421.51370
-11113.36630 -10374.47850
-11027.95980 -10406.54790
-11030.16490 -10393.04390
-10989.73580 -10435.24120
-10285.27310 -10403.91990
-11035.88150 -10400.91600
-10991.32690 -10439.81250
-10321.68270 -10399.32910
-10276.54630 -10384.78910
-10253.97260 -10366.56150
-11035.76420 -10368.39650
-10263.60530 -10408.07810
-10330.54140 -10350.89940
-10321.73740 -10402.19920
-10992.26340 -10415.16990
-11030.45320 -10391.70120
-11033.97410 -10437.24410
-11024.60490 -10363.41020
-11022.55770 -10409.40920
-10312.62890 -10399.05760
-11010.79070 -10421.17190
-10991.05960 -10411.40140
-10267.41020 -10435.79300
-10253.96430 -10363.64750
-10299.92740 -10400.44730
-10990.11260 -10420.00590
-10291.05330 -10372.11910
-10321.98530 -10393.41410
-10278.07490 -10396.02050
-10247.11390 -10381.89450
-10249.48210 -10409.66210
-10410.01220 -10359.94240
-10254.15860 -10381.37210
-11026.21550 -10398.26760
-10235.74540 -10359.11330
-10254.68600 -10402.78120
-10262.90910 -10385.90620
-11071.22140 -10376.28030
-10323.71830 -10378.57620
-10308.51930 -10421.69730
-10322.69530 -10405.14450
-10337.46420 -10362.37700
-10254.09410 -10389.87790
-10249.99690 -10373.52050
-10297.64720 -10386.31840
-11028.79820 -10416.54300
-11028.23030 -10381.14160
-10245.80810 -10377.40430
-10332.75460 -10437.26370
-10246.36830 -10390.69920
-11030.09670 -10397.92770
-11034.86540 -10354.80470
-11014.53990 -10413.57420
-10408.79400 -10368.26560
-10317.02320 -10396.54590
-10444.05590 -10266.99020
-10262.74970 -10359.63960
-10494.21270 -10427.15530
-10323.30870 -10401.30080
-10334.27180 -10422.24020
-11107.33320 -10356.98830
-10315.38320 -10410.56930
-11029.41750 -10415.38480
-10325.78260 -10359.37300
-11035.95990 -10392.71680
-10462.69370 -10334.48440
-10999.51910 -10455.50980
-10995.29380 -10433.05860
-11030.96490 -10454.26460
-10457.17290 -10321.80660
-11077.35440 -10379.44140
-10240.47170 -10393.92480
-11023.46710 -10382.04880
-10255.41590 -10431.39260
-10238.55470 -10359.66020
-11025.18220 -10385.46680
-10243.55240 -10388.30860
-10261.98020 -10404.75390
-11025.15020 -10413.53710
-10264.76470 -10439.88870
-11077.28220 -10399.79100
-10331.67630 -10361.16210
-10303.49320 -10340.11430
-10255.38530 -10373.69820
-11009.65160 -10338.99220
-10327.47120 -10363.08110
-10994.85760 -10401.77930
-11026.20430 -10403.08790
-10306.07030 -10419.35940
-10269.87960 -10433.52930
-11010.88060 -10431.28320
-10332.29890 -10433.66800
-11063.76150 -10362.58400
-10237.74090 -10386.33400
-11037.61530 -10403.36040
-10284.10810 -10400.92870
-10299.88060 -10434.05180
-10323.92910 -12319.88570
-10300.62320 -12330.86230
-10323.76720 -12326.81840
-10302.95720 -12343.91210
-10443.57040 -12322.64360
-10321.32420 -12323.83400
-10263.00030 -12349.59960
-10322.66930 -12352.90820
-10245.83110 -12337.38280
-10270.82850 -12326.39750
-10440.23480 -12331.53810
-10254.06230 -12356.28120
-10424.95730 -12348.71290
-10320.04130 -12333.67380
-10463.56000 -12340.36720
-10377.23770 -12345.42190
-11029.50090 -12360.86230
-10452.25740 -12349.21480
-10317.16320 -12339.76460
-10319.42220 -12339.92090
-10267.75440 -12325.61910
-10419.87030 -12335.40820
-10257.79260 -12346.90620
-10385.10680 -12344.00980
-10408.44290 -12347.22170
-10313.64440 -12353.89260
-10414.17100 -12333.16310
-10439.07190 -12320.62400
-10334.72070 -12316.50780
-10424.70030 -12342.49800
-10319.27130 -12347.44920
-10328.37110 -12309.00680
-10236.54600 -12334.12110
-10428.74900 -12325.91020
-10257.83060 -12361.34770
-10274.48150 -12323.55270
-10428.95840 -12324.19340
-10451.57290 -12315.31250
-10252.46970 -12323.02730
-10602.50020 -12364.54200
-10332.70040 -12331.43550
-10460.81800 -12339.90430
-10255.24480 -12347.17380
-10254.83470 -12342.52930
-10302.04220 -12356.17190
-10417.82780 -12361.47950
-10323.16080 -12345.26760
-10268.53730 -12336.34960
0.00000 0.00000
-8796.97890 -8908.88870
-9453.47890 -8932.39060
-9421.67980 -8908.03320
-8789.33540 -8916.82620
-8999.49120 -8869.91890
-8814.66400 -9002.25200
-9421.17700 -8932.84280
-8794.23410 -8889.25590
-8792.46350 -8882.88180
-8781.80880 -8908.61720
-8771.34570 -8963.76370
-8952.27990 -8867.34670
-8828.60160 -8910.68750
-8843.72180 -8931.56050
-9451.46380 -8981.96780
-8991.82410 -9051.13770
-9008.12830 -9052.57420
-8790.64270 -8948.51070
-8855.95330 -8947.60160
-9484.39740 -8892.38960
-9452.28260 -8971.94430
-8852.67440 -8963.35550
-9441.03480 -8938.69920
-9420.96320 -8916.56150
-9490.24250 -8892.50980
-8971.21320 -8986.95120
-9454.07150 -8906.24800
-8807.46970 -8943.12790
-8856.51820 -8991.01760
-9455.71850 -8928.56930
-9414.40540 -9016.51860
-8830.10020 -8953.31450
-9552.06580 -8898.80660
-8801.78490 -8949.62500
-8854.92070 -8871.36910
-8797.10330 -8939.52150
-9449.58070 -8939.74020
-8789.61030 -8953.66410
-8800.38180 -8938.46880
-9453.09990 -8937.36230
-9452.15120 -8906.66410
-9491.88980 -8946.34080
-8828.94170 -8897.49410
-8822.87520 -8957.39650
-9494.87500 -8922.78520
-9452.81900 -8929.94040
-8840.63480 -8955.22270
-8941.48620 -8897.04590
-8994.35760 -8979.12890
-9453.61490 -8900.74220
-8784.97420 -8900.42680
-9443.32980 -8967.39650
-9431.97600 -8958.60350
-8839.00830 -9021.32230
-8820.84220 -8923.03030
-8827.86350 -8941.36130
-9454.44710 -8926.87500
-8800.66130 -8931.49320
-8844.89850 -8928.38090
-8852.88340 -8953.43650
-8828.39790 -8945.01860
-8805.07030 -8929.70700
-8932.06810 -8908.90820
-8796.16310 -8880.06050
-8803.78290 -8909.81250
-8791.63640 -8891.26860
-9455.25480 -8899.21580
-8795.52110 -8936.52640
-8929.66200 -8914.90620
-9449.18170 -8930.03910
-8827.12370 -8940.97460
-8958.89020 -8966.97950
-8987.86540 -8836.18160
-9528.16860 -8909.89750
-9457.29940 -8975.26950
-9440.32270 -8918.80080
-8824.50000 -8941.78610
-8928.53580 -8881.66410
-9517.65000 -8914.02250
-8952.09310 -8852.07810
-8839.44280 -8925.75490
-8784.02700 -8924.77050
-8846.29870 -8934.57420
-8780.33870 -8909.85740
-8787.11260 -8930.58790
-9424.26830 -8945.87890
-8848.94190 -8954.51270
-8922.89620 -8908.91210
-8840.42170 -8988.12400
-8840.52140 -8954.80370
-8848.80320 -8917.89550
-8821.85550 -8935.95700
-9457.36130 -8894.02540
-8795.81030 -8932.84570
-8839.43890 -8922.26070
-9439.12720 -8920.63180
-8899.90190 -8872.81930
-8921.71470 -8884.15820
-9453.69760 -8902.46680
-9421.86290 -9049.68160
-8929.60930 -8887.79590
-8855.55440 -8900.52830
-8788.19140 -8936.05760
-9445.29430 -8959.38670
-8929.47050 -8893.40820
-8812.76060 -8946.50780
-8848.89300 -8912.17380
-8784.06050 -8914.81450
-8848.89390 -8931.74510
-8857.49530 -8955.62400
-9442.20570 -8941.47560
-9426.06720 -9028.75680
-9483.01890 -8921.30760
-8951.26280 -8880.59570
-8858.32650 -8919.28030
-8783.08920 -8927.64450
-8818.57320 -8928.68950
-8804.49800 -9028.22850
-8843.44290 -8932.52440
-8815.14720 -8975.14750
-8819.57220 -9030.13180
-9453.84250 -8929.31050
-8835.26570 -8958.78030
-9457.86230 -8908.62990
-8790.34040 -8893.79390
-9418.38510 -8944.89550
-9436.73900 -8982.37400
-9458.60790 -8914.62790
-8799.35320 -8938.22660
-8803.64360 -9056.14750
-8766.85030 -8954.73240
-8789.17400 -8929.90530
-8841.11500 -8942.31540
-9424.42850 -8941.07030
-8794.89930 -8971.72460
-8859.51000 -8965.26950
-8830.62400 -9114.91700
-8938.93120 -8894.85550
-8859.33450 -8918.36520
-8775.91130 -8928.83590
-8832.22790 -9106.72560
-8843.72360 -8967.50680
-8790.35290 -9006.79000
-8828.83020 -9055.81250
-8937.34300 -8894.40330
-8858.93780 -8921.62010
-8815.44200 -9031.48630
-8951.54570 -8926.38280
-8783.10670 -9093.44820
-8944.50200 -8977.61130
-9012.69430 -9000.37300
-8792.37060 -8963.03030
-8829.41090 -8893.04300
-8782.74200 -8931.89260
-9439.32600 -8946.48630
-9100.80260 -9179.30180
-8828.89980 -8989.85740
-8784.29010 -8919.56050
-8799.79150 -8939.36620
-9080.40960 -9112.33400
-8932.06950 -8895.24900
-8858.08390 -8939.71480
-8835.08810 -8934.78710
-8797.25770 -9075.80370
-8786.29930 -9013.82710
-8946.48860 -8918.41310
-8858.43360 -8993.32910
-9082.75480 -9200.13870
-8805.27140 -8966.34280
-8947.34320 -8926.41210
-8962.09670 -8906.46290
-8857.65620 -8912.35350
-8962.09820 -8896.15140
-8780.39390 -8928.15530
-8767.32690 -8940.03320
-9491.67610 -8893.53030
-8773.36080 -8934.49800
-8922.68400 -8921.39450
-8930.85680 -8914.56350
-9450.76680 -8946.32710
-8923.82880 -8947.39450
-9422.28820 -9039.40530
-8841.54500 -8953.96290
-8925.63700 -8994.12110
-8967.60890 -8923.14060
-9172.89110 -9187.80660
-8799.29590 -8927.21390
-8847.43900 -8971.46000
-8800.55080 -9073.80270
-8957.05550 -8918.89840
-8946.57930 -8944.47660
-8795.95990 -9029.04390
-8832.66060 -8942.82910
-9454.15470 -8969.16310
-8802.75810 -9139.18550
-8782.36890 -8958.10550
-8788.15060 -8924.47460
-8848.42230 -8948.63670
-8807.56510 -9108.12790
-8782.33770 -8924.58110
-8945.90140 -8896.05470
-8946.78560 -8898.00780
-8832.70820 -8905.06450
-8844.90300 -8993.86330
-8861.44360 -9122.31840
-8831.36120 -8974.06930
-8786.35040 -8949.54880
-8848.18220 -9040.83010
-8844.66670 -8957.46480
-8969.33650 -8912.53120
-8858.72340 -9199.06150
-8947.63600 -9005.12790
-8781.35060 -8943.36520
-8827.19810 -8976.75100
-8925.62360 -8894.60160
-8777.23270 -8941.39450
-8945.57630 -8890.09570
-8831.76880 -9065.42680
-8791.70420 -8924.20510
-9129.04800 -9369.47360
-8819.42630 -8957.07910
-8858.57790 -8917.07420
-8800.38890 -9091.41700
-8799.44060 -8935.92770
-9452.68570 -8918.26170
-8786.23740 -8913.79690
-8919.01000 -8898.50390
-8812.75010 -9017.49800
-8848.49380 -8936.49510
-8850.08260 -9009.73050
-8795.21170 -8938.77930
-8858.57260 -8879.25590
-8815.81230 -8943.36520
-8783.00260 -8944.67190
-8829.28450 -8915.98630
-8944.49450 -8997.04100
-8808.00400 -8958.01170
-8941.34230 -8895.69920
-8947.26640 -8880.77440
-8934.84770 -8894.09670
-8780.16270 -8973.28030
-8941.31940 -8882.74120
-8791.72410 -9025.53710
-8789.13780 -8940.31450
-8943.62140 -8933.34570
-8992.77450 -9038.34570
-8831.18590 -8959.55860
-8900.69810 -9078.80470
-8783.31620 -8961.04100
-10345.65630 -10528.38180
-10282.13510 -10407.45700
-10707.44120 -10605.95700
-10730.64820 -10632.88570
-10617.75470 -10419.19820
-10687.23820 -10551.05180
-10760.52050 -10633.36520
-10666.89500 -10575.27930
-10559.62290 -10598.32620
-10679.69650 -10546.37500
-10800.73960 -10688.31930
-10622.79590 -10531.98340
-10779.70580 -10666.86130
-10274.92830 -10398.15920
-10736.64190 -10608.68360
-10670.20460 -10531.10060
-10270.27130 -10441.44040
-10602.13900 -10466.82810
-10668.33850 -10625.08400
-10599.50030 -10537.83300
-10737.03660 -10634.40230
-10695.79830 -10717.78710
-10750.19460 -10666.47560
-10405.11850 -10513.12990
-10545.44060 -10328.33890
-10281.03100 -10447.06840
-10684.64670 -10544.66210
-10586.23260 -10495.09080
-10706.58750 -10530.30370
-10276.84350 -10484.03420
-10666.78440 -10698.24120
-10206.21580 -10374.56540
-10587.98860 -10470.51950
-10605.78680 -10473.35740
-10636.72950 -10667.38670
-10278.53750 -10420.37110
-10305.61550 -10398.01860
-10641.39230 -10570.04390
-10319.56830 -10415.57810
-10709.24340 -10669.66890
-10721.78960 -10799.17970
-10604.39100 -10526.22270
-10756.06570 -10630.27830
-10707.18900 -10626.31930
-10767.48570 -10707.23930
-10588.34300 -10381.56050
-10274.80700 -10248.35060
-10636.49980 -10638.28520
-10236.40370 -10232.04100
-10251.97450 -10312.61130
-10615.60550 -10741.58500
-10289.43020 -10738.41800
-10556.52990 -10762.71390
-10313.86960 -10711.33790
-10310.69050 -10728.00290
-10229.07140 -10735.91700
-10287.17330 -10730.33890
-10174.43490 -10747.19730
-10735.51700 -10729.32810
-10627.10320 -10745.22660
-10666.45700 -10740.32810
-10548.04860 -10751.33300
-10181.89130 -10743.52340
-10487.93720 -10718.20210
-10241.66180 -10721.47460
-10690.71940 -10755.10640
-10031.70250 -10739.01370
-10301.02790 -10728.96880
-10666.68710 -10741.39650
-10214.21700 -10735.07320
-10607.50000 -10765.02150
-10357.47270 -10714.72170
-10642.22790 -10759.69730
-10608.07940 -10749.47850
-10366.98830 -10723.79690
-10209.10010 -10729.42580
-10281.51690 -10731.44240
-10664.21330 -10756.56450
-10656.97820 -10760.91700
-10251.91940 -10725.98730
-10687.95190 -10737.53710
-10693.88430 -10746.15530
-10313.09820 -10733.44140
-10679.42430 -10754.03420
-10643.71660 -10757.70900
-10383.86130 -10699.80660
-10262.87430 -10716.83010
-10782.09300 -10741.79100
-10598.83670 -10747.20120
-10724.44190 -10742.74020
-10254.69180 -10726.92680
-10600.05840 -10745.73340
-10602.52170 -10754.62700
-10688.63010 -10753.80180
-10679.47410 -10746.00680
-10613.58030 -10759.67580
-10292.76440 -10738.51760
-10589.63060 -10760.94920
0.00000 0.00000
-7677.40960 -7805.03120
-7872.85040 -7895.11330
-7736.35840 -7836.39010
-7742.82780 -7852.95510
-7742.27080 -7795.16110
-7696.98260 -7826.01070
-7826.81180 -7791.28860
-8025.58420 -7948.59330
-7676.67230 -7852.06250
-7814.36250 -7787.42530
-7945.22670 -7766.85350
-7690.56310 -7802.83300
-7829.36120 -7813.18260
-7692.45970 -7824.45800
-7713.94890 -7862.98730
-7723.73640 -7856.69140
-7742.17200 -7831.33300
-8012.82140 -7935.44920
-7697.98320 -7796.84570
-7676.95440 -7843.84080
-7684.65970 -7810.44780
-7704.80070 -7862.68460
-7674.92870 -7830.05420
-7731.46010 -7852.26270
-7727.41620 -7814.46190
-7727.34610 -7860.60840
-7750.81810 -7786.53610
-7739.29730 -7846.53420
-7774.18560 -7898.75200
-7736.98930 -7851.16060
-7690.54390 -7815.33840
-8015.70640 -7938.96290
-7736.97780 -7841.81400
-7679.99010 -7821.18650
-7979.96840 -7977.74710
-8011.61280 -8015.45310
-7724.61380 -7802.09030
-7682.77910 -7853.18460
-7734.40480 -7837.47710
-7731.52790 -7889.57670
-7750.30170 -7850.82320
-7733.95870 -7789.16940
-8261.04370 -7863.20800
-7872.45940 -7892.12010
-7725.84380 -7879.49370
-7713.34940 -7824.36430
-7820.11310 -7823.77150
-7690.72500 -7851.56350
-7704.56530 -7819.38090
-7878.15070 -7854.25000
-7813.51340 -7809.08790
-7745.75690 -7801.85940
-7744.09120 -7859.90140
-7721.98100 -7859.85690
-7950.27320 -7919.78810
-8021.55970 -7868.41210
-7749.51260 -7910.16160
-7840.99020 -7864.26170
-7863.03750 -7861.63820
-7697.62550 -7870.84720
-7735.85590 -7807.38870
-7739.25640 -7847.98290
-7973.70840 -7820.37890
-7943.88540 -7801.15620
-7738.36840 -7822.74510
-7830.53530 -7753.37890
-7832.45130 -7784.92630
-7827.66270 -7813.44580
-7689.76310 -7818.30960
-7877.18330 -7785.43850
-8030.87500 -7908.65770
-7706.55730 -7857.00200
-7684.73590 -7819.86570
-7873.39120 -7757.79440
-7740.97410 -7798.26220
-7848.58680 -7792.05030
-7714.23800 -7865.00100
-7740.93440 -7808.71290
-7829.14470 -7804.69970
-7809.43860 -7805.12110
-7838.86030 -7874.46340
-7699.43110 -7827.15040
-7742.52930 -7832.66700
-7703.27050 -7841.60690
-7867.45350 -7913.81930
-7806.26540 -7794.55660
-7704.49960 -7846.51370
-7845.58100 -7873.02590
-7833.18880 -7797.41020
-7870.37260 -7881.51560
-7704.49990 -7876.55470
-8061.91450 -7938.07860
-7742.27920 -7832.02340
-7814.42060 -7804.30960
-7696.18070 -7856.84420
-7686.10750 -7806.62110
-7978.94250 -7835.61720
-7688.29180 -7832.33400
-7751.25340 -7801.02640
-7690.07030 -7811.99510
-7978.16320 -7882.34380
-7740.87870 -7797.89160
-7729.86260 -7853.73290
-7737.11720 -7851.78610
-7682.60710 -7824.76510
-7734.48530 -7872.31790
-7832.41360 -7779.93510
-7674.90940 -7792.97850
-7688.18130 -7836.64060
-7737.33170 -7853.28420
-7845.86480 -7771.08890
-7708.49650 -7845.21440
-7752.06370 -7826.36180
-7847.57680 -7753.66110
-7741.28910 -7841.75880
-7740.37330 -7824.25100
-7946.63060 -7805.52000
-7728.59370 -7812.17680
-7749.18420 -7846.68750
-7700.37930 -7805.64310
-7723.77750 -7843.86380
-7720.85760 -7813.66260
-7724.89890 -7830.56690
-7682.77690 -7845.20950
-7983.95220 -7910.42720
-7698.98150 -7860.08150
-7815.47000 -7797.79590
-7691.65240 -7813.33400
-7874.37790 -7952.73000
-7809.52890 -7824.02340
-7969.40060 -7917.02930
-7689.95100 -7808.95020
-7751.61260 -7801.82180
-7701.37080 -7835.89160
-7818.12970 -7776.96290
-8260.91060 -7872.98580
-7807.33740 -7804.65090
-7736.01400 -7870.09960
-7819.58730 -7770.49560
-7828.26210 -7829.56690
-7846.27910 -7790.89550
-7947.97320 -7966.13180
-7939.23180 -7794.04200
-7773.40050 -7857.55030
-7941.34670 -7785.30810
-7823.90310 -7795.78960
-8001.82060 -7954.01460
-7828.24530 -7763.97120
-7715.23760 -7871.10990
-7813.96800 -7752.77640
-7742.94830 -7772.58060
-7708.55540 -7792.93550
-7748.83810 -7799.04250
-7865.53080 -7839.33500
-7724.84510 -7780.32130
-7743.90600 -7779.77640
-7722.07750 -7781.22460
-8089.89890 -7793.70410
-7686.31380 -7786.89160
-7746.34390 -7755.48340
-7870.41060 -7867.85600
-7735.86730 -7805.22410
-8241.17220 -7799.64700
-7713.27410 -7788.71390
-8382.15910 -7754.72900
-7750.03060 -7800.64210
-7739.16960 -7810.15040
-7731.55990 -7756.94920
-7808.73710 -7757.04000
-7809.89310 -7787.00390
-7817.90650 -7756.24510
-7809.77950 -7745.79050
-7750.06280 -7780.65820
-7688.18210 -7782.55710
-7743.19800 -7812.08890
-7743.03400 -7841.46480
-7693.32340 -7795.95360
-7728.16000 -7809.27730
-7842.46780 -7734.25540
-7816.78830 -7753.73830
-7698.85070 -7794.10840
-7709.12290 -7832.87600
-7689.57370 -7768.42580
-7739.16390 -7810.02930
-7711.35010 -7781.69190
-7719.07410 -7787.66360
-7726.75080 -7814.98190
-7802.19370 -7767.93020
-8273.10830 -7782.89790
-7734.73450 -7783.06690
-7706.53660 -7782.91410
-7745.64050 -7773.54540
-7704.69850 -7768.42680
-7839.12990 -7809.95170
-7677.40810 -7782.47170
-7720.63850 -7776.44240
-8246.07310 -7783.34860
-7727.53570 -7798.49950
-7805.79360 -7761.64360
-7834.72120 -7721.25490
-7751.91580 -7779.71920
-7847.61880 -7770.26370
-7685.52660 -7786.82860
-7690.11650 -7757.96480
-7721.92360 -7813.90770
-7820.73040 -7738.96340
-7728.87280 -7816.51460
-7691.67310 -7789.46040
-7798.95770 -7742.92580
-7865.32240 -7736.91500
-7748.62470 -7768.15620
-8296.61500 -7771.71290
-7701.44020 -7799.15870
-7831.10190 -7772.32620
-7725.80000 -7772.71730
-7751.25480 -7766.76510
-7692.68000 -7780.82710
-7807.17480 -7773.80030
-7814.64570 -7763.33540
-7727.40790 -7815.77000
-7730.60670 -7768.62010
-7806.33180 -7753.68650
-7954.29180 -7789.51420
-7817.98230 -7797.71920
-7690.82540 -7791.42480
-7721.54200 -7805.84230
-8266.38960 -7817.25630
-7806.75060 -7747.10450
-7774.45600 -7843.53220
-7725.50850 -7765.92090
-7682.63640 -7795.82760
-7683.89380 -7779.37790
-7713.26940 -7773.73580
-7699.44800 -7794.88670
-8355.59360 -7733.15820
-8396.28510 -7764.95700
-7828.92720 -7729.33980
-7697.46910 -7788.12010
-7676.95090 -7800.53270
-7721.91660 -7797.52640
-7723.75230 -7827.61330
-7722.04880 -7831.76120
-7701.42580 -7806.21680
-7820.64340 -7776.52540
-7742.29870 -7815.32230
-8258.09860 -7776.57910
-7700.31470 -7820.23580
-8328.55600 -7779.92630
-8271.13360 -7864.50290
-8397.09130 -7773.59230
-7670.99940 -7776.53910
-7708.26160 -7792.44870
-7739.16180 -7808.14750
-8244.80640 -7839.31980
-7671.11800 -7774.93850
-7751.50640 -7752.57960
-7697.70380 -7765.10250
-8292.70030 -7756.08150
-7675.59500 -7752.38570
-8242.09930 -7791.62010
-7678.21700 -7800.15620
-8275.29850 -7784.91500
-7683.21280 -7748.07420
-8295.92760 -7756.62940
-7741.86520 -7757.87790
-7734.99600 -7783.97360
-7712.63430 -7798.33590
-7750.93150 -7755.08980
-7677.55670 -7768.70310
-7745.75650 -7754.50000
-7684.08880 -7747.17040
-8270.58930 -7797.68020
-8271.79690 -7782.47710
-8278.32750 -7784.57910
-7735.34060 -7811.02490
-7741.53370 -7771.33300
-8272.82370 -7782.49510
-8266.94500 -7760.83010
-7738.21630 -7745.31540
-8319.09740 -7759.60060
-7732.70400 -7765.44340
-7734.09330 -7797.32620
-8269.23130 -7754.65820
-8261.32280 -7802.24610
-7691.65650 -7766.43650
-7704.71300 -7772.77050
-8303.89370 -7768.87060
-7680.17080 -7775.36720
-7819.13440 -7756.30960
-7684.77980 -7755.84380
-7688.10550 -7767.33790
-7692.74120 -7775.82810
-8270.50310 -7826.85350
-7738.05800 -7779.91310
-8297.01930 -7753.34470
-7742.40500 -7789.17530
-7684.59300 -7763.50150
-8272.41460 -7789.82860
-8253.16200 -7789.92190
-7677.70420 -9233.08980
-8314.79380 -9290.80470
-8271.13810 -9307.91410
-7714.03810 -9261.82030
-7821.89420 -9250.88090
-7690.60830 -9232.73050
-7684.27430 -9233.27640
-7680.00430 -9266.65430
-8363.65110 -9313.47360
-8271.47510 -9332.39550
-8357.81370 -9286.67580
-7697.50490 -9245.09770
-7707.03240 -9255.77830
-7688.02220 -9253.96480
-7819.28630 -9267.53810
-8271.49260 -9313.11520
-7800.94090 -9260.95900
-8271.87170 -9309.68460
-7699.52150 -9255.83200
-7700.38340 -9228.26270
-7731.27740 -9252.13570
-7696.70480 -9234.32710
-8249.55320 -9281.25100
-8272.32870 -9300.55860
-8243.32440 -9290.69140
-7872.46000 -9229.55470
-7729.42850 -9227.64260
-8244.05720 -9273.10550
-7691.10660 -9238.93750
-7703.75500 -9209.56930
-8260.97250 -9260.00880
-7816.44640 -9254.48630
-7724.63100 -9275.77930
-7742.12030 -9231.57520
-7678.39300 -9240.19040
-7742.27980 -9245.67970
-8272.52590 -9297.63770
-7742.34940 -9240.44240
-7826.85150 -9272.62110
-8296.59230 -9280.85350
-8360.37710 -9320.71000
-7724.43060 -9241.12010
-8253.46470 -9292.12500
-8335.92190 -9286.22270
-7807.54200 -9247.85840
-8269.64820 -9255.37210
-8257.19410 -9277.21970
-7823.62810 -9265.57420
0.00000 0.00000
-6834.97680 -7024.26070
-6828.97260 -7046.28560
-6856.93270 -7108.33940
-7105.52990 -7137.62350
-6836.54100 -7027.52000
-6950.39230 -6988.45950
-6962.64730 -6997.08250
-6931.90520 -7064.77200
-6867.30700 -7077.37110
-6856.48640 -7077.06450
-6850.08850 -7045.36280
-6885.67380 -7039.84670
-6841.73940 -7069.74070
-7134.38810 -7315.69290
-6881.29180 -7071.57670
-7061.19500 -7166.60060
-7079.35600 -7135.12700
-6889.70830 -7027.03120
-6869.88780 -7042.13720
-6978.33710 -6980.43600
-6867.43520 -7089.51660
-6843.67230 -7035.43800
-6900.15110 -7024.70170
-7069.25970 -7095.37010
-7065.03870 -7074.16310
-6832.09350 -7071.01120
-7063.55320 -7125.80910
-6990.57540 -6983.61960
-6832.21800 -7047.93600
-7068.61440 -7065.49170
-6849.90300 -7085.30420
-7063.99650 -7048.79050
-6916.71580 -7103.05370
-7070.28190 -7149.31350
-6951.38060 -7145.84080
-6841.57150 -7059.77440
-6866.58980 -7058.21440
-7154.68960 -7298.60250
-6829.20650 -7052.52930
-6975.82360 -7155.00240
-6840.08740 -7033.32370
-6866.97400 -7060.49120
-6958.57680 -6996.78610
-6991.41180 -6986.97220
-6829.85160 -7056.74760
-7013.54050 -7089.32910
-6839.88730 -7053.94970
-6843.90430 -7050.93020
-6836.49200 -7067.93510
-6881.63320 -7048.86330
-6875.88720 -7104.44240
-6872.26200 -7100.33450
-6859.73630 -7077.36620
-6840.12960 -7074.46830
-6834.35050 -7049.47900
-6842.19420 -7040.36960
-7088.17660 -7192.88620
-6824.53320 -7033.48050
-7014.14010 -7149.58840
-6961.54880 -7030.36960
-7092.64600 -7122.57670
-6963.93610 -6989.47510
-7073.46780 -7085.29540
-7013.60890 -7097.74850
-6877.09030 -7054.27980
-7351.03420 -7085.83150
-6829.58460 -6996.74850
-6843.53190 -7055.95650
-6920.29870 -7011.48880
-6848.97780 -7091.35250
-6876.86680 -7056.93950
-6818.77250 -7002.98340
-6945.30320 -6956.00440
-7134.91500 -7072.81100
-6873.26120 -7008.62010
-6953.30290 -6967.58690
-6852.49790 -7036.57910
-7066.06160 -7065.58110
-6844.84280 -6997.56590
-6832.23030 -7012.53220
-6850.67960 -7032.62010
-6829.19770 -6993.99120
-6844.78400 -7015.95950
-7231.38340 -7227.60300
-6889.66250 -6961.63920
-7064.48270 -6997.09670
-6959.03300 -6974.68600
-7087.79430 -7203.24660
-6842.18140 -6983.80810
-7009.61950 -6948.46290
-6821.01210 -7029.92630
-6982.16530 -7077.18950
-6840.76030 -7028.09520
-6864.43530 -7002.44290
-7192.50150 -7333.66060
-6857.56460 -6992.02590
-7067.42350 -6983.01420
-6975.65010 -6969.02100
-6975.59520 -6957.98290
-6891.63510 -6998.58450
-6858.98840 -7037.66750
-6975.08390 -6968.67770
-6869.87660 -7000.80320
-6851.10320 -7016.11570
-6823.95650 -7002.05320
-7067.93230 -7015.97850
-7078.70910 -7007.93800
-6832.79520 -7023.90480
-6950.38120 -7002.75930
-6839.92870 -7021.04930
-6881.92080 -7001.58740
-6973.02770 -6950.83110
-6889.00890 -6976.91800
-6921.09660 -6964.44780
-6851.12170 -7025.93210
-6989.03930 -7048.50200
-6998.64290 -6930.71340
-6959.40820 -6954.70750
-6837.52230 -6997.11520
-6947.92090 -6967.44290
-6877.13090 -7049.49070
-6835.51210 -6988.42970
-6835.27990 -6989.66890
-6824.49390 -6987.79390
-6845.40400 -7016.56200
-6951.81380 -6944.09720
-6958.50520 -6963.66460
-6866.17150 -7059.48540
-6870.64320 -7041.56100
-6842.83530 -7049.82760
-6922.96210 -6983.84770
-6879.70610 -7070.39700
-6877.06800 -7010.89260
-6854.71960 -6985.91210
-6881.80500 -7005.62260
-6835.12480 -6993.95310
-7058.65450 -7024.12740
-6831.59500 -6994.64210
-6834.76340 -7012.94920
-6835.80840 -7003.13280
-6840.28450 -6999.82810
-7115.38790 -7084.60060
-6828.01030 -7006.64360
-7009.80450 -7060.28760
-6872.41620 -7026.99120
-6837.56760 -6984.63530
-6854.32340 -7011.00980
-6870.44830 -7049.06590
-6850.25830 -7022.21970
-7399.85490 -6999.00150
-7077.09180 -7036.10940
-6951.55440 -6974.13820
-6872.48540 -7031.30030
-6831.57200 -7028.47220
-6882.25750 -6968.27690
-6868.11620 -7041.39990
-6827.06440 -7005.85940
-7073.83690 -7126.46880
-7232.75130 -7186.61180
-6832.07740 -7000.68460
-7341.61850 -7038.07080
-7094.24650 -6998.49120
-6941.92470 -6990.02340
-6890.73760 -6970.30910
-7085.48420 -7035.86570
-6869.54350 -7029.59770
-6980.69480 -7028.92190
-6996.05090 -6946.24760
-6824.73040 -7007.15190
-6892.17550 -7049.27200
-6911.06220 -7040.75200
-6863.66960 -7047.49850
-6875.48660 -7063.19730
-6842.23250 -7009.27440
-6952.96620 -6996.99710
-6890.10410 -7042.16750
-6844.73300 -7039.87840
-6866.69740 -7014.57130
-6867.00980 -7046.33840
-6880.85600 -7017.26760
-7100.74400 -7154.12650
-6874.06590 -7031.70120
-7061.18660 -7124.62450
-6837.04270 -6989.39160
-6832.09270 -7023.17040
-6848.05340 -7015.02200
-7011.67980 -7111.56450
-6842.05740 -6984.48970
-6866.25260 -6997.03810
-6988.94870 -7064.09670
-6952.78140 -6964.09570
-6877.38220 -7017.25980
-6877.07550 -7016.01320
-6869.93260 -7013.53030
-6866.28900 -7000.63380
-7009.95630 -7028.53030
-6848.63940 -7036.86520
-7216.75340 -7222.75630
-6843.55750 -6984.97220
-6930.86980 -6960.46190
-7166.67240 -7113.14990
-6881.79840 -7013.67630
-6941.23900 -6970.22900
-6968.09550 -6959.52730
-7231.82650 -7187.90380
-6826.50670 -7000.47170
-6874.49130 -7027.78120
-6959.02900 -6964.60790
-6918.82170 -7046.74950
-7102.59670 -7051.16160
-6959.62110 -6967.41850
-6889.81790 -6982.48440
-6869.85330 -6974.63230
-6866.69000 -7020.85210
-6939.62350 -7000.72900
-6954.50110 -6993.86080
-6830.60040 -6988.41850
-6841.74550 -7010.45650
-6846.57660 -7015.10450
-6848.52930 -7008.58350
-6856.94180 -7030.88920
-7104.83840 -7095.14700
-6942.57240 -6972.83200
-6823.70310 -6991.19630
-6885.08320 -7079.20120
-6939.54120 -6964.80420
-6996.83650 -7049.93210
-6881.23970 -6994.50630
-6848.62150 -7002.92430
-6841.69350 -7026.72850
-6890.72240 -6983.20070
-6837.74220 -6988.17090
-7067.03780 -7102.46190
-6976.41160 -6972.85110
-6883.05770 -6973.81450
-6881.79880 -7036.39310
-6957.67750 -6966.34470
-6975.34520 -7043.88920
-6982.46540 -7134.91850
-6957.98790 -6988.99220
-6879.23620 -7005.86870
-6849.94070 -7008.15480
-6942.82760 -6943.73680
-6881.16420 -7017.23680
-6890.56680 -6986.88280
-6870.45270 -6977.23190
-7118.34980 -7177.50440
-6962.54900 -6974.55570
-7086.67290 -7037.51900
-7056.73260 -6975.99710
-6875.74830 -7021.26760
-7080.31780 -6993.34230
-7062.38600 -7059.43950
-7130.15330 -7097.04540
-6870.11600 -7021.33300
-6868.24990 -7030.35500
-6888.41060 -7052.60060
-6834.00700 -7021.39750
-7062.78530 -7037.54540
-6841.55690 -7025.07030
-6889.20040 -7039.11130
-6841.23320 -7021.91020
-7100.30670 -7117.70310
-6946.31300 -6977.78370
-7355.75890 -6987.51810
-7131.05840 -7233.27100
-7067.47450 -6967.67430
-7007.96130 -7072.23440
-6830.62660 -7012.09230
-7339.62230 -7039.08250
-7061.27780 -7085.94920
-7207.54000 -7143.01900
-7092.47230 -7059.52440
-6870.60080 -7048.36570
-6824.65450 -7008.52780
-6848.11980 -7030.05710
-7052.23970 -6992.62790
-6839.93180 -7047.20560
-6969.77510 -7054.66460
-7057.04190 -6986.39210
-7343.09660 -6996.57520
-7346.19390 -7007.85250
-6882.20610 -7002.70950
-6962.32390 -6996.77150
-6914.30480 -7048.54250
-6857.14990 -7020.59420
-7081.76360 -7153.94340
-6868.83570 -7010.09470
-6876.21050 -7015.31450
-6866.05850 -7012.77440
-6978.30650 -6929.32420
-6854.67230 -7015.04350
-6876.94660 -6975.62700
-6980.10480 -6972.96530
-6840.10770 -6978.83690
-6834.97870 -7007.15770
-7068.55820 -7029.11620
-6836.52060 -7005.20950
-6946.13450 -6968.58300
-6867.31720 -8213.44040
-6821.36790 -8216.33010
-6882.46950 -8199.93850
-6881.13680 -8202.36040
-6841.50490 -8210.94240
-6860.35480 -8197.49800
-6976.13750 -8197.71390
-6881.10180 -8230.81450
-6857.56440 -8223.78610
-6834.81000 -8221.28520
-6947.54540 -8209.44630
-6837.72780 -8208.87300
-6879.30540 -8226.66500
-6956.10130 -8221.09470
-6889.61790 -8202.20510
-6975.45600 -8234.80180
-6942.15670 -8207.60250
-7080.05150 -8215.31930
-6950.35730 -8216.47750
-6841.11280 -8210.81050
-7067.56310 -8216.11820
-7096.90830 -8226.94430
-7009.96450 -8228.07420
-6818.58090 -8207.85640
-6890.26690 -8207.98340
-6824.53670 -8207.50680
-6840.76020 -8214.61040
-6869.94160 -8208.17480
-6882.29640 -8215.27050
-7189.74910 -8254.65040
-6882.93030 -8232.73630
-6967.99360 -8259.09960
-6878.40450 -8206.68070
-7003.48430 -8235.29490
-6958.51660 -8207.30570
-6869.00290 -8226.67190
-6942.18450 -8209.83300
-6911.89450 -8234.73930
-6889.68760 -8202.43160
-6988.65290 -8197.21090
-6857.78840 -8225.31540
-6876.88340 -8201.92680
-6945.10820 -8199.49120
-6847.40170 -8205.24120
-6950.68000 -8200.79590
-6890.63420 -8205.25390
-6882.38440 -8210.10840
-7096.82320 -8243.10350
0.00000 0.00000
-6553.55810 -6601.40720
-6358.69600 -6468.99800
-6297.06550 -6412.73000
-6559.63310 -6435.62110
-6283.90700 -6378.79790
-6279.94840 -6401.26900
-6545.01870 -6417.83450
-6311.81080 -6384.30810
-6298.32480 -6347.76120
-6524.96000 -6612.34130
-6374.09800 -6509.04640
-6284.57130 -6416.35160
-6385.30760 -6419.40770
-6504.75250 -6524.53860
-6293.79260 -6375.78270
-6260.64560 -6377.26900
-6304.79870 -6410.66550
-6199.45460 -6337.24320
-6264.93160 -6338.84720
-6490.89620 -6506.32810
-6230.45050 -6342.64450
-6577.20550 -6563.96630
-6297.15250 -6362.36430
-6182.89600 -6289.67040
-6180.54980 -6292.28910
-6359.34580 -6269.73830
-6297.15120 -6307.74370
-6167.06120 -6282.13230
-6297.18170 -6315.08840
-6447.94230 -6454.19580
-6277.97370 -6303.50880
-6418.70460 -6359.20750
-6199.26740 -6306.16800
-6361.14570 -6289.29830
-6185.93840 -6282.46440
-6299.51820 -6306.73970
-6355.03600 -6326.26120
-6271.08570 -6339.50000
-6597.30260 -6331.47360
-6148.35360 -6264.20950
-6616.15070 -6270.27050
-6201.15450 -6243.11870
-6141.55860 -6240.69530
-6179.64940 -6203.50590
-6248.80630 -6237.69090
-6201.58660 -6239.07960
-6147.00490 -6212.25590
-6171.23950 -6246.48000
-6179.55270 -6264.62450
-6150.79750 -6223.09720
-6173.00800 -6251.91360
-6189.38040 -6280.18210
-6176.41780 -6244.22220
-6142.74220 -6254.29250
-6152.38360 -6218.60550
-6164.28830 -6233.95800
-6257.40190 -6212.41500
-6192.30830 -6218.94480
-6270.15930 -6194.41600
-6150.97360 -6260.89750
-6361.27220 -6246.80370
-6277.23150 -6234.86670
-6171.79890 -6232.21040
-6142.24090 -6235.42430
-6252.73620 -6216.75490
-6168.87420 -6247.87740
-6157.96460 -6229.14840
-6277.93300 -6219.61620
-6194.16260 -6202.33060
-6250.22510 -6223.92290
-6247.78690 -6205.21040
-6299.42540 -6293.58690
-6250.62180 -6218.38180
-6164.28790 -6252.16700
-6366.43020 -6229.86180
-6257.43270 -6215.35690
-6249.91870 -6253.86330
-6247.82700 -6229.82860
-6152.43370 -6235.88620
-6417.72880 -6278.83300
-6193.77710 -6223.54250
-6170.37560 -6259.91020
-6289.81980 -6282.99220
-6425.49830 -6254.16550
-6180.00070 -6234.83980
-6277.94960 -6205.46240
-6188.57650 -6277.00540
-6151.67030 -6257.05030
-6246.08640 -6214.52200
-6384.58600 -6265.70650
-6251.68230 -6219.65580
-6361.24390 -6179.99370
-6171.44410 -6260.70610
-6199.37880 -6268.20020
-6200.08120 -6244.42140
-6260.32430 -6209.10790
-6392.50720 -6243.03520
-6193.58410 -6238.23780
-6592.70290 -6259.43310
-6163.24660 -6231.83010
-6258.86460 -6207.43850
-6194.35430 -6198.54830
-6245.20070 -6238.79640
-6294.52310 -6266.84230
-6246.03810 -6214.95410
-6262.68480 -6222.16060
-6158.17940 -6238.56010
-6254.21720 -6235.02880
-6180.57620 -6220.39990
-6170.48640 -6223.72800
-6198.42170 -6216.17430
-6188.63350 -6223.02050
-6153.21180 -6215.10110
-6189.58240 -6252.04640
-6172.89630 -6242.27050
-6241.78180 -6184.06490
-6187.09020 -6222.18550
-6248.87170 -6179.78080
-6159.54750 -6253.09130
-6230.45190 -6280.99950
-6180.63560 -6226.94920
-6196.78580 -6221.16210
-6142.41840 -6250.41410
-6172.20930 -6272.71440
-6397.26400 -6303.65720
-6196.86690 -6274.63480
-6167.05930 -6265.45750
-6252.85440 -6209.23630
-6271.81940 -6228.03370
-6189.67400 -6238.06590
-6192.95140 -6244.84330
-6253.49600 -6215.78660
-6360.20660 -6221.74560
-6157.84910 -6259.07180
-6192.02610 -6261.96530
-6245.30700 -6219.29100
-6187.54430 -6250.30180
-6257.50480 -6245.64400
-6189.26290 -6238.36570
-6145.46290 -6253.37840
-6183.38080 -6266.72220
-6148.98650 -6259.69290
-6180.79370 -6271.92720
-6154.66510 -6232.59910
-6147.82350 -6240.35210
-6255.40690 -6232.29200
-6174.31930 -6244.39360
-6158.90700 -6254.21630
-6254.62030 -6210.01030
-6179.87070 -6273.89940
-6160.37370 -6266.55810
-6309.70110 -6271.56590
-6305.34420 -6305.35300
-6152.44190 -6272.77640
-6180.03580 -6249.28860
-6142.25740 -6242.00390
-6160.17680 -6248.57470
-6610.04160 -6254.56590
-6201.15160 -6216.54980
-6597.05680 -6251.17330
-6646.43540 -6224.41800
-6617.20470 -6240.95070
-6179.58860 -6282.91750
-6197.07840 -6259.34520
-6156.07220 -6233.25730
-6151.64330 -6249.74760
-6247.80630 -6197.39840
-6606.78480 -6244.87350
-6144.22780 -6241.36280
-6230.44640 -6268.41700
-6227.79810 -6204.96780
-6232.69560 -6204.33540
-6618.92960 -6283.25000
-6168.24900 -6242.11670
-6157.31420 -6241.43800
-6182.79800 -6265.45850
-6152.88420 -6230.26950
-6594.39900 -6254.35640
-6213.97670 -6230.91060
-6179.98170 -6263.35400
-6160.64020 -6259.78080
-6616.29370 -6231.87260
-6599.28830 -6267.03760
-6636.77510 -6234.83200
-6599.67890 -6250.58350
-6636.72940 -6228.65190
-6594.52440 -6265.16700
-6613.91870 -6253.99510
-6244.93890 -6219.75930
-6228.40760 -6183.89940
-6599.15770 -6265.57760
-6193.21500 -6235.13920
-6185.23180 -6261.52690
-6254.59760 -6213.47660
-6640.97690 -6260.80520
-6602.47560 -6267.62890
-6619.67440 -6232.60160
-6617.25370 -6260.43460
-6159.11500 -6254.12700
-6616.10870 -6252.23000
-6180.70540 -6248.47850
-6608.93420 -6261.92970
-6602.45200 -6259.12840
-6197.67970 -6226.34080
-6191.55950 -6259.51070
-6262.16970 -6200.10210
-6277.99690 -6203.24070
-6180.66290 -6248.22950
-6604.88120 -6284.71090
-6288.84990 -6200.10250
-6617.04290 -6276.29690
-6148.11020 -6250.73630
-6190.80900 -6225.75050
-6148.49910 -6243.86080
-6196.53870 -6203.27690
-6623.43640 -6245.67480
-6606.43220 -6258.42720
-6619.86690 -6241.36720
-6594.87980 -6260.17720
-6610.69440 -6221.53170
-6188.69280 -6218.73390
-6618.49110 -6248.22750
-6617.19790 -6237.36280
-6649.22950 -6221.55860
-6618.23790 -6249.31490
-6598.91860 -6242.77830
-6255.48530 -6222.23970
-6179.65420 -6247.03960
-6277.86110 -6210.10500
-6260.62040 -6229.37450
-6193.83500 -6252.98000
-6696.15250 -6208.12600
-6618.69600 -6277.71240
-6137.12820 -6257.61670
-6157.50780 -6290.59810
-6162.79730 -6274.05760
-6158.32380 -6259.77390
-6158.68330 -6258.67870
-6361.50070 -6245.70510
-6295.55480 -6302.93120
-6154.46870 -6235.59130
-6150.97420 -6246.08590
-6384.54280 -6275.70850
-6175.26080 -6278.95410
-6438.31320 -6332.77250
-6147.82390 -6268.35890
-6157.57780 -6261.27640
-6148.77380 -6239.10690
-6193.11080 -6244.04250
-6179.56520 -6273.72220
-6396.26560 -6287.51950
-6187.30560 -6249.88230
-6271.04410 -6289.74170
-6172.98030 -6257.29440
-6251.31870 -6233.18990
-6596.13090 -6297.64400
-6165.55790 -6263.67140
-6259.06120 -6225.53120
-6251.72820 -6228.68120
-6602.55550 -6273.43550
-6155.89280 -6254.40970
-6193.19850 -6274.73970
-6162.79470 -6263.43700
-6257.23140 -6249.76810
-6224.44370 -6309.70800
-6152.40560 -6244.59570
-6376.78960 -6268.81590
-6182.38790 -6276.03660
-6178.65240 -6254.96630
-6156.21430 -6260.93310
-6141.44980 -6248.00150
-6598.90040 -6288.95460
-6143.13660 -6271.04250
-6298.51240 -6306.69680
-6163.68490 -6262.85060
-6192.86600 -6257.74760
-6169.06290 -6261.66060
-6184.56290 -6285.07570
-6187.98560 -6291.04740
-6276.49270 -6310.54050
-6152.20240 -6249.77980
-6522.32360 -6358.74460
-6186.92230 -6288.77050
-6182.90430 -6247.62110
-6155.35690 -6263.62890
-6261.42690 -6256.19680
-6162.47930 -6250.11180
-6415.69660 -6412.38670
-6250.65530 -6243.88230
-6271.58740 -6272.71440
-6253.02370 -6224.37350
-6245.94350 -6258.84770
-6356.79910 -6255.19680
-6148.10380 -6261.15770
-6182.81360 -6233.97220
-6147.27490 -6237.87990
-6251.73280 -6246.49760
-6170.47780 -6287.86430
-6153.20800 -6261.80710
-6170.35290 -7393.10400
-6410.43440 -7386.70020
-6193.44730 -7384.84130
-6269.86060 -7378.87210
-6617.19280 -7410.65620
-6158.15620 -7380.50100
-6169.82510 -7388.80080
-6246.23290 -7372.50340
-6161.99180 -7382.11040
-6228.10850 -7376.44240
-6192.34800 -7383.55220
-6195.17790 -7382.41500
-6609.59880 -7410.09910
-6188.63440 -7386.84380
-6193.71060 -7394.45560
-6263.06470 -7382.84130
-6159.31400 -7384.97410
-6163.68800 -7387.39210
-6182.02580 -7389.88920
-6141.56950 -7389.87450
-6180.63810 -7383.21090
-6196.82230 -7381.73780
-6183.48610 -7387.02590
-6182.86200 -7388.95800
-6298.27170 -7403.54540
-6160.54600 -7381.10690
-6142.06360 -7385.47410
-6170.22330 -7400.10010
-6194.63130 -7392.53520
-6160.45610 -7381.11080
-6266.77680 -7389.46480
-6278.13120 -7392.71480
-6261.42770 -7389.90620
-6211.77820 -7391.73440
-6612.84290 -7400.11820
-6190.47340 -7381.02880
-6164.02260 -7389.97900
-6151.92790 -7377.49710
-6264.84830 -7383.93120
-6195.29290 -7395.44630
-6421.82340 -7378.96830
-6192.76200 -7376.36670
-6184.62770 -7385.97800
-6141.56750 -7381.11330
-6173.74980 -7390.53660
-6260.12740 -7373.53120
-6165.24710 -7390.94680
-6162.09630 -7385.38130
