0.00 0.00 0.00 0.00 0.00 0.00 0.00 0.00 0.00 0.00 -432.91 -548.67 -249.86 -553.18 -326.63 -19.83 358.01 585.38 75.90 12.90 -713.96 -760.62 -347.18 -929.89 -394.51 -56.76 937.94 631.67 59.40 -8.91 -1005.82 -1030.45 -407.78 -1061.55 -729.55 -91.50 987.17 635.72 12.56 -57.23 -1117.25 -1208.49 -462.09 -1145.27 -835.67 -136.49 996.63 636.30 -9.77 -80.72
0.00 0.00 0.00 0.00 0.00 0.00 0.00 0.00 0.00 0.00 -432.91 -548.67 -249.86 -553.18 -326.63 -19.83 358.01 585.38 75.90 12.90 -713.96 -760.62 -347.18 -929.89 -394.51 -56.76 937.94 631.67 59.40 -8.91 -1005.82 -1030.45 -407.78 -1061.55 -729.55 -91.50 987.17 635.72 12.56 -57.23 -1117.25 -1208.49 -462.09 -1145.27 -835.67 -136.49 996.63 636.30 -9.77 -80.72
0.00 0.00 0.00 0.00 0.00 0.00 0.00 0.00 0.00 0.00 -432.91 -548.67 -249.86 -553.18 -326.63 -19.83 358.01 585.38 75.90 12.90 -713.96 -760.62 -347.18 -929.89 -394.51 -56.76 937.94 631.67 59.40 -8.91 -1005.82 -1030.45 -407.78 -1061.55 -729.55 -91.50 987.17 635.72 12.56 -57.23 -1117.25 -1208.49 -462.09 -1145.27 -835.67 -136.49 996.63 636.30 -9.77 -80.72
0.00 0.00 0.00 0.00 0.00 0.00 0.00 0.00 0.00 0.00 -432.91 -548.67 -249.86 -553.18 -326.63 -19.83 358.01 585.38 75.90 12.90 -713.96 -760.62 -347.18 -929.89 -394.51 -56.76 937.94 631.67 59.40 -8.91 -1005.82 -1030.45 -407.78 -1061.55 -729.55 -91.50 987.17 635.72 12.56 -57.23 -1117.25 -1208.49 -462.09 -1145.27 -835.67 -136.49 996.63 636.30 -9.77 -80.72
0.00 0.00 0.00 0.00 0.00 0.00 0.00 0.00 0.00 0.00 -434.33 -550.00 -250.47 -554.95 -326.92 -29.59 334.43 616.49 75.15 7.64 -735.05 -770.96 -349.96 -938.78 -412.50 -54.69 813.24 650.62 65.58 -16.06 -1015.87 -1046.78 -407.70 -1064.29 -740.38 -129.89 825.28 673.34 39.25 -43.92 -1119.84 -1217.25 -458.18 -1145.79 -838.15 -148.19 829.73 709.75 7.50 -71.58
0.00 0.00 0.00 0.00 0.00 0.00 0.00 0.00 0.00 0.00 -434.33 -550.00 -250.47 -554.95 -326.92 -29.59 334.43 616.49 75.15 7.64 -735.05 -770.96 -349.96 -938.78 -412.50 -54.69 813.24 650.62 65.58 -16.06 -1015.87 -1046.78 -407.70 -1064.29 -740.38 -129.89 825.28 673.34 39.25 -43.92 -1119.84 -1217.25 -458.18 -1145.79 -838.15 -148.19 829.73 709.75 7.50 -71.58
0.00 0.00 0.00 0.00 0.00 0.00 0.00 0.00 0.00 0.00 -434.33 -550.00 -250.47 -554.95 -326.92 -29.59 334.43 616.49 75.15 7.64 -735.05 -770.96 -349.96 -938.78 -412.50 -54.69 813.24 650.62 65.58 -16.06 -1015.87 -1046.78 -407.70 -1064.29 -740.38 -129.89 825.28 673.34 39.25 -43.92 -1119.84 -1217.25 -458.18 -1145.79 -838.15 -148.19 829.73 709.75 7.50 -71.58
0.00 0.00 0.00 0.00 0.00 0.00 0.00 0.00 0.00 0.00 -434.33 -550.00 -250.47 -554.95 -326.92 -29.59 334.43 616.49 75.15 7.64 -735.05 -770.96 -349.96 -938.78 -412.50 -54.69 813.24 650.62 65.58 -16.06 -1015.87 -1046.78 -407.70 -1064.29 -740.38 -129.89 825.28 673.34 39.25 -43.92 -1119.84 -1217.25 -458.18 -1145.79 -838.15 -148.19 829.73 709.75 7.50 -71.58
0.00 0.00 0.00 0.00 0.00 0.00 0.00 0.00 0.00 0.00 -434.33 -550.00 -250.47 -554.95 -326.92 -29.59 334.43 616.49 75.15 7.64 -735.05 -770.96 -349.96 -938.78 -412.50 -54.69 813.24 650.62 65.58 -16.06 -1015.87 -1046.78 -407.70 -1064.29 -740.38 -129.89 825.28 673.34 39.25 -43.92 -1119.84 -1217.25 -458.18 -1145.79 -838.15 -148.19 829.73 709.75 7.50 -71.58
0.00 0.00 0.00 0.00 0.00 0.00 0.00 0.00 0.00 0.00 -434.33 -550.00 -250.47 -554.95 -326.92 -29.59 334.43 616.49 75.15 7.64 -735.05 -770.96 -349.96 -938.78 -412.50 -54.69 813.24 650.62 65.58 -16.06 -1015.87 -1046.78 -407.70 -1064.29 -740.38 -129.89 825.28 673.34 39.25 -43.92 -1119.84 -1217.25 -458.18 -1145.79 -838.15 -148.19 829.73 709.75 7.50 -71.58
0.00 0.00 0.00 0.00 0.00 0.00 0.00 0.00 0.00 0.00 -434.33 -550.00 -250.47 -554.95 -326.92 -29.59 334.43 616.49 75.15 7.64 -735.05 -770.96 -349.96 -938.78 -412.50 -54.69 813.24 650.62 65.58 -16.06 -1015.87 -1046.78 -407.70 -1064.29 -740.38 -129.89 825.28 673.34 39.25 -43.92 -1119.84 -1217.25 -458.18 -1145.79 -838.15 -148.19 829.73 709.75 7.50 -71.58
0.00 0.00 0.00 0.00 0.00 0.00 0.00 0.00 0.00 0.00 -434.33 -550.00 -250.47 -554.95 -326.92 -29.59 334.43 616.49 75.15 7.64 -735.05 -770.96 -349.96 -938.78 -412.50 -54.69 813.24 650.62 65.58 -16.06 -1015.87 -1046.78 -407.70 -1064.29 -740.38 -129.89 825.28 673.34 39.25 -43.92 -1119.84 -1217.25 -458.18 -1145.79 -838.15 -148.19 829.73 709.75 7.50 -71.58
0.00 0.00 0.00 0.00 0.00 0.00 0.00 0.00 0.00 0.00 -434.33 -550.00 -250.47 -554.95 -326.92 -29.59 334.43 616.49 75.15 7.64 -735.05 -770.96 -349.96 -938.78 -412.50 -54.69 813.24 650.62 65.58 -16.06 -1015.87 -1046.78 -407.70 -1064.29 -740.38 -129.89 825.28 673.34 39.25 -43.92 -1119.84 -1217.25 -458.18 -1145.79 -838.15 -148.19 829.73 709.75 7.50 -71.58
0.00 0.00 0.00 0.00 0.00 0.00 0.00 0.00 0.00 0.00 -434.33 -550.00 -250.47 -554.95 -326.92 -29.59 334.43 616.49 75.15 7.64 -735.05 -770.96 -349.96 -938.78 -412.50 -54.69 813.24 650.62 65.58 -16.06 -1015.87 -1046.78 -407.70 -1064.29 -740.38 -129.89 825.28 673.34 39.25 -43.92 -1119.84 -1217.25 -458.18 -1145.79 -838.15 -148.19 829.73 709.75 7.50 -71.58
0.00 0.00 0.00 0.00 0.00 0.00 0.00 0.00 0.00 0.00 -433.51 -549.65 -250.72 -555.17 -326.91 -11.43 450.07 634.85 72.50 2.79 -668.46 -741.77 -337.31 -899.51 -367.88 -46.62 996.07 711.45 57.86 -14.69 -984.13 -1003.21 -402.34 -1051.64 -705.78 -110.51 993.85 708.54 35.40 -70.39 -1108.72 -1196.06 -459.96 -1137.96 -828.46 -150.69 994.52 708.35 -0.78 -83.64
0.00 0.00 0.00 0.00 0.00 0.00 0.00 0.00 0.00 0.00 -433.51 -549.65 -250.72 -555.17 -326.91 -11.43 450.07 634.85 72.50 2.79 -668.46 -741.77 -337.31 -899.51 -367.88 -46.62 996.07 711.45 57.86 -14.69 -984.13 -1003.21 -402.34 -1051.64 -705.78 -110.51 993.85 708.54 35.40 -70.39 -1108.72 -1196.06 -459.96 -1137.96 -828.46 -150.69 994.52 708.35 -0.78 -83.64
0.00 0.00 0.00 0.00 0.00 0.00 0.00 0.00 0.00 0.00 -433.51 -549.65 -250.72 -555.17 -326.91 -11.43 450.07 634.85 72.50 2.79 -668.46 -741.77 -337.31 -899.51 -367.88 -46.62 996.07 711.45 57.86 -14.69 -984.13 -1003.21 -402.34 -1051.64 -705.78 -110.51 993.85 708.54 35.40 -70.39 -1108.72 -1196.06 -459.96 -1137.96 -828.46 -150.69 994.52 708.35 -0.78 -83.64
0.00 0.00 0.00 0.00 0.00 0.00 0.00 0.00 0.00 0.00 -433.51 -549.65 -250.72 -555.17 -326.91 -11.43 450.07 634.85 72.50 2.79 -668.46 -741.77 -337.31 -899.51 -367.88 -46.62 996.07 711.45 57.86 -14.69 -984.13 -1003.21 -402.34 -1051.64 -705.78 -110.51 993.85 708.54 35.40 -70.39 -1108.72 -1196.06 -459.96 -1137.96 -828.46 -150.69 994.52 708.35 -0.78 -83.64
0.00 0.00 0.00 0.00 0.00 0.00 0.00 0.00 0.00 0.00 -433.51 -549.65 -250.72 -555.17 -326.91 -11.43 450.07 634.85 72.50 2.79 -668.46 -741.77 -337.31 -899.51 -367.88 -46.62 996.07 711.45 57.86 -14.69 -984.13 -1003.21 -402.34 -1051.64 -705.78 -110.51 993.85 708.54 35.40 -70.39 -1108.72 -1196.06 -459.96 -1137.96 -828.46 -150.69 994.52 708.35 -0.78 -83.64
0.00 0.00 0.00 0.00 0.00 0.00 0.00 0.00 0.00 0.00 -433.51 -549.65 -250.72 -555.17 -326.91 -11.43 450.07 634.85 72.50 2.79 -668.46 -741.77 -337.31 -899.51 -367.88 -46.62 996.07 711.45 57.86 -14.69 -984.13 -1003.21 -402.34 -1051.64 -705.78 -110.51 993.85 708.54 35.40 -70.39 -1108.72 -1196.06 -459.96 -1137.96 -828.46 -150.69 994.52 708.35 -0.78 -83.64
0.00 0.00 0.00 0.00 0.00 0.00 0.00 0.00 0.00 0.00 -433.51 -549.65 -250.72 -555.17 -326.91 -11.43 450.07 634.85 72.50 2.79 -668.46 -741.77 -337.31 -899.51 -367.88 -46.62 996.07 711.45 57.86 -14.69 -984.13 -1003.21 -402.34 -1051.64 -705.78 -110.51 993.85 708.54 35.40 -70.39 -1108.72 -1196.06 -459.96 -1137.96 -828.46 -150.69 994.52 708.35 -0.78 -83.64
0.00 0.00 0.00 0.00 0.00 0.00 0.00 0.00 0.00 0.00 -433.51 -549.65 -250.72 -555.17 -326.91 -11.43 450.07 634.85 72.50 2.79 -668.46 -741.77 -337.31 -899.51 -367.88 -46.62 996.07 711.45 57.86 -14.69 -984.13 -1003.21 -402.34 -1051.64 -705.78 -110.51 993.85 708.54 35.40 -70.39 -1108.72 -1196.06 -459.96 -1137.96 -828.46 -150.69 994.52 708.35 -0.78 -83.64
0.00 0.00 0.00 0.00 0.00 0.00 0.00 0.00 0.00 0.00 -433.51 -549.65 -250.72 -555.17 -326.91 -11.43 450.07 634.85 72.50 2.79 -668.46 -741.77 -337.31 -899.51 -367.88 -46.62 996.07 711.45 57.86 -14.69 -984.13 -1003.21 -402.34 -1051.64 -705.78 -110.51 993.85 708.54 35.40 -70.39 -1108.72 -1196.06 -459.96 -1137.96 -828.46 -150.69 994.52 708.35 -0.78 -83.64
0.00 0.00 0.00 0.00 0.00 0.00 0.00 0.00 0.00 0.00 -433.51 -549.65 -250.72 -555.17 -326.91 -11.43 450.07 634.85 72.50 2.79 -668.46 -741.77 -337.31 -899.51 -367.88 -46.62 996.07 711.45 57.86 -14.69 -984.13 -1003.21 -402.34 -1051.64 -705.78 -110.51 993.85 708.54 35.40 -70.39 -1108.72 -1196.06 -459.96 -1137.96 -828.46 -150.69 994.52 708.35 -0.78 -83.64
0.00 0.00 0.00 0.00 0.00 0.00 0.00 0.00 0.00 0.00 -433.51 -549.65 -250.72 -555.17 -326.91 -11.43 450.07 634.85 72.50 2.79 -668.46 -741.77 -337.31 -899.51 -367.88 -46.62 996.07 711.45 57.86 -14.69 -984.13 -1003.21 -402.34 -1051.64 -705.78 -110.51 993.85 708.54 35.40 -70.39 -1108.72 -1196.06 -459.96 -1137.96 -828.46 -150.69 994.52 708.35 -0.78 -83.64
0.00 0.00 0.00 0.00 0.00 0.00 0.00 0.00 0.00 0.00 -433.51 -549.65 -250.72 -555.17 -326.91 -11.43 450.07 634.85 72.50 2.79 -668.46 -741.77 -337.31 -899.51 -367.88 -46.62 996.07 711.45 57.86 -14.69 -984.13 -1003.21 -402.34 -1051.64 -705.78 -110.51 993.85 708.54 35.40 -70.39 -1108.72 -1196.06 -459.96 -1137.96 -828.46 -150.69 994.52 708.35 -0.78 -83.64
0.00 0.00 0.00 0.00 0.00 0.00 0.00 0.00 0.00 0.00 -433.51 -549.65 -250.72 -555.17 -326.91 -11.43 450.07 634.85 72.50 2.79 -668.46 -741.77 -337.31 -899.51 -367.88 -46.62 996.07 711.45 57.86 -14.69 -984.13 -1003.21 -402.34 -1051.64 -705.78 -110.51 993.85 708.54 35.40 -70.39 -1108.72 -1196.06 -459.96 -1137.96 -828.46 -150.69 994.52 708.35 -0.78 -83.64
0.00 0.00 0.00 0.00 0.00 0.00 0.00 0.00 0.00 0.00 -433.51 -549.65 -250.72 -555.17 -326.91 -11.43 450.07 634.85 72.50 2.79 -668.46 -741.77 -337.31 -899.51 -367.88 -46.62 996.07 711.45 57.86 -14.69 -984.13 -1003.21 -402.34 -1051.64 -705.78 -110.51 993.85 708.54 35.40 -70.39 -1108.72 -1196.06 -459.96 -1137.96 -828.46 -150.69 994.52 708.35 -0.78 -83.64
0.00 0.00 0.00 0.00 0.00 0.00 0.00 0.00 0.00 0.00 -433.51 -549.65 -250.72 -555.17 -326.91 -11.43 450.07 634.85 72.50 2.79 -668.46 -741.77 -337.31 -899.51 -367.88 -46.62 996.07 711.45 57.86 -14.69 -984.13 -1003.21 -402.34 -1051.64 -705.78 -110.51 993.85 708.54 35.40 -70.39 -1108.72 -1196.06 -459.96 -1137.96 -828.46 -150.69 994.52 708.35 -0.78 -83.64
0.00 0.00 0.00 0.00 0.00 0.00 0.00 0.00 0.00 0.00 -433.51 -549.65 -250.72 -555.17 -326.91 -11.43 450.07 634.85 72.50 2.79 -668.46 -741.77 -337.31 -899.51 -367.88 -46.62 996.07 711.45 57.86 -14.69 -984.13 -1003.21 -402.34 -1051.64 -705.78 -110.51 993.85 708.54 35.40 -70.39 -1108.72 -1196.06 -459.96 -1137.96 -828.46 -150.69 994.52 708.35 -0.78 -83.64
0.00 0.00 0.00 0.00 0.00 0.00 0.00 0.00 0.00 0.00 -433.51 -549.65 -250.72 -555.17 -326.91 -11.43 450.07 634.85 72.50 2.79 -668.46 -741.77 -337.31 -899.51 -367.88 -46.62 996.07 711.45 57.86 -14.69 -984.13 -1003.21 -402.34 -1051.64 -705.78 -110.51 993.85 708.54 35.40 -70.39 -1108.72 -1196.06 -459.96 -1137.96 -828.46 -150.69 994.52 708.35 -0.78 -83.64
0.00 0.00 0.00 0.00 0.00 0.00 0.00 0.00 0.00 0.00 -433.51 -549.65 -250.72 -555.17 -326.91 -11.43 450.07 634.85 72.50 2.79 -668.46 -741.77 -337.31 -899.51 -367.88 -46.62 996.07 711.45 57.86 -14.69 -984.13 -1003.21 -402.34 -1051.64 -705.78 -110.51 993.85 708.54 35.40 -70.39 -1108.72 -1196.06 -459.96 -1137.96 -828.46 -150.69 994.52 708.35 -0.78 -83.64
0.00 0.00 0.00 0.00 0.00 0.00 0.00 0.00 0.00 0.00 -433.51 -549.65 -250.72 -555.17 -326.91 -11.43 450.07 634.85 72.50 2.79 -668.46 -741.77 -337.31 -899.51 -367.88 -46.62 996.07 711.45 57.86 -14.69 -984.13 -1003.21 -402.34 -1051.64 -705.78 -110.51 993.85 708.54 35.40 -70.39 -1108.72 -1196.06 -459.96 -1137.96 -828.46 -150.69 994.52 708.35 -0.78 -83.64
0.00 0.00 0.00 0.00 0.00 0.00 0.00 0.00 0.00 0.00 -433.51 -549.65 -250.72 -555.17 -326.91 -11.43 450.07 634.85 72.50 2.79 -668.46 -741.77 -337.31 -899.51 -367.88 -46.62 996.07 711.45 57.86 -14.69 -984.13 -1003.21 -402.34 -1051.64 -705.78 -110.51 993.85 708.54 35.40 -70.39 -1108.72 -1196.06 -459.96 -1137.96 -828.46 -150.69 994.52 708.35 -0.78 -83.64
0.00 0.00 0.00 0.00 0.00 0.00 0.00 0.00 0.00 0.00 -419.17 -530.53 -242.20 -528.61 -322.37 -21.26 295.15 542.90 82.61 13.98 -659.09 -744.86 -339.13 -883.69 -374.98 -49.09 802.14 719.89 51.10 -5.43 -958.46 -992.83 -403.65 -1036.47 -703.73 -113.10 913.75 712.36 -0.00 -31.88 -1083.74 -1173.96 -455.85 -1129.97 -817.44 -151.40 967.11 718.26 -13.83 -63.40
0.00 0.00 0.00 0.00 0.00 0.00 0.00 0.00 0.00 0.00 -419.17 -530.53 -242.20 -528.61 -322.37 -21.26 295.15 542.90 82.61 13.98 -659.09 -744.86 -339.13 -883.69 -374.98 -49.09 802.14 719.89 51.10 -5.43 -958.46 -992.83 -403.65 -1036.47 -703.73 -113.10 913.75 712.36 -0.00 -31.88 -1083.74 -1173.96 -455.85 -1129.97 -817.44 -151.40 967.11 718.26 -13.83 -63.40
0.00 0.00 0.00 0.00 0.00 0.00 0.00 0.00 0.00 0.00 -419.17 -530.53 -242.20 -528.61 -322.37 -21.26 295.15 542.90 82.61 13.98 -659.09 -744.86 -339.13 -883.69 -374.98 -49.09 802.14 719.89 51.10 -5.43 -958.46 -992.83 -403.65 -1036.47 -703.73 -113.10 913.75 712.36 -0.00 -31.88 -1083.74 -1173.96 -455.85 -1129.97 -817.44 -151.40 967.11 718.26 -13.83 -63.40
0.00 0.00 0.00 0.00 0.00 0.00 0.00 0.00 0.00 0.00 -419.17 -530.53 -242.20 -528.61 -322.37 -21.26 295.15 542.90 82.61 13.98 -659.09 -744.86 -339.13 -883.69 -374.98 -49.09 802.14 719.89 51.10 -5.43 -958.46 -992.83 -403.65 -1036.47 -703.73 -113.10 913.75 712.36 -0.00 -31.88 -1083.74 -1173.96 -455.85 -1129.97 -817.44 -151.40 967.11 718.26 -13.83 -63.40
0.00 0.00 0.00 0.00 0.00 0.00 0.00 0.00 0.00 0.00 -419.17 -530.53 -242.20 -528.61 -322.37 -21.26 295.15 542.90 82.61 13.98 -659.09 -744.86 -339.13 -883.69 -374.98 -49.09 802.14 719.89 51.10 -5.43 -958.46 -992.83 -403.65 -1036.47 -703.73 -113.10 913.75 712.36 -0.00 -31.88 -1083.74 -1173.96 -455.85 -1129.97 -817.44 -151.40 967.11 718.26 -13.83 -63.40
0.00 0.00 0.00 0.00 0.00 0.00 0.00 0.00 0.00 0.00 -419.17 -530.53 -242.20 -528.61 -322.37 -21.26 295.15 542.90 82.61 13.98 -659.09 -744.86 -339.13 -883.69 -374.98 -49.09 802.14 719.89 51.10 -5.43 -958.46 -992.83 -403.65 -1036.47 -703.73 -113.10 913.75 712.36 -0.00 -31.88 -1083.74 -1173.96 -455.85 -1129.97 -817.44 -151.40 967.11 718.26 -13.83 -63.40
0.00 0.00 0.00 0.00 0.00 0.00 0.00 0.00 0.00 0.00 -419.17 -530.53 -242.20 -528.61 -322.37 -21.26 295.15 542.90 82.61 13.98 -659.09 -744.86 -339.13 -883.69 -374.98 -49.09 802.14 719.89 51.10 -5.43 -958.46 -992.83 -403.65 -1036.47 -703.73 -113.10 913.75 712.36 -0.00 -31.88 -1083.74 -1173.96 -455.85 -1129.97 -817.44 -151.40 967.11 718.26 -13.83 -63.40
0.00 0.00 0.00 0.00 0.00 0.00 0.00 0.00 0.00 0.00 -419.17 -530.53 -242.20 -528.61 -322.37 -21.26 295.15 542.90 82.61 13.98 -659.09 -744.86 -339.13 -883.69 -374.98 -49.09 802.14 719.89 51.10 -5.43 -958.46 -992.83 -403.65 -1036.47 -703.73 -113.10 913.75 712.36 -0.00 -31.88 -1083.74 -1173.96 -455.85 -1129.97 -817.44 -151.40 967.11 718.26 -13.83 -63.40
0.00 0.00 0.00 0.00 0.00 0.00 0.00 0.00 0.00 0.00 -419.17 -530.53 -242.20 -528.61 -322.37 -21.26 295.15 542.90 82.61 13.98 -659.09 -744.86 -339.13 -883.69 -374.98 -49.09 802.14 719.89 51.10 -5.43 -958.46 -992.83 -403.65 -1036.47 -703.73 -113.10 913.75 712.36 -0.00 -31.88 -1083.74 -1173.96 -455.85 -1129.97 -817.44 -151.40 967.11 718.26 -13.83 -63.40
0.00 0.00 0.00 0.00 0.00 0.00 0.00 0.00 0.00 0.00 -419.17 -530.53 -242.20 -528.61 -322.37 -21.26 295.15 542.90 82.61 13.98 -659.09 -744.86 -339.13 -883.69 -374.98 -49.09 802.14 719.89 51.10 -5.43 -958.46 -992.83 -403.65 -1036.47 -703.73 -113.10 913.75 712.36 -0.00 -31.88 -1083.74 -1173.96 -455.85 -1129.97 -817.44 -151.40 967.11 718.26 -13.83 -63.40
0.00 0.00 0.00 0.00 0.00 0.00 0.00 0.00 0.00 0.00 -419.17 -530.53 -242.20 -528.61 -322.37 -21.26 295.15 542.90 82.61 13.98 -659.09 -744.86 -339.13 -883.69 -374.98 -49.09 802.14 719.89 51.10 -5.43 -958.46 -992.83 -403.65 -1036.47 -703.73 -113.10 913.75 712.36 -0.00 -31.88 -1083.74 -1173.96 -455.85 -1129.97 -817.44 -151.40 967.11 718.26 -13.83 -63.40
0.00 0.00 0.00 0.00 0.00 0.00 0.00 0.00 0.00 0.00 -419.17 -530.53 -242.20 -528.61 -322.37 -21.26 295.15 542.90 82.61 13.98 -659.09 -744.86 -339.13 -883.69 -374.98 -49.09 802.14 719.89 51.10 -5.43 -958.46 -992.83 -403.65 -1036.47 -703.73 -113.10 913.75 712.36 -0.00 -31.88 -1083.74 -1173.96 -455.85 -1129.97 -817.44 -151.40 967.11 718.26 -13.83 -63.40
0.00 0.00 0.00 0.00 0.00 0.00 0.00 0.00 0.00 0.00 -419.17 -530.53 -242.20 -528.61 -322.37 -21.26 295.15 542.90 82.61 13.98 -659.09 -744.86 -339.13 -883.69 -374.98 -49.09 802.14 719.89 51.10 -5.43 -958.46 -992.83 -403.65 -1036.47 -703.73 -113.10 913.75 712.36 -0.00 -31.88 -1083.74 -1173.96 -455.85 -1129.97 -817.44 -151.40 967.11 718.26 -13.83 -63.40
0.00 0.00 0.00 0.00 0.00 0.00 0.00 0.00 0.00 0.00 -419.17 -530.53 -242.20 -528.61 -322.37 -21.26 295.15 542.90 82.61 13.98 -659.09 -744.86 -339.13 -883.69 -374.98 -49.09 802.14 719.89 51.10 -5.43 -958.46 -992.83 -403.65 -1036.47 -703.73 -113.10 913.75 712.36 -0.00 -31.88 -1083.74 -1173.96 -455.85 -1129.97 -817.44 -151.40 967.11 718.26 -13.83 -63.40
0.00 0.00 0.00 0.00 0.00 0.00 0.00 0.00 0.00 0.00 -419.17 -530.53 -242.20 -528.61 -322.37 -21.26 295.15 542.90 82.61 13.98 -659.09 -744.86 -339.13 -883.69 -374.98 -49.09 802.14 719.89 51.10 -5.43 -958.46 -992.83 -403.65 -1036.47 -703.73 -113.10 913.75 712.36 -0.00 -31.88 -1083.74 -1173.96 -455.85 -1129.97 -817.44 -151.40 967.11 718.26 -13.83 -63.40
0.00 0.00 0.00 0.00 0.00 0.00 0.00 0.00 0.00 0.00 -419.17 -530.53 -242.20 -528.61 -322.37 -21.26 295.15 542.90 82.61 13.98 -659.09 -744.86 -339.13 -883.69 -374.98 -49.09 802.14 719.89 51.10 -5.43 -958.46 -992.83 -403.65 -1036.47 -703.73 -113.10 913.75 712.36 -0.00 -31.88 -1083.74 -1173.96 -455.85 -1129.97 -817.44 -151.40 967.11 718.26 -13.83 -63.40
0.00 0.00 0.00 0.00 0.00 0.00 0.00 0.00 0.00 0.00 -419.17 -530.53 -242.20 -528.61 -322.37 -21.26 295.15 542.90 82.61 13.98 -659.09 -744.86 -339.13 -883.69 -374.98 -49.09 802.14 719.89 51.10 -5.43 -958.46 -992.83 -403.65 -1036.47 -703.73 -113.10 913.75 712.36 -0.00 -31.88 -1083.74 -1173.96 -455.85 -1129.97 -817.44 -151.40 967.11 718.26 -13.83 -63.40
0.00 0.00 0.00 0.00 0.00 0.00 0.00 0.00 0.00 0.00 -419.17 -530.53 -242.20 -528.61 -322.37 -21.26 295.15 542.90 82.61 13.98 -659.09 -744.86 -339.13 -883.69 -374.98 -49.09 802.14 719.89 51.10 -5.43 -958.46 -992.83 -403.65 -1036.47 -703.73 -113.10 913.75 712.36 -0.00 -31.88 -1083.74 -1173.96 -455.85 -1129.97 -817.44 -151.40 967.11 718.26 -13.83 -63.40
0.00 0.00 0.00 0.00 0.00 0.00 0.00 0.00 0.00 0.00 -419.17 -530.53 -242.20 -528.61 -322.37 -21.26 295.15 542.90 82.61 13.98 -659.09 -744.86 -339.13 -883.69 -374.98 -49.09 802.14 719.89 51.10 -5.43 -958.46 -992.83 -403.65 -1036.47 -703.73 -113.10 913.75 712.36 -0.00 -31.88 -1083.74 -1173.96 -455.85 -1129.97 -817.44 -151.40 967.11 718.26 -13.83 -63.40
0.00 0.00 0.00 0.00 0.00 0.00 0.00 0.00 0.00 0.00 -419.17 -530.53 -242.20 -528.61 -322.37 -21.26 295.15 542.90 82.61 13.98 -659.09 -744.86 -339.13 -883.69 -374.98 -49.09 802.14 719.89 51.10 -5.43 -958.46 -992.83 -403.65 -1036.47 -703.73 -113.10 913.75 712.36 -0.00 -31.88 -1083.74 -1173.96 -455.85 -1129.97 -817.44 -151.40 967.11 718.26 -13.83 -63.40
0.00 0.00 0.00 0.00 0.00 0.00 0.00 0.00 0.00 0.00 -419.17 -530.53 -242.20 -528.61 -322.37 -21.26 295.15 542.90 82.61 13.98 -659.09 -744.86 -339.13 -883.69 -374.98 -49.09 802.14 719.89 51.10 -5.43 -958.46 -992.83 -403.65 -1036.47 -703.73 -113.10 913.75 712.36 -0.00 -31.88 -1083.74 -1173.96 -455.85 -1129.97 -817.44 -151.40 967.11 718.26 -13.83 -63.40
0.00 0.00 0.00 0.00 0.00 0.00 0.00 0.00 0.00 0.00 -419.17 -530.53 -242.20 -528.61 -322.37 -21.26 295.15 542.90 82.61 13.98 -659.09 -744.86 -339.13 -883.69 -374.98 -49.09 802.14 719.89 51.10 -5.43 -958.46 -992.83 -403.65 -1036.47 -703.73 -113.10 913.75 712.36 -0.00 -31.88 -1083.74 -1173.96 -455.85 -1129.97 -817.44 -151.40 967.11 718.26 -13.83 -63.40
0.00 0.00 0.00 0.00 0.00 0.00 0.00 0.00 0.00 0.00 -419.17 -530.53 -242.20 -528.61 -322.37 -21.26 295.15 542.90 82.61 13.98 -659.09 -744.86 -339.13 -883.69 -374.98 -49.09 802.14 719.89 51.10 -5.43 -958.46 -992.83 -403.65 -1036.47 -703.73 -113.10 913.75 712.36 -0.00 -31.88 -1083.74 -1173.96 -455.85 -1129.97 -817.44 -151.40 967.11 718.26 -13.83 -63.40
0.00 0.00 0.00 0.00 0.00 0.00 0.00 0.00 0.00 0.00 -419.17 -530.53 -242.20 -528.61 -322.37 -21.26 295.15 542.90 82.61 13.98 -659.09 -744.86 -339.13 -883.69 -374.98 -49.09 802.14 719.89 51.10 -5.43 -958.46 -992.83 -403.65 -1036.47 -703.73 -113.10 913.75 712.36 -0.00 -31.88 -1083.74 -1173.96 -455.85 -1129.97 -817.44 -151.40 967.11 718.26 -13.83 -63.40
0.00 0.00 0.00 0.00 0.00 0.00 0.00 0.00 0.00 0.00 -419.17 -530.53 -242.20 -528.61 -322.37 -21.26 295.15 542.90 82.61 13.98 -659.09 -744.86 -339.13 -883.69 -374.98 -49.09 802.14 719.89 51.10 -5.43 -958.46 -992.83 -403.65 -1036.47 -703.73 -113.10 913.75 712.36 -0.00 -31.88 -1083.74 -1173.96 -455.85 -1129.97 -817.44 -151.40 967.11 718.26 -13.83 -63.40
0.00 0.00 0.00 0.00 0.00 0.00 0.00 0.00 0.00 0.00 -419.17 -530.53 -242.20 -528.61 -322.37 -21.26 295.15 542.90 82.61 13.98 -659.09 -744.86 -339.13 -883.69 -374.98 -49.09 802.14 719.89 51.10 -5.43 -958.46 -992.83 -403.65 -1036.47 -703.73 -113.10 913.75 712.36 -0.00 -31.88 -1083.74 -1173.96 -455.85 -1129.97 -817.44 -151.40 967.11 718.26 -13.83 -63.40
0.00 0.00 0.00 0.00 0.00 0.00 0.00 0.00 0.00 0.00 -419.17 -530.53 -242.20 -528.61 -322.37 -21.26 295.15 542.90 82.61 13.98 -659.09 -744.86 -339.13 -883.69 -374.98 -49.09 802.14 719.89 51.10 -5.43 -958.46 -992.83 -403.65 -1036.47 -703.73 -113.10 913.75 712.36 -0.00 -31.88 -1083.74 -1173.96 -455.85 -1129.97 -817.44 -151.40 967.11 718.26 -13.83 -63.40
0.00 0.00 0.00 0.00 0.00 0.00 0.00 0.00 0.00 0.00 -419.17 -530.53 -242.20 -528.61 -322.37 -21.26 295.15 542.90 82.61 13.98 -659.09 -744.86 -339.13 -883.69 -374.98 -49.09 802.14 719.89 51.10 -5.43 -958.46 -992.83 -403.65 -1036.47 -703.73 -113.10 913.75 712.36 -0.00 -31.88 -1083.74 -1173.96 -455.85 -1129.97 -817.44 -151.40 967.11 718.26 -13.83 -63.40
0.00 0.00 0.00 0.00 0.00 0.00 0.00 0.00 0.00 0.00 -419.17 -530.53 -242.20 -528.61 -322.37 -21.26 295.15 542.90 82.61 13.98 -659.09 -744.86 -339.13 -883.69 -374.98 -49.09 802.14 719.89 51.10 -5.43 -958.46 -992.83 -403.65 -1036.47 -703.73 -113.10 913.75 712.36 -0.00 -31.88 -1083.74 -1173.96 -455.85 -1129.97 -817.44 -151.40 967.11 718.26 -13.83 -63.40
0.00 0.00 0.00 0.00 0.00 0.00 0.00 0.00 0.00 0.00 -419.17 -530.53 -242.20 -528.61 -322.37 -21.26 295.15 542.90 82.61 13.98 -659.09 -744.86 -339.13 -883.69 -374.98 -49.09 802.14 719.89 51.10 -5.43 -958.46 -992.83 -403.65 -1036.47 -703.73 -113.10 913.75 712.36 -0.00 -31.88 -1083.74 -1173.96 -455.85 -1129.97 -817.44 -151.40 967.11 718.26 -13.83 -63.40
0.00 0.00 0.00 0.00 0.00 0.00 0.00 0.00 0.00 0.00 -419.17 -530.53 -242.20 -528.61 -322.37 -21.26 295.15 542.90 82.61 13.98 -659.09 -744.86 -339.13 -883.69 -374.98 -49.09 802.14 719.89 51.10 -5.43 -958.46 -992.83 -403.65 -1036.47 -703.73 -113.10 913.75 712.36 -0.00 -31.88 -1083.74 -1173.96 -455.85 -1129.97 -817.44 -151.40 967.11 718.26 -13.83 -63.40
0.00 0.00 0.00 0.00 0.00 0.00 0.00 0.00 0.00 0.00 -419.17 -530.53 -242.20 -528.61 -322.37 -21.26 295.15 542.90 82.61 13.98 -659.09 -744.86 -339.13 -883.69 -374.98 -49.09 802.14 719.89 51.10 -5.43 -958.46 -992.83 -403.65 -1036.47 -703.73 -113.10 913.75 712.36 -0.00 -31.88 -1083.74 -1173.96 -455.85 -1129.97 -817.44 -151.40 967.11 718.26 -13.83 -63.40
0.00 0.00 0.00 0.00 0.00 0.00 0.00 0.00 0.00 0.00 -419.17 -530.53 -242.20 -528.61 -322.37 -21.26 295.15 542.90 82.61 13.98 -659.09 -744.86 -339.13 -883.69 -374.98 -49.09 802.14 719.89 51.10 -5.43 -958.46 -992.83 -403.65 -1036.47 -703.73 -113.10 913.75 712.36 -0.00 -31.88 -1083.74 -1173.96 -455.85 -1129.97 -817.44 -151.40 967.11 718.26 -13.83 -63.40
0.00 0.00 0.00 0.00 0.00 0.00 0.00 0.00 0.00 0.00 -419.17 -530.53 -242.20 -528.61 -322.37 -21.26 295.15 542.90 82.61 13.98 -659.09 -744.86 -339.13 -883.69 -374.98 -49.09 802.14 719.89 51.10 -5.43 -958.46 -992.83 -403.65 -1036.47 -703.73 -113.10 913.75 712.36 -0.00 -31.88 -1083.74 -1173.96 -455.85 -1129.97 -817.44 -151.40 967.11 718.26 -13.83 -63.40
0.00 0.00 0.00 0.00 0.00 0.00 0.00 0.00 0.00 0.00 -419.17 -530.53 -242.20 -528.61 -322.37 -21.26 295.15 542.90 82.61 13.98 -659.09 -744.86 -339.13 -883.69 -374.98 -49.09 802.14 719.89 51.10 -5.43 -958.46 -992.83 -403.65 -1036.47 -703.73 -113.10 913.75 712.36 -0.00 -31.88 -1083.74 -1173.96 -455.85 -1129.97 -817.44 -151.40 967.11 718.26 -13.83 -63.40
0.00 0.00 0.00 0.00 0.00 0.00 0.00 0.00 0.00 0.00 -419.17 -530.53 -242.20 -528.61 -322.37 -21.26 295.15 542.90 82.61 13.98 -659.09 -744.86 -339.13 -883.69 -374.98 -49.09 802.14 719.89 51.10 -5.43 -958.46 -992.83 -403.65 -1036.47 -703.73 -113.10 913.75 712.36 -0.00 -31.88 -1083.74 -1173.96 -455.85 -1129.97 -817.44 -151.40 967.11 718.26 -13.83 -63.40
0.00 0.00 0.00 0.00 0.00 0.00 0.00 0.00 0.00 0.00 -419.17 -530.53 -242.20 -528.61 -322.37 -21.26 295.15 542.90 82.61 13.98 -659.09 -744.86 -339.13 -883.69 -374.98 -49.09 802.14 719.89 51.10 -5.43 -958.46 -992.83 -403.65 -1036.47 -703.73 -113.10 913.75 712.36 -0.00 -31.88 -1083.74 -1173.96 -455.85 -1129.97 -817.44 -151.40 967.11 718.26 -13.83 -63.40
0.00 0.00 0.00 0.00 0.00 0.00 0.00 0.00 0.00 0.00 -419.17 -530.53 -242.20 -528.61 -322.37 -21.26 295.15 542.90 82.61 13.98 -659.09 -744.86 -339.13 -883.69 -374.98 -49.09 802.14 719.89 51.10 -5.43 -958.46 -992.83 -403.65 -1036.47 -703.73 -113.10 913.75 712.36 -0.00 -31.88 -1083.74 -1173.96 -455.85 -1129.97 -817.44 -151.40 967.11 718.26 -13.83 -63.40
0.00 0.00 0.00 0.00 0.00 0.00 0.00 0.00 0.00 0.00 -419.17 -530.53 -242.20 -528.61 -322.37 -21.26 295.15 542.90 82.61 13.98 -659.09 -744.86 -339.13 -883.69 -374.98 -49.09 802.14 719.89 51.10 -5.43 -958.46 -992.83 -403.65 -1036.47 -703.73 -113.10 913.75 712.36 -0.00 -31.88 -1083.74 -1173.96 -455.85 -1129.97 -817.44 -151.40 967.11 718.26 -13.83 -63.40
0.00 0.00 0.00 0.00 0.00 0.00 0.00 0.00 0.00 0.00 -419.17 -530.53 -242.20 -528.61 -322.37 -21.26 295.15 542.90 82.61 13.98 -659.09 -744.86 -339.13 -883.69 -374.98 -49.09 802.14 719.89 51.10 -5.43 -958.46 -992.83 -403.65 -1036.47 -703.73 -113.10 913.75 712.36 -0.00 -31.88 -1083.74 -1173.96 -455.85 -1129.97 -817.44 -151.40 967.11 718.26 -13.83 -63.40
0.00 0.00 0.00 0.00 0.00 0.00 0.00 0.00 0.00 0.00 -419.17 -530.53 -242.20 -528.61 -322.37 -21.26 295.15 542.90 82.61 13.98 -659.09 -744.86 -339.13 -883.69 -374.98 -49.09 802.14 719.89 51.10 -5.43 -958.46 -992.83 -403.65 -1036.47 -703.73 -113.10 913.75 712.36 -0.00 -31.88 -1083.74 -1173.96 -455.85 -1129.97 -817.44 -151.40 967.11 718.26 -13.83 -63.40
0.00 0.00 0.00 0.00 0.00 0.00 0.00 0.00 0.00 0.00 -419.17 -530.53 -242.20 -528.61 -322.37 -21.26 295.15 542.90 82.61 13.98 -659.09 -744.86 -339.13 -883.69 -374.98 -49.09 802.14 719.89 51.10 -5.43 -958.46 -992.83 -403.65 -1036.47 -703.73 -113.10 913.75 712.36 -0.00 -31.88 -1083.74 -1173.96 -455.85 -1129.97 -817.44 -151.40 967.11 718.26 -13.83 -63.40
0.00 0.00 0.00 0.00 0.00 0.00 0.00 0.00 0.00 0.00 -419.17 -530.53 -242.20 -528.61 -322.37 -21.26 295.15 542.90 82.61 13.98 -659.09 -744.86 -339.13 -883.69 -374.98 -49.09 802.14 719.89 51.10 -5.43 -958.46 -992.83 -403.65 -1036.47 -703.73 -113.10 913.75 712.36 -0.00 -31.88 -1083.74 -1173.96 -455.85 -1129.97 -817.44 -151.40 967.11 718.26 -13.83 -63.40
0.00 0.00 0.00 0.00 0.00 0.00 0.00 0.00 0.00 0.00 -419.17 -530.53 -242.20 -528.61 -322.37 -21.26 295.15 542.90 82.61 13.98 -659.09 -744.86 -339.13 -883.69 -374.98 -49.09 802.14 719.89 51.10 -5.43 -958.46 -992.83 -403.65 -1036.47 -703.73 -113.10 913.75 712.36 -0.00 -31.88 -1083.74 -1173.96 -455.85 -1129.97 -817.44 -151.40 967.11 718.26 -13.83 -63.40
0.00 0.00 0.00 0.00 0.00 0.00 0.00 0.00 0.00 0.00 -419.17 -530.53 -242.20 -528.61 -322.37 -21.26 295.15 542.90 82.61 13.98 -659.09 -744.86 -339.13 -883.69 -374.98 -49.09 802.14 719.89 51.10 -5.43 -958.46 -992.83 -403.65 -1036.47 -703.73 -113.10 913.75 712.36 -0.00 -31.88 -1083.74 -1173.96 -455.85 -1129.97 -817.44 -151.40 967.11 718.26 -13.83 -63.40
0.00 0.00 0.00 0.00 0.00 0.00 0.00 0.00 0.00 0.00 -419.17 -530.53 -242.20 -528.61 -322.37 -21.26 295.15 542.90 82.61 13.98 -659.09 -744.86 -339.13 -883.69 -374.98 -49.09 802.14 719.89 51.10 -5.43 -958.46 -992.83 -403.65 -1036.47 -703.73 -113.10 913.75 712.36 -0.00 -31.88 -1083.74 -1173.96 -455.85 -1129.97 -817.44 -151.40 967.11 718.26 -13.83 -63.40
0.00 0.00 0.00 0.00 0.00 0.00 0.00 0.00 0.00 0.00 -419.17 -530.53 -242.20 -528.61 -322.37 -21.26 295.15 542.90 82.61 13.98 -659.09 -744.86 -339.13 -883.69 -374.98 -49.09 802.14 719.89 51.10 -5.43 -958.46 -992.83 -403.65 -1036.47 -703.73 -113.10 913.75 712.36 -0.00 -31.88 -1083.74 -1173.96 -455.85 -1129.97 -817.44 -151.40 967.11 718.26 -13.83 -63.40
0.00 0.00 0.00 0.00 0.00 0.00 0.00 0.00 0.00 0.00 -419.17 -530.53 -242.20 -528.61 -322.37 -21.26 295.15 542.90 82.61 13.98 -659.09 -744.86 -339.13 -883.69 -374.98 -49.09 802.14 719.89 51.10 -5.43 -958.46 -992.83 -403.65 -1036.47 -703.73 -113.10 913.75 712.36 -0.00 -31.88 -1083.74 -1173.96 -455.85 -1129.97 -817.44 -151.40 967.11 718.26 -13.83 -63.40
0.00 0.00 0.00 0.00 0.00 0.00 0.00 0.00 0.00 0.00 -419.17 -530.53 -242.20 -528.61 -322.37 -21.26 295.15 542.90 82.61 13.98 -659.09 -744.86 -339.13 -883.69 -374.98 -49.09 802.14 719.89 51.10 -5.43 -958.46 -992.83 -403.65 -1036.47 -703.73 -113.10 913.75 712.36 -0.00 -31.88 -1083.74 -1173.96 -455.85 -1129.97 -817.44 -151.40 967.11 718.26 -13.83 -63.40
0.00 0.00 0.00 0.00 0.00 0.00 0.00 0.00 0.00 0.00 -419.17 -530.53 -242.20 -528.61 -322.37 -21.26 295.15 542.90 82.61 13.98 -659.09 -744.86 -339.13 -883.69 -374.98 -49.09 802.14 719.89 51.10 -5.43 -958.46 -992.83 -403.65 -1036.47 -703.73 -113.10 913.75 712.36 -0.00 -31.88 -1083.74 -1173.96 -455.85 -1129.97 -817.44 -151.40 967.11 718.26 -13.83 -63.40
0.00 0.00 0.00 0.00 0.00 0.00 0.00 0.00 0.00 0.00 -419.17 -530.53 -242.20 -528.61 -322.37 -21.26 295.15 542.90 82.61 13.98 -659.09 -744.86 -339.13 -883.69 -374.98 -49.09 802.14 719.89 51.10 -5.43 -958.46 -992.83 -403.65 -1036.47 -703.73 -113.10 913.75 712.36 -0.00 -31.88 -1083.74 -1173.96 -455.85 -1129.97 -817.44 -151.40 967.11 718.26 -13.83 -63.40
0.00 0.00 0.00 0.00 0.00 0.00 0.00 0.00 0.00 0.00 -419.17 -530.53 -242.20 -528.61 -322.37 -21.26 295.15 542.90 82.61 13.98 -659.09 -744.86 -339.13 -883.69 -374.98 -49.09 802.14 719.89 51.10 -5.43 -958.46 -992.83 -403.65 -1036.47 -703.73 -113.10 913.75 712.36 -0.00 -31.88 -1083.74 -1173.96 -455.85 -1129.97 -817.44 -151.40 967.11 718.26 -13.83 -63.40
0.00 0.00 0.00 0.00 0.00 0.00 0.00 0.00 0.00 0.00 -419.17 -530.53 -242.20 -528.61 -322.37 -21.26 295.15 542.90 82.61 13.98 -659.09 -744.86 -339.13 -883.69 -374.98 -49.09 802.14 719.89 51.10 -5.43 -958.46 -992.83 -403.65 -1036.47 -703.73 -113.10 913.75 712.36 -0.00 -31.88 -1083.74 -1173.96 -455.85 -1129.97 -817.44 -151.40 967.11 718.26 -13.83 -63.40
0.00 0.00 0.00 0.00 0.00 0.00 0.00 0.00 0.00 0.00 -419.17 -530.53 -242.20 -528.61 -322.37 -21.26 295.15 542.90 82.61 13.98 -659.09 -744.86 -339.13 -883.69 -374.98 -49.09 802.14 719.89 51.10 -5.43 -958.46 -992.83 -403.65 -1036.47 -703.73 -113.10 913.75 712.36 -0.00 -31.88 -1083.74 -1173.96 -455.85 -1129.97 -817.44 -151.40 967.11 718.26 -13.83 -63.40
0.00 0.00 0.00 0.00 0.00 0.00 0.00 0.00 0.00 0.00 -419.17 -530.53 -242.20 -528.61 -322.37 -21.26 295.15 542.90 82.61 13.98 -659.09 -744.86 -339.13 -883.69 -374.98 -49.09 802.14 719.89 51.10 -5.43 -958.46 -992.83 -403.65 -1036.47 -703.73 -113.10 913.75 712.36 -0.00 -31.88 -1083.74 -1173.96 -455.85 -1129.97 -817.44 -151.40 967.11 718.26 -13.83 -63.40
0.00 0.00 0.00 0.00 0.00 0.00 0.00 0.00 0.00 0.00 -419.17 -530.53 -242.20 -528.61 -322.37 -21.26 295.15 542.90 82.61 13.98 -659.09 -744.86 -339.13 -883.69 -374.98 -49.09 802.14 719.89 51.10 -5.43 -958.46 -992.83 -403.65 -1036.47 -703.73 -113.10 913.75 712.36 -0.00 -31.88 -1083.74 -1173.96 -455.85 -1129.97 -817.44 -151.40 967.11 718.26 -13.83 -63.40
0.00 0.00 0.00 0.00 0.00 0.00 0.00 0.00 0.00 0.00 -419.17 -530.53 -242.20 -528.61 -322.37 -21.26 295.15 542.90 82.61 13.98 -659.09 -744.86 -339.13 -883.69 -374.98 -49.09 802.14 719.89 51.10 -5.43 -958.46 -992.83 -403.65 -1036.47 -703.73 -113.10 913.75 712.36 -0.00 -31.88 -1083.74 -1173.96 -455.85 -1129.97 -817.44 -151.40 967.11 718.26 -13.83 -63.40
0.00 0.00 0.00 0.00 0.00 0.00 0.00 0.00 0.00 0.00 -419.17 -530.53 -242.20 -528.61 -322.37 -21.26 295.15 542.90 82.61 13.98 -659.09 -744.86 -339.13 -883.69 -374.98 -49.09 802.14 719.89 51.10 -5.43 -958.46 -992.83 -403.65 -1036.47 -703.73 -113.10 913.75 712.36 -0.00 -31.88 -1083.74 -1173.96 -455.85 -1129.97 -817.44 -151.40 967.11 718.26 -13.83 -63.40
0.00 0.00 0.00 0.00 0.00 0.00 0.00 0.00 0.00 0.00 -419.17 -530.53 -242.20 -528.61 -322.37 -21.26 295.15 542.90 82.61 13.98 -659.09 -744.86 -339.13 -883.69 -374.98 -49.09 802.14 719.89 51.10 -5.43 -958.46 -992.83 -403.65 -1036.47 -703.73 -113.10 913.75 712.36 -0.00 -31.88 -1083.74 -1173.96 -455.85 -1129.97 -817.44 -151.40 967.11 718.26 -13.83 -63.40
0.00 0.00 0.00 0.00 0.00 0.00 0.00 0.00 0.00 0.00 -419.17 -530.53 -242.20 -528.61 -322.37 -21.26 295.15 542.90 82.61 13.98 -659.09 -744.86 -339.13 -883.69 -374.98 -49.09 802.14 719.89 51.10 -5.43 -958.46 -992.83 -403.65 -1036.47 -703.73 -113.10 913.75 712.36 -0.00 -31.88 -1083.74 -1173.96 -455.85 -1129.97 -817.44 -151.40 967.11 718.26 -13.83 -63.40
0.00 0.00 0.00 0.00 0.00 0.00 0.00 0.00 0.00 0.00 -419.17 -530.53 -242.20 -528.61 -322.37 -21.26 295.15 542.90 82.61 13.98 -659.09 -744.86 -339.13 -883.69 -374.98 -49.09 802.14 719.89 51.10 -5.43 -958.46 -992.83 -403.65 -1036.47 -703.73 -113.10 913.75 712.36 -0.00 -31.88 -1083.74 -1173.96 -455.85 -1129.97 -817.44 -151.40 967.11 718.26 -13.83 -63.40
0.00 0.00 0.00 0.00 0.00 0.00 0.00 0.00 0.00 0.00 -442.81 -560.69 -254.59 -570.33 -329.34 -16.19 247.78 710.76 80.56 -3.44 -723.51 -766.55 -347.63 -933.18 -405.90 -64.49 509.70 744.32 49.48 -16.40 -1012.99 -1044.24 -410.72 -1060.70 -738.50 -106.68 817.06 722.85 -0.41 -68.00 -1118.28 -1216.75 -463.80 -1146.54 -836.41 -146.96 903.20 716.62 -13.11 -82.72
0.00 0.00 0.00 0.00 0.00 0.00 0.00 0.00 0.00 0.00 -442.81 -560.69 -254.59 -570.33 -329.34 -16.19 247.78 710.76 80.56 -3.44 -723.51 -766.55 -347.63 -933.18 -405.90 -64.49 509.70 744.32 49.48 -16.40 -1012.99 -1044.24 -410.72 -1060.70 -738.50 -106.68 817.06 722.85 -0.41 -68.00 -1118.28 -1216.75 -463.80 -1146.54 -836.41 -146.96 903.20 716.62 -13.11 -82.72
0.00 0.00 0.00 0.00 0.00 0.00 0.00 0.00 0.00 0.00 -442.81 -560.69 -254.59 -570.33 -329.34 -16.19 247.78 710.76 80.56 -3.44 -723.51 -766.55 -347.63 -933.18 -405.90 -64.49 509.70 744.32 49.48 -16.40 -1012.99 -1044.24 -410.72 -1060.70 -738.50 -106.68 817.06 722.85 -0.41 -68.00 -1118.28 -1216.75 -463.80 -1146.54 -836.41 -146.96 903.20 716.62 -13.11 -82.72
0.00 0.00 0.00 0.00 0.00 0.00 0.00 0.00 0.00 0.00 -442.81 -560.69 -254.59 -570.33 -329.34 -16.19 247.78 710.76 80.56 -3.44 -723.51 -766.55 -347.63 -933.18 -405.90 -64.49 509.70 744.32 49.48 -16.40 -1012.99 -1044.24 -410.72 -1060.70 -738.50 -106.68 817.06 722.85 -0.41 -68.00 -1118.28 -1216.75 -463.80 -1146.54 -836.41 -146.96 903.20 716.62 -13.11 -82.72
0.00 0.00 0.00 0.00 0.00 0.00 0.00 0.00 0.00 0.00 -442.81 -560.69 -254.59 -570.33 -329.34 -16.19 247.78 710.76 80.56 -3.44 -723.51 -766.55 -347.63 -933.18 -405.90 -64.49 509.70 744.32 49.48 -16.40 -1012.99 -1044.24 -410.72 -1060.70 -738.50 -106.68 817.06 722.85 -0.41 -68.00 -1118.28 -1216.75 -463.80 -1146.54 -836.41 -146.96 903.20 716.62 -13.11 -82.72
0.00 0.00 0.00 0.00 0.00 0.00 0.00 0.00 0.00 0.00 -442.81 -560.69 -254.59 -570.33 -329.34 -16.19 247.78 710.76 80.56 -3.44 -723.51 -766.55 -347.63 -933.18 -405.90 -64.49 509.70 744.32 49.48 -16.40 -1012.99 -1044.24 -410.72 -1060.70 -738.50 -106.68 817.06 722.85 -0.41 -68.00 -1118.28 -1216.75 -463.80 -1146.54 -836.41 -146.96 903.20 716.62 -13.11 -82.72
0.00 0.00 0.00 0.00 0.00 0.00 0.00 0.00 0.00 0.00 -442.81 -560.69 -254.59 -570.33 -329.34 -16.19 247.78 710.76 80.56 -3.44 -723.51 -766.55 -347.63 -933.18 -405.90 -64.49 509.70 744.32 49.48 -16.40 -1012.99 -1044.24 -410.72 -1060.70 -738.50 -106.68 817.06 722.85 -0.41 -68.00 -1118.28 -1216.75 -463.80 -1146.54 -836.41 -146.96 903.20 716.62 -13.11 -82.72
0.00 0.00 0.00 0.00 0.00 0.00 0.00 0.00 0.00 0.00 -442.81 -560.69 -254.59 -570.33 -329.34 -16.19 247.78 710.76 80.56 -3.44 -723.51 -766.55 -347.63 -933.18 -405.90 -64.49 509.70 744.32 49.48 -16.40 -1012.99 -1044.24 -410.72 -1060.70 -738.50 -106.68 817.06 722.85 -0.41 -68.00 -1118.28 -1216.75 -463.80 -1146.54 -836.41 -146.96 903.20 716.62 -13.11 -82.72
0.00 0.00 0.00 0.00 0.00 0.00 0.00 0.00 0.00 0.00 -442.81 -560.69 -254.59 -570.33 -329.34 -16.19 247.78 710.76 80.56 -3.44 -723.51 -766.55 -347.63 -933.18 -405.90 -64.49 509.70 744.32 49.48 -16.40 -1012.99 -1044.24 -410.72 -1060.70 -738.50 -106.68 817.06 722.85 -0.41 -68.00 -1118.28 -1216.75 -463.80 -1146.54 -836.41 -146.96 903.20 716.62 -13.11 -82.72
0.00 0.00 0.00 0.00 0.00 0.00 0.00 0.00 0.00 0.00 -442.81 -560.69 -254.59 -570.33 -329.34 -16.19 247.78 710.76 80.56 -3.44 -723.51 -766.55 -347.63 -933.18 -405.90 -64.49 509.70 744.32 49.48 -16.40 -1012.99 -1044.24 -410.72 -1060.70 -738.50 -106.68 817.06 722.85 -0.41 -68.00 -1118.28 -1216.75 -463.80 -1146.54 -836.41 -146.96 903.20 716.62 -13.11 -82.72
0.00 0.00 0.00 0.00 0.00 0.00 0.00 0.00 0.00 0.00 -442.81 -560.69 -254.59 -570.33 -329.34 -16.19 247.78 710.76 80.56 -3.44 -723.51 -766.55 -347.63 -933.18 -405.90 -64.49 509.70 744.32 49.48 -16.40 -1012.99 -1044.24 -410.72 -1060.70 -738.50 -106.68 817.06 722.85 -0.41 -68.00 -1118.28 -1216.75 -463.80 -1146.54 -836.41 -146.96 903.20 716.62 -13.11 -82.72
0.00 0.00 0.00 0.00 0.00 0.00 0.00 0.00 0.00 0.00 -442.81 -560.69 -254.59 -570.33 -329.34 -16.19 247.78 710.76 80.56 -3.44 -723.51 -766.55 -347.63 -933.18 -405.90 -64.49 509.70 744.32 49.48 -16.40 -1012.99 -1044.24 -410.72 -1060.70 -738.50 -106.68 817.06 722.85 -0.41 -68.00 -1118.28 -1216.75 -463.80 -1146.54 -836.41 -146.96 903.20 716.62 -13.11 -82.72
0.00 0.00 0.00 0.00 0.00 0.00 0.00 0.00 0.00 0.00 -442.81 -560.69 -254.59 -570.33 -329.34 -16.19 247.78 710.76 80.56 -3.44 -723.51 -766.55 -347.63 -933.18 -405.90 -64.49 509.70 744.32 49.48 -16.40 -1012.99 -1044.24 -410.72 -1060.70 -738.50 -106.68 817.06 722.85 -0.41 -68.00 -1118.28 -1216.75 -463.80 -1146.54 -836.41 -146.96 903.20 716.62 -13.11 -82.72
0.00 0.00 0.00 0.00 0.00 0.00 0.00 0.00 0.00 0.00 -442.81 -560.69 -254.59 -570.33 -329.34 -16.19 247.78 710.76 80.56 -3.44 -723.51 -766.55 -347.63 -933.18 -405.90 -64.49 509.70 744.32 49.48 -16.40 -1012.99 -1044.24 -410.72 -1060.70 -738.50 -106.68 817.06 722.85 -0.41 -68.00 -1118.28 -1216.75 -463.80 -1146.54 -836.41 -146.96 903.20 716.62 -13.11 -82.72
0.00 0.00 0.00 0.00 0.00 0.00 0.00 0.00 0.00 0.00 -442.81 -560.69 -254.59 -570.33 -329.34 -16.19 247.78 710.76 80.56 -3.44 -723.51 -766.55 -347.63 -933.18 -405.90 -64.49 509.70 744.32 49.48 -16.40 -1012.99 -1044.24 -410.72 -1060.70 -738.50 -106.68 817.06 722.85 -0.41 -68.00 -1118.28 -1216.75 -463.80 -1146.54 -836.41 -146.96 903.20 716.62 -13.11 -82.72
0.00 0.00 0.00 0.00 0.00 0.00 0.00 0.00 0.00 0.00 -442.81 -560.69 -254.59 -570.33 -329.34 -16.19 247.78 710.76 80.56 -3.44 -723.51 -766.55 -347.63 -933.18 -405.90 -64.49 509.70 744.32 49.48 -16.40 -1012.99 -1044.24 -410.72 -1060.70 -738.50 -106.68 817.06 722.85 -0.41 -68.00 -1118.28 -1216.75 -463.80 -1146.54 -836.41 -146.96 903.20 716.62 -13.11 -82.72
0.00 0.00 0.00 0.00 0.00 0.00 0.00 0.00 0.00 0.00 -442.81 -560.69 -254.59 -570.33 -329.34 -16.19 247.78 710.76 80.56 -3.44 -723.51 -766.55 -347.63 -933.18 -405.90 -64.49 509.70 744.32 49.48 -16.40 -1012.99 -1044.24 -410.72 -1060.70 -738.50 -106.68 817.06 722.85 -0.41 -68.00 -1118.28 -1216.75 -463.80 -1146.54 -836.41 -146.96 903.20 716.62 -13.11 -82.72
0.00 0.00 0.00 0.00 0.00 0.00 0.00 0.00 0.00 0.00 -442.81 -560.69 -254.59 -570.33 -329.34 -16.19 247.78 710.76 80.56 -3.44 -723.51 -766.55 -347.63 -933.18 -405.90 -64.49 509.70 744.32 49.48 -16.40 -1012.99 -1044.24 -410.72 -1060.70 -738.50 -106.68 817.06 722.85 -0.41 -68.00 -1118.28 -1216.75 -463.80 -1146.54 -836.41 -146.96 903.20 716.62 -13.11 -82.72
0.00 0.00 0.00 0.00 0.00 0.00 0.00 0.00 0.00 0.00 -442.81 -560.69 -254.59 -570.33 -329.34 -16.19 247.78 710.76 80.56 -3.44 -723.51 -766.55 -347.63 -933.18 -405.90 -64.49 509.70 744.32 49.48 -16.40 -1012.99 -1044.24 -410.72 -1060.70 -738.50 -106.68 817.06 722.85 -0.41 -68.00 -1118.28 -1216.75 -463.80 -1146.54 -836.41 -146.96 903.20 716.62 -13.11 -82.72
0.00 0.00 0.00 0.00 0.00 0.00 0.00 0.00 0.00 0.00 -442.81 -560.69 -254.59 -570.33 -329.34 -16.19 247.78 710.76 80.56 -3.44 -723.51 -766.55 -347.63 -933.18 -405.90 -64.49 509.70 744.32 49.48 -16.40 -1012.99 -1044.24 -410.72 -1060.70 -738.50 -106.68 817.06 722.85 -0.41 -68.00 -1118.28 -1216.75 -463.80 -1146.54 -836.41 -146.96 903.20 716.62 -13.11 -82.72
0.00 0.00 0.00 0.00 0.00 0.00 0.00 0.00 0.00 0.00 -442.81 -560.69 -254.59 -570.33 -329.34 -16.19 247.78 710.76 80.56 -3.44 -723.51 -766.55 -347.63 -933.18 -405.90 -64.49 509.70 744.32 49.48 -16.40 -1012.99 -1044.24 -410.72 -1060.70 -738.50 -106.68 817.06 722.85 -0.41 -68.00 -1118.28 -1216.75 -463.80 -1146.54 -836.41 -146.96 903.20 716.62 -13.11 -82.72
0.00 0.00 0.00 0.00 0.00 0.00 0.00 0.00 0.00 0.00 -442.81 -560.69 -254.59 -570.33 -329.34 -16.19 247.78 710.76 80.56 -3.44 -723.51 -766.55 -347.63 -933.18 -405.90 -64.49 509.70 744.32 49.48 -16.40 -1012.99 -1044.24 -410.72 -1060.70 -738.50 -106.68 817.06 722.85 -0.41 -68.00 -1118.28 -1216.75 -463.80 -1146.54 -836.41 -146.96 903.20 716.62 -13.11 -82.72
0.00 0.00 0.00 0.00 0.00 0.00 0.00 0.00 0.00 0.00 -442.81 -560.69 -254.59 -570.33 -329.34 -16.19 247.78 710.76 80.56 -3.44 -723.51 -766.55 -347.63 -933.18 -405.90 -64.49 509.70 744.32 49.48 -16.40 -1012.99 -1044.24 -410.72 -1060.70 -738.50 -106.68 817.06 722.85 -0.41 -68.00 -1118.28 -1216.75 -463.80 -1146.54 -836.41 -146.96 903.20 716.62 -13.11 -82.72
0.00 0.00 0.00 0.00 0.00 0.00 0.00 0.00 0.00 0.00 -442.81 -560.69 -254.59 -570.33 -329.34 -16.19 247.78 710.76 80.56 -3.44 -723.51 -766.55 -347.63 -933.18 -405.90 -64.49 509.70 744.32 49.48 -16.40 -1012.99 -1044.24 -410.72 -1060.70 -738.50 -106.68 817.06 722.85 -0.41 -68.00 -1118.28 -1216.75 -463.80 -1146.54 -836.41 -146.96 903.20 716.62 -13.11 -82.72
0.00 0.00 0.00 0.00 0.00 0.00 0.00 0.00 0.00 0.00 -442.81 -560.69 -254.59 -570.33 -329.34 -16.19 247.78 710.76 80.56 -3.44 -723.51 -766.55 -347.63 -933.18 -405.90 -64.49 509.70 744.32 49.48 -16.40 -1012.99 -1044.24 -410.72 -1060.70 -738.50 -106.68 817.06 722.85 -0.41 -68.00 -1118.28 -1216.75 -463.80 -1146.54 -836.41 -146.96 903.20 716.62 -13.11 -82.72
0.00 0.00 0.00 0.00 0.00 0.00 0.00 0.00 0.00 0.00 -442.81 -560.69 -254.59 -570.33 -329.34 -16.19 247.78 710.76 80.56 -3.44 -723.51 -766.55 -347.63 -933.18 -405.90 -64.49 509.70 744.32 49.48 -16.40 -1012.99 -1044.24 -410.72 -1060.70 -738.50 -106.68 817.06 722.85 -0.41 -68.00 -1118.28 -1216.75 -463.80 -1146.54 -836.41 -146.96 903.20 716.62 -13.11 -82.72
0.00 0.00 0.00 0.00 0.00 0.00 0.00 0.00 0.00 0.00 -442.81 -560.69 -254.59 -570.33 -329.34 -16.19 247.78 710.76 80.56 -3.44 -723.51 -766.55 -347.63 -933.18 -405.90 -64.49 509.70 744.32 49.48 -16.40 -1012.99 -1044.24 -410.72 -1060.70 -738.50 -106.68 817.06 722.85 -0.41 -68.00 -1118.28 -1216.75 -463.80 -1146.54 -836.41 -146.96 903.20 716.62 -13.11 -82.72
0.00 0.00 0.00 0.00 0.00 0.00 0.00 0.00 0.00 0.00 -442.81 -560.69 -254.59 -570.33 -329.34 -16.19 247.78 710.76 80.56 -3.44 -723.51 -766.55 -347.63 -933.18 -405.90 -64.49 509.70 744.32 49.48 -16.40 -1012.99 -1044.24 -410.72 -1060.70 -738.50 -106.68 817.06 722.85 -0.41 -68.00 -1118.28 -1216.75 -463.80 -1146.54 -836.41 -146.96 903.20 716.62 -13.11 -82.72
