0.00 0.00 0.00 0.00 0.00 0.00 0.00 0.00 0.00 0.00 0.00 0.00 0.00 0.00 0.00 0.00 0.00 0.00 0.00 0.00 0.00 0.00 0.00 0.00 0.00 0.00 0.00 0.00 0.00 0.00 0.00 0.00 0.00 0.00 0.00 0.00 0.00 0.00 0.00 0.00 0.00 0.00 0.00 0.00 0.00 0.00 0.00 0.00 0.00 0.00
0.00 0.00 0.00 0.00 0.00 0.00 0.00 0.00 0.00 0.00 0.00 0.00 0.00 0.00 0.00 0.00 0.00 0.00 0.00 0.00 0.00 0.00 0.00 0.00 0.00 0.00 0.00 0.00 0.00 0.00 0.00 0.00 0.00 0.00 0.00 0.00 0.00 0.00 0.00 0.00 0.00 0.00 0.00 0.00 0.00 0.00 0.00 0.00 0.00 0.00
0.00 0.00 0.00 0.00 0.00 0.00 0.00 0.00 0.00 0.00 -436.25 -552.67 -250.72 -558.55 -327.54 -20.36 350.98 703.48 76.66 12.66 -698.11 -754.98 -343.24 -920.13 -388.24 -57.84 980.18 744.35 49.01 -8.47 -1003.03 -1027.56 -409.32 -1063.11 -728.11 -88.00 998.84 722.43 -5.95 -45.64 -1114.66 -1207.19 -464.66 -1138.30 -835.22 -142.44 1005.42 715.80 -14.82 -75.12
0.00 0.00 0.00 0.00 0.00 0.00 0.00 0.00 0.00 0.00 -436.25 -552.67 -250.72 -558.55 -327.54 -20.36 350.98 703.48 76.66 12.66 -698.11 -754.98 -343.24 -920.13 -388.24 -57.84 980.18 744.35 49.01 -8.47 -1003.03 -1027.56 -409.32 -1063.11 -728.11 -88.00 998.84 722.43 -5.95 -45.64 -1114.66 -1207.19 -464.66 -1138.30 -835.22 -142.44 1005.42 715.80 -14.82 -75.12
0.00 0.00 0.00 0.00 0.00 0.00 0.00 0.00 0.00 0.00 -436.25 -552.67 -250.72 -558.55 -327.54 -20.36 350.98 703.48 76.66 12.66 -698.11 -754.98 -343.24 -920.13 -388.24 -57.84 980.18 744.35 49.01 -8.47 -1003.03 -1027.56 -409.32 -1063.11 -728.11 -88.00 998.84 722.43 -5.95 -45.64 -1114.66 -1207.19 -464.66 -1138.30 -835.22 -142.44 1005.42 715.80 -14.82 -75.12
0.00 0.00 0.00 0.00 0.00 0.00 0.00 0.00 0.00 0.00 -436.25 -552.67 -250.72 -558.55 -327.54 -20.36 350.98 703.48 76.66 12.66 -698.11 -754.98 -343.24 -920.13 -388.24 -57.84 980.18 744.35 49.01 -8.47 -1003.03 -1027.56 -409.32 -1063.11 -728.11 -88.00 998.84 722.43 -5.95 -45.64 -1114.66 -1207.19 -464.66 -1138.30 -835.22 -142.44 1005.42 715.80 -14.82 -75.12
0.00 0.00 0.00 0.00 0.00 0.00 0.00 0.00 0.00 0.00 -436.25 -552.67 -250.72 -558.55 -327.54 -20.36 350.98 703.48 76.66 12.66 -698.11 -754.98 -343.24 -920.13 -388.24 -57.84 980.18 744.35 49.01 -8.47 -1003.03 -1027.56 -409.32 -1063.11 -728.11 -88.00 998.84 722.43 -5.95 -45.64 -1114.66 -1207.19 -464.66 -1138.30 -835.22 -142.44 1005.42 715.80 -14.82 -75.12
0.00 0.00 0.00 0.00 0.00 0.00 0.00 0.00 0.00 0.00 -436.25 -552.67 -250.72 -558.55 -327.54 -20.36 350.98 703.48 76.66 12.66 -698.11 -754.98 -343.24 -920.13 -388.24 -57.84 980.18 744.35 49.01 -8.47 -1003.03 -1027.56 -409.32 -1063.11 -728.11 -88.00 998.84 722.43 -5.95 -45.64 -1114.66 -1207.19 -464.66 -1138.30 -835.22 -142.44 1005.42 715.80 -14.82 -75.12
0.00 0.00 0.00 0.00 0.00 0.00 0.00 0.00 0.00 0.00 -442.63 -571.35 -256.67 -588.97 -331.67 -25.39 376.63 661.36 69.27 8.90 -771.32 -788.05 -352.01 -946.96 -434.16 -74.29 976.45 752.52 64.42 -15.28 -1034.31 -1076.62 -412.74 -1071.29 -753.38 -116.58 1005.93 723.84 12.44 -41.19 -1139.40 -1243.51 -469.94 -1159.84 -852.84 -156.02 1007.81 719.07 -12.67 -66.93
0.00 0.00 0.00 0.00 0.00 0.00 0.00 0.00 0.00 0.00 -442.63 -571.35 -256.67 -588.97 -331.67 -25.39 376.63 661.36 69.27 8.90 -771.32 -788.05 -352.01 -946.96 -434.16 -74.29 976.45 752.52 64.42 -15.28 -1034.31 -1076.62 -412.74 -1071.29 -753.38 -116.58 1005.93 723.84 12.44 -41.19 -1139.40 -1243.51 -469.94 -1159.84 -852.84 -156.02 1007.81 719.07 -12.67 -66.93
0.00 0.00 0.00 0.00 0.00 0.00 0.00 0.00 0.00 0.00 -442.63 -571.35 -256.67 -588.97 -331.67 -25.39 376.63 661.36 69.27 8.90 -771.32 -788.05 -352.01 -946.96 -434.16 -74.29 976.45 752.52 64.42 -15.28 -1034.31 -1076.62 -412.74 -1071.29 -753.38 -116.58 1005.93 723.84 12.44 -41.19 -1139.40 -1243.51 -469.94 -1159.84 -852.84 -156.02 1007.81 719.07 -12.67 -66.93
0.00 0.00 0.00 0.00 0.00 0.00 0.00 0.00 0.00 0.00 -442.63 -571.35 -256.67 -588.97 -331.67 -25.39 376.63 661.36 69.27 8.90 -771.32 -788.05 -352.01 -946.96 -434.16 -74.29 976.45 752.52 64.42 -15.28 -1034.31 -1076.62 -412.74 -1071.29 -753.38 -116.58 1005.93 723.84 12.44 -41.19 -1139.40 -1243.51 -469.94 -1159.84 -852.84 -156.02 1007.81 719.07 -12.67 -66.93
0.00 0.00 0.00 0.00 0.00 0.00 0.00 0.00 0.00 0.00 -442.63 -571.35 -256.67 -588.97 -331.67 -25.39 376.63 661.36 69.27 8.90 -771.32 -788.05 -352.01 -946.96 -434.16 -74.29 976.45 752.52 64.42 -15.28 -1034.31 -1076.62 -412.74 -1071.29 -753.38 -116.58 1005.93 723.84 12.44 -41.19 -1139.40 -1243.51 -469.94 -1159.84 -852.84 -156.02 1007.81 719.07 -12.67 -66.93
0.00 0.00 0.00 0.00 0.00 0.00 0.00 0.00 0.00 0.00 -442.63 -571.35 -256.67 -588.97 -331.67 -25.39 376.63 661.36 69.27 8.90 -771.32 -788.05 -352.01 -946.96 -434.16 -74.29 976.45 752.52 64.42 -15.28 -1034.31 -1076.62 -412.74 -1071.29 -753.38 -116.58 1005.93 723.84 12.44 -41.19 -1139.40 -1243.51 -469.94 -1159.84 -852.84 -156.02 1007.81 719.07 -12.67 -66.93
0.00 0.00 0.00 0.00 0.00 0.00 0.00 0.00 0.00 0.00 -442.63 -571.35 -256.67 -588.97 -331.67 -25.39 376.63 661.36 69.27 8.90 -771.32 -788.05 -352.01 -946.96 -434.16 -74.29 976.45 752.52 64.42 -15.28 -1034.31 -1076.62 -412.74 -1071.29 -753.38 -116.58 1005.93 723.84 12.44 -41.19 -1139.40 -1243.51 -469.94 -1159.84 -852.84 -156.02 1007.81 719.07 -12.67 -66.93
0.00 0.00 0.00 0.00 0.00 0.00 0.00 0.00 0.00 0.00 -442.63 -571.35 -256.67 -588.97 -331.67 -25.39 376.63 661.36 69.27 8.90 -771.32 -788.05 -352.01 -946.96 -434.16 -74.29 976.45 752.52 64.42 -15.28 -1034.31 -1076.62 -412.74 -1071.29 -753.38 -116.58 1005.93 723.84 12.44 -41.19 -1139.40 -1243.51 -469.94 -1159.84 -852.84 -156.02 1007.81 719.07 -12.67 -66.93
0.00 0.00 0.00 0.00 0.00 0.00 0.00 0.00 0.00 0.00 -452.96 -595.16 -268.23 -625.36 -336.42 -26.19 360.66 712.11 81.81 -0.40 -770.63 -788.97 -351.53 -944.21 -434.60 -68.07 1014.31 751.72 62.84 -9.92 -1042.17 -1087.94 -415.14 -1075.78 -761.20 -137.87 1008.35 723.51 8.03 -56.05 -1145.24 -1254.15 -472.97 -1163.32 -858.30 -158.14 1007.89 718.72 -11.56 -80.35
0.00 0.00 0.00 0.00 0.00 0.00 0.00 0.00 0.00 0.00 -452.96 -595.16 -268.23 -625.36 -336.42 -26.19 360.66 712.11 81.81 -0.40 -770.63 -788.97 -351.53 -944.21 -434.60 -68.07 1014.31 751.72 62.84 -9.92 -1042.17 -1087.94 -415.14 -1075.78 -761.20 -137.87 1008.35 723.51 8.03 -56.05 -1145.24 -1254.15 -472.97 -1163.32 -858.30 -158.14 1007.89 718.72 -11.56 -80.35
0.00 0.00 0.00 0.00 0.00 0.00 0.00 0.00 0.00 0.00 -452.96 -595.16 -268.23 -625.36 -336.42 -26.19 360.66 712.11 81.81 -0.40 -770.63 -788.97 -351.53 -944.21 -434.60 -68.07 1014.31 751.72 62.84 -9.92 -1042.17 -1087.94 -415.14 -1075.78 -761.20 -137.87 1008.35 723.51 8.03 -56.05 -1145.24 -1254.15 -472.97 -1163.32 -858.30 -158.14 1007.89 718.72 -11.56 -80.35
0.00 0.00 0.00 0.00 0.00 0.00 0.00 0.00 0.00 0.00 -452.96 -595.16 -268.23 -625.36 -336.42 -26.19 360.66 712.11 81.81 -0.40 -770.63 -788.97 -351.53 -944.21 -434.60 -68.07 1014.31 751.72 62.84 -9.92 -1042.17 -1087.94 -415.14 -1075.78 -761.20 -137.87 1008.35 723.51 8.03 -56.05 -1145.24 -1254.15 -472.97 -1163.32 -858.30 -158.14 1007.89 718.72 -11.56 -80.35
0.00 0.00 0.00 0.00 0.00 0.00 0.00 0.00 0.00 0.00 -452.96 -595.16 -268.23 -625.36 -336.42 -26.19 360.66 712.11 81.81 -0.40 -770.63 -788.97 -351.53 -944.21 -434.60 -68.07 1014.31 751.72 62.84 -9.92 -1042.17 -1087.94 -415.14 -1075.78 -761.20 -137.87 1008.35 723.51 8.03 -56.05 -1145.24 -1254.15 -472.97 -1163.32 -858.30 -158.14 1007.89 718.72 -11.56 -80.35
0.00 0.00 0.00 0.00 0.00 0.00 0.00 0.00 0.00 0.00 -452.96 -595.16 -268.23 -625.36 -336.42 -26.19 360.66 712.11 81.81 -0.40 -770.63 -788.97 -351.53 -944.21 -434.60 -68.07 1014.31 751.72 62.84 -9.92 -1042.17 -1087.94 -415.14 -1075.78 -761.20 -137.87 1008.35 723.51 8.03 -56.05 -1145.24 -1254.15 -472.97 -1163.32 -858.30 -158.14 1007.89 718.72 -11.56 -80.35
0.00 0.00 0.00 0.00 0.00 0.00 0.00 0.00 0.00 0.00 -452.96 -595.16 -268.23 -625.36 -336.42 -26.19 360.66 712.11 81.81 -0.40 -770.63 -788.97 -351.53 -944.21 -434.60 -68.07 1014.31 751.72 62.84 -9.92 -1042.17 -1087.94 -415.14 -1075.78 -761.20 -137.87 1008.35 723.51 8.03 -56.05 -1145.24 -1254.15 -472.97 -1163.32 -858.30 -158.14 1007.89 718.72 -11.56 -80.35
0.00 0.00 0.00 0.00 0.00 0.00 0.00 0.00 0.00 0.00 -452.96 -595.16 -268.23 -625.36 -336.42 -26.19 360.66 712.11 81.81 -0.40 -770.63 -788.97 -351.53 -944.21 -434.60 -68.07 1014.31 751.72 62.84 -9.92 -1042.17 -1087.94 -415.14 -1075.78 -761.20 -137.87 1008.35 723.51 8.03 -56.05 -1145.24 -1254.15 -472.97 -1163.32 -858.30 -158.14 1007.89 718.72 -11.56 -80.35
0.00 0.00 0.00 0.00 0.00 0.00 0.00 0.00 0.00 0.00 -452.96 -595.16 -268.23 -625.36 -336.42 -26.19 360.66 712.11 81.81 -0.40 -770.63 -788.97 -351.53 -944.21 -434.60 -68.07 1014.31 751.72 62.84 -9.92 -1042.17 -1087.94 -415.14 -1075.78 -761.20 -137.87 1008.35 723.51 8.03 -56.05 -1145.24 -1254.15 -472.97 -1163.32 -858.30 -158.14 1007.89 718.72 -11.56 -80.35
0.00 0.00 0.00 0.00 0.00 0.00 0.00 0.00 0.00 0.00 -452.96 -595.16 -268.23 -625.36 -336.42 -26.19 360.66 712.11 81.81 -0.40 -770.63 -788.97 -351.53 -944.21 -434.60 -68.07 1014.31 751.72 62.84 -9.92 -1042.17 -1087.94 -415.14 -1075.78 -761.20 -137.87 1008.35 723.51 8.03 -56.05 -1145.24 -1254.15 -472.97 -1163.32 -858.30 -158.14 1007.89 718.72 -11.56 -80.35
0.00 0.00 0.00 0.00 0.00 0.00 0.00 0.00 0.00 0.00 -452.96 -595.16 -268.23 -625.36 -336.42 -26.19 360.66 712.11 81.81 -0.40 -770.63 -788.97 -351.53 -944.21 -434.60 -68.07 1014.31 751.72 62.84 -9.92 -1042.17 -1087.94 -415.14 -1075.78 -761.20 -137.87 1008.35 723.51 8.03 -56.05 -1145.24 -1254.15 -472.97 -1163.32 -858.30 -158.14 1007.89 718.72 -11.56 -80.35
0.00 0.00 0.00 0.00 0.00 0.00 0.00 0.00 0.00 0.00 -452.96 -595.16 -268.23 -625.36 -336.42 -26.19 360.66 712.11 81.81 -0.40 -770.63 -788.97 -351.53 -944.21 -434.60 -68.07 1014.31 751.72 62.84 -9.92 -1042.17 -1087.94 -415.14 -1075.78 -761.20 -137.87 1008.35 723.51 8.03 -56.05 -1145.24 -1254.15 -472.97 -1163.32 -858.30 -158.14 1007.89 718.72 -11.56 -80.35
0.00 0.00 0.00 0.00 0.00 0.00 0.00 0.00 0.00 0.00 -452.96 -595.16 -268.23 -625.36 -336.42 -26.19 360.66 712.11 81.81 -0.40 -770.63 -788.97 -351.53 -944.21 -434.60 -68.07 1014.31 751.72 62.84 -9.92 -1042.17 -1087.94 -415.14 -1075.78 -761.20 -137.87 1008.35 723.51 8.03 -56.05 -1145.24 -1254.15 -472.97 -1163.32 -858.30 -158.14 1007.89 718.72 -11.56 -80.35
0.00 0.00 0.00 0.00 0.00 0.00 0.00 0.00 0.00 0.00 -452.96 -595.16 -268.23 -625.36 -336.42 -26.19 360.66 712.11 81.81 -0.40 -770.63 -788.97 -351.53 -944.21 -434.60 -68.07 1014.31 751.72 62.84 -9.92 -1042.17 -1087.94 -415.14 -1075.78 -761.20 -137.87 1008.35 723.51 8.03 -56.05 -1145.24 -1254.15 -472.97 -1163.32 -858.30 -158.14 1007.89 718.72 -11.56 -80.35
0.00 0.00 0.00 0.00 0.00 0.00 0.00 0.00 0.00 0.00 -452.96 -595.16 -268.23 -625.36 -336.42 -26.19 360.66 712.11 81.81 -0.40 -770.63 -788.97 -351.53 -944.21 -434.60 -68.07 1014.31 751.72 62.84 -9.92 -1042.17 -1087.94 -415.14 -1075.78 -761.20 -137.87 1008.35 723.51 8.03 -56.05 -1145.24 -1254.15 -472.97 -1163.32 -858.30 -158.14 1007.89 718.72 -11.56 -80.35
0.00 0.00 0.00 0.00 0.00 0.00 0.00 0.00 0.00 0.00 -452.96 -595.16 -268.23 -625.36 -336.42 -26.19 360.66 712.11 81.81 -0.40 -770.63 -788.97 -351.53 -944.21 -434.60 -68.07 1014.31 751.72 62.84 -9.92 -1042.17 -1087.94 -415.14 -1075.78 -761.20 -137.87 1008.35 723.51 8.03 -56.05 -1145.24 -1254.15 -472.97 -1163.32 -858.30 -158.14 1007.89 718.72 -11.56 -80.35
0.00 0.00 0.00 0.00 0.00 0.00 0.00 0.00 0.00 0.00 -452.96 -595.16 -268.23 -625.36 -336.42 -26.19 360.66 712.11 81.81 -0.40 -770.63 -788.97 -351.53 -944.21 -434.60 -68.07 1014.31 751.72 62.84 -9.92 -1042.17 -1087.94 -415.14 -1075.78 -761.20 -137.87 1008.35 723.51 8.03 -56.05 -1145.24 -1254.15 -472.97 -1163.32 -858.30 -158.14 1007.89 718.72 -11.56 -80.35
0.00 0.00 0.00 0.00 0.00 0.00 0.00 0.00 0.00 0.00 -452.96 -595.16 -268.23 -625.36 -336.42 -26.19 360.66 712.11 81.81 -0.40 -770.63 -788.97 -351.53 -944.21 -434.60 -68.07 1014.31 751.72 62.84 -9.92 -1042.17 -1087.94 -415.14 -1075.78 -761.20 -137.87 1008.35 723.51 8.03 -56.05 -1145.24 -1254.15 -472.97 -1163.32 -858.30 -158.14 1007.89 718.72 -11.56 -80.35
0.00 0.00 0.00 0.00 0.00 0.00 0.00 0.00 0.00 0.00 -452.96 -595.16 -268.23 -625.36 -336.42 -26.19 360.66 712.11 81.81 -0.40 -770.63 -788.97 -351.53 -944.21 -434.60 -68.07 1014.31 751.72 62.84 -9.92 -1042.17 -1087.94 -415.14 -1075.78 -761.20 -137.87 1008.35 723.51 8.03 -56.05 -1145.24 -1254.15 -472.97 -1163.32 -858.30 -158.14 1007.89 718.72 -11.56 -80.35
0.00 0.00 0.00 0.00 0.00 0.00 0.00 0.00 0.00 0.00 -452.96 -595.16 -268.23 -625.36 -336.42 -26.19 360.66 712.11 81.81 -0.40 -770.63 -788.97 -351.53 -944.21 -434.60 -68.07 1014.31 751.72 62.84 -9.92 -1042.17 -1087.94 -415.14 -1075.78 -761.20 -137.87 1008.35 723.51 8.03 -56.05 -1145.24 -1254.15 -472.97 -1163.32 -858.30 -158.14 1007.89 718.72 -11.56 -80.35
0.00 0.00 0.00 0.00 0.00 0.00 0.00 0.00 0.00 0.00 -452.96 -595.16 -268.23 -625.36 -336.42 -26.19 360.66 712.11 81.81 -0.40 -770.63 -788.97 -351.53 -944.21 -434.60 -68.07 1014.31 751.72 62.84 -9.92 -1042.17 -1087.94 -415.14 -1075.78 -761.20 -137.87 1008.35 723.51 8.03 -56.05 -1145.24 -1254.15 -472.97 -1163.32 -858.30 -158.14 1007.89 718.72 -11.56 -80.35
0.00 0.00 0.00 0.00 0.00 0.00 0.00 0.00 0.00 0.00 -452.96 -595.16 -268.23 -625.36 -336.42 -26.19 360.66 712.11 81.81 -0.40 -770.63 -788.97 -351.53 -944.21 -434.60 -68.07 1014.31 751.72 62.84 -9.92 -1042.17 -1087.94 -415.14 -1075.78 -761.20 -137.87 1008.35 723.51 8.03 -56.05 -1145.24 -1254.15 -472.97 -1163.32 -858.30 -158.14 1007.89 718.72 -11.56 -80.35
0.00 0.00 0.00 0.00 0.00 0.00 0.00 0.00 0.00 0.00 -452.96 -595.16 -268.23 -625.36 -336.42 -26.19 360.66 712.11 81.81 -0.40 -770.63 -788.97 -351.53 -944.21 -434.60 -68.07 1014.31 751.72 62.84 -9.92 -1042.17 -1087.94 -415.14 -1075.78 -761.20 -137.87 1008.35 723.51 8.03 -56.05 -1145.24 -1254.15 -472.97 -1163.32 -858.30 -158.14 1007.89 718.72 -11.56 -80.35
0.00 0.00 0.00 0.00 0.00 0.00 0.00 0.00 0.00 0.00 -452.96 -595.16 -268.23 -625.36 -336.42 -26.19 360.66 712.11 81.81 -0.40 -770.63 -788.97 -351.53 -944.21 -434.60 -68.07 1014.31 751.72 62.84 -9.92 -1042.17 -1087.94 -415.14 -1075.78 -761.20 -137.87 1008.35 723.51 8.03 -56.05 -1145.24 -1254.15 -472.97 -1163.32 -858.30 -158.14 1007.89 718.72 -11.56 -80.35
0.00 0.00 0.00 0.00 0.00 0.00 0.00 0.00 0.00 0.00 -452.96 -595.16 -268.23 -625.36 -336.42 -26.19 360.66 712.11 81.81 -0.40 -770.63 -788.97 -351.53 -944.21 -434.60 -68.07 1014.31 751.72 62.84 -9.92 -1042.17 -1087.94 -415.14 -1075.78 -761.20 -137.87 1008.35 723.51 8.03 -56.05 -1145.24 -1254.15 -472.97 -1163.32 -858.30 -158.14 1007.89 718.72 -11.56 -80.35
0.00 0.00 0.00 0.00 0.00 0.00 0.00 0.00 0.00 0.00 -452.96 -595.16 -268.23 -625.36 -336.42 -26.19 360.66 712.11 81.81 -0.40 -770.63 -788.97 -351.53 -944.21 -434.60 -68.07 1014.31 751.72 62.84 -9.92 -1042.17 -1087.94 -415.14 -1075.78 -761.20 -137.87 1008.35 723.51 8.03 -56.05 -1145.24 -1254.15 -472.97 -1163.32 -858.30 -158.14 1007.89 718.72 -11.56 -80.35
0.00 0.00 0.00 0.00 0.00 0.00 0.00 0.00 0.00 0.00 -452.96 -595.16 -268.23 -625.36 -336.42 -26.19 360.66 712.11 81.81 -0.40 -770.63 -788.97 -351.53 -944.21 -434.60 -68.07 1014.31 751.72 62.84 -9.92 -1042.17 -1087.94 -415.14 -1075.78 -761.20 -137.87 1008.35 723.51 8.03 -56.05 -1145.24 -1254.15 -472.97 -1163.32 -858.30 -158.14 1007.89 718.72 -11.56 -80.35
0.00 0.00 0.00 0.00 0.00 0.00 0.00 0.00 0.00 0.00 -452.96 -595.16 -268.23 -625.36 -336.42 -26.19 360.66 712.11 81.81 -0.40 -770.63 -788.97 -351.53 -944.21 -434.60 -68.07 1014.31 751.72 62.84 -9.92 -1042.17 -1087.94 -415.14 -1075.78 -761.20 -137.87 1008.35 723.51 8.03 -56.05 -1145.24 -1254.15 -472.97 -1163.32 -858.30 -158.14 1007.89 718.72 -11.56 -80.35
0.00 0.00 0.00 0.00 0.00 0.00 0.00 0.00 0.00 0.00 -455.67 -587.51 -267.13 -614.63 -335.11 -30.29 378.90 682.15 74.50 15.54 -795.08 -804.50 -356.32 -952.31 -463.92 -83.28 938.08 756.73 57.92 -5.18 -1045.37 -1098.59 -417.80 -1075.50 -764.35 -129.69 936.68 720.23 33.23 -65.83 -1141.17 -1253.86 -473.06 -1158.67 -854.78 -156.18 944.08 718.21 -0.42 -83.91
0.00 0.00 0.00 0.00 0.00 0.00 0.00 0.00 0.00 0.00 -455.67 -587.51 -267.13 -614.63 -335.11 -30.29 378.90 682.15 74.50 15.54 -795.08 -804.50 -356.32 -952.31 -463.92 -83.28 938.08 756.73 57.92 -5.18 -1045.37 -1098.59 -417.80 -1075.50 -764.35 -129.69 936.68 720.23 33.23 -65.83 -1141.17 -1253.86 -473.06 -1158.67 -854.78 -156.18 944.08 718.21 -0.42 -83.91
0.00 0.00 0.00 0.00 0.00 0.00 0.00 0.00 0.00 0.00 -455.67 -587.51 -267.13 -614.63 -335.11 -30.29 378.90 682.15 74.50 15.54 -795.08 -804.50 -356.32 -952.31 -463.92 -83.28 938.08 756.73 57.92 -5.18 -1045.37 -1098.59 -417.80 -1075.50 -764.35 -129.69 936.68 720.23 33.23 -65.83 -1141.17 -1253.86 -473.06 -1158.67 -854.78 -156.18 944.08 718.21 -0.42 -83.91
0.00 0.00 0.00 0.00 0.00 0.00 0.00 0.00 0.00 0.00 -455.67 -587.51 -267.13 -614.63 -335.11 -30.29 378.90 682.15 74.50 15.54 -795.08 -804.50 -356.32 -952.31 -463.92 -83.28 938.08 756.73 57.92 -5.18 -1045.37 -1098.59 -417.80 -1075.50 -764.35 -129.69 936.68 720.23 33.23 -65.83 -1141.17 -1253.86 -473.06 -1158.67 -854.78 -156.18 944.08 718.21 -0.42 -83.91
0.00 0.00 0.00 0.00 0.00 0.00 0.00 0.00 0.00 0.00 -455.67 -587.51 -267.13 -614.63 -335.11 -30.29 378.90 682.15 74.50 15.54 -795.08 -804.50 -356.32 -952.31 -463.92 -83.28 938.08 756.73 57.92 -5.18 -1045.37 -1098.59 -417.80 -1075.50 -764.35 -129.69 936.68 720.23 33.23 -65.83 -1141.17 -1253.86 -473.06 -1158.67 -854.78 -156.18 944.08 718.21 -0.42 -83.91
0.00 0.00 0.00 0.00 0.00 0.00 0.00 0.00 0.00 0.00 -455.67 -587.51 -267.13 -614.63 -335.11 -30.29 378.90 682.15 74.50 15.54 -795.08 -804.50 -356.32 -952.31 -463.92 -83.28 938.08 756.73 57.92 -5.18 -1045.37 -1098.59 -417.80 -1075.50 -764.35 -129.69 936.68 720.23 33.23 -65.83 -1141.17 -1253.86 -473.06 -1158.67 -854.78 -156.18 944.08 718.21 -0.42 -83.91
0.00 0.00 0.00 0.00 0.00 0.00 0.00 0.00 0.00 0.00 -455.67 -587.51 -267.13 -614.63 -335.11 -30.29 378.90 682.15 74.50 15.54 -795.08 -804.50 -356.32 -952.31 -463.92 -83.28 938.08 756.73 57.92 -5.18 -1045.37 -1098.59 -417.80 -1075.50 -764.35 -129.69 936.68 720.23 33.23 -65.83 -1141.17 -1253.86 -473.06 -1158.67 -854.78 -156.18 944.08 718.21 -0.42 -83.91
0.00 0.00 0.00 0.00 0.00 0.00 0.00 0.00 0.00 0.00 -455.67 -587.51 -267.13 -614.63 -335.11 -30.29 378.90 682.15 74.50 15.54 -795.08 -804.50 -356.32 -952.31 -463.92 -83.28 938.08 756.73 57.92 -5.18 -1045.37 -1098.59 -417.80 -1075.50 -764.35 -129.69 936.68 720.23 33.23 -65.83 -1141.17 -1253.86 -473.06 -1158.67 -854.78 -156.18 944.08 718.21 -0.42 -83.91
0.00 0.00 0.00 0.00 0.00 0.00 0.00 0.00 0.00 0.00 -455.67 -587.51 -267.13 -614.63 -335.11 -30.29 378.90 682.15 74.50 15.54 -795.08 -804.50 -356.32 -952.31 -463.92 -83.28 938.08 756.73 57.92 -5.18 -1045.37 -1098.59 -417.80 -1075.50 -764.35 -129.69 936.68 720.23 33.23 -65.83 -1141.17 -1253.86 -473.06 -1158.67 -854.78 -156.18 944.08 718.21 -0.42 -83.91
0.00 0.00 0.00 0.00 0.00 0.00 0.00 0.00 0.00 0.00 -455.67 -587.51 -267.13 -614.63 -335.11 -30.29 378.90 682.15 74.50 15.54 -795.08 -804.50 -356.32 -952.31 -463.92 -83.28 938.08 756.73 57.92 -5.18 -1045.37 -1098.59 -417.80 -1075.50 -764.35 -129.69 936.68 720.23 33.23 -65.83 -1141.17 -1253.86 -473.06 -1158.67 -854.78 -156.18 944.08 718.21 -0.42 -83.91
0.00 0.00 0.00 0.00 0.00 0.00 0.00 0.00 0.00 0.00 -455.67 -587.51 -267.13 -614.63 -335.11 -30.29 378.90 682.15 74.50 15.54 -795.08 -804.50 -356.32 -952.31 -463.92 -83.28 938.08 756.73 57.92 -5.18 -1045.37 -1098.59 -417.80 -1075.50 -764.35 -129.69 936.68 720.23 33.23 -65.83 -1141.17 -1253.86 -473.06 -1158.67 -854.78 -156.18 944.08 718.21 -0.42 -83.91
0.00 0.00 0.00 0.00 0.00 0.00 0.00 0.00 0.00 0.00 -455.67 -587.51 -267.13 -614.63 -335.11 -30.29 378.90 682.15 74.50 15.54 -795.08 -804.50 -356.32 -952.31 -463.92 -83.28 938.08 756.73 57.92 -5.18 -1045.37 -1098.59 -417.80 -1075.50 -764.35 -129.69 936.68 720.23 33.23 -65.83 -1141.17 -1253.86 -473.06 -1158.67 -854.78 -156.18 944.08 718.21 -0.42 -83.91
0.00 0.00 0.00 0.00 0.00 0.00 0.00 0.00 0.00 0.00 -455.67 -587.51 -267.13 -614.63 -335.11 -30.29 378.90 682.15 74.50 15.54 -795.08 -804.50 -356.32 -952.31 -463.92 -83.28 938.08 756.73 57.92 -5.18 -1045.37 -1098.59 -417.80 -1075.50 -764.35 -129.69 936.68 720.23 33.23 -65.83 -1141.17 -1253.86 -473.06 -1158.67 -854.78 -156.18 944.08 718.21 -0.42 -83.91
0.00 0.00 0.00 0.00 0.00 0.00 0.00 0.00 0.00 0.00 -455.67 -587.51 -267.13 -614.63 -335.11 -30.29 378.90 682.15 74.50 15.54 -795.08 -804.50 -356.32 -952.31 -463.92 -83.28 938.08 756.73 57.92 -5.18 -1045.37 -1098.59 -417.80 -1075.50 -764.35 -129.69 936.68 720.23 33.23 -65.83 -1141.17 -1253.86 -473.06 -1158.67 -854.78 -156.18 944.08 718.21 -0.42 -83.91
0.00 0.00 0.00 0.00 0.00 0.00 0.00 0.00 0.00 0.00 -455.67 -587.51 -267.13 -614.63 -335.11 -30.29 378.90 682.15 74.50 15.54 -795.08 -804.50 -356.32 -952.31 -463.92 -83.28 938.08 756.73 57.92 -5.18 -1045.37 -1098.59 -417.80 -1075.50 -764.35 -129.69 936.68 720.23 33.23 -65.83 -1141.17 -1253.86 -473.06 -1158.67 -854.78 -156.18 944.08 718.21 -0.42 -83.91
0.00 0.00 0.00 0.00 0.00 0.00 0.00 0.00 0.00 0.00 -455.67 -587.51 -267.13 -614.63 -335.11 -30.29 378.90 682.15 74.50 15.54 -795.08 -804.50 -356.32 -952.31 -463.92 -83.28 938.08 756.73 57.92 -5.18 -1045.37 -1098.59 -417.80 -1075.50 -764.35 -129.69 936.68 720.23 33.23 -65.83 -1141.17 -1253.86 -473.06 -1158.67 -854.78 -156.18 944.08 718.21 -0.42 -83.91
0.00 0.00 0.00 0.00 0.00 0.00 0.00 0.00 0.00 0.00 -455.67 -587.51 -267.13 -614.63 -335.11 -30.29 378.90 682.15 74.50 15.54 -795.08 -804.50 -356.32 -952.31 -463.92 -83.28 938.08 756.73 57.92 -5.18 -1045.37 -1098.59 -417.80 -1075.50 -764.35 -129.69 936.68 720.23 33.23 -65.83 -1141.17 -1253.86 -473.06 -1158.67 -854.78 -156.18 944.08 718.21 -0.42 -83.91
0.00 0.00 0.00 0.00 0.00 0.00 0.00 0.00 0.00 0.00 -455.67 -587.51 -267.13 -614.63 -335.11 -30.29 378.90 682.15 74.50 15.54 -795.08 -804.50 -356.32 -952.31 -463.92 -83.28 938.08 756.73 57.92 -5.18 -1045.37 -1098.59 -417.80 -1075.50 -764.35 -129.69 936.68 720.23 33.23 -65.83 -1141.17 -1253.86 -473.06 -1158.67 -854.78 -156.18 944.08 718.21 -0.42 -83.91
0.00 0.00 0.00 0.00 0.00 0.00 0.00 0.00 0.00 0.00 -455.67 -587.51 -267.13 -614.63 -335.11 -30.29 378.90 682.15 74.50 15.54 -795.08 -804.50 -356.32 -952.31 -463.92 -83.28 938.08 756.73 57.92 -5.18 -1045.37 -1098.59 -417.80 -1075.50 -764.35 -129.69 936.68 720.23 33.23 -65.83 -1141.17 -1253.86 -473.06 -1158.67 -854.78 -156.18 944.08 718.21 -0.42 -83.91
0.00 0.00 0.00 0.00 0.00 0.00 0.00 0.00 0.00 0.00 -416.51 -527.60 -241.12 -524.16 -321.57 -21.17 310.64 629.92 75.68 9.15 -663.39 -742.35 -341.55 -888.17 -366.69 -50.32 778.85 753.93 57.35 -8.89 -971.83 -983.15 -401.88 -1054.76 -691.27 -112.86 844.34 729.62 39.67 -36.92 -1105.94 -1181.25 -451.18 -1135.65 -826.79 -144.52 952.68 720.83 8.72 -69.98
0.00 0.00 0.00 0.00 0.00 0.00 0.00 0.00 0.00 0.00 -416.51 -527.60 -241.12 -524.16 -321.57 -21.17 310.64 629.92 75.68 9.15 -663.39 -742.35 -341.55 -888.17 -366.69 -50.32 778.85 753.93 57.35 -8.89 -971.83 -983.15 -401.88 -1054.76 -691.27 -112.86 844.34 729.62 39.67 -36.92 -1105.94 -1181.25 -451.18 -1135.65 -826.79 -144.52 952.68 720.83 8.72 -69.98
0.00 0.00 0.00 0.00 0.00 0.00 0.00 0.00 0.00 0.00 -416.51 -527.60 -241.12 -524.16 -321.57 -21.17 310.64 629.92 75.68 9.15 -663.39 -742.35 -341.55 -888.17 -366.69 -50.32 778.85 753.93 57.35 -8.89 -971.83 -983.15 -401.88 -1054.76 -691.27 -112.86 844.34 729.62 39.67 -36.92 -1105.94 -1181.25 -451.18 -1135.65 -826.79 -144.52 952.68 720.83 8.72 -69.98
0.00 0.00 0.00 0.00 0.00 0.00 0.00 0.00 0.00 0.00 -416.51 -527.60 -241.12 -524.16 -321.57 -21.17 310.64 629.92 75.68 9.15 -663.39 -742.35 -341.55 -888.17 -366.69 -50.32 778.85 753.93 57.35 -8.89 -971.83 -983.15 -401.88 -1054.76 -691.27 -112.86 844.34 729.62 39.67 -36.92 -1105.94 -1181.25 -451.18 -1135.65 -826.79 -144.52 952.68 720.83 8.72 -69.98
0.00 0.00 0.00 0.00 0.00 0.00 0.00 0.00 0.00 0.00 -416.51 -527.60 -241.12 -524.16 -321.57 -21.17 310.64 629.92 75.68 9.15 -663.39 -742.35 -341.55 -888.17 -366.69 -50.32 778.85 753.93 57.35 -8.89 -971.83 -983.15 -401.88 -1054.76 -691.27 -112.86 844.34 729.62 39.67 -36.92 -1105.94 -1181.25 -451.18 -1135.65 -826.79 -144.52 952.68 720.83 8.72 -69.98
0.00 0.00 0.00 0.00 0.00 0.00 0.00 0.00 0.00 0.00 -416.51 -527.60 -241.12 -524.16 -321.57 -21.17 310.64 629.92 75.68 9.15 -663.39 -742.35 -341.55 -888.17 -366.69 -50.32 778.85 753.93 57.35 -8.89 -971.83 -983.15 -401.88 -1054.76 -691.27 -112.86 844.34 729.62 39.67 -36.92 -1105.94 -1181.25 -451.18 -1135.65 -826.79 -144.52 952.68 720.83 8.72 -69.98
0.00 0.00 0.00 0.00 0.00 0.00 0.00 0.00 0.00 0.00 -416.51 -527.60 -241.12 -524.16 -321.57 -21.17 310.64 629.92 75.68 9.15 -663.39 -742.35 -341.55 -888.17 -366.69 -50.32 778.85 753.93 57.35 -8.89 -971.83 -983.15 -401.88 -1054.76 -691.27 -112.86 844.34 729.62 39.67 -36.92 -1105.94 -1181.25 -451.18 -1135.65 -826.79 -144.52 952.68 720.83 8.72 -69.98
0.00 0.00 0.00 0.00 0.00 0.00 0.00 0.00 0.00 0.00 -416.51 -527.60 -241.12 -524.16 -321.57 -21.17 310.64 629.92 75.68 9.15 -663.39 -742.35 -341.55 -888.17 -366.69 -50.32 778.85 753.93 57.35 -8.89 -971.83 -983.15 -401.88 -1054.76 -691.27 -112.86 844.34 729.62 39.67 -36.92 -1105.94 -1181.25 -451.18 -1135.65 -826.79 -144.52 952.68 720.83 8.72 -69.98
0.00 0.00 0.00 0.00 0.00 0.00 0.00 0.00 0.00 0.00 -416.51 -527.60 -241.12 -524.16 -321.57 -21.17 310.64 629.92 75.68 9.15 -663.39 -742.35 -341.55 -888.17 -366.69 -50.32 778.85 753.93 57.35 -8.89 -971.83 -983.15 -401.88 -1054.76 -691.27 -112.86 844.34 729.62 39.67 -36.92 -1105.94 -1181.25 -451.18 -1135.65 -826.79 -144.52 952.68 720.83 8.72 -69.98
0.00 0.00 0.00 0.00 0.00 0.00 0.00 0.00 0.00 0.00 -416.51 -527.60 -241.12 -524.16 -321.57 -21.17 310.64 629.92 75.68 9.15 -663.39 -742.35 -341.55 -888.17 -366.69 -50.32 778.85 753.93 57.35 -8.89 -971.83 -983.15 -401.88 -1054.76 -691.27 -112.86 844.34 729.62 39.67 -36.92 -1105.94 -1181.25 -451.18 -1135.65 -826.79 -144.52 952.68 720.83 8.72 -69.98
0.00 0.00 0.00 0.00 0.00 0.00 0.00 0.00 0.00 0.00 -416.51 -527.60 -241.12 -524.16 -321.57 -21.17 310.64 629.92 75.68 9.15 -663.39 -742.35 -341.55 -888.17 -366.69 -50.32 778.85 753.93 57.35 -8.89 -971.83 -983.15 -401.88 -1054.76 -691.27 -112.86 844.34 729.62 39.67 -36.92 -1105.94 -1181.25 -451.18 -1135.65 -826.79 -144.52 952.68 720.83 8.72 -69.98
0.00 0.00 0.00 0.00 0.00 0.00 0.00 0.00 0.00 0.00 -416.51 -527.60 -241.12 -524.16 -321.57 -21.17 310.64 629.92 75.68 9.15 -663.39 -742.35 -341.55 -888.17 -366.69 -50.32 778.85 753.93 57.35 -8.89 -971.83 -983.15 -401.88 -1054.76 -691.27 -112.86 844.34 729.62 39.67 -36.92 -1105.94 -1181.25 -451.18 -1135.65 -826.79 -144.52 952.68 720.83 8.72 -69.98
0.00 0.00 0.00 0.00 0.00 0.00 0.00 0.00 0.00 0.00 -416.51 -527.60 -241.12 -524.16 -321.57 -21.17 310.64 629.92 75.68 9.15 -663.39 -742.35 -341.55 -888.17 -366.69 -50.32 778.85 753.93 57.35 -8.89 -971.83 -983.15 -401.88 -1054.76 -691.27 -112.86 844.34 729.62 39.67 -36.92 -1105.94 -1181.25 -451.18 -1135.65 -826.79 -144.52 952.68 720.83 8.72 -69.98
0.00 0.00 0.00 0.00 0.00 0.00 0.00 0.00 0.00 0.00 -416.51 -527.60 -241.12 -524.16 -321.57 -21.17 310.64 629.92 75.68 9.15 -663.39 -742.35 -341.55 -888.17 -366.69 -50.32 778.85 753.93 57.35 -8.89 -971.83 -983.15 -401.88 -1054.76 -691.27 -112.86 844.34 729.62 39.67 -36.92 -1105.94 -1181.25 -451.18 -1135.65 -826.79 -144.52 952.68 720.83 8.72 -69.98
0.00 0.00 0.00 0.00 0.00 0.00 0.00 0.00 0.00 0.00 -416.51 -527.60 -241.12 -524.16 -321.57 -21.17 310.64 629.92 75.68 9.15 -663.39 -742.35 -341.55 -888.17 -366.69 -50.32 778.85 753.93 57.35 -8.89 -971.83 -983.15 -401.88 -1054.76 -691.27 -112.86 844.34 729.62 39.67 -36.92 -1105.94 -1181.25 -451.18 -1135.65 -826.79 -144.52 952.68 720.83 8.72 -69.98
0.00 0.00 0.00 0.00 0.00 0.00 0.00 0.00 0.00 0.00 -416.51 -527.60 -241.12 -524.16 -321.57 -21.17 310.64 629.92 75.68 9.15 -663.39 -742.35 -341.55 -888.17 -366.69 -50.32 778.85 753.93 57.35 -8.89 -971.83 -983.15 -401.88 -1054.76 -691.27 -112.86 844.34 729.62 39.67 -36.92 -1105.94 -1181.25 -451.18 -1135.65 -826.79 -144.52 952.68 720.83 8.72 -69.98
0.00 0.00 0.00 0.00 0.00 0.00 0.00 0.00 0.00 0.00 -416.51 -527.60 -241.12 -524.16 -321.57 -21.17 310.64 629.92 75.68 9.15 -663.39 -742.35 -341.55 -888.17 -366.69 -50.32 778.85 753.93 57.35 -8.89 -971.83 -983.15 -401.88 -1054.76 -691.27 -112.86 844.34 729.62 39.67 -36.92 -1105.94 -1181.25 -451.18 -1135.65 -826.79 -144.52 952.68 720.83 8.72 -69.98
0.00 0.00 0.00 0.00 0.00 0.00 0.00 0.00 0.00 0.00 -416.51 -527.60 -241.12 -524.16 -321.57 -21.17 310.64 629.92 75.68 9.15 -663.39 -742.35 -341.55 -888.17 -366.69 -50.32 778.85 753.93 57.35 -8.89 -971.83 -983.15 -401.88 -1054.76 -691.27 -112.86 844.34 729.62 39.67 -36.92 -1105.94 -1181.25 -451.18 -1135.65 -826.79 -144.52 952.68 720.83 8.72 -69.98
0.00 0.00 0.00 0.00 0.00 0.00 0.00 0.00 0.00 0.00 -416.51 -527.60 -241.12 -524.16 -321.57 -21.17 310.64 629.92 75.68 9.15 -663.39 -742.35 -341.55 -888.17 -366.69 -50.32 778.85 753.93 57.35 -8.89 -971.83 -983.15 -401.88 -1054.76 -691.27 -112.86 844.34 729.62 39.67 -36.92 -1105.94 -1181.25 -451.18 -1135.65 -826.79 -144.52 952.68 720.83 8.72 -69.98
0.00 0.00 0.00 0.00 0.00 0.00 0.00 0.00 0.00 0.00 -416.51 -527.60 -241.12 -524.16 -321.57 -21.17 310.64 629.92 75.68 9.15 -663.39 -742.35 -341.55 -888.17 -366.69 -50.32 778.85 753.93 57.35 -8.89 -971.83 -983.15 -401.88 -1054.76 -691.27 -112.86 844.34 729.62 39.67 -36.92 -1105.94 -1181.25 -451.18 -1135.65 -826.79 -144.52 952.68 720.83 8.72 -69.98
0.00 0.00 0.00 0.00 0.00 0.00 0.00 0.00 0.00 0.00 -416.51 -527.60 -241.12 -524.16 -321.57 -21.17 310.64 629.92 75.68 9.15 -663.39 -742.35 -341.55 -888.17 -366.69 -50.32 778.85 753.93 57.35 -8.89 -971.83 -983.15 -401.88 -1054.76 -691.27 -112.86 844.34 729.62 39.67 -36.92 -1105.94 -1181.25 -451.18 -1135.65 -826.79 -144.52 952.68 720.83 8.72 -69.98
0.00 0.00 0.00 0.00 0.00 0.00 0.00 0.00 0.00 0.00 -416.51 -527.60 -241.12 -524.16 -321.57 -21.17 310.64 629.92 75.68 9.15 -663.39 -742.35 -341.55 -888.17 -366.69 -50.32 778.85 753.93 57.35 -8.89 -971.83 -983.15 -401.88 -1054.76 -691.27 -112.86 844.34 729.62 39.67 -36.92 -1105.94 -1181.25 -451.18 -1135.65 -826.79 -144.52 952.68 720.83 8.72 -69.98
0.00 0.00 0.00 0.00 0.00 0.00 0.00 0.00 0.00 0.00 -416.51 -527.60 -241.12 -524.16 -321.57 -21.17 310.64 629.92 75.68 9.15 -663.39 -742.35 -341.55 -888.17 -366.69 -50.32 778.85 753.93 57.35 -8.89 -971.83 -983.15 -401.88 -1054.76 -691.27 -112.86 844.34 729.62 39.67 -36.92 -1105.94 -1181.25 -451.18 -1135.65 -826.79 -144.52 952.68 720.83 8.72 -69.98
0.00 0.00 0.00 0.00 0.00 0.00 0.00 0.00 0.00 0.00 -416.51 -527.60 -241.12 -524.16 -321.57 -21.17 310.64 629.92 75.68 9.15 -663.39 -742.35 -341.55 -888.17 -366.69 -50.32 778.85 753.93 57.35 -8.89 -971.83 -983.15 -401.88 -1054.76 -691.27 -112.86 844.34 729.62 39.67 -36.92 -1105.94 -1181.25 -451.18 -1135.65 -826.79 -144.52 952.68 720.83 8.72 -69.98
0.00 0.00 0.00 0.00 0.00 0.00 0.00 0.00 0.00 0.00 -416.51 -527.60 -241.12 -524.16 -321.57 -21.17 310.64 629.92 75.68 9.15 -663.39 -742.35 -341.55 -888.17 -366.69 -50.32 778.85 753.93 57.35 -8.89 -971.83 -983.15 -401.88 -1054.76 -691.27 -112.86 844.34 729.62 39.67 -36.92 -1105.94 -1181.25 -451.18 -1135.65 -826.79 -144.52 952.68 720.83 8.72 -69.98
0.00 0.00 0.00 0.00 0.00 0.00 0.00 0.00 0.00 0.00 -416.51 -527.60 -241.12 -524.16 -321.57 -21.17 310.64 629.92 75.68 9.15 -663.39 -742.35 -341.55 -888.17 -366.69 -50.32 778.85 753.93 57.35 -8.89 -971.83 -983.15 -401.88 -1054.76 -691.27 -112.86 844.34 729.62 39.67 -36.92 -1105.94 -1181.25 -451.18 -1135.65 -826.79 -144.52 952.68 720.83 8.72 -69.98
0.00 0.00 0.00 0.00 0.00 0.00 0.00 0.00 0.00 0.00 -416.51 -527.60 -241.12 -524.16 -321.57 -21.17 310.64 629.92 75.68 9.15 -663.39 -742.35 -341.55 -888.17 -366.69 -50.32 778.85 753.93 57.35 -8.89 -971.83 -983.15 -401.88 -1054.76 -691.27 -112.86 844.34 729.62 39.67 -36.92 -1105.94 -1181.25 -451.18 -1135.65 -826.79 -144.52 952.68 720.83 8.72 -69.98
0.00 0.00 0.00 0.00 0.00 0.00 0.00 0.00 0.00 0.00 -416.51 -527.60 -241.12 -524.16 -321.57 -21.17 310.64 629.92 75.68 9.15 -663.39 -742.35 -341.55 -888.17 -366.69 -50.32 778.85 753.93 57.35 -8.89 -971.83 -983.15 -401.88 -1054.76 -691.27 -112.86 844.34 729.62 39.67 -36.92 -1105.94 -1181.25 -451.18 -1135.65 -826.79 -144.52 952.68 720.83 8.72 -69.98
0.00 0.00 0.00 0.00 0.00 0.00 0.00 0.00 0.00 0.00 -416.51 -527.60 -241.12 -524.16 -321.57 -21.17 310.64 629.92 75.68 9.15 -663.39 -742.35 -341.55 -888.17 -366.69 -50.32 778.85 753.93 57.35 -8.89 -971.83 -983.15 -401.88 -1054.76 -691.27 -112.86 844.34 729.62 39.67 -36.92 -1105.94 -1181.25 -451.18 -1135.65 -826.79 -144.52 952.68 720.83 8.72 -69.98
0.00 0.00 0.00 0.00 0.00 0.00 0.00 0.00 0.00 0.00 -416.51 -527.60 -241.12 -524.16 -321.57 -21.17 310.64 629.92 75.68 9.15 -663.39 -742.35 -341.55 -888.17 -366.69 -50.32 778.85 753.93 57.35 -8.89 -971.83 -983.15 -401.88 -1054.76 -691.27 -112.86 844.34 729.62 39.67 -36.92 -1105.94 -1181.25 -451.18 -1135.65 -826.79 -144.52 952.68 720.83 8.72 -69.98
0.00 0.00 0.00 0.00 0.00 0.00 0.00 0.00 0.00 0.00 -416.51 -527.60 -241.12 -524.16 -321.57 -21.17 310.64 629.92 75.68 9.15 -663.39 -742.35 -341.55 -888.17 -366.69 -50.32 778.85 753.93 57.35 -8.89 -971.83 -983.15 -401.88 -1054.76 -691.27 -112.86 844.34 729.62 39.67 -36.92 -1105.94 -1181.25 -451.18 -1135.65 -826.79 -144.52 952.68 720.83 8.72 -69.98
0.00 0.00 0.00 0.00 0.00 0.00 0.00 0.00 0.00 0.00 -416.51 -527.60 -241.12 -524.16 -321.57 -21.17 310.64 629.92 75.68 9.15 -663.39 -742.35 -341.55 -888.17 -366.69 -50.32 778.85 753.93 57.35 -8.89 -971.83 -983.15 -401.88 -1054.76 -691.27 -112.86 844.34 729.62 39.67 -36.92 -1105.94 -1181.25 -451.18 -1135.65 -826.79 -144.52 952.68 720.83 8.72 -69.98
0.00 0.00 0.00 0.00 0.00 0.00 0.00 0.00 0.00 0.00 -416.51 -527.60 -241.12 -524.16 -321.57 -21.17 310.64 629.92 75.68 9.15 -663.39 -742.35 -341.55 -888.17 -366.69 -50.32 778.85 753.93 57.35 -8.89 -971.83 -983.15 -401.88 -1054.76 -691.27 -112.86 844.34 729.62 39.67 -36.92 -1105.94 -1181.25 -451.18 -1135.65 -826.79 -144.52 952.68 720.83 8.72 -69.98
0.00 0.00 0.00 0.00 0.00 0.00 0.00 0.00 0.00 0.00 -416.51 -527.60 -241.12 -524.16 -321.57 -21.17 310.64 629.92 75.68 9.15 -663.39 -742.35 -341.55 -888.17 -366.69 -50.32 778.85 753.93 57.35 -8.89 -971.83 -983.15 -401.88 -1054.76 -691.27 -112.86 844.34 729.62 39.67 -36.92 -1105.94 -1181.25 -451.18 -1135.65 -826.79 -144.52 952.68 720.83 8.72 -69.98
0.00 0.00 0.00 0.00 0.00 0.00 0.00 0.00 0.00 0.00 -416.51 -527.60 -241.12 -524.16 -321.57 -21.17 310.64 629.92 75.68 9.15 -663.39 -742.35 -341.55 -888.17 -366.69 -50.32 778.85 753.93 57.35 -8.89 -971.83 -983.15 -401.88 -1054.76 -691.27 -112.86 844.34 729.62 39.67 -36.92 -1105.94 -1181.25 -451.18 -1135.65 -826.79 -144.52 952.68 720.83 8.72 -69.98
0.00 0.00 0.00 0.00 0.00 0.00 0.00 0.00 0.00 0.00 -416.51 -527.60 -241.12 -524.16 -321.57 -21.17 310.64 629.92 75.68 9.15 -663.39 -742.35 -341.55 -888.17 -366.69 -50.32 778.85 753.93 57.35 -8.89 -971.83 -983.15 -401.88 -1054.76 -691.27 -112.86 844.34 729.62 39.67 -36.92 -1105.94 -1181.25 -451.18 -1135.65 -826.79 -144.52 952.68 720.83 8.72 -69.98
0.00 0.00 0.00 0.00 0.00 0.00 0.00 0.00 0.00 0.00 -416.51 -527.60 -241.12 -524.16 -321.57 -21.17 310.64 629.92 75.68 9.15 -663.39 -742.35 -341.55 -888.17 -366.69 -50.32 778.85 753.93 57.35 -8.89 -971.83 -983.15 -401.88 -1054.76 -691.27 -112.86 844.34 729.62 39.67 -36.92 -1105.94 -1181.25 -451.18 -1135.65 -826.79 -144.52 952.68 720.83 8.72 -69.98
0.00 0.00 0.00 0.00 0.00 0.00 0.00 0.00 0.00 0.00 -416.51 -527.60 -241.12 -524.16 -321.57 -21.17 310.64 629.92 75.68 9.15 -663.39 -742.35 -341.55 -888.17 -366.69 -50.32 778.85 753.93 57.35 -8.89 -971.83 -983.15 -401.88 -1054.76 -691.27 -112.86 844.34 729.62 39.67 -36.92 -1105.94 -1181.25 -451.18 -1135.65 -826.79 -144.52 952.68 720.83 8.72 -69.98
0.00 0.00 0.00 0.00 0.00 0.00 0.00 0.00 0.00 0.00 -416.51 -527.60 -241.12 -524.16 -321.57 -21.17 310.64 629.92 75.68 9.15 -663.39 -742.35 -341.55 -888.17 -366.69 -50.32 778.85 753.93 57.35 -8.89 -971.83 -983.15 -401.88 -1054.76 -691.27 -112.86 844.34 729.62 39.67 -36.92 -1105.94 -1181.25 -451.18 -1135.65 -826.79 -144.52 952.68 720.83 8.72 -69.98
0.00 0.00 0.00 0.00 0.00 0.00 0.00 0.00 0.00 0.00 -416.51 -527.60 -241.12 -524.16 -321.57 -21.17 310.64 629.92 75.68 9.15 -663.39 -742.35 -341.55 -888.17 -366.69 -50.32 778.85 753.93 57.35 -8.89 -971.83 -983.15 -401.88 -1054.76 -691.27 -112.86 844.34 729.62 39.67 -36.92 -1105.94 -1181.25 -451.18 -1135.65 -826.79 -144.52 952.68 720.83 8.72 -69.98
0.00 0.00 0.00 0.00 0.00 0.00 0.00 0.00 0.00 0.00 -416.51 -527.60 -241.12 -524.16 -321.57 -21.17 310.64 629.92 75.68 9.15 -663.39 -742.35 -341.55 -888.17 -366.69 -50.32 778.85 753.93 57.35 -8.89 -971.83 -983.15 -401.88 -1054.76 -691.27 -112.86 844.34 729.62 39.67 -36.92 -1105.94 -1181.25 -451.18 -1135.65 -826.79 -144.52 952.68 720.83 8.72 -69.98
0.00 0.00 0.00 0.00 0.00 0.00 0.00 0.00 0.00 0.00 -416.51 -527.60 -241.12 -524.16 -321.57 -21.17 310.64 629.92 75.68 9.15 -663.39 -742.35 -341.55 -888.17 -366.69 -50.32 778.85 753.93 57.35 -8.89 -971.83 -983.15 -401.88 -1054.76 -691.27 -112.86 844.34 729.62 39.67 -36.92 -1105.94 -1181.25 -451.18 -1135.65 -826.79 -144.52 952.68 720.83 8.72 -69.98
0.00 0.00 0.00 0.00 0.00 0.00 0.00 0.00 0.00 0.00 -416.51 -527.60 -241.12 -524.16 -321.57 -21.17 310.64 629.92 75.68 9.15 -663.39 -742.35 -341.55 -888.17 -366.69 -50.32 778.85 753.93 57.35 -8.89 -971.83 -983.15 -401.88 -1054.76 -691.27 -112.86 844.34 729.62 39.67 -36.92 -1105.94 -1181.25 -451.18 -1135.65 -826.79 -144.52 952.68 720.83 8.72 -69.98
0.00 0.00 0.00 0.00 0.00 0.00 0.00 0.00 0.00 0.00 -416.51 -527.60 -241.12 -524.16 -321.57 -21.17 310.64 629.92 75.68 9.15 -663.39 -742.35 -341.55 -888.17 -366.69 -50.32 778.85 753.93 57.35 -8.89 -971.83 -983.15 -401.88 -1054.76 -691.27 -112.86 844.34 729.62 39.67 -36.92 -1105.94 -1181.25 -451.18 -1135.65 -826.79 -144.52 952.68 720.83 8.72 -69.98
0.00 0.00 0.00 0.00 0.00 0.00 0.00 0.00 0.00 0.00 -416.51 -527.60 -241.12 -524.16 -321.57 -21.17 310.64 629.92 75.68 9.15 -663.39 -742.35 -341.55 -888.17 -366.69 -50.32 778.85 753.93 57.35 -8.89 -971.83 -983.15 -401.88 -1054.76 -691.27 -112.86 844.34 729.62 39.67 -36.92 -1105.94 -1181.25 -451.18 -1135.65 -826.79 -144.52 952.68 720.83 8.72 -69.98
0.00 0.00 0.00 0.00 0.00 0.00 0.00 0.00 0.00 0.00 -416.51 -527.60 -241.12 -524.16 -321.57 -21.17 310.64 629.92 75.68 9.15 -663.39 -742.35 -341.55 -888.17 -366.69 -50.32 778.85 753.93 57.35 -8.89 -971.83 -983.15 -401.88 -1054.76 -691.27 -112.86 844.34 729.62 39.67 -36.92 -1105.94 -1181.25 -451.18 -1135.65 -826.79 -144.52 952.68 720.83 8.72 -69.98
0.00 0.00 0.00 0.00 0.00 0.00 0.00 0.00 0.00 0.00 -416.51 -527.60 -241.12 -524.16 -321.57 -21.17 310.64 629.92 75.68 9.15 -663.39 -742.35 -341.55 -888.17 -366.69 -50.32 778.85 753.93 57.35 -8.89 -971.83 -983.15 -401.88 -1054.76 -691.27 -112.86 844.34 729.62 39.67 -36.92 -1105.94 -1181.25 -451.18 -1135.65 -826.79 -144.52 952.68 720.83 8.72 -69.98
0.00 0.00 0.00 0.00 0.00 0.00 0.00 0.00 0.00 0.00 -416.51 -527.60 -241.12 -524.16 -321.57 -21.17 310.64 629.92 75.68 9.15 -663.39 -742.35 -341.55 -888.17 -366.69 -50.32 778.85 753.93 57.35 -8.89 -971.83 -983.15 -401.88 -1054.76 -691.27 -112.86 844.34 729.62 39.67 -36.92 -1105.94 -1181.25 -451.18 -1135.65 -826.79 -144.52 952.68 720.83 8.72 -69.98
0.00 0.00 0.00 0.00 0.00 0.00 0.00 0.00 0.00 0.00 -416.51 -527.60 -241.12 -524.16 -321.57 -21.17 310.64 629.92 75.68 9.15 -663.39 -742.35 -341.55 -888.17 -366.69 -50.32 778.85 753.93 57.35 -8.89 -971.83 -983.15 -401.88 -1054.76 -691.27 -112.86 844.34 729.62 39.67 -36.92 -1105.94 -1181.25 -451.18 -1135.65 -826.79 -144.52 952.68 720.83 8.72 -69.98
0.00 0.00 0.00 0.00 0.00 0.00 0.00 0.00 0.00 0.00 -416.51 -527.60 -241.12 -524.16 -321.57 -21.17 310.64 629.92 75.68 9.15 -663.39 -742.35 -341.55 -888.17 -366.69 -50.32 778.85 753.93 57.35 -8.89 -971.83 -983.15 -401.88 -1054.76 -691.27 -112.86 844.34 729.62 39.67 -36.92 -1105.94 -1181.25 -451.18 -1135.65 -826.79 -144.52 952.68 720.83 8.72 -69.98
0.00 0.00 0.00 0.00 0.00 0.00 0.00 0.00 0.00 0.00 -416.51 -527.60 -241.12 -524.16 -321.57 -21.17 310.64 629.92 75.68 9.15 -663.39 -742.35 -341.55 -888.17 -366.69 -50.32 778.85 753.93 57.35 -8.89 -971.83 -983.15 -401.88 -1054.76 -691.27 -112.86 844.34 729.62 39.67 -36.92 -1105.94 -1181.25 -451.18 -1135.65 -826.79 -144.52 952.68 720.83 8.72 -69.98
0.00 0.00 0.00 0.00 0.00 0.00 0.00 0.00 0.00 0.00 -416.51 -527.60 -241.12 -524.16 -321.57 -21.17 310.64 629.92 75.68 9.15 -663.39 -742.35 -341.55 -888.17 -366.69 -50.32 778.85 753.93 57.35 -8.89 -971.83 -983.15 -401.88 -1054.76 -691.27 -112.86 844.34 729.62 39.67 -36.92 -1105.94 -1181.25 -451.18 -1135.65 -826.79 -144.52 952.68 720.83 8.72 -69.98
0.00 0.00 0.00 0.00 0.00 0.00 0.00 0.00 0.00 0.00 -416.51 -527.60 -241.12 -524.16 -321.57 -21.17 310.64 629.92 75.68 9.15 -663.39 -742.35 -341.55 -888.17 -366.69 -50.32 778.85 753.93 57.35 -8.89 -971.83 -983.15 -401.88 -1054.76 -691.27 -112.86 844.34 729.62 39.67 -36.92 -1105.94 -1181.25 -451.18 -1135.65 -826.79 -144.52 952.68 720.83 8.72 -69.98
0.00 0.00 0.00 0.00 0.00 0.00 0.00 0.00 0.00 0.00 -416.51 -527.60 -241.12 -524.16 -321.57 -21.17 310.64 629.92 75.68 9.15 -663.39 -742.35 -341.55 -888.17 -366.69 -50.32 778.85 753.93 57.35 -8.89 -971.83 -983.15 -401.88 -1054.76 -691.27 -112.86 844.34 729.62 39.67 -36.92 -1105.94 -1181.25 -451.18 -1135.65 -826.79 -144.52 952.68 720.83 8.72 -69.98
0.00 0.00 0.00 0.00 0.00 0.00 0.00 0.00 0.00 0.00 -416.51 -527.60 -241.12 -524.16 -321.57 -21.17 310.64 629.92 75.68 9.15 -663.39 -742.35 -341.55 -888.17 -366.69 -50.32 778.85 753.93 57.35 -8.89 -971.83 -983.15 -401.88 -1054.76 -691.27 -112.86 844.34 729.62 39.67 -36.92 -1105.94 -1181.25 -451.18 -1135.65 -826.79 -144.52 952.68 720.83 8.72 -69.98
0.00 0.00 0.00 0.00 0.00 0.00 0.00 0.00 0.00 0.00 -416.51 -527.60 -241.12 -524.16 -321.57 -21.17 310.64 629.92 75.68 9.15 -663.39 -742.35 -341.55 -888.17 -366.69 -50.32 778.85 753.93 57.35 -8.89 -971.83 -983.15 -401.88 -1054.76 -691.27 -112.86 844.34 729.62 39.67 -36.92 -1105.94 -1181.25 -451.18 -1135.65 -826.79 -144.52 952.68 720.83 8.72 -69.98
0.00 0.00 0.00 0.00 0.00 0.00 0.00 0.00 0.00 0.00 -416.51 -527.60 -241.12 -524.16 -321.57 -21.17 310.64 629.92 75.68 9.15 -663.39 -742.35 -341.55 -888.17 -366.69 -50.32 778.85 753.93 57.35 -8.89 -971.83 -983.15 -401.88 -1054.76 -691.27 -112.86 844.34 729.62 39.67 -36.92 -1105.94 -1181.25 -451.18 -1135.65 -826.79 -144.52 952.68 720.83 8.72 -69.98
0.00 0.00 0.00 0.00 0.00 0.00 0.00 0.00 0.00 0.00 -416.51 -527.60 -241.12 -524.16 -321.57 -21.17 310.64 629.92 75.68 9.15 -663.39 -742.35 -341.55 -888.17 -366.69 -50.32 778.85 753.93 57.35 -8.89 -971.83 -983.15 -401.88 -1054.76 -691.27 -112.86 844.34 729.62 39.67 -36.92 -1105.94 -1181.25 -451.18 -1135.65 -826.79 -144.52 952.68 720.83 8.72 -69.98
0.00 0.00 0.00 0.00 0.00 0.00 0.00 0.00 0.00 0.00 -425.02 -538.58 -245.05 -539.43 -324.26 -20.73 212.16 576.96 76.47 18.98 -687.56 -749.67 -342.34 -909.13 -377.84 -50.04 658.15 736.46 61.09 -10.60 -990.04 -1007.92 -401.09 -1053.24 -712.43 -98.79 749.55 719.02 41.30 -67.67 -1098.81 -1183.46 -446.93 -1126.51 -819.80 -134.36 898.62 718.11 13.11 -83.22
0.00 0.00 0.00 0.00 0.00 0.00 0.00 0.00 0.00 0.00 -425.02 -538.58 -245.05 -539.43 -324.26 -20.73 212.16 576.96 76.47 18.98 -687.56 -749.67 -342.34 -909.13 -377.84 -50.04 658.15 736.46 61.09 -10.60 -990.04 -1007.92 -401.09 -1053.24 -712.43 -98.79 749.55 719.02 41.30 -67.67 -1098.81 -1183.46 -446.93 -1126.51 -819.80 -134.36 898.62 718.11 13.11 -83.22
