0.00 0.00 0.00 0.00 0.00 0.00 0.00 0.00 0.00 0.00 0.00 0.00 0.00 0.00 0.00 0.00 0.00 0.00 0.00 0.00 0.00 0.00 0.00 0.00 0.00 0.00 0.00 0.00 0.00 0.00 0.00 0.00 0.00 0.00 0.00 0.00 0.00 0.00 0.00 0.00 0.00 0.00 0.00 0.00 0.00 0.00 0.00 0.00 0.00 0.00
0.00 0.00 0.00 0.00 0.00 0.00 0.00 0.00 0.00 0.00 -432.99 -548.71 -249.26 -553.31 -326.64 -20.76 403.57 594.82 68.50 6.11 -706.01 -757.60 -340.63 -926.08 -392.20 -59.34 864.17 734.31 51.47 -4.65 -1005.25 -1028.85 -397.77 -1060.59 -730.04 -87.46 1007.51 717.46 33.19 -41.74 -1113.04 -1207.37 -457.60 -1139.97 -832.76 -138.54 1007.80 717.90 5.06 -73.94
0.00 0.00 0.00 0.00 0.00 0.00 0.00 0.00 0.00 0.00 -432.99 -548.71 -249.26 -553.31 -326.64 -20.76 403.57 594.82 68.50 6.11 -706.01 -757.60 -340.63 -926.08 -392.20 -59.34 864.17 734.31 51.47 -4.65 -1005.25 -1028.85 -397.77 -1060.59 -730.04 -87.46 1007.51 717.46 33.19 -41.74 -1113.04 -1207.37 -457.60 -1139.97 -832.76 -138.54 1007.80 717.90 5.06 -73.94
0.00 0.00 0.00 0.00 0.00 0.00 0.00 0.00 0.00 0.00 -414.68 -523.38 -237.93 -517.31 -320.34 -16.27 235.62 547.55 75.58 5.46 -646.45 -736.87 -336.36 -890.60 -363.49 -50.39 861.59 744.01 66.70 -7.33 -958.21 -968.22 -396.10 -1038.98 -680.25 -84.35 883.98 722.87 43.80 -35.38 -1082.70 -1153.39 -442.83 -1121.27 -804.68 -141.09 989.64 716.56 12.48 -65.80
0.00 0.00 0.00 0.00 0.00 0.00 0.00 0.00 0.00 0.00 -414.68 -523.38 -237.93 -517.31 -320.34 -16.27 235.62 547.55 75.58 5.46 -646.45 -736.87 -336.36 -890.60 -363.49 -50.39 861.59 744.01 66.70 -7.33 -958.21 -968.22 -396.10 -1038.98 -680.25 -84.35 883.98 722.87 43.80 -35.38 -1082.70 -1153.39 -442.83 -1121.27 -804.68 -141.09 989.64 716.56 12.48 -65.80
0.00 0.00 0.00 0.00 0.00 0.00 0.00 0.00 0.00 0.00 -414.68 -523.38 -237.93 -517.31 -320.34 -16.27 235.62 547.55 75.58 5.46 -646.45 -736.87 -336.36 -890.60 -363.49 -50.39 861.59 744.01 66.70 -7.33 -958.21 -968.22 -396.10 -1038.98 -680.25 -84.35 883.98 722.87 43.80 -35.38 -1082.70 -1153.39 -442.83 -1121.27 -804.68 -141.09 989.64 716.56 12.48 -65.80
0.00 0.00 0.00 0.00 0.00 0.00 0.00 0.00 0.00 0.00 -414.68 -523.38 -237.93 -517.31 -320.34 -16.27 235.62 547.55 75.58 5.46 -646.45 -736.87 -336.36 -890.60 -363.49 -50.39 861.59 744.01 66.70 -7.33 -958.21 -968.22 -396.10 -1038.98 -680.25 -84.35 883.98 722.87 43.80 -35.38 -1082.70 -1153.39 -442.83 -1121.27 -804.68 -141.09 989.64 716.56 12.48 -65.80
0.00 0.00 0.00 0.00 0.00 0.00 0.00 0.00 0.00 0.00 -414.68 -523.38 -237.93 -517.31 -320.34 -16.27 235.62 547.55 75.58 5.46 -646.45 -736.87 -336.36 -890.60 -363.49 -50.39 861.59 744.01 66.70 -7.33 -958.21 -968.22 -396.10 -1038.98 -680.25 -84.35 883.98 722.87 43.80 -35.38 -1082.70 -1153.39 -442.83 -1121.27 -804.68 -141.09 989.64 716.56 12.48 -65.80
0.00 0.00 0.00 0.00 0.00 0.00 0.00 0.00 0.00 0.00 -414.68 -523.38 -237.93 -517.31 -320.34 -16.27 235.62 547.55 75.58 5.46 -646.45 -736.87 -336.36 -890.60 -363.49 -50.39 861.59 744.01 66.70 -7.33 -958.21 -968.22 -396.10 -1038.98 -680.25 -84.35 883.98 722.87 43.80 -35.38 -1082.70 -1153.39 -442.83 -1121.27 -804.68 -141.09 989.64 716.56 12.48 -65.80
0.00 0.00 0.00 0.00 0.00 0.00 0.00 0.00 0.00 0.00 -414.68 -523.38 -237.93 -517.31 -320.34 -16.27 235.62 547.55 75.58 5.46 -646.45 -736.87 -336.36 -890.60 -363.49 -50.39 861.59 744.01 66.70 -7.33 -958.21 -968.22 -396.10 -1038.98 -680.25 -84.35 883.98 722.87 43.80 -35.38 -1082.70 -1153.39 -442.83 -1121.27 -804.68 -141.09 989.64 716.56 12.48 -65.80
0.00 0.00 0.00 0.00 0.00 0.00 0.00 0.00 0.00 0.00 -407.31 -515.83 -234.96 -509.04 -318.54 -27.85 391.55 587.18 76.94 7.03 -632.60 -730.48 -333.79 -869.05 -358.29 -69.19 738.36 746.79 68.29 -9.22 -944.74 -951.33 -395.49 -1040.32 -660.67 -121.66 908.71 721.71 42.65 -32.05 -1086.59 -1149.96 -447.25 -1126.17 -808.69 -157.30 1007.55 718.94 10.43 -62.10
0.00 0.00 0.00 0.00 0.00 0.00 0.00 0.00 0.00 0.00 -407.31 -515.83 -234.96 -509.04 -318.54 -27.85 391.55 587.18 76.94 7.03 -632.60 -730.48 -333.79 -869.05 -358.29 -69.19 738.36 746.79 68.29 -9.22 -944.74 -951.33 -395.49 -1040.32 -660.67 -121.66 908.71 721.71 42.65 -32.05 -1086.59 -1149.96 -447.25 -1126.17 -808.69 -157.30 1007.55 718.94 10.43 -62.10
0.00 0.00 0.00 0.00 0.00 0.00 0.00 0.00 0.00 0.00 -407.31 -515.83 -234.96 -509.04 -318.54 -27.85 391.55 587.18 76.94 7.03 -632.60 -730.48 -333.79 -869.05 -358.29 -69.19 738.36 746.79 68.29 -9.22 -944.74 -951.33 -395.49 -1040.32 -660.67 -121.66 908.71 721.71 42.65 -32.05 -1086.59 -1149.96 -447.25 -1126.17 -808.69 -157.30 1007.55 718.94 10.43 -62.10
0.00 0.00 0.00 0.00 0.00 0.00 0.00 0.00 0.00 0.00 -392.31 -501.71 -229.77 -492.40 -314.74 -21.25 224.07 585.95 71.87 -1.95 -610.90 -721.44 -328.10 -865.52 -355.94 -69.66 690.96 699.84 59.65 -4.01 -919.88 -918.56 -385.52 -1018.98 -624.80 -114.22 965.03 717.82 37.81 -33.11 -1064.73 -1121.15 -431.81 -1114.40 -784.83 -150.83 1007.00 717.84 6.36 -66.20
0.00 0.00 0.00 0.00 0.00 0.00 0.00 0.00 0.00 0.00 -392.31 -501.71 -229.77 -492.40 -314.74 -21.25 224.07 585.95 71.87 -1.95 -610.90 -721.44 -328.10 -865.52 -355.94 -69.66 690.96 699.84 59.65 -4.01 -919.88 -918.56 -385.52 -1018.98 -624.80 -114.22 965.03 717.82 37.81 -33.11 -1064.73 -1121.15 -431.81 -1114.40 -784.83 -150.83 1007.00 717.84 6.36 -66.20
0.00 0.00 0.00 0.00 0.00 0.00 0.00 0.00 0.00 0.00 -392.31 -501.71 -229.77 -492.40 -314.74 -21.25 224.07 585.95 71.87 -1.95 -610.90 -721.44 -328.10 -865.52 -355.94 -69.66 690.96 699.84 59.65 -4.01 -919.88 -918.56 -385.52 -1018.98 -624.80 -114.22 965.03 717.82 37.81 -33.11 -1064.73 -1121.15 -431.81 -1114.40 -784.83 -150.83 1007.00 717.84 6.36 -66.20
0.00 0.00 0.00 0.00 0.00 0.00 0.00 0.00 0.00 0.00 -392.31 -501.71 -229.77 -492.40 -314.74 -21.25 224.07 585.95 71.87 -1.95 -610.90 -721.44 -328.10 -865.52 -355.94 -69.66 690.96 699.84 59.65 -4.01 -919.88 -918.56 -385.52 -1018.98 -624.80 -114.22 965.03 717.82 37.81 -33.11 -1064.73 -1121.15 -431.81 -1114.40 -784.83 -150.83 1007.00 717.84 6.36 -66.20
0.00 0.00 0.00 0.00 0.00 0.00 0.00 0.00 0.00 0.00 -392.31 -501.71 -229.77 -492.40 -314.74 -21.25 224.07 585.95 71.87 -1.95 -610.90 -721.44 -328.10 -865.52 -355.94 -69.66 690.96 699.84 59.65 -4.01 -919.88 -918.56 -385.52 -1018.98 -624.80 -114.22 965.03 717.82 37.81 -33.11 -1064.73 -1121.15 -431.81 -1114.40 -784.83 -150.83 1007.00 717.84 6.36 -66.20
0.00 0.00 0.00 0.00 0.00 0.00 0.00 0.00 0.00 0.00 -392.31 -501.71 -229.77 -492.40 -314.74 -21.25 224.07 585.95 71.87 -1.95 -610.90 -721.44 -328.10 -865.52 -355.94 -69.66 690.96 699.84 59.65 -4.01 -919.88 -918.56 -385.52 -1018.98 -624.80 -114.22 965.03 717.82 37.81 -33.11 -1064.73 -1121.15 -431.81 -1114.40 -784.83 -150.83 1007.00 717.84 6.36 -66.20
0.00 0.00 0.00 0.00 0.00 0.00 0.00 0.00 0.00 0.00 -392.31 -501.71 -229.77 -492.40 -314.74 -21.25 224.07 585.95 71.87 -1.95 -610.90 -721.44 -328.10 -865.52 -355.94 -69.66 690.96 699.84 59.65 -4.01 -919.88 -918.56 -385.52 -1018.98 -624.80 -114.22 965.03 717.82 37.81 -33.11 -1064.73 -1121.15 -431.81 -1114.40 -784.83 -150.83 1007.00 717.84 6.36 -66.20
0.00 0.00 0.00 0.00 0.00 0.00 0.00 0.00 0.00 0.00 -392.31 -501.71 -229.77 -492.40 -314.74 -21.25 224.07 585.95 71.87 -1.95 -610.90 -721.44 -328.10 -865.52 -355.94 -69.66 690.96 699.84 59.65 -4.01 -919.88 -918.56 -385.52 -1018.98 -624.80 -114.22 965.03 717.82 37.81 -33.11 -1064.73 -1121.15 -431.81 -1114.40 -784.83 -150.83 1007.00 717.84 6.36 -66.20
0.00 0.00 0.00 0.00 0.00 0.00 0.00 0.00 0.00 0.00 -392.31 -501.71 -229.77 -492.40 -314.74 -21.25 224.07 585.95 71.87 -1.95 -610.90 -721.44 -328.10 -865.52 -355.94 -69.66 690.96 699.84 59.65 -4.01 -919.88 -918.56 -385.52 -1018.98 -624.80 -114.22 965.03 717.82 37.81 -33.11 -1064.73 -1121.15 -431.81 -1114.40 -784.83 -150.83 1007.00 717.84 6.36 -66.20
0.00 0.00 0.00 0.00 0.00 0.00 0.00 0.00 0.00 0.00 -392.31 -501.71 -229.77 -492.40 -314.74 -21.25 224.07 585.95 71.87 -1.95 -610.90 -721.44 -328.10 -865.52 -355.94 -69.66 690.96 699.84 59.65 -4.01 -919.88 -918.56 -385.52 -1018.98 -624.80 -114.22 965.03 717.82 37.81 -33.11 -1064.73 -1121.15 -431.81 -1114.40 -784.83 -150.83 1007.00 717.84 6.36 -66.20
0.00 0.00 0.00 0.00 0.00 0.00 0.00 0.00 0.00 0.00 -392.31 -501.71 -229.77 -492.40 -314.74 -21.25 224.07 585.95 71.87 -1.95 -610.90 -721.44 -328.10 -865.52 -355.94 -69.66 690.96 699.84 59.65 -4.01 -919.88 -918.56 -385.52 -1018.98 -624.80 -114.22 965.03 717.82 37.81 -33.11 -1064.73 -1121.15 -431.81 -1114.40 -784.83 -150.83 1007.00 717.84 6.36 -66.20
0.00 0.00 0.00 0.00 0.00 0.00 0.00 0.00 0.00 0.00 -392.31 -501.71 -229.77 -492.40 -314.74 -21.25 224.07 585.95 71.87 -1.95 -610.90 -721.44 -328.10 -865.52 -355.94 -69.66 690.96 699.84 59.65 -4.01 -919.88 -918.56 -385.52 -1018.98 -624.80 -114.22 965.03 717.82 37.81 -33.11 -1064.73 -1121.15 -431.81 -1114.40 -784.83 -150.83 1007.00 717.84 6.36 -66.20
0.00 0.00 0.00 0.00 0.00 0.00 0.00 0.00 0.00 0.00 -392.31 -501.71 -229.77 -492.40 -314.74 -21.25 224.07 585.95 71.87 -1.95 -610.90 -721.44 -328.10 -865.52 -355.94 -69.66 690.96 699.84 59.65 -4.01 -919.88 -918.56 -385.52 -1018.98 -624.80 -114.22 965.03 717.82 37.81 -33.11 -1064.73 -1121.15 -431.81 -1114.40 -784.83 -150.83 1007.00 717.84 6.36 -66.20
0.00 0.00 0.00 0.00 0.00 0.00 0.00 0.00 0.00 0.00 -392.31 -501.71 -229.77 -492.40 -314.74 -21.25 224.07 585.95 71.87 -1.95 -610.90 -721.44 -328.10 -865.52 -355.94 -69.66 690.96 699.84 59.65 -4.01 -919.88 -918.56 -385.52 -1018.98 -624.80 -114.22 965.03 717.82 37.81 -33.11 -1064.73 -1121.15 -431.81 -1114.40 -784.83 -150.83 1007.00 717.84 6.36 -66.20
0.00 0.00 0.00 0.00 0.00 0.00 0.00 0.00 0.00 0.00 -392.31 -501.71 -229.77 -492.40 -314.74 -21.25 224.07 585.95 71.87 -1.95 -610.90 -721.44 -328.10 -865.52 -355.94 -69.66 690.96 699.84 59.65 -4.01 -919.88 -918.56 -385.52 -1018.98 -624.80 -114.22 965.03 717.82 37.81 -33.11 -1064.73 -1121.15 -431.81 -1114.40 -784.83 -150.83 1007.00 717.84 6.36 -66.20
0.00 0.00 0.00 0.00 0.00 0.00 0.00 0.00 0.00 0.00 -392.31 -501.71 -229.77 -492.40 -314.74 -21.25 224.07 585.95 71.87 -1.95 -610.90 -721.44 -328.10 -865.52 -355.94 -69.66 690.96 699.84 59.65 -4.01 -919.88 -918.56 -385.52 -1018.98 -624.80 -114.22 965.03 717.82 37.81 -33.11 -1064.73 -1121.15 -431.81 -1114.40 -784.83 -150.83 1007.00 717.84 6.36 -66.20
0.00 0.00 0.00 0.00 0.00 0.00 0.00 0.00 0.00 0.00 -392.31 -501.71 -229.77 -492.40 -314.74 -21.25 224.07 585.95 71.87 -1.95 -610.90 -721.44 -328.10 -865.52 -355.94 -69.66 690.96 699.84 59.65 -4.01 -919.88 -918.56 -385.52 -1018.98 -624.80 -114.22 965.03 717.82 37.81 -33.11 -1064.73 -1121.15 -431.81 -1114.40 -784.83 -150.83 1007.00 717.84 6.36 -66.20
0.00 0.00 0.00 0.00 0.00 0.00 0.00 0.00 0.00 0.00 -392.31 -501.71 -229.77 -492.40 -314.74 -21.25 224.07 585.95 71.87 -1.95 -610.90 -721.44 -328.10 -865.52 -355.94 -69.66 690.96 699.84 59.65 -4.01 -919.88 -918.56 -385.52 -1018.98 -624.80 -114.22 965.03 717.82 37.81 -33.11 -1064.73 -1121.15 -431.81 -1114.40 -784.83 -150.83 1007.00 717.84 6.36 -66.20
0.00 0.00 0.00 0.00 0.00 0.00 0.00 0.00 0.00 0.00 -392.31 -501.71 -229.77 -492.40 -314.74 -21.25 224.07 585.95 71.87 -1.95 -610.90 -721.44 -328.10 -865.52 -355.94 -69.66 690.96 699.84 59.65 -4.01 -919.88 -918.56 -385.52 -1018.98 -624.80 -114.22 965.03 717.82 37.81 -33.11 -1064.73 -1121.15 -431.81 -1114.40 -784.83 -150.83 1007.00 717.84 6.36 -66.20
0.00 0.00 0.00 0.00 0.00 0.00 0.00 0.00 0.00 0.00 -392.31 -501.71 -229.77 -492.40 -314.74 -21.25 224.07 585.95 71.87 -1.95 -610.90 -721.44 -328.10 -865.52 -355.94 -69.66 690.96 699.84 59.65 -4.01 -919.88 -918.56 -385.52 -1018.98 -624.80 -114.22 965.03 717.82 37.81 -33.11 -1064.73 -1121.15 -431.81 -1114.40 -784.83 -150.83 1007.00 717.84 6.36 -66.20
0.00 0.00 0.00 0.00 0.00 0.00 0.00 0.00 0.00 0.00 -392.31 -501.71 -229.77 -492.40 -314.74 -21.25 224.07 585.95 71.87 -1.95 -610.90 -721.44 -328.10 -865.52 -355.94 -69.66 690.96 699.84 59.65 -4.01 -919.88 -918.56 -385.52 -1018.98 -624.80 -114.22 965.03 717.82 37.81 -33.11 -1064.73 -1121.15 -431.81 -1114.40 -784.83 -150.83 1007.00 717.84 6.36 -66.20
0.00 0.00 0.00 0.00 0.00 0.00 0.00 0.00 0.00 0.00 -392.31 -501.71 -229.77 -492.40 -314.74 -21.25 224.07 585.95 71.87 -1.95 -610.90 -721.44 -328.10 -865.52 -355.94 -69.66 690.96 699.84 59.65 -4.01 -919.88 -918.56 -385.52 -1018.98 -624.80 -114.22 965.03 717.82 37.81 -33.11 -1064.73 -1121.15 -431.81 -1114.40 -784.83 -150.83 1007.00 717.84 6.36 -66.20
0.00 0.00 0.00 0.00 0.00 0.00 0.00 0.00 0.00 0.00 -392.31 -501.71 -229.77 -492.40 -314.74 -21.25 224.07 585.95 71.87 -1.95 -610.90 -721.44 -328.10 -865.52 -355.94 -69.66 690.96 699.84 59.65 -4.01 -919.88 -918.56 -385.52 -1018.98 -624.80 -114.22 965.03 717.82 37.81 -33.11 -1064.73 -1121.15 -431.81 -1114.40 -784.83 -150.83 1007.00 717.84 6.36 -66.20
0.00 0.00 0.00 0.00 0.00 0.00 0.00 0.00 0.00 0.00 -392.31 -501.71 -229.77 -492.40 -314.74 -21.25 224.07 585.95 71.87 -1.95 -610.90 -721.44 -328.10 -865.52 -355.94 -69.66 690.96 699.84 59.65 -4.01 -919.88 -918.56 -385.52 -1018.98 -624.80 -114.22 965.03 717.82 37.81 -33.11 -1064.73 -1121.15 -431.81 -1114.40 -784.83 -150.83 1007.00 717.84 6.36 -66.20
0.00 0.00 0.00 0.00 0.00 0.00 0.00 0.00 0.00 0.00 -392.31 -501.71 -229.77 -492.40 -314.74 -21.25 224.07 585.95 71.87 -1.95 -610.90 -721.44 -328.10 -865.52 -355.94 -69.66 690.96 699.84 59.65 -4.01 -919.88 -918.56 -385.52 -1018.98 -624.80 -114.22 965.03 717.82 37.81 -33.11 -1064.73 -1121.15 -431.81 -1114.40 -784.83 -150.83 1007.00 717.84 6.36 -66.20
0.00 0.00 0.00 0.00 0.00 0.00 0.00 0.00 0.00 0.00 -393.92 -499.11 -229.36 -488.25 -314.06 -21.24 306.49 613.93 65.24 0.31 -600.60 -714.57 -324.86 -839.42 -355.25 -71.19 555.34 747.99 61.47 -9.56 -903.46 -905.74 -385.07 -1018.15 -611.72 -132.25 635.76 725.90 31.46 -61.51 -1060.81 -1112.50 -435.78 -1108.37 -784.18 -154.00 964.31 720.09 -4.68 -79.63
0.00 0.00 0.00 0.00 0.00 0.00 0.00 0.00 0.00 0.00 -393.92 -499.11 -229.36 -488.25 -314.06 -21.24 306.49 613.93 65.24 0.31 -600.60 -714.57 -324.86 -839.42 -355.25 -71.19 555.34 747.99 61.47 -9.56 -903.46 -905.74 -385.07 -1018.15 -611.72 -132.25 635.76 725.90 31.46 -61.51 -1060.81 -1112.50 -435.78 -1108.37 -784.18 -154.00 964.31 720.09 -4.68 -79.63
0.00 0.00 0.00 0.00 0.00 0.00 0.00 0.00 0.00 0.00 -393.92 -499.11 -229.36 -488.25 -314.06 -21.24 306.49 613.93 65.24 0.31 -600.60 -714.57 -324.86 -839.42 -355.25 -71.19 555.34 747.99 61.47 -9.56 -903.46 -905.74 -385.07 -1018.15 -611.72 -132.25 635.76 725.90 31.46 -61.51 -1060.81 -1112.50 -435.78 -1108.37 -784.18 -154.00 964.31 720.09 -4.68 -79.63
0.00 0.00 0.00 0.00 0.00 0.00 0.00 0.00 0.00 0.00 -393.92 -499.11 -229.36 -488.25 -314.06 -21.24 306.49 613.93 65.24 0.31 -600.60 -714.57 -324.86 -839.42 -355.25 -71.19 555.34 747.99 61.47 -9.56 -903.46 -905.74 -385.07 -1018.15 -611.72 -132.25 635.76 725.90 31.46 -61.51 -1060.81 -1112.50 -435.78 -1108.37 -784.18 -154.00 964.31 720.09 -4.68 -79.63
0.00 0.00 0.00 0.00 0.00 0.00 0.00 0.00 0.00 0.00 -393.92 -499.11 -229.36 -488.25 -314.06 -21.24 306.49 613.93 65.24 0.31 -600.60 -714.57 -324.86 -839.42 -355.25 -71.19 555.34 747.99 61.47 -9.56 -903.46 -905.74 -385.07 -1018.15 -611.72 -132.25 635.76 725.90 31.46 -61.51 -1060.81 -1112.50 -435.78 -1108.37 -784.18 -154.00 964.31 720.09 -4.68 -79.63
0.00 0.00 0.00 0.00 0.00 0.00 0.00 0.00 0.00 0.00 -393.92 -499.11 -229.36 -488.25 -314.06 -21.24 306.49 613.93 65.24 0.31 -600.60 -714.57 -324.86 -839.42 -355.25 -71.19 555.34 747.99 61.47 -9.56 -903.46 -905.74 -385.07 -1018.15 -611.72 -132.25 635.76 725.90 31.46 -61.51 -1060.81 -1112.50 -435.78 -1108.37 -784.18 -154.00 964.31 720.09 -4.68 -79.63
0.00 0.00 0.00 0.00 0.00 0.00 0.00 0.00 0.00 0.00 -393.92 -499.11 -229.36 -488.25 -314.06 -21.24 306.49 613.93 65.24 0.31 -600.60 -714.57 -324.86 -839.42 -355.25 -71.19 555.34 747.99 61.47 -9.56 -903.46 -905.74 -385.07 -1018.15 -611.72 -132.25 635.76 725.90 31.46 -61.51 -1060.81 -1112.50 -435.78 -1108.37 -784.18 -154.00 964.31 720.09 -4.68 -79.63
0.00 0.00 0.00 0.00 0.00 0.00 0.00 0.00 0.00 0.00 -393.92 -499.11 -229.36 -488.25 -314.06 -21.24 306.49 613.93 65.24 0.31 -600.60 -714.57 -324.86 -839.42 -355.25 -71.19 555.34 747.99 61.47 -9.56 -903.46 -905.74 -385.07 -1018.15 -611.72 -132.25 635.76 725.90 31.46 -61.51 -1060.81 -1112.50 -435.78 -1108.37 -784.18 -154.00 964.31 720.09 -4.68 -79.63
0.00 0.00 0.00 0.00 0.00 0.00 0.00 0.00 0.00 0.00 -393.92 -499.11 -229.36 -488.25 -314.06 -21.24 306.49 613.93 65.24 0.31 -600.60 -714.57 -324.86 -839.42 -355.25 -71.19 555.34 747.99 61.47 -9.56 -903.46 -905.74 -385.07 -1018.15 -611.72 -132.25 635.76 725.90 31.46 -61.51 -1060.81 -1112.50 -435.78 -1108.37 -784.18 -154.00 964.31 720.09 -4.68 -79.63
0.00 0.00 0.00 0.00 0.00 0.00 0.00 0.00 0.00 0.00 -393.92 -499.11 -229.36 -488.25 -314.06 -21.24 306.49 613.93 65.24 0.31 -600.60 -714.57 -324.86 -839.42 -355.25 -71.19 555.34 747.99 61.47 -9.56 -903.46 -905.74 -385.07 -1018.15 -611.72 -132.25 635.76 725.90 31.46 -61.51 -1060.81 -1112.50 -435.78 -1108.37 -784.18 -154.00 964.31 720.09 -4.68 -79.63
0.00 0.00 0.00 0.00 0.00 0.00 0.00 0.00 0.00 0.00 -393.92 -499.11 -229.36 -488.25 -314.06 -21.24 306.49 613.93 65.24 0.31 -600.60 -714.57 -324.86 -839.42 -355.25 -71.19 555.34 747.99 61.47 -9.56 -903.46 -905.74 -385.07 -1018.15 -611.72 -132.25 635.76 725.90 31.46 -61.51 -1060.81 -1112.50 -435.78 -1108.37 -784.18 -154.00 964.31 720.09 -4.68 -79.63
0.00 0.00 0.00 0.00 0.00 0.00 0.00 0.00 0.00 0.00 -393.92 -499.11 -229.36 -488.25 -314.06 -21.24 306.49 613.93 65.24 0.31 -600.60 -714.57 -324.86 -839.42 -355.25 -71.19 555.34 747.99 61.47 -9.56 -903.46 -905.74 -385.07 -1018.15 -611.72 -132.25 635.76 725.90 31.46 -61.51 -1060.81 -1112.50 -435.78 -1108.37 -784.18 -154.00 964.31 720.09 -4.68 -79.63
0.00 0.00 0.00 0.00 0.00 0.00 0.00 0.00 0.00 0.00 -393.92 -499.11 -229.36 -488.25 -314.06 -21.24 306.49 613.93 65.24 0.31 -600.60 -714.57 -324.86 -839.42 -355.25 -71.19 555.34 747.99 61.47 -9.56 -903.46 -905.74 -385.07 -1018.15 -611.72 -132.25 635.76 725.90 31.46 -61.51 -1060.81 -1112.50 -435.78 -1108.37 -784.18 -154.00 964.31 720.09 -4.68 -79.63
0.00 0.00 0.00 0.00 0.00 0.00 0.00 0.00 0.00 0.00 -393.92 -499.11 -229.36 -488.25 -314.06 -21.24 306.49 613.93 65.24 0.31 -600.60 -714.57 -324.86 -839.42 -355.25 -71.19 555.34 747.99 61.47 -9.56 -903.46 -905.74 -385.07 -1018.15 -611.72 -132.25 635.76 725.90 31.46 -61.51 -1060.81 -1112.50 -435.78 -1108.37 -784.18 -154.00 964.31 720.09 -4.68 -79.63
0.00 0.00 0.00 0.00 0.00 0.00 0.00 0.00 0.00 0.00 -393.92 -499.11 -229.36 -488.25 -314.06 -21.24 306.49 613.93 65.24 0.31 -600.60 -714.57 -324.86 -839.42 -355.25 -71.19 555.34 747.99 61.47 -9.56 -903.46 -905.74 -385.07 -1018.15 -611.72 -132.25 635.76 725.90 31.46 -61.51 -1060.81 -1112.50 -435.78 -1108.37 -784.18 -154.00 964.31 720.09 -4.68 -79.63
0.00 0.00 0.00 0.00 0.00 0.00 0.00 0.00 0.00 0.00 -393.92 -499.11 -229.36 -488.25 -314.06 -21.24 306.49 613.93 65.24 0.31 -600.60 -714.57 -324.86 -839.42 -355.25 -71.19 555.34 747.99 61.47 -9.56 -903.46 -905.74 -385.07 -1018.15 -611.72 -132.25 635.76 725.90 31.46 -61.51 -1060.81 -1112.50 -435.78 -1108.37 -784.18 -154.00 964.31 720.09 -4.68 -79.63
0.00 0.00 0.00 0.00 0.00 0.00 0.00 0.00 0.00 0.00 -393.92 -499.11 -229.36 -488.25 -314.06 -21.24 306.49 613.93 65.24 0.31 -600.60 -714.57 -324.86 -839.42 -355.25 -71.19 555.34 747.99 61.47 -9.56 -903.46 -905.74 -385.07 -1018.15 -611.72 -132.25 635.76 725.90 31.46 -61.51 -1060.81 -1112.50 -435.78 -1108.37 -784.18 -154.00 964.31 720.09 -4.68 -79.63
0.00 0.00 0.00 0.00 0.00 0.00 0.00 0.00 0.00 0.00 -393.92 -499.11 -229.36 -488.25 -314.06 -21.24 306.49 613.93 65.24 0.31 -600.60 -714.57 -324.86 -839.42 -355.25 -71.19 555.34 747.99 61.47 -9.56 -903.46 -905.74 -385.07 -1018.15 -611.72 -132.25 635.76 725.90 31.46 -61.51 -1060.81 -1112.50 -435.78 -1108.37 -784.18 -154.00 964.31 720.09 -4.68 -79.63
0.00 0.00 0.00 0.00 0.00 0.00 0.00 0.00 0.00 0.00 -393.92 -499.11 -229.36 -488.25 -314.06 -21.24 306.49 613.93 65.24 0.31 -600.60 -714.57 -324.86 -839.42 -355.25 -71.19 555.34 747.99 61.47 -9.56 -903.46 -905.74 -385.07 -1018.15 -611.72 -132.25 635.76 725.90 31.46 -61.51 -1060.81 -1112.50 -435.78 -1108.37 -784.18 -154.00 964.31 720.09 -4.68 -79.63
0.00 0.00 0.00 0.00 0.00 0.00 0.00 0.00 0.00 0.00 -393.92 -499.11 -229.36 -488.25 -314.06 -21.24 306.49 613.93 65.24 0.31 -600.60 -714.57 -324.86 -839.42 -355.25 -71.19 555.34 747.99 61.47 -9.56 -903.46 -905.74 -385.07 -1018.15 -611.72 -132.25 635.76 725.90 31.46 -61.51 -1060.81 -1112.50 -435.78 -1108.37 -784.18 -154.00 964.31 720.09 -4.68 -79.63
0.00 0.00 0.00 0.00 0.00 0.00 0.00 0.00 0.00 0.00 -393.92 -499.11 -229.36 -488.25 -314.06 -21.24 306.49 613.93 65.24 0.31 -600.60 -714.57 -324.86 -839.42 -355.25 -71.19 555.34 747.99 61.47 -9.56 -903.46 -905.74 -385.07 -1018.15 -611.72 -132.25 635.76 725.90 31.46 -61.51 -1060.81 -1112.50 -435.78 -1108.37 -784.18 -154.00 964.31 720.09 -4.68 -79.63
0.00 0.00 0.00 0.00 0.00 0.00 0.00 0.00 0.00 0.00 -393.92 -499.11 -229.36 -488.25 -314.06 -21.24 306.49 613.93 65.24 0.31 -600.60 -714.57 -324.86 -839.42 -355.25 -71.19 555.34 747.99 61.47 -9.56 -903.46 -905.74 -385.07 -1018.15 -611.72 -132.25 635.76 725.90 31.46 -61.51 -1060.81 -1112.50 -435.78 -1108.37 -784.18 -154.00 964.31 720.09 -4.68 -79.63
0.00 0.00 0.00 0.00 0.00 0.00 0.00 0.00 0.00 0.00 -393.92 -499.11 -229.36 -488.25 -314.06 -21.24 306.49 613.93 65.24 0.31 -600.60 -714.57 -324.86 -839.42 -355.25 -71.19 555.34 747.99 61.47 -9.56 -903.46 -905.74 -385.07 -1018.15 -611.72 -132.25 635.76 725.90 31.46 -61.51 -1060.81 -1112.50 -435.78 -1108.37 -784.18 -154.00 964.31 720.09 -4.68 -79.63
0.00 0.00 0.00 0.00 0.00 0.00 0.00 0.00 0.00 0.00 -393.92 -499.11 -229.36 -488.25 -314.06 -21.24 306.49 613.93 65.24 0.31 -600.60 -714.57 -324.86 -839.42 -355.25 -71.19 555.34 747.99 61.47 -9.56 -903.46 -905.74 -385.07 -1018.15 -611.72 -132.25 635.76 725.90 31.46 -61.51 -1060.81 -1112.50 -435.78 -1108.37 -784.18 -154.00 964.31 720.09 -4.68 -79.63
0.00 0.00 0.00 0.00 0.00 0.00 0.00 0.00 0.00 0.00 -393.92 -499.11 -229.36 -488.25 -314.06 -21.24 306.49 613.93 65.24 0.31 -600.60 -714.57 -324.86 -839.42 -355.25 -71.19 555.34 747.99 61.47 -9.56 -903.46 -905.74 -385.07 -1018.15 -611.72 -132.25 635.76 725.90 31.46 -61.51 -1060.81 -1112.50 -435.78 -1108.37 -784.18 -154.00 964.31 720.09 -4.68 -79.63
0.00 0.00 0.00 0.00 0.00 0.00 0.00 0.00 0.00 0.00 -393.92 -499.11 -229.36 -488.25 -314.06 -21.24 306.49 613.93 65.24 0.31 -600.60 -714.57 -324.86 -839.42 -355.25 -71.19 555.34 747.99 61.47 -9.56 -903.46 -905.74 -385.07 -1018.15 -611.72 -132.25 635.76 725.90 31.46 -61.51 -1060.81 -1112.50 -435.78 -1108.37 -784.18 -154.00 964.31 720.09 -4.68 -79.63
0.00 0.00 0.00 0.00 0.00 0.00 0.00 0.00 0.00 0.00 -393.92 -499.11 -229.36 -488.25 -314.06 -21.24 306.49 613.93 65.24 0.31 -600.60 -714.57 -324.86 -839.42 -355.25 -71.19 555.34 747.99 61.47 -9.56 -903.46 -905.74 -385.07 -1018.15 -611.72 -132.25 635.76 725.90 31.46 -61.51 -1060.81 -1112.50 -435.78 -1108.37 -784.18 -154.00 964.31 720.09 -4.68 -79.63
0.00 0.00 0.00 0.00 0.00 0.00 0.00 0.00 0.00 0.00 -393.92 -499.11 -229.36 -488.25 -314.06 -21.24 306.49 613.93 65.24 0.31 -600.60 -714.57 -324.86 -839.42 -355.25 -71.19 555.34 747.99 61.47 -9.56 -903.46 -905.74 -385.07 -1018.15 -611.72 -132.25 635.76 725.90 31.46 -61.51 -1060.81 -1112.50 -435.78 -1108.37 -784.18 -154.00 964.31 720.09 -4.68 -79.63
0.00 0.00 0.00 0.00 0.00 0.00 0.00 0.00 0.00 0.00 -393.92 -499.11 -229.36 -488.25 -314.06 -21.24 306.49 613.93 65.24 0.31 -600.60 -714.57 -324.86 -839.42 -355.25 -71.19 555.34 747.99 61.47 -9.56 -903.46 -905.74 -385.07 -1018.15 -611.72 -132.25 635.76 725.90 31.46 -61.51 -1060.81 -1112.50 -435.78 -1108.37 -784.18 -154.00 964.31 720.09 -4.68 -79.63
0.00 0.00 0.00 0.00 0.00 0.00 0.00 0.00 0.00 0.00 -393.92 -499.11 -229.36 -488.25 -314.06 -21.24 306.49 613.93 65.24 0.31 -600.60 -714.57 -324.86 -839.42 -355.25 -71.19 555.34 747.99 61.47 -9.56 -903.46 -905.74 -385.07 -1018.15 -611.72 -132.25 635.76 725.90 31.46 -61.51 -1060.81 -1112.50 -435.78 -1108.37 -784.18 -154.00 964.31 720.09 -4.68 -79.63
0.00 0.00 0.00 0.00 0.00 0.00 0.00 0.00 0.00 0.00 -393.92 -499.11 -229.36 -488.25 -314.06 -21.24 306.49 613.93 65.24 0.31 -600.60 -714.57 -324.86 -839.42 -355.25 -71.19 555.34 747.99 61.47 -9.56 -903.46 -905.74 -385.07 -1018.15 -611.72 -132.25 635.76 725.90 31.46 -61.51 -1060.81 -1112.50 -435.78 -1108.37 -784.18 -154.00 964.31 720.09 -4.68 -79.63
0.00 0.00 0.00 0.00 0.00 0.00 0.00 0.00 0.00 0.00 -393.92 -499.11 -229.36 -488.25 -314.06 -21.24 306.49 613.93 65.24 0.31 -600.60 -714.57 -324.86 -839.42 -355.25 -71.19 555.34 747.99 61.47 -9.56 -903.46 -905.74 -385.07 -1018.15 -611.72 -132.25 635.76 725.90 31.46 -61.51 -1060.81 -1112.50 -435.78 -1108.37 -784.18 -154.00 964.31 720.09 -4.68 -79.63
0.00 0.00 0.00 0.00 0.00 0.00 0.00 0.00 0.00 0.00 -393.92 -499.11 -229.36 -488.25 -314.06 -21.24 306.49 613.93 65.24 0.31 -600.60 -714.57 -324.86 -839.42 -355.25 -71.19 555.34 747.99 61.47 -9.56 -903.46 -905.74 -385.07 -1018.15 -611.72 -132.25 635.76 725.90 31.46 -61.51 -1060.81 -1112.50 -435.78 -1108.37 -784.18 -154.00 964.31 720.09 -4.68 -79.63
0.00 0.00 0.00 0.00 0.00 0.00 0.00 0.00 0.00 0.00 -393.92 -499.11 -229.36 -488.25 -314.06 -21.24 306.49 613.93 65.24 0.31 -600.60 -714.57 -324.86 -839.42 -355.25 -71.19 555.34 747.99 61.47 -9.56 -903.46 -905.74 -385.07 -1018.15 -611.72 -132.25 635.76 725.90 31.46 -61.51 -1060.81 -1112.50 -435.78 -1108.37 -784.18 -154.00 964.31 720.09 -4.68 -79.63
0.00 0.00 0.00 0.00 0.00 0.00 0.00 0.00 0.00 0.00 -393.92 -499.11 -229.36 -488.25 -314.06 -21.24 306.49 613.93 65.24 0.31 -600.60 -714.57 -324.86 -839.42 -355.25 -71.19 555.34 747.99 61.47 -9.56 -903.46 -905.74 -385.07 -1018.15 -611.72 -132.25 635.76 725.90 31.46 -61.51 -1060.81 -1112.50 -435.78 -1108.37 -784.18 -154.00 964.31 720.09 -4.68 -79.63
0.00 0.00 0.00 0.00 0.00 0.00 0.00 0.00 0.00 0.00 -393.92 -499.11 -229.36 -488.25 -314.06 -21.24 306.49 613.93 65.24 0.31 -600.60 -714.57 -324.86 -839.42 -355.25 -71.19 555.34 747.99 61.47 -9.56 -903.46 -905.74 -385.07 -1018.15 -611.72 -132.25 635.76 725.90 31.46 -61.51 -1060.81 -1112.50 -435.78 -1108.37 -784.18 -154.00 964.31 720.09 -4.68 -79.63
0.00 0.00 0.00 0.00 0.00 0.00 0.00 0.00 0.00 0.00 -393.92 -499.11 -229.36 -488.25 -314.06 -21.24 306.49 613.93 65.24 0.31 -600.60 -714.57 -324.86 -839.42 -355.25 -71.19 555.34 747.99 61.47 -9.56 -903.46 -905.74 -385.07 -1018.15 -611.72 -132.25 635.76 725.90 31.46 -61.51 -1060.81 -1112.50 -435.78 -1108.37 -784.18 -154.00 964.31 720.09 -4.68 -79.63
0.00 0.00 0.00 0.00 0.00 0.00 0.00 0.00 0.00 0.00 -393.92 -499.11 -229.36 -488.25 -314.06 -21.24 306.49 613.93 65.24 0.31 -600.60 -714.57 -324.86 -839.42 -355.25 -71.19 555.34 747.99 61.47 -9.56 -903.46 -905.74 -385.07 -1018.15 -611.72 -132.25 635.76 725.90 31.46 -61.51 -1060.81 -1112.50 -435.78 -1108.37 -784.18 -154.00 964.31 720.09 -4.68 -79.63
0.00 0.00 0.00 0.00 0.00 0.00 0.00 0.00 0.00 0.00 -393.92 -499.11 -229.36 -488.25 -314.06 -21.24 306.49 613.93 65.24 0.31 -600.60 -714.57 -324.86 -839.42 -355.25 -71.19 555.34 747.99 61.47 -9.56 -903.46 -905.74 -385.07 -1018.15 -611.72 -132.25 635.76 725.90 31.46 -61.51 -1060.81 -1112.50 -435.78 -1108.37 -784.18 -154.00 964.31 720.09 -4.68 -79.63
0.00 0.00 0.00 0.00 0.00 0.00 0.00 0.00 0.00 0.00 -393.92 -499.11 -229.36 -488.25 -314.06 -21.24 306.49 613.93 65.24 0.31 -600.60 -714.57 -324.86 -839.42 -355.25 -71.19 555.34 747.99 61.47 -9.56 -903.46 -905.74 -385.07 -1018.15 -611.72 -132.25 635.76 725.90 31.46 -61.51 -1060.81 -1112.50 -435.78 -1108.37 -784.18 -154.00 964.31 720.09 -4.68 -79.63
0.00 0.00 0.00 0.00 0.00 0.00 0.00 0.00 0.00 0.00 -393.92 -499.11 -229.36 -488.25 -314.06 -21.24 306.49 613.93 65.24 0.31 -600.60 -714.57 -324.86 -839.42 -355.25 -71.19 555.34 747.99 61.47 -9.56 -903.46 -905.74 -385.07 -1018.15 -611.72 -132.25 635.76 725.90 31.46 -61.51 -1060.81 -1112.50 -435.78 -1108.37 -784.18 -154.00 964.31 720.09 -4.68 -79.63
0.00 0.00 0.00 0.00 0.00 0.00 0.00 0.00 0.00 0.00 -393.92 -499.11 -229.36 -488.25 -314.06 -21.24 306.49 613.93 65.24 0.31 -600.60 -714.57 -324.86 -839.42 -355.25 -71.19 555.34 747.99 61.47 -9.56 -903.46 -905.74 -385.07 -1018.15 -611.72 -132.25 635.76 725.90 31.46 -61.51 -1060.81 -1112.50 -435.78 -1108.37 -784.18 -154.00 964.31 720.09 -4.68 -79.63
0.00 0.00 0.00 0.00 0.00 0.00 0.00 0.00 0.00 0.00 -393.92 -499.11 -229.36 -488.25 -314.06 -21.24 306.49 613.93 65.24 0.31 -600.60 -714.57 -324.86 -839.42 -355.25 -71.19 555.34 747.99 61.47 -9.56 -903.46 -905.74 -385.07 -1018.15 -611.72 -132.25 635.76 725.90 31.46 -61.51 -1060.81 -1112.50 -435.78 -1108.37 -784.18 -154.00 964.31 720.09 -4.68 -79.63
0.00 0.00 0.00 0.00 0.00 0.00 0.00 0.00 0.00 0.00 -393.92 -499.11 -229.36 -488.25 -314.06 -21.24 306.49 613.93 65.24 0.31 -600.60 -714.57 -324.86 -839.42 -355.25 -71.19 555.34 747.99 61.47 -9.56 -903.46 -905.74 -385.07 -1018.15 -611.72 -132.25 635.76 725.90 31.46 -61.51 -1060.81 -1112.50 -435.78 -1108.37 -784.18 -154.00 964.31 720.09 -4.68 -79.63
0.00 0.00 0.00 0.00 0.00 0.00 0.00 0.00 0.00 0.00 -393.92 -499.11 -229.36 -488.25 -314.06 -21.24 306.49 613.93 65.24 0.31 -600.60 -714.57 -324.86 -839.42 -355.25 -71.19 555.34 747.99 61.47 -9.56 -903.46 -905.74 -385.07 -1018.15 -611.72 -132.25 635.76 725.90 31.46 -61.51 -1060.81 -1112.50 -435.78 -1108.37 -784.18 -154.00 964.31 720.09 -4.68 -79.63
0.00 0.00 0.00 0.00 0.00 0.00 0.00 0.00 0.00 0.00 -393.92 -499.11 -229.36 -488.25 -314.06 -21.24 306.49 613.93 65.24 0.31 -600.60 -714.57 -324.86 -839.42 -355.25 -71.19 555.34 747.99 61.47 -9.56 -903.46 -905.74 -385.07 -1018.15 -611.72 -132.25 635.76 725.90 31.46 -61.51 -1060.81 -1112.50 -435.78 -1108.37 -784.18 -154.00 964.31 720.09 -4.68 -79.63
0.00 0.00 0.00 0.00 0.00 0.00 0.00 0.00 0.00 0.00 -393.92 -499.11 -229.36 -488.25 -314.06 -21.24 306.49 613.93 65.24 0.31 -600.60 -714.57 -324.86 -839.42 -355.25 -71.19 555.34 747.99 61.47 -9.56 -903.46 -905.74 -385.07 -1018.15 -611.72 -132.25 635.76 725.90 31.46 -61.51 -1060.81 -1112.50 -435.78 -1108.37 -784.18 -154.00 964.31 720.09 -4.68 -79.63
0.00 0.00 0.00 0.00 0.00 0.00 0.00 0.00 0.00 0.00 -393.92 -499.11 -229.36 -488.25 -314.06 -21.24 306.49 613.93 65.24 0.31 -600.60 -714.57 -324.86 -839.42 -355.25 -71.19 555.34 747.99 61.47 -9.56 -903.46 -905.74 -385.07 -1018.15 -611.72 -132.25 635.76 725.90 31.46 -61.51 -1060.81 -1112.50 -435.78 -1108.37 -784.18 -154.00 964.31 720.09 -4.68 -79.63
0.00 0.00 0.00 0.00 0.00 0.00 0.00 0.00 0.00 0.00 -393.92 -499.11 -229.36 -488.25 -314.06 -21.24 306.49 613.93 65.24 0.31 -600.60 -714.57 -324.86 -839.42 -355.25 -71.19 555.34 747.99 61.47 -9.56 -903.46 -905.74 -385.07 -1018.15 -611.72 -132.25 635.76 725.90 31.46 -61.51 -1060.81 -1112.50 -435.78 -1108.37 -784.18 -154.00 964.31 720.09 -4.68 -79.63
0.00 0.00 0.00 0.00 0.00 0.00 0.00 0.00 0.00 0.00 -393.92 -499.11 -229.36 -488.25 -314.06 -21.24 306.49 613.93 65.24 0.31 -600.60 -714.57 -324.86 -839.42 -355.25 -71.19 555.34 747.99 61.47 -9.56 -903.46 -905.74 -385.07 -1018.15 -611.72 -132.25 635.76 725.90 31.46 -61.51 -1060.81 -1112.50 -435.78 -1108.37 -784.18 -154.00 964.31 720.09 -4.68 -79.63
0.00 0.00 0.00 0.00 0.00 0.00 0.00 0.00 0.00 0.00 -393.92 -499.11 -229.36 -488.25 -314.06 -21.24 306.49 613.93 65.24 0.31 -600.60 -714.57 -324.86 -839.42 -355.25 -71.19 555.34 747.99 61.47 -9.56 -903.46 -905.74 -385.07 -1018.15 -611.72 -132.25 635.76 725.90 31.46 -61.51 -1060.81 -1112.50 -435.78 -1108.37 -784.18 -154.00 964.31 720.09 -4.68 -79.63
0.00 0.00 0.00 0.00 0.00 0.00 0.00 0.00 0.00 0.00 -393.92 -499.11 -229.36 -488.25 -314.06 -21.24 306.49 613.93 65.24 0.31 -600.60 -714.57 -324.86 -839.42 -355.25 -71.19 555.34 747.99 61.47 -9.56 -903.46 -905.74 -385.07 -1018.15 -611.72 -132.25 635.76 725.90 31.46 -61.51 -1060.81 -1112.50 -435.78 -1108.37 -784.18 -154.00 964.31 720.09 -4.68 -79.63
0.00 0.00 0.00 0.00 0.00 0.00 0.00 0.00 0.00 0.00 -393.92 -499.11 -229.36 -488.25 -314.06 -21.24 306.49 613.93 65.24 0.31 -600.60 -714.57 -324.86 -839.42 -355.25 -71.19 555.34 747.99 61.47 -9.56 -903.46 -905.74 -385.07 -1018.15 -611.72 -132.25 635.76 725.90 31.46 -61.51 -1060.81 -1112.50 -435.78 -1108.37 -784.18 -154.00 964.31 720.09 -4.68 -79.63
0.00 0.00 0.00 0.00 0.00 0.00 0.00 0.00 0.00 0.00 -393.92 -499.11 -229.36 -488.25 -314.06 -21.24 306.49 613.93 65.24 0.31 -600.60 -714.57 -324.86 -839.42 -355.25 -71.19 555.34 747.99 61.47 -9.56 -903.46 -905.74 -385.07 -1018.15 -611.72 -132.25 635.76 725.90 31.46 -61.51 -1060.81 -1112.50 -435.78 -1108.37 -784.18 -154.00 964.31 720.09 -4.68 -79.63
0.00 0.00 0.00 0.00 0.00 0.00 0.00 0.00 0.00 0.00 -393.92 -499.11 -229.36 -488.25 -314.06 -21.24 306.49 613.93 65.24 0.31 -600.60 -714.57 -324.86 -839.42 -355.25 -71.19 555.34 747.99 61.47 -9.56 -903.46 -905.74 -385.07 -1018.15 -611.72 -132.25 635.76 725.90 31.46 -61.51 -1060.81 -1112.50 -435.78 -1108.37 -784.18 -154.00 964.31 720.09 -4.68 -79.63
0.00 0.00 0.00 0.00 0.00 0.00 0.00 0.00 0.00 0.00 -393.92 -499.11 -229.36 -488.25 -314.06 -21.24 306.49 613.93 65.24 0.31 -600.60 -714.57 -324.86 -839.42 -355.25 -71.19 555.34 747.99 61.47 -9.56 -903.46 -905.74 -385.07 -1018.15 -611.72 -132.25 635.76 725.90 31.46 -61.51 -1060.81 -1112.50 -435.78 -1108.37 -784.18 -154.00 964.31 720.09 -4.68 -79.63
0.00 0.00 0.00 0.00 0.00 0.00 0.00 0.00 0.00 0.00 -393.92 -499.11 -229.36 -488.25 -314.06 -21.24 306.49 613.93 65.24 0.31 -600.60 -714.57 -324.86 -839.42 -355.25 -71.19 555.34 747.99 61.47 -9.56 -903.46 -905.74 -385.07 -1018.15 -611.72 -132.25 635.76 725.90 31.46 -61.51 -1060.81 -1112.50 -435.78 -1108.37 -784.18 -154.00 964.31 720.09 -4.68 -79.63
0.00 0.00 0.00 0.00 0.00 0.00 0.00 0.00 0.00 0.00 -393.92 -499.11 -229.36 -488.25 -314.06 -21.24 306.49 613.93 65.24 0.31 -600.60 -714.57 -324.86 -839.42 -355.25 -71.19 555.34 747.99 61.47 -9.56 -903.46 -905.74 -385.07 -1018.15 -611.72 -132.25 635.76 725.90 31.46 -61.51 -1060.81 -1112.50 -435.78 -1108.37 -784.18 -154.00 964.31 720.09 -4.68 -79.63
0.00 0.00 0.00 0.00 0.00 0.00 0.00 0.00 0.00 0.00 -393.92 -499.11 -229.36 -488.25 -314.06 -21.24 306.49 613.93 65.24 0.31 -600.60 -714.57 -324.86 -839.42 -355.25 -71.19 555.34 747.99 61.47 -9.56 -903.46 -905.74 -385.07 -1018.15 -611.72 -132.25 635.76 725.90 31.46 -61.51 -1060.81 -1112.50 -435.78 -1108.37 -784.18 -154.00 964.31 720.09 -4.68 -79.63
0.00 0.00 0.00 0.00 0.00 0.00 0.00 0.00 0.00 0.00 -393.92 -499.11 -229.36 -488.25 -314.06 -21.24 306.49 613.93 65.24 0.31 -600.60 -714.57 -324.86 -839.42 -355.25 -71.19 555.34 747.99 61.47 -9.56 -903.46 -905.74 -385.07 -1018.15 -611.72 -132.25 635.76 725.90 31.46 -61.51 -1060.81 -1112.50 -435.78 -1108.37 -784.18 -154.00 964.31 720.09 -4.68 -79.63
0.00 0.00 0.00 0.00 0.00 0.00 0.00 0.00 0.00 0.00 -393.92 -499.11 -229.36 -488.25 -314.06 -21.24 306.49 613.93 65.24 0.31 -600.60 -714.57 -324.86 -839.42 -355.25 -71.19 555.34 747.99 61.47 -9.56 -903.46 -905.74 -385.07 -1018.15 -611.72 -132.25 635.76 725.90 31.46 -61.51 -1060.81 -1112.50 -435.78 -1108.37 -784.18 -154.00 964.31 720.09 -4.68 -79.63
0.00 0.00 0.00 0.00 0.00 0.00 0.00 0.00 0.00 0.00 -393.92 -499.11 -229.36 -488.25 -314.06 -21.24 306.49 613.93 65.24 0.31 -600.60 -714.57 -324.86 -839.42 -355.25 -71.19 555.34 747.99 61.47 -9.56 -903.46 -905.74 -385.07 -1018.15 -611.72 -132.25 635.76 725.90 31.46 -61.51 -1060.81 -1112.50 -435.78 -1108.37 -784.18 -154.00 964.31 720.09 -4.68 -79.63
0.00 0.00 0.00 0.00 0.00 0.00 0.00 0.00 0.00 0.00 -393.92 -499.11 -229.36 -488.25 -314.06 -21.24 306.49 613.93 65.24 0.31 -600.60 -714.57 -324.86 -839.42 -355.25 -71.19 555.34 747.99 61.47 -9.56 -903.46 -905.74 -385.07 -1018.15 -611.72 -132.25 635.76 725.90 31.46 -61.51 -1060.81 -1112.50 -435.78 -1108.37 -784.18 -154.00 964.31 720.09 -4.68 -79.63
0.00 0.00 0.00 0.00 0.00 0.00 0.00 0.00 0.00 0.00 -393.92 -499.11 -229.36 -488.25 -314.06 -21.24 306.49 613.93 65.24 0.31 -600.60 -714.57 -324.86 -839.42 -355.25 -71.19 555.34 747.99 61.47 -9.56 -903.46 -905.74 -385.07 -1018.15 -611.72 -132.25 635.76 725.90 31.46 -61.51 -1060.81 -1112.50 -435.78 -1108.37 -784.18 -154.00 964.31 720.09 -4.68 -79.63
0.00 0.00 0.00 0.00 0.00 0.00 0.00 0.00 0.00 0.00 -393.92 -499.11 -229.36 -488.25 -314.06 -21.24 306.49 613.93 65.24 0.31 -600.60 -714.57 -324.86 -839.42 -355.25 -71.19 555.34 747.99 61.47 -9.56 -903.46 -905.74 -385.07 -1018.15 -611.72 -132.25 635.76 725.90 31.46 -61.51 -1060.81 -1112.50 -435.78 -1108.37 -784.18 -154.00 964.31 720.09 -4.68 -79.63
0.00 0.00 0.00 0.00 0.00 0.00 0.00 0.00 0.00 0.00 -393.92 -499.11 -229.36 -488.25 -314.06 -21.24 306.49 613.93 65.24 0.31 -600.60 -714.57 -324.86 -839.42 -355.25 -71.19 555.34 747.99 61.47 -9.56 -903.46 -905.74 -385.07 -1018.15 -611.72 -132.25 635.76 725.90 31.46 -61.51 -1060.81 -1112.50 -435.78 -1108.37 -784.18 -154.00 964.31 720.09 -4.68 -79.63
0.00 0.00 0.00 0.00 0.00 0.00 0.00 0.00 0.00 0.00 -393.92 -499.11 -229.36 -488.25 -314.06 -21.24 306.49 613.93 65.24 0.31 -600.60 -714.57 -324.86 -839.42 -355.25 -71.19 555.34 747.99 61.47 -9.56 -903.46 -905.74 -385.07 -1018.15 -611.72 -132.25 635.76 725.90 31.46 -61.51 -1060.81 -1112.50 -435.78 -1108.37 -784.18 -154.00 964.31 720.09 -4.68 -79.63
0.00 0.00 0.00 0.00 0.00 0.00 0.00 0.00 0.00 0.00 -393.92 -499.11 -229.36 -488.25 -314.06 -21.24 306.49 613.93 65.24 0.31 -600.60 -714.57 -324.86 -839.42 -355.25 -71.19 555.34 747.99 61.47 -9.56 -903.46 -905.74 -385.07 -1018.15 -611.72 -132.25 635.76 725.90 31.46 -61.51 -1060.81 -1112.50 -435.78 -1108.37 -784.18 -154.00 964.31 720.09 -4.68 -79.63
0.00 0.00 0.00 0.00 0.00 0.00 0.00 0.00 0.00 0.00 -393.92 -499.11 -229.36 -488.25 -314.06 -21.24 306.49 613.93 65.24 0.31 -600.60 -714.57 -324.86 -839.42 -355.25 -71.19 555.34 747.99 61.47 -9.56 -903.46 -905.74 -385.07 -1018.15 -611.72 -132.25 635.76 725.90 31.46 -61.51 -1060.81 -1112.50 -435.78 -1108.37 -784.18 -154.00 964.31 720.09 -4.68 -79.63
0.00 0.00 0.00 0.00 0.00 0.00 0.00 0.00 0.00 0.00 -393.92 -499.11 -229.36 -488.25 -314.06 -21.24 306.49 613.93 65.24 0.31 -600.60 -714.57 -324.86 -839.42 -355.25 -71.19 555.34 747.99 61.47 -9.56 -903.46 -905.74 -385.07 -1018.15 -611.72 -132.25 635.76 725.90 31.46 -61.51 -1060.81 -1112.50 -435.78 -1108.37 -784.18 -154.00 964.31 720.09 -4.68 -79.63
0.00 0.00 0.00 0.00 0.00 0.00 0.00 0.00 0.00 0.00 -393.92 -499.11 -229.36 -488.25 -314.06 -21.24 306.49 613.93 65.24 0.31 -600.60 -714.57 -324.86 -839.42 -355.25 -71.19 555.34 747.99 61.47 -9.56 -903.46 -905.74 -385.07 -1018.15 -611.72 -132.25 635.76 725.90 31.46 -61.51 -1060.81 -1112.50 -435.78 -1108.37 -784.18 -154.00 964.31 720.09 -4.68 -79.63
0.00 0.00 0.00 0.00 0.00 0.00 0.00 0.00 0.00 0.00 -393.92 -499.11 -229.36 -488.25 -314.06 -21.24 306.49 613.93 65.24 0.31 -600.60 -714.57 -324.86 -839.42 -355.25 -71.19 555.34 747.99 61.47 -9.56 -903.46 -905.74 -385.07 -1018.15 -611.72 -132.25 635.76 725.90 31.46 -61.51 -1060.81 -1112.50 -435.78 -1108.37 -784.18 -154.00 964.31 720.09 -4.68 -79.63
0.00 0.00 0.00 0.00 0.00 0.00 0.00 0.00 0.00 0.00 -393.92 -499.11 -229.36 -488.25 -314.06 -21.24 306.49 613.93 65.24 0.31 -600.60 -714.57 -324.86 -839.42 -355.25 -71.19 555.34 747.99 61.47 -9.56 -903.46 -905.74 -385.07 -1018.15 -611.72 -132.25 635.76 725.90 31.46 -61.51 -1060.81 -1112.50 -435.78 -1108.37 -784.18 -154.00 964.31 720.09 -4.68 -79.63
0.00 0.00 0.00 0.00 0.00 0.00 0.00 0.00 0.00 0.00 -393.92 -499.11 -229.36 -488.25 -314.06 -21.24 306.49 613.93 65.24 0.31 -600.60 -714.57 -324.86 -839.42 -355.25 -71.19 555.34 747.99 61.47 -9.56 -903.46 -905.74 -385.07 -1018.15 -611.72 -132.25 635.76 725.90 31.46 -61.51 -1060.81 -1112.50 -435.78 -1108.37 -784.18 -154.00 964.31 720.09 -4.68 -79.63
0.00 0.00 0.00 0.00 0.00 0.00 0.00 0.00 0.00 0.00 -393.92 -499.11 -229.36 -488.25 -314.06 -21.24 306.49 613.93 65.24 0.31 -600.60 -714.57 -324.86 -839.42 -355.25 -71.19 555.34 747.99 61.47 -9.56 -903.46 -905.74 -385.07 -1018.15 -611.72 -132.25 635.76 725.90 31.46 -61.51 -1060.81 -1112.50 -435.78 -1108.37 -784.18 -154.00 964.31 720.09 -4.68 -79.63
0.00 0.00 0.00 0.00 0.00 0.00 0.00 0.00 0.00 0.00 -393.92 -499.11 -229.36 -488.25 -314.06 -21.24 306.49 613.93 65.24 0.31 -600.60 -714.57 -324.86 -839.42 -355.25 -71.19 555.34 747.99 61.47 -9.56 -903.46 -905.74 -385.07 -1018.15 -611.72 -132.25 635.76 725.90 31.46 -61.51 -1060.81 -1112.50 -435.78 -1108.37 -784.18 -154.00 964.31 720.09 -4.68 -79.63
0.00 0.00 0.00 0.00 0.00 0.00 0.00 0.00 0.00 0.00 -393.92 -499.11 -229.36 -488.25 -314.06 -21.24 306.49 613.93 65.24 0.31 -600.60 -714.57 -324.86 -839.42 -355.25 -71.19 555.34 747.99 61.47 -9.56 -903.46 -905.74 -385.07 -1018.15 -611.72 -132.25 635.76 725.90 31.46 -61.51 -1060.81 -1112.50 -435.78 -1108.37 -784.18 -154.00 964.31 720.09 -4.68 -79.63
0.00 0.00 0.00 0.00 0.00 0.00 0.00 0.00 0.00 0.00 -393.92 -499.11 -229.36 -488.25 -314.06 -21.24 306.49 613.93 65.24 0.31 -600.60 -714.57 -324.86 -839.42 -355.25 -71.19 555.34 747.99 61.47 -9.56 -903.46 -905.74 -385.07 -1018.15 -611.72 -132.25 635.76 725.90 31.46 -61.51 -1060.81 -1112.50 -435.78 -1108.37 -784.18 -154.00 964.31 720.09 -4.68 -79.63
0.00 0.00 0.00 0.00 0.00 0.00 0.00 0.00 0.00 0.00 -393.92 -499.11 -229.36 -488.25 -314.06 -21.24 306.49 613.93 65.24 0.31 -600.60 -714.57 -324.86 -839.42 -355.25 -71.19 555.34 747.99 61.47 -9.56 -903.46 -905.74 -385.07 -1018.15 -611.72 -132.25 635.76 725.90 31.46 -61.51 -1060.81 -1112.50 -435.78 -1108.37 -784.18 -154.00 964.31 720.09 -4.68 -79.63
0.00 0.00 0.00 0.00 0.00 0.00 0.00 0.00 0.00 0.00 -393.92 -499.11 -229.36 -488.25 -314.06 -21.24 306.49 613.93 65.24 0.31 -600.60 -714.57 -324.86 -839.42 -355.25 -71.19 555.34 747.99 61.47 -9.56 -903.46 -905.74 -385.07 -1018.15 -611.72 -132.25 635.76 725.90 31.46 -61.51 -1060.81 -1112.50 -435.78 -1108.37 -784.18 -154.00 964.31 720.09 -4.68 -79.63
0.00 0.00 0.00 0.00 0.00 0.00 0.00 0.00 0.00 0.00 -393.92 -499.11 -229.36 -488.25 -314.06 -21.24 306.49 613.93 65.24 0.31 -600.60 -714.57 -324.86 -839.42 -355.25 -71.19 555.34 747.99 61.47 -9.56 -903.46 -905.74 -385.07 -1018.15 -611.72 -132.25 635.76 725.90 31.46 -61.51 -1060.81 -1112.50 -435.78 -1108.37 -784.18 -154.00 964.31 720.09 -4.68 -79.63
0.00 0.00 0.00 0.00 0.00 0.00 0.00 0.00 0.00 0.00 -393.92 -499.11 -229.36 -488.25 -314.06 -21.24 306.49 613.93 65.24 0.31 -600.60 -714.57 -324.86 -839.42 -355.25 -71.19 555.34 747.99 61.47 -9.56 -903.46 -905.74 -385.07 -1018.15 -611.72 -132.25 635.76 725.90 31.46 -61.51 -1060.81 -1112.50 -435.78 -1108.37 -784.18 -154.00 964.31 720.09 -4.68 -79.63
0.00 0.00 0.00 0.00 0.00 0.00 0.00 0.00 0.00 0.00 -393.92 -499.11 -229.36 -488.25 -314.06 -21.24 306.49 613.93 65.24 0.31 -600.60 -714.57 -324.86 -839.42 -355.25 -71.19 555.34 747.99 61.47 -9.56 -903.46 -905.74 -385.07 -1018.15 -611.72 -132.25 635.76 725.90 31.46 -61.51 -1060.81 -1112.50 -435.78 -1108.37 -784.18 -154.00 964.31 720.09 -4.68 -79.63
0.00 0.00 0.00 0.00 0.00 0.00 0.00 0.00 0.00 0.00 -393.92 -499.11 -229.36 -488.25 -314.06 -21.24 306.49 613.93 65.24 0.31 -600.60 -714.57 -324.86 -839.42 -355.25 -71.19 555.34 747.99 61.47 -9.56 -903.46 -905.74 -385.07 -1018.15 -611.72 -132.25 635.76 725.90 31.46 -61.51 -1060.81 -1112.50 -435.78 -1108.37 -784.18 -154.00 964.31 720.09 -4.68 -79.63
0.00 0.00 0.00 0.00 0.00 0.00 0.00 0.00 0.00 0.00 -393.92 -499.11 -229.36 -488.25 -314.06 -21.24 306.49 613.93 65.24 0.31 -600.60 -714.57 -324.86 -839.42 -355.25 -71.19 555.34 747.99 61.47 -9.56 -903.46 -905.74 -385.07 -1018.15 -611.72 -132.25 635.76 725.90 31.46 -61.51 -1060.81 -1112.50 -435.78 -1108.37 -784.18 -154.00 964.31 720.09 -4.68 -79.63
