0.00 0.00 0.00 0.00 0.00 0.00 0.00 0.00 0.00 0.00 -434.74 -550.32 -249.78 -555.20 -326.95 -12.17 321.03 688.90 67.29 1.84 -715.73 -762.51 -347.59 -930.77 -398.98 -51.72 436.59 725.13 51.37 -17.02 -1011.47 -1038.00 -409.56 -1068.17 -736.04 -96.87 507.69 716.82 1.81 -45.20 -1125.38 -1219.13 -462.08 -1150.97 -843.65 -142.02 783.90 715.48 -13.55 -72.99
0.00 0.00 0.00 0.00 0.00 0.00 0.00 0.00 0.00 0.00 -425.70 -539.43 -245.54 -540.53 -324.46 -20.66 243.15 612.94 65.85 11.08 -668.56 -741.63 -336.57 -905.92 -368.02 -61.13 895.42 740.93 52.42 -7.07 -988.69 -1001.18 -394.10 -1056.83 -710.83 -91.56 1005.28 719.82 6.95 -40.87 -1112.84 -1196.48 -448.22 -1141.99 -832.40 -142.82 1007.78 716.59 -13.25 -73.01
0.00 0.00 0.00 0.00 0.00 0.00 0.00 0.00 0.00 0.00 -425.70 -539.43 -245.54 -540.53 -324.46 -20.66 243.15 612.94 65.85 11.08 -668.56 -741.63 -336.57 -905.92 -368.02 -61.13 895.42 740.93 52.42 -7.07 -988.69 -1001.18 -394.10 -1056.83 -710.83 -91.56 1005.28 719.82 6.95 -40.87 -1112.84 -1196.48 -448.22 -1141.99 -832.40 -142.82 1007.78 716.59 -13.25 -73.01
0.00 0.00 0.00 0.00 0.00 0.00 0.00 0.00 0.00 0.00 -415.40 -533.63 -243.34 -533.76 -323.02 -20.76 240.32 551.97 73.22 12.88 -663.17 -741.31 -338.74 -888.00 -362.69 -48.91 880.21 606.16 49.32 -13.01 -970.19 -982.40 -398.41 -1046.95 -685.56 -99.89 1004.38 631.34 2.84 -66.99 -1102.22 -1179.50 -449.25 -1139.48 -821.86 -136.29 1007.79 676.45 -11.78 -82.50
0.00 0.00 0.00 0.00 0.00 0.00 0.00 0.00 0.00 0.00 -423.68 -542.60 -246.42 -546.12 -325.22 -19.00 307.19 502.09 80.95 11.92 -694.71 -750.35 -342.75 -916.73 -373.54 -54.38 597.69 716.11 65.16 -11.08 -997.67 -1008.33 -403.47 -1058.78 -711.44 -102.60 702.67 710.14 27.14 -63.10 -1108.49 -1187.96 -454.08 -1132.87 -825.06 -145.73 756.31 710.77 -3.12 -80.46
0.00 0.00 0.00 0.00 0.00 0.00 0.00 0.00 0.00 0.00 -423.68 -542.60 -246.42 -546.12 -325.22 -19.00 307.19 502.09 80.95 11.92 -694.71 -750.35 -342.75 -916.73 -373.54 -54.38 597.69 716.11 65.16 -11.08 -997.67 -1008.33 -403.47 -1058.78 -711.44 -102.60 702.67 710.14 27.14 -63.10 -1108.49 -1187.96 -454.08 -1132.87 -825.06 -145.73 756.31 710.77 -3.12 -80.46
0.00 0.00 0.00 0.00 0.00 0.00 0.00 0.00 0.00 0.00 -423.68 -542.60 -246.42 -546.12 -325.22 -19.00 307.19 502.09 80.95 11.92 -694.71 -750.35 -342.75 -916.73 -373.54 -54.38 597.69 716.11 65.16 -11.08 -997.67 -1008.33 -403.47 -1058.78 -711.44 -102.60 702.67 710.14 27.14 -63.10 -1108.49 -1187.96 -454.08 -1132.87 -825.06 -145.73 756.31 710.77 -3.12 -80.46
0.00 0.00 0.00 0.00 0.00 0.00 0.00 0.00 0.00 0.00 -423.68 -542.60 -246.42 -546.12 -325.22 -19.00 307.19 502.09 80.95 11.92 -694.71 -750.35 -342.75 -916.73 -373.54 -54.38 597.69 716.11 65.16 -11.08 -997.67 -1008.33 -403.47 -1058.78 -711.44 -102.60 702.67 710.14 27.14 -63.10 -1108.49 -1187.96 -454.08 -1132.87 -825.06 -145.73 756.31 710.77 -3.12 -80.46
0.00 0.00 0.00 0.00 0.00 0.00 0.00 0.00 0.00 0.00 -423.68 -542.60 -246.42 -546.12 -325.22 -19.00 307.19 502.09 80.95 11.92 -694.71 -750.35 -342.75 -916.73 -373.54 -54.38 597.69 716.11 65.16 -11.08 -997.67 -1008.33 -403.47 -1058.78 -711.44 -102.60 702.67 710.14 27.14 -63.10 -1108.49 -1187.96 -454.08 -1132.87 -825.06 -145.73 756.31 710.77 -3.12 -80.46
0.00 0.00 0.00 0.00 0.00 0.00 0.00 0.00 0.00 0.00 -423.68 -542.60 -246.42 -546.12 -325.22 -19.00 307.19 502.09 80.95 11.92 -694.71 -750.35 -342.75 -916.73 -373.54 -54.38 597.69 716.11 65.16 -11.08 -997.67 -1008.33 -403.47 -1058.78 -711.44 -102.60 702.67 710.14 27.14 -63.10 -1108.49 -1187.96 -454.08 -1132.87 -825.06 -145.73 756.31 710.77 -3.12 -80.46
0.00 0.00 0.00 0.00 0.00 0.00 0.00 0.00 0.00 0.00 -423.68 -542.60 -246.42 -546.12 -325.22 -19.00 307.19 502.09 80.95 11.92 -694.71 -750.35 -342.75 -916.73 -373.54 -54.38 597.69 716.11 65.16 -11.08 -997.67 -1008.33 -403.47 -1058.78 -711.44 -102.60 702.67 710.14 27.14 -63.10 -1108.49 -1187.96 -454.08 -1132.87 -825.06 -145.73 756.31 710.77 -3.12 -80.46
0.00 0.00 0.00 0.00 0.00 0.00 0.00 0.00 0.00 0.00 -423.68 -542.60 -246.42 -546.12 -325.22 -19.00 307.19 502.09 80.95 11.92 -694.71 -750.35 -342.75 -916.73 -373.54 -54.38 597.69 716.11 65.16 -11.08 -997.67 -1008.33 -403.47 -1058.78 -711.44 -102.60 702.67 710.14 27.14 -63.10 -1108.49 -1187.96 -454.08 -1132.87 -825.06 -145.73 756.31 710.77 -3.12 -80.46
0.00 0.00 0.00 0.00 0.00 0.00 0.00 0.00 0.00 0.00 -423.68 -542.60 -246.42 -546.12 -325.22 -19.00 307.19 502.09 80.95 11.92 -694.71 -750.35 -342.75 -916.73 -373.54 -54.38 597.69 716.11 65.16 -11.08 -997.67 -1008.33 -403.47 -1058.78 -711.44 -102.60 702.67 710.14 27.14 -63.10 -1108.49 -1187.96 -454.08 -1132.87 -825.06 -145.73 756.31 710.77 -3.12 -80.46
0.00 0.00 0.00 0.00 0.00 0.00 0.00 0.00 0.00 0.00 -423.68 -542.60 -246.42 -546.12 -325.22 -19.00 307.19 502.09 80.95 11.92 -694.71 -750.35 -342.75 -916.73 -373.54 -54.38 597.69 716.11 65.16 -11.08 -997.67 -1008.33 -403.47 -1058.78 -711.44 -102.60 702.67 710.14 27.14 -63.10 -1108.49 -1187.96 -454.08 -1132.87 -825.06 -145.73 756.31 710.77 -3.12 -80.46
0.00 0.00 0.00 0.00 0.00 0.00 0.00 0.00 0.00 0.00 -423.68 -542.60 -246.42 -546.12 -325.22 -19.00 307.19 502.09 80.95 11.92 -694.71 -750.35 -342.75 -916.73 -373.54 -54.38 597.69 716.11 65.16 -11.08 -997.67 -1008.33 -403.47 -1058.78 -711.44 -102.60 702.67 710.14 27.14 -63.10 -1108.49 -1187.96 -454.08 -1132.87 -825.06 -145.73 756.31 710.77 -3.12 -80.46
0.00 0.00 0.00 0.00 0.00 0.00 0.00 0.00 0.00 0.00 -423.68 -542.60 -246.42 -546.12 -325.22 -19.00 307.19 502.09 80.95 11.92 -694.71 -750.35 -342.75 -916.73 -373.54 -54.38 597.69 716.11 65.16 -11.08 -997.67 -1008.33 -403.47 -1058.78 -711.44 -102.60 702.67 710.14 27.14 -63.10 -1108.49 -1187.96 -454.08 -1132.87 -825.06 -145.73 756.31 710.77 -3.12 -80.46
0.00 0.00 0.00 0.00 0.00 0.00 0.00 0.00 0.00 0.00 -423.68 -542.60 -246.42 -546.12 -325.22 -19.00 307.19 502.09 80.95 11.92 -694.71 -750.35 -342.75 -916.73 -373.54 -54.38 597.69 716.11 65.16 -11.08 -997.67 -1008.33 -403.47 -1058.78 -711.44 -102.60 702.67 710.14 27.14 -63.10 -1108.49 -1187.96 -454.08 -1132.87 -825.06 -145.73 756.31 710.77 -3.12 -80.46
0.00 0.00 0.00 0.00 0.00 0.00 0.00 0.00 0.00 0.00 -423.68 -542.60 -246.42 -546.12 -325.22 -19.00 307.19 502.09 80.95 11.92 -694.71 -750.35 -342.75 -916.73 -373.54 -54.38 597.69 716.11 65.16 -11.08 -997.67 -1008.33 -403.47 -1058.78 -711.44 -102.60 702.67 710.14 27.14 -63.10 -1108.49 -1187.96 -454.08 -1132.87 -825.06 -145.73 756.31 710.77 -3.12 -80.46
0.00 0.00 0.00 0.00 0.00 0.00 0.00 0.00 0.00 0.00 -423.68 -542.60 -246.42 -546.12 -325.22 -19.00 307.19 502.09 80.95 11.92 -694.71 -750.35 -342.75 -916.73 -373.54 -54.38 597.69 716.11 65.16 -11.08 -997.67 -1008.33 -403.47 -1058.78 -711.44 -102.60 702.67 710.14 27.14 -63.10 -1108.49 -1187.96 -454.08 -1132.87 -825.06 -145.73 756.31 710.77 -3.12 -80.46
0.00 0.00 0.00 0.00 0.00 0.00 0.00 0.00 0.00 0.00 -423.68 -542.60 -246.42 -546.12 -325.22 -19.00 307.19 502.09 80.95 11.92 -694.71 -750.35 -342.75 -916.73 -373.54 -54.38 597.69 716.11 65.16 -11.08 -997.67 -1008.33 -403.47 -1058.78 -711.44 -102.60 702.67 710.14 27.14 -63.10 -1108.49 -1187.96 -454.08 -1132.87 -825.06 -145.73 756.31 710.77 -3.12 -80.46
0.00 0.00 0.00 0.00 0.00 0.00 0.00 0.00 0.00 0.00 -423.68 -542.60 -246.42 -546.12 -325.22 -19.00 307.19 502.09 80.95 11.92 -694.71 -750.35 -342.75 -916.73 -373.54 -54.38 597.69 716.11 65.16 -11.08 -997.67 -1008.33 -403.47 -1058.78 -711.44 -102.60 702.67 710.14 27.14 -63.10 -1108.49 -1187.96 -454.08 -1132.87 -825.06 -145.73 756.31 710.77 -3.12 -80.46
0.00 0.00 0.00 0.00 0.00 0.00 0.00 0.00 0.00 0.00 -423.68 -542.60 -246.42 -546.12 -325.22 -19.00 307.19 502.09 80.95 11.92 -694.71 -750.35 -342.75 -916.73 -373.54 -54.38 597.69 716.11 65.16 -11.08 -997.67 -1008.33 -403.47 -1058.78 -711.44 -102.60 702.67 710.14 27.14 -63.10 -1108.49 -1187.96 -454.08 -1132.87 -825.06 -145.73 756.31 710.77 -3.12 -80.46
0.00 0.00 0.00 0.00 0.00 0.00 0.00 0.00 0.00 0.00 -423.68 -542.60 -246.42 -546.12 -325.22 -19.00 307.19 502.09 80.95 11.92 -694.71 -750.35 -342.75 -916.73 -373.54 -54.38 597.69 716.11 65.16 -11.08 -997.67 -1008.33 -403.47 -1058.78 -711.44 -102.60 702.67 710.14 27.14 -63.10 -1108.49 -1187.96 -454.08 -1132.87 -825.06 -145.73 756.31 710.77 -3.12 -80.46
0.00 0.00 0.00 0.00 0.00 0.00 0.00 0.00 0.00 0.00 -423.68 -542.60 -246.42 -546.12 -325.22 -19.00 307.19 502.09 80.95 11.92 -694.71 -750.35 -342.75 -916.73 -373.54 -54.38 597.69 716.11 65.16 -11.08 -997.67 -1008.33 -403.47 -1058.78 -711.44 -102.60 702.67 710.14 27.14 -63.10 -1108.49 -1187.96 -454.08 -1132.87 -825.06 -145.73 756.31 710.77 -3.12 -80.46
0.00 0.00 0.00 0.00 0.00 0.00 0.00 0.00 0.00 0.00 -423.68 -542.60 -246.42 -546.12 -325.22 -19.00 307.19 502.09 80.95 11.92 -694.71 -750.35 -342.75 -916.73 -373.54 -54.38 597.69 716.11 65.16 -11.08 -997.67 -1008.33 -403.47 -1058.78 -711.44 -102.60 702.67 710.14 27.14 -63.10 -1108.49 -1187.96 -454.08 -1132.87 -825.06 -145.73 756.31 710.77 -3.12 -80.46
0.00 0.00 0.00 0.00 0.00 0.00 0.00 0.00 0.00 0.00 -423.68 -542.60 -246.42 -546.12 -325.22 -19.00 307.19 502.09 80.95 11.92 -694.71 -750.35 -342.75 -916.73 -373.54 -54.38 597.69 716.11 65.16 -11.08 -997.67 -1008.33 -403.47 -1058.78 -711.44 -102.60 702.67 710.14 27.14 -63.10 -1108.49 -1187.96 -454.08 -1132.87 -825.06 -145.73 756.31 710.77 -3.12 -80.46
0.00 0.00 0.00 0.00 0.00 0.00 0.00 0.00 0.00 0.00 -423.68 -542.60 -246.42 -546.12 -325.22 -19.00 307.19 502.09 80.95 11.92 -694.71 -750.35 -342.75 -916.73 -373.54 -54.38 597.69 716.11 65.16 -11.08 -997.67 -1008.33 -403.47 -1058.78 -711.44 -102.60 702.67 710.14 27.14 -63.10 -1108.49 -1187.96 -454.08 -1132.87 -825.06 -145.73 756.31 710.77 -3.12 -80.46
0.00 0.00 0.00 0.00 0.00 0.00 0.00 0.00 0.00 0.00 -423.68 -542.60 -246.42 -546.12 -325.22 -19.00 307.19 502.09 80.95 11.92 -694.71 -750.35 -342.75 -916.73 -373.54 -54.38 597.69 716.11 65.16 -11.08 -997.67 -1008.33 -403.47 -1058.78 -711.44 -102.60 702.67 710.14 27.14 -63.10 -1108.49 -1187.96 -454.08 -1132.87 -825.06 -145.73 756.31 710.77 -3.12 -80.46
0.00 0.00 0.00 0.00 0.00 0.00 0.00 0.00 0.00 0.00 -423.68 -542.60 -246.42 -546.12 -325.22 -19.00 307.19 502.09 80.95 11.92 -694.71 -750.35 -342.75 -916.73 -373.54 -54.38 597.69 716.11 65.16 -11.08 -997.67 -1008.33 -403.47 -1058.78 -711.44 -102.60 702.67 710.14 27.14 -63.10 -1108.49 -1187.96 -454.08 -1132.87 -825.06 -145.73 756.31 710.77 -3.12 -80.46
0.00 0.00 0.00 0.00 0.00 0.00 0.00 0.00 0.00 0.00 -423.68 -542.60 -246.42 -546.12 -325.22 -19.00 307.19 502.09 80.95 11.92 -694.71 -750.35 -342.75 -916.73 -373.54 -54.38 597.69 716.11 65.16 -11.08 -997.67 -1008.33 -403.47 -1058.78 -711.44 -102.60 702.67 710.14 27.14 -63.10 -1108.49 -1187.96 -454.08 -1132.87 -825.06 -145.73 756.31 710.77 -3.12 -80.46
0.00 0.00 0.00 0.00 0.00 0.00 0.00 0.00 0.00 0.00 -423.68 -542.60 -246.42 -546.12 -325.22 -19.00 307.19 502.09 80.95 11.92 -694.71 -750.35 -342.75 -916.73 -373.54 -54.38 597.69 716.11 65.16 -11.08 -997.67 -1008.33 -403.47 -1058.78 -711.44 -102.60 702.67 710.14 27.14 -63.10 -1108.49 -1187.96 -454.08 -1132.87 -825.06 -145.73 756.31 710.77 -3.12 -80.46
0.00 0.00 0.00 0.00 0.00 0.00 0.00 0.00 0.00 0.00 -423.68 -542.60 -246.42 -546.12 -325.22 -19.00 307.19 502.09 80.95 11.92 -694.71 -750.35 -342.75 -916.73 -373.54 -54.38 597.69 716.11 65.16 -11.08 -997.67 -1008.33 -403.47 -1058.78 -711.44 -102.60 702.67 710.14 27.14 -63.10 -1108.49 -1187.96 -454.08 -1132.87 -825.06 -145.73 756.31 710.77 -3.12 -80.46
0.00 0.00 0.00 0.00 0.00 0.00 0.00 0.00 0.00 0.00 -423.68 -542.60 -246.42 -546.12 -325.22 -19.00 307.19 502.09 80.95 11.92 -694.71 -750.35 -342.75 -916.73 -373.54 -54.38 597.69 716.11 65.16 -11.08 -997.67 -1008.33 -403.47 -1058.78 -711.44 -102.60 702.67 710.14 27.14 -63.10 -1108.49 -1187.96 -454.08 -1132.87 -825.06 -145.73 756.31 710.77 -3.12 -80.46
0.00 0.00 0.00 0.00 0.00 0.00 0.00 0.00 0.00 0.00 -423.68 -542.60 -246.42 -546.12 -325.22 -19.00 307.19 502.09 80.95 11.92 -694.71 -750.35 -342.75 -916.73 -373.54 -54.38 597.69 716.11 65.16 -11.08 -997.67 -1008.33 -403.47 -1058.78 -711.44 -102.60 702.67 710.14 27.14 -63.10 -1108.49 -1187.96 -454.08 -1132.87 -825.06 -145.73 756.31 710.77 -3.12 -80.46
0.00 0.00 0.00 0.00 0.00 0.00 0.00 0.00 0.00 0.00 -423.68 -542.60 -246.42 -546.12 -325.22 -19.00 307.19 502.09 80.95 11.92 -694.71 -750.35 -342.75 -916.73 -373.54 -54.38 597.69 716.11 65.16 -11.08 -997.67 -1008.33 -403.47 -1058.78 -711.44 -102.60 702.67 710.14 27.14 -63.10 -1108.49 -1187.96 -454.08 -1132.87 -825.06 -145.73 756.31 710.77 -3.12 -80.46
0.00 0.00 0.00 0.00 0.00 0.00 0.00 0.00 0.00 0.00 -423.68 -542.60 -246.42 -546.12 -325.22 -19.00 307.19 502.09 80.95 11.92 -694.71 -750.35 -342.75 -916.73 -373.54 -54.38 597.69 716.11 65.16 -11.08 -997.67 -1008.33 -403.47 -1058.78 -711.44 -102.60 702.67 710.14 27.14 -63.10 -1108.49 -1187.96 -454.08 -1132.87 -825.06 -145.73 756.31 710.77 -3.12 -80.46
0.00 0.00 0.00 0.00 0.00 0.00 0.00 0.00 0.00 0.00 -423.68 -542.60 -246.42 -546.12 -325.22 -19.00 307.19 502.09 80.95 11.92 -694.71 -750.35 -342.75 -916.73 -373.54 -54.38 597.69 716.11 65.16 -11.08 -997.67 -1008.33 -403.47 -1058.78 -711.44 -102.60 702.67 710.14 27.14 -63.10 -1108.49 -1187.96 -454.08 -1132.87 -825.06 -145.73 756.31 710.77 -3.12 -80.46
0.00 0.00 0.00 0.00 0.00 0.00 0.00 0.00 0.00 0.00 -423.68 -542.60 -246.42 -546.12 -325.22 -19.00 307.19 502.09 80.95 11.92 -694.71 -750.35 -342.75 -916.73 -373.54 -54.38 597.69 716.11 65.16 -11.08 -997.67 -1008.33 -403.47 -1058.78 -711.44 -102.60 702.67 710.14 27.14 -63.10 -1108.49 -1187.96 -454.08 -1132.87 -825.06 -145.73 756.31 710.77 -3.12 -80.46
0.00 0.00 0.00 0.00 0.00 0.00 0.00 0.00 0.00 0.00 -423.68 -542.60 -246.42 -546.12 -325.22 -19.00 307.19 502.09 80.95 11.92 -694.71 -750.35 -342.75 -916.73 -373.54 -54.38 597.69 716.11 65.16 -11.08 -997.67 -1008.33 -403.47 -1058.78 -711.44 -102.60 702.67 710.14 27.14 -63.10 -1108.49 -1187.96 -454.08 -1132.87 -825.06 -145.73 756.31 710.77 -3.12 -80.46
0.00 0.00 0.00 0.00 0.00 0.00 0.00 0.00 0.00 0.00 -423.68 -542.60 -246.42 -546.12 -325.22 -19.00 307.19 502.09 80.95 11.92 -694.71 -750.35 -342.75 -916.73 -373.54 -54.38 597.69 716.11 65.16 -11.08 -997.67 -1008.33 -403.47 -1058.78 -711.44 -102.60 702.67 710.14 27.14 -63.10 -1108.49 -1187.96 -454.08 -1132.87 -825.06 -145.73 756.31 710.77 -3.12 -80.46
0.00 0.00 0.00 0.00 0.00 0.00 0.00 0.00 0.00 0.00 -423.68 -542.60 -246.42 -546.12 -325.22 -19.00 307.19 502.09 80.95 11.92 -694.71 -750.35 -342.75 -916.73 -373.54 -54.38 597.69 716.11 65.16 -11.08 -997.67 -1008.33 -403.47 -1058.78 -711.44 -102.60 702.67 710.14 27.14 -63.10 -1108.49 -1187.96 -454.08 -1132.87 -825.06 -145.73 756.31 710.77 -3.12 -80.46
0.00 0.00 0.00 0.00 0.00 0.00 0.00 0.00 0.00 0.00 -423.68 -542.60 -246.42 -546.12 -325.22 -19.00 307.19 502.09 80.95 11.92 -694.71 -750.35 -342.75 -916.73 -373.54 -54.38 597.69 716.11 65.16 -11.08 -997.67 -1008.33 -403.47 -1058.78 -711.44 -102.60 702.67 710.14 27.14 -63.10 -1108.49 -1187.96 -454.08 -1132.87 -825.06 -145.73 756.31 710.77 -3.12 -80.46
0.00 0.00 0.00 0.00 0.00 0.00 0.00 0.00 0.00 0.00 -423.68 -542.60 -246.42 -546.12 -325.22 -19.00 307.19 502.09 80.95 11.92 -694.71 -750.35 -342.75 -916.73 -373.54 -54.38 597.69 716.11 65.16 -11.08 -997.67 -1008.33 -403.47 -1058.78 -711.44 -102.60 702.67 710.14 27.14 -63.10 -1108.49 -1187.96 -454.08 -1132.87 -825.06 -145.73 756.31 710.77 -3.12 -80.46
0.00 0.00 0.00 0.00 0.00 0.00 0.00 0.00 0.00 0.00 -423.68 -542.60 -246.42 -546.12 -325.22 -19.00 307.19 502.09 80.95 11.92 -694.71 -750.35 -342.75 -916.73 -373.54 -54.38 597.69 716.11 65.16 -11.08 -997.67 -1008.33 -403.47 -1058.78 -711.44 -102.60 702.67 710.14 27.14 -63.10 -1108.49 -1187.96 -454.08 -1132.87 -825.06 -145.73 756.31 710.77 -3.12 -80.46
0.00 0.00 0.00 0.00 0.00 0.00 0.00 0.00 0.00 0.00 -423.68 -542.60 -246.42 -546.12 -325.22 -19.00 307.19 502.09 80.95 11.92 -694.71 -750.35 -342.75 -916.73 -373.54 -54.38 597.69 716.11 65.16 -11.08 -997.67 -1008.33 -403.47 -1058.78 -711.44 -102.60 702.67 710.14 27.14 -63.10 -1108.49 -1187.96 -454.08 -1132.87 -825.06 -145.73 756.31 710.77 -3.12 -80.46
0.00 0.00 0.00 0.00 0.00 0.00 0.00 0.00 0.00 0.00 -423.68 -542.60 -246.42 -546.12 -325.22 -19.00 307.19 502.09 80.95 11.92 -694.71 -750.35 -342.75 -916.73 -373.54 -54.38 597.69 716.11 65.16 -11.08 -997.67 -1008.33 -403.47 -1058.78 -711.44 -102.60 702.67 710.14 27.14 -63.10 -1108.49 -1187.96 -454.08 -1132.87 -825.06 -145.73 756.31 710.77 -3.12 -80.46
0.00 0.00 0.00 0.00 0.00 0.00 0.00 0.00 0.00 0.00 -423.68 -542.60 -246.42 -546.12 -325.22 -19.00 307.19 502.09 80.95 11.92 -694.71 -750.35 -342.75 -916.73 -373.54 -54.38 597.69 716.11 65.16 -11.08 -997.67 -1008.33 -403.47 -1058.78 -711.44 -102.60 702.67 710.14 27.14 -63.10 -1108.49 -1187.96 -454.08 -1132.87 -825.06 -145.73 756.31 710.77 -3.12 -80.46
0.00 0.00 0.00 0.00 0.00 0.00 0.00 0.00 0.00 0.00 -423.68 -542.60 -246.42 -546.12 -325.22 -19.00 307.19 502.09 80.95 11.92 -694.71 -750.35 -342.75 -916.73 -373.54 -54.38 597.69 716.11 65.16 -11.08 -997.67 -1008.33 -403.47 -1058.78 -711.44 -102.60 702.67 710.14 27.14 -63.10 -1108.49 -1187.96 -454.08 -1132.87 -825.06 -145.73 756.31 710.77 -3.12 -80.46
0.00 0.00 0.00 0.00 0.00 0.00 0.00 0.00 0.00 0.00 -423.68 -542.60 -246.42 -546.12 -325.22 -19.00 307.19 502.09 80.95 11.92 -694.71 -750.35 -342.75 -916.73 -373.54 -54.38 597.69 716.11 65.16 -11.08 -997.67 -1008.33 -403.47 -1058.78 -711.44 -102.60 702.67 710.14 27.14 -63.10 -1108.49 -1187.96 -454.08 -1132.87 -825.06 -145.73 756.31 710.77 -3.12 -80.46
0.00 0.00 0.00 0.00 0.00 0.00 0.00 0.00 0.00 0.00 -423.68 -542.60 -246.42 -546.12 -325.22 -19.00 307.19 502.09 80.95 11.92 -694.71 -750.35 -342.75 -916.73 -373.54 -54.38 597.69 716.11 65.16 -11.08 -997.67 -1008.33 -403.47 -1058.78 -711.44 -102.60 702.67 710.14 27.14 -63.10 -1108.49 -1187.96 -454.08 -1132.87 -825.06 -145.73 756.31 710.77 -3.12 -80.46
0.00 0.00 0.00 0.00 0.00 0.00 0.00 0.00 0.00 0.00 -423.68 -542.60 -246.42 -546.12 -325.22 -19.00 307.19 502.09 80.95 11.92 -694.71 -750.35 -342.75 -916.73 -373.54 -54.38 597.69 716.11 65.16 -11.08 -997.67 -1008.33 -403.47 -1058.78 -711.44 -102.60 702.67 710.14 27.14 -63.10 -1108.49 -1187.96 -454.08 -1132.87 -825.06 -145.73 756.31 710.77 -3.12 -80.46
0.00 0.00 0.00 0.00 0.00 0.00 0.00 0.00 0.00 0.00 -423.68 -542.60 -246.42 -546.12 -325.22 -19.00 307.19 502.09 80.95 11.92 -694.71 -750.35 -342.75 -916.73 -373.54 -54.38 597.69 716.11 65.16 -11.08 -997.67 -1008.33 -403.47 -1058.78 -711.44 -102.60 702.67 710.14 27.14 -63.10 -1108.49 -1187.96 -454.08 -1132.87 -825.06 -145.73 756.31 710.77 -3.12 -80.46
0.00 0.00 0.00 0.00 0.00 0.00 0.00 0.00 0.00 0.00 -423.68 -542.60 -246.42 -546.12 -325.22 -19.00 307.19 502.09 80.95 11.92 -694.71 -750.35 -342.75 -916.73 -373.54 -54.38 597.69 716.11 65.16 -11.08 -997.67 -1008.33 -403.47 -1058.78 -711.44 -102.60 702.67 710.14 27.14 -63.10 -1108.49 -1187.96 -454.08 -1132.87 -825.06 -145.73 756.31 710.77 -3.12 -80.46
0.00 0.00 0.00 0.00 0.00 0.00 0.00 0.00 0.00 0.00 -423.68 -542.60 -246.42 -546.12 -325.22 -19.00 307.19 502.09 80.95 11.92 -694.71 -750.35 -342.75 -916.73 -373.54 -54.38 597.69 716.11 65.16 -11.08 -997.67 -1008.33 -403.47 -1058.78 -711.44 -102.60 702.67 710.14 27.14 -63.10 -1108.49 -1187.96 -454.08 -1132.87 -825.06 -145.73 756.31 710.77 -3.12 -80.46
0.00 0.00 0.00 0.00 0.00 0.00 0.00 0.00 0.00 0.00 -423.68 -542.60 -246.42 -546.12 -325.22 -19.00 307.19 502.09 80.95 11.92 -694.71 -750.35 -342.75 -916.73 -373.54 -54.38 597.69 716.11 65.16 -11.08 -997.67 -1008.33 -403.47 -1058.78 -711.44 -102.60 702.67 710.14 27.14 -63.10 -1108.49 -1187.96 -454.08 -1132.87 -825.06 -145.73 756.31 710.77 -3.12 -80.46
0.00 0.00 0.00 0.00 0.00 0.00 0.00 0.00 0.00 0.00 -423.68 -542.60 -246.42 -546.12 -325.22 -19.00 307.19 502.09 80.95 11.92 -694.71 -750.35 -342.75 -916.73 -373.54 -54.38 597.69 716.11 65.16 -11.08 -997.67 -1008.33 -403.47 -1058.78 -711.44 -102.60 702.67 710.14 27.14 -63.10 -1108.49 -1187.96 -454.08 -1132.87 -825.06 -145.73 756.31 710.77 -3.12 -80.46
0.00 0.00 0.00 0.00 0.00 0.00 0.00 0.00 0.00 0.00 -423.68 -542.60 -246.42 -546.12 -325.22 -19.00 307.19 502.09 80.95 11.92 -694.71 -750.35 -342.75 -916.73 -373.54 -54.38 597.69 716.11 65.16 -11.08 -997.67 -1008.33 -403.47 -1058.78 -711.44 -102.60 702.67 710.14 27.14 -63.10 -1108.49 -1187.96 -454.08 -1132.87 -825.06 -145.73 756.31 710.77 -3.12 -80.46
0.00 0.00 0.00 0.00 0.00 0.00 0.00 0.00 0.00 0.00 -423.68 -542.60 -246.42 -546.12 -325.22 -19.00 307.19 502.09 80.95 11.92 -694.71 -750.35 -342.75 -916.73 -373.54 -54.38 597.69 716.11 65.16 -11.08 -997.67 -1008.33 -403.47 -1058.78 -711.44 -102.60 702.67 710.14 27.14 -63.10 -1108.49 -1187.96 -454.08 -1132.87 -825.06 -145.73 756.31 710.77 -3.12 -80.46
0.00 0.00 0.00 0.00 0.00 0.00 0.00 0.00 0.00 0.00 -423.68 -542.60 -246.42 -546.12 -325.22 -19.00 307.19 502.09 80.95 11.92 -694.71 -750.35 -342.75 -916.73 -373.54 -54.38 597.69 716.11 65.16 -11.08 -997.67 -1008.33 -403.47 -1058.78 -711.44 -102.60 702.67 710.14 27.14 -63.10 -1108.49 -1187.96 -454.08 -1132.87 -825.06 -145.73 756.31 710.77 -3.12 -80.46
0.00 0.00 0.00 0.00 0.00 0.00 0.00 0.00 0.00 0.00 -423.68 -542.60 -246.42 -546.12 -325.22 -19.00 307.19 502.09 80.95 11.92 -694.71 -750.35 -342.75 -916.73 -373.54 -54.38 597.69 716.11 65.16 -11.08 -997.67 -1008.33 -403.47 -1058.78 -711.44 -102.60 702.67 710.14 27.14 -63.10 -1108.49 -1187.96 -454.08 -1132.87 -825.06 -145.73 756.31 710.77 -3.12 -80.46
0.00 0.00 0.00 0.00 0.00 0.00 0.00 0.00 0.00 0.00 -423.68 -542.60 -246.42 -546.12 -325.22 -19.00 307.19 502.09 80.95 11.92 -694.71 -750.35 -342.75 -916.73 -373.54 -54.38 597.69 716.11 65.16 -11.08 -997.67 -1008.33 -403.47 -1058.78 -711.44 -102.60 702.67 710.14 27.14 -63.10 -1108.49 -1187.96 -454.08 -1132.87 -825.06 -145.73 756.31 710.77 -3.12 -80.46
0.00 0.00 0.00 0.00 0.00 0.00 0.00 0.00 0.00 0.00 -423.68 -542.60 -246.42 -546.12 -325.22 -19.00 307.19 502.09 80.95 11.92 -694.71 -750.35 -342.75 -916.73 -373.54 -54.38 597.69 716.11 65.16 -11.08 -997.67 -1008.33 -403.47 -1058.78 -711.44 -102.60 702.67 710.14 27.14 -63.10 -1108.49 -1187.96 -454.08 -1132.87 -825.06 -145.73 756.31 710.77 -3.12 -80.46
0.00 0.00 0.00 0.00 0.00 0.00 0.00 0.00 0.00 0.00 -423.68 -542.60 -246.42 -546.12 -325.22 -19.00 307.19 502.09 80.95 11.92 -694.71 -750.35 -342.75 -916.73 -373.54 -54.38 597.69 716.11 65.16 -11.08 -997.67 -1008.33 -403.47 -1058.78 -711.44 -102.60 702.67 710.14 27.14 -63.10 -1108.49 -1187.96 -454.08 -1132.87 -825.06 -145.73 756.31 710.77 -3.12 -80.46
0.00 0.00 0.00 0.00 0.00 0.00 0.00 0.00 0.00 0.00 -423.68 -542.60 -246.42 -546.12 -325.22 -19.00 307.19 502.09 80.95 11.92 -694.71 -750.35 -342.75 -916.73 -373.54 -54.38 597.69 716.11 65.16 -11.08 -997.67 -1008.33 -403.47 -1058.78 -711.44 -102.60 702.67 710.14 27.14 -63.10 -1108.49 -1187.96 -454.08 -1132.87 -825.06 -145.73 756.31 710.77 -3.12 -80.46
0.00 0.00 0.00 0.00 0.00 0.00 0.00 0.00 0.00 0.00 -423.68 -542.60 -246.42 -546.12 -325.22 -19.00 307.19 502.09 80.95 11.92 -694.71 -750.35 -342.75 -916.73 -373.54 -54.38 597.69 716.11 65.16 -11.08 -997.67 -1008.33 -403.47 -1058.78 -711.44 -102.60 702.67 710.14 27.14 -63.10 -1108.49 -1187.96 -454.08 -1132.87 -825.06 -145.73 756.31 710.77 -3.12 -80.46
0.00 0.00 0.00 0.00 0.00 0.00 0.00 0.00 0.00 0.00 -423.68 -542.60 -246.42 -546.12 -325.22 -19.00 307.19 502.09 80.95 11.92 -694.71 -750.35 -342.75 -916.73 -373.54 -54.38 597.69 716.11 65.16 -11.08 -997.67 -1008.33 -403.47 -1058.78 -711.44 -102.60 702.67 710.14 27.14 -63.10 -1108.49 -1187.96 -454.08 -1132.87 -825.06 -145.73 756.31 710.77 -3.12 -80.46
0.00 0.00 0.00 0.00 0.00 0.00 0.00 0.00 0.00 0.00 -423.68 -542.60 -246.42 -546.12 -325.22 -19.00 307.19 502.09 80.95 11.92 -694.71 -750.35 -342.75 -916.73 -373.54 -54.38 597.69 716.11 65.16 -11.08 -997.67 -1008.33 -403.47 -1058.78 -711.44 -102.60 702.67 710.14 27.14 -63.10 -1108.49 -1187.96 -454.08 -1132.87 -825.06 -145.73 756.31 710.77 -3.12 -80.46
0.00 0.00 0.00 0.00 0.00 0.00 0.00 0.00 0.00 0.00 -423.68 -542.60 -246.42 -546.12 -325.22 -19.00 307.19 502.09 80.95 11.92 -694.71 -750.35 -342.75 -916.73 -373.54 -54.38 597.69 716.11 65.16 -11.08 -997.67 -1008.33 -403.47 -1058.78 -711.44 -102.60 702.67 710.14 27.14 -63.10 -1108.49 -1187.96 -454.08 -1132.87 -825.06 -145.73 756.31 710.77 -3.12 -80.46
0.00 0.00 0.00 0.00 0.00 0.00 0.00 0.00 0.00 0.00 -423.68 -542.60 -246.42 -546.12 -325.22 -19.00 307.19 502.09 80.95 11.92 -694.71 -750.35 -342.75 -916.73 -373.54 -54.38 597.69 716.11 65.16 -11.08 -997.67 -1008.33 -403.47 -1058.78 -711.44 -102.60 702.67 710.14 27.14 -63.10 -1108.49 -1187.96 -454.08 -1132.87 -825.06 -145.73 756.31 710.77 -3.12 -80.46
0.00 0.00 0.00 0.00 0.00 0.00 0.00 0.00 0.00 0.00 -423.68 -542.60 -246.42 -546.12 -325.22 -19.00 307.19 502.09 80.95 11.92 -694.71 -750.35 -342.75 -916.73 -373.54 -54.38 597.69 716.11 65.16 -11.08 -997.67 -1008.33 -403.47 -1058.78 -711.44 -102.60 702.67 710.14 27.14 -63.10 -1108.49 -1187.96 -454.08 -1132.87 -825.06 -145.73 756.31 710.77 -3.12 -80.46
0.00 0.00 0.00 0.00 0.00 0.00 0.00 0.00 0.00 0.00 -423.68 -542.60 -246.42 -546.12 -325.22 -19.00 307.19 502.09 80.95 11.92 -694.71 -750.35 -342.75 -916.73 -373.54 -54.38 597.69 716.11 65.16 -11.08 -997.67 -1008.33 -403.47 -1058.78 -711.44 -102.60 702.67 710.14 27.14 -63.10 -1108.49 -1187.96 -454.08 -1132.87 -825.06 -145.73 756.31 710.77 -3.12 -80.46
0.00 0.00 0.00 0.00 0.00 0.00 0.00 0.00 0.00 0.00 -423.68 -542.60 -246.42 -546.12 -325.22 -19.00 307.19 502.09 80.95 11.92 -694.71 -750.35 -342.75 -916.73 -373.54 -54.38 597.69 716.11 65.16 -11.08 -997.67 -1008.33 -403.47 -1058.78 -711.44 -102.60 702.67 710.14 27.14 -63.10 -1108.49 -1187.96 -454.08 -1132.87 -825.06 -145.73 756.31 710.77 -3.12 -80.46
0.00 0.00 0.00 0.00 0.00 0.00 0.00 0.00 0.00 0.00 -423.68 -542.60 -246.42 -546.12 -325.22 -19.00 307.19 502.09 80.95 11.92 -694.71 -750.35 -342.75 -916.73 -373.54 -54.38 597.69 716.11 65.16 -11.08 -997.67 -1008.33 -403.47 -1058.78 -711.44 -102.60 702.67 710.14 27.14 -63.10 -1108.49 -1187.96 -454.08 -1132.87 -825.06 -145.73 756.31 710.77 -3.12 -80.46
0.00 0.00 0.00 0.00 0.00 0.00 0.00 0.00 0.00 0.00 -423.68 -542.60 -246.42 -546.12 -325.22 -19.00 307.19 502.09 80.95 11.92 -694.71 -750.35 -342.75 -916.73 -373.54 -54.38 597.69 716.11 65.16 -11.08 -997.67 -1008.33 -403.47 -1058.78 -711.44 -102.60 702.67 710.14 27.14 -63.10 -1108.49 -1187.96 -454.08 -1132.87 -825.06 -145.73 756.31 710.77 -3.12 -80.46
0.00 0.00 0.00 0.00 0.00 0.00 0.00 0.00 0.00 0.00 -423.68 -542.60 -246.42 -546.12 -325.22 -19.00 307.19 502.09 80.95 11.92 -694.71 -750.35 -342.75 -916.73 -373.54 -54.38 597.69 716.11 65.16 -11.08 -997.67 -1008.33 -403.47 -1058.78 -711.44 -102.60 702.67 710.14 27.14 -63.10 -1108.49 -1187.96 -454.08 -1132.87 -825.06 -145.73 756.31 710.77 -3.12 -80.46
0.00 0.00 0.00 0.00 0.00 0.00 0.00 0.00 0.00 0.00 -423.68 -542.60 -246.42 -546.12 -325.22 -19.00 307.19 502.09 80.95 11.92 -694.71 -750.35 -342.75 -916.73 -373.54 -54.38 597.69 716.11 65.16 -11.08 -997.67 -1008.33 -403.47 -1058.78 -711.44 -102.60 702.67 710.14 27.14 -63.10 -1108.49 -1187.96 -454.08 -1132.87 -825.06 -145.73 756.31 710.77 -3.12 -80.46
0.00 0.00 0.00 0.00 0.00 0.00 0.00 0.00 0.00 0.00 -464.94 -588.80 -264.04 -614.45 -335.38 -23.91 339.68 722.02 72.67 15.67 -775.09 -836.24 -355.81 -970.97 -523.42 -73.06 929.10 755.31 54.40 -9.38 -1021.09 -1136.72 -414.56 -1078.86 -788.46 -123.42 998.85 725.99 0.47 -63.01 -1113.44 -1262.41 -466.24 -1149.67 -853.50 -151.57 1001.44 719.31 -13.66 -81.77
0.00 0.00 0.00 0.00 0.00 0.00 0.00 0.00 0.00 0.00 -464.94 -588.80 -264.04 -614.45 -335.38 -23.91 339.68 722.02 72.67 15.67 -775.09 -836.24 -355.81 -970.97 -523.42 -73.06 929.10 755.31 54.40 -9.38 -1021.09 -1136.72 -414.56 -1078.86 -788.46 -123.42 998.85 725.99 0.47 -63.01 -1113.44 -1262.41 -466.24 -1149.67 -853.50 -151.57 1001.44 719.31 -13.66 -81.77
0.00 0.00 0.00 0.00 0.00 0.00 0.00 0.00 0.00 0.00 -464.94 -588.80 -264.04 -614.45 -335.38 -23.91 339.68 722.02 72.67 15.67 -775.09 -836.24 -355.81 -970.97 -523.42 -73.06 929.10 755.31 54.40 -9.38 -1021.09 -1136.72 -414.56 -1078.86 -788.46 -123.42 998.85 725.99 0.47 -63.01 -1113.44 -1262.41 -466.24 -1149.67 -853.50 -151.57 1001.44 719.31 -13.66 -81.77
0.00 0.00 0.00 0.00 0.00 0.00 0.00 0.00 0.00 0.00 -464.94 -588.80 -264.04 -614.45 -335.38 -23.91 339.68 722.02 72.67 15.67 -775.09 -836.24 -355.81 -970.97 -523.42 -73.06 929.10 755.31 54.40 -9.38 -1021.09 -1136.72 -414.56 -1078.86 -788.46 -123.42 998.85 725.99 0.47 -63.01 -1113.44 -1262.41 -466.24 -1149.67 -853.50 -151.57 1001.44 719.31 -13.66 -81.77
0.00 0.00 0.00 0.00 0.00 0.00 0.00 0.00 0.00 0.00 -464.94 -588.80 -264.04 -614.45 -335.38 -23.91 339.68 722.02 72.67 15.67 -775.09 -836.24 -355.81 -970.97 -523.42 -73.06 929.10 755.31 54.40 -9.38 -1021.09 -1136.72 -414.56 -1078.86 -788.46 -123.42 998.85 725.99 0.47 -63.01 -1113.44 -1262.41 -466.24 -1149.67 -853.50 -151.57 1001.44 719.31 -13.66 -81.77
0.00 0.00 0.00 0.00 0.00 0.00 0.00 0.00 0.00 0.00 -464.94 -588.80 -264.04 -614.45 -335.38 -23.91 339.68 722.02 72.67 15.67 -775.09 -836.24 -355.81 -970.97 -523.42 -73.06 929.10 755.31 54.40 -9.38 -1021.09 -1136.72 -414.56 -1078.86 -788.46 -123.42 998.85 725.99 0.47 -63.01 -1113.44 -1262.41 -466.24 -1149.67 -853.50 -151.57 1001.44 719.31 -13.66 -81.77
0.00 0.00 0.00 0.00 0.00 0.00 0.00 0.00 0.00 0.00 -464.94 -588.80 -264.04 -614.45 -335.38 -23.91 339.68 722.02 72.67 15.67 -775.09 -836.24 -355.81 -970.97 -523.42 -73.06 929.10 755.31 54.40 -9.38 -1021.09 -1136.72 -414.56 -1078.86 -788.46 -123.42 998.85 725.99 0.47 -63.01 -1113.44 -1262.41 -466.24 -1149.67 -853.50 -151.57 1001.44 719.31 -13.66 -81.77
0.00 0.00 0.00 0.00 0.00 0.00 0.00 0.00 0.00 0.00 -464.94 -588.80 -264.04 -614.45 -335.38 -23.91 339.68 722.02 72.67 15.67 -775.09 -836.24 -355.81 -970.97 -523.42 -73.06 929.10 755.31 54.40 -9.38 -1021.09 -1136.72 -414.56 -1078.86 -788.46 -123.42 998.85 725.99 0.47 -63.01 -1113.44 -1262.41 -466.24 -1149.67 -853.50 -151.57 1001.44 719.31 -13.66 -81.77
0.00 0.00 0.00 0.00 0.00 0.00 0.00 0.00 0.00 0.00 -464.94 -588.80 -264.04 -614.45 -335.38 -23.91 339.68 722.02 72.67 15.67 -775.09 -836.24 -355.81 -970.97 -523.42 -73.06 929.10 755.31 54.40 -9.38 -1021.09 -1136.72 -414.56 -1078.86 -788.46 -123.42 998.85 725.99 0.47 -63.01 -1113.44 -1262.41 -466.24 -1149.67 -853.50 -151.57 1001.44 719.31 -13.66 -81.77
0.00 0.00 0.00 0.00 0.00 0.00 0.00 0.00 0.00 0.00 -464.94 -588.80 -264.04 -614.45 -335.38 -23.91 339.68 722.02 72.67 15.67 -775.09 -836.24 -355.81 -970.97 -523.42 -73.06 929.10 755.31 54.40 -9.38 -1021.09 -1136.72 -414.56 -1078.86 -788.46 -123.42 998.85 725.99 0.47 -63.01 -1113.44 -1262.41 -466.24 -1149.67 -853.50 -151.57 1001.44 719.31 -13.66 -81.77
0.00 0.00 0.00 0.00 0.00 0.00 0.00 0.00 0.00 0.00 -464.94 -588.80 -264.04 -614.45 -335.38 -23.91 339.68 722.02 72.67 15.67 -775.09 -836.24 -355.81 -970.97 -523.42 -73.06 929.10 755.31 54.40 -9.38 -1021.09 -1136.72 -414.56 -1078.86 -788.46 -123.42 998.85 725.99 0.47 -63.01 -1113.44 -1262.41 -466.24 -1149.67 -853.50 -151.57 1001.44 719.31 -13.66 -81.77
0.00 0.00 0.00 0.00 0.00 0.00 0.00 0.00 0.00 0.00 -464.94 -588.80 -264.04 -614.45 -335.38 -23.91 339.68 722.02 72.67 15.67 -775.09 -836.24 -355.81 -970.97 -523.42 -73.06 929.10 755.31 54.40 -9.38 -1021.09 -1136.72 -414.56 -1078.86 -788.46 -123.42 998.85 725.99 0.47 -63.01 -1113.44 -1262.41 -466.24 -1149.67 -853.50 -151.57 1001.44 719.31 -13.66 -81.77
0.00 0.00 0.00 0.00 0.00 0.00 0.00 0.00 0.00 0.00 -464.94 -588.80 -264.04 -614.45 -335.38 -23.91 339.68 722.02 72.67 15.67 -775.09 -836.24 -355.81 -970.97 -523.42 -73.06 929.10 755.31 54.40 -9.38 -1021.09 -1136.72 -414.56 -1078.86 -788.46 -123.42 998.85 725.99 0.47 -63.01 -1113.44 -1262.41 -466.24 -1149.67 -853.50 -151.57 1001.44 719.31 -13.66 -81.77
0.00 0.00 0.00 0.00 0.00 0.00 0.00 0.00 0.00 0.00 -464.94 -588.80 -264.04 -614.45 -335.38 -23.91 339.68 722.02 72.67 15.67 -775.09 -836.24 -355.81 -970.97 -523.42 -73.06 929.10 755.31 54.40 -9.38 -1021.09 -1136.72 -414.56 -1078.86 -788.46 -123.42 998.85 725.99 0.47 -63.01 -1113.44 -1262.41 -466.24 -1149.67 -853.50 -151.57 1001.44 719.31 -13.66 -81.77
0.00 0.00 0.00 0.00 0.00 0.00 0.00 0.00 0.00 0.00 -464.94 -588.80 -264.04 -614.45 -335.38 -23.91 339.68 722.02 72.67 15.67 -775.09 -836.24 -355.81 -970.97 -523.42 -73.06 929.10 755.31 54.40 -9.38 -1021.09 -1136.72 -414.56 -1078.86 -788.46 -123.42 998.85 725.99 0.47 -63.01 -1113.44 -1262.41 -466.24 -1149.67 -853.50 -151.57 1001.44 719.31 -13.66 -81.77
0.00 0.00 0.00 0.00 0.00 0.00 0.00 0.00 0.00 0.00 -464.94 -588.80 -264.04 -614.45 -335.38 -23.91 339.68 722.02 72.67 15.67 -775.09 -836.24 -355.81 -970.97 -523.42 -73.06 929.10 755.31 54.40 -9.38 -1021.09 -1136.72 -414.56 -1078.86 -788.46 -123.42 998.85 725.99 0.47 -63.01 -1113.44 -1262.41 -466.24 -1149.67 -853.50 -151.57 1001.44 719.31 -13.66 -81.77
0.00 0.00 0.00 0.00 0.00 0.00 0.00 0.00 0.00 0.00 -464.94 -588.80 -264.04 -614.45 -335.38 -23.91 339.68 722.02 72.67 15.67 -775.09 -836.24 -355.81 -970.97 -523.42 -73.06 929.10 755.31 54.40 -9.38 -1021.09 -1136.72 -414.56 -1078.86 -788.46 -123.42 998.85 725.99 0.47 -63.01 -1113.44 -1262.41 -466.24 -1149.67 -853.50 -151.57 1001.44 719.31 -13.66 -81.77
0.00 0.00 0.00 0.00 0.00 0.00 0.00 0.00 0.00 0.00 -464.94 -588.80 -264.04 -614.45 -335.38 -23.91 339.68 722.02 72.67 15.67 -775.09 -836.24 -355.81 -970.97 -523.42 -73.06 929.10 755.31 54.40 -9.38 -1021.09 -1136.72 -414.56 -1078.86 -788.46 -123.42 998.85 725.99 0.47 -63.01 -1113.44 -1262.41 -466.24 -1149.67 -853.50 -151.57 1001.44 719.31 -13.66 -81.77
0.00 0.00 0.00 0.00 0.00 0.00 0.00 0.00 0.00 0.00 -464.94 -588.80 -264.04 -614.45 -335.38 -23.91 339.68 722.02 72.67 15.67 -775.09 -836.24 -355.81 -970.97 -523.42 -73.06 929.10 755.31 54.40 -9.38 -1021.09 -1136.72 -414.56 -1078.86 -788.46 -123.42 998.85 725.99 0.47 -63.01 -1113.44 -1262.41 -466.24 -1149.67 -853.50 -151.57 1001.44 719.31 -13.66 -81.77
0.00 0.00 0.00 0.00 0.00 0.00 0.00 0.00 0.00 0.00 -464.94 -588.80 -264.04 -614.45 -335.38 -23.91 339.68 722.02 72.67 15.67 -775.09 -836.24 -355.81 -970.97 -523.42 -73.06 929.10 755.31 54.40 -9.38 -1021.09 -1136.72 -414.56 -1078.86 -788.46 -123.42 998.85 725.99 0.47 -63.01 -1113.44 -1262.41 -466.24 -1149.67 -853.50 -151.57 1001.44 719.31 -13.66 -81.77
0.00 0.00 0.00 0.00 0.00 0.00 0.00 0.00 0.00 0.00 -464.94 -588.80 -264.04 -614.45 -335.38 -23.91 339.68 722.02 72.67 15.67 -775.09 -836.24 -355.81 -970.97 -523.42 -73.06 929.10 755.31 54.40 -9.38 -1021.09 -1136.72 -414.56 -1078.86 -788.46 -123.42 998.85 725.99 0.47 -63.01 -1113.44 -1262.41 -466.24 -1149.67 -853.50 -151.57 1001.44 719.31 -13.66 -81.77
0.00 0.00 0.00 0.00 0.00 0.00 0.00 0.00 0.00 0.00 -464.94 -588.80 -264.04 -614.45 -335.38 -23.91 339.68 722.02 72.67 15.67 -775.09 -836.24 -355.81 -970.97 -523.42 -73.06 929.10 755.31 54.40 -9.38 -1021.09 -1136.72 -414.56 -1078.86 -788.46 -123.42 998.85 725.99 0.47 -63.01 -1113.44 -1262.41 -466.24 -1149.67 -853.50 -151.57 1001.44 719.31 -13.66 -81.77
0.00 0.00 0.00 0.00 0.00 0.00 0.00 0.00 0.00 0.00 -464.94 -588.80 -264.04 -614.45 -335.38 -23.91 339.68 722.02 72.67 15.67 -775.09 -836.24 -355.81 -970.97 -523.42 -73.06 929.10 755.31 54.40 -9.38 -1021.09 -1136.72 -414.56 -1078.86 -788.46 -123.42 998.85 725.99 0.47 -63.01 -1113.44 -1262.41 -466.24 -1149.67 -853.50 -151.57 1001.44 719.31 -13.66 -81.77
0.00 0.00 0.00 0.00 0.00 0.00 0.00 0.00 0.00 0.00 -464.94 -588.80 -264.04 -614.45 -335.38 -23.91 339.68 722.02 72.67 15.67 -775.09 -836.24 -355.81 -970.97 -523.42 -73.06 929.10 755.31 54.40 -9.38 -1021.09 -1136.72 -414.56 -1078.86 -788.46 -123.42 998.85 725.99 0.47 -63.01 -1113.44 -1262.41 -466.24 -1149.67 -853.50 -151.57 1001.44 719.31 -13.66 -81.77
0.00 0.00 0.00 0.00 0.00 0.00 0.00 0.00 0.00 0.00 -464.94 -588.80 -264.04 -614.45 -335.38 -23.91 339.68 722.02 72.67 15.67 -775.09 -836.24 -355.81 -970.97 -523.42 -73.06 929.10 755.31 54.40 -9.38 -1021.09 -1136.72 -414.56 -1078.86 -788.46 -123.42 998.85 725.99 0.47 -63.01 -1113.44 -1262.41 -466.24 -1149.67 -853.50 -151.57 1001.44 719.31 -13.66 -81.77
0.00 0.00 0.00 0.00 0.00 0.00 0.00 0.00 0.00 0.00 -464.94 -588.80 -264.04 -614.45 -335.38 -23.91 339.68 722.02 72.67 15.67 -775.09 -836.24 -355.81 -970.97 -523.42 -73.06 929.10 755.31 54.40 -9.38 -1021.09 -1136.72 -414.56 -1078.86 -788.46 -123.42 998.85 725.99 0.47 -63.01 -1113.44 -1262.41 -466.24 -1149.67 -853.50 -151.57 1001.44 719.31 -13.66 -81.77
0.00 0.00 0.00 0.00 0.00 0.00 0.00 0.00 0.00 0.00 -464.94 -588.80 -264.04 -614.45 -335.38 -23.91 339.68 722.02 72.67 15.67 -775.09 -836.24 -355.81 -970.97 -523.42 -73.06 929.10 755.31 54.40 -9.38 -1021.09 -1136.72 -414.56 -1078.86 -788.46 -123.42 998.85 725.99 0.47 -63.01 -1113.44 -1262.41 -466.24 -1149.67 -853.50 -151.57 1001.44 719.31 -13.66 -81.77
0.00 0.00 0.00 0.00 0.00 0.00 0.00 0.00 0.00 0.00 -464.94 -588.80 -264.04 -614.45 -335.38 -23.91 339.68 722.02 72.67 15.67 -775.09 -836.24 -355.81 -970.97 -523.42 -73.06 929.10 755.31 54.40 -9.38 -1021.09 -1136.72 -414.56 -1078.86 -788.46 -123.42 998.85 725.99 0.47 -63.01 -1113.44 -1262.41 -466.24 -1149.67 -853.50 -151.57 1001.44 719.31 -13.66 -81.77
0.00 0.00 0.00 0.00 0.00 0.00 0.00 0.00 0.00 0.00 -464.94 -588.80 -264.04 -614.45 -335.38 -23.91 339.68 722.02 72.67 15.67 -775.09 -836.24 -355.81 -970.97 -523.42 -73.06 929.10 755.31 54.40 -9.38 -1021.09 -1136.72 -414.56 -1078.86 -788.46 -123.42 998.85 725.99 0.47 -63.01 -1113.44 -1262.41 -466.24 -1149.67 -853.50 -151.57 1001.44 719.31 -13.66 -81.77
0.00 0.00 0.00 0.00 0.00 0.00 0.00 0.00 0.00 0.00 -464.94 -588.80 -264.04 -614.45 -335.38 -23.91 339.68 722.02 72.67 15.67 -775.09 -836.24 -355.81 -970.97 -523.42 -73.06 929.10 755.31 54.40 -9.38 -1021.09 -1136.72 -414.56 -1078.86 -788.46 -123.42 998.85 725.99 0.47 -63.01 -1113.44 -1262.41 -466.24 -1149.67 -853.50 -151.57 1001.44 719.31 -13.66 -81.77
0.00 0.00 0.00 0.00 0.00 0.00 0.00 0.00 0.00 0.00 -464.94 -588.80 -264.04 -614.45 -335.38 -23.91 339.68 722.02 72.67 15.67 -775.09 -836.24 -355.81 -970.97 -523.42 -73.06 929.10 755.31 54.40 -9.38 -1021.09 -1136.72 -414.56 -1078.86 -788.46 -123.42 998.85 725.99 0.47 -63.01 -1113.44 -1262.41 -466.24 -1149.67 -853.50 -151.57 1001.44 719.31 -13.66 -81.77
0.00 0.00 0.00 0.00 0.00 0.00 0.00 0.00 0.00 0.00 -464.94 -588.80 -264.04 -614.45 -335.38 -23.91 339.68 722.02 72.67 15.67 -775.09 -836.24 -355.81 -970.97 -523.42 -73.06 929.10 755.31 54.40 -9.38 -1021.09 -1136.72 -414.56 -1078.86 -788.46 -123.42 998.85 725.99 0.47 -63.01 -1113.44 -1262.41 -466.24 -1149.67 -853.50 -151.57 1001.44 719.31 -13.66 -81.77
0.00 0.00 0.00 0.00 0.00 0.00 0.00 0.00 0.00 0.00 -464.94 -588.80 -264.04 -614.45 -335.38 -23.91 339.68 722.02 72.67 15.67 -775.09 -836.24 -355.81 -970.97 -523.42 -73.06 929.10 755.31 54.40 -9.38 -1021.09 -1136.72 -414.56 -1078.86 -788.46 -123.42 998.85 725.99 0.47 -63.01 -1113.44 -1262.41 -466.24 -1149.67 -853.50 -151.57 1001.44 719.31 -13.66 -81.77
0.00 0.00 0.00 0.00 0.00 0.00 0.00 0.00 0.00 0.00 -464.94 -588.80 -264.04 -614.45 -335.38 -23.91 339.68 722.02 72.67 15.67 -775.09 -836.24 -355.81 -970.97 -523.42 -73.06 929.10 755.31 54.40 -9.38 -1021.09 -1136.72 -414.56 -1078.86 -788.46 -123.42 998.85 725.99 0.47 -63.01 -1113.44 -1262.41 -466.24 -1149.67 -853.50 -151.57 1001.44 719.31 -13.66 -81.77
0.00 0.00 0.00 0.00 0.00 0.00 0.00 0.00 0.00 0.00 -464.94 -588.80 -264.04 -614.45 -335.38 -23.91 339.68 722.02 72.67 15.67 -775.09 -836.24 -355.81 -970.97 -523.42 -73.06 929.10 755.31 54.40 -9.38 -1021.09 -1136.72 -414.56 -1078.86 -788.46 -123.42 998.85 725.99 0.47 -63.01 -1113.44 -1262.41 -466.24 -1149.67 -853.50 -151.57 1001.44 719.31 -13.66 -81.77
0.00 0.00 0.00 0.00 0.00 0.00 0.00 0.00 0.00 0.00 -464.94 -588.80 -264.04 -614.45 -335.38 -23.91 339.68 722.02 72.67 15.67 -775.09 -836.24 -355.81 -970.97 -523.42 -73.06 929.10 755.31 54.40 -9.38 -1021.09 -1136.72 -414.56 -1078.86 -788.46 -123.42 998.85 725.99 0.47 -63.01 -1113.44 -1262.41 -466.24 -1149.67 -853.50 -151.57 1001.44 719.31 -13.66 -81.77
0.00 0.00 0.00 0.00 0.00 0.00 0.00 0.00 0.00 0.00 -464.94 -588.80 -264.04 -614.45 -335.38 -23.91 339.68 722.02 72.67 15.67 -775.09 -836.24 -355.81 -970.97 -523.42 -73.06 929.10 755.31 54.40 -9.38 -1021.09 -1136.72 -414.56 -1078.86 -788.46 -123.42 998.85 725.99 0.47 -63.01 -1113.44 -1262.41 -466.24 -1149.67 -853.50 -151.57 1001.44 719.31 -13.66 -81.77
0.00 0.00 0.00 0.00 0.00 0.00 0.00 0.00 0.00 0.00 -464.94 -588.80 -264.04 -614.45 -335.38 -23.91 339.68 722.02 72.67 15.67 -775.09 -836.24 -355.81 -970.97 -523.42 -73.06 929.10 755.31 54.40 -9.38 -1021.09 -1136.72 -414.56 -1078.86 -788.46 -123.42 998.85 725.99 0.47 -63.01 -1113.44 -1262.41 -466.24 -1149.67 -853.50 -151.57 1001.44 719.31 -13.66 -81.77
0.00 0.00 0.00 0.00 0.00 0.00 0.00 0.00 0.00 0.00 -464.94 -588.80 -264.04 -614.45 -335.38 -23.91 339.68 722.02 72.67 15.67 -775.09 -836.24 -355.81 -970.97 -523.42 -73.06 929.10 755.31 54.40 -9.38 -1021.09 -1136.72 -414.56 -1078.86 -788.46 -123.42 998.85 725.99 0.47 -63.01 -1113.44 -1262.41 -466.24 -1149.67 -853.50 -151.57 1001.44 719.31 -13.66 -81.77
0.00 0.00 0.00 0.00 0.00 0.00 0.00 0.00 0.00 0.00 -464.94 -588.80 -264.04 -614.45 -335.38 -23.91 339.68 722.02 72.67 15.67 -775.09 -836.24 -355.81 -970.97 -523.42 -73.06 929.10 755.31 54.40 -9.38 -1021.09 -1136.72 -414.56 -1078.86 -788.46 -123.42 998.85 725.99 0.47 -63.01 -1113.44 -1262.41 -466.24 -1149.67 -853.50 -151.57 1001.44 719.31 -13.66 -81.77
0.00 0.00 0.00 0.00 0.00 0.00 0.00 0.00 0.00 0.00 -464.94 -588.80 -264.04 -614.45 -335.38 -23.91 339.68 722.02 72.67 15.67 -775.09 -836.24 -355.81 -970.97 -523.42 -73.06 929.10 755.31 54.40 -9.38 -1021.09 -1136.72 -414.56 -1078.86 -788.46 -123.42 998.85 725.99 0.47 -63.01 -1113.44 -1262.41 -466.24 -1149.67 -853.50 -151.57 1001.44 719.31 -13.66 -81.77
0.00 0.00 0.00 0.00 0.00 0.00 0.00 0.00 0.00 0.00 -464.94 -588.80 -264.04 -614.45 -335.38 -23.91 339.68 722.02 72.67 15.67 -775.09 -836.24 -355.81 -970.97 -523.42 -73.06 929.10 755.31 54.40 -9.38 -1021.09 -1136.72 -414.56 -1078.86 -788.46 -123.42 998.85 725.99 0.47 -63.01 -1113.44 -1262.41 -466.24 -1149.67 -853.50 -151.57 1001.44 719.31 -13.66 -81.77
0.00 0.00 0.00 0.00 0.00 0.00 0.00 0.00 0.00 0.00 -464.94 -588.80 -264.04 -614.45 -335.38 -23.91 339.68 722.02 72.67 15.67 -775.09 -836.24 -355.81 -970.97 -523.42 -73.06 929.10 755.31 54.40 -9.38 -1021.09 -1136.72 -414.56 -1078.86 -788.46 -123.42 998.85 725.99 0.47 -63.01 -1113.44 -1262.41 -466.24 -1149.67 -853.50 -151.57 1001.44 719.31 -13.66 -81.77
0.00 0.00 0.00 0.00 0.00 0.00 0.00 0.00 0.00 0.00 -464.94 -588.80 -264.04 -614.45 -335.38 -23.91 339.68 722.02 72.67 15.67 -775.09 -836.24 -355.81 -970.97 -523.42 -73.06 929.10 755.31 54.40 -9.38 -1021.09 -1136.72 -414.56 -1078.86 -788.46 -123.42 998.85 725.99 0.47 -63.01 -1113.44 -1262.41 -466.24 -1149.67 -853.50 -151.57 1001.44 719.31 -13.66 -81.77
0.00 0.00 0.00 0.00 0.00 0.00 0.00 0.00 0.00 0.00 -464.94 -588.80 -264.04 -614.45 -335.38 -23.91 339.68 722.02 72.67 15.67 -775.09 -836.24 -355.81 -970.97 -523.42 -73.06 929.10 755.31 54.40 -9.38 -1021.09 -1136.72 -414.56 -1078.86 -788.46 -123.42 998.85 725.99 0.47 -63.01 -1113.44 -1262.41 -466.24 -1149.67 -853.50 -151.57 1001.44 719.31 -13.66 -81.77
0.00 0.00 0.00 0.00 0.00 0.00 0.00 0.00 0.00 0.00 -464.94 -588.80 -264.04 -614.45 -335.38 -23.91 339.68 722.02 72.67 15.67 -775.09 -836.24 -355.81 -970.97 -523.42 -73.06 929.10 755.31 54.40 -9.38 -1021.09 -1136.72 -414.56 -1078.86 -788.46 -123.42 998.85 725.99 0.47 -63.01 -1113.44 -1262.41 -466.24 -1149.67 -853.50 -151.57 1001.44 719.31 -13.66 -81.77
0.00 0.00 0.00 0.00 0.00 0.00 0.00 0.00 0.00 0.00 -464.94 -588.80 -264.04 -614.45 -335.38 -23.91 339.68 722.02 72.67 15.67 -775.09 -836.24 -355.81 -970.97 -523.42 -73.06 929.10 755.31 54.40 -9.38 -1021.09 -1136.72 -414.56 -1078.86 -788.46 -123.42 998.85 725.99 0.47 -63.01 -1113.44 -1262.41 -466.24 -1149.67 -853.50 -151.57 1001.44 719.31 -13.66 -81.77
