0.00 0.00 0.00 0.00 0.00 0.00 0.00 0.00 0.00 0.00 0.00 0.00 0.00 0.00 0.00 0.00 0.00 0.00 0.00 0.00 0.00 0.00 0.00 0.00 0.00 0.00 0.00 0.00 0.00 0.00 0.00 0.00 0.00 0.00 0.00 0.00 0.00 0.00 0.00 0.00 0.00 0.00 0.00 0.00 0.00 0.00 0.00 0.00 0.00 0.00
0.00 0.00 0.00 0.00 0.00 0.00 0.00 0.00 0.00 0.00 0.00 0.00 0.00 0.00 0.00 0.00 0.00 0.00 0.00 0.00 0.00 0.00 0.00 0.00 0.00 0.00 0.00 0.00 0.00 0.00 0.00 0.00 0.00 0.00 0.00 0.00 0.00 0.00 0.00 0.00 0.00 0.00 0.00 0.00 0.00 0.00 0.00 0.00 0.00 0.00
0.00 0.00 0.00 0.00 0.00 0.00 0.00 0.00 0.00 0.00 0.00 0.00 0.00 0.00 0.00 0.00 0.00 0.00 0.00 0.00 0.00 0.00 0.00 0.00 0.00 0.00 0.00 0.00 0.00 0.00 0.00 0.00 0.00 0.00 0.00 0.00 0.00 0.00 0.00 0.00 0.00 0.00 0.00 0.00 0.00 0.00 0.00 0.00 0.00 0.00
0.00 0.00 0.00 0.00 0.00 0.00 0.00 0.00 0.00 0.00 -418.55 -529.75 -241.76 -527.21 -322.07 -19.84 261.19 690.69 70.93 2.57 -667.77 -742.21 -340.94 -894.64 -367.57 -56.35 779.81 753.32 53.36 -5.09 -972.16 -985.63 -403.26 -1043.75 -692.30 -84.61 956.57 724.87 6.90 -51.87 -1088.91 -1169.63 -452.73 -1117.72 -810.23 -128.69 1006.65 718.93 -12.24 -75.76
0.00 0.00 0.00 0.00 0.00 0.00 0.00 0.00 0.00 0.00 -418.55 -529.75 -241.76 -527.21 -322.07 -19.84 261.19 690.69 70.93 2.57 -667.77 -742.21 -340.94 -894.64 -367.57 -56.35 779.81 753.32 53.36 -5.09 -972.16 -985.63 -403.26 -1043.75 -692.30 -84.61 956.57 724.87 6.90 -51.87 -1088.91 -1169.63 -452.73 -1117.72 -810.23 -128.69 1006.65 718.93 -12.24 -75.76
0.00 0.00 0.00 0.00 0.00 0.00 0.00 0.00 0.00 0.00 -403.22 -515.40 -236.36 -509.30 -318.46 -20.71 266.03 645.26 75.18 3.02 -640.53 -734.71 -337.86 -878.12 -358.34 -64.09 788.84 725.23 51.51 -11.37 -952.77 -955.70 -397.90 -1044.12 -664.10 -116.00 942.65 718.66 5.61 -54.50 -1087.36 -1151.69 -445.35 -1122.36 -808.47 -148.42 1007.39 716.86 -11.94 -76.83
0.00 0.00 0.00 0.00 0.00 0.00 0.00 0.00 0.00 0.00 -403.22 -515.40 -236.36 -509.30 -318.46 -20.71 266.03 645.26 75.18 3.02 -640.53 -734.71 -337.86 -878.12 -358.34 -64.09 788.84 725.23 51.51 -11.37 -952.77 -955.70 -397.90 -1044.12 -664.10 -116.00 942.65 718.66 5.61 -54.50 -1087.36 -1151.69 -445.35 -1122.36 -808.47 -148.42 1007.39 716.86 -11.94 -76.83
0.00 0.00 0.00 0.00 0.00 0.00 0.00 0.00 0.00 0.00 -403.22 -515.40 -236.36 -509.30 -318.46 -20.71 266.03 645.26 75.18 3.02 -640.53 -734.71 -337.86 -878.12 -358.34 -64.09 788.84 725.23 51.51 -11.37 -952.77 -955.70 -397.90 -1044.12 -664.10 -116.00 942.65 718.66 5.61 -54.50 -1087.36 -1151.69 -445.35 -1122.36 -808.47 -148.42 1007.39 716.86 -11.94 -76.83
0.00 0.00 0.00 0.00 0.00 0.00 0.00 0.00 0.00 0.00 -403.22 -515.40 -236.36 -509.30 -318.46 -20.71 266.03 645.26 75.18 3.02 -640.53 -734.71 -337.86 -878.12 -358.34 -64.09 788.84 725.23 51.51 -11.37 -952.77 -955.70 -397.90 -1044.12 -664.10 -116.00 942.65 718.66 5.61 -54.50 -1087.36 -1151.69 -445.35 -1122.36 -808.47 -148.42 1007.39 716.86 -11.94 -76.83
0.00 0.00 0.00 0.00 0.00 0.00 0.00 0.00 0.00 0.00 -415.63 -525.70 -238.95 -521.31 -321.03 -16.00 461.30 565.12 70.72 6.70 -671.81 -742.99 -340.36 -907.06 -369.50 -50.06 786.93 613.96 59.92 -12.04 -978.91 -990.33 -400.93 -1050.71 -700.32 -107.87 831.50 660.80 20.99 -52.69 -1097.11 -1176.05 -448.74 -1125.55 -818.45 -137.53 967.34 707.18 -8.59 -77.59
0.00 0.00 0.00 0.00 0.00 0.00 0.00 0.00 0.00 0.00 -415.63 -525.70 -238.95 -521.31 -321.03 -16.00 461.30 565.12 70.72 6.70 -671.81 -742.99 -340.36 -907.06 -369.50 -50.06 786.93 613.96 59.92 -12.04 -978.91 -990.33 -400.93 -1050.71 -700.32 -107.87 831.50 660.80 20.99 -52.69 -1097.11 -1176.05 -448.74 -1125.55 -818.45 -137.53 967.34 707.18 -8.59 -77.59
0.00 0.00 0.00 0.00 0.00 0.00 0.00 0.00 0.00 0.00 -415.63 -525.70 -238.95 -521.31 -321.03 -16.00 461.30 565.12 70.72 6.70 -671.81 -742.99 -340.36 -907.06 -369.50 -50.06 786.93 613.96 59.92 -12.04 -978.91 -990.33 -400.93 -1050.71 -700.32 -107.87 831.50 660.80 20.99 -52.69 -1097.11 -1176.05 -448.74 -1125.55 -818.45 -137.53 967.34 707.18 -8.59 -77.59
0.00 0.00 0.00 0.00 0.00 0.00 0.00 0.00 0.00 0.00 -415.63 -525.70 -238.95 -521.31 -321.03 -16.00 461.30 565.12 70.72 6.70 -671.81 -742.99 -340.36 -907.06 -369.50 -50.06 786.93 613.96 59.92 -12.04 -978.91 -990.33 -400.93 -1050.71 -700.32 -107.87 831.50 660.80 20.99 -52.69 -1097.11 -1176.05 -448.74 -1125.55 -818.45 -137.53 967.34 707.18 -8.59 -77.59
0.00 0.00 0.00 0.00 0.00 0.00 0.00 0.00 0.00 0.00 -415.63 -525.70 -238.95 -521.31 -321.03 -16.00 461.30 565.12 70.72 6.70 -671.81 -742.99 -340.36 -907.06 -369.50 -50.06 786.93 613.96 59.92 -12.04 -978.91 -990.33 -400.93 -1050.71 -700.32 -107.87 831.50 660.80 20.99 -52.69 -1097.11 -1176.05 -448.74 -1125.55 -818.45 -137.53 967.34 707.18 -8.59 -77.59
0.00 0.00 0.00 0.00 0.00 0.00 0.00 0.00 0.00 0.00 -415.63 -525.70 -238.95 -521.31 -321.03 -16.00 461.30 565.12 70.72 6.70 -671.81 -742.99 -340.36 -907.06 -369.50 -50.06 786.93 613.96 59.92 -12.04 -978.91 -990.33 -400.93 -1050.71 -700.32 -107.87 831.50 660.80 20.99 -52.69 -1097.11 -1176.05 -448.74 -1125.55 -818.45 -137.53 967.34 707.18 -8.59 -77.59
0.00 0.00 0.00 0.00 0.00 0.00 0.00 0.00 0.00 0.00 -415.63 -525.70 -238.95 -521.31 -321.03 -16.00 461.30 565.12 70.72 6.70 -671.81 -742.99 -340.36 -907.06 -369.50 -50.06 786.93 613.96 59.92 -12.04 -978.91 -990.33 -400.93 -1050.71 -700.32 -107.87 831.50 660.80 20.99 -52.69 -1097.11 -1176.05 -448.74 -1125.55 -818.45 -137.53 967.34 707.18 -8.59 -77.59
0.00 0.00 0.00 0.00 0.00 0.00 0.00 0.00 0.00 0.00 -415.63 -525.70 -238.95 -521.31 -321.03 -16.00 461.30 565.12 70.72 6.70 -671.81 -742.99 -340.36 -907.06 -369.50 -50.06 786.93 613.96 59.92 -12.04 -978.91 -990.33 -400.93 -1050.71 -700.32 -107.87 831.50 660.80 20.99 -52.69 -1097.11 -1176.05 -448.74 -1125.55 -818.45 -137.53 967.34 707.18 -8.59 -77.59
0.00 0.00 0.00 0.00 0.00 0.00 0.00 0.00 0.00 0.00 -415.63 -525.70 -238.95 -521.31 -321.03 -16.00 461.30 565.12 70.72 6.70 -671.81 -742.99 -340.36 -907.06 -369.50 -50.06 786.93 613.96 59.92 -12.04 -978.91 -990.33 -400.93 -1050.71 -700.32 -107.87 831.50 660.80 20.99 -52.69 -1097.11 -1176.05 -448.74 -1125.55 -818.45 -137.53 967.34 707.18 -8.59 -77.59
0.00 0.00 0.00 0.00 0.00 0.00 0.00 0.00 0.00 0.00 -415.63 -525.70 -238.95 -521.31 -321.03 -16.00 461.30 565.12 70.72 6.70 -671.81 -742.99 -340.36 -907.06 -369.50 -50.06 786.93 613.96 59.92 -12.04 -978.91 -990.33 -400.93 -1050.71 -700.32 -107.87 831.50 660.80 20.99 -52.69 -1097.11 -1176.05 -448.74 -1125.55 -818.45 -137.53 967.34 707.18 -8.59 -77.59
0.00 0.00 0.00 0.00 0.00 0.00 0.00 0.00 0.00 0.00 -415.63 -525.70 -238.95 -521.31 -321.03 -16.00 461.30 565.12 70.72 6.70 -671.81 -742.99 -340.36 -907.06 -369.50 -50.06 786.93 613.96 59.92 -12.04 -978.91 -990.33 -400.93 -1050.71 -700.32 -107.87 831.50 660.80 20.99 -52.69 -1097.11 -1176.05 -448.74 -1125.55 -818.45 -137.53 967.34 707.18 -8.59 -77.59
0.00 0.00 0.00 0.00 0.00 0.00 0.00 0.00 0.00 0.00 -415.63 -525.70 -238.95 -521.31 -321.03 -16.00 461.30 565.12 70.72 6.70 -671.81 -742.99 -340.36 -907.06 -369.50 -50.06 786.93 613.96 59.92 -12.04 -978.91 -990.33 -400.93 -1050.71 -700.32 -107.87 831.50 660.80 20.99 -52.69 -1097.11 -1176.05 -448.74 -1125.55 -818.45 -137.53 967.34 707.18 -8.59 -77.59
0.00 0.00 0.00 0.00 0.00 0.00 0.00 0.00 0.00 0.00 -415.63 -525.70 -238.95 -521.31 -321.03 -16.00 461.30 565.12 70.72 6.70 -671.81 -742.99 -340.36 -907.06 -369.50 -50.06 786.93 613.96 59.92 -12.04 -978.91 -990.33 -400.93 -1050.71 -700.32 -107.87 831.50 660.80 20.99 -52.69 -1097.11 -1176.05 -448.74 -1125.55 -818.45 -137.53 967.34 707.18 -8.59 -77.59
0.00 0.00 0.00 0.00 0.00 0.00 0.00 0.00 0.00 0.00 -415.63 -525.70 -238.95 -521.31 -321.03 -16.00 461.30 565.12 70.72 6.70 -671.81 -742.99 -340.36 -907.06 -369.50 -50.06 786.93 613.96 59.92 -12.04 -978.91 -990.33 -400.93 -1050.71 -700.32 -107.87 831.50 660.80 20.99 -52.69 -1097.11 -1176.05 -448.74 -1125.55 -818.45 -137.53 967.34 707.18 -8.59 -77.59
0.00 0.00 0.00 0.00 0.00 0.00 0.00 0.00 0.00 0.00 -415.63 -525.70 -238.95 -521.31 -321.03 -16.00 461.30 565.12 70.72 6.70 -671.81 -742.99 -340.36 -907.06 -369.50 -50.06 786.93 613.96 59.92 -12.04 -978.91 -990.33 -400.93 -1050.71 -700.32 -107.87 831.50 660.80 20.99 -52.69 -1097.11 -1176.05 -448.74 -1125.55 -818.45 -137.53 967.34 707.18 -8.59 -77.59
0.00 0.00 0.00 0.00 0.00 0.00 0.00 0.00 0.00 0.00 -415.63 -525.70 -238.95 -521.31 -321.03 -16.00 461.30 565.12 70.72 6.70 -671.81 -742.99 -340.36 -907.06 -369.50 -50.06 786.93 613.96 59.92 -12.04 -978.91 -990.33 -400.93 -1050.71 -700.32 -107.87 831.50 660.80 20.99 -52.69 -1097.11 -1176.05 -448.74 -1125.55 -818.45 -137.53 967.34 707.18 -8.59 -77.59
0.00 0.00 0.00 0.00 0.00 0.00 0.00 0.00 0.00 0.00 -415.63 -525.70 -238.95 -521.31 -321.03 -16.00 461.30 565.12 70.72 6.70 -671.81 -742.99 -340.36 -907.06 -369.50 -50.06 786.93 613.96 59.92 -12.04 -978.91 -990.33 -400.93 -1050.71 -700.32 -107.87 831.50 660.80 20.99 -52.69 -1097.11 -1176.05 -448.74 -1125.55 -818.45 -137.53 967.34 707.18 -8.59 -77.59
0.00 0.00 0.00 0.00 0.00 0.00 0.00 0.00 0.00 0.00 -415.63 -525.70 -238.95 -521.31 -321.03 -16.00 461.30 565.12 70.72 6.70 -671.81 -742.99 -340.36 -907.06 -369.50 -50.06 786.93 613.96 59.92 -12.04 -978.91 -990.33 -400.93 -1050.71 -700.32 -107.87 831.50 660.80 20.99 -52.69 -1097.11 -1176.05 -448.74 -1125.55 -818.45 -137.53 967.34 707.18 -8.59 -77.59
0.00 0.00 0.00 0.00 0.00 0.00 0.00 0.00 0.00 0.00 -415.63 -525.70 -238.95 -521.31 -321.03 -16.00 461.30 565.12 70.72 6.70 -671.81 -742.99 -340.36 -907.06 -369.50 -50.06 786.93 613.96 59.92 -12.04 -978.91 -990.33 -400.93 -1050.71 -700.32 -107.87 831.50 660.80 20.99 -52.69 -1097.11 -1176.05 -448.74 -1125.55 -818.45 -137.53 967.34 707.18 -8.59 -77.59
0.00 0.00 0.00 0.00 0.00 0.00 0.00 0.00 0.00 0.00 -415.63 -525.70 -238.95 -521.31 -321.03 -16.00 461.30 565.12 70.72 6.70 -671.81 -742.99 -340.36 -907.06 -369.50 -50.06 786.93 613.96 59.92 -12.04 -978.91 -990.33 -400.93 -1050.71 -700.32 -107.87 831.50 660.80 20.99 -52.69 -1097.11 -1176.05 -448.74 -1125.55 -818.45 -137.53 967.34 707.18 -8.59 -77.59
0.00 0.00 0.00 0.00 0.00 0.00 0.00 0.00 0.00 0.00 -415.63 -525.70 -238.95 -521.31 -321.03 -16.00 461.30 565.12 70.72 6.70 -671.81 -742.99 -340.36 -907.06 -369.50 -50.06 786.93 613.96 59.92 -12.04 -978.91 -990.33 -400.93 -1050.71 -700.32 -107.87 831.50 660.80 20.99 -52.69 -1097.11 -1176.05 -448.74 -1125.55 -818.45 -137.53 967.34 707.18 -8.59 -77.59
0.00 0.00 0.00 0.00 0.00 0.00 0.00 0.00 0.00 0.00 -415.63 -525.70 -238.95 -521.31 -321.03 -16.00 461.30 565.12 70.72 6.70 -671.81 -742.99 -340.36 -907.06 -369.50 -50.06 786.93 613.96 59.92 -12.04 -978.91 -990.33 -400.93 -1050.71 -700.32 -107.87 831.50 660.80 20.99 -52.69 -1097.11 -1176.05 -448.74 -1125.55 -818.45 -137.53 967.34 707.18 -8.59 -77.59
0.00 0.00 0.00 0.00 0.00 0.00 0.00 0.00 0.00 0.00 -415.63 -525.70 -238.95 -521.31 -321.03 -16.00 461.30 565.12 70.72 6.70 -671.81 -742.99 -340.36 -907.06 -369.50 -50.06 786.93 613.96 59.92 -12.04 -978.91 -990.33 -400.93 -1050.71 -700.32 -107.87 831.50 660.80 20.99 -52.69 -1097.11 -1176.05 -448.74 -1125.55 -818.45 -137.53 967.34 707.18 -8.59 -77.59
0.00 0.00 0.00 0.00 0.00 0.00 0.00 0.00 0.00 0.00 -415.63 -525.70 -238.95 -521.31 -321.03 -16.00 461.30 565.12 70.72 6.70 -671.81 -742.99 -340.36 -907.06 -369.50 -50.06 786.93 613.96 59.92 -12.04 -978.91 -990.33 -400.93 -1050.71 -700.32 -107.87 831.50 660.80 20.99 -52.69 -1097.11 -1176.05 -448.74 -1125.55 -818.45 -137.53 967.34 707.18 -8.59 -77.59
0.00 0.00 0.00 0.00 0.00 0.00 0.00 0.00 0.00 0.00 -415.63 -525.70 -238.95 -521.31 -321.03 -16.00 461.30 565.12 70.72 6.70 -671.81 -742.99 -340.36 -907.06 -369.50 -50.06 786.93 613.96 59.92 -12.04 -978.91 -990.33 -400.93 -1050.71 -700.32 -107.87 831.50 660.80 20.99 -52.69 -1097.11 -1176.05 -448.74 -1125.55 -818.45 -137.53 967.34 707.18 -8.59 -77.59
0.00 0.00 0.00 0.00 0.00 0.00 0.00 0.00 0.00 0.00 -415.63 -525.70 -238.95 -521.31 -321.03 -16.00 461.30 565.12 70.72 6.70 -671.81 -742.99 -340.36 -907.06 -369.50 -50.06 786.93 613.96 59.92 -12.04 -978.91 -990.33 -400.93 -1050.71 -700.32 -107.87 831.50 660.80 20.99 -52.69 -1097.11 -1176.05 -448.74 -1125.55 -818.45 -137.53 967.34 707.18 -8.59 -77.59
0.00 0.00 0.00 0.00 0.00 0.00 0.00 0.00 0.00 0.00 -415.63 -525.70 -238.95 -521.31 -321.03 -16.00 461.30 565.12 70.72 6.70 -671.81 -742.99 -340.36 -907.06 -369.50 -50.06 786.93 613.96 59.92 -12.04 -978.91 -990.33 -400.93 -1050.71 -700.32 -107.87 831.50 660.80 20.99 -52.69 -1097.11 -1176.05 -448.74 -1125.55 -818.45 -137.53 967.34 707.18 -8.59 -77.59
0.00 0.00 0.00 0.00 0.00 0.00 0.00 0.00 0.00 0.00 -415.63 -525.70 -238.95 -521.31 -321.03 -16.00 461.30 565.12 70.72 6.70 -671.81 -742.99 -340.36 -907.06 -369.50 -50.06 786.93 613.96 59.92 -12.04 -978.91 -990.33 -400.93 -1050.71 -700.32 -107.87 831.50 660.80 20.99 -52.69 -1097.11 -1176.05 -448.74 -1125.55 -818.45 -137.53 967.34 707.18 -8.59 -77.59
0.00 0.00 0.00 0.00 0.00 0.00 0.00 0.00 0.00 0.00 -415.63 -525.70 -238.95 -521.31 -321.03 -16.00 461.30 565.12 70.72 6.70 -671.81 -742.99 -340.36 -907.06 -369.50 -50.06 786.93 613.96 59.92 -12.04 -978.91 -990.33 -400.93 -1050.71 -700.32 -107.87 831.50 660.80 20.99 -52.69 -1097.11 -1176.05 -448.74 -1125.55 -818.45 -137.53 967.34 707.18 -8.59 -77.59
0.00 0.00 0.00 0.00 0.00 0.00 0.00 0.00 0.00 0.00 -415.63 -525.70 -238.95 -521.31 -321.03 -16.00 461.30 565.12 70.72 6.70 -671.81 -742.99 -340.36 -907.06 -369.50 -50.06 786.93 613.96 59.92 -12.04 -978.91 -990.33 -400.93 -1050.71 -700.32 -107.87 831.50 660.80 20.99 -52.69 -1097.11 -1176.05 -448.74 -1125.55 -818.45 -137.53 967.34 707.18 -8.59 -77.59
0.00 0.00 0.00 0.00 0.00 0.00 0.00 0.00 0.00 0.00 -415.63 -525.70 -238.95 -521.31 -321.03 -16.00 461.30 565.12 70.72 6.70 -671.81 -742.99 -340.36 -907.06 -369.50 -50.06 786.93 613.96 59.92 -12.04 -978.91 -990.33 -400.93 -1050.71 -700.32 -107.87 831.50 660.80 20.99 -52.69 -1097.11 -1176.05 -448.74 -1125.55 -818.45 -137.53 967.34 707.18 -8.59 -77.59
0.00 0.00 0.00 0.00 0.00 0.00 0.00 0.00 0.00 0.00 -415.63 -525.70 -238.95 -521.31 -321.03 -16.00 461.30 565.12 70.72 6.70 -671.81 -742.99 -340.36 -907.06 -369.50 -50.06 786.93 613.96 59.92 -12.04 -978.91 -990.33 -400.93 -1050.71 -700.32 -107.87 831.50 660.80 20.99 -52.69 -1097.11 -1176.05 -448.74 -1125.55 -818.45 -137.53 967.34 707.18 -8.59 -77.59
0.00 0.00 0.00 0.00 0.00 0.00 0.00 0.00 0.00 0.00 -415.63 -525.70 -238.95 -521.31 -321.03 -16.00 461.30 565.12 70.72 6.70 -671.81 -742.99 -340.36 -907.06 -369.50 -50.06 786.93 613.96 59.92 -12.04 -978.91 -990.33 -400.93 -1050.71 -700.32 -107.87 831.50 660.80 20.99 -52.69 -1097.11 -1176.05 -448.74 -1125.55 -818.45 -137.53 967.34 707.18 -8.59 -77.59
0.00 0.00 0.00 0.00 0.00 0.00 0.00 0.00 0.00 0.00 -461.15 -585.83 -261.40 -610.97 -334.81 -21.17 314.57 724.61 75.85 6.58 -813.17 -820.02 -350.22 -974.84 -497.77 -54.63 918.08 751.22 58.61 -7.08 -1060.34 -1123.73 -418.79 -1082.25 -784.90 -116.15 995.33 719.40 32.64 -61.83 -1147.25 -1267.86 -474.26 -1164.66 -862.70 -142.55 1005.95 718.06 -1.57 -82.00
0.00 0.00 0.00 0.00 0.00 0.00 0.00 0.00 0.00 0.00 -461.15 -585.83 -261.40 -610.97 -334.81 -21.17 314.57 724.61 75.85 6.58 -813.17 -820.02 -350.22 -974.84 -497.77 -54.63 918.08 751.22 58.61 -7.08 -1060.34 -1123.73 -418.79 -1082.25 -784.90 -116.15 995.33 719.40 32.64 -61.83 -1147.25 -1267.86 -474.26 -1164.66 -862.70 -142.55 1005.95 718.06 -1.57 -82.00
0.00 0.00 0.00 0.00 0.00 0.00 0.00 0.00 0.00 0.00 -461.15 -585.83 -261.40 -610.97 -334.81 -21.17 314.57 724.61 75.85 6.58 -813.17 -820.02 -350.22 -974.84 -497.77 -54.63 918.08 751.22 58.61 -7.08 -1060.34 -1123.73 -418.79 -1082.25 -784.90 -116.15 995.33 719.40 32.64 -61.83 -1147.25 -1267.86 -474.26 -1164.66 -862.70 -142.55 1005.95 718.06 -1.57 -82.00
0.00 0.00 0.00 0.00 0.00 0.00 0.00 0.00 0.00 0.00 -461.15 -585.83 -261.40 -610.97 -334.81 -21.17 314.57 724.61 75.85 6.58 -813.17 -820.02 -350.22 -974.84 -497.77 -54.63 918.08 751.22 58.61 -7.08 -1060.34 -1123.73 -418.79 -1082.25 -784.90 -116.15 995.33 719.40 32.64 -61.83 -1147.25 -1267.86 -474.26 -1164.66 -862.70 -142.55 1005.95 718.06 -1.57 -82.00
0.00 0.00 0.00 0.00 0.00 0.00 0.00 0.00 0.00 0.00 -461.15 -585.83 -261.40 -610.97 -334.81 -21.17 314.57 724.61 75.85 6.58 -813.17 -820.02 -350.22 -974.84 -497.77 -54.63 918.08 751.22 58.61 -7.08 -1060.34 -1123.73 -418.79 -1082.25 -784.90 -116.15 995.33 719.40 32.64 -61.83 -1147.25 -1267.86 -474.26 -1164.66 -862.70 -142.55 1005.95 718.06 -1.57 -82.00
0.00 0.00 0.00 0.00 0.00 0.00 0.00 0.00 0.00 0.00 -461.15 -585.83 -261.40 -610.97 -334.81 -21.17 314.57 724.61 75.85 6.58 -813.17 -820.02 -350.22 -974.84 -497.77 -54.63 918.08 751.22 58.61 -7.08 -1060.34 -1123.73 -418.79 -1082.25 -784.90 -116.15 995.33 719.40 32.64 -61.83 -1147.25 -1267.86 -474.26 -1164.66 -862.70 -142.55 1005.95 718.06 -1.57 -82.00
0.00 0.00 0.00 0.00 0.00 0.00 0.00 0.00 0.00 0.00 -461.15 -585.83 -261.40 -610.97 -334.81 -21.17 314.57 724.61 75.85 6.58 -813.17 -820.02 -350.22 -974.84 -497.77 -54.63 918.08 751.22 58.61 -7.08 -1060.34 -1123.73 -418.79 -1082.25 -784.90 -116.15 995.33 719.40 32.64 -61.83 -1147.25 -1267.86 -474.26 -1164.66 -862.70 -142.55 1005.95 718.06 -1.57 -82.00
0.00 0.00 0.00 0.00 0.00 0.00 0.00 0.00 0.00 0.00 -437.56 -553.83 -253.37 -560.47 -327.79 -29.40 293.83 655.03 82.17 6.68 -741.50 -775.82 -350.55 -943.26 -422.59 -66.97 870.09 750.20 63.35 -21.09 -1008.85 -1036.77 -405.90 -1059.37 -734.03 -137.34 978.70 720.23 36.83 -79.24 -1097.02 -1185.83 -445.80 -1123.15 -817.48 -149.64 993.97 718.47 5.14 -85.68
0.00 0.00 0.00 0.00 0.00 0.00 0.00 0.00 0.00 0.00 -437.56 -553.83 -253.37 -560.47 -327.79 -29.40 293.83 655.03 82.17 6.68 -741.50 -775.82 -350.55 -943.26 -422.59 -66.97 870.09 750.20 63.35 -21.09 -1008.85 -1036.77 -405.90 -1059.37 -734.03 -137.34 978.70 720.23 36.83 -79.24 -1097.02 -1185.83 -445.80 -1123.15 -817.48 -149.64 993.97 718.47 5.14 -85.68
0.00 0.00 0.00 0.00 0.00 0.00 0.00 0.00 0.00 0.00 -437.56 -553.83 -253.37 -560.47 -327.79 -29.40 293.83 655.03 82.17 6.68 -741.50 -775.82 -350.55 -943.26 -422.59 -66.97 870.09 750.20 63.35 -21.09 -1008.85 -1036.77 -405.90 -1059.37 -734.03 -137.34 978.70 720.23 36.83 -79.24 -1097.02 -1185.83 -445.80 -1123.15 -817.48 -149.64 993.97 718.47 5.14 -85.68
0.00 0.00 0.00 0.00 0.00 0.00 0.00 0.00 0.00 0.00 -437.56 -553.83 -253.37 -560.47 -327.79 -29.40 293.83 655.03 82.17 6.68 -741.50 -775.82 -350.55 -943.26 -422.59 -66.97 870.09 750.20 63.35 -21.09 -1008.85 -1036.77 -405.90 -1059.37 -734.03 -137.34 978.70 720.23 36.83 -79.24 -1097.02 -1185.83 -445.80 -1123.15 -817.48 -149.64 993.97 718.47 5.14 -85.68
0.00 0.00 0.00 0.00 0.00 0.00 0.00 0.00 0.00 0.00 -437.56 -553.83 -253.37 -560.47 -327.79 -29.40 293.83 655.03 82.17 6.68 -741.50 -775.82 -350.55 -943.26 -422.59 -66.97 870.09 750.20 63.35 -21.09 -1008.85 -1036.77 -405.90 -1059.37 -734.03 -137.34 978.70 720.23 36.83 -79.24 -1097.02 -1185.83 -445.80 -1123.15 -817.48 -149.64 993.97 718.47 5.14 -85.68
0.00 0.00 0.00 0.00 0.00 0.00 0.00 0.00 0.00 0.00 -437.56 -553.83 -253.37 -560.47 -327.79 -29.40 293.83 655.03 82.17 6.68 -741.50 -775.82 -350.55 -943.26 -422.59 -66.97 870.09 750.20 63.35 -21.09 -1008.85 -1036.77 -405.90 -1059.37 -734.03 -137.34 978.70 720.23 36.83 -79.24 -1097.02 -1185.83 -445.80 -1123.15 -817.48 -149.64 993.97 718.47 5.14 -85.68
0.00 0.00 0.00 0.00 0.00 0.00 0.00 0.00 0.00 0.00 -437.56 -553.83 -253.37 -560.47 -327.79 -29.40 293.83 655.03 82.17 6.68 -741.50 -775.82 -350.55 -943.26 -422.59 -66.97 870.09 750.20 63.35 -21.09 -1008.85 -1036.77 -405.90 -1059.37 -734.03 -137.34 978.70 720.23 36.83 -79.24 -1097.02 -1185.83 -445.80 -1123.15 -817.48 -149.64 993.97 718.47 5.14 -85.68
0.00 0.00 0.00 0.00 0.00 0.00 0.00 0.00 0.00 0.00 -437.56 -553.83 -253.37 -560.47 -327.79 -29.40 293.83 655.03 82.17 6.68 -741.50 -775.82 -350.55 -943.26 -422.59 -66.97 870.09 750.20 63.35 -21.09 -1008.85 -1036.77 -405.90 -1059.37 -734.03 -137.34 978.70 720.23 36.83 -79.24 -1097.02 -1185.83 -445.80 -1123.15 -817.48 -149.64 993.97 718.47 5.14 -85.68
0.00 0.00 0.00 0.00 0.00 0.00 0.00 0.00 0.00 0.00 -437.56 -553.83 -253.37 -560.47 -327.79 -29.40 293.83 655.03 82.17 6.68 -741.50 -775.82 -350.55 -943.26 -422.59 -66.97 870.09 750.20 63.35 -21.09 -1008.85 -1036.77 -405.90 -1059.37 -734.03 -137.34 978.70 720.23 36.83 -79.24 -1097.02 -1185.83 -445.80 -1123.15 -817.48 -149.64 993.97 718.47 5.14 -85.68
0.00 0.00 0.00 0.00 0.00 0.00 0.00 0.00 0.00 0.00 -437.56 -553.83 -253.37 -560.47 -327.79 -29.40 293.83 655.03 82.17 6.68 -741.50 -775.82 -350.55 -943.26 -422.59 -66.97 870.09 750.20 63.35 -21.09 -1008.85 -1036.77 -405.90 -1059.37 -734.03 -137.34 978.70 720.23 36.83 -79.24 -1097.02 -1185.83 -445.80 -1123.15 -817.48 -149.64 993.97 718.47 5.14 -85.68
0.00 0.00 0.00 0.00 0.00 0.00 0.00 0.00 0.00 0.00 -437.56 -553.83 -253.37 -560.47 -327.79 -29.40 293.83 655.03 82.17 6.68 -741.50 -775.82 -350.55 -943.26 -422.59 -66.97 870.09 750.20 63.35 -21.09 -1008.85 -1036.77 -405.90 -1059.37 -734.03 -137.34 978.70 720.23 36.83 -79.24 -1097.02 -1185.83 -445.80 -1123.15 -817.48 -149.64 993.97 718.47 5.14 -85.68
0.00 0.00 0.00 0.00 0.00 0.00 0.00 0.00 0.00 0.00 -437.56 -553.83 -253.37 -560.47 -327.79 -29.40 293.83 655.03 82.17 6.68 -741.50 -775.82 -350.55 -943.26 -422.59 -66.97 870.09 750.20 63.35 -21.09 -1008.85 -1036.77 -405.90 -1059.37 -734.03 -137.34 978.70 720.23 36.83 -79.24 -1097.02 -1185.83 -445.80 -1123.15 -817.48 -149.64 993.97 718.47 5.14 -85.68
0.00 0.00 0.00 0.00 0.00 0.00 0.00 0.00 0.00 0.00 -437.56 -553.83 -253.37 -560.47 -327.79 -29.40 293.83 655.03 82.17 6.68 -741.50 -775.82 -350.55 -943.26 -422.59 -66.97 870.09 750.20 63.35 -21.09 -1008.85 -1036.77 -405.90 -1059.37 -734.03 -137.34 978.70 720.23 36.83 -79.24 -1097.02 -1185.83 -445.80 -1123.15 -817.48 -149.64 993.97 718.47 5.14 -85.68
0.00 0.00 0.00 0.00 0.00 0.00 0.00 0.00 0.00 0.00 -437.56 -553.83 -253.37 -560.47 -327.79 -29.40 293.83 655.03 82.17 6.68 -741.50 -775.82 -350.55 -943.26 -422.59 -66.97 870.09 750.20 63.35 -21.09 -1008.85 -1036.77 -405.90 -1059.37 -734.03 -137.34 978.70 720.23 36.83 -79.24 -1097.02 -1185.83 -445.80 -1123.15 -817.48 -149.64 993.97 718.47 5.14 -85.68
0.00 0.00 0.00 0.00 0.00 0.00 0.00 0.00 0.00 0.00 -437.56 -553.83 -253.37 -560.47 -327.79 -29.40 293.83 655.03 82.17 6.68 -741.50 -775.82 -350.55 -943.26 -422.59 -66.97 870.09 750.20 63.35 -21.09 -1008.85 -1036.77 -405.90 -1059.37 -734.03 -137.34 978.70 720.23 36.83 -79.24 -1097.02 -1185.83 -445.80 -1123.15 -817.48 -149.64 993.97 718.47 5.14 -85.68
0.00 0.00 0.00 0.00 0.00 0.00 0.00 0.00 0.00 0.00 -437.56 -553.83 -253.37 -560.47 -327.79 -29.40 293.83 655.03 82.17 6.68 -741.50 -775.82 -350.55 -943.26 -422.59 -66.97 870.09 750.20 63.35 -21.09 -1008.85 -1036.77 -405.90 -1059.37 -734.03 -137.34 978.70 720.23 36.83 -79.24 -1097.02 -1185.83 -445.80 -1123.15 -817.48 -149.64 993.97 718.47 5.14 -85.68
0.00 0.00 0.00 0.00 0.00 0.00 0.00 0.00 0.00 0.00 -437.56 -553.83 -253.37 -560.47 -327.79 -29.40 293.83 655.03 82.17 6.68 -741.50 -775.82 -350.55 -943.26 -422.59 -66.97 870.09 750.20 63.35 -21.09 -1008.85 -1036.77 -405.90 -1059.37 -734.03 -137.34 978.70 720.23 36.83 -79.24 -1097.02 -1185.83 -445.80 -1123.15 -817.48 -149.64 993.97 718.47 5.14 -85.68
0.00 0.00 0.00 0.00 0.00 0.00 0.00 0.00 0.00 0.00 -437.56 -553.83 -253.37 -560.47 -327.79 -29.40 293.83 655.03 82.17 6.68 -741.50 -775.82 -350.55 -943.26 -422.59 -66.97 870.09 750.20 63.35 -21.09 -1008.85 -1036.77 -405.90 -1059.37 -734.03 -137.34 978.70 720.23 36.83 -79.24 -1097.02 -1185.83 -445.80 -1123.15 -817.48 -149.64 993.97 718.47 5.14 -85.68
0.00 0.00 0.00 0.00 0.00 0.00 0.00 0.00 0.00 0.00 -437.56 -553.83 -253.37 -560.47 -327.79 -29.40 293.83 655.03 82.17 6.68 -741.50 -775.82 -350.55 -943.26 -422.59 -66.97 870.09 750.20 63.35 -21.09 -1008.85 -1036.77 -405.90 -1059.37 -734.03 -137.34 978.70 720.23 36.83 -79.24 -1097.02 -1185.83 -445.80 -1123.15 -817.48 -149.64 993.97 718.47 5.14 -85.68
0.00 0.00 0.00 0.00 0.00 0.00 0.00 0.00 0.00 0.00 -437.56 -553.83 -253.37 -560.47 -327.79 -29.40 293.83 655.03 82.17 6.68 -741.50 -775.82 -350.55 -943.26 -422.59 -66.97 870.09 750.20 63.35 -21.09 -1008.85 -1036.77 -405.90 -1059.37 -734.03 -137.34 978.70 720.23 36.83 -79.24 -1097.02 -1185.83 -445.80 -1123.15 -817.48 -149.64 993.97 718.47 5.14 -85.68
0.00 0.00 0.00 0.00 0.00 0.00 0.00 0.00 0.00 0.00 -437.56 -553.83 -253.37 -560.47 -327.79 -29.40 293.83 655.03 82.17 6.68 -741.50 -775.82 -350.55 -943.26 -422.59 -66.97 870.09 750.20 63.35 -21.09 -1008.85 -1036.77 -405.90 -1059.37 -734.03 -137.34 978.70 720.23 36.83 -79.24 -1097.02 -1185.83 -445.80 -1123.15 -817.48 -149.64 993.97 718.47 5.14 -85.68
0.00 0.00 0.00 0.00 0.00 0.00 0.00 0.00 0.00 0.00 -437.56 -553.83 -253.37 -560.47 -327.79 -29.40 293.83 655.03 82.17 6.68 -741.50 -775.82 -350.55 -943.26 -422.59 -66.97 870.09 750.20 63.35 -21.09 -1008.85 -1036.77 -405.90 -1059.37 -734.03 -137.34 978.70 720.23 36.83 -79.24 -1097.02 -1185.83 -445.80 -1123.15 -817.48 -149.64 993.97 718.47 5.14 -85.68
0.00 0.00 0.00 0.00 0.00 0.00 0.00 0.00 0.00 0.00 -437.56 -553.83 -253.37 -560.47 -327.79 -29.40 293.83 655.03 82.17 6.68 -741.50 -775.82 -350.55 -943.26 -422.59 -66.97 870.09 750.20 63.35 -21.09 -1008.85 -1036.77 -405.90 -1059.37 -734.03 -137.34 978.70 720.23 36.83 -79.24 -1097.02 -1185.83 -445.80 -1123.15 -817.48 -149.64 993.97 718.47 5.14 -85.68
0.00 0.00 0.00 0.00 0.00 0.00 0.00 0.00 0.00 0.00 -437.56 -553.83 -253.37 -560.47 -327.79 -29.40 293.83 655.03 82.17 6.68 -741.50 -775.82 -350.55 -943.26 -422.59 -66.97 870.09 750.20 63.35 -21.09 -1008.85 -1036.77 -405.90 -1059.37 -734.03 -137.34 978.70 720.23 36.83 -79.24 -1097.02 -1185.83 -445.80 -1123.15 -817.48 -149.64 993.97 718.47 5.14 -85.68
0.00 0.00 0.00 0.00 0.00 0.00 0.00 0.00 0.00 0.00 -437.56 -553.83 -253.37 -560.47 -327.79 -29.40 293.83 655.03 82.17 6.68 -741.50 -775.82 -350.55 -943.26 -422.59 -66.97 870.09 750.20 63.35 -21.09 -1008.85 -1036.77 -405.90 -1059.37 -734.03 -137.34 978.70 720.23 36.83 -79.24 -1097.02 -1185.83 -445.80 -1123.15 -817.48 -149.64 993.97 718.47 5.14 -85.68
0.00 0.00 0.00 0.00 0.00 0.00 0.00 0.00 0.00 0.00 -437.56 -553.83 -253.37 -560.47 -327.79 -29.40 293.83 655.03 82.17 6.68 -741.50 -775.82 -350.55 -943.26 -422.59 -66.97 870.09 750.20 63.35 -21.09 -1008.85 -1036.77 -405.90 -1059.37 -734.03 -137.34 978.70 720.23 36.83 -79.24 -1097.02 -1185.83 -445.80 -1123.15 -817.48 -149.64 993.97 718.47 5.14 -85.68
0.00 0.00 0.00 0.00 0.00 0.00 0.00 0.00 0.00 0.00 -437.56 -553.83 -253.37 -560.47 -327.79 -29.40 293.83 655.03 82.17 6.68 -741.50 -775.82 -350.55 -943.26 -422.59 -66.97 870.09 750.20 63.35 -21.09 -1008.85 -1036.77 -405.90 -1059.37 -734.03 -137.34 978.70 720.23 36.83 -79.24 -1097.02 -1185.83 -445.80 -1123.15 -817.48 -149.64 993.97 718.47 5.14 -85.68
0.00 0.00 0.00 0.00 0.00 0.00 0.00 0.00 0.00 0.00 -437.56 -553.83 -253.37 -560.47 -327.79 -29.40 293.83 655.03 82.17 6.68 -741.50 -775.82 -350.55 -943.26 -422.59 -66.97 870.09 750.20 63.35 -21.09 -1008.85 -1036.77 -405.90 -1059.37 -734.03 -137.34 978.70 720.23 36.83 -79.24 -1097.02 -1185.83 -445.80 -1123.15 -817.48 -149.64 993.97 718.47 5.14 -85.68
0.00 0.00 0.00 0.00 0.00 0.00 0.00 0.00 0.00 0.00 -437.56 -553.83 -253.37 -560.47 -327.79 -29.40 293.83 655.03 82.17 6.68 -741.50 -775.82 -350.55 -943.26 -422.59 -66.97 870.09 750.20 63.35 -21.09 -1008.85 -1036.77 -405.90 -1059.37 -734.03 -137.34 978.70 720.23 36.83 -79.24 -1097.02 -1185.83 -445.80 -1123.15 -817.48 -149.64 993.97 718.47 5.14 -85.68
0.00 0.00 0.00 0.00 0.00 0.00 0.00 0.00 0.00 0.00 -437.56 -553.83 -253.37 -560.47 -327.79 -29.40 293.83 655.03 82.17 6.68 -741.50 -775.82 -350.55 -943.26 -422.59 -66.97 870.09 750.20 63.35 -21.09 -1008.85 -1036.77 -405.90 -1059.37 -734.03 -137.34 978.70 720.23 36.83 -79.24 -1097.02 -1185.83 -445.80 -1123.15 -817.48 -149.64 993.97 718.47 5.14 -85.68
0.00 0.00 0.00 0.00 0.00 0.00 0.00 0.00 0.00 0.00 -437.56 -553.83 -253.37 -560.47 -327.79 -29.40 293.83 655.03 82.17 6.68 -741.50 -775.82 -350.55 -943.26 -422.59 -66.97 870.09 750.20 63.35 -21.09 -1008.85 -1036.77 -405.90 -1059.37 -734.03 -137.34 978.70 720.23 36.83 -79.24 -1097.02 -1185.83 -445.80 -1123.15 -817.48 -149.64 993.97 718.47 5.14 -85.68
0.00 0.00 0.00 0.00 0.00 0.00 0.00 0.00 0.00 0.00 -437.56 -553.83 -253.37 -560.47 -327.79 -29.40 293.83 655.03 82.17 6.68 -741.50 -775.82 -350.55 -943.26 -422.59 -66.97 870.09 750.20 63.35 -21.09 -1008.85 -1036.77 -405.90 -1059.37 -734.03 -137.34 978.70 720.23 36.83 -79.24 -1097.02 -1185.83 -445.80 -1123.15 -817.48 -149.64 993.97 718.47 5.14 -85.68
0.00 0.00 0.00 0.00 0.00 0.00 0.00 0.00 0.00 0.00 -437.56 -553.83 -253.37 -560.47 -327.79 -29.40 293.83 655.03 82.17 6.68 -741.50 -775.82 -350.55 -943.26 -422.59 -66.97 870.09 750.20 63.35 -21.09 -1008.85 -1036.77 -405.90 -1059.37 -734.03 -137.34 978.70 720.23 36.83 -79.24 -1097.02 -1185.83 -445.80 -1123.15 -817.48 -149.64 993.97 718.47 5.14 -85.68
0.00 0.00 0.00 0.00 0.00 0.00 0.00 0.00 0.00 0.00 -437.56 -553.83 -253.37 -560.47 -327.79 -29.40 293.83 655.03 82.17 6.68 -741.50 -775.82 -350.55 -943.26 -422.59 -66.97 870.09 750.20 63.35 -21.09 -1008.85 -1036.77 -405.90 -1059.37 -734.03 -137.34 978.70 720.23 36.83 -79.24 -1097.02 -1185.83 -445.80 -1123.15 -817.48 -149.64 993.97 718.47 5.14 -85.68
0.00 0.00 0.00 0.00 0.00 0.00 0.00 0.00 0.00 0.00 -437.56 -553.83 -253.37 -560.47 -327.79 -29.40 293.83 655.03 82.17 6.68 -741.50 -775.82 -350.55 -943.26 -422.59 -66.97 870.09 750.20 63.35 -21.09 -1008.85 -1036.77 -405.90 -1059.37 -734.03 -137.34 978.70 720.23 36.83 -79.24 -1097.02 -1185.83 -445.80 -1123.15 -817.48 -149.64 993.97 718.47 5.14 -85.68
0.00 0.00 0.00 0.00 0.00 0.00 0.00 0.00 0.00 0.00 -437.56 -553.83 -253.37 -560.47 -327.79 -29.40 293.83 655.03 82.17 6.68 -741.50 -775.82 -350.55 -943.26 -422.59 -66.97 870.09 750.20 63.35 -21.09 -1008.85 -1036.77 -405.90 -1059.37 -734.03 -137.34 978.70 720.23 36.83 -79.24 -1097.02 -1185.83 -445.80 -1123.15 -817.48 -149.64 993.97 718.47 5.14 -85.68
0.00 0.00 0.00 0.00 0.00 0.00 0.00 0.00 0.00 0.00 -437.56 -553.83 -253.37 -560.47 -327.79 -29.40 293.83 655.03 82.17 6.68 -741.50 -775.82 -350.55 -943.26 -422.59 -66.97 870.09 750.20 63.35 -21.09 -1008.85 -1036.77 -405.90 -1059.37 -734.03 -137.34 978.70 720.23 36.83 -79.24 -1097.02 -1185.83 -445.80 -1123.15 -817.48 -149.64 993.97 718.47 5.14 -85.68
0.00 0.00 0.00 0.00 0.00 0.00 0.00 0.00 0.00 0.00 -437.56 -553.83 -253.37 -560.47 -327.79 -29.40 293.83 655.03 82.17 6.68 -741.50 -775.82 -350.55 -943.26 -422.59 -66.97 870.09 750.20 63.35 -21.09 -1008.85 -1036.77 -405.90 -1059.37 -734.03 -137.34 978.70 720.23 36.83 -79.24 -1097.02 -1185.83 -445.80 -1123.15 -817.48 -149.64 993.97 718.47 5.14 -85.68
0.00 0.00 0.00 0.00 0.00 0.00 0.00 0.00 0.00 0.00 -437.56 -553.83 -253.37 -560.47 -327.79 -29.40 293.83 655.03 82.17 6.68 -741.50 -775.82 -350.55 -943.26 -422.59 -66.97 870.09 750.20 63.35 -21.09 -1008.85 -1036.77 -405.90 -1059.37 -734.03 -137.34 978.70 720.23 36.83 -79.24 -1097.02 -1185.83 -445.80 -1123.15 -817.48 -149.64 993.97 718.47 5.14 -85.68
0.00 0.00 0.00 0.00 0.00 0.00 0.00 0.00 0.00 0.00 -437.56 -553.83 -253.37 -560.47 -327.79 -29.40 293.83 655.03 82.17 6.68 -741.50 -775.82 -350.55 -943.26 -422.59 -66.97 870.09 750.20 63.35 -21.09 -1008.85 -1036.77 -405.90 -1059.37 -734.03 -137.34 978.70 720.23 36.83 -79.24 -1097.02 -1185.83 -445.80 -1123.15 -817.48 -149.64 993.97 718.47 5.14 -85.68
0.00 0.00 0.00 0.00 0.00 0.00 0.00 0.00 0.00 0.00 -437.56 -553.83 -253.37 -560.47 -327.79 -29.40 293.83 655.03 82.17 6.68 -741.50 -775.82 -350.55 -943.26 -422.59 -66.97 870.09 750.20 63.35 -21.09 -1008.85 -1036.77 -405.90 -1059.37 -734.03 -137.34 978.70 720.23 36.83 -79.24 -1097.02 -1185.83 -445.80 -1123.15 -817.48 -149.64 993.97 718.47 5.14 -85.68
0.00 0.00 0.00 0.00 0.00 0.00 0.00 0.00 0.00 0.00 -437.56 -553.83 -253.37 -560.47 -327.79 -29.40 293.83 655.03 82.17 6.68 -741.50 -775.82 -350.55 -943.26 -422.59 -66.97 870.09 750.20 63.35 -21.09 -1008.85 -1036.77 -405.90 -1059.37 -734.03 -137.34 978.70 720.23 36.83 -79.24 -1097.02 -1185.83 -445.80 -1123.15 -817.48 -149.64 993.97 718.47 5.14 -85.68
0.00 0.00 0.00 0.00 0.00 0.00 0.00 0.00 0.00 0.00 -437.56 -553.83 -253.37 -560.47 -327.79 -29.40 293.83 655.03 82.17 6.68 -741.50 -775.82 -350.55 -943.26 -422.59 -66.97 870.09 750.20 63.35 -21.09 -1008.85 -1036.77 -405.90 -1059.37 -734.03 -137.34 978.70 720.23 36.83 -79.24 -1097.02 -1185.83 -445.80 -1123.15 -817.48 -149.64 993.97 718.47 5.14 -85.68
0.00 0.00 0.00 0.00 0.00 0.00 0.00 0.00 0.00 0.00 -437.56 -553.83 -253.37 -560.47 -327.79 -29.40 293.83 655.03 82.17 6.68 -741.50 -775.82 -350.55 -943.26 -422.59 -66.97 870.09 750.20 63.35 -21.09 -1008.85 -1036.77 -405.90 -1059.37 -734.03 -137.34 978.70 720.23 36.83 -79.24 -1097.02 -1185.83 -445.80 -1123.15 -817.48 -149.64 993.97 718.47 5.14 -85.68
0.00 0.00 0.00 0.00 0.00 0.00 0.00 0.00 0.00 0.00 -437.56 -553.83 -253.37 -560.47 -327.79 -29.40 293.83 655.03 82.17 6.68 -741.50 -775.82 -350.55 -943.26 -422.59 -66.97 870.09 750.20 63.35 -21.09 -1008.85 -1036.77 -405.90 -1059.37 -734.03 -137.34 978.70 720.23 36.83 -79.24 -1097.02 -1185.83 -445.80 -1123.15 -817.48 -149.64 993.97 718.47 5.14 -85.68
0.00 0.00 0.00 0.00 0.00 0.00 0.00 0.00 0.00 0.00 -437.56 -553.83 -253.37 -560.47 -327.79 -29.40 293.83 655.03 82.17 6.68 -741.50 -775.82 -350.55 -943.26 -422.59 -66.97 870.09 750.20 63.35 -21.09 -1008.85 -1036.77 -405.90 -1059.37 -734.03 -137.34 978.70 720.23 36.83 -79.24 -1097.02 -1185.83 -445.80 -1123.15 -817.48 -149.64 993.97 718.47 5.14 -85.68
0.00 0.00 0.00 0.00 0.00 0.00 0.00 0.00 0.00 0.00 -437.56 -553.83 -253.37 -560.47 -327.79 -29.40 293.83 655.03 82.17 6.68 -741.50 -775.82 -350.55 -943.26 -422.59 -66.97 870.09 750.20 63.35 -21.09 -1008.85 -1036.77 -405.90 -1059.37 -734.03 -137.34 978.70 720.23 36.83 -79.24 -1097.02 -1185.83 -445.80 -1123.15 -817.48 -149.64 993.97 718.47 5.14 -85.68
0.00 0.00 0.00 0.00 0.00 0.00 0.00 0.00 0.00 0.00 -437.56 -553.83 -253.37 -560.47 -327.79 -29.40 293.83 655.03 82.17 6.68 -741.50 -775.82 -350.55 -943.26 -422.59 -66.97 870.09 750.20 63.35 -21.09 -1008.85 -1036.77 -405.90 -1059.37 -734.03 -137.34 978.70 720.23 36.83 -79.24 -1097.02 -1185.83 -445.80 -1123.15 -817.48 -149.64 993.97 718.47 5.14 -85.68
0.00 0.00 0.00 0.00 0.00 0.00 0.00 0.00 0.00 0.00 -437.56 -553.83 -253.37 -560.47 -327.79 -29.40 293.83 655.03 82.17 6.68 -741.50 -775.82 -350.55 -943.26 -422.59 -66.97 870.09 750.20 63.35 -21.09 -1008.85 -1036.77 -405.90 -1059.37 -734.03 -137.34 978.70 720.23 36.83 -79.24 -1097.02 -1185.83 -445.80 -1123.15 -817.48 -149.64 993.97 718.47 5.14 -85.68
0.00 0.00 0.00 0.00 0.00 0.00 0.00 0.00 0.00 0.00 -437.56 -553.83 -253.37 -560.47 -327.79 -29.40 293.83 655.03 82.17 6.68 -741.50 -775.82 -350.55 -943.26 -422.59 -66.97 870.09 750.20 63.35 -21.09 -1008.85 -1036.77 -405.90 -1059.37 -734.03 -137.34 978.70 720.23 36.83 -79.24 -1097.02 -1185.83 -445.80 -1123.15 -817.48 -149.64 993.97 718.47 5.14 -85.68
0.00 0.00 0.00 0.00 0.00 0.00 0.00 0.00 0.00 0.00 -437.56 -553.83 -253.37 -560.47 -327.79 -29.40 293.83 655.03 82.17 6.68 -741.50 -775.82 -350.55 -943.26 -422.59 -66.97 870.09 750.20 63.35 -21.09 -1008.85 -1036.77 -405.90 -1059.37 -734.03 -137.34 978.70 720.23 36.83 -79.24 -1097.02 -1185.83 -445.80 -1123.15 -817.48 -149.64 993.97 718.47 5.14 -85.68
0.00 0.00 0.00 0.00 0.00 0.00 0.00 0.00 0.00 0.00 -437.56 -553.83 -253.37 -560.47 -327.79 -29.40 293.83 655.03 82.17 6.68 -741.50 -775.82 -350.55 -943.26 -422.59 -66.97 870.09 750.20 63.35 -21.09 -1008.85 -1036.77 -405.90 -1059.37 -734.03 -137.34 978.70 720.23 36.83 -79.24 -1097.02 -1185.83 -445.80 -1123.15 -817.48 -149.64 993.97 718.47 5.14 -85.68
0.00 0.00 0.00 0.00 0.00 0.00 0.00 0.00 0.00 0.00 -437.56 -553.83 -253.37 -560.47 -327.79 -29.40 293.83 655.03 82.17 6.68 -741.50 -775.82 -350.55 -943.26 -422.59 -66.97 870.09 750.20 63.35 -21.09 -1008.85 -1036.77 -405.90 -1059.37 -734.03 -137.34 978.70 720.23 36.83 -79.24 -1097.02 -1185.83 -445.80 -1123.15 -817.48 -149.64 993.97 718.47 5.14 -85.68
0.00 0.00 0.00 0.00 0.00 0.00 0.00 0.00 0.00 0.00 -437.56 -553.83 -253.37 -560.47 -327.79 -29.40 293.83 655.03 82.17 6.68 -741.50 -775.82 -350.55 -943.26 -422.59 -66.97 870.09 750.20 63.35 -21.09 -1008.85 -1036.77 -405.90 -1059.37 -734.03 -137.34 978.70 720.23 36.83 -79.24 -1097.02 -1185.83 -445.80 -1123.15 -817.48 -149.64 993.97 718.47 5.14 -85.68
0.00 0.00 0.00 0.00 0.00 0.00 0.00 0.00 0.00 0.00 -437.56 -553.83 -253.37 -560.47 -327.79 -29.40 293.83 655.03 82.17 6.68 -741.50 -775.82 -350.55 -943.26 -422.59 -66.97 870.09 750.20 63.35 -21.09 -1008.85 -1036.77 -405.90 -1059.37 -734.03 -137.34 978.70 720.23 36.83 -79.24 -1097.02 -1185.83 -445.80 -1123.15 -817.48 -149.64 993.97 718.47 5.14 -85.68
0.00 0.00 0.00 0.00 0.00 0.00 0.00 0.00 0.00 0.00 -437.56 -553.83 -253.37 -560.47 -327.79 -29.40 293.83 655.03 82.17 6.68 -741.50 -775.82 -350.55 -943.26 -422.59 -66.97 870.09 750.20 63.35 -21.09 -1008.85 -1036.77 -405.90 -1059.37 -734.03 -137.34 978.70 720.23 36.83 -79.24 -1097.02 -1185.83 -445.80 -1123.15 -817.48 -149.64 993.97 718.47 5.14 -85.68
0.00 0.00 0.00 0.00 0.00 0.00 0.00 0.00 0.00 0.00 -437.56 -553.83 -253.37 -560.47 -327.79 -29.40 293.83 655.03 82.17 6.68 -741.50 -775.82 -350.55 -943.26 -422.59 -66.97 870.09 750.20 63.35 -21.09 -1008.85 -1036.77 -405.90 -1059.37 -734.03 -137.34 978.70 720.23 36.83 -79.24 -1097.02 -1185.83 -445.80 -1123.15 -817.48 -149.64 993.97 718.47 5.14 -85.68
0.00 0.00 0.00 0.00 0.00 0.00 0.00 0.00 0.00 0.00 -437.56 -553.83 -253.37 -560.47 -327.79 -29.40 293.83 655.03 82.17 6.68 -741.50 -775.82 -350.55 -943.26 -422.59 -66.97 870.09 750.20 63.35 -21.09 -1008.85 -1036.77 -405.90 -1059.37 -734.03 -137.34 978.70 720.23 36.83 -79.24 -1097.02 -1185.83 -445.80 -1123.15 -817.48 -149.64 993.97 718.47 5.14 -85.68
0.00 0.00 0.00 0.00 0.00 0.00 0.00 0.00 0.00 0.00 -437.56 -553.83 -253.37 -560.47 -327.79 -29.40 293.83 655.03 82.17 6.68 -741.50 -775.82 -350.55 -943.26 -422.59 -66.97 870.09 750.20 63.35 -21.09 -1008.85 -1036.77 -405.90 -1059.37 -734.03 -137.34 978.70 720.23 36.83 -79.24 -1097.02 -1185.83 -445.80 -1123.15 -817.48 -149.64 993.97 718.47 5.14 -85.68
0.00 0.00 0.00 0.00 0.00 0.00 0.00 0.00 0.00 0.00 -437.56 -553.83 -253.37 -560.47 -327.79 -29.40 293.83 655.03 82.17 6.68 -741.50 -775.82 -350.55 -943.26 -422.59 -66.97 870.09 750.20 63.35 -21.09 -1008.85 -1036.77 -405.90 -1059.37 -734.03 -137.34 978.70 720.23 36.83 -79.24 -1097.02 -1185.83 -445.80 -1123.15 -817.48 -149.64 993.97 718.47 5.14 -85.68
0.00 0.00 0.00 0.00 0.00 0.00 0.00 0.00 0.00 0.00 -437.56 -553.83 -253.37 -560.47 -327.79 -29.40 293.83 655.03 82.17 6.68 -741.50 -775.82 -350.55 -943.26 -422.59 -66.97 870.09 750.20 63.35 -21.09 -1008.85 -1036.77 -405.90 -1059.37 -734.03 -137.34 978.70 720.23 36.83 -79.24 -1097.02 -1185.83 -445.80 -1123.15 -817.48 -149.64 993.97 718.47 5.14 -85.68
0.00 0.00 0.00 0.00 0.00 0.00 0.00 0.00 0.00 0.00 -437.56 -553.83 -253.37 -560.47 -327.79 -29.40 293.83 655.03 82.17 6.68 -741.50 -775.82 -350.55 -943.26 -422.59 -66.97 870.09 750.20 63.35 -21.09 -1008.85 -1036.77 -405.90 -1059.37 -734.03 -137.34 978.70 720.23 36.83 -79.24 -1097.02 -1185.83 -445.80 -1123.15 -817.48 -149.64 993.97 718.47 5.14 -85.68
0.00 0.00 0.00 0.00 0.00 0.00 0.00 0.00 0.00 0.00 -393.12 -505.64 -232.33 -498.02 -315.75 -14.85 192.78 666.79 74.50 0.20 -600.41 -717.00 -329.10 -856.62 -355.31 -44.43 657.55 749.34 53.01 -2.84 -930.08 -919.56 -394.46 -1031.32 -627.23 -94.58 803.68 720.14 9.49 -54.23 -1079.81 -1132.14 -445.11 -1118.45 -798.35 -137.99 931.19 718.40 -12.48 -76.86
0.00 0.00 0.00 0.00 0.00 0.00 0.00 0.00 0.00 0.00 -393.12 -505.64 -232.33 -498.02 -315.75 -14.85 192.78 666.79 74.50 0.20 -600.41 -717.00 -329.10 -856.62 -355.31 -44.43 657.55 749.34 53.01 -2.84 -930.08 -919.56 -394.46 -1031.32 -627.23 -94.58 803.68 720.14 9.49 -54.23 -1079.81 -1132.14 -445.11 -1118.45 -798.35 -137.99 931.19 718.40 -12.48 -76.86
0.00 0.00 0.00 0.00 0.00 0.00 0.00 0.00 0.00 0.00 -393.12 -505.64 -232.33 -498.02 -315.75 -14.85 192.78 666.79 74.50 0.20 -600.41 -717.00 -329.10 -856.62 -355.31 -44.43 657.55 749.34 53.01 -2.84 -930.08 -919.56 -394.46 -1031.32 -627.23 -94.58 803.68 720.14 9.49 -54.23 -1079.81 -1132.14 -445.11 -1118.45 -798.35 -137.99 931.19 718.40 -12.48 -76.86
0.00 0.00 0.00 0.00 0.00 0.00 0.00 0.00 0.00 0.00 -393.12 -505.64 -232.33 -498.02 -315.75 -14.85 192.78 666.79 74.50 0.20 -600.41 -717.00 -329.10 -856.62 -355.31 -44.43 657.55 749.34 53.01 -2.84 -930.08 -919.56 -394.46 -1031.32 -627.23 -94.58 803.68 720.14 9.49 -54.23 -1079.81 -1132.14 -445.11 -1118.45 -798.35 -137.99 931.19 718.40 -12.48 -76.86
0.00 0.00 0.00 0.00 0.00 0.00 0.00 0.00 0.00 0.00 -393.12 -505.64 -232.33 -498.02 -315.75 -14.85 192.78 666.79 74.50 0.20 -600.41 -717.00 -329.10 -856.62 -355.31 -44.43 657.55 749.34 53.01 -2.84 -930.08 -919.56 -394.46 -1031.32 -627.23 -94.58 803.68 720.14 9.49 -54.23 -1079.81 -1132.14 -445.11 -1118.45 -798.35 -137.99 931.19 718.40 -12.48 -76.86
0.00 0.00 0.00 0.00 0.00 0.00 0.00 0.00 0.00 0.00 -393.12 -505.64 -232.33 -498.02 -315.75 -14.85 192.78 666.79 74.50 0.20 -600.41 -717.00 -329.10 -856.62 -355.31 -44.43 657.55 749.34 53.01 -2.84 -930.08 -919.56 -394.46 -1031.32 -627.23 -94.58 803.68 720.14 9.49 -54.23 -1079.81 -1132.14 -445.11 -1118.45 -798.35 -137.99 931.19 718.40 -12.48 -76.86
0.00 0.00 0.00 0.00 0.00 0.00 0.00 0.00 0.00 0.00 -393.12 -505.64 -232.33 -498.02 -315.75 -14.85 192.78 666.79 74.50 0.20 -600.41 -717.00 -329.10 -856.62 -355.31 -44.43 657.55 749.34 53.01 -2.84 -930.08 -919.56 -394.46 -1031.32 -627.23 -94.58 803.68 720.14 9.49 -54.23 -1079.81 -1132.14 -445.11 -1118.45 -798.35 -137.99 931.19 718.40 -12.48 -76.86
0.00 0.00 0.00 0.00 0.00 0.00 0.00 0.00 0.00 0.00 -393.12 -505.64 -232.33 -498.02 -315.75 -14.85 192.78 666.79 74.50 0.20 -600.41 -717.00 -329.10 -856.62 -355.31 -44.43 657.55 749.34 53.01 -2.84 -930.08 -919.56 -394.46 -1031.32 -627.23 -94.58 803.68 720.14 9.49 -54.23 -1079.81 -1132.14 -445.11 -1118.45 -798.35 -137.99 931.19 718.40 -12.48 -76.86
0.00 0.00 0.00 0.00 0.00 0.00 0.00 0.00 0.00 0.00 -393.12 -505.64 -232.33 -498.02 -315.75 -14.85 192.78 666.79 74.50 0.20 -600.41 -717.00 -329.10 -856.62 -355.31 -44.43 657.55 749.34 53.01 -2.84 -930.08 -919.56 -394.46 -1031.32 -627.23 -94.58 803.68 720.14 9.49 -54.23 -1079.81 -1132.14 -445.11 -1118.45 -798.35 -137.99 931.19 718.40 -12.48 -76.86
0.00 0.00 0.00 0.00 0.00 0.00 0.00 0.00 0.00 0.00 -393.12 -505.64 -232.33 -498.02 -315.75 -14.85 192.78 666.79 74.50 0.20 -600.41 -717.00 -329.10 -856.62 -355.31 -44.43 657.55 749.34 53.01 -2.84 -930.08 -919.56 -394.46 -1031.32 -627.23 -94.58 803.68 720.14 9.49 -54.23 -1079.81 -1132.14 -445.11 -1118.45 -798.35 -137.99 931.19 718.40 -12.48 -76.86
0.00 0.00 0.00 0.00 0.00 0.00 0.00 0.00 0.00 0.00 -393.12 -505.64 -232.33 -498.02 -315.75 -14.85 192.78 666.79 74.50 0.20 -600.41 -717.00 -329.10 -856.62 -355.31 -44.43 657.55 749.34 53.01 -2.84 -930.08 -919.56 -394.46 -1031.32 -627.23 -94.58 803.68 720.14 9.49 -54.23 -1079.81 -1132.14 -445.11 -1118.45 -798.35 -137.99 931.19 718.40 -12.48 -76.86
0.00 0.00 0.00 0.00 0.00 0.00 0.00 0.00 0.00 0.00 -393.12 -505.64 -232.33 -498.02 -315.75 -14.85 192.78 666.79 74.50 0.20 -600.41 -717.00 -329.10 -856.62 -355.31 -44.43 657.55 749.34 53.01 -2.84 -930.08 -919.56 -394.46 -1031.32 -627.23 -94.58 803.68 720.14 9.49 -54.23 -1079.81 -1132.14 -445.11 -1118.45 -798.35 -137.99 931.19 718.40 -12.48 -76.86
