0.00 0.00 0.00 0.00 0.00 0.00 0.00 0.00 0.00 0.00 -444.12 -561.42 -253.95 -570.25 -329.46 -16.33 417.77 648.72 72.63 3.95 -739.62 -777.24 -345.19 -935.71 -423.82 -62.81 838.53 721.76 58.62 -23.79 -1019.12 -1055.52 -405.61 -1065.00 -745.27 -102.47 844.83 704.09 29.58 -78.43 -1120.78 -1220.07 -453.56 -1149.87 -838.68 -143.90 847.65 701.37 -0.83 -85.98
0.00 0.00 0.00 0.00 0.00 0.00 0.00 0.00 0.00 0.00 -444.12 -561.42 -253.95 -570.25 -329.46 -16.33 417.77 648.72 72.63 3.95 -739.62 -777.24 -345.19 -935.71 -423.82 -62.81 838.53 721.76 58.62 -23.79 -1019.12 -1055.52 -405.61 -1065.00 -745.27 -102.47 844.83 704.09 29.58 -78.43 -1120.78 -1220.07 -453.56 -1149.87 -838.68 -143.90 847.65 701.37 -0.83 -85.98
0.00 0.00 0.00 0.00 0.00 0.00 0.00 0.00 0.00 0.00 -444.12 -561.42 -253.95 -570.25 -329.46 -16.33 417.77 648.72 72.63 3.95 -739.62 -777.24 -345.19 -935.71 -423.82 -62.81 838.53 721.76 58.62 -23.79 -1019.12 -1055.52 -405.61 -1065.00 -745.27 -102.47 844.83 704.09 29.58 -78.43 -1120.78 -1220.07 -453.56 -1149.87 -838.68 -143.90 847.65 701.37 -0.83 -85.98
0.00 0.00 0.00 0.00 0.00 0.00 0.00 0.00 0.00 0.00 -444.12 -561.42 -253.95 -570.25 -329.46 -16.33 417.77 648.72 72.63 3.95 -739.62 -777.24 -345.19 -935.71 -423.82 -62.81 838.53 721.76 58.62 -23.79 -1019.12 -1055.52 -405.61 -1065.00 -745.27 -102.47 844.83 704.09 29.58 -78.43 -1120.78 -1220.07 -453.56 -1149.87 -838.68 -143.90 847.65 701.37 -0.83 -85.98
0.00 0.00 0.00 0.00 0.00 0.00 0.00 0.00 0.00 0.00 -444.12 -561.42 -253.95 -570.25 -329.46 -16.33 417.77 648.72 72.63 3.95 -739.62 -777.24 -345.19 -935.71 -423.82 -62.81 838.53 721.76 58.62 -23.79 -1019.12 -1055.52 -405.61 -1065.00 -745.27 -102.47 844.83 704.09 29.58 -78.43 -1120.78 -1220.07 -453.56 -1149.87 -838.68 -143.90 847.65 701.37 -0.83 -85.98
0.00 0.00 0.00 0.00 0.00 0.00 0.00 0.00 0.00 0.00 -444.12 -561.42 -253.95 -570.25 -329.46 -16.33 417.77 648.72 72.63 3.95 -739.62 -777.24 -345.19 -935.71 -423.82 -62.81 838.53 721.76 58.62 -23.79 -1019.12 -1055.52 -405.61 -1065.00 -745.27 -102.47 844.83 704.09 29.58 -78.43 -1120.78 -1220.07 -453.56 -1149.87 -838.68 -143.90 847.65 701.37 -0.83 -85.98
0.00 0.00 0.00 0.00 0.00 0.00 0.00 0.00 0.00 0.00 -418.73 -529.72 -242.19 -527.15 -322.06 -27.85 374.24 654.87 75.07 3.65 -671.55 -742.79 -339.53 -905.87 -369.34 -84.46 969.85 740.56 55.30 -10.20 -968.15 -978.92 -396.59 -1043.35 -688.12 -128.54 979.40 719.58 39.88 -32.82 -1085.69 -1159.29 -439.78 -1119.74 -806.89 -157.96 981.02 718.25 12.41 -61.50
0.00 0.00 0.00 0.00 0.00 0.00 0.00 0.00 0.00 0.00 -418.73 -529.72 -242.19 -527.15 -322.06 -27.85 374.24 654.87 75.07 3.65 -671.55 -742.79 -339.53 -905.87 -369.34 -84.46 969.85 740.56 55.30 -10.20 -968.15 -978.92 -396.59 -1043.35 -688.12 -128.54 979.40 719.58 39.88 -32.82 -1085.69 -1159.29 -439.78 -1119.74 -806.89 -157.96 981.02 718.25 12.41 -61.50
0.00 0.00 0.00 0.00 0.00 0.00 0.00 0.00 0.00 0.00 -418.73 -529.72 -242.19 -527.15 -322.06 -27.85 374.24 654.87 75.07 3.65 -671.55 -742.79 -339.53 -905.87 -369.34 -84.46 969.85 740.56 55.30 -10.20 -968.15 -978.92 -396.59 -1043.35 -688.12 -128.54 979.40 719.58 39.88 -32.82 -1085.69 -1159.29 -439.78 -1119.74 -806.89 -157.96 981.02 718.25 12.41 -61.50
0.00 0.00 0.00 0.00 0.00 0.00 0.00 0.00 0.00 0.00 -418.73 -529.72 -242.19 -527.15 -322.06 -27.85 374.24 654.87 75.07 3.65 -671.55 -742.79 -339.53 -905.87 -369.34 -84.46 969.85 740.56 55.30 -10.20 -968.15 -978.92 -396.59 -1043.35 -688.12 -128.54 979.40 719.58 39.88 -32.82 -1085.69 -1159.29 -439.78 -1119.74 -806.89 -157.96 981.02 718.25 12.41 -61.50
0.00 0.00 0.00 0.00 0.00 0.00 0.00 0.00 0.00 0.00 -437.54 -553.91 -251.37 -559.87 -327.80 -17.30 268.88 688.15 68.72 -9.04 -718.26 -774.17 -347.03 -923.22 -428.27 -62.84 884.20 725.00 60.56 -10.39 -967.36 -1002.93 -400.28 -1042.32 -713.64 -92.97 1002.15 720.54 42.64 -40.34 -1077.73 -1168.01 -445.71 -1111.97 -811.20 -137.61 1003.96 718.25 12.72 -71.09
0.00 0.00 0.00 0.00 0.00 0.00 0.00 0.00 0.00 0.00 -437.54 -553.91 -251.37 -559.87 -327.80 -17.30 268.88 688.15 68.72 -9.04 -718.26 -774.17 -347.03 -923.22 -428.27 -62.84 884.20 725.00 60.56 -10.39 -967.36 -1002.93 -400.28 -1042.32 -713.64 -92.97 1002.15 720.54 42.64 -40.34 -1077.73 -1168.01 -445.71 -1111.97 -811.20 -137.61 1003.96 718.25 12.72 -71.09
0.00 0.00 0.00 0.00 0.00 0.00 0.00 0.00 0.00 0.00 -454.26 -576.36 -259.91 -593.98 -332.83 -29.59 354.47 668.41 80.92 11.65 -772.86 -796.48 -353.67 -945.18 -455.25 -76.98 937.95 733.96 61.59 -6.72 -1028.53 -1072.29 -410.78 -1068.14 -753.37 -121.24 997.61 717.85 20.05 -40.84 -1116.14 -1220.95 -458.42 -1140.92 -834.22 -159.59 1005.71 717.83 -7.83 -70.92
0.00 0.00 0.00 0.00 0.00 0.00 0.00 0.00 0.00 0.00 -454.26 -576.36 -259.91 -593.98 -332.83 -29.59 354.47 668.41 80.92 11.65 -772.86 -796.48 -353.67 -945.18 -455.25 -76.98 937.95 733.96 61.59 -6.72 -1028.53 -1072.29 -410.78 -1068.14 -753.37 -121.24 997.61 717.85 20.05 -40.84 -1116.14 -1220.95 -458.42 -1140.92 -834.22 -159.59 1005.71 717.83 -7.83 -70.92
0.00 0.00 0.00 0.00 0.00 0.00 0.00 0.00 0.00 0.00 -454.26 -576.36 -259.91 -593.98 -332.83 -29.59 354.47 668.41 80.92 11.65 -772.86 -796.48 -353.67 -945.18 -455.25 -76.98 937.95 733.96 61.59 -6.72 -1028.53 -1072.29 -410.78 -1068.14 -753.37 -121.24 997.61 717.85 20.05 -40.84 -1116.14 -1220.95 -458.42 -1140.92 -834.22 -159.59 1005.71 717.83 -7.83 -70.92
0.00 0.00 0.00 0.00 0.00 0.00 0.00 0.00 0.00 0.00 -454.26 -576.36 -259.91 -593.98 -332.83 -29.59 354.47 668.41 80.92 11.65 -772.86 -796.48 -353.67 -945.18 -455.25 -76.98 937.95 733.96 61.59 -6.72 -1028.53 -1072.29 -410.78 -1068.14 -753.37 -121.24 997.61 717.85 20.05 -40.84 -1116.14 -1220.95 -458.42 -1140.92 -834.22 -159.59 1005.71 717.83 -7.83 -70.92
0.00 0.00 0.00 0.00 0.00 0.00 0.00 0.00 0.00 0.00 -454.26 -576.36 -259.91 -593.98 -332.83 -29.59 354.47 668.41 80.92 11.65 -772.86 -796.48 -353.67 -945.18 -455.25 -76.98 937.95 733.96 61.59 -6.72 -1028.53 -1072.29 -410.78 -1068.14 -753.37 -121.24 997.61 717.85 20.05 -40.84 -1116.14 -1220.95 -458.42 -1140.92 -834.22 -159.59 1005.71 717.83 -7.83 -70.92
0.00 0.00 0.00 0.00 0.00 0.00 0.00 0.00 0.00 0.00 -454.26 -576.36 -259.91 -593.98 -332.83 -29.59 354.47 668.41 80.92 11.65 -772.86 -796.48 -353.67 -945.18 -455.25 -76.98 937.95 733.96 61.59 -6.72 -1028.53 -1072.29 -410.78 -1068.14 -753.37 -121.24 997.61 717.85 20.05 -40.84 -1116.14 -1220.95 -458.42 -1140.92 -834.22 -159.59 1005.71 717.83 -7.83 -70.92
0.00 0.00 0.00 0.00 0.00 0.00 0.00 0.00 0.00 0.00 -454.26 -576.36 -259.91 -593.98 -332.83 -29.59 354.47 668.41 80.92 11.65 -772.86 -796.48 -353.67 -945.18 -455.25 -76.98 937.95 733.96 61.59 -6.72 -1028.53 -1072.29 -410.78 -1068.14 -753.37 -121.24 997.61 717.85 20.05 -40.84 -1116.14 -1220.95 -458.42 -1140.92 -834.22 -159.59 1005.71 717.83 -7.83 -70.92
0.00 0.00 0.00 0.00 0.00 0.00 0.00 0.00 0.00 0.00 -454.26 -576.36 -259.91 -593.98 -332.83 -29.59 354.47 668.41 80.92 11.65 -772.86 -796.48 -353.67 -945.18 -455.25 -76.98 937.95 733.96 61.59 -6.72 -1028.53 -1072.29 -410.78 -1068.14 -753.37 -121.24 997.61 717.85 20.05 -40.84 -1116.14 -1220.95 -458.42 -1140.92 -834.22 -159.59 1005.71 717.83 -7.83 -70.92
0.00 0.00 0.00 0.00 0.00 0.00 0.00 0.00 0.00 0.00 -454.26 -576.36 -259.91 -593.98 -332.83 -29.59 354.47 668.41 80.92 11.65 -772.86 -796.48 -353.67 -945.18 -455.25 -76.98 937.95 733.96 61.59 -6.72 -1028.53 -1072.29 -410.78 -1068.14 -753.37 -121.24 997.61 717.85 20.05 -40.84 -1116.14 -1220.95 -458.42 -1140.92 -834.22 -159.59 1005.71 717.83 -7.83 -70.92
0.00 0.00 0.00 0.00 0.00 0.00 0.00 0.00 0.00 0.00 -454.26 -576.36 -259.91 -593.98 -332.83 -29.59 354.47 668.41 80.92 11.65 -772.86 -796.48 -353.67 -945.18 -455.25 -76.98 937.95 733.96 61.59 -6.72 -1028.53 -1072.29 -410.78 -1068.14 -753.37 -121.24 997.61 717.85 20.05 -40.84 -1116.14 -1220.95 -458.42 -1140.92 -834.22 -159.59 1005.71 717.83 -7.83 -70.92
0.00 0.00 0.00 0.00 0.00 0.00 0.00 0.00 0.00 0.00 -454.26 -576.36 -259.91 -593.98 -332.83 -29.59 354.47 668.41 80.92 11.65 -772.86 -796.48 -353.67 -945.18 -455.25 -76.98 937.95 733.96 61.59 -6.72 -1028.53 -1072.29 -410.78 -1068.14 -753.37 -121.24 997.61 717.85 20.05 -40.84 -1116.14 -1220.95 -458.42 -1140.92 -834.22 -159.59 1005.71 717.83 -7.83 -70.92
0.00 0.00 0.00 0.00 0.00 0.00 0.00 0.00 0.00 0.00 -454.26 -576.36 -259.91 -593.98 -332.83 -29.59 354.47 668.41 80.92 11.65 -772.86 -796.48 -353.67 -945.18 -455.25 -76.98 937.95 733.96 61.59 -6.72 -1028.53 -1072.29 -410.78 -1068.14 -753.37 -121.24 997.61 717.85 20.05 -40.84 -1116.14 -1220.95 -458.42 -1140.92 -834.22 -159.59 1005.71 717.83 -7.83 -70.92
0.00 0.00 0.00 0.00 0.00 0.00 0.00 0.00 0.00 0.00 -454.26 -576.36 -259.91 -593.98 -332.83 -29.59 354.47 668.41 80.92 11.65 -772.86 -796.48 -353.67 -945.18 -455.25 -76.98 937.95 733.96 61.59 -6.72 -1028.53 -1072.29 -410.78 -1068.14 -753.37 -121.24 997.61 717.85 20.05 -40.84 -1116.14 -1220.95 -458.42 -1140.92 -834.22 -159.59 1005.71 717.83 -7.83 -70.92
0.00 0.00 0.00 0.00 0.00 0.00 0.00 0.00 0.00 0.00 -454.26 -576.36 -259.91 -593.98 -332.83 -29.59 354.47 668.41 80.92 11.65 -772.86 -796.48 -353.67 -945.18 -455.25 -76.98 937.95 733.96 61.59 -6.72 -1028.53 -1072.29 -410.78 -1068.14 -753.37 -121.24 997.61 717.85 20.05 -40.84 -1116.14 -1220.95 -458.42 -1140.92 -834.22 -159.59 1005.71 717.83 -7.83 -70.92
0.00 0.00 0.00 0.00 0.00 0.00 0.00 0.00 0.00 0.00 -454.26 -576.36 -259.91 -593.98 -332.83 -29.59 354.47 668.41 80.92 11.65 -772.86 -796.48 -353.67 -945.18 -455.25 -76.98 937.95 733.96 61.59 -6.72 -1028.53 -1072.29 -410.78 -1068.14 -753.37 -121.24 997.61 717.85 20.05 -40.84 -1116.14 -1220.95 -458.42 -1140.92 -834.22 -159.59 1005.71 717.83 -7.83 -70.92
0.00 0.00 0.00 0.00 0.00 0.00 0.00 0.00 0.00 0.00 -454.26 -576.36 -259.91 -593.98 -332.83 -29.59 354.47 668.41 80.92 11.65 -772.86 -796.48 -353.67 -945.18 -455.25 -76.98 937.95 733.96 61.59 -6.72 -1028.53 -1072.29 -410.78 -1068.14 -753.37 -121.24 997.61 717.85 20.05 -40.84 -1116.14 -1220.95 -458.42 -1140.92 -834.22 -159.59 1005.71 717.83 -7.83 -70.92
0.00 0.00 0.00 0.00 0.00 0.00 0.00 0.00 0.00 0.00 -454.26 -576.36 -259.91 -593.98 -332.83 -29.59 354.47 668.41 80.92 11.65 -772.86 -796.48 -353.67 -945.18 -455.25 -76.98 937.95 733.96 61.59 -6.72 -1028.53 -1072.29 -410.78 -1068.14 -753.37 -121.24 997.61 717.85 20.05 -40.84 -1116.14 -1220.95 -458.42 -1140.92 -834.22 -159.59 1005.71 717.83 -7.83 -70.92
0.00 0.00 0.00 0.00 0.00 0.00 0.00 0.00 0.00 0.00 -454.26 -576.36 -259.91 -593.98 -332.83 -29.59 354.47 668.41 80.92 11.65 -772.86 -796.48 -353.67 -945.18 -455.25 -76.98 937.95 733.96 61.59 -6.72 -1028.53 -1072.29 -410.78 -1068.14 -753.37 -121.24 997.61 717.85 20.05 -40.84 -1116.14 -1220.95 -458.42 -1140.92 -834.22 -159.59 1005.71 717.83 -7.83 -70.92
0.00 0.00 0.00 0.00 0.00 0.00 0.00 0.00 0.00 0.00 -454.26 -576.36 -259.91 -593.98 -332.83 -29.59 354.47 668.41 80.92 11.65 -772.86 -796.48 -353.67 -945.18 -455.25 -76.98 937.95 733.96 61.59 -6.72 -1028.53 -1072.29 -410.78 -1068.14 -753.37 -121.24 997.61 717.85 20.05 -40.84 -1116.14 -1220.95 -458.42 -1140.92 -834.22 -159.59 1005.71 717.83 -7.83 -70.92
0.00 0.00 0.00 0.00 0.00 0.00 0.00 0.00 0.00 0.00 -454.26 -576.36 -259.91 -593.98 -332.83 -29.59 354.47 668.41 80.92 11.65 -772.86 -796.48 -353.67 -945.18 -455.25 -76.98 937.95 733.96 61.59 -6.72 -1028.53 -1072.29 -410.78 -1068.14 -753.37 -121.24 997.61 717.85 20.05 -40.84 -1116.14 -1220.95 -458.42 -1140.92 -834.22 -159.59 1005.71 717.83 -7.83 -70.92
0.00 0.00 0.00 0.00 0.00 0.00 0.00 0.00 0.00 0.00 -454.26 -576.36 -259.91 -593.98 -332.83 -29.59 354.47 668.41 80.92 11.65 -772.86 -796.48 -353.67 -945.18 -455.25 -76.98 937.95 733.96 61.59 -6.72 -1028.53 -1072.29 -410.78 -1068.14 -753.37 -121.24 997.61 717.85 20.05 -40.84 -1116.14 -1220.95 -458.42 -1140.92 -834.22 -159.59 1005.71 717.83 -7.83 -70.92
0.00 0.00 0.00 0.00 0.00 0.00 0.00 0.00 0.00 0.00 -454.26 -576.36 -259.91 -593.98 -332.83 -29.59 354.47 668.41 80.92 11.65 -772.86 -796.48 -353.67 -945.18 -455.25 -76.98 937.95 733.96 61.59 -6.72 -1028.53 -1072.29 -410.78 -1068.14 -753.37 -121.24 997.61 717.85 20.05 -40.84 -1116.14 -1220.95 -458.42 -1140.92 -834.22 -159.59 1005.71 717.83 -7.83 -70.92
0.00 0.00 0.00 0.00 0.00 0.00 0.00 0.00 0.00 0.00 -454.26 -576.36 -259.91 -593.98 -332.83 -29.59 354.47 668.41 80.92 11.65 -772.86 -796.48 -353.67 -945.18 -455.25 -76.98 937.95 733.96 61.59 -6.72 -1028.53 -1072.29 -410.78 -1068.14 -753.37 -121.24 997.61 717.85 20.05 -40.84 -1116.14 -1220.95 -458.42 -1140.92 -834.22 -159.59 1005.71 717.83 -7.83 -70.92
0.00 0.00 0.00 0.00 0.00 0.00 0.00 0.00 0.00 0.00 -454.26 -576.36 -259.91 -593.98 -332.83 -29.59 354.47 668.41 80.92 11.65 -772.86 -796.48 -353.67 -945.18 -455.25 -76.98 937.95 733.96 61.59 -6.72 -1028.53 -1072.29 -410.78 -1068.14 -753.37 -121.24 997.61 717.85 20.05 -40.84 -1116.14 -1220.95 -458.42 -1140.92 -834.22 -159.59 1005.71 717.83 -7.83 -70.92
0.00 0.00 0.00 0.00 0.00 0.00 0.00 0.00 0.00 0.00 -454.26 -576.36 -259.91 -593.98 -332.83 -29.59 354.47 668.41 80.92 11.65 -772.86 -796.48 -353.67 -945.18 -455.25 -76.98 937.95 733.96 61.59 -6.72 -1028.53 -1072.29 -410.78 -1068.14 -753.37 -121.24 997.61 717.85 20.05 -40.84 -1116.14 -1220.95 -458.42 -1140.92 -834.22 -159.59 1005.71 717.83 -7.83 -70.92
0.00 0.00 0.00 0.00 0.00 0.00 0.00 0.00 0.00 0.00 -454.26 -576.36 -259.91 -593.98 -332.83 -29.59 354.47 668.41 80.92 11.65 -772.86 -796.48 -353.67 -945.18 -455.25 -76.98 937.95 733.96 61.59 -6.72 -1028.53 -1072.29 -410.78 -1068.14 -753.37 -121.24 997.61 717.85 20.05 -40.84 -1116.14 -1220.95 -458.42 -1140.92 -834.22 -159.59 1005.71 717.83 -7.83 -70.92
0.00 0.00 0.00 0.00 0.00 0.00 0.00 0.00 0.00 0.00 -454.26 -576.36 -259.91 -593.98 -332.83 -29.59 354.47 668.41 80.92 11.65 -772.86 -796.48 -353.67 -945.18 -455.25 -76.98 937.95 733.96 61.59 -6.72 -1028.53 -1072.29 -410.78 -1068.14 -753.37 -121.24 997.61 717.85 20.05 -40.84 -1116.14 -1220.95 -458.42 -1140.92 -834.22 -159.59 1005.71 717.83 -7.83 -70.92
0.00 0.00 0.00 0.00 0.00 0.00 0.00 0.00 0.00 0.00 -454.26 -576.36 -259.91 -593.98 -332.83 -29.59 354.47 668.41 80.92 11.65 -772.86 -796.48 -353.67 -945.18 -455.25 -76.98 937.95 733.96 61.59 -6.72 -1028.53 -1072.29 -410.78 -1068.14 -753.37 -121.24 997.61 717.85 20.05 -40.84 -1116.14 -1220.95 -458.42 -1140.92 -834.22 -159.59 1005.71 717.83 -7.83 -70.92
0.00 0.00 0.00 0.00 0.00 0.00 0.00 0.00 0.00 0.00 -454.26 -576.36 -259.91 -593.98 -332.83 -29.59 354.47 668.41 80.92 11.65 -772.86 -796.48 -353.67 -945.18 -455.25 -76.98 937.95 733.96 61.59 -6.72 -1028.53 -1072.29 -410.78 -1068.14 -753.37 -121.24 997.61 717.85 20.05 -40.84 -1116.14 -1220.95 -458.42 -1140.92 -834.22 -159.59 1005.71 717.83 -7.83 -70.92
0.00 0.00 0.00 0.00 0.00 0.00 0.00 0.00 0.00 0.00 -454.26 -576.36 -259.91 -593.98 -332.83 -29.59 354.47 668.41 80.92 11.65 -772.86 -796.48 -353.67 -945.18 -455.25 -76.98 937.95 733.96 61.59 -6.72 -1028.53 -1072.29 -410.78 -1068.14 -753.37 -121.24 997.61 717.85 20.05 -40.84 -1116.14 -1220.95 -458.42 -1140.92 -834.22 -159.59 1005.71 717.83 -7.83 -70.92
0.00 0.00 0.00 0.00 0.00 0.00 0.00 0.00 0.00 0.00 -454.26 -576.36 -259.91 -593.98 -332.83 -29.59 354.47 668.41 80.92 11.65 -772.86 -796.48 -353.67 -945.18 -455.25 -76.98 937.95 733.96 61.59 -6.72 -1028.53 -1072.29 -410.78 -1068.14 -753.37 -121.24 997.61 717.85 20.05 -40.84 -1116.14 -1220.95 -458.42 -1140.92 -834.22 -159.59 1005.71 717.83 -7.83 -70.92
0.00 0.00 0.00 0.00 0.00 0.00 0.00 0.00 0.00 0.00 -417.00 -535.58 -244.68 -536.61 -323.49 -20.92 369.87 617.52 70.49 5.91 -664.63 -739.95 -339.82 -902.47 -362.56 -59.21 935.04 732.16 52.54 -3.39 -985.37 -991.34 -403.67 -1048.91 -697.56 -100.44 941.23 712.54 4.14 -27.20 -1107.38 -1186.88 -456.73 -1137.58 -822.73 -136.01 994.22 711.58 -12.53 -59.49
0.00 0.00 0.00 0.00 0.00 0.00 0.00 0.00 0.00 0.00 -417.00 -535.58 -244.68 -536.61 -323.49 -20.92 369.87 617.52 70.49 5.91 -664.63 -739.95 -339.82 -902.47 -362.56 -59.21 935.04 732.16 52.54 -3.39 -985.37 -991.34 -403.67 -1048.91 -697.56 -100.44 941.23 712.54 4.14 -27.20 -1107.38 -1186.88 -456.73 -1137.58 -822.73 -136.01 994.22 711.58 -12.53 -59.49
0.00 0.00 0.00 0.00 0.00 0.00 0.00 0.00 0.00 0.00 -417.00 -535.58 -244.68 -536.61 -323.49 -20.92 369.87 617.52 70.49 5.91 -664.63 -739.95 -339.82 -902.47 -362.56 -59.21 935.04 732.16 52.54 -3.39 -985.37 -991.34 -403.67 -1048.91 -697.56 -100.44 941.23 712.54 4.14 -27.20 -1107.38 -1186.88 -456.73 -1137.58 -822.73 -136.01 994.22 711.58 -12.53 -59.49
0.00 0.00 0.00 0.00 0.00 0.00 0.00 0.00 0.00 0.00 -417.00 -535.58 -244.68 -536.61 -323.49 -20.92 369.87 617.52 70.49 5.91 -664.63 -739.95 -339.82 -902.47 -362.56 -59.21 935.04 732.16 52.54 -3.39 -985.37 -991.34 -403.67 -1048.91 -697.56 -100.44 941.23 712.54 4.14 -27.20 -1107.38 -1186.88 -456.73 -1137.58 -822.73 -136.01 994.22 711.58 -12.53 -59.49
0.00 0.00 0.00 0.00 0.00 0.00 0.00 0.00 0.00 0.00 -417.00 -535.58 -244.68 -536.61 -323.49 -20.92 369.87 617.52 70.49 5.91 -664.63 -739.95 -339.82 -902.47 -362.56 -59.21 935.04 732.16 52.54 -3.39 -985.37 -991.34 -403.67 -1048.91 -697.56 -100.44 941.23 712.54 4.14 -27.20 -1107.38 -1186.88 -456.73 -1137.58 -822.73 -136.01 994.22 711.58 -12.53 -59.49
0.00 0.00 0.00 0.00 0.00 0.00 0.00 0.00 0.00 0.00 -417.00 -535.58 -244.68 -536.61 -323.49 -20.92 369.87 617.52 70.49 5.91 -664.63 -739.95 -339.82 -902.47 -362.56 -59.21 935.04 732.16 52.54 -3.39 -985.37 -991.34 -403.67 -1048.91 -697.56 -100.44 941.23 712.54 4.14 -27.20 -1107.38 -1186.88 -456.73 -1137.58 -822.73 -136.01 994.22 711.58 -12.53 -59.49
0.00 0.00 0.00 0.00 0.00 0.00 0.00 0.00 0.00 0.00 -417.00 -535.58 -244.68 -536.61 -323.49 -20.92 369.87 617.52 70.49 5.91 -664.63 -739.95 -339.82 -902.47 -362.56 -59.21 935.04 732.16 52.54 -3.39 -985.37 -991.34 -403.67 -1048.91 -697.56 -100.44 941.23 712.54 4.14 -27.20 -1107.38 -1186.88 -456.73 -1137.58 -822.73 -136.01 994.22 711.58 -12.53 -59.49
0.00 0.00 0.00 0.00 0.00 0.00 0.00 0.00 0.00 0.00 -417.00 -535.58 -244.68 -536.61 -323.49 -20.92 369.87 617.52 70.49 5.91 -664.63 -739.95 -339.82 -902.47 -362.56 -59.21 935.04 732.16 52.54 -3.39 -985.37 -991.34 -403.67 -1048.91 -697.56 -100.44 941.23 712.54 4.14 -27.20 -1107.38 -1186.88 -456.73 -1137.58 -822.73 -136.01 994.22 711.58 -12.53 -59.49
0.00 0.00 0.00 0.00 0.00 0.00 0.00 0.00 0.00 0.00 -417.00 -535.58 -244.68 -536.61 -323.49 -20.92 369.87 617.52 70.49 5.91 -664.63 -739.95 -339.82 -902.47 -362.56 -59.21 935.04 732.16 52.54 -3.39 -985.37 -991.34 -403.67 -1048.91 -697.56 -100.44 941.23 712.54 4.14 -27.20 -1107.38 -1186.88 -456.73 -1137.58 -822.73 -136.01 994.22 711.58 -12.53 -59.49
0.00 0.00 0.00 0.00 0.00 0.00 0.00 0.00 0.00 0.00 -417.00 -535.58 -244.68 -536.61 -323.49 -20.92 369.87 617.52 70.49 5.91 -664.63 -739.95 -339.82 -902.47 -362.56 -59.21 935.04 732.16 52.54 -3.39 -985.37 -991.34 -403.67 -1048.91 -697.56 -100.44 941.23 712.54 4.14 -27.20 -1107.38 -1186.88 -456.73 -1137.58 -822.73 -136.01 994.22 711.58 -12.53 -59.49
0.00 0.00 0.00 0.00 0.00 0.00 0.00 0.00 0.00 0.00 -417.00 -535.58 -244.68 -536.61 -323.49 -20.92 369.87 617.52 70.49 5.91 -664.63 -739.95 -339.82 -902.47 -362.56 -59.21 935.04 732.16 52.54 -3.39 -985.37 -991.34 -403.67 -1048.91 -697.56 -100.44 941.23 712.54 4.14 -27.20 -1107.38 -1186.88 -456.73 -1137.58 -822.73 -136.01 994.22 711.58 -12.53 -59.49
0.00 0.00 0.00 0.00 0.00 0.00 0.00 0.00 0.00 0.00 -417.00 -535.58 -244.68 -536.61 -323.49 -20.92 369.87 617.52 70.49 5.91 -664.63 -739.95 -339.82 -902.47 -362.56 -59.21 935.04 732.16 52.54 -3.39 -985.37 -991.34 -403.67 -1048.91 -697.56 -100.44 941.23 712.54 4.14 -27.20 -1107.38 -1186.88 -456.73 -1137.58 -822.73 -136.01 994.22 711.58 -12.53 -59.49
0.00 0.00 0.00 0.00 0.00 0.00 0.00 0.00 0.00 0.00 -417.00 -535.58 -244.68 -536.61 -323.49 -20.92 369.87 617.52 70.49 5.91 -664.63 -739.95 -339.82 -902.47 -362.56 -59.21 935.04 732.16 52.54 -3.39 -985.37 -991.34 -403.67 -1048.91 -697.56 -100.44 941.23 712.54 4.14 -27.20 -1107.38 -1186.88 -456.73 -1137.58 -822.73 -136.01 994.22 711.58 -12.53 -59.49
0.00 0.00 0.00 0.00 0.00 0.00 0.00 0.00 0.00 0.00 -417.00 -535.58 -244.68 -536.61 -323.49 -20.92 369.87 617.52 70.49 5.91 -664.63 -739.95 -339.82 -902.47 -362.56 -59.21 935.04 732.16 52.54 -3.39 -985.37 -991.34 -403.67 -1048.91 -697.56 -100.44 941.23 712.54 4.14 -27.20 -1107.38 -1186.88 -456.73 -1137.58 -822.73 -136.01 994.22 711.58 -12.53 -59.49
0.00 0.00 0.00 0.00 0.00 0.00 0.00 0.00 0.00 0.00 -417.00 -535.58 -244.68 -536.61 -323.49 -20.92 369.87 617.52 70.49 5.91 -664.63 -739.95 -339.82 -902.47 -362.56 -59.21 935.04 732.16 52.54 -3.39 -985.37 -991.34 -403.67 -1048.91 -697.56 -100.44 941.23 712.54 4.14 -27.20 -1107.38 -1186.88 -456.73 -1137.58 -822.73 -136.01 994.22 711.58 -12.53 -59.49
0.00 0.00 0.00 0.00 0.00 0.00 0.00 0.00 0.00 0.00 -417.00 -535.58 -244.68 -536.61 -323.49 -20.92 369.87 617.52 70.49 5.91 -664.63 -739.95 -339.82 -902.47 -362.56 -59.21 935.04 732.16 52.54 -3.39 -985.37 -991.34 -403.67 -1048.91 -697.56 -100.44 941.23 712.54 4.14 -27.20 -1107.38 -1186.88 -456.73 -1137.58 -822.73 -136.01 994.22 711.58 -12.53 -59.49
0.00 0.00 0.00 0.00 0.00 0.00 0.00 0.00 0.00 0.00 -417.00 -535.58 -244.68 -536.61 -323.49 -20.92 369.87 617.52 70.49 5.91 -664.63 -739.95 -339.82 -902.47 -362.56 -59.21 935.04 732.16 52.54 -3.39 -985.37 -991.34 -403.67 -1048.91 -697.56 -100.44 941.23 712.54 4.14 -27.20 -1107.38 -1186.88 -456.73 -1137.58 -822.73 -136.01 994.22 711.58 -12.53 -59.49
0.00 0.00 0.00 0.00 0.00 0.00 0.00 0.00 0.00 0.00 -417.00 -535.58 -244.68 -536.61 -323.49 -20.92 369.87 617.52 70.49 5.91 -664.63 -739.95 -339.82 -902.47 -362.56 -59.21 935.04 732.16 52.54 -3.39 -985.37 -991.34 -403.67 -1048.91 -697.56 -100.44 941.23 712.54 4.14 -27.20 -1107.38 -1186.88 -456.73 -1137.58 -822.73 -136.01 994.22 711.58 -12.53 -59.49
0.00 0.00 0.00 0.00 0.00 0.00 0.00 0.00 0.00 0.00 -417.00 -535.58 -244.68 -536.61 -323.49 -20.92 369.87 617.52 70.49 5.91 -664.63 -739.95 -339.82 -902.47 -362.56 -59.21 935.04 732.16 52.54 -3.39 -985.37 -991.34 -403.67 -1048.91 -697.56 -100.44 941.23 712.54 4.14 -27.20 -1107.38 -1186.88 -456.73 -1137.58 -822.73 -136.01 994.22 711.58 -12.53 -59.49
0.00 0.00 0.00 0.00 0.00 0.00 0.00 0.00 0.00 0.00 -417.00 -535.58 -244.68 -536.61 -323.49 -20.92 369.87 617.52 70.49 5.91 -664.63 -739.95 -339.82 -902.47 -362.56 -59.21 935.04 732.16 52.54 -3.39 -985.37 -991.34 -403.67 -1048.91 -697.56 -100.44 941.23 712.54 4.14 -27.20 -1107.38 -1186.88 -456.73 -1137.58 -822.73 -136.01 994.22 711.58 -12.53 -59.49
0.00 0.00 0.00 0.00 0.00 0.00 0.00 0.00 0.00 0.00 -417.00 -535.58 -244.68 -536.61 -323.49 -20.92 369.87 617.52 70.49 5.91 -664.63 -739.95 -339.82 -902.47 -362.56 -59.21 935.04 732.16 52.54 -3.39 -985.37 -991.34 -403.67 -1048.91 -697.56 -100.44 941.23 712.54 4.14 -27.20 -1107.38 -1186.88 -456.73 -1137.58 -822.73 -136.01 994.22 711.58 -12.53 -59.49
0.00 0.00 0.00 0.00 0.00 0.00 0.00 0.00 0.00 0.00 -417.00 -535.58 -244.68 -536.61 -323.49 -20.92 369.87 617.52 70.49 5.91 -664.63 -739.95 -339.82 -902.47 -362.56 -59.21 935.04 732.16 52.54 -3.39 -985.37 -991.34 -403.67 -1048.91 -697.56 -100.44 941.23 712.54 4.14 -27.20 -1107.38 -1186.88 -456.73 -1137.58 -822.73 -136.01 994.22 711.58 -12.53 -59.49
0.00 0.00 0.00 0.00 0.00 0.00 0.00 0.00 0.00 0.00 -417.00 -535.58 -244.68 -536.61 -323.49 -20.92 369.87 617.52 70.49 5.91 -664.63 -739.95 -339.82 -902.47 -362.56 -59.21 935.04 732.16 52.54 -3.39 -985.37 -991.34 -403.67 -1048.91 -697.56 -100.44 941.23 712.54 4.14 -27.20 -1107.38 -1186.88 -456.73 -1137.58 -822.73 -136.01 994.22 711.58 -12.53 -59.49
0.00 0.00 0.00 0.00 0.00 0.00 0.00 0.00 0.00 0.00 -417.00 -535.58 -244.68 -536.61 -323.49 -20.92 369.87 617.52 70.49 5.91 -664.63 -739.95 -339.82 -902.47 -362.56 -59.21 935.04 732.16 52.54 -3.39 -985.37 -991.34 -403.67 -1048.91 -697.56 -100.44 941.23 712.54 4.14 -27.20 -1107.38 -1186.88 -456.73 -1137.58 -822.73 -136.01 994.22 711.58 -12.53 -59.49
0.00 0.00 0.00 0.00 0.00 0.00 0.00 0.00 0.00 0.00 -417.00 -535.58 -244.68 -536.61 -323.49 -20.92 369.87 617.52 70.49 5.91 -664.63 -739.95 -339.82 -902.47 -362.56 -59.21 935.04 732.16 52.54 -3.39 -985.37 -991.34 -403.67 -1048.91 -697.56 -100.44 941.23 712.54 4.14 -27.20 -1107.38 -1186.88 -456.73 -1137.58 -822.73 -136.01 994.22 711.58 -12.53 -59.49
0.00 0.00 0.00 0.00 0.00 0.00 0.00 0.00 0.00 0.00 -417.00 -535.58 -244.68 -536.61 -323.49 -20.92 369.87 617.52 70.49 5.91 -664.63 -739.95 -339.82 -902.47 -362.56 -59.21 935.04 732.16 52.54 -3.39 -985.37 -991.34 -403.67 -1048.91 -697.56 -100.44 941.23 712.54 4.14 -27.20 -1107.38 -1186.88 -456.73 -1137.58 -822.73 -136.01 994.22 711.58 -12.53 -59.49
0.00 0.00 0.00 0.00 0.00 0.00 0.00 0.00 0.00 0.00 -417.00 -535.58 -244.68 -536.61 -323.49 -20.92 369.87 617.52 70.49 5.91 -664.63 -739.95 -339.82 -902.47 -362.56 -59.21 935.04 732.16 52.54 -3.39 -985.37 -991.34 -403.67 -1048.91 -697.56 -100.44 941.23 712.54 4.14 -27.20 -1107.38 -1186.88 -456.73 -1137.58 -822.73 -136.01 994.22 711.58 -12.53 -59.49
0.00 0.00 0.00 0.00 0.00 0.00 0.00 0.00 0.00 0.00 -417.00 -535.58 -244.68 -536.61 -323.49 -20.92 369.87 617.52 70.49 5.91 -664.63 -739.95 -339.82 -902.47 -362.56 -59.21 935.04 732.16 52.54 -3.39 -985.37 -991.34 -403.67 -1048.91 -697.56 -100.44 941.23 712.54 4.14 -27.20 -1107.38 -1186.88 -456.73 -1137.58 -822.73 -136.01 994.22 711.58 -12.53 -59.49
0.00 0.00 0.00 0.00 0.00 0.00 0.00 0.00 0.00 0.00 -417.00 -535.58 -244.68 -536.61 -323.49 -20.92 369.87 617.52 70.49 5.91 -664.63 -739.95 -339.82 -902.47 -362.56 -59.21 935.04 732.16 52.54 -3.39 -985.37 -991.34 -403.67 -1048.91 -697.56 -100.44 941.23 712.54 4.14 -27.20 -1107.38 -1186.88 -456.73 -1137.58 -822.73 -136.01 994.22 711.58 -12.53 -59.49
0.00 0.00 0.00 0.00 0.00 0.00 0.00 0.00 0.00 0.00 -417.00 -535.58 -244.68 -536.61 -323.49 -20.92 369.87 617.52 70.49 5.91 -664.63 -739.95 -339.82 -902.47 -362.56 -59.21 935.04 732.16 52.54 -3.39 -985.37 -991.34 -403.67 -1048.91 -697.56 -100.44 941.23 712.54 4.14 -27.20 -1107.38 -1186.88 -456.73 -1137.58 -822.73 -136.01 994.22 711.58 -12.53 -59.49
0.00 0.00 0.00 0.00 0.00 0.00 0.00 0.00 0.00 0.00 -417.00 -535.58 -244.68 -536.61 -323.49 -20.92 369.87 617.52 70.49 5.91 -664.63 -739.95 -339.82 -902.47 -362.56 -59.21 935.04 732.16 52.54 -3.39 -985.37 -991.34 -403.67 -1048.91 -697.56 -100.44 941.23 712.54 4.14 -27.20 -1107.38 -1186.88 -456.73 -1137.58 -822.73 -136.01 994.22 711.58 -12.53 -59.49
0.00 0.00 0.00 0.00 0.00 0.00 0.00 0.00 0.00 0.00 -417.00 -535.58 -244.68 -536.61 -323.49 -20.92 369.87 617.52 70.49 5.91 -664.63 -739.95 -339.82 -902.47 -362.56 -59.21 935.04 732.16 52.54 -3.39 -985.37 -991.34 -403.67 -1048.91 -697.56 -100.44 941.23 712.54 4.14 -27.20 -1107.38 -1186.88 -456.73 -1137.58 -822.73 -136.01 994.22 711.58 -12.53 -59.49
0.00 0.00 0.00 0.00 0.00 0.00 0.00 0.00 0.00 0.00 -417.00 -535.58 -244.68 -536.61 -323.49 -20.92 369.87 617.52 70.49 5.91 -664.63 -739.95 -339.82 -902.47 -362.56 -59.21 935.04 732.16 52.54 -3.39 -985.37 -991.34 -403.67 -1048.91 -697.56 -100.44 941.23 712.54 4.14 -27.20 -1107.38 -1186.88 -456.73 -1137.58 -822.73 -136.01 994.22 711.58 -12.53 -59.49
0.00 0.00 0.00 0.00 0.00 0.00 0.00 0.00 0.00 0.00 -417.00 -535.58 -244.68 -536.61 -323.49 -20.92 369.87 617.52 70.49 5.91 -664.63 -739.95 -339.82 -902.47 -362.56 -59.21 935.04 732.16 52.54 -3.39 -985.37 -991.34 -403.67 -1048.91 -697.56 -100.44 941.23 712.54 4.14 -27.20 -1107.38 -1186.88 -456.73 -1137.58 -822.73 -136.01 994.22 711.58 -12.53 -59.49
0.00 0.00 0.00 0.00 0.00 0.00 0.00 0.00 0.00 0.00 -417.00 -535.58 -244.68 -536.61 -323.49 -20.92 369.87 617.52 70.49 5.91 -664.63 -739.95 -339.82 -902.47 -362.56 -59.21 935.04 732.16 52.54 -3.39 -985.37 -991.34 -403.67 -1048.91 -697.56 -100.44 941.23 712.54 4.14 -27.20 -1107.38 -1186.88 -456.73 -1137.58 -822.73 -136.01 994.22 711.58 -12.53 -59.49
0.00 0.00 0.00 0.00 0.00 0.00 0.00 0.00 0.00 0.00 -417.00 -535.58 -244.68 -536.61 -323.49 -20.92 369.87 617.52 70.49 5.91 -664.63 -739.95 -339.82 -902.47 -362.56 -59.21 935.04 732.16 52.54 -3.39 -985.37 -991.34 -403.67 -1048.91 -697.56 -100.44 941.23 712.54 4.14 -27.20 -1107.38 -1186.88 -456.73 -1137.58 -822.73 -136.01 994.22 711.58 -12.53 -59.49
0.00 0.00 0.00 0.00 0.00 0.00 0.00 0.00 0.00 0.00 -417.00 -535.58 -244.68 -536.61 -323.49 -20.92 369.87 617.52 70.49 5.91 -664.63 -739.95 -339.82 -902.47 -362.56 -59.21 935.04 732.16 52.54 -3.39 -985.37 -991.34 -403.67 -1048.91 -697.56 -100.44 941.23 712.54 4.14 -27.20 -1107.38 -1186.88 -456.73 -1137.58 -822.73 -136.01 994.22 711.58 -12.53 -59.49
0.00 0.00 0.00 0.00 0.00 0.00 0.00 0.00 0.00 0.00 -417.00 -535.58 -244.68 -536.61 -323.49 -20.92 369.87 617.52 70.49 5.91 -664.63 -739.95 -339.82 -902.47 -362.56 -59.21 935.04 732.16 52.54 -3.39 -985.37 -991.34 -403.67 -1048.91 -697.56 -100.44 941.23 712.54 4.14 -27.20 -1107.38 -1186.88 -456.73 -1137.58 -822.73 -136.01 994.22 711.58 -12.53 -59.49
0.00 0.00 0.00 0.00 0.00 0.00 0.00 0.00 0.00 0.00 -417.00 -535.58 -244.68 -536.61 -323.49 -20.92 369.87 617.52 70.49 5.91 -664.63 -739.95 -339.82 -902.47 -362.56 -59.21 935.04 732.16 52.54 -3.39 -985.37 -991.34 -403.67 -1048.91 -697.56 -100.44 941.23 712.54 4.14 -27.20 -1107.38 -1186.88 -456.73 -1137.58 -822.73 -136.01 994.22 711.58 -12.53 -59.49
0.00 0.00 0.00 0.00 0.00 0.00 0.00 0.00 0.00 0.00 -417.00 -535.58 -244.68 -536.61 -323.49 -20.92 369.87 617.52 70.49 5.91 -664.63 -739.95 -339.82 -902.47 -362.56 -59.21 935.04 732.16 52.54 -3.39 -985.37 -991.34 -403.67 -1048.91 -697.56 -100.44 941.23 712.54 4.14 -27.20 -1107.38 -1186.88 -456.73 -1137.58 -822.73 -136.01 994.22 711.58 -12.53 -59.49
0.00 0.00 0.00 0.00 0.00 0.00 0.00 0.00 0.00 0.00 -417.00 -535.58 -244.68 -536.61 -323.49 -20.92 369.87 617.52 70.49 5.91 -664.63 -739.95 -339.82 -902.47 -362.56 -59.21 935.04 732.16 52.54 -3.39 -985.37 -991.34 -403.67 -1048.91 -697.56 -100.44 941.23 712.54 4.14 -27.20 -1107.38 -1186.88 -456.73 -1137.58 -822.73 -136.01 994.22 711.58 -12.53 -59.49
0.00 0.00 0.00 0.00 0.00 0.00 0.00 0.00 0.00 0.00 -417.00 -535.58 -244.68 -536.61 -323.49 -20.92 369.87 617.52 70.49 5.91 -664.63 -739.95 -339.82 -902.47 -362.56 -59.21 935.04 732.16 52.54 -3.39 -985.37 -991.34 -403.67 -1048.91 -697.56 -100.44 941.23 712.54 4.14 -27.20 -1107.38 -1186.88 -456.73 -1137.58 -822.73 -136.01 994.22 711.58 -12.53 -59.49
0.00 0.00 0.00 0.00 0.00 0.00 0.00 0.00 0.00 0.00 -417.00 -535.58 -244.68 -536.61 -323.49 -20.92 369.87 617.52 70.49 5.91 -664.63 -739.95 -339.82 -902.47 -362.56 -59.21 935.04 732.16 52.54 -3.39 -985.37 -991.34 -403.67 -1048.91 -697.56 -100.44 941.23 712.54 4.14 -27.20 -1107.38 -1186.88 -456.73 -1137.58 -822.73 -136.01 994.22 711.58 -12.53 -59.49
0.00 0.00 0.00 0.00 0.00 0.00 0.00 0.00 0.00 0.00 -417.00 -535.58 -244.68 -536.61 -323.49 -20.92 369.87 617.52 70.49 5.91 -664.63 -739.95 -339.82 -902.47 -362.56 -59.21 935.04 732.16 52.54 -3.39 -985.37 -991.34 -403.67 -1048.91 -697.56 -100.44 941.23 712.54 4.14 -27.20 -1107.38 -1186.88 -456.73 -1137.58 -822.73 -136.01 994.22 711.58 -12.53 -59.49
0.00 0.00 0.00 0.00 0.00 0.00 0.00 0.00 0.00 0.00 -417.00 -535.58 -244.68 -536.61 -323.49 -20.92 369.87 617.52 70.49 5.91 -664.63 -739.95 -339.82 -902.47 -362.56 -59.21 935.04 732.16 52.54 -3.39 -985.37 -991.34 -403.67 -1048.91 -697.56 -100.44 941.23 712.54 4.14 -27.20 -1107.38 -1186.88 -456.73 -1137.58 -822.73 -136.01 994.22 711.58 -12.53 -59.49
0.00 0.00 0.00 0.00 0.00 0.00 0.00 0.00 0.00 0.00 -417.00 -535.58 -244.68 -536.61 -323.49 -20.92 369.87 617.52 70.49 5.91 -664.63 -739.95 -339.82 -902.47 -362.56 -59.21 935.04 732.16 52.54 -3.39 -985.37 -991.34 -403.67 -1048.91 -697.56 -100.44 941.23 712.54 4.14 -27.20 -1107.38 -1186.88 -456.73 -1137.58 -822.73 -136.01 994.22 711.58 -12.53 -59.49
0.00 0.00 0.00 0.00 0.00 0.00 0.00 0.00 0.00 0.00 -417.00 -535.58 -244.68 -536.61 -323.49 -20.92 369.87 617.52 70.49 5.91 -664.63 -739.95 -339.82 -902.47 -362.56 -59.21 935.04 732.16 52.54 -3.39 -985.37 -991.34 -403.67 -1048.91 -697.56 -100.44 941.23 712.54 4.14 -27.20 -1107.38 -1186.88 -456.73 -1137.58 -822.73 -136.01 994.22 711.58 -12.53 -59.49
0.00 0.00 0.00 0.00 0.00 0.00 0.00 0.00 0.00 0.00 -417.00 -535.58 -244.68 -536.61 -323.49 -20.92 369.87 617.52 70.49 5.91 -664.63 -739.95 -339.82 -902.47 -362.56 -59.21 935.04 732.16 52.54 -3.39 -985.37 -991.34 -403.67 -1048.91 -697.56 -100.44 941.23 712.54 4.14 -27.20 -1107.38 -1186.88 -456.73 -1137.58 -822.73 -136.01 994.22 711.58 -12.53 -59.49
0.00 0.00 0.00 0.00 0.00 0.00 0.00 0.00 0.00 0.00 -417.00 -535.58 -244.68 -536.61 -323.49 -20.92 369.87 617.52 70.49 5.91 -664.63 -739.95 -339.82 -902.47 -362.56 -59.21 935.04 732.16 52.54 -3.39 -985.37 -991.34 -403.67 -1048.91 -697.56 -100.44 941.23 712.54 4.14 -27.20 -1107.38 -1186.88 -456.73 -1137.58 -822.73 -136.01 994.22 711.58 -12.53 -59.49
0.00 0.00 0.00 0.00 0.00 0.00 0.00 0.00 0.00 0.00 -417.00 -535.58 -244.68 -536.61 -323.49 -20.92 369.87 617.52 70.49 5.91 -664.63 -739.95 -339.82 -902.47 -362.56 -59.21 935.04 732.16 52.54 -3.39 -985.37 -991.34 -403.67 -1048.91 -697.56 -100.44 941.23 712.54 4.14 -27.20 -1107.38 -1186.88 -456.73 -1137.58 -822.73 -136.01 994.22 711.58 -12.53 -59.49
0.00 0.00 0.00 0.00 0.00 0.00 0.00 0.00 0.00 0.00 -417.00 -535.58 -244.68 -536.61 -323.49 -20.92 369.87 617.52 70.49 5.91 -664.63 -739.95 -339.82 -902.47 -362.56 -59.21 935.04 732.16 52.54 -3.39 -985.37 -991.34 -403.67 -1048.91 -697.56 -100.44 941.23 712.54 4.14 -27.20 -1107.38 -1186.88 -456.73 -1137.58 -822.73 -136.01 994.22 711.58 -12.53 -59.49
0.00 0.00 0.00 0.00 0.00 0.00 0.00 0.00 0.00 0.00 -417.00 -535.58 -244.68 -536.61 -323.49 -20.92 369.87 617.52 70.49 5.91 -664.63 -739.95 -339.82 -902.47 -362.56 -59.21 935.04 732.16 52.54 -3.39 -985.37 -991.34 -403.67 -1048.91 -697.56 -100.44 941.23 712.54 4.14 -27.20 -1107.38 -1186.88 -456.73 -1137.58 -822.73 -136.01 994.22 711.58 -12.53 -59.49
0.00 0.00 0.00 0.00 0.00 0.00 0.00 0.00 0.00 0.00 -417.00 -535.58 -244.68 -536.61 -323.49 -20.92 369.87 617.52 70.49 5.91 -664.63 -739.95 -339.82 -902.47 -362.56 -59.21 935.04 732.16 52.54 -3.39 -985.37 -991.34 -403.67 -1048.91 -697.56 -100.44 941.23 712.54 4.14 -27.20 -1107.38 -1186.88 -456.73 -1137.58 -822.73 -136.01 994.22 711.58 -12.53 -59.49
0.00 0.00 0.00 0.00 0.00 0.00 0.00 0.00 0.00 0.00 -417.00 -535.58 -244.68 -536.61 -323.49 -20.92 369.87 617.52 70.49 5.91 -664.63 -739.95 -339.82 -902.47 -362.56 -59.21 935.04 732.16 52.54 -3.39 -985.37 -991.34 -403.67 -1048.91 -697.56 -100.44 941.23 712.54 4.14 -27.20 -1107.38 -1186.88 -456.73 -1137.58 -822.73 -136.01 994.22 711.58 -12.53 -59.49
0.00 0.00 0.00 0.00 0.00 0.00 0.00 0.00 0.00 0.00 -417.00 -535.58 -244.68 -536.61 -323.49 -20.92 369.87 617.52 70.49 5.91 -664.63 -739.95 -339.82 -902.47 -362.56 -59.21 935.04 732.16 52.54 -3.39 -985.37 -991.34 -403.67 -1048.91 -697.56 -100.44 941.23 712.54 4.14 -27.20 -1107.38 -1186.88 -456.73 -1137.58 -822.73 -136.01 994.22 711.58 -12.53 -59.49
0.00 0.00 0.00 0.00 0.00 0.00 0.00 0.00 0.00 0.00 -417.00 -535.58 -244.68 -536.61 -323.49 -20.92 369.87 617.52 70.49 5.91 -664.63 -739.95 -339.82 -902.47 -362.56 -59.21 935.04 732.16 52.54 -3.39 -985.37 -991.34 -403.67 -1048.91 -697.56 -100.44 941.23 712.54 4.14 -27.20 -1107.38 -1186.88 -456.73 -1137.58 -822.73 -136.01 994.22 711.58 -12.53 -59.49
0.00 0.00 0.00 0.00 0.00 0.00 0.00 0.00 0.00 0.00 -417.00 -535.58 -244.68 -536.61 -323.49 -20.92 369.87 617.52 70.49 5.91 -664.63 -739.95 -339.82 -902.47 -362.56 -59.21 935.04 732.16 52.54 -3.39 -985.37 -991.34 -403.67 -1048.91 -697.56 -100.44 941.23 712.54 4.14 -27.20 -1107.38 -1186.88 -456.73 -1137.58 -822.73 -136.01 994.22 711.58 -12.53 -59.49
0.00 0.00 0.00 0.00 0.00 0.00 0.00 0.00 0.00 0.00 -417.00 -535.58 -244.68 -536.61 -323.49 -20.92 369.87 617.52 70.49 5.91 -664.63 -739.95 -339.82 -902.47 -362.56 -59.21 935.04 732.16 52.54 -3.39 -985.37 -991.34 -403.67 -1048.91 -697.56 -100.44 941.23 712.54 4.14 -27.20 -1107.38 -1186.88 -456.73 -1137.58 -822.73 -136.01 994.22 711.58 -12.53 -59.49
0.00 0.00 0.00 0.00 0.00 0.00 0.00 0.00 0.00 0.00 -417.00 -535.58 -244.68 -536.61 -323.49 -20.92 369.87 617.52 70.49 5.91 -664.63 -739.95 -339.82 -902.47 -362.56 -59.21 935.04 732.16 52.54 -3.39 -985.37 -991.34 -403.67 -1048.91 -697.56 -100.44 941.23 712.54 4.14 -27.20 -1107.38 -1186.88 -456.73 -1137.58 -822.73 -136.01 994.22 711.58 -12.53 -59.49
0.00 0.00 0.00 0.00 0.00 0.00 0.00 0.00 0.00 0.00 -417.00 -535.58 -244.68 -536.61 -323.49 -20.92 369.87 617.52 70.49 5.91 -664.63 -739.95 -339.82 -902.47 -362.56 -59.21 935.04 732.16 52.54 -3.39 -985.37 -991.34 -403.67 -1048.91 -697.56 -100.44 941.23 712.54 4.14 -27.20 -1107.38 -1186.88 -456.73 -1137.58 -822.73 -136.01 994.22 711.58 -12.53 -59.49
0.00 0.00 0.00 0.00 0.00 0.00 0.00 0.00 0.00 0.00 -417.00 -535.58 -244.68 -536.61 -323.49 -20.92 369.87 617.52 70.49 5.91 -664.63 -739.95 -339.82 -902.47 -362.56 -59.21 935.04 732.16 52.54 -3.39 -985.37 -991.34 -403.67 -1048.91 -697.56 -100.44 941.23 712.54 4.14 -27.20 -1107.38 -1186.88 -456.73 -1137.58 -822.73 -136.01 994.22 711.58 -12.53 -59.49
0.00 0.00 0.00 0.00 0.00 0.00 0.00 0.00 0.00 0.00 -417.00 -535.58 -244.68 -536.61 -323.49 -20.92 369.87 617.52 70.49 5.91 -664.63 -739.95 -339.82 -902.47 -362.56 -59.21 935.04 732.16 52.54 -3.39 -985.37 -991.34 -403.67 -1048.91 -697.56 -100.44 941.23 712.54 4.14 -27.20 -1107.38 -1186.88 -456.73 -1137.58 -822.73 -136.01 994.22 711.58 -12.53 -59.49
0.00 0.00 0.00 0.00 0.00 0.00 0.00 0.00 0.00 0.00 -417.00 -535.58 -244.68 -536.61 -323.49 -20.92 369.87 617.52 70.49 5.91 -664.63 -739.95 -339.82 -902.47 -362.56 -59.21 935.04 732.16 52.54 -3.39 -985.37 -991.34 -403.67 -1048.91 -697.56 -100.44 941.23 712.54 4.14 -27.20 -1107.38 -1186.88 -456.73 -1137.58 -822.73 -136.01 994.22 711.58 -12.53 -59.49
0.00 0.00 0.00 0.00 0.00 0.00 0.00 0.00 0.00 0.00 -417.00 -535.58 -244.68 -536.61 -323.49 -20.92 369.87 617.52 70.49 5.91 -664.63 -739.95 -339.82 -902.47 -362.56 -59.21 935.04 732.16 52.54 -3.39 -985.37 -991.34 -403.67 -1048.91 -697.56 -100.44 941.23 712.54 4.14 -27.20 -1107.38 -1186.88 -456.73 -1137.58 -822.73 -136.01 994.22 711.58 -12.53 -59.49
0.00 0.00 0.00 0.00 0.00 0.00 0.00 0.00 0.00 0.00 -417.00 -535.58 -244.68 -536.61 -323.49 -20.92 369.87 617.52 70.49 5.91 -664.63 -739.95 -339.82 -902.47 -362.56 -59.21 935.04 732.16 52.54 -3.39 -985.37 -991.34 -403.67 -1048.91 -697.56 -100.44 941.23 712.54 4.14 -27.20 -1107.38 -1186.88 -456.73 -1137.58 -822.73 -136.01 994.22 711.58 -12.53 -59.49
0.00 0.00 0.00 0.00 0.00 0.00 0.00 0.00 0.00 0.00 -417.00 -535.58 -244.68 -536.61 -323.49 -20.92 369.87 617.52 70.49 5.91 -664.63 -739.95 -339.82 -902.47 -362.56 -59.21 935.04 732.16 52.54 -3.39 -985.37 -991.34 -403.67 -1048.91 -697.56 -100.44 941.23 712.54 4.14 -27.20 -1107.38 -1186.88 -456.73 -1137.58 -822.73 -136.01 994.22 711.58 -12.53 -59.49
0.00 0.00 0.00 0.00 0.00 0.00 0.00 0.00 0.00 0.00 -417.00 -535.58 -244.68 -536.61 -323.49 -20.92 369.87 617.52 70.49 5.91 -664.63 -739.95 -339.82 -902.47 -362.56 -59.21 935.04 732.16 52.54 -3.39 -985.37 -991.34 -403.67 -1048.91 -697.56 -100.44 941.23 712.54 4.14 -27.20 -1107.38 -1186.88 -456.73 -1137.58 -822.73 -136.01 994.22 711.58 -12.53 -59.49
0.00 0.00 0.00 0.00 0.00 0.00 0.00 0.00 0.00 0.00 -417.00 -535.58 -244.68 -536.61 -323.49 -20.92 369.87 617.52 70.49 5.91 -664.63 -739.95 -339.82 -902.47 -362.56 -59.21 935.04 732.16 52.54 -3.39 -985.37 -991.34 -403.67 -1048.91 -697.56 -100.44 941.23 712.54 4.14 -27.20 -1107.38 -1186.88 -456.73 -1137.58 -822.73 -136.01 994.22 711.58 -12.53 -59.49
0.00 0.00 0.00 0.00 0.00 0.00 0.00 0.00 0.00 0.00 -417.00 -535.58 -244.68 -536.61 -323.49 -20.92 369.87 617.52 70.49 5.91 -664.63 -739.95 -339.82 -902.47 -362.56 -59.21 935.04 732.16 52.54 -3.39 -985.37 -991.34 -403.67 -1048.91 -697.56 -100.44 941.23 712.54 4.14 -27.20 -1107.38 -1186.88 -456.73 -1137.58 -822.73 -136.01 994.22 711.58 -12.53 -59.49
0.00 0.00 0.00 0.00 0.00 0.00 0.00 0.00 0.00 0.00 -417.00 -535.58 -244.68 -536.61 -323.49 -20.92 369.87 617.52 70.49 5.91 -664.63 -739.95 -339.82 -902.47 -362.56 -59.21 935.04 732.16 52.54 -3.39 -985.37 -991.34 -403.67 -1048.91 -697.56 -100.44 941.23 712.54 4.14 -27.20 -1107.38 -1186.88 -456.73 -1137.58 -822.73 -136.01 994.22 711.58 -12.53 -59.49
0.00 0.00 0.00 0.00 0.00 0.00 0.00 0.00 0.00 0.00 -417.00 -535.58 -244.68 -536.61 -323.49 -20.92 369.87 617.52 70.49 5.91 -664.63 -739.95 -339.82 -902.47 -362.56 -59.21 935.04 732.16 52.54 -3.39 -985.37 -991.34 -403.67 -1048.91 -697.56 -100.44 941.23 712.54 4.14 -27.20 -1107.38 -1186.88 -456.73 -1137.58 -822.73 -136.01 994.22 711.58 -12.53 -59.49
0.00 0.00 0.00 0.00 0.00 0.00 0.00 0.00 0.00 0.00 -417.00 -535.58 -244.68 -536.61 -323.49 -20.92 369.87 617.52 70.49 5.91 -664.63 -739.95 -339.82 -902.47 -362.56 -59.21 935.04 732.16 52.54 -3.39 -985.37 -991.34 -403.67 -1048.91 -697.56 -100.44 941.23 712.54 4.14 -27.20 -1107.38 -1186.88 -456.73 -1137.58 -822.73 -136.01 994.22 711.58 -12.53 -59.49
0.00 0.00 0.00 0.00 0.00 0.00 0.00 0.00 0.00 0.00 -417.00 -535.58 -244.68 -536.61 -323.49 -20.92 369.87 617.52 70.49 5.91 -664.63 -739.95 -339.82 -902.47 -362.56 -59.21 935.04 732.16 52.54 -3.39 -985.37 -991.34 -403.67 -1048.91 -697.56 -100.44 941.23 712.54 4.14 -27.20 -1107.38 -1186.88 -456.73 -1137.58 -822.73 -136.01 994.22 711.58 -12.53 -59.49
0.00 0.00 0.00 0.00 0.00 0.00 0.00 0.00 0.00 0.00 -417.00 -535.58 -244.68 -536.61 -323.49 -20.92 369.87 617.52 70.49 5.91 -664.63 -739.95 -339.82 -902.47 -362.56 -59.21 935.04 732.16 52.54 -3.39 -985.37 -991.34 -403.67 -1048.91 -697.56 -100.44 941.23 712.54 4.14 -27.20 -1107.38 -1186.88 -456.73 -1137.58 -822.73 -136.01 994.22 711.58 -12.53 -59.49
0.00 0.00 0.00 0.00 0.00 0.00 0.00 0.00 0.00 0.00 -417.00 -535.58 -244.68 -536.61 -323.49 -20.92 369.87 617.52 70.49 5.91 -664.63 -739.95 -339.82 -902.47 -362.56 -59.21 935.04 732.16 52.54 -3.39 -985.37 -991.34 -403.67 -1048.91 -697.56 -100.44 941.23 712.54 4.14 -27.20 -1107.38 -1186.88 -456.73 -1137.58 -822.73 -136.01 994.22 711.58 -12.53 -59.49
0.00 0.00 0.00 0.00 0.00 0.00 0.00 0.00 0.00 0.00 -417.00 -535.58 -244.68 -536.61 -323.49 -20.92 369.87 617.52 70.49 5.91 -664.63 -739.95 -339.82 -902.47 -362.56 -59.21 935.04 732.16 52.54 -3.39 -985.37 -991.34 -403.67 -1048.91 -697.56 -100.44 941.23 712.54 4.14 -27.20 -1107.38 -1186.88 -456.73 -1137.58 -822.73 -136.01 994.22 711.58 -12.53 -59.49
0.00 0.00 0.00 0.00 0.00 0.00 0.00 0.00 0.00 0.00 -417.00 -535.58 -244.68 -536.61 -323.49 -20.92 369.87 617.52 70.49 5.91 -664.63 -739.95 -339.82 -902.47 -362.56 -59.21 935.04 732.16 52.54 -3.39 -985.37 -991.34 -403.67 -1048.91 -697.56 -100.44 941.23 712.54 4.14 -27.20 -1107.38 -1186.88 -456.73 -1137.58 -822.73 -136.01 994.22 711.58 -12.53 -59.49
0.00 0.00 0.00 0.00 0.00 0.00 0.00 0.00 0.00 0.00 -417.00 -535.58 -244.68 -536.61 -323.49 -20.92 369.87 617.52 70.49 5.91 -664.63 -739.95 -339.82 -902.47 -362.56 -59.21 935.04 732.16 52.54 -3.39 -985.37 -991.34 -403.67 -1048.91 -697.56 -100.44 941.23 712.54 4.14 -27.20 -1107.38 -1186.88 -456.73 -1137.58 -822.73 -136.01 994.22 711.58 -12.53 -59.49
0.00 0.00 0.00 0.00 0.00 0.00 0.00 0.00 0.00 0.00 -417.00 -535.58 -244.68 -536.61 -323.49 -20.92 369.87 617.52 70.49 5.91 -664.63 -739.95 -339.82 -902.47 -362.56 -59.21 935.04 732.16 52.54 -3.39 -985.37 -991.34 -403.67 -1048.91 -697.56 -100.44 941.23 712.54 4.14 -27.20 -1107.38 -1186.88 -456.73 -1137.58 -822.73 -136.01 994.22 711.58 -12.53 -59.49
0.00 0.00 0.00 0.00 0.00 0.00 0.00 0.00 0.00 0.00 -417.00 -535.58 -244.68 -536.61 -323.49 -20.92 369.87 617.52 70.49 5.91 -664.63 -739.95 -339.82 -902.47 -362.56 -59.21 935.04 732.16 52.54 -3.39 -985.37 -991.34 -403.67 -1048.91 -697.56 -100.44 941.23 712.54 4.14 -27.20 -1107.38 -1186.88 -456.73 -1137.58 -822.73 -136.01 994.22 711.58 -12.53 -59.49
