0.00 0.00 0.00 0.00 0.00 0.00 0.00 0.00 0.00 0.00 0.00 0.00 0.00 0.00 0.00 0.00 0.00 0.00 0.00 0.00 0.00 0.00 0.00 0.00 0.00 0.00 0.00 0.00 0.00 0.00 0.00 0.00 0.00 0.00 0.00 0.00 0.00 0.00 0.00 0.00 0.00 0.00 0.00 0.00 0.00 0.00 0.00 0.00 0.00 0.00
0.00 0.00 0.00 0.00 0.00 0.00 0.00 0.00 0.00 0.00 0.00 0.00 0.00 0.00 0.00 0.00 0.00 0.00 0.00 0.00 0.00 0.00 0.00 0.00 0.00 0.00 0.00 0.00 0.00 0.00 0.00 0.00 0.00 0.00 0.00 0.00 0.00 0.00 0.00 0.00 0.00 0.00 0.00 0.00 0.00 0.00 0.00 0.00 0.00 0.00
0.00 0.00 0.00 0.00 0.00 0.00 0.00 0.00 0.00 0.00 0.00 0.00 0.00 0.00 0.00 0.00 0.00 0.00 0.00 0.00 0.00 0.00 0.00 0.00 0.00 0.00 0.00 0.00 0.00 0.00 0.00 0.00 0.00 0.00 0.00 0.00 0.00 0.00 0.00 0.00 0.00 0.00 0.00 0.00 0.00 0.00 0.00 0.00 0.00 0.00
0.00 0.00 0.00 0.00 0.00 0.00 0.00 0.00 0.00 0.00 0.00 0.00 0.00 0.00 0.00 0.00 0.00 0.00 0.00 0.00 0.00 0.00 0.00 0.00 0.00 0.00 0.00 0.00 0.00 0.00 0.00 0.00 0.00 0.00 0.00 0.00 0.00 0.00 0.00 0.00 0.00 0.00 0.00 0.00 0.00 0.00 0.00 0.00 0.00 0.00
0.00 0.00 0.00 0.00 0.00 0.00 0.00 0.00 0.00 0.00 0.00 0.00 0.00 0.00 0.00 0.00 0.00 0.00 0.00 0.00 0.00 0.00 0.00 0.00 0.00 0.00 0.00 0.00 0.00 0.00 0.00 0.00 0.00 0.00 0.00 0.00 0.00 0.00 0.00 0.00 0.00 0.00 0.00 0.00 0.00 0.00 0.00 0.00 0.00 0.00
0.00 0.00 0.00 0.00 0.00 0.00 0.00 0.00 0.00 0.00 -427.84 -541.95 -247.96 -544.27 -325.14 -21.13 434.62 688.99 79.71 4.99 -713.87 -760.12 -348.10 -927.25 -394.91 -53.00 993.12 742.76 61.07 -6.16 -1002.36 -1025.08 -405.30 -1060.43 -725.47 -109.74 1007.97 721.71 39.30 -56.96 -1110.76 -1200.00 -454.19 -1138.97 -829.95 -150.95 1007.84 718.66 7.05 -78.43
0.00 0.00 0.00 0.00 0.00 0.00 0.00 0.00 0.00 0.00 -427.84 -541.95 -247.96 -544.27 -325.14 -21.13 434.62 688.99 79.71 4.99 -713.87 -760.12 -348.10 -927.25 -394.91 -53.00 993.12 742.76 61.07 -6.16 -1002.36 -1025.08 -405.30 -1060.43 -725.47 -109.74 1007.97 721.71 39.30 -56.96 -1110.76 -1200.00 -454.19 -1138.97 -829.95 -150.95 1007.84 718.66 7.05 -78.43
0.00 0.00 0.00 0.00 0.00 0.00 0.00 0.00 0.00 0.00 -433.49 -548.88 -249.28 -552.99 -326.65 -27.83 336.44 631.22 75.71 10.00 -674.18 -745.68 -339.79 -897.01 -372.54 -73.39 922.12 756.73 62.77 -5.60 -977.95 -997.02 -403.10 -1045.80 -700.39 -137.46 1007.76 728.44 21.95 -62.10 -1103.16 -1189.52 -458.62 -1136.69 -822.51 -161.16 1007.80 720.38 -8.33 -82.39
0.00 0.00 0.00 0.00 0.00 0.00 0.00 0.00 0.00 0.00 -433.49 -548.88 -249.28 -552.99 -326.65 -27.83 336.44 631.22 75.71 10.00 -674.18 -745.68 -339.79 -897.01 -372.54 -73.39 922.12 756.73 62.77 -5.60 -977.95 -997.02 -403.10 -1045.80 -700.39 -137.46 1007.76 728.44 21.95 -62.10 -1103.16 -1189.52 -458.62 -1136.69 -822.51 -161.16 1007.80 720.38 -8.33 -82.39
0.00 0.00 0.00 0.00 0.00 0.00 0.00 0.00 0.00 0.00 -417.76 -527.91 -240.92 -524.08 -321.57 -20.01 320.14 659.71 77.17 12.73 -633.04 -730.51 -333.93 -875.43 -359.09 -72.16 430.62 752.74 67.10 -12.98 -952.82 -963.75 -397.96 -1033.61 -673.09 -129.45 948.91 720.08 43.04 -71.00 -1086.20 -1162.99 -453.13 -1124.12 -807.66 -144.51 1007.79 718.30 9.11 -82.84
0.00 0.00 0.00 0.00 0.00 0.00 0.00 0.00 0.00 0.00 -418.58 -529.53 -240.59 -526.26 -322.02 -18.22 255.02 577.17 76.34 11.22 -661.60 -741.55 -340.13 -885.54 -366.33 -51.49 577.11 698.06 64.07 -18.80 -962.53 -976.21 -399.85 -1042.47 -681.99 -92.68 726.12 719.88 27.97 -80.55 -1087.63 -1160.44 -445.10 -1126.42 -808.78 -129.82 969.39 718.68 -4.26 -86.46
0.00 0.00 0.00 0.00 0.00 0.00 0.00 0.00 0.00 0.00 -418.58 -529.53 -240.59 -526.26 -322.02 -18.22 255.02 577.17 76.34 11.22 -661.60 -741.55 -340.13 -885.54 -366.33 -51.49 577.11 698.06 64.07 -18.80 -962.53 -976.21 -399.85 -1042.47 -681.99 -92.68 726.12 719.88 27.97 -80.55 -1087.63 -1160.44 -445.10 -1126.42 -808.78 -129.82 969.39 718.68 -4.26 -86.46
0.00 0.00 0.00 0.00 0.00 0.00 0.00 0.00 0.00 0.00 -418.58 -529.53 -240.59 -526.26 -322.02 -18.22 255.02 577.17 76.34 11.22 -661.60 -741.55 -340.13 -885.54 -366.33 -51.49 577.11 698.06 64.07 -18.80 -962.53 -976.21 -399.85 -1042.47 -681.99 -92.68 726.12 719.88 27.97 -80.55 -1087.63 -1160.44 -445.10 -1126.42 -808.78 -129.82 969.39 718.68 -4.26 -86.46
0.00 0.00 0.00 0.00 0.00 0.00 0.00 0.00 0.00 0.00 -418.58 -529.53 -240.59 -526.26 -322.02 -18.22 255.02 577.17 76.34 11.22 -661.60 -741.55 -340.13 -885.54 -366.33 -51.49 577.11 698.06 64.07 -18.80 -962.53 -976.21 -399.85 -1042.47 -681.99 -92.68 726.12 719.88 27.97 -80.55 -1087.63 -1160.44 -445.10 -1126.42 -808.78 -129.82 969.39 718.68 -4.26 -86.46
0.00 0.00 0.00 0.00 0.00 0.00 0.00 0.00 0.00 0.00 -418.58 -529.53 -240.59 -526.26 -322.02 -18.22 255.02 577.17 76.34 11.22 -661.60 -741.55 -340.13 -885.54 -366.33 -51.49 577.11 698.06 64.07 -18.80 -962.53 -976.21 -399.85 -1042.47 -681.99 -92.68 726.12 719.88 27.97 -80.55 -1087.63 -1160.44 -445.10 -1126.42 -808.78 -129.82 969.39 718.68 -4.26 -86.46
0.00 0.00 0.00 0.00 0.00 0.00 0.00 0.00 0.00 0.00 -418.58 -529.53 -240.59 -526.26 -322.02 -18.22 255.02 577.17 76.34 11.22 -661.60 -741.55 -340.13 -885.54 -366.33 -51.49 577.11 698.06 64.07 -18.80 -962.53 -976.21 -399.85 -1042.47 -681.99 -92.68 726.12 719.88 27.97 -80.55 -1087.63 -1160.44 -445.10 -1126.42 -808.78 -129.82 969.39 718.68 -4.26 -86.46
0.00 0.00 0.00 0.00 0.00 0.00 0.00 0.00 0.00 0.00 -418.58 -529.53 -240.59 -526.26 -322.02 -18.22 255.02 577.17 76.34 11.22 -661.60 -741.55 -340.13 -885.54 -366.33 -51.49 577.11 698.06 64.07 -18.80 -962.53 -976.21 -399.85 -1042.47 -681.99 -92.68 726.12 719.88 27.97 -80.55 -1087.63 -1160.44 -445.10 -1126.42 -808.78 -129.82 969.39 718.68 -4.26 -86.46
0.00 0.00 0.00 0.00 0.00 0.00 0.00 0.00 0.00 0.00 -418.58 -529.53 -240.59 -526.26 -322.02 -18.22 255.02 577.17 76.34 11.22 -661.60 -741.55 -340.13 -885.54 -366.33 -51.49 577.11 698.06 64.07 -18.80 -962.53 -976.21 -399.85 -1042.47 -681.99 -92.68 726.12 719.88 27.97 -80.55 -1087.63 -1160.44 -445.10 -1126.42 -808.78 -129.82 969.39 718.68 -4.26 -86.46
0.00 0.00 0.00 0.00 0.00 0.00 0.00 0.00 0.00 0.00 -418.58 -529.53 -240.59 -526.26 -322.02 -18.22 255.02 577.17 76.34 11.22 -661.60 -741.55 -340.13 -885.54 -366.33 -51.49 577.11 698.06 64.07 -18.80 -962.53 -976.21 -399.85 -1042.47 -681.99 -92.68 726.12 719.88 27.97 -80.55 -1087.63 -1160.44 -445.10 -1126.42 -808.78 -129.82 969.39 718.68 -4.26 -86.46
0.00 0.00 0.00 0.00 0.00 0.00 0.00 0.00 0.00 0.00 -418.58 -529.53 -240.59 -526.26 -322.02 -18.22 255.02 577.17 76.34 11.22 -661.60 -741.55 -340.13 -885.54 -366.33 -51.49 577.11 698.06 64.07 -18.80 -962.53 -976.21 -399.85 -1042.47 -681.99 -92.68 726.12 719.88 27.97 -80.55 -1087.63 -1160.44 -445.10 -1126.42 -808.78 -129.82 969.39 718.68 -4.26 -86.46
0.00 0.00 0.00 0.00 0.00 0.00 0.00 0.00 0.00 0.00 -418.58 -529.53 -240.59 -526.26 -322.02 -18.22 255.02 577.17 76.34 11.22 -661.60 -741.55 -340.13 -885.54 -366.33 -51.49 577.11 698.06 64.07 -18.80 -962.53 -976.21 -399.85 -1042.47 -681.99 -92.68 726.12 719.88 27.97 -80.55 -1087.63 -1160.44 -445.10 -1126.42 -808.78 -129.82 969.39 718.68 -4.26 -86.46
0.00 0.00 0.00 0.00 0.00 0.00 0.00 0.00 0.00 0.00 -418.58 -529.53 -240.59 -526.26 -322.02 -18.22 255.02 577.17 76.34 11.22 -661.60 -741.55 -340.13 -885.54 -366.33 -51.49 577.11 698.06 64.07 -18.80 -962.53 -976.21 -399.85 -1042.47 -681.99 -92.68 726.12 719.88 27.97 -80.55 -1087.63 -1160.44 -445.10 -1126.42 -808.78 -129.82 969.39 718.68 -4.26 -86.46
0.00 0.00 0.00 0.00 0.00 0.00 0.00 0.00 0.00 0.00 -418.58 -529.53 -240.59 -526.26 -322.02 -18.22 255.02 577.17 76.34 11.22 -661.60 -741.55 -340.13 -885.54 -366.33 -51.49 577.11 698.06 64.07 -18.80 -962.53 -976.21 -399.85 -1042.47 -681.99 -92.68 726.12 719.88 27.97 -80.55 -1087.63 -1160.44 -445.10 -1126.42 -808.78 -129.82 969.39 718.68 -4.26 -86.46
0.00 0.00 0.00 0.00 0.00 0.00 0.00 0.00 0.00 0.00 -418.58 -529.53 -240.59 -526.26 -322.02 -18.22 255.02 577.17 76.34 11.22 -661.60 -741.55 -340.13 -885.54 -366.33 -51.49 577.11 698.06 64.07 -18.80 -962.53 -976.21 -399.85 -1042.47 -681.99 -92.68 726.12 719.88 27.97 -80.55 -1087.63 -1160.44 -445.10 -1126.42 -808.78 -129.82 969.39 718.68 -4.26 -86.46
0.00 0.00 0.00 0.00 0.00 0.00 0.00 0.00 0.00 0.00 -418.58 -529.53 -240.59 -526.26 -322.02 -18.22 255.02 577.17 76.34 11.22 -661.60 -741.55 -340.13 -885.54 -366.33 -51.49 577.11 698.06 64.07 -18.80 -962.53 -976.21 -399.85 -1042.47 -681.99 -92.68 726.12 719.88 27.97 -80.55 -1087.63 -1160.44 -445.10 -1126.42 -808.78 -129.82 969.39 718.68 -4.26 -86.46
0.00 0.00 0.00 0.00 0.00 0.00 0.00 0.00 0.00 0.00 -418.58 -529.53 -240.59 -526.26 -322.02 -18.22 255.02 577.17 76.34 11.22 -661.60 -741.55 -340.13 -885.54 -366.33 -51.49 577.11 698.06 64.07 -18.80 -962.53 -976.21 -399.85 -1042.47 -681.99 -92.68 726.12 719.88 27.97 -80.55 -1087.63 -1160.44 -445.10 -1126.42 -808.78 -129.82 969.39 718.68 -4.26 -86.46
0.00 0.00 0.00 0.00 0.00 0.00 0.00 0.00 0.00 0.00 -418.58 -529.53 -240.59 -526.26 -322.02 -18.22 255.02 577.17 76.34 11.22 -661.60 -741.55 -340.13 -885.54 -366.33 -51.49 577.11 698.06 64.07 -18.80 -962.53 -976.21 -399.85 -1042.47 -681.99 -92.68 726.12 719.88 27.97 -80.55 -1087.63 -1160.44 -445.10 -1126.42 -808.78 -129.82 969.39 718.68 -4.26 -86.46
0.00 0.00 0.00 0.00 0.00 0.00 0.00 0.00 0.00 0.00 -418.58 -529.53 -240.59 -526.26 -322.02 -18.22 255.02 577.17 76.34 11.22 -661.60 -741.55 -340.13 -885.54 -366.33 -51.49 577.11 698.06 64.07 -18.80 -962.53 -976.21 -399.85 -1042.47 -681.99 -92.68 726.12 719.88 27.97 -80.55 -1087.63 -1160.44 -445.10 -1126.42 -808.78 -129.82 969.39 718.68 -4.26 -86.46
0.00 0.00 0.00 0.00 0.00 0.00 0.00 0.00 0.00 0.00 -418.58 -529.53 -240.59 -526.26 -322.02 -18.22 255.02 577.17 76.34 11.22 -661.60 -741.55 -340.13 -885.54 -366.33 -51.49 577.11 698.06 64.07 -18.80 -962.53 -976.21 -399.85 -1042.47 -681.99 -92.68 726.12 719.88 27.97 -80.55 -1087.63 -1160.44 -445.10 -1126.42 -808.78 -129.82 969.39 718.68 -4.26 -86.46
0.00 0.00 0.00 0.00 0.00 0.00 0.00 0.00 0.00 0.00 -418.58 -529.53 -240.59 -526.26 -322.02 -18.22 255.02 577.17 76.34 11.22 -661.60 -741.55 -340.13 -885.54 -366.33 -51.49 577.11 698.06 64.07 -18.80 -962.53 -976.21 -399.85 -1042.47 -681.99 -92.68 726.12 719.88 27.97 -80.55 -1087.63 -1160.44 -445.10 -1126.42 -808.78 -129.82 969.39 718.68 -4.26 -86.46
0.00 0.00 0.00 0.00 0.00 0.00 0.00 0.00 0.00 0.00 -418.58 -529.53 -240.59 -526.26 -322.02 -18.22 255.02 577.17 76.34 11.22 -661.60 -741.55 -340.13 -885.54 -366.33 -51.49 577.11 698.06 64.07 -18.80 -962.53 -976.21 -399.85 -1042.47 -681.99 -92.68 726.12 719.88 27.97 -80.55 -1087.63 -1160.44 -445.10 -1126.42 -808.78 -129.82 969.39 718.68 -4.26 -86.46
0.00 0.00 0.00 0.00 0.00 0.00 0.00 0.00 0.00 0.00 -418.58 -529.53 -240.59 -526.26 -322.02 -18.22 255.02 577.17 76.34 11.22 -661.60 -741.55 -340.13 -885.54 -366.33 -51.49 577.11 698.06 64.07 -18.80 -962.53 -976.21 -399.85 -1042.47 -681.99 -92.68 726.12 719.88 27.97 -80.55 -1087.63 -1160.44 -445.10 -1126.42 -808.78 -129.82 969.39 718.68 -4.26 -86.46
0.00 0.00 0.00 0.00 0.00 0.00 0.00 0.00 0.00 0.00 -418.58 -529.53 -240.59 -526.26 -322.02 -18.22 255.02 577.17 76.34 11.22 -661.60 -741.55 -340.13 -885.54 -366.33 -51.49 577.11 698.06 64.07 -18.80 -962.53 -976.21 -399.85 -1042.47 -681.99 -92.68 726.12 719.88 27.97 -80.55 -1087.63 -1160.44 -445.10 -1126.42 -808.78 -129.82 969.39 718.68 -4.26 -86.46
0.00 0.00 0.00 0.00 0.00 0.00 0.00 0.00 0.00 0.00 -418.58 -529.53 -240.59 -526.26 -322.02 -18.22 255.02 577.17 76.34 11.22 -661.60 -741.55 -340.13 -885.54 -366.33 -51.49 577.11 698.06 64.07 -18.80 -962.53 -976.21 -399.85 -1042.47 -681.99 -92.68 726.12 719.88 27.97 -80.55 -1087.63 -1160.44 -445.10 -1126.42 -808.78 -129.82 969.39 718.68 -4.26 -86.46
0.00 0.00 0.00 0.00 0.00 0.00 0.00 0.00 0.00 0.00 -418.58 -529.53 -240.59 -526.26 -322.02 -18.22 255.02 577.17 76.34 11.22 -661.60 -741.55 -340.13 -885.54 -366.33 -51.49 577.11 698.06 64.07 -18.80 -962.53 -976.21 -399.85 -1042.47 -681.99 -92.68 726.12 719.88 27.97 -80.55 -1087.63 -1160.44 -445.10 -1126.42 -808.78 -129.82 969.39 718.68 -4.26 -86.46
0.00 0.00 0.00 0.00 0.00 0.00 0.00 0.00 0.00 0.00 -418.58 -529.53 -240.59 -526.26 -322.02 -18.22 255.02 577.17 76.34 11.22 -661.60 -741.55 -340.13 -885.54 -366.33 -51.49 577.11 698.06 64.07 -18.80 -962.53 -976.21 -399.85 -1042.47 -681.99 -92.68 726.12 719.88 27.97 -80.55 -1087.63 -1160.44 -445.10 -1126.42 -808.78 -129.82 969.39 718.68 -4.26 -86.46
0.00 0.00 0.00 0.00 0.00 0.00 0.00 0.00 0.00 0.00 -418.58 -529.53 -240.59 -526.26 -322.02 -18.22 255.02 577.17 76.34 11.22 -661.60 -741.55 -340.13 -885.54 -366.33 -51.49 577.11 698.06 64.07 -18.80 -962.53 -976.21 -399.85 -1042.47 -681.99 -92.68 726.12 719.88 27.97 -80.55 -1087.63 -1160.44 -445.10 -1126.42 -808.78 -129.82 969.39 718.68 -4.26 -86.46
0.00 0.00 0.00 0.00 0.00 0.00 0.00 0.00 0.00 0.00 -418.58 -529.53 -240.59 -526.26 -322.02 -18.22 255.02 577.17 76.34 11.22 -661.60 -741.55 -340.13 -885.54 -366.33 -51.49 577.11 698.06 64.07 -18.80 -962.53 -976.21 -399.85 -1042.47 -681.99 -92.68 726.12 719.88 27.97 -80.55 -1087.63 -1160.44 -445.10 -1126.42 -808.78 -129.82 969.39 718.68 -4.26 -86.46
0.00 0.00 0.00 0.00 0.00 0.00 0.00 0.00 0.00 0.00 -418.58 -529.53 -240.59 -526.26 -322.02 -18.22 255.02 577.17 76.34 11.22 -661.60 -741.55 -340.13 -885.54 -366.33 -51.49 577.11 698.06 64.07 -18.80 -962.53 -976.21 -399.85 -1042.47 -681.99 -92.68 726.12 719.88 27.97 -80.55 -1087.63 -1160.44 -445.10 -1126.42 -808.78 -129.82 969.39 718.68 -4.26 -86.46
0.00 0.00 0.00 0.00 0.00 0.00 0.00 0.00 0.00 0.00 -418.58 -529.53 -240.59 -526.26 -322.02 -18.22 255.02 577.17 76.34 11.22 -661.60 -741.55 -340.13 -885.54 -366.33 -51.49 577.11 698.06 64.07 -18.80 -962.53 -976.21 -399.85 -1042.47 -681.99 -92.68 726.12 719.88 27.97 -80.55 -1087.63 -1160.44 -445.10 -1126.42 -808.78 -129.82 969.39 718.68 -4.26 -86.46
0.00 0.00 0.00 0.00 0.00 0.00 0.00 0.00 0.00 0.00 -418.58 -529.53 -240.59 -526.26 -322.02 -18.22 255.02 577.17 76.34 11.22 -661.60 -741.55 -340.13 -885.54 -366.33 -51.49 577.11 698.06 64.07 -18.80 -962.53 -976.21 -399.85 -1042.47 -681.99 -92.68 726.12 719.88 27.97 -80.55 -1087.63 -1160.44 -445.10 -1126.42 -808.78 -129.82 969.39 718.68 -4.26 -86.46
0.00 0.00 0.00 0.00 0.00 0.00 0.00 0.00 0.00 0.00 -418.58 -529.53 -240.59 -526.26 -322.02 -18.22 255.02 577.17 76.34 11.22 -661.60 -741.55 -340.13 -885.54 -366.33 -51.49 577.11 698.06 64.07 -18.80 -962.53 -976.21 -399.85 -1042.47 -681.99 -92.68 726.12 719.88 27.97 -80.55 -1087.63 -1160.44 -445.10 -1126.42 -808.78 -129.82 969.39 718.68 -4.26 -86.46
0.00 0.00 0.00 0.00 0.00 0.00 0.00 0.00 0.00 0.00 -418.58 -529.53 -240.59 -526.26 -322.02 -18.22 255.02 577.17 76.34 11.22 -661.60 -741.55 -340.13 -885.54 -366.33 -51.49 577.11 698.06 64.07 -18.80 -962.53 -976.21 -399.85 -1042.47 -681.99 -92.68 726.12 719.88 27.97 -80.55 -1087.63 -1160.44 -445.10 -1126.42 -808.78 -129.82 969.39 718.68 -4.26 -86.46
0.00 0.00 0.00 0.00 0.00 0.00 0.00 0.00 0.00 0.00 -418.58 -529.53 -240.59 -526.26 -322.02 -18.22 255.02 577.17 76.34 11.22 -661.60 -741.55 -340.13 -885.54 -366.33 -51.49 577.11 698.06 64.07 -18.80 -962.53 -976.21 -399.85 -1042.47 -681.99 -92.68 726.12 719.88 27.97 -80.55 -1087.63 -1160.44 -445.10 -1126.42 -808.78 -129.82 969.39 718.68 -4.26 -86.46
0.00 0.00 0.00 0.00 0.00 0.00 0.00 0.00 0.00 0.00 -418.58 -529.53 -240.59 -526.26 -322.02 -18.22 255.02 577.17 76.34 11.22 -661.60 -741.55 -340.13 -885.54 -366.33 -51.49 577.11 698.06 64.07 -18.80 -962.53 -976.21 -399.85 -1042.47 -681.99 -92.68 726.12 719.88 27.97 -80.55 -1087.63 -1160.44 -445.10 -1126.42 -808.78 -129.82 969.39 718.68 -4.26 -86.46
0.00 0.00 0.00 0.00 0.00 0.00 0.00 0.00 0.00 0.00 -418.58 -529.53 -240.59 -526.26 -322.02 -18.22 255.02 577.17 76.34 11.22 -661.60 -741.55 -340.13 -885.54 -366.33 -51.49 577.11 698.06 64.07 -18.80 -962.53 -976.21 -399.85 -1042.47 -681.99 -92.68 726.12 719.88 27.97 -80.55 -1087.63 -1160.44 -445.10 -1126.42 -808.78 -129.82 969.39 718.68 -4.26 -86.46
0.00 0.00 0.00 0.00 0.00 0.00 0.00 0.00 0.00 0.00 -418.58 -529.53 -240.59 -526.26 -322.02 -18.22 255.02 577.17 76.34 11.22 -661.60 -741.55 -340.13 -885.54 -366.33 -51.49 577.11 698.06 64.07 -18.80 -962.53 -976.21 -399.85 -1042.47 -681.99 -92.68 726.12 719.88 27.97 -80.55 -1087.63 -1160.44 -445.10 -1126.42 -808.78 -129.82 969.39 718.68 -4.26 -86.46
0.00 0.00 0.00 0.00 0.00 0.00 0.00 0.00 0.00 0.00 -418.58 -529.53 -240.59 -526.26 -322.02 -18.22 255.02 577.17 76.34 11.22 -661.60 -741.55 -340.13 -885.54 -366.33 -51.49 577.11 698.06 64.07 -18.80 -962.53 -976.21 -399.85 -1042.47 -681.99 -92.68 726.12 719.88 27.97 -80.55 -1087.63 -1160.44 -445.10 -1126.42 -808.78 -129.82 969.39 718.68 -4.26 -86.46
0.00 0.00 0.00 0.00 0.00 0.00 0.00 0.00 0.00 0.00 -418.58 -529.53 -240.59 -526.26 -322.02 -18.22 255.02 577.17 76.34 11.22 -661.60 -741.55 -340.13 -885.54 -366.33 -51.49 577.11 698.06 64.07 -18.80 -962.53 -976.21 -399.85 -1042.47 -681.99 -92.68 726.12 719.88 27.97 -80.55 -1087.63 -1160.44 -445.10 -1126.42 -808.78 -129.82 969.39 718.68 -4.26 -86.46
0.00 0.00 0.00 0.00 0.00 0.00 0.00 0.00 0.00 0.00 -418.58 -529.53 -240.59 -526.26 -322.02 -18.22 255.02 577.17 76.34 11.22 -661.60 -741.55 -340.13 -885.54 -366.33 -51.49 577.11 698.06 64.07 -18.80 -962.53 -976.21 -399.85 -1042.47 -681.99 -92.68 726.12 719.88 27.97 -80.55 -1087.63 -1160.44 -445.10 -1126.42 -808.78 -129.82 969.39 718.68 -4.26 -86.46
0.00 0.00 0.00 0.00 0.00 0.00 0.00 0.00 0.00 0.00 -418.58 -529.53 -240.59 -526.26 -322.02 -18.22 255.02 577.17 76.34 11.22 -661.60 -741.55 -340.13 -885.54 -366.33 -51.49 577.11 698.06 64.07 -18.80 -962.53 -976.21 -399.85 -1042.47 -681.99 -92.68 726.12 719.88 27.97 -80.55 -1087.63 -1160.44 -445.10 -1126.42 -808.78 -129.82 969.39 718.68 -4.26 -86.46
0.00 0.00 0.00 0.00 0.00 0.00 0.00 0.00 0.00 0.00 -418.58 -529.53 -240.59 -526.26 -322.02 -18.22 255.02 577.17 76.34 11.22 -661.60 -741.55 -340.13 -885.54 -366.33 -51.49 577.11 698.06 64.07 -18.80 -962.53 -976.21 -399.85 -1042.47 -681.99 -92.68 726.12 719.88 27.97 -80.55 -1087.63 -1160.44 -445.10 -1126.42 -808.78 -129.82 969.39 718.68 -4.26 -86.46
0.00 0.00 0.00 0.00 0.00 0.00 0.00 0.00 0.00 0.00 -418.58 -529.53 -240.59 -526.26 -322.02 -18.22 255.02 577.17 76.34 11.22 -661.60 -741.55 -340.13 -885.54 -366.33 -51.49 577.11 698.06 64.07 -18.80 -962.53 -976.21 -399.85 -1042.47 -681.99 -92.68 726.12 719.88 27.97 -80.55 -1087.63 -1160.44 -445.10 -1126.42 -808.78 -129.82 969.39 718.68 -4.26 -86.46
0.00 0.00 0.00 0.00 0.00 0.00 0.00 0.00 0.00 0.00 -418.58 -529.53 -240.59 -526.26 -322.02 -18.22 255.02 577.17 76.34 11.22 -661.60 -741.55 -340.13 -885.54 -366.33 -51.49 577.11 698.06 64.07 -18.80 -962.53 -976.21 -399.85 -1042.47 -681.99 -92.68 726.12 719.88 27.97 -80.55 -1087.63 -1160.44 -445.10 -1126.42 -808.78 -129.82 969.39 718.68 -4.26 -86.46
0.00 0.00 0.00 0.00 0.00 0.00 0.00 0.00 0.00 0.00 -393.17 -505.31 -231.37 -497.66 -315.68 -25.89 331.14 637.61 69.29 10.16 -606.19 -719.55 -328.01 -862.82 -355.65 -72.44 800.43 754.10 67.78 -6.68 -930.26 -925.09 -391.23 -1030.05 -633.62 -113.35 946.76 721.35 44.68 -42.08 -1068.43 -1121.83 -438.94 -1112.21 -789.42 -148.62 998.58 718.90 8.80 -70.44
0.00 0.00 0.00 0.00 0.00 0.00 0.00 0.00 0.00 0.00 -393.17 -505.31 -231.37 -497.66 -315.68 -25.89 331.14 637.61 69.29 10.16 -606.19 -719.55 -328.01 -862.82 -355.65 -72.44 800.43 754.10 67.78 -6.68 -930.26 -925.09 -391.23 -1030.05 -633.62 -113.35 946.76 721.35 44.68 -42.08 -1068.43 -1121.83 -438.94 -1112.21 -789.42 -148.62 998.58 718.90 8.80 -70.44
0.00 0.00 0.00 0.00 0.00 0.00 0.00 0.00 0.00 0.00 -393.17 -505.31 -231.37 -497.66 -315.68 -25.89 331.14 637.61 69.29 10.16 -606.19 -719.55 -328.01 -862.82 -355.65 -72.44 800.43 754.10 67.78 -6.68 -930.26 -925.09 -391.23 -1030.05 -633.62 -113.35 946.76 721.35 44.68 -42.08 -1068.43 -1121.83 -438.94 -1112.21 -789.42 -148.62 998.58 718.90 8.80 -70.44
0.00 0.00 0.00 0.00 0.00 0.00 0.00 0.00 0.00 0.00 -393.17 -505.31 -231.37 -497.66 -315.68 -25.89 331.14 637.61 69.29 10.16 -606.19 -719.55 -328.01 -862.82 -355.65 -72.44 800.43 754.10 67.78 -6.68 -930.26 -925.09 -391.23 -1030.05 -633.62 -113.35 946.76 721.35 44.68 -42.08 -1068.43 -1121.83 -438.94 -1112.21 -789.42 -148.62 998.58 718.90 8.80 -70.44
0.00 0.00 0.00 0.00 0.00 0.00 0.00 0.00 0.00 0.00 -393.17 -505.31 -231.37 -497.66 -315.68 -25.89 331.14 637.61 69.29 10.16 -606.19 -719.55 -328.01 -862.82 -355.65 -72.44 800.43 754.10 67.78 -6.68 -930.26 -925.09 -391.23 -1030.05 -633.62 -113.35 946.76 721.35 44.68 -42.08 -1068.43 -1121.83 -438.94 -1112.21 -789.42 -148.62 998.58 718.90 8.80 -70.44
0.00 0.00 0.00 0.00 0.00 0.00 0.00 0.00 0.00 0.00 -393.17 -505.31 -231.37 -497.66 -315.68 -25.89 331.14 637.61 69.29 10.16 -606.19 -719.55 -328.01 -862.82 -355.65 -72.44 800.43 754.10 67.78 -6.68 -930.26 -925.09 -391.23 -1030.05 -633.62 -113.35 946.76 721.35 44.68 -42.08 -1068.43 -1121.83 -438.94 -1112.21 -789.42 -148.62 998.58 718.90 8.80 -70.44
0.00 0.00 0.00 0.00 0.00 0.00 0.00 0.00 0.00 0.00 -393.17 -505.31 -231.37 -497.66 -315.68 -25.89 331.14 637.61 69.29 10.16 -606.19 -719.55 -328.01 -862.82 -355.65 -72.44 800.43 754.10 67.78 -6.68 -930.26 -925.09 -391.23 -1030.05 -633.62 -113.35 946.76 721.35 44.68 -42.08 -1068.43 -1121.83 -438.94 -1112.21 -789.42 -148.62 998.58 718.90 8.80 -70.44
0.00 0.00 0.00 0.00 0.00 0.00 0.00 0.00 0.00 0.00 -393.17 -505.31 -231.37 -497.66 -315.68 -25.89 331.14 637.61 69.29 10.16 -606.19 -719.55 -328.01 -862.82 -355.65 -72.44 800.43 754.10 67.78 -6.68 -930.26 -925.09 -391.23 -1030.05 -633.62 -113.35 946.76 721.35 44.68 -42.08 -1068.43 -1121.83 -438.94 -1112.21 -789.42 -148.62 998.58 718.90 8.80 -70.44
0.00 0.00 0.00 0.00 0.00 0.00 0.00 0.00 0.00 0.00 -393.17 -505.31 -231.37 -497.66 -315.68 -25.89 331.14 637.61 69.29 10.16 -606.19 -719.55 -328.01 -862.82 -355.65 -72.44 800.43 754.10 67.78 -6.68 -930.26 -925.09 -391.23 -1030.05 -633.62 -113.35 946.76 721.35 44.68 -42.08 -1068.43 -1121.83 -438.94 -1112.21 -789.42 -148.62 998.58 718.90 8.80 -70.44
0.00 0.00 0.00 0.00 0.00 0.00 0.00 0.00 0.00 0.00 -393.17 -505.31 -231.37 -497.66 -315.68 -25.89 331.14 637.61 69.29 10.16 -606.19 -719.55 -328.01 -862.82 -355.65 -72.44 800.43 754.10 67.78 -6.68 -930.26 -925.09 -391.23 -1030.05 -633.62 -113.35 946.76 721.35 44.68 -42.08 -1068.43 -1121.83 -438.94 -1112.21 -789.42 -148.62 998.58 718.90 8.80 -70.44
0.00 0.00 0.00 0.00 0.00 0.00 0.00 0.00 0.00 0.00 -393.17 -505.31 -231.37 -497.66 -315.68 -25.89 331.14 637.61 69.29 10.16 -606.19 -719.55 -328.01 -862.82 -355.65 -72.44 800.43 754.10 67.78 -6.68 -930.26 -925.09 -391.23 -1030.05 -633.62 -113.35 946.76 721.35 44.68 -42.08 -1068.43 -1121.83 -438.94 -1112.21 -789.42 -148.62 998.58 718.90 8.80 -70.44
0.00 0.00 0.00 0.00 0.00 0.00 0.00 0.00 0.00 0.00 -393.17 -505.31 -231.37 -497.66 -315.68 -25.89 331.14 637.61 69.29 10.16 -606.19 -719.55 -328.01 -862.82 -355.65 -72.44 800.43 754.10 67.78 -6.68 -930.26 -925.09 -391.23 -1030.05 -633.62 -113.35 946.76 721.35 44.68 -42.08 -1068.43 -1121.83 -438.94 -1112.21 -789.42 -148.62 998.58 718.90 8.80 -70.44
0.00 0.00 0.00 0.00 0.00 0.00 0.00 0.00 0.00 0.00 -393.17 -505.31 -231.37 -497.66 -315.68 -25.89 331.14 637.61 69.29 10.16 -606.19 -719.55 -328.01 -862.82 -355.65 -72.44 800.43 754.10 67.78 -6.68 -930.26 -925.09 -391.23 -1030.05 -633.62 -113.35 946.76 721.35 44.68 -42.08 -1068.43 -1121.83 -438.94 -1112.21 -789.42 -148.62 998.58 718.90 8.80 -70.44
0.00 0.00 0.00 0.00 0.00 0.00 0.00 0.00 0.00 0.00 -393.17 -505.31 -231.37 -497.66 -315.68 -25.89 331.14 637.61 69.29 10.16 -606.19 -719.55 -328.01 -862.82 -355.65 -72.44 800.43 754.10 67.78 -6.68 -930.26 -925.09 -391.23 -1030.05 -633.62 -113.35 946.76 721.35 44.68 -42.08 -1068.43 -1121.83 -438.94 -1112.21 -789.42 -148.62 998.58 718.90 8.80 -70.44
0.00 0.00 0.00 0.00 0.00 0.00 0.00 0.00 0.00 0.00 -393.17 -505.31 -231.37 -497.66 -315.68 -25.89 331.14 637.61 69.29 10.16 -606.19 -719.55 -328.01 -862.82 -355.65 -72.44 800.43 754.10 67.78 -6.68 -930.26 -925.09 -391.23 -1030.05 -633.62 -113.35 946.76 721.35 44.68 -42.08 -1068.43 -1121.83 -438.94 -1112.21 -789.42 -148.62 998.58 718.90 8.80 -70.44
0.00 0.00 0.00 0.00 0.00 0.00 0.00 0.00 0.00 0.00 -393.17 -505.31 -231.37 -497.66 -315.68 -25.89 331.14 637.61 69.29 10.16 -606.19 -719.55 -328.01 -862.82 -355.65 -72.44 800.43 754.10 67.78 -6.68 -930.26 -925.09 -391.23 -1030.05 -633.62 -113.35 946.76 721.35 44.68 -42.08 -1068.43 -1121.83 -438.94 -1112.21 -789.42 -148.62 998.58 718.90 8.80 -70.44
0.00 0.00 0.00 0.00 0.00 0.00 0.00 0.00 0.00 0.00 -393.17 -505.31 -231.37 -497.66 -315.68 -25.89 331.14 637.61 69.29 10.16 -606.19 -719.55 -328.01 -862.82 -355.65 -72.44 800.43 754.10 67.78 -6.68 -930.26 -925.09 -391.23 -1030.05 -633.62 -113.35 946.76 721.35 44.68 -42.08 -1068.43 -1121.83 -438.94 -1112.21 -789.42 -148.62 998.58 718.90 8.80 -70.44
0.00 0.00 0.00 0.00 0.00 0.00 0.00 0.00 0.00 0.00 -393.17 -505.31 -231.37 -497.66 -315.68 -25.89 331.14 637.61 69.29 10.16 -606.19 -719.55 -328.01 -862.82 -355.65 -72.44 800.43 754.10 67.78 -6.68 -930.26 -925.09 -391.23 -1030.05 -633.62 -113.35 946.76 721.35 44.68 -42.08 -1068.43 -1121.83 -438.94 -1112.21 -789.42 -148.62 998.58 718.90 8.80 -70.44
0.00 0.00 0.00 0.00 0.00 0.00 0.00 0.00 0.00 0.00 -393.17 -505.31 -231.37 -497.66 -315.68 -25.89 331.14 637.61 69.29 10.16 -606.19 -719.55 -328.01 -862.82 -355.65 -72.44 800.43 754.10 67.78 -6.68 -930.26 -925.09 -391.23 -1030.05 -633.62 -113.35 946.76 721.35 44.68 -42.08 -1068.43 -1121.83 -438.94 -1112.21 -789.42 -148.62 998.58 718.90 8.80 -70.44
0.00 0.00 0.00 0.00 0.00 0.00 0.00 0.00 0.00 0.00 -393.17 -505.31 -231.37 -497.66 -315.68 -25.89 331.14 637.61 69.29 10.16 -606.19 -719.55 -328.01 -862.82 -355.65 -72.44 800.43 754.10 67.78 -6.68 -930.26 -925.09 -391.23 -1030.05 -633.62 -113.35 946.76 721.35 44.68 -42.08 -1068.43 -1121.83 -438.94 -1112.21 -789.42 -148.62 998.58 718.90 8.80 -70.44
0.00 0.00 0.00 0.00 0.00 0.00 0.00 0.00 0.00 0.00 -393.17 -505.31 -231.37 -497.66 -315.68 -25.89 331.14 637.61 69.29 10.16 -606.19 -719.55 -328.01 -862.82 -355.65 -72.44 800.43 754.10 67.78 -6.68 -930.26 -925.09 -391.23 -1030.05 -633.62 -113.35 946.76 721.35 44.68 -42.08 -1068.43 -1121.83 -438.94 -1112.21 -789.42 -148.62 998.58 718.90 8.80 -70.44
0.00 0.00 0.00 0.00 0.00 0.00 0.00 0.00 0.00 0.00 -393.17 -505.31 -231.37 -497.66 -315.68 -25.89 331.14 637.61 69.29 10.16 -606.19 -719.55 -328.01 -862.82 -355.65 -72.44 800.43 754.10 67.78 -6.68 -930.26 -925.09 -391.23 -1030.05 -633.62 -113.35 946.76 721.35 44.68 -42.08 -1068.43 -1121.83 -438.94 -1112.21 -789.42 -148.62 998.58 718.90 8.80 -70.44
0.00 0.00 0.00 0.00 0.00 0.00 0.00 0.00 0.00 0.00 -393.17 -505.31 -231.37 -497.66 -315.68 -25.89 331.14 637.61 69.29 10.16 -606.19 -719.55 -328.01 -862.82 -355.65 -72.44 800.43 754.10 67.78 -6.68 -930.26 -925.09 -391.23 -1030.05 -633.62 -113.35 946.76 721.35 44.68 -42.08 -1068.43 -1121.83 -438.94 -1112.21 -789.42 -148.62 998.58 718.90 8.80 -70.44
0.00 0.00 0.00 0.00 0.00 0.00 0.00 0.00 0.00 0.00 -393.17 -505.31 -231.37 -497.66 -315.68 -25.89 331.14 637.61 69.29 10.16 -606.19 -719.55 -328.01 -862.82 -355.65 -72.44 800.43 754.10 67.78 -6.68 -930.26 -925.09 -391.23 -1030.05 -633.62 -113.35 946.76 721.35 44.68 -42.08 -1068.43 -1121.83 -438.94 -1112.21 -789.42 -148.62 998.58 718.90 8.80 -70.44
0.00 0.00 0.00 0.00 0.00 0.00 0.00 0.00 0.00 0.00 -393.17 -505.31 -231.37 -497.66 -315.68 -25.89 331.14 637.61 69.29 10.16 -606.19 -719.55 -328.01 -862.82 -355.65 -72.44 800.43 754.10 67.78 -6.68 -930.26 -925.09 -391.23 -1030.05 -633.62 -113.35 946.76 721.35 44.68 -42.08 -1068.43 -1121.83 -438.94 -1112.21 -789.42 -148.62 998.58 718.90 8.80 -70.44
0.00 0.00 0.00 0.00 0.00 0.00 0.00 0.00 0.00 0.00 -393.17 -505.31 -231.37 -497.66 -315.68 -25.89 331.14 637.61 69.29 10.16 -606.19 -719.55 -328.01 -862.82 -355.65 -72.44 800.43 754.10 67.78 -6.68 -930.26 -925.09 -391.23 -1030.05 -633.62 -113.35 946.76 721.35 44.68 -42.08 -1068.43 -1121.83 -438.94 -1112.21 -789.42 -148.62 998.58 718.90 8.80 -70.44
0.00 0.00 0.00 0.00 0.00 0.00 0.00 0.00 0.00 0.00 -393.17 -505.31 -231.37 -497.66 -315.68 -25.89 331.14 637.61 69.29 10.16 -606.19 -719.55 -328.01 -862.82 -355.65 -72.44 800.43 754.10 67.78 -6.68 -930.26 -925.09 -391.23 -1030.05 -633.62 -113.35 946.76 721.35 44.68 -42.08 -1068.43 -1121.83 -438.94 -1112.21 -789.42 -148.62 998.58 718.90 8.80 -70.44
0.00 0.00 0.00 0.00 0.00 0.00 0.00 0.00 0.00 0.00 -393.17 -505.31 -231.37 -497.66 -315.68 -25.89 331.14 637.61 69.29 10.16 -606.19 -719.55 -328.01 -862.82 -355.65 -72.44 800.43 754.10 67.78 -6.68 -930.26 -925.09 -391.23 -1030.05 -633.62 -113.35 946.76 721.35 44.68 -42.08 -1068.43 -1121.83 -438.94 -1112.21 -789.42 -148.62 998.58 718.90 8.80 -70.44
0.00 0.00 0.00 0.00 0.00 0.00 0.00 0.00 0.00 0.00 -393.17 -505.31 -231.37 -497.66 -315.68 -25.89 331.14 637.61 69.29 10.16 -606.19 -719.55 -328.01 -862.82 -355.65 -72.44 800.43 754.10 67.78 -6.68 -930.26 -925.09 -391.23 -1030.05 -633.62 -113.35 946.76 721.35 44.68 -42.08 -1068.43 -1121.83 -438.94 -1112.21 -789.42 -148.62 998.58 718.90 8.80 -70.44
0.00 0.00 0.00 0.00 0.00 0.00 0.00 0.00 0.00 0.00 -393.17 -505.31 -231.37 -497.66 -315.68 -25.89 331.14 637.61 69.29 10.16 -606.19 -719.55 -328.01 -862.82 -355.65 -72.44 800.43 754.10 67.78 -6.68 -930.26 -925.09 -391.23 -1030.05 -633.62 -113.35 946.76 721.35 44.68 -42.08 -1068.43 -1121.83 -438.94 -1112.21 -789.42 -148.62 998.58 718.90 8.80 -70.44
0.00 0.00 0.00 0.00 0.00 0.00 0.00 0.00 0.00 0.00 -393.17 -505.31 -231.37 -497.66 -315.68 -25.89 331.14 637.61 69.29 10.16 -606.19 -719.55 -328.01 -862.82 -355.65 -72.44 800.43 754.10 67.78 -6.68 -930.26 -925.09 -391.23 -1030.05 -633.62 -113.35 946.76 721.35 44.68 -42.08 -1068.43 -1121.83 -438.94 -1112.21 -789.42 -148.62 998.58 718.90 8.80 -70.44
0.00 0.00 0.00 0.00 0.00 0.00 0.00 0.00 0.00 0.00 -393.17 -505.31 -231.37 -497.66 -315.68 -25.89 331.14 637.61 69.29 10.16 -606.19 -719.55 -328.01 -862.82 -355.65 -72.44 800.43 754.10 67.78 -6.68 -930.26 -925.09 -391.23 -1030.05 -633.62 -113.35 946.76 721.35 44.68 -42.08 -1068.43 -1121.83 -438.94 -1112.21 -789.42 -148.62 998.58 718.90 8.80 -70.44
0.00 0.00 0.00 0.00 0.00 0.00 0.00 0.00 0.00 0.00 -393.17 -505.31 -231.37 -497.66 -315.68 -25.89 331.14 637.61 69.29 10.16 -606.19 -719.55 -328.01 -862.82 -355.65 -72.44 800.43 754.10 67.78 -6.68 -930.26 -925.09 -391.23 -1030.05 -633.62 -113.35 946.76 721.35 44.68 -42.08 -1068.43 -1121.83 -438.94 -1112.21 -789.42 -148.62 998.58 718.90 8.80 -70.44
0.00 0.00 0.00 0.00 0.00 0.00 0.00 0.00 0.00 0.00 -393.17 -505.31 -231.37 -497.66 -315.68 -25.89 331.14 637.61 69.29 10.16 -606.19 -719.55 -328.01 -862.82 -355.65 -72.44 800.43 754.10 67.78 -6.68 -930.26 -925.09 -391.23 -1030.05 -633.62 -113.35 946.76 721.35 44.68 -42.08 -1068.43 -1121.83 -438.94 -1112.21 -789.42 -148.62 998.58 718.90 8.80 -70.44
0.00 0.00 0.00 0.00 0.00 0.00 0.00 0.00 0.00 0.00 -393.17 -505.31 -231.37 -497.66 -315.68 -25.89 331.14 637.61 69.29 10.16 -606.19 -719.55 -328.01 -862.82 -355.65 -72.44 800.43 754.10 67.78 -6.68 -930.26 -925.09 -391.23 -1030.05 -633.62 -113.35 946.76 721.35 44.68 -42.08 -1068.43 -1121.83 -438.94 -1112.21 -789.42 -148.62 998.58 718.90 8.80 -70.44
0.00 0.00 0.00 0.00 0.00 0.00 0.00 0.00 0.00 0.00 -393.17 -505.31 -231.37 -497.66 -315.68 -25.89 331.14 637.61 69.29 10.16 -606.19 -719.55 -328.01 -862.82 -355.65 -72.44 800.43 754.10 67.78 -6.68 -930.26 -925.09 -391.23 -1030.05 -633.62 -113.35 946.76 721.35 44.68 -42.08 -1068.43 -1121.83 -438.94 -1112.21 -789.42 -148.62 998.58 718.90 8.80 -70.44
0.00 0.00 0.00 0.00 0.00 0.00 0.00 0.00 0.00 0.00 -393.17 -505.31 -231.37 -497.66 -315.68 -25.89 331.14 637.61 69.29 10.16 -606.19 -719.55 -328.01 -862.82 -355.65 -72.44 800.43 754.10 67.78 -6.68 -930.26 -925.09 -391.23 -1030.05 -633.62 -113.35 946.76 721.35 44.68 -42.08 -1068.43 -1121.83 -438.94 -1112.21 -789.42 -148.62 998.58 718.90 8.80 -70.44
0.00 0.00 0.00 0.00 0.00 0.00 0.00 0.00 0.00 0.00 -393.17 -505.31 -231.37 -497.66 -315.68 -25.89 331.14 637.61 69.29 10.16 -606.19 -719.55 -328.01 -862.82 -355.65 -72.44 800.43 754.10 67.78 -6.68 -930.26 -925.09 -391.23 -1030.05 -633.62 -113.35 946.76 721.35 44.68 -42.08 -1068.43 -1121.83 -438.94 -1112.21 -789.42 -148.62 998.58 718.90 8.80 -70.44
0.00 0.00 0.00 0.00 0.00 0.00 0.00 0.00 0.00 0.00 -393.17 -505.31 -231.37 -497.66 -315.68 -25.89 331.14 637.61 69.29 10.16 -606.19 -719.55 -328.01 -862.82 -355.65 -72.44 800.43 754.10 67.78 -6.68 -930.26 -925.09 -391.23 -1030.05 -633.62 -113.35 946.76 721.35 44.68 -42.08 -1068.43 -1121.83 -438.94 -1112.21 -789.42 -148.62 998.58 718.90 8.80 -70.44
0.00 0.00 0.00 0.00 0.00 0.00 0.00 0.00 0.00 0.00 -393.17 -505.31 -231.37 -497.66 -315.68 -25.89 331.14 637.61 69.29 10.16 -606.19 -719.55 -328.01 -862.82 -355.65 -72.44 800.43 754.10 67.78 -6.68 -930.26 -925.09 -391.23 -1030.05 -633.62 -113.35 946.76 721.35 44.68 -42.08 -1068.43 -1121.83 -438.94 -1112.21 -789.42 -148.62 998.58 718.90 8.80 -70.44
0.00 0.00 0.00 0.00 0.00 0.00 0.00 0.00 0.00 0.00 -393.17 -505.31 -231.37 -497.66 -315.68 -25.89 331.14 637.61 69.29 10.16 -606.19 -719.55 -328.01 -862.82 -355.65 -72.44 800.43 754.10 67.78 -6.68 -930.26 -925.09 -391.23 -1030.05 -633.62 -113.35 946.76 721.35 44.68 -42.08 -1068.43 -1121.83 -438.94 -1112.21 -789.42 -148.62 998.58 718.90 8.80 -70.44
0.00 0.00 0.00 0.00 0.00 0.00 0.00 0.00 0.00 0.00 -393.17 -505.31 -231.37 -497.66 -315.68 -25.89 331.14 637.61 69.29 10.16 -606.19 -719.55 -328.01 -862.82 -355.65 -72.44 800.43 754.10 67.78 -6.68 -930.26 -925.09 -391.23 -1030.05 -633.62 -113.35 946.76 721.35 44.68 -42.08 -1068.43 -1121.83 -438.94 -1112.21 -789.42 -148.62 998.58 718.90 8.80 -70.44
0.00 0.00 0.00 0.00 0.00 0.00 0.00 0.00 0.00 0.00 -393.17 -505.31 -231.37 -497.66 -315.68 -25.89 331.14 637.61 69.29 10.16 -606.19 -719.55 -328.01 -862.82 -355.65 -72.44 800.43 754.10 67.78 -6.68 -930.26 -925.09 -391.23 -1030.05 -633.62 -113.35 946.76 721.35 44.68 -42.08 -1068.43 -1121.83 -438.94 -1112.21 -789.42 -148.62 998.58 718.90 8.80 -70.44
0.00 0.00 0.00 0.00 0.00 0.00 0.00 0.00 0.00 0.00 -393.17 -505.31 -231.37 -497.66 -315.68 -25.89 331.14 637.61 69.29 10.16 -606.19 -719.55 -328.01 -862.82 -355.65 -72.44 800.43 754.10 67.78 -6.68 -930.26 -925.09 -391.23 -1030.05 -633.62 -113.35 946.76 721.35 44.68 -42.08 -1068.43 -1121.83 -438.94 -1112.21 -789.42 -148.62 998.58 718.90 8.80 -70.44
0.00 0.00 0.00 0.00 0.00 0.00 0.00 0.00 0.00 0.00 -393.17 -505.31 -231.37 -497.66 -315.68 -25.89 331.14 637.61 69.29 10.16 -606.19 -719.55 -328.01 -862.82 -355.65 -72.44 800.43 754.10 67.78 -6.68 -930.26 -925.09 -391.23 -1030.05 -633.62 -113.35 946.76 721.35 44.68 -42.08 -1068.43 -1121.83 -438.94 -1112.21 -789.42 -148.62 998.58 718.90 8.80 -70.44
0.00 0.00 0.00 0.00 0.00 0.00 0.00 0.00 0.00 0.00 -393.17 -505.31 -231.37 -497.66 -315.68 -25.89 331.14 637.61 69.29 10.16 -606.19 -719.55 -328.01 -862.82 -355.65 -72.44 800.43 754.10 67.78 -6.68 -930.26 -925.09 -391.23 -1030.05 -633.62 -113.35 946.76 721.35 44.68 -42.08 -1068.43 -1121.83 -438.94 -1112.21 -789.42 -148.62 998.58 718.90 8.80 -70.44
0.00 0.00 0.00 0.00 0.00 0.00 0.00 0.00 0.00 0.00 -393.17 -505.31 -231.37 -497.66 -315.68 -25.89 331.14 637.61 69.29 10.16 -606.19 -719.55 -328.01 -862.82 -355.65 -72.44 800.43 754.10 67.78 -6.68 -930.26 -925.09 -391.23 -1030.05 -633.62 -113.35 946.76 721.35 44.68 -42.08 -1068.43 -1121.83 -438.94 -1112.21 -789.42 -148.62 998.58 718.90 8.80 -70.44
0.00 0.00 0.00 0.00 0.00 0.00 0.00 0.00 0.00 0.00 -393.17 -505.31 -231.37 -497.66 -315.68 -25.89 331.14 637.61 69.29 10.16 -606.19 -719.55 -328.01 -862.82 -355.65 -72.44 800.43 754.10 67.78 -6.68 -930.26 -925.09 -391.23 -1030.05 -633.62 -113.35 946.76 721.35 44.68 -42.08 -1068.43 -1121.83 -438.94 -1112.21 -789.42 -148.62 998.58 718.90 8.80 -70.44
0.00 0.00 0.00 0.00 0.00 0.00 0.00 0.00 0.00 0.00 -393.17 -505.31 -231.37 -497.66 -315.68 -25.89 331.14 637.61 69.29 10.16 -606.19 -719.55 -328.01 -862.82 -355.65 -72.44 800.43 754.10 67.78 -6.68 -930.26 -925.09 -391.23 -1030.05 -633.62 -113.35 946.76 721.35 44.68 -42.08 -1068.43 -1121.83 -438.94 -1112.21 -789.42 -148.62 998.58 718.90 8.80 -70.44
0.00 0.00 0.00 0.00 0.00 0.00 0.00 0.00 0.00 0.00 -393.17 -505.31 -231.37 -497.66 -315.68 -25.89 331.14 637.61 69.29 10.16 -606.19 -719.55 -328.01 -862.82 -355.65 -72.44 800.43 754.10 67.78 -6.68 -930.26 -925.09 -391.23 -1030.05 -633.62 -113.35 946.76 721.35 44.68 -42.08 -1068.43 -1121.83 -438.94 -1112.21 -789.42 -148.62 998.58 718.90 8.80 -70.44
0.00 0.00 0.00 0.00 0.00 0.00 0.00 0.00 0.00 0.00 -393.17 -505.31 -231.37 -497.66 -315.68 -25.89 331.14 637.61 69.29 10.16 -606.19 -719.55 -328.01 -862.82 -355.65 -72.44 800.43 754.10 67.78 -6.68 -930.26 -925.09 -391.23 -1030.05 -633.62 -113.35 946.76 721.35 44.68 -42.08 -1068.43 -1121.83 -438.94 -1112.21 -789.42 -148.62 998.58 718.90 8.80 -70.44
0.00 0.00 0.00 0.00 0.00 0.00 0.00 0.00 0.00 0.00 -393.17 -505.31 -231.37 -497.66 -315.68 -25.89 331.14 637.61 69.29 10.16 -606.19 -719.55 -328.01 -862.82 -355.65 -72.44 800.43 754.10 67.78 -6.68 -930.26 -925.09 -391.23 -1030.05 -633.62 -113.35 946.76 721.35 44.68 -42.08 -1068.43 -1121.83 -438.94 -1112.21 -789.42 -148.62 998.58 718.90 8.80 -70.44
0.00 0.00 0.00 0.00 0.00 0.00 0.00 0.00 0.00 0.00 -393.17 -505.31 -231.37 -497.66 -315.68 -25.89 331.14 637.61 69.29 10.16 -606.19 -719.55 -328.01 -862.82 -355.65 -72.44 800.43 754.10 67.78 -6.68 -930.26 -925.09 -391.23 -1030.05 -633.62 -113.35 946.76 721.35 44.68 -42.08 -1068.43 -1121.83 -438.94 -1112.21 -789.42 -148.62 998.58 718.90 8.80 -70.44
0.00 0.00 0.00 0.00 0.00 0.00 0.00 0.00 0.00 0.00 -393.17 -505.31 -231.37 -497.66 -315.68 -25.89 331.14 637.61 69.29 10.16 -606.19 -719.55 -328.01 -862.82 -355.65 -72.44 800.43 754.10 67.78 -6.68 -930.26 -925.09 -391.23 -1030.05 -633.62 -113.35 946.76 721.35 44.68 -42.08 -1068.43 -1121.83 -438.94 -1112.21 -789.42 -148.62 998.58 718.90 8.80 -70.44
0.00 0.00 0.00 0.00 0.00 0.00 0.00 0.00 0.00 0.00 -393.17 -505.31 -231.37 -497.66 -315.68 -25.89 331.14 637.61 69.29 10.16 -606.19 -719.55 -328.01 -862.82 -355.65 -72.44 800.43 754.10 67.78 -6.68 -930.26 -925.09 -391.23 -1030.05 -633.62 -113.35 946.76 721.35 44.68 -42.08 -1068.43 -1121.83 -438.94 -1112.21 -789.42 -148.62 998.58 718.90 8.80 -70.44
0.00 0.00 0.00 0.00 0.00 0.00 0.00 0.00 0.00 0.00 -393.17 -505.31 -231.37 -497.66 -315.68 -25.89 331.14 637.61 69.29 10.16 -606.19 -719.55 -328.01 -862.82 -355.65 -72.44 800.43 754.10 67.78 -6.68 -930.26 -925.09 -391.23 -1030.05 -633.62 -113.35 946.76 721.35 44.68 -42.08 -1068.43 -1121.83 -438.94 -1112.21 -789.42 -148.62 998.58 718.90 8.80 -70.44
0.00 0.00 0.00 0.00 0.00 0.00 0.00 0.00 0.00 0.00 -393.17 -505.31 -231.37 -497.66 -315.68 -25.89 331.14 637.61 69.29 10.16 -606.19 -719.55 -328.01 -862.82 -355.65 -72.44 800.43 754.10 67.78 -6.68 -930.26 -925.09 -391.23 -1030.05 -633.62 -113.35 946.76 721.35 44.68 -42.08 -1068.43 -1121.83 -438.94 -1112.21 -789.42 -148.62 998.58 718.90 8.80 -70.44
0.00 0.00 0.00 0.00 0.00 0.00 0.00 0.00 0.00 0.00 -393.17 -505.31 -231.37 -497.66 -315.68 -25.89 331.14 637.61 69.29 10.16 -606.19 -719.55 -328.01 -862.82 -355.65 -72.44 800.43 754.10 67.78 -6.68 -930.26 -925.09 -391.23 -1030.05 -633.62 -113.35 946.76 721.35 44.68 -42.08 -1068.43 -1121.83 -438.94 -1112.21 -789.42 -148.62 998.58 718.90 8.80 -70.44
0.00 0.00 0.00 0.00 0.00 0.00 0.00 0.00 0.00 0.00 -393.17 -505.31 -231.37 -497.66 -315.68 -25.89 331.14 637.61 69.29 10.16 -606.19 -719.55 -328.01 -862.82 -355.65 -72.44 800.43 754.10 67.78 -6.68 -930.26 -925.09 -391.23 -1030.05 -633.62 -113.35 946.76 721.35 44.68 -42.08 -1068.43 -1121.83 -438.94 -1112.21 -789.42 -148.62 998.58 718.90 8.80 -70.44
0.00 0.00 0.00 0.00 0.00 0.00 0.00 0.00 0.00 0.00 -393.17 -505.31 -231.37 -497.66 -315.68 -25.89 331.14 637.61 69.29 10.16 -606.19 -719.55 -328.01 -862.82 -355.65 -72.44 800.43 754.10 67.78 -6.68 -930.26 -925.09 -391.23 -1030.05 -633.62 -113.35 946.76 721.35 44.68 -42.08 -1068.43 -1121.83 -438.94 -1112.21 -789.42 -148.62 998.58 718.90 8.80 -70.44
0.00 0.00 0.00 0.00 0.00 0.00 0.00 0.00 0.00 0.00 -393.17 -505.31 -231.37 -497.66 -315.68 -25.89 331.14 637.61 69.29 10.16 -606.19 -719.55 -328.01 -862.82 -355.65 -72.44 800.43 754.10 67.78 -6.68 -930.26 -925.09 -391.23 -1030.05 -633.62 -113.35 946.76 721.35 44.68 -42.08 -1068.43 -1121.83 -438.94 -1112.21 -789.42 -148.62 998.58 718.90 8.80 -70.44
0.00 0.00 0.00 0.00 0.00 0.00 0.00 0.00 0.00 0.00 -393.17 -505.31 -231.37 -497.66 -315.68 -25.89 331.14 637.61 69.29 10.16 -606.19 -719.55 -328.01 -862.82 -355.65 -72.44 800.43 754.10 67.78 -6.68 -930.26 -925.09 -391.23 -1030.05 -633.62 -113.35 946.76 721.35 44.68 -42.08 -1068.43 -1121.83 -438.94 -1112.21 -789.42 -148.62 998.58 718.90 8.80 -70.44
0.00 0.00 0.00 0.00 0.00 0.00 0.00 0.00 0.00 0.00 -393.17 -505.31 -231.37 -497.66 -315.68 -25.89 331.14 637.61 69.29 10.16 -606.19 -719.55 -328.01 -862.82 -355.65 -72.44 800.43 754.10 67.78 -6.68 -930.26 -925.09 -391.23 -1030.05 -633.62 -113.35 946.76 721.35 44.68 -42.08 -1068.43 -1121.83 -438.94 -1112.21 -789.42 -148.62 998.58 718.90 8.80 -70.44
0.00 0.00 0.00 0.00 0.00 0.00 0.00 0.00 0.00 0.00 -393.17 -505.31 -231.37 -497.66 -315.68 -25.89 331.14 637.61 69.29 10.16 -606.19 -719.55 -328.01 -862.82 -355.65 -72.44 800.43 754.10 67.78 -6.68 -930.26 -925.09 -391.23 -1030.05 -633.62 -113.35 946.76 721.35 44.68 -42.08 -1068.43 -1121.83 -438.94 -1112.21 -789.42 -148.62 998.58 718.90 8.80 -70.44
0.00 0.00 0.00 0.00 0.00 0.00 0.00 0.00 0.00 0.00 -393.17 -505.31 -231.37 -497.66 -315.68 -25.89 331.14 637.61 69.29 10.16 -606.19 -719.55 -328.01 -862.82 -355.65 -72.44 800.43 754.10 67.78 -6.68 -930.26 -925.09 -391.23 -1030.05 -633.62 -113.35 946.76 721.35 44.68 -42.08 -1068.43 -1121.83 -438.94 -1112.21 -789.42 -148.62 998.58 718.90 8.80 -70.44
0.00 0.00 0.00 0.00 0.00 0.00 0.00 0.00 0.00 0.00 -393.17 -505.31 -231.37 -497.66 -315.68 -25.89 331.14 637.61 69.29 10.16 -606.19 -719.55 -328.01 -862.82 -355.65 -72.44 800.43 754.10 67.78 -6.68 -930.26 -925.09 -391.23 -1030.05 -633.62 -113.35 946.76 721.35 44.68 -42.08 -1068.43 -1121.83 -438.94 -1112.21 -789.42 -148.62 998.58 718.90 8.80 -70.44
0.00 0.00 0.00 0.00 0.00 0.00 0.00 0.00 0.00 0.00 -393.17 -505.31 -231.37 -497.66 -315.68 -25.89 331.14 637.61 69.29 10.16 -606.19 -719.55 -328.01 -862.82 -355.65 -72.44 800.43 754.10 67.78 -6.68 -930.26 -925.09 -391.23 -1030.05 -633.62 -113.35 946.76 721.35 44.68 -42.08 -1068.43 -1121.83 -438.94 -1112.21 -789.42 -148.62 998.58 718.90 8.80 -70.44
0.00 0.00 0.00 0.00 0.00 0.00 0.00 0.00 0.00 0.00 -393.17 -505.31 -231.37 -497.66 -315.68 -25.89 331.14 637.61 69.29 10.16 -606.19 -719.55 -328.01 -862.82 -355.65 -72.44 800.43 754.10 67.78 -6.68 -930.26 -925.09 -391.23 -1030.05 -633.62 -113.35 946.76 721.35 44.68 -42.08 -1068.43 -1121.83 -438.94 -1112.21 -789.42 -148.62 998.58 718.90 8.80 -70.44
0.00 0.00 0.00 0.00 0.00 0.00 0.00 0.00 0.00 0.00 -393.17 -505.31 -231.37 -497.66 -315.68 -25.89 331.14 637.61 69.29 10.16 -606.19 -719.55 -328.01 -862.82 -355.65 -72.44 800.43 754.10 67.78 -6.68 -930.26 -925.09 -391.23 -1030.05 -633.62 -113.35 946.76 721.35 44.68 -42.08 -1068.43 -1121.83 -438.94 -1112.21 -789.42 -148.62 998.58 718.90 8.80 -70.44
