1.32217149 0.00000512 1.90808099 1.37722127 0.64170696 0.33787555
1.32217149 0.00000512 1.90808099 1.37722127 0.64170696 0.33787555
1.33410560 0.00000559 1.79035171 1.40355788 0.65435819 0.30398338
1.33410560 0.00000559 1.79035171 1.40355788 0.65435819 0.30398338
1.33410560 0.00000559 1.79035171 1.40355788 0.65435819 0.30398338
1.33410560 0.00000559 1.79035171 1.40355788 0.65435819 0.30398338
1.33410560 0.00000559 1.79035171 1.40355788 0.65435819 0.30398338
1.33410560 0.00000559 1.79035171 1.40355788 0.65435819 0.30398338
1.33410560 0.00000559 1.79035171 1.40355788 0.65435819 0.30398338
1.33410560 0.00000559 1.79035171 1.40355788 0.65435819 0.30398338
1.33410560 0.00000559 1.79035171 1.40355788 0.65435819 0.30398338
1.33410560 0.00000559 1.79035171 1.40355788 0.65435819 0.30398338
1.33410560 0.00000559 1.79035171 1.40355788 0.65435819 0.30398338
1.33410560 0.00000559 1.79035171 1.40355788 0.65435819 0.30398338
1.33410560 0.00000559 1.79035171 1.40355788 0.65435819 0.30398338
1.33410560 0.00000559 1.79035171 1.40355788 0.65435819 0.30398338
1.33410560 0.00000559 1.79035171 1.40355788 0.65435819 0.30398338
1.33410560 0.00000559 1.79035171 1.40355788 0.65435819 0.30398338
1.33410560 0.00000559 1.79035171 1.40355788 0.65435819 0.30398338
1.33410560 0.00000559 1.79035171 1.40355788 0.65435819 0.30398338
1.33410560 0.00000559 1.79035171 1.40355788 0.65435819 0.30398338
1.33410560 0.00000559 1.79035171 1.40355788 0.65435819 0.30398338
1.33410560 0.00000559 1.79035171 1.40355788 0.65435819 0.30398338
1.33410560 0.00000559 1.79035171 1.40355788 0.65435819 0.30398338
1.33410560 0.00000559 1.79035171 1.40355788 0.65435819 0.30398338
1.33410560 0.00000559 1.79035171 1.40355788 0.65435819 0.30398338
1.33410560 0.00000559 1.79035171 1.40355788 0.65435819 0.30398338
1.33410560 0.00000559 1.79035171 1.40355788 0.65435819 0.30398338
1.33410560 0.00000559 1.79035171 1.40355788 0.65435819 0.30398338
1.33410560 0.00000559 1.79035171 1.40355788 0.65435819 0.30398338
1.33410560 0.00000559 1.79035171 1.40355788 0.65435819 0.30398338
1.33410560 0.00000559 1.79035171 1.40355788 0.65435819 0.30398338
1.33410560 0.00000559 1.79035171 1.40355788 0.65435819 0.30398338
1.33410560 0.00000559 1.79035171 1.40355788 0.65435819 0.30398338
1.33410560 0.00000559 1.79035171 1.40355788 0.65435819 0.30398338
1.33410560 0.00000559 1.79035171 1.40355788 0.65435819 0.30398338
1.33410560 0.00000559 1.79035171 1.40355788 0.65435819 0.30398338
1.33410560 0.00000559 1.79035171 1.40355788 0.65435819 0.30398338
1.33410560 0.00000559 1.79035171 1.40355788 0.65435819 0.30398338
1.33410560 0.00000559 1.79035171 1.40355788 0.65435819 0.30398338
1.33410560 0.00000559 1.79035171 1.40355788 0.65435819 0.30398338
1.33410560 0.00000559 1.79035171 1.40355788 0.65435819 0.30398338
1.33410560 0.00000559 1.79035171 1.40355788 0.65435819 0.30398338
