1.45269933 0.00000584 1.90808099 1.46269789 0.65743141 0.34812452
1.45269933 0.00000584 1.90808099 1.46269789 0.65743141 0.34812452
1.45269933 0.00000584 1.90808099 1.46269789 0.65743141 0.34812452
1.45269933 0.00000584 1.90808099 1.46269789 0.65743141 0.34812452
1.45269933 0.00000584 1.90808099 1.46269789 0.65743141 0.34812452
1.45269933 0.00000584 1.90808099 1.46269789 0.65743141 0.34812452
1.45269933 0.00000584 1.90808099 1.46269789 0.65743141 0.34812452
1.45269933 0.00000584 1.90808099 1.46269789 0.65743141 0.34812452
1.45269933 0.00000584 1.90808099 1.46269789 0.65743141 0.34812452
1.45269933 0.00000584 1.90808099 1.46269789 0.65743141 0.34812452
1.45269933 0.00000584 1.90808099 1.46269789 0.65743141 0.34812452
1.45269933 0.00000584 1.90808099 1.46269789 0.65743141 0.34812452
1.45269933 0.00000584 1.90808099 1.46269789 0.65743141 0.34812452
1.45269933 0.00000584 1.90808099 1.46269789 0.65743141 0.34812452
1.45269933 0.00000584 1.90808099 1.46269789 0.65743141 0.34812452
1.45269933 0.00000584 1.90808099 1.46269789 0.65743141 0.34812452
1.45269933 0.00000584 1.90808099 1.46269789 0.65743141 0.34812452
1.45269933 0.00000584 1.90808099 1.46269789 0.65743141 0.34812452
1.45269933 0.00000584 1.90808099 1.46269789 0.65743141 0.34812452
1.45269933 0.00000584 1.90808099 1.46269789 0.65743141 0.34812452
1.45269933 0.00000584 1.90808099 1.46269789 0.65743141 0.34812452
1.45269933 0.00000584 1.90808099 1.46269789 0.65743141 0.34812452
1.45269933 0.00000584 1.90808099 1.46269789 0.65743141 0.34812452
1.45269933 0.00000584 1.90808099 1.46269789 0.65743141 0.34812452
1.45269933 0.00000584 1.90808099 1.46269789 0.65743141 0.34812452
1.45269933 0.00000584 1.90808099 1.46269789 0.65743141 0.34812452
1.45269933 0.00000584 1.90808099 1.46269789 0.65743141 0.34812452
1.45269933 0.00000584 1.90808099 1.46269789 0.65743141 0.34812452
1.45269933 0.00000584 1.90808099 1.46269789 0.65743141 0.34812452
1.45269933 0.00000584 1.90808099 1.46269789 0.65743141 0.34812452
1.45269933 0.00000584 1.90808099 1.46269789 0.65743141 0.34812452
1.45269933 0.00000584 1.90808099 1.46269789 0.65743141 0.34812452
1.45269933 0.00000584 1.90808099 1.46269789 0.65743141 0.34812452
1.45269933 0.00000584 1.90808099 1.46269789 0.65743141 0.34812452
1.45269933 0.00000584 1.90808099 1.46269789 0.65743141 0.34812452
1.45269933 0.00000584 1.90808099 1.46269789 0.65743141 0.34812452
1.45269933 0.00000584 1.90808099 1.46269789 0.65743141 0.34812452
1.45269933 0.00000584 1.90808099 1.46269789 0.65743141 0.34812452
1.45269933 0.00000584 1.90808099 1.46269789 0.65743141 0.34812452
1.45269933 0.00000584 1.90808099 1.46269789 0.65743141 0.34812452
1.45269933 0.00000584 1.90808099 1.46269789 0.65743141 0.34812452
1.45269933 0.00000584 1.90808099 1.46269789 0.65743141 0.34812452
1.45269933 0.00000584 1.90808099 1.46269789 0.65743141 0.34812452
