0.00000000 0.00000000 0.00000000 0.00000000 0.00000000 0.00000000
1.60573574 0.00000545 1.91161882 1.54948963 0.60043637 0.36021639
1.62099865 0.00000566 1.93861522 1.56907494 0.60408515 0.34816558
1.62099865 0.00000566 1.93861522 1.56907494 0.60408515 0.34816558
1.62099865 0.00000566 1.93861522 1.56907494 0.60408515 0.34816558
1.62099865 0.00000566 1.93861522 1.56907494 0.60408515 0.34816558
1.62099865 0.00000566 1.93861522 1.56907494 0.60408515 0.34816558
1.62099865 0.00000566 1.93861522 1.56907494 0.60408515 0.34816558
1.62099865 0.00000566 1.93861522 1.56907494 0.60408515 0.34816558
1.62099865 0.00000566 1.93861522 1.56907494 0.60408515 0.34816558
1.62099865 0.00000566 1.93861522 1.56907494 0.60408515 0.34816558
1.62099865 0.00000566 1.93861522 1.56907494 0.60408515 0.34816558
1.62099865 0.00000566 1.93861522 1.56907494 0.60408515 0.34816558
1.62099865 0.00000566 1.93861522 1.56907494 0.60408515 0.34816558
1.65356772 0.00000593 1.85072080 1.44593407 0.62621749 0.34495787
1.65356772 0.00000593 1.85072080 1.44593407 0.62621749 0.34495787
1.65356772 0.00000593 1.85072080 1.55797073 0.63466020 0.34495787
1.65356772 0.00000593 1.85072080 1.55797073 0.63466020 0.34495787
1.65356772 0.00000593 1.85072080 1.55797073 0.63466020 0.34495787
1.65356772 0.00000593 1.85072080 1.55797073 0.63466020 0.34495787
1.65356772 0.00000593 1.85072080 1.55797073 0.63466020 0.34495787
1.65356772 0.00000593 1.85072080 1.55797073 0.63466020 0.34495787
1.65356772 0.00000593 1.85072080 1.55797073 0.63466020 0.34495787
1.65356772 0.00000593 1.85072080 1.55797073 0.63466020 0.34495787
1.65356772 0.00000593 1.85072080 1.55797073 0.63466020 0.34495787
1.65356772 0.00000593 1.85072080 1.55797073 0.63466020 0.34495787
1.65356772 0.00000593 1.85072080 1.55797073 0.63466020 0.34495787
1.42013515 0.00000593 1.04951147 0.94091870 0.60249770 0.38075099
1.42013515 0.00000593 1.04951147 0.94091870 0.60249770 0.38075099
1.42013515 0.00000593 1.04951147 0.94091870 0.60249770 0.38075099
1.42013515 0.00000593 1.04951147 0.94091870 0.60249770 0.38075099
1.42013515 0.00000593 1.04951147 0.94091870 0.60249770 0.38075099
1.42013515 0.00000593 1.04951147 0.94091870 0.60249770 0.38075099
1.42013515 0.00000593 1.04951147 0.94091870 0.60249770 0.38075099
1.42013515 0.00000593 1.04951147 0.94091870 0.60249770 0.38075099
1.42013515 0.00000593 1.04951147 0.94091870 0.60249770 0.38075099
1.42013515 0.00000593 1.04951147 0.94091870 0.60249770 0.38075099
1.42013515 0.00000593 1.04951147 0.94091870 0.60249770 0.38075099
1.42013515 0.00000593 1.04951147 0.94091870 0.60249770 0.38075099
1.42013515 0.00000593 1.04951147 0.94091870 0.60249770 0.38075099
1.42013515 0.00000593 1.04951147 0.94091870 0.60249770 0.38075099
0.64155511 0.00000593 0.29997943 0.78052958 0.60249770 0.38075099
0.64155511 0.00000593 0.29997943 0.78052958 0.60249770 0.38075099
