0.00000000 0.00000000 0.00000000 0.00000000 0.00000000 0.00000000
1.47728024 0.00000585 1.98937164 1.23780005 0.62991419 0.31722333
1.36978761 0.00000548 1.94232509 1.10413346 0.64562512 0.34551619
1.36978761 0.00000548 1.94232509 1.10413346 0.64562512 0.34551619
1.36978761 0.00000548 1.94232509 1.10413346 0.64562512 0.34551619
1.36978761 0.00000548 1.94232509 1.10413346 0.64562512 0.34551619
1.36978761 0.00000548 1.94232509 1.10413346 0.64562512 0.34551619
1.22904061 0.00000577 1.99286624 1.30428546 0.66529811 0.37365453
1.22904061 0.00000577 1.99286624 1.30428546 0.66529811 0.37365453
1.22904061 0.00000577 1.99286624 1.30428546 0.66529811 0.37365453
1.22904061 0.00000577 1.99286624 1.30428546 0.66529811 0.37365453
1.29422881 0.00000553 1.99770024 1.29829356 0.66374424 0.33889365
1.29422881 0.00000553 1.99770024 1.29829356 0.66374424 0.33889365
1.29422881 0.00000553 1.99770024 1.29829356 0.66374424 0.33889365
1.29422881 0.00000553 1.99770024 1.29829356 0.66374424 0.33889365
1.29422881 0.00000553 1.99770024 1.29829356 0.66374424 0.33889365
1.29422881 0.00000553 1.99770024 1.29829356 0.66374424 0.33889365
1.29422881 0.00000553 1.99770024 1.29829356 0.66374424 0.33889365
1.29422881 0.00000553 1.99770024 1.29829356 0.66374424 0.33889365
1.29422881 0.00000553 1.99770024 1.29829356 0.66374424 0.33889365
1.29422881 0.00000553 1.99770024 1.29829356 0.66374424 0.33889365
1.29422881 0.00000553 1.99770024 1.29829356 0.66374424 0.33889365
1.29422881 0.00000553 1.99770024 1.29829356 0.66374424 0.33889365
1.29422881 0.00000553 1.99770024 1.29829356 0.66374424 0.33889365
1.29422881 0.00000553 1.99770024 1.29829356 0.66374424 0.33889365
1.29422881 0.00000553 1.99770024 1.29829356 0.66374424 0.33889365
1.29422881 0.00000553 1.99770024 1.29829356 0.66374424 0.33889365
1.29422881 0.00000553 1.99770024 1.29829356 0.66374424 0.33889365
1.29422881 0.00000553 1.99770024 1.29829356 0.66374424 0.33889365
1.29422881 0.00000553 1.99770024 1.29829356 0.66374424 0.33889365
1.29422881 0.00000553 1.99770024 1.29829356 0.66374424 0.33889365
1.29422881 0.00000553 1.99770024 1.29829356 0.66374424 0.33889365
1.29422881 0.00000553 1.99770024 1.29829356 0.66374424 0.33889365
1.29422881 0.00000553 1.99770024 1.29829356 0.66374424 0.33889365
1.29422881 0.00000553 1.99770024 1.29829356 0.66374424 0.33889365
1.29422881 0.00000553 1.99770024 1.29829356 0.66374424 0.33889365
1.29422881 0.00000553 1.99770024 1.29829356 0.66374424 0.33889365
1.29422881 0.00000553 1.99770024 1.29829356 0.66374424 0.33889365
1.21321364 0.00000553 1.80609028 0.75875400 0.60124968 0.33889365
1.21321364 0.00000553 1.80609028 0.75875400 0.60124968 0.33889365
1.21321364 0.00000553 1.80609028 0.75875400 0.60124968 0.33889365
1.21321364 0.00000553 1.80609028 0.75875400 0.60124968 0.33889365
1.21321364 0.00000553 1.80609028 0.75875400 0.60124968 0.33889365
