0.00000000 0.00000000 0.00000000 0.00000000 0.00000000 0.00000000
0.00000000 0.00000000 0.00000000 0.00000000 0.00000000 0.00000000
0.00000000 0.00000000 0.00000000 0.00000000 0.00000000 0.00000000
0.00000000 0.00000000 0.00000000 0.00000000 0.00000000 0.00000000
0.00000000 0.00000000 0.00000000 0.00000000 0.00000000 0.00000000
0.00000000 0.00000000 0.00000000 0.00000000 0.00000000 0.00000000
0.00000000 0.00000000 0.00000000 0.00000000 0.00000000 0.00000000
1.41728027 0.00000566 1.95256783 1.49417461 0.64408098 0.34643668
1.41728027 0.00000566 1.95256783 1.49417461 0.64408098 0.34643668
1.41728027 0.00000566 1.95256783 1.49417461 0.64408098 0.34643668
1.41728027 0.00000566 1.95256783 1.49417461 0.64408098 0.34643668
1.51333005 0.00000550 1.95256783 1.56987228 0.63902085 0.36952851
1.51231817 0.00000570 1.95256783 1.64310630 0.63924847 0.35738020
1.51231817 0.00000570 1.95256783 1.64310630 0.63924847 0.35738020
1.51231817 0.00000570 1.95256783 1.64310630 0.63924847 0.35738020
1.51231817 0.00000570 1.95256783 1.64310630 0.63924847 0.35738020
1.51231817 0.00000570 1.95256783 1.64310630 0.63924847 0.35738020
1.51231817 0.00000570 1.95256783 1.64310630 0.63924847 0.35738020
1.51231817 0.00000570 1.95256783 1.64310630 0.63924847 0.35738020
1.51231817 0.00000570 1.95256783 1.64310630 0.63924847 0.35738020
1.51231817 0.00000570 1.95256783 1.64310630 0.63924847 0.35738020
1.51231817 0.00000570 1.95256783 1.64310630 0.63924847 0.35738020
1.51231817 0.00000570 1.95256783 1.64310630 0.63924847 0.35738020
1.51231817 0.00000570 1.95256783 1.64310630 0.63924847 0.35738020
1.51231817 0.00000570 1.95256783 1.64310630 0.63924847 0.35738020
1.51231817 0.00000570 1.95256783 1.64310630 0.63924847 0.35738020
1.51231817 0.00000570 1.95256783 1.64310630 0.63924847 0.35738020
1.51231817 0.00000570 1.95256783 1.64310630 0.63924847 0.35738020
1.51231817 0.00000570 1.95256783 1.64310630 0.63924847 0.35738020
1.51231817 0.00000570 1.95256783 1.64310630 0.63924847 0.35738020
1.51231817 0.00000570 1.95256783 1.64310630 0.63924847 0.35738020
1.51231817 0.00000570 1.95256783 1.64310630 0.63924847 0.35738020
1.51231817 0.00000570 1.95256783 1.64310630 0.63924847 0.35738020
1.51231817 0.00000570 1.95256783 1.64310630 0.63924847 0.35738020
1.51231817 0.00000570 1.95256783 1.64310630 0.63924847 0.35738020
1.51231817 0.00000570 1.95256783 1.64310630 0.63924847 0.35738020
1.51231817 0.00000570 1.95256783 0.88458850 0.63924847 0.35738020
1.51231817 0.00000570 1.95256783 0.88458850 0.63924847 0.35738020
1.51231817 0.00000570 1.95256783 0.88458850 0.63924847 0.35738020
1.51231817 0.00000570 1.95256783 0.88458850 0.63924847 0.35738020
1.51231817 0.00000570 1.95256783 0.88458850 0.63924847 0.35738020
1.51231817 0.00000570 1.95256783 0.88458850 0.63924847 0.35738020
1.51231817 0.00000570 1.95256783 0.88458850 0.63924847 0.35738020
0.87862071 0.00000570 0.80188761 0.88458850 0.63924847 0.35738020
