1.33256925 0.00000538 1.99093391 1.24746337 0.67002201 0.34784203
1.69807063 0.00000540 1.99093391 1.19769942 0.66872698 0.34747797
1.69807063 0.00000540 1.99093391 1.19769942 0.66872698 0.34747797
1.69807063 0.00000540 1.99093391 1.19769942 0.66872698 0.34747797
1.69807063 0.00000540 1.99093391 1.19769942 0.66872698 0.34747797
1.69807063 0.00000540 1.99093391 1.19769942 0.66872698 0.34747797
1.73947410 0.00000544 1.95485961 1.30011694 0.68215541 0.32259490
1.73947410 0.00000544 1.95485961 1.30011694 0.68215541 0.32259490
1.73947410 0.00000544 1.95485961 1.30011694 0.68215541 0.32259490
1.73947410 0.00000544 1.95485961 1.30011694 0.68215541 0.32259490
1.73947410 0.00000544 1.95485961 1.30011694 0.68215541 0.32259490
1.73947410 0.00000544 1.95485961 1.30011694 0.68215541 0.32259490
1.73947410 0.00000544 1.95485961 1.30011694 0.68215541 0.32259490
1.64423822 0.00000553 1.99386327 1.26788692 0.67423713 0.30193718
1.64423822 0.00000553 1.99386327 1.26788692 0.67423713 0.30193718
1.64423822 0.00000553 1.99386327 1.26788692 0.67423713 0.30193718
1.64423822 0.00000553 1.99386327 1.26788692 0.67423713 0.30193718
1.64423822 0.00000553 1.99386327 1.26788692 0.67423713 0.30193718
1.64423822 0.00000553 1.99386327 1.26788692 0.67423713 0.30193718
1.64423822 0.00000553 1.99386327 1.26788692 0.67423713 0.30193718
1.64423822 0.00000553 1.99386327 1.26788692 0.67423713 0.30193718
1.64423822 0.00000553 1.99386327 1.26788692 0.67423713 0.30193718
1.64423822 0.00000553 1.99386327 1.26788692 0.67423713 0.30193718
1.64423822 0.00000553 1.99386327 1.26788692 0.67423713 0.30193718
1.64423822 0.00000553 1.99386327 1.26788692 0.67423713 0.30193718
1.64423822 0.00000553 1.99386327 1.26788692 0.67423713 0.30193718
1.64423822 0.00000553 1.99386327 1.26788692 0.67423713 0.30193718
1.64423822 0.00000553 1.99386327 1.26788692 0.67423713 0.30193718
1.64423822 0.00000553 1.99386327 1.26788692 0.67423713 0.30193718
1.64423822 0.00000553 1.99386327 1.26788692 0.67423713 0.30193718
1.64423822 0.00000553 1.99386327 1.26788692 0.67423713 0.30193718
1.64423822 0.00000553 1.99386327 1.26788692 0.67423713 0.30193718
1.64423822 0.00000553 1.99386327 1.26788692 0.67423713 0.30193718
1.64423822 0.00000553 1.99386327 1.26788692 0.67423713 0.30193718
1.64423822 0.00000553 1.99386327 1.26788692 0.67423713 0.30193718
1.64423822 0.00000553 1.99386327 1.26788692 0.67423713 0.30193718
1.64423822 0.00000553 1.99386327 1.26788692 0.67423713 0.30193718
1.64423822 0.00000553 1.99386327 1.26788692 0.67423713 0.30193718
1.64423822 0.00000553 1.99386327 1.26788692 0.67423713 0.30193718
1.64423822 0.00000553 1.99386327 1.26788692 0.67423713 0.30193718
1.64423822 0.00000553 1.99386327 1.26788692 0.67423713 0.30193718
1.64423822 0.00000553 1.99386327 1.26788692 0.67423713 0.30193718
1.64423822 0.00000553 1.99386327 1.26788692 0.67423713 0.30193718
