1.53058462 0.00000572 1.98633206 1.49045953 0.63904956 0.33631813
1.52204566 0.00000581 1.98355441 1.75726969 0.62177497 0.31693548
1.50231747 0.00000586 1.97928444 1.53836390 0.61507272 0.31693548
1.50231747 0.00000586 1.97928444 1.53836390 0.61507272 0.31693548
1.50231747 0.00000586 1.97928444 1.53836390 0.61507272 0.31693548
1.50231747 0.00000586 1.97928444 1.53836390 0.61507272 0.31693548
1.50231747 0.00000586 1.97928444 1.53836390 0.61507272 0.31693548
1.50231747 0.00000586 1.97928444 1.53836390 0.61507272 0.31693548
1.50231747 0.00000586 1.97928444 1.53836390 0.61507272 0.31693548
1.50231747 0.00000586 1.97928444 1.53836390 0.61507272 0.31693548
1.50231747 0.00000586 1.97928444 1.53836390 0.61507272 0.31693548
1.50231747 0.00000586 1.97928444 1.53836390 0.61507272 0.31693548
1.50231747 0.00000586 1.97928444 1.53836390 0.61507272 0.31693548
1.50231747 0.00000586 1.97928444 1.53836390 0.61507272 0.31693548
1.50231747 0.00000586 1.97928444 1.53836390 0.61507272 0.31693548
1.50231747 0.00000586 1.97928444 1.53836390 0.61507272 0.31693548
1.50231747 0.00000586 1.97928444 1.53836390 0.61507272 0.31693548
1.50231747 0.00000586 1.97928444 1.53836390 0.61507272 0.31693548
1.50231747 0.00000586 1.97928444 1.53836390 0.61507272 0.31693548
1.50231747 0.00000586 1.97928444 1.53836390 0.61507272 0.31693548
1.50231747 0.00000586 1.97928444 1.53836390 0.61507272 0.31693548
1.50231747 0.00000586 1.97928444 1.53836390 0.61507272 0.31693548
1.50231747 0.00000586 1.97928444 1.53836390 0.61507272 0.31693548
1.50231747 0.00000586 1.97928444 1.53836390 0.61507272 0.31693548
1.50231747 0.00000586 1.97928444 1.53836390 0.61507272 0.31693548
1.50231747 0.00000586 1.97928444 1.53836390 0.61507272 0.31693548
1.50231747 0.00000586 1.97928444 1.53836390 0.61507272 0.31693548
1.50231747 0.00000586 1.97928444 1.53836390 0.61507272 0.31693548
1.50231747 0.00000586 1.97928444 1.53836390 0.61507272 0.31693548
1.50231747 0.00000586 1.97928444 1.53836390 0.61507272 0.31693548
1.50231747 0.00000586 1.97928444 1.53836390 0.61507272 0.31693548
1.50231747 0.00000586 1.97928444 1.53836390 0.61507272 0.31693548
1.50231747 0.00000586 1.97928444 1.53836390 0.61507272 0.31693548
1.50231747 0.00000586 1.97928444 1.53836390 0.61507272 0.31693548
1.50231747 0.00000586 1.97928444 1.53836390 0.61507272 0.31693548
1.50231747 0.00000586 1.97928444 1.53836390 0.61507272 0.31693548
1.50231747 0.00000586 1.97928444 1.53836390 0.61507272 0.31693548
1.50231747 0.00000586 1.97928444 1.53836390 0.61507272 0.31693548
1.50231747 0.00000586 1.97928444 1.53836390 0.61507272 0.31693548
1.50231747 0.00000586 1.97928444 1.53836390 0.61507272 0.31693548
1.50231747 0.00000586 1.97928444 1.53836390 0.61507272 0.31693548
1.50231747 0.00000586 1.97928444 1.53836390 0.61507272 0.31693548
1.50231747 0.00000586 1.97928444 1.53836390 0.61507272 0.31693548
