0.00000000 0.00000000 0.00000000 0.00000000 0.00000000 0.00000000
1.55630604 0.00000533 1.82648412 1.47631937 0.63722657 0.33763378
1.55630604 0.00000533 1.82648412 1.47631937 0.63722657 0.33763378
1.67501647 0.00000517 1.82529273 1.45826213 0.66688764 0.34925026
1.67501647 0.00000517 1.82529273 1.45826213 0.66688764 0.34925026
1.67501647 0.00000517 1.82529273 1.45826213 0.66688764 0.34925026
1.67501647 0.00000517 1.82529273 1.45826213 0.66688764 0.34925026
1.80400149 0.00000540 1.68350378 1.38471924 0.65145596 0.36320414
1.80400149 0.00000540 1.68350378 1.38471924 0.65145596 0.36320414
1.80400149 0.00000540 1.68350378 1.38471924 0.65145596 0.36320414
1.80400149 0.00000540 1.68350378 1.38471924 0.65145596 0.36320414
1.80400149 0.00000540 1.68350378 1.38471924 0.65145596 0.36320414
1.78857667 0.00000538 1.80421239 1.23613508 0.63514529 0.35956415
1.78857667 0.00000538 1.80421239 1.23613508 0.63514529 0.35956415
1.78857667 0.00000538 1.80421239 1.23613508 0.63514529 0.35956415
1.78857667 0.00000538 1.80421239 1.23613508 0.63514529 0.35956415
1.78857667 0.00000538 1.80421239 1.23613508 0.63514529 0.35956415
1.78857667 0.00000538 1.80421239 1.23613508 0.63514529 0.35956415
1.78857667 0.00000538 1.80421239 1.23613508 0.63514529 0.35956415
1.78857667 0.00000538 1.80421239 1.23613508 0.63514529 0.51666987
1.78857667 0.00000538 1.80421239 1.23613508 0.63514529 0.51666987
1.78857667 0.00000538 1.80421239 1.23613508 0.63514529 0.51666987
1.78857667 0.00000538 1.80421239 1.23613508 0.63514529 0.51666987
1.78857667 0.00000538 1.80421239 1.23613508 0.63514529 0.51666987
1.78857667 0.00000538 1.80421239 1.23613508 0.63514529 0.51666987
1.78857667 0.00000538 1.80421239 1.23613508 0.63514529 0.51666987
1.78857667 0.00000538 1.80421239 1.23613508 0.63514529 0.51666987
1.78857667 0.00000538 1.80421239 1.23613508 0.63514529 0.51666987
1.78857667 0.00000538 1.80421239 1.23613508 0.63514529 0.51666987
1.78857667 0.00000538 1.80421239 1.23613508 0.63514529 0.51666987
1.78857667 0.00000538 1.80421239 1.23613508 0.63514529 0.51666987
1.78857667 0.00000538 1.80421239 1.23613508 0.63514529 0.51666987
1.78857667 0.00000538 1.80421239 1.23613508 0.63514529 0.51666987
1.78857667 0.00000538 1.80421239 1.23613508 0.63514529 0.51666987
1.78857667 0.00000538 1.80421239 1.23613508 0.63514529 0.51666987
1.78857667 0.00000538 1.80421239 1.23613508 0.63514529 0.51666987
1.78857667 0.00000538 1.80421239 1.23613508 0.63514529 0.51666987
1.78857667 0.00000538 1.80421239 1.23613508 0.63514529 0.51666987
1.78857667 0.00000538 1.80421239 1.23613508 0.63514529 0.51666987
0.74898106 0.00000538 1.86008885 1.23613508 0.63514529 0.30624595
0.74898106 0.00000538 1.86008885 1.23613508 0.63514529 0.30624595
0.74898106 0.00000538 1.86008885 1.23613508 0.63514529 0.30624595
